0,0,0,125,13.6486
0.025,0,0,125,13.6443
0.05,0,0,125,13.6355
0.075,0,0,125,13.6219
0.1,0,0,125,13.6027
0.125,0,0,125,13.5774
0.15,0,0,125,13.5452
0.175,0,0,125,13.5061
0.2,0,0,125,13.46
0.225,0,0,125,13.4072
0.25,0,0,125,13.3482
0.275,0,0,125,13.2832
0.3,0,0,125,13.2128
0.325,0,0,125,13.1373
0.35,0,0,125,13.057
0.375,0,0,125,12.9724
0.4,0,0,125,12.8839
0.425,0,0,125,12.7916
0.45,0,0,125,12.6961
0.475,0,0,125,12.5976
0.5,0,0,125,12.4965
0.525,0,0,125,12.3929
0.55,0,0,125,12.2873
0.575,0,0,125,12.1798
0.6,0,0,125,12.0708
0.625,0,0,125,11.9605
0.65,0,0,125,11.849
0.675,0,0,125,11.7367
0.7,0,0,125,11.6237
0.725,0,0,125,11.5102
0.75,0,0,125,11.3965
0.775,0,0,125,11.2825
0.8,0,0,125,11.1686
0.825,0,0,125,11.0548
0.85,0,0,125,10.9414
0.875,0,0,125,10.8283
0.9,0,0,125,10.7157
0.925,0,0,125,10.6037
0.95,0,0,125,10.4925
0.975,0,0,125,10.382
1,0,0,125,10.2724
1.025,0,0,125,10.1637
1.05,0,0,125,10.056
1.075,0,0,125,9.94929
1.1,0,0,125,9.8437
1.125,0,0,125,9.73922
1.15,0,0,125,9.6359
1.175,0,0,125,9.53376
1.2,0,0,125,9.43283
1.225,0,0,125,9.33313
1.25,0,0,125,9.23468
1.275,0,0,125,9.13749
1.3,0,0,125,9.04157
1.325,0,0,125,8.94694
1.35,0,0,125,8.85359
1.375,0,0,125,8.76153
1.4,0,0,125,8.67077
1.425,0,0,125,8.58131
1.45,0,0,125,8.49315
1.475,0,0,125,8.40629
1.5,0,0,125,8.32074
1.525,0,0,125,8.23649
1.55,0,0,125,8.15354
1.575,0,0,125,8.07191
1.6,0,0,125,7.99158
1.625,0,0,125,7.91257
1.65,0,0,125,7.83487
1.675,0,0,125,7.7585
1.7,0,0,125,7.68346
1.725,0,0,125,7.60975
1.75,0,0,125,7.53739
1.775,0,0,125,7.46638
1.8,0,0,125,7.39675
1.825,0,0,125,7.3285
1.85,0,0,125,7.26164
1.875,0,0,125,7.19621
1.9,0,0,125,7.13221
1.925,0,0,125,7.06968
1.95,0,0,125,7.00862
1.975,0,0,125,6.94907
2,0,0,125,6.89106
2.025,0,0,125,6.83462
2.05,0,0,125,6.77977
2.075,0,0,125,6.72656
2.1,0,0,125,6.67501
2.125,0,0,125,6.62517
2.15,0,0,125,6.57707
2.175,0,0,125,6.53075
2.2,0,0,125,6.48627
2.225,0,0,125,6.44366
2.25,0,0,125,6.40298
2.275,0,0,125,6.36427
2.3,0,0,125,6.32759
2.325,0,0,125,6.29298
2.35,0,0,125,6.26051
2.375,0,0,125,6.23024
2.4,0,0,125,6.20222
2.425,0,0,125,6.17651
2.45,0,0,125,6.15318
2.475,0,0,125,6.13229
2.5,0,0,125,6.11392
2.525,0,0,125,6.09813
2.55,0,0,125,6.08499
2.575,0,0,125,6.07457
2.6,0,0,125,6.06696
2.625,0,0,125,6.06223
2.65,0,0,125,6.06045
2.675,0,0,125,6.06172
2.7,0,0,125,6.06611
2.725,0,0,125,6.0737
2.75,0,0,125,6.0846
2.775,0,0,125,6.09889
2.8,0,0,125,6.11665
2.825,0,0,125,6.13799
2.85,0,0,125,6.16301
2.875,0,0,125,6.1918
2.9,0,0,125,6.22445
2.925,0,0,125,6.26109
2.95,0,0,125,6.30181
2.975,0,0,125,6.34673
3,0,0,125,6.39595
3.025,0,0,125,6.44959
3.05,0,0,125,6.50777
3.075,0,0,125,6.57061
3.1,0,0,125,6.63823
3.125,0,0,125,6.71076
3.15,0,0,125,6.78833
3.175,0,0,125,6.87107
3.2,0,0,125,6.95912
3.225,0,0,125,7.05261
3.25,0,0,125,7.15169
3.275,0,0,125,7.25651
3.3,0,0,125,7.36722
3.325,0,0,125,7.48397
3.35,0,0,125,7.60693
3.375,0,0,125,7.73624
3.4,0,0,125,7.87209
3.425,0,0,125,8.01464
3.45,0,0,125,8.16406
3.475,0,0,125,8.32054
3.5,0,0,125,8.48426
3.525,0,0,125,8.65541
3.55,0,0,125,8.83417
3.575,0,0,125,9.02075
3.6,0,0,125,9.21532
3.625,0,0,125,9.41809
3.65,0,0,125,9.62925
3.675,0,0,125,9.84899
3.7,0,0,125,10.0775
3.725,0,0,125,10.3149
3.75,0,0,125,10.5613
3.775,0,0,125,10.8169
3.8,0,0,125,11.0816
3.825,0,0,125,11.3555
3.85,0,0,125,11.6383
3.875,0,0,125,11.9298
3.9,0,0,125,12.2293
3.925,0,0,125,12.5361
3.95,0,0,125,12.8486
3.975,0,0,125,13.1651
4,0,0,125,13.4825
4.025,0,0,125,13.7968
4.05,0,0,125,14.1021
4.075,0,0,125,14.3902
4.1,0,0,125,14.6492
4.125,0,0,125,14.8629
4.15,0,0,125,15.0077
4.175,0,0,125,15.0509
4.2,0,0,125,14.9454
4.225,0,0,125,14.6237
4.25,0,0,125,13.9879
4.275,0,0,125,12.8931
4.3,0,0,125,11.1216
4.325,0,0,125,8.33732
4.35,0,0,125,4.01052
4.375,0,0,125,-2.70493
4.4,0,0,125,-13.097
4.425,0,0,125,-28.4015
4.45,0,0,125,-45.0105
4.475,0,0,125,-57.5585
4.5,0,0,125,-66.238
4.525,0,0,125,-72.1604
4.55,0,0,125,-76.1855
4.575,0,0,125,-78.9151
4.6,0,0,125,-80.7635
4.625,0,0,125,-82.0139
4.65,0,0,125,-82.8591
4.675,0,0,125,-83.4302
4.7,0,0,125,-83.8159
4.725,0,0,125,-84.0763
4.75,0,0,125,-84.2522
4.775,0,0,125,-84.3709
4.8,0,0,125,-84.4509
4.825,0,0,125,-84.5049
4.85,0,0,125,-84.5413
4.875,0,0,125,-84.5657
4.9,0,0,125,-84.582
4.925,0,0,125,-84.5928
4.95,0,0,125,-84.5996
4.975,0,0,125,-84.6037
5,0,0,125,-84.6056
