0,0,0,125,-72.323
0.025,0,0,125,-72.3187
0.05,0,0,125,-72.31
0.075,0,0,125,-72.297
0.1,0,0,125,-72.2798
0.125,0,0,125,-72.2585
0.15,0,0,125,-72.2332
0.175,0,0,125,-72.204
0.2,0,0,125,-72.171
0.225,0,0,125,-72.1341
0.25,0,0,125,-72.0936
0.275,0,0,125,-72.0494
0.3,0,0,125,-72.0016
0.325,0,0,125,-71.9504
0.35,0,0,125,-71.8956
0.375,0,0,125,-71.8374
0.4,0,0,125,-71.7759
0.425,0,0,125,-71.711
0.45,0,0,125,-71.6429
0.475,0,0,125,-71.5716
0.5,0,0,125,-71.4972
0.525,0,0,125,-71.4196
0.55,0,0,125,-71.339
0.575,0,0,125,-71.2554
0.6,0,0,125,-71.1689
0.625,0,0,125,-71.0794
0.65,0,0,125,-70.9871
0.675,0,0,125,-70.892
0.7,0,0,125,-70.7941
0.725,0,0,125,-70.6935
0.75,0,0,125,-70.5902
0.775,0,0,125,-70.4843
0.8,0,0,125,-70.3759
0.825,0,0,125,-70.2648
0.85,0,0,125,-70.1513
0.875,0,0,125,-70.0354
0.9,0,0,125,-69.917
0.925,0,0,125,-69.7962
0.95,0,0,125,-69.6732
0.975,0,0,125,-69.5478
1,0,0,125,-69.4202
1.025,0,0,125,-69.2904
1.05,0,0,125,-69.1585
1.075,0,0,125,-69.0244
1.1,0,0,125,-68.8883
1.125,0,0,125,-68.7501
1.15,0,0,125,-68.61
1.175,0,0,125,-68.4679
1.2,0,0,125,-68.3238
1.225,0,0,125,-68.178
1.25,0,0,125,-68.0303
1.275,0,0,125,-67.8808
1.3,0,0,125,-67.7296
1.325,0,0,125,-67.5766
1.35,0,0,125,-67.4221
1.375,0,0,125,-67.2659
1.4,0,0,125,-67.1081
1.425,0,0,125,-66.9488
1.45,0,0,125,-66.7879
1.475,0,0,125,-66.6257
1.5,0,0,125,-66.462
1.525,0,0,125,-66.2969
1.55,0,0,125,-66.1305
1.575,0,0,125,-65.9628
1.6,0,0,125,-65.7939
1.625,0,0,125,-65.6237
1.65,0,0,125,-65.4524
1.675,0,0,125,-65.2799
1.7,0,0,125,-65.1064
1.725,0,0,125,-64.9317
1.75,0,0,125,-64.7561
1.775,0,0,125,-64.5795
1.8,0,0,125,-64.402
1.825,0,0,125,-64.2236
1.85,0,0,125,-64.0443
1.875,0,0,125,-63.8642
1.9,0,0,125,-63.6833
1.925,0,0,125,-63.5017
1.95,0,0,125,-63.3194
1.975,0,0,125,-63.1364
2,0,0,125,-62.9528
2.025,0,0,125,-62.7686
2.05,0,0,125,-62.5839
2.075,0,0,125,-62.3986
2.1,0,0,125,-62.2129
2.125,0,0,125,-62.0267
2.15,0,0,125,-61.8401
2.175,0,0,125,-61.6531
2.2,0,0,125,-61.4658
2.225,0,0,125,-61.2782
2.25,0,0,125,-61.0904
2.275,0,0,125,-60.9023
2.3,0,0,125,-60.714
2.325,0,0,125,-60.5255
2.35,0,0,125,-60.3369
2.375,0,0,125,-60.1483
2.4,0,0,125,-59.9595
2.425,0,0,125,-59.7707
2.45,0,0,125,-59.5819
2.475,0,0,125,-59.3931
2.5,0,0,125,-59.2044
2.525,0,0,125,-59.0158
2.55,0,0,125,-58.8273
2.575,0,0,125,-58.6389
2.6,0,0,125,-58.4508
2.625,0,0,125,-58.2628
2.65,0,0,125,-58.0751
2.675,0,0,125,-57.8876
2.7,0,0,125,-57.7004
2.725,0,0,125,-57.5135
2.75,0,0,125,-57.327
2.775,0,0,125,-57.1409
2.8,0,0,125,-56.9551
2.825,0,0,125,-56.7698
2.85,0,0,125,-56.5849
2.875,0,0,125,-56.4005
2.9,0,0,125,-56.2167
2.925,0,0,125,-56.0333
2.95,0,0,125,-55.8505
2.975,0,0,125,-55.6683
3,0,0,125,-55.4867
3.025,0,0,125,-55.3057
3.05,0,0,125,-55.1254
3.075,0,0,125,-54.9458
3.1,0,0,125,-54.7669
3.125,0,0,125,-54.5887
3.15,0,0,125,-54.4113
3.175,0,0,125,-54.2346
3.2,0,0,125,-54.0588
3.225,0,0,125,-53.8838
3.25,0,0,125,-53.7096
3.275,0,0,125,-53.5364
3.3,0,0,125,-53.364
3.325,0,0,125,-53.1926
3.35,0,0,125,-53.0222
3.375,0,0,125,-52.8527
3.4,0,0,125,-52.6843
3.425,0,0,125,-52.5169
3.45,0,0,125,-52.3506
3.475,0,0,125,-52.1853
3.5,0,0,125,-52.0213
3.525,0,0,125,-51.8583
3.55,0,0,125,-51.6966
3.575,0,0,125,-51.5361
3.6,0,0,125,-51.3768
3.625,0,0,125,-51.2188
3.65,0,0,125,-51.0621
3.675,0,0,125,-50.9068
3.7,0,0,125,-50.7529
3.725,0,0,125,-50.6004
3.75,0,0,125,-50.4493
3.775,0,0,125,-50.2997
3.8,0,0,125,-50.1517
3.825,0,0,125,-50.0052
3.85,0,0,125,-49.8603
3.875,0,0,125,-49.7171
3.9,0,0,125,-49.5756
3.925,0,0,125,-49.4358
3.95,0,0,125,-49.2978
3.975,0,0,125,-49.1616
4,0,0,125,-49.0272
4.025,0,0,125,-48.8948
4.05,0,0,125,-48.7644
4.075,0,0,125,-48.636
4.1,0,0,125,-48.5097
4.125,0,0,125,-48.3855
4.15,0,0,125,-48.2635
4.175,0,0,125,-48.1437
4.2,0,0,125,-48.0262
4.225,0,0,125,-47.9111
4.25,0,0,125,-47.7984
4.275,0,0,125,-47.6882
4.3,0,0,125,-47.5806
4.325,0,0,125,-47.4756
4.35,0,0,125,-47.3733
4.375,0,0,125,-47.2737
4.4,0,0,125,-47.177
4.425,0,0,125,-47.0832
4.45,0,0,125,-46.9924
4.475,0,0,125,-46.9046
4.5,0,0,125,-46.82
4.525,0,0,125,-46.7387
4.55,0,0,125,-46.6606
4.575,0,0,125,-46.5859
4.6,0,0,125,-46.5147
4.625,0,0,125,-46.447
4.65,0,0,125,-46.383
4.675,0,0,125,-46.3227
4.7,0,0,125,-46.2663
4.725,0,0,125,-46.2137
4.75,0,0,125,-46.1651
4.775,0,0,125,-46.1206
4.8,0,0,125,-46.0802
4.825,0,0,125,-46.044
4.85,0,0,125,-46.0122
4.875,0,0,125,-45.9847
4.9,0,0,125,-45.9617
4.925,0,0,125,-45.9432
4.95,0,0,125,-45.9292
4.975,0,0,125,-45.9199
5,0,0,125,-45.9153
