0,0,0,125,-9.50644
0.025,0,0,125,-9.50215
0.05,0,0,125,-9.49373
0.075,0,0,125,-9.48147
0.1,0,0,125,-9.46588
0.125,0,0,125,-9.44748
0.15,0,0,125,-9.42684
0.175,0,0,125,-9.4044
0.2,0,0,125,-9.38052
0.225,0,0,125,-9.35542
0.25,0,0,125,-9.32932
0.275,0,0,125,-9.30243
0.3,0,0,125,-9.27492
0.325,0,0,125,-9.24697
0.35,0,0,125,-9.21874
0.375,0,0,125,-9.19041
0.4,0,0,125,-9.16214
0.425,0,0,125,-9.13406
0.45,0,0,125,-9.10633
0.475,0,0,125,-9.07909
0.5,0,0,125,-9.05247
0.525,0,0,125,-9.02662
0.55,0,0,125,-9.00167
0.575,0,0,125,-8.97774
0.6,0,0,125,-8.95495
0.625,0,0,125,-8.93344
0.65,0,0,125,-8.91332
0.675,0,0,125,-8.89471
0.7,0,0,125,-8.87775
0.725,0,0,125,-8.86255
0.75,0,0,125,-8.84922
0.775,0,0,125,-8.8379
0.8,0,0,125,-8.82871
0.825,0,0,125,-8.82176
0.85,0,0,125,-8.8172
0.875,0,0,125,-8.81513
0.9,0,0,125,-8.8157
0.925,0,0,125,-8.81904
0.95,0,0,125,-8.82527
0.975,0,0,125,-8.83454
1,0,0,125,-8.84697
1.025,0,0,125,-8.86271
1.05,0,0,125,-8.88191
1.075,0,0,125,-8.9047
1.1,0,0,125,-8.93125
1.125,0,0,125,-8.9617
1.15,0,0,125,-8.99622
1.175,0,0,125,-9.03497
1.2,0,0,125,-9.07811
1.225,0,0,125,-9.12581
1.25,0,0,125,-9.17825
1.275,0,0,125,-9.23561
1.3,0,0,125,-9.29806
1.325,0,0,125,-9.36581
1.35,0,0,125,-9.43903
1.375,0,0,125,-9.51794
1.4,0,0,125,-9.60273
1.425,0,0,125,-9.69361
1.45,0,0,125,-9.79078
1.475,0,0,125,-9.89447
1.5,0,0,125,-10.0049
1.525,0,0,125,-10.1222
1.55,0,0,125,-10.2468
1.575,0,0,125,-10.3788
1.6,0,0,125,-10.5184
1.625,0,0,125,-10.6659
1.65,0,0,125,-10.8215
1.675,0,0,125,-10.9856
1.7,0,0,125,-11.1583
1.725,0,0,125,-11.3399
1.75,0,0,125,-11.5308
1.775,0,0,125,-11.731
1.8,0,0,125,-11.9411
1.825,0,0,125,-12.1611
1.85,0,0,125,-12.3916
1.875,0,0,125,-12.6326
1.9,0,0,125,-12.8846
1.925,0,0,125,-13.1479
1.95,0,0,125,-13.4228
1.975,0,0,125,-13.7097
2,0,0,125,-14.0089
2.025,0,0,125,-14.3208
2.05,0,0,125,-14.6458
2.075,0,0,125,-14.9842
2.1,0,0,125,-15.3365
2.125,0,0,125,-15.703
2.15,0,0,125,-16.0842
2.175,0,0,125,-16.4805
2.2,0,0,125,-16.8924
2.225,0,0,125,-17.3203
2.25,0,0,125,-17.7647
2.275,0,0,125,-18.2261
2.3,0,0,125,-18.7049
2.325,0,0,125,-19.2016
2.35,0,0,125,-19.7167
2.375,0,0,125,-20.2507
2.4,0,0,125,-20.8042
2.425,0,0,125,-21.3775
2.45,0,0,125,-21.9714
2.475,0,0,125,-22.5862
2.5,0,0,125,-23.2224
2.525,0,0,125,-23.8807
2.55,0,0,125,-24.5615
2.575,0,0,125,-25.2653
2.6,0,0,125,-25.9928
2.625,0,0,125,-26.7443
2.65,0,0,125,-27.5204
2.675,0,0,125,-28.3216
2.7,0,0,125,-29.1484
2.725,0,0,125,-30.0014
2.75,0,0,125,-30.8808
2.775,0,0,125,-31.7873
2.8,0,0,125,-32.7211
2.825,0,0,125,-33.6825
2.85,0,0,125,-34.6718
2.875,0,0,125,-35.689
2.9,0,0,125,-36.7342
2.925,0,0,125,-37.8071
2.95,0,0,125,-38.9072
2.975,0,0,125,-40.034
3,0,0,125,-41.1865
3.025,0,0,125,-42.3635
3.05,0,0,125,-43.5635
3.075,0,0,125,-44.7846
3.1,0,0,125,-46.0246
3.125,0,0,125,-47.281
3.15,0,0,125,-48.5509
3.175,0,0,125,-49.8312
3.2,0,0,125,-51.1183
3.225,0,0,125,-52.4086
3.25,0,0,125,-53.6983
3.275,0,0,125,-54.9832
3.3,0,0,125,-56.2593
3.325,0,0,125,-57.5225
3.35,0,0,125,-58.7688
3.375,0,0,125,-59.9942
3.4,0,0,125,-61.1951
3.425,0,0,125,-62.3679
3.45,0,0,125,-63.5094
3.475,0,0,125,-64.6169
3.5,0,0,125,-65.6878
3.525,0,0,125,-66.7201
3.55,0,0,125,-67.712
3.575,0,0,125,-68.6623
3.6,0,0,125,-69.5701
3.625,0,0,125,-70.4349
3.65,0,0,125,-71.2565
3.675,0,0,125,-72.0351
3.7,0,0,125,-72.7713
3.725,0,0,125,-73.4656
3.75,0,0,125,-74.1191
3.775,0,0,125,-74.733
3.8,0,0,125,-75.3085
3.825,0,0,125,-75.8471
3.85,0,0,125,-76.3504
3.875,0,0,125,-76.8198
3.9,0,0,125,-77.2572
3.925,0,0,125,-77.6641
3.95,0,0,125,-78.0422
3.975,0,0,125,-78.3932
4,0,0,125,-78.7186
4.025,0,0,125,-79.02
4.05,0,0,125,-79.299
4.075,0,0,125,-79.5569
4.1,0,0,125,-79.7953
4.125,0,0,125,-80.0154
4.15,0,0,125,-80.2185
4.175,0,0,125,-80.4058
4.2,0,0,125,-80.5784
4.225,0,0,125,-80.7374
4.25,0,0,125,-80.8837
4.275,0,0,125,-81.0184
4.3,0,0,125,-81.1423
4.325,0,0,125,-81.2561
4.35,0,0,125,-81.3607
4.375,0,0,125,-81.4567
4.4,0,0,125,-81.5448
4.425,0,0,125,-81.6256
4.45,0,0,125,-81.6996
4.475,0,0,125,-81.7674
4.5,0,0,125,-81.8293
4.525,0,0,125,-81.886
4.55,0,0,125,-81.9376
4.575,0,0,125,-81.9847
4.6,0,0,125,-82.0275
4.625,0,0,125,-82.0664
4.65,0,0,125,-82.1016
4.675,0,0,125,-82.1334
4.7,0,0,125,-82.162
4.725,0,0,125,-82.1877
4.75,0,0,125,-82.2105
4.775,0,0,125,-82.2307
4.8,0,0,125,-82.2485
4.825,0,0,125,-82.2639
4.85,0,0,125,-82.2771
4.875,0,0,125,-82.2882
4.9,0,0,125,-82.2973
4.925,0,0,125,-82.3045
4.95,0,0,125,-82.3098
4.975,0,0,125,-82.3133
5,0,0,125,-82.315
