0,0,0,125,11.4443
0.025,0,0,125,11.4314
0.05,0,0,125,11.4055
0.075,0,0,125,11.3659
0.1,0,0,125,11.3118
0.125,0,0,125,11.2425
0.15,0,0,125,11.1572
0.175,0,0,125,11.0564
0.2,0,0,125,10.9413
0.225,0,0,125,10.8136
0.25,0,0,125,10.6751
0.275,0,0,125,10.5277
0.3,0,0,125,10.3732
0.325,0,0,125,10.2133
0.35,0,0,125,10.0498
0.375,0,0,125,9.88429
0.4,0,0,125,9.71822
0.425,0,0,125,9.55306
0.45,0,0,125,9.39017
0.475,0,0,125,9.23078
0.5,0,0,125,9.07608
0.525,0,0,125,8.92713
0.55,0,0,125,8.78491
0.575,0,0,125,8.6503
0.6,0,0,125,8.52409
0.625,0,0,125,8.40697
0.65,0,0,125,8.29957
0.675,0,0,125,8.20241
0.7,0,0,125,8.11592
0.725,0,0,125,8.04049
0.75,0,0,125,7.9764
0.775,0,0,125,7.92389
0.8,0,0,125,7.88312
0.825,0,0,125,7.8542
0.85,0,0,125,7.83719
0.875,0,0,125,7.83211
0.9,0,0,125,7.83895
0.925,0,0,125,7.85764
0.95,0,0,125,7.88811
0.975,0,0,125,7.93026
1,0,0,125,7.98398
1.025,0,0,125,8.04913
1.05,0,0,125,8.12557
1.075,0,0,125,8.21319
1.1,0,0,125,8.31184
1.125,0,0,125,8.42139
1.15,0,0,125,8.54172
1.175,0,0,125,8.67271
1.2,0,0,125,8.81428
1.225,0,0,125,8.96634
1.25,0,0,125,9.12881
1.275,0,0,125,9.30164
1.3,0,0,125,9.48479
1.325,0,0,125,9.67823
1.35,0,0,125,9.88194
1.375,0,0,125,10.0959
1.4,0,0,125,10.3201
1.425,0,0,125,10.5546
1.45,0,0,125,10.7992
1.475,0,0,125,11.0539
1.5,0,0,125,11.3186
1.525,0,0,125,11.593
1.55,0,0,125,11.8769
1.575,0,0,125,12.1695
1.6,0,0,125,12.4701
1.625,0,0,125,12.7774
1.65,0,0,125,13.0897
1.675,0,0,125,13.4043
1.7,0,0,125,13.7175
1.725,0,0,125,14.0241
1.75,0,0,125,14.3166
1.775,0,0,125,14.5847
1.8,0,0,125,14.8135
1.825,0,0,125,14.9824
1.85,0,0,125,15.0619
1.875,0,0,125,15.0103
1.9,0,0,125,14.7678
1.925,0,0,125,14.2481
1.95,0,0,125,13.3243
1.975,0,0,125,11.8065
2,0,0,125,9.40442
2.025,0,0,125,5.6632
2.05,0,0,125,-0.142619
2.075,0,0,125,-9.147
2.1,0,0,125,-22.7722
2.125,0,0,125,-39.8488
2.15,0,0,125,-53.8778
2.175,0,0,125,-63.7133
2.2,0,0,125,-70.441
2.225,0,0,125,-75.018
2.25,0,0,125,-78.1239
2.275,0,0,125,-80.228
2.3,0,0,125,-81.6517
2.325,0,0,125,-82.6143
2.35,0,0,125,-83.2648
2.375,0,0,125,-83.7042
2.4,0,0,125,-84.001
2.425,0,0,125,-84.2014
2.45,0,0,125,-84.3366
2.475,0,0,125,-84.428
2.5,0,0,125,-84.4896
2.525,0,0,125,-84.5312
2.55,0,0,125,-84.5593
2.575,0,0,125,-84.5783
2.6,0,0,125,-84.591
2.625,0,0,125,-84.5997
2.65,0,0,125,-84.6055
2.675,0,0,125,-84.6094
2.7,0,0,125,-84.6121
2.725,0,0,125,-84.6139
2.75,0,0,125,-84.6151
2.775,0,0,125,-84.6159
2.8,0,0,125,-84.6164
2.825,0,0,125,-84.6168
2.85,0,0,125,-84.617
2.875,0,0,125,-84.6171
2.9,0,0,125,-84.6172
2.925,0,0,125,-84.6173
2.95,0,0,125,-84.6173
2.975,0,0,125,-84.6174
3,0,0,125,-84.6174
3.025,0,0,125,-84.6174
3.05,0,0,125,-84.6174
3.075,0,0,125,-84.6174
3.1,0,0,125,-84.6174
3.125,0,0,125,-84.6174
3.15,0,0,125,-84.6174
3.175,0,0,125,-84.6174
3.2,0,0,125,-84.6174
3.225,0,0,125,-84.6174
3.25,0,0,125,-84.6174
3.275,0,0,125,-84.6174
3.3,0,0,125,-84.6174
3.325,0,0,125,-84.6174
3.35,0,0,125,-84.6174
3.375,0,0,125,-84.6174
3.4,0,0,125,-84.6174
3.425,0,0,125,-84.6174
3.45,0,0,125,-84.6174
3.475,0,0,125,-84.6174
3.5,0,0,125,-84.6174
3.525,0,0,125,-84.6174
3.55,0,0,125,-84.6174
3.575,0,0,125,-84.6174
3.6,0,0,125,-84.6174
3.625,0,0,125,-84.6174
3.65,0,0,125,-84.6174
3.675,0,0,125,-84.6174
3.7,0,0,125,-84.6174
3.725,0,0,125,-84.6174
3.75,0,0,125,-84.6174
3.775,0,0,125,-84.6174
3.8,0,0,125,-84.6174
3.825,0,0,125,-84.6174
3.85,0,0,125,-84.6174
3.875,0,0,125,-84.6174
3.9,0,0,125,-84.6174
3.925,0,0,125,-84.6174
3.95,0,0,125,-84.6174
3.975,0,0,125,-84.6174
4,0,0,125,-84.6174
4.025,0,0,125,-84.6174
4.05,0,0,125,-84.6174
4.075,0,0,125,-84.6174
4.1,0,0,125,-84.6174
4.125,0,0,125,-84.6174
4.15,0,0,125,-84.6174
4.175,0,0,125,-84.6174
4.2,0,0,125,-84.6174
4.225,0,0,125,-84.6174
4.25,0,0,125,-84.6174
4.275,0,0,125,-84.6174
4.3,0,0,125,-84.6174
4.325,0,0,125,-84.6174
4.35,0,0,125,-84.6174
4.375,0,0,125,-84.6174
4.4,0,0,125,-84.6174
4.425,0,0,125,-84.6174
4.45,0,0,125,-84.6174
4.475,0,0,125,-84.6174
4.5,0,0,125,-84.6174
4.525,0,0,125,-84.6174
4.55,0,0,125,-84.6174
4.575,0,0,125,-84.6174
4.6,0,0,125,-84.6174
4.625,0,0,125,-84.6174
4.65,0,0,125,-84.6174
4.675,0,0,125,-84.6174
4.7,0,0,125,-84.6174
4.725,0,0,125,-84.6174
4.75,0,0,125,-84.6174
4.775,0,0,125,-84.6174
4.8,0,0,125,-84.6174
4.825,0,0,125,-84.6174
4.85,0,0,125,-84.6174
4.875,0,0,125,-84.6174
4.9,0,0,125,-84.6174
4.925,0,0,125,-84.6174
4.95,0,0,125,-84.6174
4.975,0,0,125,-84.6174
5,0,0,125,-84.6174
