0,0,0,125,4.39201
0.025,0,0,125,4.39609
0.05,0,0,125,4.4041
0.075,0,0,125,4.41567
0.1,0,0,125,4.43029
0.125,0,0,125,4.44736
0.15,0,0,125,4.46628
0.175,0,0,125,4.48655
0.2,0,0,125,4.50784
0.225,0,0,125,4.52993
0.25,0,0,125,4.55262
0.275,0,0,125,4.57574
0.3,0,0,125,4.59915
0.325,0,0,125,4.62269
0.35,0,0,125,4.64625
0.375,0,0,125,4.66968
0.4,0,0,125,4.69288
0.425,0,0,125,4.71574
0.45,0,0,125,4.73816
0.475,0,0,125,4.76003
0.5,0,0,125,4.78126
0.525,0,0,125,4.80176
0.55,0,0,125,4.82143
0.575,0,0,125,4.84021
0.6,0,0,125,4.85801
0.625,0,0,125,4.87475
0.65,0,0,125,4.89035
0.675,0,0,125,4.90475
0.7,0,0,125,4.91785
0.725,0,0,125,4.92958
0.75,0,0,125,4.93988
0.775,0,0,125,4.94867
0.8,0,0,125,4.95587
0.825,0,0,125,4.96142
0.85,0,0,125,4.96522
0.875,0,0,125,4.96721
0.9,0,0,125,4.96731
0.925,0,0,125,4.96543
0.95,0,0,125,4.96151
0.975,0,0,125,4.95546
1,0,0,125,4.94719
1.025,0,0,125,4.93663
1.05,0,0,125,4.92368
1.075,0,0,125,4.90826
1.1,0,0,125,4.89029
1.125,0,0,125,4.86966
1.15,0,0,125,4.8463
1.175,0,0,125,4.82009
1.2,0,0,125,4.79095
1.225,0,0,125,4.75879
1.25,0,0,125,4.72349
1.275,0,0,125,4.68497
1.3,0,0,125,4.64311
1.325,0,0,125,4.59782
1.35,0,0,125,4.54899
1.375,0,0,125,4.49652
1.4,0,0,125,4.4403
1.425,0,0,125,4.38022
1.45,0,0,125,4.31619
1.475,0,0,125,4.24808
1.5,0,0,125,4.17581
1.525,0,0,125,4.09926
1.55,0,0,125,4.01833
1.575,0,0,125,3.93291
1.6,0,0,125,3.8429
1.625,0,0,125,3.74821
1.65,0,0,125,3.64873
1.675,0,0,125,3.54437
1.7,0,0,125,3.43501
1.725,0,0,125,3.32058
1.75,0,0,125,3.20097
1.775,0,0,125,3.07608
1.8,0,0,125,2.94583
1.825,0,0,125,2.81011
1.85,0,0,125,2.66884
1.875,0,0,125,2.52191
1.9,0,0,125,2.36923
1.925,0,0,125,2.2107
1.95,0,0,125,2.04622
1.975,0,0,125,1.87568
2,0,0,125,1.69899
2.025,0,0,125,1.51603
2.05,0,0,125,1.32668
2.075,0,0,125,1.13082
2.1,0,0,125,0.928341
2.125,0,0,125,0.719102
2.15,0,0,125,0.502971
2.175,0,0,125,0.279806
2.2,0,0,125,0.0494589
2.225,0,0,125,-0.188224
2.25,0,0,125,-0.433405
2.275,0,0,125,-0.686253
2.3,0,0,125,-0.946941
2.325,0,0,125,-1.21565
2.35,0,0,125,-1.49257
2.375,0,0,125,-1.7779
2.4,0,0,125,-2.07184
2.425,0,0,125,-2.37459
2.45,0,0,125,-2.68637
2.475,0,0,125,-3.00739
2.5,0,0,125,-3.33788
2.525,0,0,125,-3.67805
2.55,0,0,125,-4.02813
2.575,0,0,125,-4.38835
2.6,0,0,125,-4.75893
2.625,0,0,125,-5.1401
2.65,0,0,125,-5.53206
2.675,0,0,125,-5.93504
2.7,0,0,125,-6.34924
2.725,0,0,125,-6.77485
2.75,0,0,125,-7.21206
2.775,0,0,125,-7.66104
2.8,0,0,125,-8.12195
2.825,0,0,125,-8.5949
2.85,0,0,125,-9.08003
2.875,0,0,125,-9.57741
2.9,0,0,125,-10.0871
2.925,0,0,125,-10.6091
2.95,0,0,125,-11.1435
2.975,0,0,125,-11.6902
3,0,0,125,-12.2492
3.025,0,0,125,-12.8202
3.05,0,0,125,-13.4032
3.075,0,0,125,-13.998
3.1,0,0,125,-14.6042
3.125,0,0,125,-15.2217
3.15,0,0,125,-15.8501
3.175,0,0,125,-16.489
3.2,0,0,125,-17.1379
3.225,0,0,125,-17.7965
3.25,0,0,125,-18.4641
3.275,0,0,125,-19.1402
3.3,0,0,125,-19.8242
3.325,0,0,125,-20.5154
3.35,0,0,125,-21.2133
3.375,0,0,125,-21.9171
3.4,0,0,125,-22.626
3.425,0,0,125,-23.3395
3.45,0,0,125,-24.0566
3.475,0,0,125,-24.7766
3.5,0,0,125,-25.4989
3.525,0,0,125,-26.2225
3.55,0,0,125,-26.9468
3.575,0,0,125,-27.671
3.6,0,0,125,-28.3943
3.625,0,0,125,-29.116
3.65,0,0,125,-29.8353
3.675,0,0,125,-30.5516
3.7,0,0,125,-31.264
3.725,0,0,125,-31.9718
3.75,0,0,125,-32.6744
3.775,0,0,125,-33.3709
3.8,0,0,125,-34.0608
3.825,0,0,125,-34.7432
3.85,0,0,125,-35.4175
3.875,0,0,125,-36.0829
3.9,0,0,125,-36.7387
3.925,0,0,125,-37.3842
3.95,0,0,125,-38.0187
3.975,0,0,125,-38.6416
4,0,0,125,-39.2521
4.025,0,0,125,-39.8497
4.05,0,0,125,-40.4336
4.075,0,0,125,-41.0033
4.1,0,0,125,-41.5583
4.125,0,0,125,-42.0981
4.15,0,0,125,-42.622
4.175,0,0,125,-43.1298
4.2,0,0,125,-43.621
4.225,0,0,125,-44.0953
4.25,0,0,125,-44.5523
4.275,0,0,125,-44.9919
4.3,0,0,125,-45.4139
4.325,0,0,125,-45.8181
4.35,0,0,125,-46.2046
4.375,0,0,125,-46.5731
4.4,0,0,125,-46.9239
4.425,0,0,125,-47.2569
4.45,0,0,125,-47.5723
4.475,0,0,125,-47.8703
4.5,0,0,125,-48.1511
4.525,0,0,125,-48.4149
4.55,0,0,125,-48.6621
4.575,0,0,125,-48.893
4.6,0,0,125,-49.1079
4.625,0,0,125,-49.3073
4.65,0,0,125,-49.4915
4.675,0,0,125,-49.661
4.7,0,0,125,-49.8161
4.725,0,0,125,-49.9573
4.75,0,0,125,-50.0851
4.775,0,0,125,-50.1999
4.8,0,0,125,-50.302
4.825,0,0,125,-50.3919
4.85,0,0,125,-50.4698
4.875,0,0,125,-50.536
4.9,0,0,125,-50.5909
4.925,0,0,125,-50.6346
4.95,0,0,125,-50.6672
4.975,0,0,125,-50.6888
5,0,0,125,-50.6996
