0,0,0,125,-84.0883
0.025,0,0,125,-84.0884
0.05,0,0,125,-84.0887
0.075,0,0,125,-84.0891
0.1,0,0,125,-84.0896
0.125,0,0,125,-84.0902
0.15,0,0,125,-84.0908
0.175,0,0,125,-84.0915
0.2,0,0,125,-84.0922
0.225,0,0,125,-84.0929
0.25,0,0,125,-84.0936
0.275,0,0,125,-84.0943
0.3,0,0,125,-84.095
0.325,0,0,125,-84.0958
0.35,0,0,125,-84.0965
0.375,0,0,125,-84.0972
0.4,0,0,125,-84.0979
0.425,0,0,125,-84.0986
0.45,0,0,125,-84.0993
0.475,0,0,125,-84.1
0.5,0,0,125,-84.1006
0.525,0,0,125,-84.1012
0.55,0,0,125,-84.1019
0.575,0,0,125,-84.1025
0.6,0,0,125,-84.103
0.625,0,0,125,-84.1036
0.65,0,0,125,-84.1042
0.675,0,0,125,-84.1048
0.7,0,0,125,-84.1054
0.725,0,0,125,-84.1059
0.75,0,0,125,-84.1065
0.775,0,0,125,-84.1072
0.8,0,0,125,-84.1078
0.825,0,0,125,-84.1084
0.85,0,0,125,-84.109
0.875,0,0,125,-84.1097
0.9,0,0,125,-84.1103
0.925,0,0,125,-84.111
0.95,0,0,125,-84.1117
0.975,0,0,125,-84.1124
1,0,0,125,-84.113
1.025,0,0,125,-84.1137
1.05,0,0,125,-84.1145
1.075,0,0,125,-84.1152
1.1,0,0,125,-84.1159
1.125,0,0,125,-84.1166
1.15,0,0,125,-84.1174
1.175,0,0,125,-84.1182
1.2,0,0,125,-84.1189
1.225,0,0,125,-84.1196
1.25,0,0,125,-84.1204
1.275,0,0,125,-84.1212
1.3,0,0,125,-84.122
1.325,0,0,125,-84.1228
1.35,0,0,125,-84.1236
1.375,0,0,125,-84.1244
1.4,0,0,125,-84.1253
1.425,0,0,125,-84.1261
1.45,0,0,125,-84.127
1.475,0,0,125,-84.1279
1.5,0,0,125,-84.1288
1.525,0,0,125,-84.1298
1.55,0,0,125,-84.1307
1.575,0,0,125,-84.1317
1.6,0,0,125,-84.1326
1.625,0,0,125,-84.1336
1.65,0,0,125,-84.1347
1.675,0,0,125,-84.1357
1.7,0,0,125,-84.1367
1.725,0,0,125,-84.1378
1.75,0,0,125,-84.1389
1.775,0,0,125,-84.14
1.8,0,0,125,-84.1411
1.825,0,0,125,-84.1423
1.85,0,0,125,-84.1434
1.875,0,0,125,-84.1446
1.9,0,0,125,-84.1458
1.925,0,0,125,-84.147
1.95,0,0,125,-84.1483
1.975,0,0,125,-84.1497
2,0,0,125,-84.151
2.025,0,0,125,-84.1524
2.05,0,0,125,-84.1539
2.075,0,0,125,-84.1554
2.1,0,0,125,-84.1569
2.125,0,0,125,-84.1584
2.15,0,0,125,-84.16
2.175,0,0,125,-84.1616
2.2,0,0,125,-84.1633
2.225,0,0,125,-84.165
2.25,0,0,125,-84.1667
2.275,0,0,125,-84.1685
2.3,0,0,125,-84.1703
2.325,0,0,125,-84.1722
2.35,0,0,125,-84.1741
2.375,0,0,125,-84.176
2.4,0,0,125,-84.1779
2.425,0,0,125,-84.1799
2.45,0,0,125,-84.182
2.475,0,0,125,-84.184
2.5,0,0,125,-84.1861
2.525,0,0,125,-84.1883
2.55,0,0,125,-84.1904
2.575,0,0,125,-84.1926
2.6,0,0,125,-84.1949
2.625,0,0,125,-84.1971
2.65,0,0,125,-84.1995
2.675,0,0,125,-84.2018
2.7,0,0,125,-84.2042
2.725,0,0,125,-84.2066
2.75,0,0,125,-84.2091
2.775,0,0,125,-84.2116
2.8,0,0,125,-84.2141
2.825,0,0,125,-84.2166
2.85,0,0,125,-84.2192
2.875,0,0,125,-84.2217
2.9,0,0,125,-84.2243
2.925,0,0,125,-84.2269
2.95,0,0,125,-84.2295
2.975,0,0,125,-84.2321
3,0,0,125,-84.2347
3.025,0,0,125,-84.2373
3.05,0,0,125,-84.2399
3.075,0,0,125,-84.2425
3.1,0,0,125,-84.2451
3.125,0,0,125,-84.2476
3.15,0,0,125,-84.2502
3.175,0,0,125,-84.2527
3.2,0,0,125,-84.2552
3.225,0,0,125,-84.2577
3.25,0,0,125,-84.2602
3.275,0,0,125,-84.2627
3.3,0,0,125,-84.2652
3.325,0,0,125,-84.2676
3.35,0,0,125,-84.27
3.375,0,0,125,-84.2724
3.4,0,0,125,-84.2747
3.425,0,0,125,-84.277
3.45,0,0,125,-84.2793
3.475,0,0,125,-84.2815
3.5,0,0,125,-84.2837
3.525,0,0,125,-84.2858
3.55,0,0,125,-84.2879
3.575,0,0,125,-84.29
3.6,0,0,125,-84.292
3.625,0,0,125,-84.294
3.65,0,0,125,-84.296
3.675,0,0,125,-84.2979
3.7,0,0,125,-84.2997
3.725,0,0,125,-84.3016
3.75,0,0,125,-84.3034
3.775,0,0,125,-84.3051
3.8,0,0,125,-84.3068
3.825,0,0,125,-84.3085
3.85,0,0,125,-84.3102
3.875,0,0,125,-84.3118
3.9,0,0,125,-84.3133
3.925,0,0,125,-84.3148
3.95,0,0,125,-84.3163
3.975,0,0,125,-84.3177
4,0,0,125,-84.319
4.025,0,0,125,-84.3202
4.05,0,0,125,-84.3215
4.075,0,0,125,-84.3226
4.1,0,0,125,-84.3237
4.125,0,0,125,-84.3247
4.15,0,0,125,-84.3257
4.175,0,0,125,-84.3266
4.2,0,0,125,-84.3275
4.225,0,0,125,-84.3283
4.25,0,0,125,-84.3291
4.275,0,0,125,-84.3298
4.3,0,0,125,-84.3306
4.325,0,0,125,-84.3313
4.35,0,0,125,-84.3319
4.375,0,0,125,-84.3325
4.4,0,0,125,-84.3331
4.425,0,0,125,-84.3337
4.45,0,0,125,-84.3342
4.475,0,0,125,-84.3346
4.5,0,0,125,-84.3351
4.525,0,0,125,-84.3355
4.55,0,0,125,-84.3358
4.575,0,0,125,-84.3362
4.6,0,0,125,-84.3364
4.625,0,0,125,-84.3367
4.65,0,0,125,-84.3369
4.675,0,0,125,-84.3371
4.7,0,0,125,-84.3372
4.725,0,0,125,-84.3373
4.75,0,0,125,-84.3375
4.775,0,0,125,-84.3376
4.8,0,0,125,-84.3377
4.825,0,0,125,-84.3377
4.85,0,0,125,-84.3378
4.875,0,0,125,-84.3379
4.9,0,0,125,-84.3379
4.925,0,0,125,-84.338
4.95,0,0,125,-84.338
4.975,0,0,125,-84.338
5,0,0,125,-84.338
