0,0,0,125,-10.7795
0.025,0,0,125,-10.7752
0.05,0,0,125,-10.7668
0.075,0,0,125,-10.7545
0.1,0,0,125,-10.7388
0.125,0,0,125,-10.7203
0.15,0,0,125,-10.6995
0.175,0,0,125,-10.677
0.2,0,0,125,-10.6529
0.225,0,0,125,-10.6276
0.25,0,0,125,-10.6013
0.275,0,0,125,-10.5742
0.3,0,0,125,-10.5465
0.325,0,0,125,-10.5183
0.35,0,0,125,-10.4898
0.375,0,0,125,-10.4613
0.4,0,0,125,-10.4328
0.425,0,0,125,-10.4046
0.45,0,0,125,-10.3767
0.475,0,0,125,-10.3493
0.5,0,0,125,-10.3226
0.525,0,0,125,-10.2967
0.55,0,0,125,-10.2717
0.575,0,0,125,-10.2478
0.6,0,0,125,-10.2251
0.625,0,0,125,-10.2038
0.65,0,0,125,-10.1839
0.675,0,0,125,-10.1656
0.7,0,0,125,-10.1491
0.725,0,0,125,-10.1344
0.75,0,0,125,-10.1217
0.775,0,0,125,-10.1111
0.8,0,0,125,-10.1027
0.825,0,0,125,-10.0967
0.85,0,0,125,-10.0932
0.875,0,0,125,-10.0924
0.9,0,0,125,-10.0944
0.925,0,0,125,-10.0992
0.95,0,0,125,-10.1072
0.975,0,0,125,-10.1183
1,0,0,125,-10.1328
1.025,0,0,125,-10.1509
1.05,0,0,125,-10.1725
1.075,0,0,125,-10.198
1.1,0,0,125,-10.2275
1.125,0,0,125,-10.2611
1.15,0,0,125,-10.2991
1.175,0,0,125,-10.3415
1.2,0,0,125,-10.3886
1.225,0,0,125,-10.4405
1.25,0,0,125,-10.4975
1.275,0,0,125,-10.5597
1.3,0,0,125,-10.6274
1.325,0,0,125,-10.7007
1.35,0,0,125,-10.7798
1.375,0,0,125,-10.865
1.4,0,0,125,-10.9565
1.425,0,0,125,-11.0545
1.45,0,0,125,-11.1592
1.475,0,0,125,-11.2708
1.5,0,0,125,-11.3896
1.525,0,0,125,-11.5159
1.55,0,0,125,-11.6499
1.575,0,0,125,-11.7918
1.6,0,0,125,-11.9419
1.625,0,0,125,-12.1004
1.65,0,0,125,-12.2677
1.675,0,0,125,-12.444
1.7,0,0,125,-12.6296
1.725,0,0,125,-12.8247
1.75,0,0,125,-13.0297
1.775,0,0,125,-13.2449
1.8,0,0,125,-13.4706
1.825,0,0,125,-13.707
1.85,0,0,125,-13.9545
1.875,0,0,125,-14.2135
1.9,0,0,125,-14.4842
1.925,0,0,125,-14.767
1.95,0,0,125,-15.0623
1.975,0,0,125,-15.3705
2,0,0,125,-15.6919
2.025,0,0,125,-16.0268
2.05,0,0,125,-16.3758
2.075,0,0,125,-16.7392
2.1,0,0,125,-17.1173
2.125,0,0,125,-17.5108
2.15,0,0,125,-17.9198
2.175,0,0,125,-18.3451
2.2,0,0,125,-18.7869
2.225,0,0,125,-19.2457
2.25,0,0,125,-19.722
2.275,0,0,125,-20.2163
2.3,0,0,125,-20.7291
2.325,0,0,125,-21.2609
2.35,0,0,125,-21.8122
2.375,0,0,125,-22.3834
2.4,0,0,125,-22.9751
2.425,0,0,125,-23.5878
2.45,0,0,125,-24.222
2.475,0,0,125,-24.8783
2.5,0,0,125,-25.5572
2.525,0,0,125,-26.2592
2.55,0,0,125,-26.9849
2.575,0,0,125,-27.7348
2.6,0,0,125,-28.5094
2.625,0,0,125,-29.3093
2.65,0,0,125,-30.135
2.675,0,0,125,-30.987
2.7,0,0,125,-31.8658
2.725,0,0,125,-32.7718
2.75,0,0,125,-33.7054
2.775,0,0,125,-34.6669
2.8,0,0,125,-35.6564
2.825,0,0,125,-36.674
2.85,0,0,125,-37.7197
2.875,0,0,125,-38.7931
2.9,0,0,125,-39.8938
2.925,0,0,125,-41.0209
2.95,0,0,125,-42.1736
2.975,0,0,125,-43.3503
3,0,0,125,-44.5495
3.025,0,0,125,-45.7692
3.05,0,0,125,-47.007
3.075,0,0,125,-48.2603
3.1,0,0,125,-49.526
3.125,0,0,125,-50.8009
3.15,0,0,125,-52.0814
3.175,0,0,125,-53.3637
3.2,0,0,125,-54.6439
3.225,0,0,125,-55.9179
3.25,0,0,125,-57.1816
3.275,0,0,125,-58.4309
3.3,0,0,125,-59.6619
3.325,0,0,125,-60.8705
3.35,0,0,125,-62.0532
3.375,0,0,125,-63.2066
3.4,0,0,125,-64.3276
3.425,0,0,125,-65.4135
3.45,0,0,125,-66.4619
3.475,0,0,125,-67.471
3.5,0,0,125,-68.4391
3.525,0,0,125,-69.3651
3.55,0,0,125,-70.2483
3.575,0,0,125,-71.0883
3.6,0,0,125,-71.8852
3.625,0,0,125,-72.6391
3.65,0,0,125,-73.3508
3.675,0,0,125,-74.021
3.7,0,0,125,-74.6509
3.725,0,0,125,-75.2416
3.75,0,0,125,-75.7946
3.775,0,0,125,-76.3114
3.8,0,0,125,-76.7936
3.825,0,0,125,-77.2427
3.85,0,0,125,-77.6606
3.875,0,0,125,-78.0488
3.9,0,0,125,-78.409
3.925,0,0,125,-78.7429
3.95,0,0,125,-79.0521
3.975,0,0,125,-79.3382
4,0,0,125,-79.6026
4.025,0,0,125,-79.8468
4.05,0,0,125,-80.0722
4.075,0,0,125,-80.2801
4.1,0,0,125,-80.4718
4.125,0,0,125,-80.6483
4.15,0,0,125,-80.8109
4.175,0,0,125,-80.9605
4.2,0,0,125,-81.0981
4.225,0,0,125,-81.2246
4.25,0,0,125,-81.3408
4.275,0,0,125,-81.4476
4.3,0,0,125,-81.5457
4.325,0,0,125,-81.6357
4.35,0,0,125,-81.7182
4.375,0,0,125,-81.7939
4.4,0,0,125,-81.8632
4.425,0,0,125,-81.9267
4.45,0,0,125,-81.9848
4.475,0,0,125,-82.038
4.5,0,0,125,-82.0865
4.525,0,0,125,-82.1308
4.55,0,0,125,-82.1711
4.575,0,0,125,-82.2079
4.6,0,0,125,-82.2413
4.625,0,0,125,-82.2715
4.65,0,0,125,-82.2989
4.675,0,0,125,-82.3236
4.7,0,0,125,-82.3458
4.725,0,0,125,-82.3657
4.75,0,0,125,-82.3834
4.775,0,0,125,-82.399
4.8,0,0,125,-82.4127
4.825,0,0,125,-82.4246
4.85,0,0,125,-82.4348
4.875,0,0,125,-82.4433
4.9,0,0,125,-82.4503
4.925,0,0,125,-82.4558
4.95,0,0,125,-82.4598
4.975,0,0,125,-82.4625
5,0,0,125,-82.4638
