0,0,0,125,-56.2352
0.025,0,0,125,-56.2362
0.05,0,0,125,-56.2384
0.075,0,0,125,-56.2415
0.1,0,0,125,-56.2456
0.125,0,0,125,-56.2503
0.15,0,0,125,-56.2547
0.175,0,0,125,-56.2569
0.2,0,0,125,-56.2542
0.225,0,0,125,-56.2433
0.25,0,0,125,-56.2212
0.275,0,0,125,-56.1848
0.3,0,0,125,-56.1313
0.325,0,0,125,-56.0583
0.35,0,0,125,-55.9635
0.375,0,0,125,-55.8448
0.4,0,0,125,-55.7004
0.425,0,0,125,-55.5287
0.45,0,0,125,-55.3283
0.475,0,0,125,-55.0979
0.5,0,0,125,-54.8365
0.525,0,0,125,-54.5433
0.55,0,0,125,-54.2176
0.575,0,0,125,-53.8589
0.6,0,0,125,-53.4668
0.625,0,0,125,-53.0413
0.65,0,0,125,-52.5824
0.675,0,0,125,-52.0901
0.7,0,0,125,-51.565
0.725,0,0,125,-51.0073
0.75,0,0,125,-50.4179
0.775,0,0,125,-49.7975
0.8,0,0,125,-49.1471
0.825,0,0,125,-48.4677
0.85,0,0,125,-47.7606
0.875,0,0,125,-47.0271
0.9,0,0,125,-46.2686
0.925,0,0,125,-45.4867
0.95,0,0,125,-44.6831
0.975,0,0,125,-43.8593
1,0,0,125,-43.0173
1.025,0,0,125,-42.1587
1.05,0,0,125,-41.2853
1.075,0,0,125,-40.3991
1.1,0,0,125,-39.5019
1.125,0,0,125,-38.5953
1.15,0,0,125,-37.6813
1.175,0,0,125,-36.7614
1.2,0,0,125,-35.8375
1.225,0,0,125,-34.911
1.25,0,0,125,-33.9836
1.275,0,0,125,-33.0567
1.3,0,0,125,-32.1317
1.325,0,0,125,-31.21
1.35,0,0,125,-30.2928
1.375,0,0,125,-29.3814
1.4,0,0,125,-28.4769
1.425,0,0,125,-27.5804
1.45,0,0,125,-26.693
1.475,0,0,125,-25.8157
1.5,0,0,125,-24.9494
1.525,0,0,125,-24.0949
1.55,0,0,125,-23.2531
1.575,0,0,125,-22.4248
1.6,0,0,125,-21.6106
1.625,0,0,125,-20.8112
1.65,0,0,125,-20.0272
1.675,0,0,125,-19.259
1.7,0,0,125,-18.507
1.725,0,0,125,-17.7717
1.75,0,0,125,-17.0533
1.775,0,0,125,-16.3521
1.8,0,0,125,-15.6682
1.825,0,0,125,-15.0018
1.85,0,0,125,-14.3529
1.875,0,0,125,-13.7215
1.9,0,0,125,-13.1075
1.925,0,0,125,-12.511
1.95,0,0,125,-11.9316
1.975,0,0,125,-11.3694
2,0,0,125,-10.824
2.025,0,0,125,-10.2953
2.05,0,0,125,-9.78291
2.075,0,0,125,-9.28666
2.1,0,0,125,-8.80622
2.125,0,0,125,-8.34127
2.15,0,0,125,-7.89148
2.175,0,0,125,-7.45652
2.2,0,0,125,-7.03604
2.225,0,0,125,-6.62969
2.25,0,0,125,-6.23712
2.275,0,0,125,-5.85798
2.3,0,0,125,-5.4919
2.325,0,0,125,-5.13854
2.35,0,0,125,-4.79755
2.375,0,0,125,-4.46857
2.4,0,0,125,-4.15127
2.425,0,0,125,-3.84532
2.45,0,0,125,-3.55038
2.475,0,0,125,-3.26613
2.5,0,0,125,-2.99227
2.525,0,0,125,-2.72847
2.55,0,0,125,-2.47445
2.575,0,0,125,-2.22991
2.6,0,0,125,-1.99458
2.625,0,0,125,-1.76817
2.65,0,0,125,-1.55043
2.675,0,0,125,-1.3411
2.7,0,0,125,-1.13992
2.725,0,0,125,-0.946659
2.75,0,0,125,-0.761084
2.775,0,0,125,-0.582967
2.8,0,0,125,-0.412091
2.825,0,0,125,-0.248243
2.85,0,0,125,-0.0912205
2.875,0,0,125,0.0591754
2.9,0,0,125,0.203136
2.925,0,0,125,0.340849
2.95,0,0,125,0.472492
2.975,0,0,125,0.598241
3,0,0,125,0.718266
3.025,0,0,125,0.832732
3.05,0,0,125,0.941799
3.075,0,0,125,1.04562
3.1,0,0,125,1.14436
3.125,0,0,125,1.23815
3.15,0,0,125,1.32715
3.175,0,0,125,1.4115
3.2,0,0,125,1.49133
3.225,0,0,125,1.56679
3.25,0,0,125,1.638
3.275,0,0,125,1.70511
3.3,0,0,125,1.76824
3.325,0,0,125,1.82751
3.35,0,0,125,1.88307
3.375,0,0,125,1.93502
3.4,0,0,125,1.98351
3.425,0,0,125,2.02864
3.45,0,0,125,2.07055
3.475,0,0,125,2.10934
3.5,0,0,125,2.14516
3.525,0,0,125,2.1781
3.55,0,0,125,2.2083
3.575,0,0,125,2.23587
3.6,0,0,125,2.26093
3.625,0,0,125,2.28359
3.65,0,0,125,2.30397
3.675,0,0,125,2.32219
3.7,0,0,125,2.33836
3.725,0,0,125,2.35259
3.75,0,0,125,2.36499
3.775,0,0,125,2.37568
3.8,0,0,125,2.38477
3.825,0,0,125,2.39235
3.85,0,0,125,2.39854
3.875,0,0,125,2.40344
3.9,0,0,125,2.40715
3.925,0,0,125,2.40976
3.95,0,0,125,2.41138
3.975,0,0,125,2.41209
4,0,0,125,2.41197
4.025,0,0,125,2.41111
4.05,0,0,125,2.40959
4.075,0,0,125,2.40748
4.1,0,0,125,2.40485
4.125,0,0,125,2.40176
4.15,0,0,125,2.39826
4.175,0,0,125,2.39441
4.2,0,0,125,2.39025
4.225,0,0,125,2.3858
4.25,0,0,125,2.38111
4.275,0,0,125,2.37619
4.3,0,0,125,2.37106
4.325,0,0,125,2.36572
4.35,0,0,125,2.36017
4.375,0,0,125,2.35441
4.4,0,0,125,2.34841
4.425,0,0,125,2.34216
4.45,0,0,125,2.33563
4.475,0,0,125,2.32879
4.5,0,0,125,2.3216
4.525,0,0,125,2.31402
4.55,0,0,125,2.30601
4.575,0,0,125,2.29753
4.6,0,0,125,2.28854
4.625,0,0,125,2.27903
4.65,0,0,125,2.26896
4.675,0,0,125,2.25833
4.7,0,0,125,2.24716
4.725,0,0,125,2.23548
4.75,0,0,125,2.22337
4.775,0,0,125,2.21095
4.8,0,0,125,2.19836
4.825,0,0,125,2.18582
4.85,0,0,125,2.1736
4.875,0,0,125,2.16204
4.9,0,0,125,2.15155
4.925,0,0,125,2.14255
4.95,0,0,125,2.13545
4.975,0,0,125,2.13056
5,0,0,125,2.12807
