0,0,0,125,-82.8441
0.025,0,0,125,-82.8446
0.05,0,0,125,-82.8455
0.075,0,0,125,-82.8468
0.1,0,0,125,-82.8484
0.125,0,0,125,-82.8503
0.15,0,0,125,-82.8523
0.175,0,0,125,-82.8544
0.2,0,0,125,-82.8566
0.225,0,0,125,-82.8588
0.25,0,0,125,-82.8611
0.275,0,0,125,-82.8633
0.3,0,0,125,-82.8655
0.325,0,0,125,-82.8677
0.35,0,0,125,-82.8698
0.375,0,0,125,-82.872
0.4,0,0,125,-82.8741
0.425,0,0,125,-82.8761
0.45,0,0,125,-82.8781
0.475,0,0,125,-82.8801
0.5,0,0,125,-82.8821
0.525,0,0,125,-82.884
0.55,0,0,125,-82.8859
0.575,0,0,125,-82.8878
0.6,0,0,125,-82.8897
0.625,0,0,125,-82.8915
0.65,0,0,125,-82.8934
0.675,0,0,125,-82.8952
0.7,0,0,125,-82.897
0.725,0,0,125,-82.8988
0.75,0,0,125,-82.9006
0.775,0,0,125,-82.9024
0.8,0,0,125,-82.9042
0.825,0,0,125,-82.906
0.85,0,0,125,-82.9078
0.875,0,0,125,-82.9096
0.9,0,0,125,-82.9114
0.925,0,0,125,-82.9133
0.95,0,0,125,-82.9151
0.975,0,0,125,-82.917
1,0,0,125,-82.9188
1.025,0,0,125,-82.9207
1.05,0,0,125,-82.9226
1.075,0,0,125,-82.9245
1.1,0,0,125,-82.9265
1.125,0,0,125,-82.9285
1.15,0,0,125,-82.9305
1.175,0,0,125,-82.9325
1.2,0,0,125,-82.9345
1.225,0,0,125,-82.9366
1.25,0,0,125,-82.9387
1.275,0,0,125,-82.9409
1.3,0,0,125,-82.9431
1.325,0,0,125,-82.9453
1.35,0,0,125,-82.9476
1.375,0,0,125,-82.9499
1.4,0,0,125,-82.9523
1.425,0,0,125,-82.9547
1.45,0,0,125,-82.9571
1.475,0,0,125,-82.9596
1.5,0,0,125,-82.9621
1.525,0,0,125,-82.9646
1.55,0,0,125,-82.9672
1.575,0,0,125,-82.9699
1.6,0,0,125,-82.9727
1.625,0,0,125,-82.9755
1.65,0,0,125,-82.9783
1.675,0,0,125,-82.9813
1.7,0,0,125,-82.9843
1.725,0,0,125,-82.9873
1.75,0,0,125,-82.9904
1.775,0,0,125,-82.9936
1.8,0,0,125,-82.9969
1.825,0,0,125,-83.0003
1.85,0,0,125,-83.0038
1.875,0,0,125,-83.0073
1.9,0,0,125,-83.0109
1.925,0,0,125,-83.0146
1.95,0,0,125,-83.0184
1.975,0,0,125,-83.0223
2,0,0,125,-83.0264
2.025,0,0,125,-83.0305
2.05,0,0,125,-83.0347
2.075,0,0,125,-83.0391
2.1,0,0,125,-83.0435
2.125,0,0,125,-83.0481
2.15,0,0,125,-83.0528
2.175,0,0,125,-83.0577
2.2,0,0,125,-83.0626
2.225,0,0,125,-83.0677
2.25,0,0,125,-83.073
2.275,0,0,125,-83.0784
2.3,0,0,125,-83.0839
2.325,0,0,125,-83.0896
2.35,0,0,125,-83.0954
2.375,0,0,125,-83.1013
2.4,0,0,125,-83.1073
2.425,0,0,125,-83.1135
2.45,0,0,125,-83.1199
2.475,0,0,125,-83.1263
2.5,0,0,125,-83.1329
2.525,0,0,125,-83.1396
2.55,0,0,125,-83.1464
2.575,0,0,125,-83.1534
2.6,0,0,125,-83.1604
2.625,0,0,125,-83.1676
2.65,0,0,125,-83.1748
2.675,0,0,125,-83.1822
2.7,0,0,125,-83.1897
2.725,0,0,125,-83.1973
2.75,0,0,125,-83.2051
2.775,0,0,125,-83.2129
2.8,0,0,125,-83.2207
2.825,0,0,125,-83.2287
2.85,0,0,125,-83.2368
2.875,0,0,125,-83.2449
2.9,0,0,125,-83.2531
2.925,0,0,125,-83.2614
2.95,0,0,125,-83.2697
2.975,0,0,125,-83.2781
3,0,0,125,-83.2865
3.025,0,0,125,-83.295
3.05,0,0,125,-83.3034
3.075,0,0,125,-83.3119
3.1,0,0,125,-83.3204
3.125,0,0,125,-83.3289
3.15,0,0,125,-83.3373
3.175,0,0,125,-83.3458
3.2,0,0,125,-83.3542
3.225,0,0,125,-83.3626
3.25,0,0,125,-83.3709
3.275,0,0,125,-83.3792
3.3,0,0,125,-83.3875
3.325,0,0,125,-83.3956
3.35,0,0,125,-83.4038
3.375,0,0,125,-83.4118
3.4,0,0,125,-83.4197
3.425,0,0,125,-83.4276
3.45,0,0,125,-83.4353
3.475,0,0,125,-83.4429
3.5,0,0,125,-83.4505
3.525,0,0,125,-83.4578
3.55,0,0,125,-83.4651
3.575,0,0,125,-83.4722
3.6,0,0,125,-83.4791
3.625,0,0,125,-83.486
3.65,0,0,125,-83.4927
3.675,0,0,125,-83.4992
3.7,0,0,125,-83.5056
3.725,0,0,125,-83.5118
3.75,0,0,125,-83.5179
3.775,0,0,125,-83.5238
3.8,0,0,125,-83.5295
3.825,0,0,125,-83.5351
3.85,0,0,125,-83.5405
3.875,0,0,125,-83.5457
3.9,0,0,125,-83.5508
3.925,0,0,125,-83.5557
3.95,0,0,125,-83.5604
3.975,0,0,125,-83.565
4,0,0,125,-83.5693
4.025,0,0,125,-83.5735
4.05,0,0,125,-83.5775
4.075,0,0,125,-83.5814
4.1,0,0,125,-83.5851
4.125,0,0,125,-83.5887
4.15,0,0,125,-83.5921
4.175,0,0,125,-83.5953
4.2,0,0,125,-83.5983
4.225,0,0,125,-83.6013
4.25,0,0,125,-83.604
4.275,0,0,125,-83.6066
4.3,0,0,125,-83.6091
4.325,0,0,125,-83.6114
4.35,0,0,125,-83.6136
4.375,0,0,125,-83.6157
4.4,0,0,125,-83.6176
4.425,0,0,125,-83.6194
4.45,0,0,125,-83.621
4.475,0,0,125,-83.6226
4.5,0,0,125,-83.624
4.525,0,0,125,-83.6253
4.55,0,0,125,-83.6266
4.575,0,0,125,-83.6277
4.6,0,0,125,-83.6287
4.625,0,0,125,-83.6296
4.65,0,0,125,-83.6304
4.675,0,0,125,-83.6311
4.7,0,0,125,-83.6318
4.725,0,0,125,-83.6323
4.75,0,0,125,-83.6328
4.775,0,0,125,-83.6332
4.8,0,0,125,-83.6335
4.825,0,0,125,-83.6338
4.85,0,0,125,-83.634
4.875,0,0,125,-83.6341
4.9,0,0,125,-83.6342
4.925,0,0,125,-83.6343
4.95,0,0,125,-83.6343
4.975,0,0,125,-83.6343
5,0,0,125,-83.6343
