0,0,0,125,-83.1248
0.025,0,0,125,-83.1252
0.05,0,0,125,-83.126
0.075,0,0,125,-83.1272
0.1,0,0,125,-83.1286
0.125,0,0,125,-83.1302
0.15,0,0,125,-83.132
0.175,0,0,125,-83.1338
0.2,0,0,125,-83.1357
0.225,0,0,125,-83.1377
0.25,0,0,125,-83.1396
0.275,0,0,125,-83.1416
0.3,0,0,125,-83.1435
0.325,0,0,125,-83.1454
0.35,0,0,125,-83.1473
0.375,0,0,125,-83.1492
0.4,0,0,125,-83.1511
0.425,0,0,125,-83.1529
0.45,0,0,125,-83.1548
0.475,0,0,125,-83.1565
0.5,0,0,125,-83.1583
0.525,0,0,125,-83.16
0.55,0,0,125,-83.1617
0.575,0,0,125,-83.1633
0.6,0,0,125,-83.165
0.625,0,0,125,-83.1666
0.65,0,0,125,-83.1683
0.675,0,0,125,-83.1699
0.7,0,0,125,-83.1715
0.725,0,0,125,-83.1731
0.75,0,0,125,-83.1747
0.775,0,0,125,-83.1762
0.8,0,0,125,-83.1778
0.825,0,0,125,-83.1793
0.85,0,0,125,-83.1809
0.875,0,0,125,-83.1825
0.9,0,0,125,-83.1841
0.925,0,0,125,-83.1857
0.95,0,0,125,-83.1873
0.975,0,0,125,-83.189
1,0,0,125,-83.1906
1.025,0,0,125,-83.1923
1.05,0,0,125,-83.194
1.075,0,0,125,-83.1956
1.1,0,0,125,-83.1973
1.125,0,0,125,-83.199
1.15,0,0,125,-83.2008
1.175,0,0,125,-83.2025
1.2,0,0,125,-83.2044
1.225,0,0,125,-83.2062
1.25,0,0,125,-83.2081
1.275,0,0,125,-83.21
1.3,0,0,125,-83.212
1.325,0,0,125,-83.214
1.35,0,0,125,-83.216
1.375,0,0,125,-83.2181
1.4,0,0,125,-83.2201
1.425,0,0,125,-83.2223
1.45,0,0,125,-83.2245
1.475,0,0,125,-83.2267
1.5,0,0,125,-83.2289
1.525,0,0,125,-83.2312
1.55,0,0,125,-83.2335
1.575,0,0,125,-83.2359
1.6,0,0,125,-83.2383
1.625,0,0,125,-83.2409
1.65,0,0,125,-83.2434
1.675,0,0,125,-83.2461
1.7,0,0,125,-83.2487
1.725,0,0,125,-83.2515
1.75,0,0,125,-83.2543
1.775,0,0,125,-83.2572
1.8,0,0,125,-83.2601
1.825,0,0,125,-83.2631
1.85,0,0,125,-83.2662
1.875,0,0,125,-83.2694
1.9,0,0,125,-83.2727
1.925,0,0,125,-83.276
1.95,0,0,125,-83.2795
1.975,0,0,125,-83.283
2,0,0,125,-83.2866
2.025,0,0,125,-83.2903
2.05,0,0,125,-83.2941
2.075,0,0,125,-83.298
2.1,0,0,125,-83.302
2.125,0,0,125,-83.3061
2.15,0,0,125,-83.3102
2.175,0,0,125,-83.3145
2.2,0,0,125,-83.3188
2.225,0,0,125,-83.3233
2.25,0,0,125,-83.3279
2.275,0,0,125,-83.3326
2.3,0,0,125,-83.3375
2.325,0,0,125,-83.3424
2.35,0,0,125,-83.3474
2.375,0,0,125,-83.3526
2.4,0,0,125,-83.3579
2.425,0,0,125,-83.3633
2.45,0,0,125,-83.3688
2.475,0,0,125,-83.3744
2.5,0,0,125,-83.3801
2.525,0,0,125,-83.3859
2.55,0,0,125,-83.3918
2.575,0,0,125,-83.3979
2.6,0,0,125,-83.404
2.625,0,0,125,-83.4103
2.65,0,0,125,-83.4167
2.675,0,0,125,-83.4231
2.7,0,0,125,-83.4297
2.725,0,0,125,-83.4363
2.75,0,0,125,-83.4431
2.775,0,0,125,-83.4498
2.8,0,0,125,-83.4567
2.825,0,0,125,-83.4636
2.85,0,0,125,-83.4706
2.875,0,0,125,-83.4776
2.9,0,0,125,-83.4847
2.925,0,0,125,-83.4918
2.95,0,0,125,-83.499
2.975,0,0,125,-83.5062
3,0,0,125,-83.5134
3.025,0,0,125,-83.5207
3.05,0,0,125,-83.528
3.075,0,0,125,-83.5353
3.1,0,0,125,-83.5426
3.125,0,0,125,-83.5499
3.15,0,0,125,-83.5572
3.175,0,0,125,-83.5644
3.2,0,0,125,-83.5717
3.225,0,0,125,-83.5788
3.25,0,0,125,-83.586
3.275,0,0,125,-83.5931
3.3,0,0,125,-83.6001
3.325,0,0,125,-83.6071
3.35,0,0,125,-83.614
3.375,0,0,125,-83.6208
3.4,0,0,125,-83.6276
3.425,0,0,125,-83.6342
3.45,0,0,125,-83.6408
3.475,0,0,125,-83.6472
3.5,0,0,125,-83.6536
3.525,0,0,125,-83.6599
3.55,0,0,125,-83.6661
3.575,0,0,125,-83.6721
3.6,0,0,125,-83.6781
3.625,0,0,125,-83.6838
3.65,0,0,125,-83.6895
3.675,0,0,125,-83.695
3.7,0,0,125,-83.7004
3.725,0,0,125,-83.7056
3.75,0,0,125,-83.7107
3.775,0,0,125,-83.7156
3.8,0,0,125,-83.7205
3.825,0,0,125,-83.7251
3.85,0,0,125,-83.7297
3.875,0,0,125,-83.7341
3.9,0,0,125,-83.7384
3.925,0,0,125,-83.7425
3.95,0,0,125,-83.7465
3.975,0,0,125,-83.7503
4,0,0,125,-83.754
4.025,0,0,125,-83.7576
4.05,0,0,125,-83.761
4.075,0,0,125,-83.7643
4.1,0,0,125,-83.7674
4.125,0,0,125,-83.7704
4.15,0,0,125,-83.7733
4.175,0,0,125,-83.776
4.2,0,0,125,-83.7786
4.225,0,0,125,-83.7811
4.25,0,0,125,-83.7834
4.275,0,0,125,-83.7857
4.3,0,0,125,-83.7878
4.325,0,0,125,-83.7898
4.35,0,0,125,-83.7916
4.375,0,0,125,-83.7934
4.4,0,0,125,-83.795
4.425,0,0,125,-83.7966
4.45,0,0,125,-83.798
4.475,0,0,125,-83.7993
4.5,0,0,125,-83.8006
4.525,0,0,125,-83.8017
4.55,0,0,125,-83.8028
4.575,0,0,125,-83.8038
4.6,0,0,125,-83.8046
4.625,0,0,125,-83.8054
4.65,0,0,125,-83.8061
4.675,0,0,125,-83.8068
4.7,0,0,125,-83.8073
4.725,0,0,125,-83.8078
4.75,0,0,125,-83.8083
4.775,0,0,125,-83.8086
4.8,0,0,125,-83.8089
4.825,0,0,125,-83.8092
4.85,0,0,125,-83.8094
4.875,0,0,125,-83.8095
4.9,0,0,125,-83.8096
4.925,0,0,125,-83.8097
4.95,0,0,125,-83.8097
4.975,0,0,125,-83.8097
5,0,0,125,-83.8097
