0,0,0,125,-84.0032
0.025,0,0,125,-84.0033
0.05,0,0,125,-84.0037
0.075,0,0,125,-84.0041
0.1,0,0,125,-84.0047
0.125,0,0,125,-84.0054
0.15,0,0,125,-84.0062
0.175,0,0,125,-84.007
0.2,0,0,125,-84.0078
0.225,0,0,125,-84.0086
0.25,0,0,125,-84.0094
0.275,0,0,125,-84.0103
0.3,0,0,125,-84.0111
0.325,0,0,125,-84.012
0.35,0,0,125,-84.0128
0.375,0,0,125,-84.0136
0.4,0,0,125,-84.0145
0.425,0,0,125,-84.0153
0.45,0,0,125,-84.0161
0.475,0,0,125,-84.0169
0.5,0,0,125,-84.0177
0.525,0,0,125,-84.0184
0.55,0,0,125,-84.0192
0.575,0,0,125,-84.0199
0.6,0,0,125,-84.0207
0.625,0,0,125,-84.0214
0.65,0,0,125,-84.0221
0.675,0,0,125,-84.0229
0.7,0,0,125,-84.0236
0.725,0,0,125,-84.0243
0.75,0,0,125,-84.025
0.775,0,0,125,-84.0258
0.8,0,0,125,-84.0265
0.825,0,0,125,-84.0273
0.85,0,0,125,-84.028
0.875,0,0,125,-84.0288
0.9,0,0,125,-84.0295
0.925,0,0,125,-84.0303
0.95,0,0,125,-84.031
0.975,0,0,125,-84.0317
1,0,0,125,-84.0325
1.025,0,0,125,-84.0332
1.05,0,0,125,-84.034
1.075,0,0,125,-84.0348
1.1,0,0,125,-84.0356
1.125,0,0,125,-84.0364
1.15,0,0,125,-84.0372
1.175,0,0,125,-84.038
1.2,0,0,125,-84.0389
1.225,0,0,125,-84.0398
1.25,0,0,125,-84.0407
1.275,0,0,125,-84.0416
1.3,0,0,125,-84.0425
1.325,0,0,125,-84.0434
1.35,0,0,125,-84.0444
1.375,0,0,125,-84.0453
1.4,0,0,125,-84.0463
1.425,0,0,125,-84.0473
1.45,0,0,125,-84.0483
1.475,0,0,125,-84.0493
1.5,0,0,125,-84.0503
1.525,0,0,125,-84.0514
1.55,0,0,125,-84.0525
1.575,0,0,125,-84.0535
1.6,0,0,125,-84.0546
1.625,0,0,125,-84.0557
1.65,0,0,125,-84.0568
1.675,0,0,125,-84.058
1.7,0,0,125,-84.0591
1.725,0,0,125,-84.0604
1.75,0,0,125,-84.0616
1.775,0,0,125,-84.0629
1.8,0,0,125,-84.0642
1.825,0,0,125,-84.0655
1.85,0,0,125,-84.0669
1.875,0,0,125,-84.0684
1.9,0,0,125,-84.0698
1.925,0,0,125,-84.0713
1.95,0,0,125,-84.0728
1.975,0,0,125,-84.0744
2,0,0,125,-84.076
2.025,0,0,125,-84.0777
2.05,0,0,125,-84.0793
2.075,0,0,125,-84.0811
2.1,0,0,125,-84.0828
2.125,0,0,125,-84.0846
2.15,0,0,125,-84.0864
2.175,0,0,125,-84.0883
2.2,0,0,125,-84.0901
2.225,0,0,125,-84.0921
2.25,0,0,125,-84.094
2.275,0,0,125,-84.096
2.3,0,0,125,-84.0981
2.325,0,0,125,-84.1002
2.35,0,0,125,-84.1024
2.375,0,0,125,-84.1047
2.4,0,0,125,-84.107
2.425,0,0,125,-84.1094
2.45,0,0,125,-84.1118
2.475,0,0,125,-84.1143
2.5,0,0,125,-84.1168
2.525,0,0,125,-84.1194
2.55,0,0,125,-84.1219
2.575,0,0,125,-84.1246
2.6,0,0,125,-84.1272
2.625,0,0,125,-84.13
2.65,0,0,125,-84.1327
2.675,0,0,125,-84.1355
2.7,0,0,125,-84.1383
2.725,0,0,125,-84.1412
2.75,0,0,125,-84.1441
2.775,0,0,125,-84.147
2.8,0,0,125,-84.1499
2.825,0,0,125,-84.1528
2.85,0,0,125,-84.1558
2.875,0,0,125,-84.1587
2.9,0,0,125,-84.1617
2.925,0,0,125,-84.1647
2.95,0,0,125,-84.1677
2.975,0,0,125,-84.1707
3,0,0,125,-84.1737
3.025,0,0,125,-84.1767
3.05,0,0,125,-84.1797
3.075,0,0,125,-84.1827
3.1,0,0,125,-84.1858
3.125,0,0,125,-84.1888
3.15,0,0,125,-84.1919
3.175,0,0,125,-84.1948
3.2,0,0,125,-84.1978
3.225,0,0,125,-84.2008
3.25,0,0,125,-84.2038
3.275,0,0,125,-84.2067
3.3,0,0,125,-84.2096
3.325,0,0,125,-84.2125
3.35,0,0,125,-84.2154
3.375,0,0,125,-84.2182
3.4,0,0,125,-84.2211
3.425,0,0,125,-84.2238
3.45,0,0,125,-84.2266
3.475,0,0,125,-84.2293
3.5,0,0,125,-84.2319
3.525,0,0,125,-84.2345
3.55,0,0,125,-84.2371
3.575,0,0,125,-84.2396
3.6,0,0,125,-84.2421
3.625,0,0,125,-84.2445
3.65,0,0,125,-84.2468
3.675,0,0,125,-84.249
3.7,0,0,125,-84.2512
3.725,0,0,125,-84.2534
3.75,0,0,125,-84.2555
3.775,0,0,125,-84.2575
3.8,0,0,125,-84.2594
3.825,0,0,125,-84.2613
3.85,0,0,125,-84.2631
3.875,0,0,125,-84.2649
3.9,0,0,125,-84.2666
3.925,0,0,125,-84.2682
3.95,0,0,125,-84.2698
3.975,0,0,125,-84.2713
4,0,0,125,-84.2727
4.025,0,0,125,-84.2741
4.05,0,0,125,-84.2754
4.075,0,0,125,-84.2766
4.1,0,0,125,-84.2778
4.125,0,0,125,-84.2789
4.15,0,0,125,-84.28
4.175,0,0,125,-84.281
4.2,0,0,125,-84.2819
4.225,0,0,125,-84.2829
4.25,0,0,125,-84.2837
4.275,0,0,125,-84.2846
4.3,0,0,125,-84.2854
4.325,0,0,125,-84.2862
4.35,0,0,125,-84.2869
4.375,0,0,125,-84.2876
4.4,0,0,125,-84.2882
4.425,0,0,125,-84.2889
4.45,0,0,125,-84.2894
4.475,0,0,125,-84.29
4.5,0,0,125,-84.2905
4.525,0,0,125,-84.291
4.55,0,0,125,-84.2914
4.575,0,0,125,-84.2918
4.6,0,0,125,-84.2921
4.625,0,0,125,-84.2924
4.65,0,0,125,-84.2927
4.675,0,0,125,-84.2929
4.7,0,0,125,-84.2931
4.725,0,0,125,-84.2933
4.75,0,0,125,-84.2935
4.775,0,0,125,-84.2936
4.8,0,0,125,-84.2938
4.825,0,0,125,-84.2939
4.85,0,0,125,-84.294
4.875,0,0,125,-84.2941
4.9,0,0,125,-84.2941
4.925,0,0,125,-84.2942
4.95,0,0,125,-84.2942
4.975,0,0,125,-84.2943
5,0,0,125,-84.2943
