0,0,0,125,4.76315
0.025,0,0,125,4.76722
0.05,0,0,125,4.7752
0.075,0,0,125,4.78673
0.1,0,0,125,4.8013
0.125,0,0,125,4.81829
0.15,0,0,125,4.83712
0.175,0,0,125,4.85727
0.2,0,0,125,4.87842
0.225,0,0,125,4.90035
0.25,0,0,125,4.92284
0.275,0,0,125,4.94576
0.3,0,0,125,4.96893
0.325,0,0,125,4.99222
0.35,0,0,125,5.01549
0.375,0,0,125,5.03863
0.4,0,0,125,5.06152
0.425,0,0,125,5.08404
0.45,0,0,125,5.10611
0.475,0,0,125,5.12761
0.5,0,0,125,5.14846
0.525,0,0,125,5.16855
0.55,0,0,125,5.18782
0.575,0,0,125,5.20617
0.6,0,0,125,5.22353
0.625,0,0,125,5.23982
0.65,0,0,125,5.25496
0.675,0,0,125,5.26888
0.7,0,0,125,5.2815
0.725,0,0,125,5.29275
0.75,0,0,125,5.30255
0.775,0,0,125,5.31083
0.8,0,0,125,5.31752
0.825,0,0,125,5.32254
0.85,0,0,125,5.32581
0.875,0,0,125,5.32727
0.9,0,0,125,5.32683
0.925,0,0,125,5.32441
0.95,0,0,125,5.31994
0.975,0,0,125,5.31333
1,0,0,125,5.30451
1.025,0,0,125,5.29338
1.05,0,0,125,5.27987
1.075,0,0,125,5.26389
1.1,0,0,125,5.24535
1.125,0,0,125,5.22416
1.15,0,0,125,5.20022
1.175,0,0,125,5.17344
1.2,0,0,125,5.14373
1.225,0,0,125,5.11099
1.25,0,0,125,5.07512
1.275,0,0,125,5.03602
1.3,0,0,125,4.99359
1.325,0,0,125,4.94773
1.35,0,0,125,4.89832
1.375,0,0,125,4.84528
1.4,0,0,125,4.78848
1.425,0,0,125,4.72784
1.45,0,0,125,4.66323
1.475,0,0,125,4.59456
1.5,0,0,125,4.52173
1.525,0,0,125,4.44462
1.55,0,0,125,4.36313
1.575,0,0,125,4.27717
1.6,0,0,125,4.18662
1.625,0,0,125,4.09139
1.65,0,0,125,3.99138
1.675,0,0,125,3.88649
1.7,0,0,125,3.77663
1.725,0,0,125,3.66169
1.75,0,0,125,3.54159
1.775,0,0,125,3.41623
1.8,0,0,125,3.28551
1.825,0,0,125,3.14935
1.85,0,0,125,3.00765
1.875,0,0,125,2.86031
1.9,0,0,125,2.70724
1.925,0,0,125,2.54835
1.95,0,0,125,2.38354
1.975,0,0,125,2.2127
2,0,0,125,2.03573
2.025,0,0,125,1.85253
2.05,0,0,125,1.66299
2.075,0,0,125,1.46698
2.1,0,0,125,1.26439
2.125,0,0,125,1.0551
2.15,0,0,125,0.838974
2.175,0,0,125,0.615874
2.2,0,0,125,0.38566
2.225,0,0,125,0.148182
2.25,0,0,125,-0.0967143
2.275,0,0,125,-0.349191
2.3,0,0,125,-0.609416
2.325,0,0,125,-0.877563
2.35,0,0,125,-1.15381
2.375,0,0,125,-1.43835
2.4,0,0,125,-1.73138
2.425,0,0,125,-2.03308
2.45,0,0,125,-2.34366
2.475,0,0,125,-2.66334
2.5,0,0,125,-2.99231
2.525,0,0,125,-3.33078
2.55,0,0,125,-3.67898
2.575,0,0,125,-4.03712
2.6,0,0,125,-4.4054
2.625,0,0,125,-4.78404
2.65,0,0,125,-5.17324
2.675,0,0,125,-5.5732
2.7,0,0,125,-5.98411
2.725,0,0,125,-6.40615
2.75,0,0,125,-6.83949
2.775,0,0,125,-7.28429
2.8,0,0,125,-7.74069
2.825,0,0,125,-8.2088
2.85,0,0,125,-8.68873
2.875,0,0,125,-9.18054
2.9,0,0,125,-9.68429
2.925,0,0,125,-10.2
2.95,0,0,125,-10.7276
2.975,0,0,125,-11.2672
3,0,0,125,-11.8185
3.025,0,0,125,-12.3815
3.05,0,0,125,-12.956
3.075,0,0,125,-13.5418
3.1,0,0,125,-14.1387
3.125,0,0,125,-14.7464
3.15,0,0,125,-15.3644
3.175,0,0,125,-15.9925
3.2,0,0,125,-16.6301
3.225,0,0,125,-17.2769
3.25,0,0,125,-17.9322
3.275,0,0,125,-18.5956
3.3,0,0,125,-19.2664
3.325,0,0,125,-19.944
3.35,0,0,125,-20.6276
3.375,0,0,125,-21.3167
3.4,0,0,125,-22.0105
3.425,0,0,125,-22.7082
3.45,0,0,125,-23.4092
3.475,0,0,125,-24.1125
3.5,0,0,125,-24.8175
3.525,0,0,125,-25.5235
3.55,0,0,125,-26.2295
3.575,0,0,125,-26.9349
3.6,0,0,125,-27.6389
3.625,0,0,125,-28.3407
3.65,0,0,125,-29.0396
3.675,0,0,125,-29.7349
3.7,0,0,125,-30.4258
3.725,0,0,125,-31.1116
3.75,0,0,125,-31.7917
3.775,0,0,125,-32.4653
3.8,0,0,125,-33.1317
3.825,0,0,125,-33.7902
3.85,0,0,125,-34.4402
3.875,0,0,125,-35.081
3.9,0,0,125,-35.7119
3.925,0,0,125,-36.3323
3.95,0,0,125,-36.9416
3.975,0,0,125,-37.539
4,0,0,125,-38.124
4.025,0,0,125,-38.696
4.05,0,0,125,-39.2545
4.075,0,0,125,-39.7989
4.1,0,0,125,-40.3287
4.125,0,0,125,-40.8434
4.15,0,0,125,-41.3427
4.175,0,0,125,-41.826
4.2,0,0,125,-42.2932
4.225,0,0,125,-42.7438
4.25,0,0,125,-43.1777
4.275,0,0,125,-43.5946
4.3,0,0,125,-43.9944
4.325,0,0,125,-44.377
4.35,0,0,125,-44.7423
4.375,0,0,125,-45.0904
4.4,0,0,125,-45.4212
4.425,0,0,125,-45.735
4.45,0,0,125,-46.0319
4.475,0,0,125,-46.312
4.5,0,0,125,-46.5755
4.525,0,0,125,-46.8229
4.55,0,0,125,-47.0543
4.575,0,0,125,-47.2701
4.6,0,0,125,-47.4707
4.625,0,0,125,-47.6565
4.65,0,0,125,-47.8279
4.675,0,0,125,-47.9853
4.7,0,0,125,-48.1292
4.725,0,0,125,-48.2601
4.75,0,0,125,-48.3783
4.775,0,0,125,-48.4842
4.8,0,0,125,-48.5784
4.825,0,0,125,-48.6612
4.85,0,0,125,-48.7329
4.875,0,0,125,-48.7938
4.9,0,0,125,-48.8442
4.925,0,0,125,-48.8842
4.95,0,0,125,-48.9142
4.975,0,0,125,-48.934
5,0,0,125,-48.9439
