0,0,0,125,6.8494
0.025,0,0,125,6.85336
0.05,0,0,125,6.86112
0.075,0,0,125,6.87232
0.1,0,0,125,6.88642
0.125,0,0,125,6.90279
0.15,0,0,125,6.92081
0.175,0,0,125,6.93999
0.2,0,0,125,6.95998
0.225,0,0,125,6.98056
0.25,0,0,125,7.00153
0.275,0,0,125,7.02273
0.3,0,0,125,7.04402
0.325,0,0,125,7.06525
0.35,0,0,125,7.08632
0.375,0,0,125,7.10708
0.4,0,0,125,7.12745
0.425,0,0,125,7.14731
0.45,0,0,125,7.16656
0.475,0,0,125,7.18512
0.5,0,0,125,7.20289
0.525,0,0,125,7.21979
0.55,0,0,125,7.23574
0.575,0,0,125,7.25067
0.6,0,0,125,7.26449
0.625,0,0,125,7.27713
0.65,0,0,125,7.28853
0.675,0,0,125,7.2986
0.7,0,0,125,7.30728
0.725,0,0,125,7.31449
0.75,0,0,125,7.32017
0.775,0,0,125,7.32425
0.8,0,0,125,7.32665
0.825,0,0,125,7.3273
0.85,0,0,125,7.32613
0.875,0,0,125,7.32307
0.9,0,0,125,7.31804
0.925,0,0,125,7.31097
0.95,0,0,125,7.30177
0.975,0,0,125,7.29038
1,0,0,125,7.2767
1.025,0,0,125,7.26066
1.05,0,0,125,7.24217
1.075,0,0,125,7.22114
1.1,0,0,125,7.19749
1.125,0,0,125,7.17113
1.15,0,0,125,7.14196
1.175,0,0,125,7.10989
1.2,0,0,125,7.07483
1.225,0,0,125,7.03668
1.25,0,0,125,6.99533
1.275,0,0,125,6.95069
1.3,0,0,125,6.90266
1.325,0,0,125,6.85113
1.35,0,0,125,6.796
1.375,0,0,125,6.73717
1.4,0,0,125,6.67452
1.425,0,0,125,6.60797
1.45,0,0,125,6.53739
1.475,0,0,125,6.46269
1.5,0,0,125,6.38376
1.525,0,0,125,6.3005
1.55,0,0,125,6.21281
1.575,0,0,125,6.12058
1.6,0,0,125,6.02371
1.625,0,0,125,5.92211
1.65,0,0,125,5.81568
1.675,0,0,125,5.70432
1.7,0,0,125,5.58795
1.725,0,0,125,5.46646
1.75,0,0,125,5.33978
1.775,0,0,125,5.20781
1.8,0,0,125,5.07046
1.825,0,0,125,4.92766
1.85,0,0,125,4.77931
1.875,0,0,125,4.62533
1.9,0,0,125,4.46563
1.925,0,0,125,4.30014
1.95,0,0,125,4.12876
1.975,0,0,125,3.95142
2,0,0,125,3.76801
2.025,0,0,125,3.57846
2.05,0,0,125,3.38267
2.075,0,0,125,3.18054
2.1,0,0,125,2.97198
2.125,0,0,125,2.75689
2.15,0,0,125,2.53517
2.175,0,0,125,2.30669
2.2,0,0,125,2.07137
2.225,0,0,125,1.82907
2.25,0,0,125,1.57968
2.275,0,0,125,1.32308
2.3,0,0,125,1.05913
2.325,0,0,125,0.78772
2.35,0,0,125,0.508703
2.375,0,0,125,0.221945
2.4,0,0,125,-0.0726936
2.425,0,0,125,-0.375353
2.45,0,0,125,-0.686176
2.475,0,0,125,-1.00531
2.5,0,0,125,-1.33289
2.525,0,0,125,-1.66906
2.55,0,0,125,-2.01397
2.575,0,0,125,-2.36774
2.6,0,0,125,-2.73053
2.625,0,0,125,-3.10244
2.65,0,0,125,-3.48361
2.675,0,0,125,-3.87415
2.7,0,0,125,-4.27416
2.725,0,0,125,-4.68372
2.75,0,0,125,-5.10293
2.775,0,0,125,-5.53185
2.8,0,0,125,-5.97051
2.825,0,0,125,-6.41896
2.85,0,0,125,-6.87719
2.875,0,0,125,-7.3452
2.9,0,0,125,-7.82294
2.925,0,0,125,-8.31034
2.95,0,0,125,-8.80731
2.975,0,0,125,-9.31373
3,0,0,125,-9.82944
3.025,0,0,125,-10.3543
3.05,0,0,125,-10.8879
3.075,0,0,125,-11.4302
3.1,0,0,125,-11.9809
3.125,0,0,125,-12.5395
3.15,0,0,125,-13.1057
3.175,0,0,125,-13.6792
3.2,0,0,125,-14.2594
3.225,0,0,125,-14.8459
3.25,0,0,125,-15.4382
3.275,0,0,125,-16.0357
3.3,0,0,125,-16.6378
3.325,0,0,125,-17.244
3.35,0,0,125,-17.8535
3.375,0,0,125,-18.4657
3.4,0,0,125,-19.08
3.425,0,0,125,-19.6956
3.45,0,0,125,-20.3119
3.475,0,0,125,-20.928
3.5,0,0,125,-21.5432
3.525,0,0,125,-22.1569
3.55,0,0,125,-22.7682
3.575,0,0,125,-23.3765
3.6,0,0,125,-23.9809
3.625,0,0,125,-24.5809
3.65,0,0,125,-25.1756
3.675,0,0,125,-25.7644
3.7,0,0,125,-26.3466
3.725,0,0,125,-26.9215
3.75,0,0,125,-27.4886
3.775,0,0,125,-28.0472
3.8,0,0,125,-28.5967
3.825,0,0,125,-29.1365
3.85,0,0,125,-29.6662
3.875,0,0,125,-30.1851
3.9,0,0,125,-30.6928
3.925,0,0,125,-31.1889
3.95,0,0,125,-31.6728
3.975,0,0,125,-32.1442
4,0,0,125,-32.6027
4.025,0,0,125,-33.0479
4.05,0,0,125,-33.4796
4.075,0,0,125,-33.8973
4.1,0,0,125,-34.3009
4.125,0,0,125,-34.6901
4.15,0,0,125,-35.0648
4.175,0,0,125,-35.4247
4.2,0,0,125,-35.7698
4.225,0,0,125,-36.1
4.25,0,0,125,-36.4152
4.275,0,0,125,-36.7155
4.3,0,0,125,-37.0008
4.325,0,0,125,-37.2713
4.35,0,0,125,-37.5271
4.375,0,0,125,-37.7684
4.4,0,0,125,-37.9953
4.425,0,0,125,-38.208
4.45,0,0,125,-38.407
4.475,0,0,125,-38.5924
4.5,0,0,125,-38.7647
4.525,0,0,125,-38.9243
4.55,0,0,125,-39.0715
4.575,0,0,125,-39.2067
4.6,0,0,125,-39.3306
4.625,0,0,125,-39.4436
4.65,0,0,125,-39.5461
4.675,0,0,125,-39.6388
4.7,0,0,125,-39.7221
4.725,0,0,125,-39.7965
4.75,0,0,125,-39.8627
4.775,0,0,125,-39.9212
4.8,0,0,125,-39.9723
4.825,0,0,125,-40.0166
4.85,0,0,125,-40.0545
4.875,0,0,125,-40.0863
4.9,0,0,125,-40.1124
4.925,0,0,125,-40.1329
4.95,0,0,125,-40.1482
4.975,0,0,125,-40.1582
5,0,0,125,-40.1633
