0,0,0,125,-84.3589
0.025,0,0,125,-84.3589
0.05,0,0,125,-84.3591
0.075,0,0,125,-84.3592
0.1,0,0,125,-84.3595
0.125,0,0,125,-84.3597
0.15,0,0,125,-84.36
0.175,0,0,125,-84.3603
0.2,0,0,125,-84.3606
0.225,0,0,125,-84.3609
0.25,0,0,125,-84.3613
0.275,0,0,125,-84.3616
0.3,0,0,125,-84.362
0.325,0,0,125,-84.3623
0.35,0,0,125,-84.3627
0.375,0,0,125,-84.363
0.4,0,0,125,-84.3633
0.425,0,0,125,-84.3637
0.45,0,0,125,-84.364
0.475,0,0,125,-84.3643
0.5,0,0,125,-84.3646
0.525,0,0,125,-84.3648
0.55,0,0,125,-84.3651
0.575,0,0,125,-84.3654
0.6,0,0,125,-84.3656
0.625,0,0,125,-84.3659
0.65,0,0,125,-84.3661
0.675,0,0,125,-84.3664
0.7,0,0,125,-84.3666
0.725,0,0,125,-84.3669
0.75,0,0,125,-84.3671
0.775,0,0,125,-84.3674
0.8,0,0,125,-84.3676
0.825,0,0,125,-84.3679
0.85,0,0,125,-84.3681
0.875,0,0,125,-84.3684
0.9,0,0,125,-84.3686
0.925,0,0,125,-84.3689
0.95,0,0,125,-84.3691
0.975,0,0,125,-84.3694
1,0,0,125,-84.3697
1.025,0,0,125,-84.3699
1.05,0,0,125,-84.3702
1.075,0,0,125,-84.3705
1.1,0,0,125,-84.3708
1.125,0,0,125,-84.3711
1.15,0,0,125,-84.3714
1.175,0,0,125,-84.3717
1.2,0,0,125,-84.372
1.225,0,0,125,-84.3723
1.25,0,0,125,-84.3727
1.275,0,0,125,-84.373
1.3,0,0,125,-84.3734
1.325,0,0,125,-84.3738
1.35,0,0,125,-84.3741
1.375,0,0,125,-84.3745
1.4,0,0,125,-84.3749
1.425,0,0,125,-84.3753
1.45,0,0,125,-84.3758
1.475,0,0,125,-84.3762
1.5,0,0,125,-84.3766
1.525,0,0,125,-84.3771
1.55,0,0,125,-84.3775
1.575,0,0,125,-84.378
1.6,0,0,125,-84.3785
1.625,0,0,125,-84.379
1.65,0,0,125,-84.3795
1.675,0,0,125,-84.38
1.7,0,0,125,-84.3805
1.725,0,0,125,-84.381
1.75,0,0,125,-84.3815
1.775,0,0,125,-84.3821
1.8,0,0,125,-84.3826
1.825,0,0,125,-84.3832
1.85,0,0,125,-84.3838
1.875,0,0,125,-84.3844
1.9,0,0,125,-84.385
1.925,0,0,125,-84.3856
1.95,0,0,125,-84.3862
1.975,0,0,125,-84.3868
2,0,0,125,-84.3874
2.025,0,0,125,-84.3881
2.05,0,0,125,-84.3887
2.075,0,0,125,-84.3894
2.1,0,0,125,-84.39
2.125,0,0,125,-84.3907
2.15,0,0,125,-84.3914
2.175,0,0,125,-84.3921
2.2,0,0,125,-84.3928
2.225,0,0,125,-84.3936
2.25,0,0,125,-84.3943
2.275,0,0,125,-84.3951
2.3,0,0,125,-84.396
2.325,0,0,125,-84.3968
2.35,0,0,125,-84.3977
2.375,0,0,125,-84.3986
2.4,0,0,125,-84.3995
2.425,0,0,125,-84.4004
2.45,0,0,125,-84.4013
2.475,0,0,125,-84.4023
2.5,0,0,125,-84.4032
2.525,0,0,125,-84.4042
2.55,0,0,125,-84.4052
2.575,0,0,125,-84.4062
2.6,0,0,125,-84.4072
2.625,0,0,125,-84.4083
2.65,0,0,125,-84.4093
2.675,0,0,125,-84.4104
2.7,0,0,125,-84.4115
2.725,0,0,125,-84.4126
2.75,0,0,125,-84.4137
2.775,0,0,125,-84.4148
2.8,0,0,125,-84.416
2.825,0,0,125,-84.4172
2.85,0,0,125,-84.4183
2.875,0,0,125,-84.4195
2.9,0,0,125,-84.4207
2.925,0,0,125,-84.4219
2.95,0,0,125,-84.4231
2.975,0,0,125,-84.4243
3,0,0,125,-84.4255
3.025,0,0,125,-84.4267
3.05,0,0,125,-84.4278
3.075,0,0,125,-84.429
3.1,0,0,125,-84.4301
3.125,0,0,125,-84.4313
3.15,0,0,125,-84.4324
3.175,0,0,125,-84.4335
3.2,0,0,125,-84.4346
3.225,0,0,125,-84.4357
3.25,0,0,125,-84.4368
3.275,0,0,125,-84.4378
3.3,0,0,125,-84.4389
3.325,0,0,125,-84.4399
3.35,0,0,125,-84.441
3.375,0,0,125,-84.442
3.4,0,0,125,-84.443
3.425,0,0,125,-84.444
3.45,0,0,125,-84.4449
3.475,0,0,125,-84.4459
3.5,0,0,125,-84.4468
3.525,0,0,125,-84.4478
3.55,0,0,125,-84.4487
3.575,0,0,125,-84.4496
3.6,0,0,125,-84.4505
3.625,0,0,125,-84.4514
3.65,0,0,125,-84.4522
3.675,0,0,125,-84.4531
3.7,0,0,125,-84.4539
3.725,0,0,125,-84.4547
3.75,0,0,125,-84.4555
3.775,0,0,125,-84.4562
3.8,0,0,125,-84.457
3.825,0,0,125,-84.4577
3.85,0,0,125,-84.4584
3.875,0,0,125,-84.459
3.9,0,0,125,-84.4596
3.925,0,0,125,-84.4602
3.95,0,0,125,-84.4608
3.975,0,0,125,-84.4614
4,0,0,125,-84.4619
4.025,0,0,125,-84.4624
4.05,0,0,125,-84.4629
4.075,0,0,125,-84.4634
4.1,0,0,125,-84.4639
4.125,0,0,125,-84.4643
4.15,0,0,125,-84.4648
4.175,0,0,125,-84.4652
4.2,0,0,125,-84.4656
4.225,0,0,125,-84.466
4.25,0,0,125,-84.4664
4.275,0,0,125,-84.4667
4.3,0,0,125,-84.4671
4.325,0,0,125,-84.4674
4.35,0,0,125,-84.4677
4.375,0,0,125,-84.468
4.4,0,0,125,-84.4683
4.425,0,0,125,-84.4686
4.45,0,0,125,-84.4688
4.475,0,0,125,-84.4691
4.5,0,0,125,-84.4693
4.525,0,0,125,-84.4695
4.55,0,0,125,-84.4697
4.575,0,0,125,-84.4699
4.6,0,0,125,-84.47
4.625,0,0,125,-84.4702
4.65,0,0,125,-84.4703
4.675,0,0,125,-84.4704
4.7,0,0,125,-84.4705
4.725,0,0,125,-84.4706
4.75,0,0,125,-84.4707
4.775,0,0,125,-84.4707
4.8,0,0,125,-84.4708
4.825,0,0,125,-84.4708
4.85,0,0,125,-84.4708
4.875,0,0,125,-84.4708
4.9,0,0,125,-84.4708
4.925,0,0,125,-84.4707
4.95,0,0,125,-84.4707
4.975,0,0,125,-84.4707
5,0,0,125,-84.4707
