0,0,0,125,2.01707
0.025,0,0,125,2.02058
0.05,0,0,125,2.02747
0.075,0,0,125,2.03752
0.1,0,0,125,2.05035
0.125,0,0,125,2.06555
0.15,0,0,125,2.08272
0.175,0,0,125,2.10152
0.2,0,0,125,2.12174
0.225,0,0,125,2.14327
0.25,0,0,125,2.16597
0.275,0,0,125,2.18978
0.3,0,0,125,2.21459
0.325,0,0,125,2.24034
0.35,0,0,125,2.26694
0.375,0,0,125,2.29434
0.4,0,0,125,2.32247
0.425,0,0,125,2.35128
0.45,0,0,125,2.38072
0.475,0,0,125,2.41073
0.5,0,0,125,2.44128
0.525,0,0,125,2.47232
0.55,0,0,125,2.50383
0.575,0,0,125,2.53576
0.6,0,0,125,2.56808
0.625,0,0,125,2.60077
0.65,0,0,125,2.63379
0.675,0,0,125,2.66711
0.7,0,0,125,2.70073
0.725,0,0,125,2.73461
0.75,0,0,125,2.76874
0.775,0,0,125,2.80309
0.8,0,0,125,2.83765
0.825,0,0,125,2.87241
0.85,0,0,125,2.90734
0.875,0,0,125,2.94244
0.9,0,0,125,2.97769
0.925,0,0,125,3.01307
0.95,0,0,125,3.04857
0.975,0,0,125,3.08419
1,0,0,125,3.11991
1.025,0,0,125,3.15573
1.05,0,0,125,3.19163
1.075,0,0,125,3.2276
1.1,0,0,125,3.26365
1.125,0,0,125,3.29976
1.15,0,0,125,3.33592
1.175,0,0,125,3.37213
1.2,0,0,125,3.40838
1.225,0,0,125,3.44468
1.25,0,0,125,3.481
1.275,0,0,125,3.51736
1.3,0,0,125,3.55374
1.325,0,0,125,3.59014
1.35,0,0,125,3.62655
1.375,0,0,125,3.66298
1.4,0,0,125,3.69942
1.425,0,0,125,3.73586
1.45,0,0,125,3.77231
1.475,0,0,125,3.80876
1.5,0,0,125,3.84521
1.525,0,0,125,3.88165
1.55,0,0,125,3.91808
1.575,0,0,125,3.95451
1.6,0,0,125,3.99093
1.625,0,0,125,4.02734
1.65,0,0,125,4.06373
1.675,0,0,125,4.10011
1.7,0,0,125,4.13647
1.725,0,0,125,4.17281
1.75,0,0,125,4.20914
1.775,0,0,125,4.24544
1.8,0,0,125,4.28173
1.825,0,0,125,4.31799
1.85,0,0,125,4.35423
1.875,0,0,125,4.39044
1.9,0,0,125,4.42663
1.925,0,0,125,4.4628
1.95,0,0,125,4.49894
1.975,0,0,125,4.53505
2,0,0,125,4.57114
2.025,0,0,125,4.60719
2.05,0,0,125,4.64323
2.075,0,0,125,4.67923
2.1,0,0,125,4.7152
2.125,0,0,125,4.75114
2.15,0,0,125,4.78706
2.175,0,0,125,4.82294
2.2,0,0,125,4.85879
2.225,0,0,125,4.89462
2.25,0,0,125,4.93041
2.275,0,0,125,4.96617
2.3,0,0,125,5.0019
2.325,0,0,125,5.0376
2.35,0,0,125,5.07327
2.375,0,0,125,5.1089
2.4,0,0,125,5.14451
2.425,0,0,125,5.18008
2.45,0,0,125,5.21562
2.475,0,0,125,5.25113
2.5,0,0,125,5.2866
2.525,0,0,125,5.32205
2.55,0,0,125,5.35746
2.575,0,0,125,5.39284
2.6,0,0,125,5.42819
2.625,0,0,125,5.4635
2.65,0,0,125,5.49878
2.675,0,0,125,5.53403
2.7,0,0,125,5.56925
2.725,0,0,125,5.60443
2.75,0,0,125,5.63958
2.775,0,0,125,5.6747
2.8,0,0,125,5.70978
2.825,0,0,125,5.74483
2.85,0,0,125,5.77984
2.875,0,0,125,5.81482
2.9,0,0,125,5.84977
2.925,0,0,125,5.88468
2.95,0,0,125,5.91956
2.975,0,0,125,5.95441
3,0,0,125,5.98922
3.025,0,0,125,6.02399
3.05,0,0,125,6.05873
3.075,0,0,125,6.09343
3.1,0,0,125,6.12809
3.125,0,0,125,6.16272
3.15,0,0,125,6.19731
3.175,0,0,125,6.23186
3.2,0,0,125,6.26638
3.225,0,0,125,6.30086
3.25,0,0,125,6.3353
3.275,0,0,125,6.3697
3.3,0,0,125,6.40406
3.325,0,0,125,6.43838
3.35,0,0,125,6.47265
3.375,0,0,125,6.50689
3.4,0,0,125,6.54108
3.425,0,0,125,6.57522
3.45,0,0,125,6.60932
3.475,0,0,125,6.64338
3.5,0,0,125,6.67738
3.525,0,0,125,6.71133
3.55,0,0,125,6.74523
3.575,0,0,125,6.77908
3.6,0,0,125,6.81287
3.625,0,0,125,6.84661
3.65,0,0,125,6.88028
3.675,0,0,125,6.91389
3.7,0,0,125,6.94744
3.725,0,0,125,6.98092
3.75,0,0,125,7.01432
3.775,0,0,125,7.04765
3.8,0,0,125,7.0809
3.825,0,0,125,7.11407
3.85,0,0,125,7.14715
3.875,0,0,125,7.18014
3.9,0,0,125,7.21302
3.925,0,0,125,7.24581
3.95,0,0,125,7.27848
3.975,0,0,125,7.31103
4,0,0,125,7.34345
4.025,0,0,125,7.37575
4.05,0,0,125,7.40789
4.075,0,0,125,7.43989
4.1,0,0,125,7.47172
4.125,0,0,125,7.50337
4.15,0,0,125,7.53483
4.175,0,0,125,7.5661
4.2,0,0,125,7.59715
4.225,0,0,125,7.62796
4.25,0,0,125,7.65853
4.275,0,0,125,7.68883
4.3,0,0,125,7.71884
4.325,0,0,125,7.74853
4.35,0,0,125,7.77788
4.375,0,0,125,7.80686
4.4,0,0,125,7.83545
4.425,0,0,125,7.86361
4.45,0,0,125,7.89131
4.475,0,0,125,7.91851
4.5,0,0,125,7.94518
4.525,0,0,125,7.97126
4.55,0,0,125,7.99673
4.575,0,0,125,8.02151
4.6,0,0,125,8.04557
4.625,0,0,125,8.06885
4.65,0,0,125,8.09128
4.675,0,0,125,8.1128
4.7,0,0,125,8.13335
4.725,0,0,125,8.15285
4.75,0,0,125,8.17122
4.775,0,0,125,8.18838
4.8,0,0,125,8.20425
4.825,0,0,125,8.21874
4.85,0,0,125,8.23175
4.875,0,0,125,8.24318
4.9,0,0,125,8.25294
4.925,0,0,125,8.26091
4.95,0,0,125,8.267
4.975,0,0,125,8.27111
5,0,0,125,8.27318
