0,0,0,125,-83.3671
0.025,0,0,125,-83.3675
0.05,0,0,125,-83.3684
0.075,0,0,125,-83.3697
0.1,0,0,125,-83.3713
0.125,0,0,125,-83.3731
0.15,0,0,125,-83.375
0.175,0,0,125,-83.377
0.2,0,0,125,-83.379
0.225,0,0,125,-83.381
0.25,0,0,125,-83.383
0.275,0,0,125,-83.3849
0.3,0,0,125,-83.3867
0.325,0,0,125,-83.3883
0.35,0,0,125,-83.3899
0.375,0,0,125,-83.3913
0.4,0,0,125,-83.3925
0.425,0,0,125,-83.3936
0.45,0,0,125,-83.3945
0.475,0,0,125,-83.3952
0.5,0,0,125,-83.3957
0.525,0,0,125,-83.3961
0.55,0,0,125,-83.3961
0.575,0,0,125,-83.396
0.6,0,0,125,-83.3957
0.625,0,0,125,-83.3951
0.65,0,0,125,-83.3942
0.675,0,0,125,-83.3931
0.7,0,0,125,-83.3917
0.725,0,0,125,-83.3901
0.75,0,0,125,-83.3881
0.775,0,0,125,-83.3859
0.8,0,0,125,-83.3833
0.825,0,0,125,-83.3805
0.85,0,0,125,-83.3773
0.875,0,0,125,-83.3738
0.9,0,0,125,-83.37
0.925,0,0,125,-83.3659
0.95,0,0,125,-83.3613
0.975,0,0,125,-83.3564
1,0,0,125,-83.3511
1.025,0,0,125,-83.3455
1.05,0,0,125,-83.3394
1.075,0,0,125,-83.3329
1.1,0,0,125,-83.3259
1.125,0,0,125,-83.3185
1.15,0,0,125,-83.3106
1.175,0,0,125,-83.3022
1.2,0,0,125,-83.2934
1.225,0,0,125,-83.284
1.25,0,0,125,-83.274
1.275,0,0,125,-83.2635
1.3,0,0,125,-83.2524
1.325,0,0,125,-83.2406
1.35,0,0,125,-83.2283
1.375,0,0,125,-83.2152
1.4,0,0,125,-83.2015
1.425,0,0,125,-83.187
1.45,0,0,125,-83.1717
1.475,0,0,125,-83.1556
1.5,0,0,125,-83.1387
1.525,0,0,125,-83.1209
1.55,0,0,125,-83.1021
1.575,0,0,125,-83.0824
1.6,0,0,125,-83.0615
1.625,0,0,125,-83.0396
1.65,0,0,125,-83.0165
1.675,0,0,125,-82.9921
1.7,0,0,125,-82.9664
1.725,0,0,125,-82.9392
1.75,0,0,125,-82.9105
1.775,0,0,125,-82.8802
1.8,0,0,125,-82.8481
1.825,0,0,125,-82.8141
1.85,0,0,125,-82.7781
1.875,0,0,125,-82.7399
1.9,0,0,125,-82.6993
1.925,0,0,125,-82.6561
1.95,0,0,125,-82.6101
1.975,0,0,125,-82.5612
2,0,0,125,-82.5089
2.025,0,0,125,-82.4531
2.05,0,0,125,-82.3935
2.075,0,0,125,-82.3297
2.1,0,0,125,-82.2613
2.125,0,0,125,-82.188
2.15,0,0,125,-82.1094
2.175,0,0,125,-82.0249
2.2,0,0,125,-81.9341
2.225,0,0,125,-81.8365
2.25,0,0,125,-81.7314
2.275,0,0,125,-81.6184
2.3,0,0,125,-81.4966
2.325,0,0,125,-81.3656
2.35,0,0,125,-81.2244
2.375,0,0,125,-81.0724
2.4,0,0,125,-80.9087
2.425,0,0,125,-80.7326
2.45,0,0,125,-80.5431
2.475,0,0,125,-80.3394
2.5,0,0,125,-80.1204
2.525,0,0,125,-79.8854
2.55,0,0,125,-79.6333
2.575,0,0,125,-79.3631
2.6,0,0,125,-79.074
2.625,0,0,125,-78.7649
2.65,0,0,125,-78.4349
2.675,0,0,125,-78.0831
2.7,0,0,125,-77.7087
2.725,0,0,125,-77.3109
2.75,0,0,125,-76.8889
2.775,0,0,125,-76.4422
2.8,0,0,125,-75.9701
2.825,0,0,125,-75.4723
2.85,0,0,125,-74.9485
2.875,0,0,125,-74.3984
2.9,0,0,125,-73.8221
2.925,0,0,125,-73.2197
2.95,0,0,125,-72.5915
2.975,0,0,125,-71.9381
3,0,0,125,-71.26
3.025,0,0,125,-70.5582
3.05,0,0,125,-69.8336
3.075,0,0,125,-69.0875
3.1,0,0,125,-68.3211
3.125,0,0,125,-67.5361
3.15,0,0,125,-66.7341
3.175,0,0,125,-65.9169
3.2,0,0,125,-65.0863
3.225,0,0,125,-64.2445
3.25,0,0,125,-63.3933
3.275,0,0,125,-62.535
3.3,0,0,125,-61.6717
3.325,0,0,125,-60.8055
3.35,0,0,125,-59.9386
3.375,0,0,125,-59.073
3.4,0,0,125,-58.2109
3.425,0,0,125,-57.3541
3.45,0,0,125,-56.5046
3.475,0,0,125,-55.6642
3.5,0,0,125,-54.8344
3.525,0,0,125,-54.0169
3.55,0,0,125,-53.213
3.575,0,0,125,-52.4241
3.6,0,0,125,-51.6512
3.625,0,0,125,-50.8954
3.65,0,0,125,-50.1575
3.675,0,0,125,-49.4383
3.7,0,0,125,-48.7383
3.725,0,0,125,-48.0581
3.75,0,0,125,-47.3979
3.775,0,0,125,-46.7581
3.8,0,0,125,-46.1387
3.825,0,0,125,-45.5398
3.85,0,0,125,-44.9614
3.875,0,0,125,-44.4034
3.9,0,0,125,-43.8655
3.925,0,0,125,-43.3475
3.95,0,0,125,-42.8492
3.975,0,0,125,-42.3701
4,0,0,125,-41.9099
4.025,0,0,125,-41.4683
4.05,0,0,125,-41.0446
4.075,0,0,125,-40.6386
4.1,0,0,125,-40.2497
4.125,0,0,125,-39.8774
4.15,0,0,125,-39.5214
4.175,0,0,125,-39.181
4.2,0,0,125,-38.8558
4.225,0,0,125,-38.5454
4.25,0,0,125,-38.2492
4.275,0,0,125,-37.9669
4.3,0,0,125,-37.698
4.325,0,0,125,-37.442
4.35,0,0,125,-37.1986
4.375,0,0,125,-36.9674
4.4,0,0,125,-36.7479
4.425,0,0,125,-36.5398
4.45,0,0,125,-36.3428
4.475,0,0,125,-36.1565
4.5,0,0,125,-35.9807
4.525,0,0,125,-35.815
4.55,0,0,125,-35.6592
4.575,0,0,125,-35.513
4.6,0,0,125,-35.3762
4.625,0,0,125,-35.2485
4.65,0,0,125,-35.1298
4.675,0,0,125,-35.0199
4.7,0,0,125,-34.9186
4.725,0,0,125,-34.8257
4.75,0,0,125,-34.7412
4.775,0,0,125,-34.6648
4.8,0,0,125,-34.5966
4.825,0,0,125,-34.5363
4.85,0,0,125,-34.4838
4.875,0,0,125,-34.4392
4.9,0,0,125,-34.4022
4.925,0,0,125,-34.3728
4.95,0,0,125,-34.3508
4.975,0,0,125,-34.3362
5,0,0,125,-34.3289
