0,0,0,125,-83.3748
0.025,0,0,125,-83.3751
0.05,0,0,125,-83.3758
0.075,0,0,125,-83.3767
0.1,0,0,125,-83.3779
0.125,0,0,125,-83.3792
0.15,0,0,125,-83.3807
0.175,0,0,125,-83.3822
0.2,0,0,125,-83.3838
0.225,0,0,125,-83.3854
0.25,0,0,125,-83.387
0.275,0,0,125,-83.3887
0.3,0,0,125,-83.3903
0.325,0,0,125,-83.3919
0.35,0,0,125,-83.3935
0.375,0,0,125,-83.3951
0.4,0,0,125,-83.3966
0.425,0,0,125,-83.3982
0.45,0,0,125,-83.3997
0.475,0,0,125,-83.4012
0.5,0,0,125,-83.4027
0.525,0,0,125,-83.4042
0.55,0,0,125,-83.4056
0.575,0,0,125,-83.4071
0.6,0,0,125,-83.4085
0.625,0,0,125,-83.4099
0.65,0,0,125,-83.4113
0.675,0,0,125,-83.4127
0.7,0,0,125,-83.414
0.725,0,0,125,-83.4154
0.75,0,0,125,-83.4167
0.775,0,0,125,-83.4181
0.8,0,0,125,-83.4195
0.825,0,0,125,-83.4209
0.85,0,0,125,-83.4223
0.875,0,0,125,-83.4237
0.9,0,0,125,-83.4251
0.925,0,0,125,-83.4265
0.95,0,0,125,-83.4279
0.975,0,0,125,-83.4293
1,0,0,125,-83.4308
1.025,0,0,125,-83.4322
1.05,0,0,125,-83.4337
1.075,0,0,125,-83.4352
1.1,0,0,125,-83.4367
1.125,0,0,125,-83.4382
1.15,0,0,125,-83.4397
1.175,0,0,125,-83.4413
1.2,0,0,125,-83.4429
1.225,0,0,125,-83.4446
1.25,0,0,125,-83.4463
1.275,0,0,125,-83.448
1.3,0,0,125,-83.4497
1.325,0,0,125,-83.4514
1.35,0,0,125,-83.4532
1.375,0,0,125,-83.455
1.4,0,0,125,-83.4568
1.425,0,0,125,-83.4587
1.45,0,0,125,-83.4606
1.475,0,0,125,-83.4626
1.5,0,0,125,-83.4645
1.525,0,0,125,-83.4666
1.55,0,0,125,-83.4686
1.575,0,0,125,-83.4707
1.6,0,0,125,-83.4729
1.625,0,0,125,-83.4751
1.65,0,0,125,-83.4773
1.675,0,0,125,-83.4795
1.7,0,0,125,-83.4818
1.725,0,0,125,-83.4842
1.75,0,0,125,-83.4866
1.775,0,0,125,-83.4891
1.8,0,0,125,-83.4916
1.825,0,0,125,-83.4942
1.85,0,0,125,-83.4969
1.875,0,0,125,-83.4996
1.9,0,0,125,-83.5024
1.925,0,0,125,-83.5052
1.95,0,0,125,-83.5081
1.975,0,0,125,-83.5111
2,0,0,125,-83.5142
2.025,0,0,125,-83.5174
2.05,0,0,125,-83.5206
2.075,0,0,125,-83.524
2.1,0,0,125,-83.5274
2.125,0,0,125,-83.5309
2.15,0,0,125,-83.5344
2.175,0,0,125,-83.5381
2.2,0,0,125,-83.5419
2.225,0,0,125,-83.5457
2.25,0,0,125,-83.5496
2.275,0,0,125,-83.5537
2.3,0,0,125,-83.5578
2.325,0,0,125,-83.5621
2.35,0,0,125,-83.5664
2.375,0,0,125,-83.5708
2.4,0,0,125,-83.5754
2.425,0,0,125,-83.58
2.45,0,0,125,-83.5847
2.475,0,0,125,-83.5895
2.5,0,0,125,-83.5943
2.525,0,0,125,-83.5993
2.55,0,0,125,-83.6044
2.575,0,0,125,-83.6095
2.6,0,0,125,-83.6148
2.625,0,0,125,-83.6201
2.65,0,0,125,-83.6255
2.675,0,0,125,-83.631
2.7,0,0,125,-83.6366
2.725,0,0,125,-83.6422
2.75,0,0,125,-83.6479
2.775,0,0,125,-83.6537
2.8,0,0,125,-83.6595
2.825,0,0,125,-83.6653
2.85,0,0,125,-83.6713
2.875,0,0,125,-83.6773
2.9,0,0,125,-83.6833
2.925,0,0,125,-83.6893
2.95,0,0,125,-83.6954
2.975,0,0,125,-83.7015
3,0,0,125,-83.7076
3.025,0,0,125,-83.7137
3.05,0,0,125,-83.7199
3.075,0,0,125,-83.726
3.1,0,0,125,-83.7322
3.125,0,0,125,-83.7383
3.15,0,0,125,-83.7444
3.175,0,0,125,-83.7505
3.2,0,0,125,-83.7566
3.225,0,0,125,-83.7626
3.25,0,0,125,-83.7686
3.275,0,0,125,-83.7746
3.3,0,0,125,-83.7805
3.325,0,0,125,-83.7864
3.35,0,0,125,-83.7922
3.375,0,0,125,-83.798
3.4,0,0,125,-83.8036
3.425,0,0,125,-83.8092
3.45,0,0,125,-83.8147
3.475,0,0,125,-83.8202
3.5,0,0,125,-83.8255
3.525,0,0,125,-83.8308
3.55,0,0,125,-83.8359
3.575,0,0,125,-83.841
3.6,0,0,125,-83.8459
3.625,0,0,125,-83.8508
3.65,0,0,125,-83.8555
3.675,0,0,125,-83.8601
3.7,0,0,125,-83.8646
3.725,0,0,125,-83.869
3.75,0,0,125,-83.8732
3.775,0,0,125,-83.8774
3.8,0,0,125,-83.8814
3.825,0,0,125,-83.8854
3.85,0,0,125,-83.8892
3.875,0,0,125,-83.8929
3.9,0,0,125,-83.8964
3.925,0,0,125,-83.8999
3.95,0,0,125,-83.9033
3.975,0,0,125,-83.9065
4,0,0,125,-83.9096
4.025,0,0,125,-83.9126
4.05,0,0,125,-83.9155
4.075,0,0,125,-83.9183
4.1,0,0,125,-83.9209
4.125,0,0,125,-83.9234
4.15,0,0,125,-83.9258
4.175,0,0,125,-83.9281
4.2,0,0,125,-83.9303
4.225,0,0,125,-83.9323
4.25,0,0,125,-83.9343
4.275,0,0,125,-83.9362
4.3,0,0,125,-83.9379
4.325,0,0,125,-83.9395
4.35,0,0,125,-83.9411
4.375,0,0,125,-83.9425
4.4,0,0,125,-83.9439
4.425,0,0,125,-83.9452
4.45,0,0,125,-83.9464
4.475,0,0,125,-83.9475
4.5,0,0,125,-83.9485
4.525,0,0,125,-83.9494
4.55,0,0,125,-83.9503
4.575,0,0,125,-83.9511
4.6,0,0,125,-83.9518
4.625,0,0,125,-83.9524
4.65,0,0,125,-83.953
4.675,0,0,125,-83.9536
4.7,0,0,125,-83.954
4.725,0,0,125,-83.9544
4.75,0,0,125,-83.9548
4.775,0,0,125,-83.9551
4.8,0,0,125,-83.9553
4.825,0,0,125,-83.9555
4.85,0,0,125,-83.9557
4.875,0,0,125,-83.9558
4.9,0,0,125,-83.9559
4.925,0,0,125,-83.9559
4.95,0,0,125,-83.956
4.975,0,0,125,-83.956
5,0,0,125,-83.956
