0,0,0,125,-82.6691
0.025,0,0,125,-82.6689
0.05,0,0,125,-82.6683
0.075,0,0,125,-82.6674
0.1,0,0,125,-82.666
0.125,0,0,125,-82.664
0.15,0,0,125,-82.6611
0.175,0,0,125,-82.6571
0.2,0,0,125,-82.6521
0.225,0,0,125,-82.6458
0.25,0,0,125,-82.638
0.275,0,0,125,-82.6288
0.3,0,0,125,-82.6178
0.325,0,0,125,-82.6049
0.35,0,0,125,-82.5901
0.375,0,0,125,-82.573
0.4,0,0,125,-82.5534
0.425,0,0,125,-82.5312
0.45,0,0,125,-82.5061
0.475,0,0,125,-82.4778
0.5,0,0,125,-82.446
0.525,0,0,125,-82.4103
0.55,0,0,125,-82.3704
0.575,0,0,125,-82.3258
0.6,0,0,125,-82.2762
0.625,0,0,125,-82.221
0.65,0,0,125,-82.1597
0.675,0,0,125,-82.0916
0.7,0,0,125,-82.0161
0.725,0,0,125,-81.9325
0.75,0,0,125,-81.8399
0.775,0,0,125,-81.7375
0.8,0,0,125,-81.6244
0.825,0,0,125,-81.4993
0.85,0,0,125,-81.3613
0.875,0,0,125,-81.209
0.9,0,0,125,-81.0411
0.925,0,0,125,-80.856
0.95,0,0,125,-80.6522
0.975,0,0,125,-80.4277
1,0,0,125,-80.1808
1.025,0,0,125,-79.9094
1.05,0,0,125,-79.6112
1.075,0,0,125,-79.2838
1.1,0,0,125,-78.9248
1.125,0,0,125,-78.5313
1.15,0,0,125,-78.1006
1.175,0,0,125,-77.6296
1.2,0,0,125,-77.1152
1.225,0,0,125,-76.5542
1.25,0,0,125,-75.9432
1.275,0,0,125,-75.2789
1.3,0,0,125,-74.5579
1.325,0,0,125,-73.7771
1.35,0,0,125,-72.9333
1.375,0,0,125,-72.0235
1.4,0,0,125,-71.0453
1.425,0,0,125,-69.9965
1.45,0,0,125,-68.8756
1.475,0,0,125,-67.6816
1.5,0,0,125,-66.4143
1.525,0,0,125,-65.0746
1.55,0,0,125,-63.6639
1.575,0,0,125,-62.1851
1.6,0,0,125,-60.6419
1.625,0,0,125,-59.039
1.65,0,0,125,-57.3822
1.675,0,0,125,-55.6781
1.7,0,0,125,-53.9342
1.725,0,0,125,-52.1583
1.75,0,0,125,-50.3589
1.775,0,0,125,-48.5443
1.8,0,0,125,-46.7229
1.825,0,0,125,-44.9027
1.85,0,0,125,-43.0913
1.875,0,0,125,-41.2957
1.9,0,0,125,-39.5218
1.925,0,0,125,-37.7751
1.95,0,0,125,-36.0602
1.975,0,0,125,-34.3808
2,0,0,125,-32.7401
2.025,0,0,125,-31.1405
2.05,0,0,125,-29.5841
2.075,0,0,125,-28.0726
2.1,0,0,125,-26.6072
2.125,0,0,125,-25.1889
2.15,0,0,125,-23.8185
2.175,0,0,125,-22.4962
2.2,0,0,125,-21.2225
2.225,0,0,125,-19.9972
2.25,0,0,125,-18.82
2.275,0,0,125,-17.6907
2.3,0,0,125,-16.6084
2.325,0,0,125,-15.5724
2.35,0,0,125,-14.5817
2.375,0,0,125,-13.6351
2.4,0,0,125,-12.7315
2.425,0,0,125,-11.8696
2.45,0,0,125,-11.0479
2.475,0,0,125,-10.265
2.5,0,0,125,-9.5194
2.525,0,0,125,-8.80968
2.55,0,0,125,-8.13429
2.575,0,0,125,-7.49175
2.6,0,0,125,-6.88058
2.625,0,0,125,-6.29931
2.65,0,0,125,-5.74651
2.675,0,0,125,-5.22082
2.7,0,0,125,-4.72086
2.725,0,0,125,-4.24534
2.75,0,0,125,-3.79301
2.775,0,0,125,-3.36266
2.8,0,0,125,-2.95312
2.825,0,0,125,-2.56329
2.85,0,0,125,-2.19212
2.875,0,0,125,-1.8386
2.9,0,0,125,-1.50177
2.925,0,0,125,-1.18073
2.95,0,0,125,-0.874603
2.975,0,0,125,-0.582578
3,0,0,125,-0.303883
3.025,0,0,125,-0.0377918
3.05,0,0,125,0.216384
3.075,0,0,125,0.459293
3.1,0,0,125,0.691551
3.125,0,0,125,0.913732
3.15,0,0,125,1.12638
3.175,0,0,125,1.33001
3.2,0,0,125,1.52511
3.225,0,0,125,1.71211
3.25,0,0,125,1.89146
3.275,0,0,125,2.06355
3.3,0,0,125,2.22875
3.325,0,0,125,2.38742
3.35,0,0,125,2.53989
3.375,0,0,125,2.68647
3.4,0,0,125,2.82745
3.425,0,0,125,2.96311
3.45,0,0,125,3.0937
3.475,0,0,125,3.21948
3.5,0,0,125,3.34065
3.525,0,0,125,3.45745
3.55,0,0,125,3.57006
3.575,0,0,125,3.67868
3.6,0,0,125,3.78348
3.625,0,0,125,3.88463
3.65,0,0,125,3.98228
3.675,0,0,125,4.07659
3.7,0,0,125,4.16769
3.725,0,0,125,4.2557
3.75,0,0,125,4.34076
3.775,0,0,125,4.42297
3.8,0,0,125,4.50244
3.825,0,0,125,4.57928
3.85,0,0,125,4.65357
3.875,0,0,125,4.72541
3.9,0,0,125,4.79489
3.925,0,0,125,4.86209
3.95,0,0,125,4.92706
3.975,0,0,125,4.9899
4,0,0,125,5.05067
4.025,0,0,125,5.10943
4.05,0,0,125,5.16623
4.075,0,0,125,5.22114
4.1,0,0,125,5.2742
4.125,0,0,125,5.32547
4.15,0,0,125,5.37499
4.175,0,0,125,5.42281
4.2,0,0,125,5.46897
4.225,0,0,125,5.51351
4.25,0,0,125,5.55645
4.275,0,0,125,5.59785
4.3,0,0,125,5.63771
4.325,0,0,125,5.67609
4.35,0,0,125,5.71299
4.375,0,0,125,5.74845
4.4,0,0,125,5.78249
4.425,0,0,125,5.81512
4.45,0,0,125,5.84636
4.475,0,0,125,5.87623
4.5,0,0,125,5.90474
4.525,0,0,125,5.93189
4.55,0,0,125,5.95769
4.575,0,0,125,5.98214
4.6,0,0,125,6.00524
4.625,0,0,125,6.027
4.65,0,0,125,6.04739
4.675,0,0,125,6.06641
4.7,0,0,125,6.08406
4.725,0,0,125,6.10031
4.75,0,0,125,6.11516
4.775,0,0,125,6.12857
4.8,0,0,125,6.14055
4.825,0,0,125,6.15106
4.85,0,0,125,6.16012
4.875,0,0,125,6.16773
4.9,0,0,125,6.17395
4.925,0,0,125,6.17883
4.95,0,0,125,6.18244
4.975,0,0,125,6.18482
5,0,0,125,6.18601
