0,0,0,125,-83.499
0.025,0,0,125,-83.4993
0.05,0,0,125,-83.4999
0.075,0,0,125,-83.5007
0.1,0,0,125,-83.5018
0.125,0,0,125,-83.503
0.15,0,0,125,-83.5044
0.175,0,0,125,-83.5058
0.2,0,0,125,-83.5072
0.225,0,0,125,-83.5087
0.25,0,0,125,-83.5101
0.275,0,0,125,-83.5116
0.3,0,0,125,-83.5131
0.325,0,0,125,-83.5146
0.35,0,0,125,-83.516
0.375,0,0,125,-83.5174
0.4,0,0,125,-83.5188
0.425,0,0,125,-83.5202
0.45,0,0,125,-83.5216
0.475,0,0,125,-83.523
0.5,0,0,125,-83.5243
0.525,0,0,125,-83.5257
0.55,0,0,125,-83.527
0.575,0,0,125,-83.5283
0.6,0,0,125,-83.5296
0.625,0,0,125,-83.5308
0.65,0,0,125,-83.5321
0.675,0,0,125,-83.5333
0.7,0,0,125,-83.5346
0.725,0,0,125,-83.5358
0.75,0,0,125,-83.537
0.775,0,0,125,-83.5382
0.8,0,0,125,-83.5395
0.825,0,0,125,-83.5407
0.85,0,0,125,-83.542
0.875,0,0,125,-83.5433
0.9,0,0,125,-83.5445
0.925,0,0,125,-83.5458
0.95,0,0,125,-83.5471
0.975,0,0,125,-83.5484
1,0,0,125,-83.5498
1.025,0,0,125,-83.5511
1.05,0,0,125,-83.5524
1.075,0,0,125,-83.5538
1.1,0,0,125,-83.5551
1.125,0,0,125,-83.5565
1.15,0,0,125,-83.5579
1.175,0,0,125,-83.5593
1.2,0,0,125,-83.5607
1.225,0,0,125,-83.5622
1.25,0,0,125,-83.5637
1.275,0,0,125,-83.5653
1.3,0,0,125,-83.5669
1.325,0,0,125,-83.5685
1.35,0,0,125,-83.5702
1.375,0,0,125,-83.5719
1.4,0,0,125,-83.5736
1.425,0,0,125,-83.5753
1.45,0,0,125,-83.5771
1.475,0,0,125,-83.5789
1.5,0,0,125,-83.5807
1.525,0,0,125,-83.5826
1.55,0,0,125,-83.5845
1.575,0,0,125,-83.5864
1.6,0,0,125,-83.5884
1.625,0,0,125,-83.5904
1.65,0,0,125,-83.5925
1.675,0,0,125,-83.5946
1.7,0,0,125,-83.5967
1.725,0,0,125,-83.5989
1.75,0,0,125,-83.6011
1.775,0,0,125,-83.6033
1.8,0,0,125,-83.6057
1.825,0,0,125,-83.608
1.85,0,0,125,-83.6105
1.875,0,0,125,-83.613
1.9,0,0,125,-83.6155
1.925,0,0,125,-83.6182
1.95,0,0,125,-83.6208
1.975,0,0,125,-83.6236
2,0,0,125,-83.6264
2.025,0,0,125,-83.6293
2.05,0,0,125,-83.6322
2.075,0,0,125,-83.6353
2.1,0,0,125,-83.6384
2.125,0,0,125,-83.6416
2.15,0,0,125,-83.6449
2.175,0,0,125,-83.6482
2.2,0,0,125,-83.6517
2.225,0,0,125,-83.6552
2.25,0,0,125,-83.6589
2.275,0,0,125,-83.6626
2.3,0,0,125,-83.6664
2.325,0,0,125,-83.6702
2.35,0,0,125,-83.6742
2.375,0,0,125,-83.6782
2.4,0,0,125,-83.6823
2.425,0,0,125,-83.6865
2.45,0,0,125,-83.6907
2.475,0,0,125,-83.6951
2.5,0,0,125,-83.6996
2.525,0,0,125,-83.7041
2.55,0,0,125,-83.7087
2.575,0,0,125,-83.7134
2.6,0,0,125,-83.7182
2.625,0,0,125,-83.723
2.65,0,0,125,-83.7279
2.675,0,0,125,-83.7328
2.7,0,0,125,-83.7378
2.725,0,0,125,-83.7429
2.75,0,0,125,-83.748
2.775,0,0,125,-83.7532
2.8,0,0,125,-83.7584
2.825,0,0,125,-83.7638
2.85,0,0,125,-83.7691
2.875,0,0,125,-83.7745
2.9,0,0,125,-83.78
2.925,0,0,125,-83.7854
2.95,0,0,125,-83.791
2.975,0,0,125,-83.7965
3,0,0,125,-83.802
3.025,0,0,125,-83.8076
3.05,0,0,125,-83.8131
3.075,0,0,125,-83.8187
3.1,0,0,125,-83.8242
3.125,0,0,125,-83.8297
3.15,0,0,125,-83.8352
3.175,0,0,125,-83.8407
3.2,0,0,125,-83.8462
3.225,0,0,125,-83.8517
3.25,0,0,125,-83.8571
3.275,0,0,125,-83.8624
3.3,0,0,125,-83.8678
3.325,0,0,125,-83.8731
3.35,0,0,125,-83.8783
3.375,0,0,125,-83.8835
3.4,0,0,125,-83.8886
3.425,0,0,125,-83.8937
3.45,0,0,125,-83.8987
3.475,0,0,125,-83.9036
3.5,0,0,125,-83.9085
3.525,0,0,125,-83.9132
3.55,0,0,125,-83.9179
3.575,0,0,125,-83.9225
3.6,0,0,125,-83.927
3.625,0,0,125,-83.9314
3.65,0,0,125,-83.9357
3.675,0,0,125,-83.9399
3.7,0,0,125,-83.944
3.725,0,0,125,-83.948
3.75,0,0,125,-83.9519
3.775,0,0,125,-83.9556
3.8,0,0,125,-83.9592
3.825,0,0,125,-83.9628
3.85,0,0,125,-83.9662
3.875,0,0,125,-83.9695
3.9,0,0,125,-83.9727
3.925,0,0,125,-83.9757
3.95,0,0,125,-83.9787
3.975,0,0,125,-83.9815
4,0,0,125,-83.9842
4.025,0,0,125,-83.9868
4.05,0,0,125,-83.9893
4.075,0,0,125,-83.9917
4.1,0,0,125,-83.9941
4.125,0,0,125,-83.9963
4.15,0,0,125,-83.9984
4.175,0,0,125,-84.0004
4.2,0,0,125,-84.0024
4.225,0,0,125,-84.0042
4.25,0,0,125,-84.006
4.275,0,0,125,-84.0076
4.3,0,0,125,-84.0092
4.325,0,0,125,-84.0107
4.35,0,0,125,-84.0121
4.375,0,0,125,-84.0134
4.4,0,0,125,-84.0146
4.425,0,0,125,-84.0157
4.45,0,0,125,-84.0168
4.475,0,0,125,-84.0178
4.5,0,0,125,-84.0187
4.525,0,0,125,-84.0196
4.55,0,0,125,-84.0204
4.575,0,0,125,-84.0211
4.6,0,0,125,-84.0217
4.625,0,0,125,-84.0223
4.65,0,0,125,-84.0229
4.675,0,0,125,-84.0234
4.7,0,0,125,-84.0238
4.725,0,0,125,-84.0241
4.75,0,0,125,-84.0244
4.775,0,0,125,-84.0247
4.8,0,0,125,-84.0249
4.825,0,0,125,-84.0251
4.85,0,0,125,-84.0253
4.875,0,0,125,-84.0254
4.9,0,0,125,-84.0255
4.925,0,0,125,-84.0255
4.95,0,0,125,-84.0255
4.975,0,0,125,-84.0256
5,0,0,125,-84.0256
