0,0,0,125,-77.4798
0.025,0,0,125,-77.4805
0.05,0,0,125,-77.482
0.075,0,0,125,-77.4843
0.1,0,0,125,-77.4873
0.125,0,0,125,-77.4912
0.15,0,0,125,-77.4959
0.175,0,0,125,-77.5016
0.2,0,0,125,-77.5082
0.225,0,0,125,-77.5158
0.25,0,0,125,-77.5245
0.275,0,0,125,-77.5344
0.3,0,0,125,-77.5455
0.325,0,0,125,-77.558
0.35,0,0,125,-77.5718
0.375,0,0,125,-77.587
0.4,0,0,125,-77.6037
0.425,0,0,125,-77.6221
0.45,0,0,125,-77.6421
0.475,0,0,125,-77.6638
0.5,0,0,125,-77.6874
0.525,0,0,125,-77.7127
0.55,0,0,125,-77.74
0.575,0,0,125,-77.7693
0.6,0,0,125,-77.8006
0.625,0,0,125,-77.8339
0.65,0,0,125,-77.8694
0.675,0,0,125,-77.907
0.7,0,0,125,-77.9467
0.725,0,0,125,-77.9887
0.75,0,0,125,-78.0328
0.775,0,0,125,-78.0792
0.8,0,0,125,-78.1277
0.825,0,0,125,-78.1785
0.85,0,0,125,-78.2315
0.875,0,0,125,-78.2866
0.9,0,0,125,-78.3439
0.925,0,0,125,-78.4033
0.95,0,0,125,-78.4648
0.975,0,0,125,-78.5282
1,0,0,125,-78.5936
1.025,0,0,125,-78.6609
1.05,0,0,125,-78.73
1.075,0,0,125,-78.8008
1.1,0,0,125,-78.8733
1.125,0,0,125,-78.9473
1.15,0,0,125,-79.0228
1.175,0,0,125,-79.0996
1.2,0,0,125,-79.1776
1.225,0,0,125,-79.2567
1.25,0,0,125,-79.3368
1.275,0,0,125,-79.4178
1.3,0,0,125,-79.4995
1.325,0,0,125,-79.5818
1.35,0,0,125,-79.6646
1.375,0,0,125,-79.7477
1.4,0,0,125,-79.8311
1.425,0,0,125,-79.9145
1.45,0,0,125,-79.9978
1.475,0,0,125,-80.081
1.5,0,0,125,-80.1638
1.525,0,0,125,-80.2462
1.55,0,0,125,-80.328
1.575,0,0,125,-80.4091
1.6,0,0,125,-80.4894
1.625,0,0,125,-80.5688
1.65,0,0,125,-80.6472
1.675,0,0,125,-80.7244
1.7,0,0,125,-80.8004
1.725,0,0,125,-80.8751
1.75,0,0,125,-80.9484
1.775,0,0,125,-81.0202
1.8,0,0,125,-81.0905
1.825,0,0,125,-81.1593
1.85,0,0,125,-81.2264
1.875,0,0,125,-81.2918
1.9,0,0,125,-81.3555
1.925,0,0,125,-81.4175
1.95,0,0,125,-81.4777
1.975,0,0,125,-81.5361
2,0,0,125,-81.5927
2.025,0,0,125,-81.6476
2.05,0,0,125,-81.7007
2.075,0,0,125,-81.752
2.1,0,0,125,-81.8015
2.125,0,0,125,-81.8493
2.15,0,0,125,-81.8954
2.175,0,0,125,-81.9399
2.2,0,0,125,-81.9827
2.225,0,0,125,-82.0239
2.25,0,0,125,-82.0635
2.275,0,0,125,-82.1017
2.3,0,0,125,-82.1383
2.325,0,0,125,-82.1736
2.35,0,0,125,-82.2075
2.375,0,0,125,-82.2401
2.4,0,0,125,-82.2714
2.425,0,0,125,-82.3015
2.45,0,0,125,-82.3305
2.475,0,0,125,-82.3583
2.5,0,0,125,-82.3852
2.525,0,0,125,-82.411
2.55,0,0,125,-82.4359
2.575,0,0,125,-82.4598
2.6,0,0,125,-82.483
2.625,0,0,125,-82.5053
2.65,0,0,125,-82.5269
2.675,0,0,125,-82.5478
2.7,0,0,125,-82.568
2.725,0,0,125,-82.5876
2.75,0,0,125,-82.6067
2.775,0,0,125,-82.6251
2.8,0,0,125,-82.6431
2.825,0,0,125,-82.6606
2.85,0,0,125,-82.6776
2.875,0,0,125,-82.6942
2.9,0,0,125,-82.7104
2.925,0,0,125,-82.7262
2.95,0,0,125,-82.7417
2.975,0,0,125,-82.7569
3,0,0,125,-82.7717
3.025,0,0,125,-82.7863
3.05,0,0,125,-82.8006
3.075,0,0,125,-82.8146
3.1,0,0,125,-82.8283
3.125,0,0,125,-82.8418
3.15,0,0,125,-82.8551
3.175,0,0,125,-82.8681
3.2,0,0,125,-82.8809
3.225,0,0,125,-82.8935
3.25,0,0,125,-82.9059
3.275,0,0,125,-82.9181
3.3,0,0,125,-82.93
3.325,0,0,125,-82.9418
3.35,0,0,125,-82.9533
3.375,0,0,125,-82.9646
3.4,0,0,125,-82.9758
3.425,0,0,125,-82.9867
3.45,0,0,125,-82.9974
3.475,0,0,125,-83.0079
3.5,0,0,125,-83.0181
3.525,0,0,125,-83.0282
3.55,0,0,125,-83.038
3.575,0,0,125,-83.0477
3.6,0,0,125,-83.0571
3.625,0,0,125,-83.0663
3.65,0,0,125,-83.0752
3.675,0,0,125,-83.084
3.7,0,0,125,-83.0925
3.725,0,0,125,-83.1007
3.75,0,0,125,-83.1088
3.775,0,0,125,-83.1166
3.8,0,0,125,-83.1242
3.825,0,0,125,-83.1315
3.85,0,0,125,-83.1386
3.875,0,0,125,-83.1455
3.9,0,0,125,-83.1522
3.925,0,0,125,-83.1586
3.95,0,0,125,-83.1647
3.975,0,0,125,-83.1707
4,0,0,125,-83.1764
4.025,0,0,125,-83.1819
4.05,0,0,125,-83.1872
4.075,0,0,125,-83.1923
4.1,0,0,125,-83.1971
4.125,0,0,125,-83.2017
4.15,0,0,125,-83.2061
4.175,0,0,125,-83.2103
4.2,0,0,125,-83.2143
4.225,0,0,125,-83.2181
4.25,0,0,125,-83.2217
4.275,0,0,125,-83.225
4.3,0,0,125,-83.2282
4.325,0,0,125,-83.2312
4.35,0,0,125,-83.2341
4.375,0,0,125,-83.2367
4.4,0,0,125,-83.2392
4.425,0,0,125,-83.2415
4.45,0,0,125,-83.2436
4.475,0,0,125,-83.2456
4.5,0,0,125,-83.2475
4.525,0,0,125,-83.2492
4.55,0,0,125,-83.2507
4.575,0,0,125,-83.2522
4.6,0,0,125,-83.2534
4.625,0,0,125,-83.2546
4.65,0,0,125,-83.2557
4.675,0,0,125,-83.2566
4.7,0,0,125,-83.2574
4.725,0,0,125,-83.2581
4.75,0,0,125,-83.2587
4.775,0,0,125,-83.2593
4.8,0,0,125,-83.2597
4.825,0,0,125,-83.26
4.85,0,0,125,-83.2603
4.875,0,0,125,-83.2605
4.9,0,0,125,-83.2606
4.925,0,0,125,-83.2607
4.95,0,0,125,-83.2607
4.975,0,0,125,-83.2608
5,0,0,125,-83.2608
