0,0,0,125,1.57804
0.025,0,0,125,1.58156
0.05,0,0,125,1.58846
0.075,0,0,125,1.59853
0.1,0,0,125,1.61139
0.125,0,0,125,1.62663
0.15,0,0,125,1.64385
0.175,0,0,125,1.66271
0.2,0,0,125,1.68302
0.225,0,0,125,1.70464
0.25,0,0,125,1.72746
0.275,0,0,125,1.75138
0.3,0,0,125,1.77633
0.325,0,0,125,1.80223
0.35,0,0,125,1.829
0.375,0,0,125,1.85657
0.4,0,0,125,1.88489
0.425,0,0,125,1.9139
0.45,0,0,125,1.94355
0.475,0,0,125,1.97379
0.5,0,0,125,2.00457
0.525,0,0,125,2.03586
0.55,0,0,125,2.06762
0.575,0,0,125,2.09981
0.6,0,0,125,2.1324
0.625,0,0,125,2.16537
0.65,0,0,125,2.19867
0.675,0,0,125,2.2323
0.7,0,0,125,2.26621
0.725,0,0,125,2.3004
0.75,0,0,125,2.33484
0.775,0,0,125,2.36951
0.8,0,0,125,2.4044
0.825,0,0,125,2.43949
0.85,0,0,125,2.47476
0.875,0,0,125,2.51019
0.9,0,0,125,2.54578
0.925,0,0,125,2.58151
0.95,0,0,125,2.61737
0.975,0,0,125,2.65334
1,0,0,125,2.68942
1.025,0,0,125,2.72559
1.05,0,0,125,2.76186
1.075,0,0,125,2.7982
1.1,0,0,125,2.83461
1.125,0,0,125,2.87109
1.15,0,0,125,2.90763
1.175,0,0,125,2.94422
1.2,0,0,125,2.98085
1.225,0,0,125,3.01752
1.25,0,0,125,3.05422
1.275,0,0,125,3.09096
1.3,0,0,125,3.12772
1.325,0,0,125,3.1645
1.35,0,0,125,3.2013
1.375,0,0,125,3.23811
1.4,0,0,125,3.27493
1.425,0,0,125,3.31176
1.45,0,0,125,3.34859
1.475,0,0,125,3.38543
1.5,0,0,125,3.42226
1.525,0,0,125,3.45909
1.55,0,0,125,3.49591
1.575,0,0,125,3.53273
1.6,0,0,125,3.56953
1.625,0,0,125,3.60633
1.65,0,0,125,3.6431
1.675,0,0,125,3.67987
1.7,0,0,125,3.71662
1.725,0,0,125,3.75334
1.75,0,0,125,3.79005
1.775,0,0,125,3.82674
1.8,0,0,125,3.86341
1.825,0,0,125,3.90005
1.85,0,0,125,3.93668
1.875,0,0,125,3.97327
1.9,0,0,125,4.00985
1.925,0,0,125,4.04639
1.95,0,0,125,4.08292
1.975,0,0,125,4.11941
2,0,0,125,4.15588
2.025,0,0,125,4.19231
2.05,0,0,125,4.22872
2.075,0,0,125,4.2651
2.1,0,0,125,4.30145
2.125,0,0,125,4.33777
2.15,0,0,125,4.37406
2.175,0,0,125,4.41032
2.2,0,0,125,4.44655
2.225,0,0,125,4.48274
2.25,0,0,125,4.51891
2.275,0,0,125,4.55504
2.3,0,0,125,4.59114
2.325,0,0,125,4.62721
2.35,0,0,125,4.66325
2.375,0,0,125,4.69926
2.4,0,0,125,4.73523
2.425,0,0,125,4.77117
2.45,0,0,125,4.80708
2.475,0,0,125,4.84295
2.5,0,0,125,4.8788
2.525,0,0,125,4.9146
2.55,0,0,125,4.95038
2.575,0,0,125,4.98612
2.6,0,0,125,5.02183
2.625,0,0,125,5.0575
2.65,0,0,125,5.09315
2.675,0,0,125,5.12875
2.7,0,0,125,5.16433
2.725,0,0,125,5.19987
2.75,0,0,125,5.23538
2.775,0,0,125,5.27085
2.8,0,0,125,5.30629
2.825,0,0,125,5.34169
2.85,0,0,125,5.37706
2.875,0,0,125,5.41239
2.9,0,0,125,5.44769
2.925,0,0,125,5.48295
2.95,0,0,125,5.51818
2.975,0,0,125,5.55337
3,0,0,125,5.58853
3.025,0,0,125,5.62365
3.05,0,0,125,5.65873
3.075,0,0,125,5.69378
3.1,0,0,125,5.72879
3.125,0,0,125,5.76376
3.15,0,0,125,5.7987
3.175,0,0,125,5.83359
3.2,0,0,125,5.86845
3.225,0,0,125,5.90327
3.25,0,0,125,5.93804
3.275,0,0,125,5.97278
3.3,0,0,125,6.00748
3.325,0,0,125,6.04213
3.35,0,0,125,6.07674
3.375,0,0,125,6.11131
3.4,0,0,125,6.14583
3.425,0,0,125,6.18031
3.45,0,0,125,6.21474
3.475,0,0,125,6.24912
3.5,0,0,125,6.28345
3.525,0,0,125,6.31773
3.55,0,0,125,6.35195
3.575,0,0,125,6.38612
3.6,0,0,125,6.42024
3.625,0,0,125,6.45429
3.65,0,0,125,6.48829
3.675,0,0,125,6.52221
3.7,0,0,125,6.55608
3.725,0,0,125,6.58987
3.75,0,0,125,6.62358
3.775,0,0,125,6.65723
3.8,0,0,125,6.69078
3.825,0,0,125,6.72426
3.85,0,0,125,6.75764
3.875,0,0,125,6.79093
3.9,0,0,125,6.82412
3.925,0,0,125,6.8572
3.95,0,0,125,6.89016
3.975,0,0,125,6.92301
4,0,0,125,6.95573
4.025,0,0,125,6.9883
4.05,0,0,125,7.02074
4.075,0,0,125,7.05301
4.1,0,0,125,7.08512
4.125,0,0,125,7.11705
4.15,0,0,125,7.14879
4.175,0,0,125,7.18032
4.2,0,0,125,7.21163
4.225,0,0,125,7.24271
4.25,0,0,125,7.27354
4.275,0,0,125,7.30409
4.3,0,0,125,7.33434
4.325,0,0,125,7.36428
4.35,0,0,125,7.39387
4.375,0,0,125,7.42309
4.4,0,0,125,7.45191
4.425,0,0,125,7.48029
4.45,0,0,125,7.50821
4.475,0,0,125,7.53562
4.5,0,0,125,7.56249
4.525,0,0,125,7.58878
4.55,0,0,125,7.61443
4.575,0,0,125,7.63941
4.6,0,0,125,7.66364
4.625,0,0,125,7.68709
4.65,0,0,125,7.70968
4.675,0,0,125,7.73136
4.7,0,0,125,7.75205
4.725,0,0,125,7.77169
4.75,0,0,125,7.79018
4.775,0,0,125,7.80746
4.8,0,0,125,7.82344
4.825,0,0,125,7.83802
4.85,0,0,125,7.85112
4.875,0,0,125,7.86263
4.9,0,0,125,7.87245
4.925,0,0,125,7.88047
4.95,0,0,125,7.88659
4.975,0,0,125,7.89073
5,0,0,125,7.89282
