0,0,0,125,-84.2554
0.025,0,0,125,-84.2555
0.05,0,0,125,-84.2557
0.075,0,0,125,-84.2559
0.1,0,0,125,-84.2562
0.125,0,0,125,-84.2566
0.15,0,0,125,-84.257
0.175,0,0,125,-84.2575
0.2,0,0,125,-84.2579
0.225,0,0,125,-84.2584
0.25,0,0,125,-84.2588
0.275,0,0,125,-84.2593
0.3,0,0,125,-84.2598
0.325,0,0,125,-84.2603
0.35,0,0,125,-84.2608
0.375,0,0,125,-84.2613
0.4,0,0,125,-84.2618
0.425,0,0,125,-84.2623
0.45,0,0,125,-84.2627
0.475,0,0,125,-84.2632
0.5,0,0,125,-84.2636
0.525,0,0,125,-84.264
0.55,0,0,125,-84.2644
0.575,0,0,125,-84.2648
0.6,0,0,125,-84.2652
0.625,0,0,125,-84.2655
0.65,0,0,125,-84.2659
0.675,0,0,125,-84.2663
0.7,0,0,125,-84.2666
0.725,0,0,125,-84.267
0.75,0,0,125,-84.2674
0.775,0,0,125,-84.2677
0.8,0,0,125,-84.2681
0.825,0,0,125,-84.2685
0.85,0,0,125,-84.2688
0.875,0,0,125,-84.2692
0.9,0,0,125,-84.2696
0.925,0,0,125,-84.27
0.95,0,0,125,-84.2704
0.975,0,0,125,-84.2708
1,0,0,125,-84.2712
1.025,0,0,125,-84.2717
1.05,0,0,125,-84.2721
1.075,0,0,125,-84.2726
1.1,0,0,125,-84.2731
1.125,0,0,125,-84.2735
1.15,0,0,125,-84.274
1.175,0,0,125,-84.2745
1.2,0,0,125,-84.275
1.225,0,0,125,-84.2755
1.25,0,0,125,-84.2761
1.275,0,0,125,-84.2766
1.3,0,0,125,-84.2771
1.325,0,0,125,-84.2777
1.35,0,0,125,-84.2783
1.375,0,0,125,-84.2788
1.4,0,0,125,-84.2794
1.425,0,0,125,-84.28
1.45,0,0,125,-84.2806
1.475,0,0,125,-84.2812
1.5,0,0,125,-84.2818
1.525,0,0,125,-84.2825
1.55,0,0,125,-84.2831
1.575,0,0,125,-84.2837
1.6,0,0,125,-84.2844
1.625,0,0,125,-84.2851
1.65,0,0,125,-84.2858
1.675,0,0,125,-84.2864
1.7,0,0,125,-84.2871
1.725,0,0,125,-84.2878
1.75,0,0,125,-84.2886
1.775,0,0,125,-84.2893
1.8,0,0,125,-84.29
1.825,0,0,125,-84.2908
1.85,0,0,125,-84.2915
1.875,0,0,125,-84.2923
1.9,0,0,125,-84.293
1.925,0,0,125,-84.2938
1.95,0,0,125,-84.2946
1.975,0,0,125,-84.2955
2,0,0,125,-84.2963
2.025,0,0,125,-84.2972
2.05,0,0,125,-84.2981
2.075,0,0,125,-84.299
2.1,0,0,125,-84.3
2.125,0,0,125,-84.301
2.15,0,0,125,-84.302
2.175,0,0,125,-84.3031
2.2,0,0,125,-84.3042
2.225,0,0,125,-84.3053
2.25,0,0,125,-84.3065
2.275,0,0,125,-84.3077
2.3,0,0,125,-84.309
2.325,0,0,125,-84.3102
2.35,0,0,125,-84.3116
2.375,0,0,125,-84.3129
2.4,0,0,125,-84.3143
2.425,0,0,125,-84.3157
2.45,0,0,125,-84.3171
2.475,0,0,125,-84.3186
2.5,0,0,125,-84.32
2.525,0,0,125,-84.3215
2.55,0,0,125,-84.323
2.575,0,0,125,-84.3245
2.6,0,0,125,-84.326
2.625,0,0,125,-84.3276
2.65,0,0,125,-84.3291
2.675,0,0,125,-84.3307
2.7,0,0,125,-84.3323
2.725,0,0,125,-84.3339
2.75,0,0,125,-84.3355
2.775,0,0,125,-84.3371
2.8,0,0,125,-84.3387
2.825,0,0,125,-84.3404
2.85,0,0,125,-84.3421
2.875,0,0,125,-84.3438
2.9,0,0,125,-84.3455
2.925,0,0,125,-84.3472
2.95,0,0,125,-84.3489
2.975,0,0,125,-84.3507
3,0,0,125,-84.3524
3.025,0,0,125,-84.3542
3.05,0,0,125,-84.3559
3.075,0,0,125,-84.3576
3.1,0,0,125,-84.3593
3.125,0,0,125,-84.361
3.15,0,0,125,-84.3627
3.175,0,0,125,-84.3644
3.2,0,0,125,-84.366
3.225,0,0,125,-84.3677
3.25,0,0,125,-84.3693
3.275,0,0,125,-84.3709
3.3,0,0,125,-84.3725
3.325,0,0,125,-84.374
3.35,0,0,125,-84.3756
3.375,0,0,125,-84.3771
3.4,0,0,125,-84.3787
3.425,0,0,125,-84.3802
3.45,0,0,125,-84.3817
3.475,0,0,125,-84.3832
3.5,0,0,125,-84.3846
3.525,0,0,125,-84.3861
3.55,0,0,125,-84.3875
3.575,0,0,125,-84.3889
3.6,0,0,125,-84.3903
3.625,0,0,125,-84.3917
3.65,0,0,125,-84.3931
3.675,0,0,125,-84.3944
3.7,0,0,125,-84.3957
3.725,0,0,125,-84.397
3.75,0,0,125,-84.3982
3.775,0,0,125,-84.3994
3.8,0,0,125,-84.4006
3.825,0,0,125,-84.4017
3.85,0,0,125,-84.4028
3.875,0,0,125,-84.4038
3.9,0,0,125,-84.4049
3.925,0,0,125,-84.4058
3.95,0,0,125,-84.4068
3.975,0,0,125,-84.4077
4,0,0,125,-84.4086
4.025,0,0,125,-84.4094
4.05,0,0,125,-84.4102
4.075,0,0,125,-84.411
4.1,0,0,125,-84.4117
4.125,0,0,125,-84.4124
4.15,0,0,125,-84.4131
4.175,0,0,125,-84.4137
4.2,0,0,125,-84.4143
4.225,0,0,125,-84.4149
4.25,0,0,125,-84.4154
4.275,0,0,125,-84.4159
4.3,0,0,125,-84.4164
4.325,0,0,125,-84.4168
4.35,0,0,125,-84.4171
4.375,0,0,125,-84.4175
4.4,0,0,125,-84.4178
4.425,0,0,125,-84.4181
4.45,0,0,125,-84.4183
4.475,0,0,125,-84.4185
4.5,0,0,125,-84.4188
4.525,0,0,125,-84.419
4.55,0,0,125,-84.4192
4.575,0,0,125,-84.4193
4.6,0,0,125,-84.4195
4.625,0,0,125,-84.4197
4.65,0,0,125,-84.4198
4.675,0,0,125,-84.42
4.7,0,0,125,-84.4201
4.725,0,0,125,-84.4202
4.75,0,0,125,-84.4203
4.775,0,0,125,-84.4204
4.8,0,0,125,-84.4205
4.825,0,0,125,-84.4206
4.85,0,0,125,-84.4207
4.875,0,0,125,-84.4207
4.9,0,0,125,-84.4208
4.925,0,0,125,-84.4208
4.95,0,0,125,-84.4208
4.975,0,0,125,-84.4209
5,0,0,125,-84.4209
