0,0,0,125,-82.8006
0.025,0,0,125,-82.801
0.05,0,0,125,-82.8019
0.075,0,0,125,-82.8033
0.1,0,0,125,-82.8049
0.125,0,0,125,-82.8069
0.15,0,0,125,-82.809
0.175,0,0,125,-82.8111
0.2,0,0,125,-82.8134
0.225,0,0,125,-82.8156
0.25,0,0,125,-82.8179
0.275,0,0,125,-82.8201
0.3,0,0,125,-82.8224
0.325,0,0,125,-82.8246
0.35,0,0,125,-82.8268
0.375,0,0,125,-82.829
0.4,0,0,125,-82.8311
0.425,0,0,125,-82.8332
0.45,0,0,125,-82.8353
0.475,0,0,125,-82.8373
0.5,0,0,125,-82.8393
0.525,0,0,125,-82.8412
0.55,0,0,125,-82.8431
0.575,0,0,125,-82.845
0.6,0,0,125,-82.8469
0.625,0,0,125,-82.8488
0.65,0,0,125,-82.8506
0.675,0,0,125,-82.8525
0.7,0,0,125,-82.8543
0.725,0,0,125,-82.8561
0.75,0,0,125,-82.8579
0.775,0,0,125,-82.8597
0.8,0,0,125,-82.8615
0.825,0,0,125,-82.8633
0.85,0,0,125,-82.8651
0.875,0,0,125,-82.8669
0.9,0,0,125,-82.8687
0.925,0,0,125,-82.8706
0.95,0,0,125,-82.8724
0.975,0,0,125,-82.8743
1,0,0,125,-82.8761
1.025,0,0,125,-82.878
1.05,0,0,125,-82.8799
1.075,0,0,125,-82.8818
1.1,0,0,125,-82.8837
1.125,0,0,125,-82.8857
1.15,0,0,125,-82.8878
1.175,0,0,125,-82.8898
1.2,0,0,125,-82.8919
1.225,0,0,125,-82.894
1.25,0,0,125,-82.8962
1.275,0,0,125,-82.8984
1.3,0,0,125,-82.9006
1.325,0,0,125,-82.9029
1.35,0,0,125,-82.9052
1.375,0,0,125,-82.9075
1.4,0,0,125,-82.9099
1.425,0,0,125,-82.9123
1.45,0,0,125,-82.9148
1.475,0,0,125,-82.9173
1.5,0,0,125,-82.9199
1.525,0,0,125,-82.9226
1.55,0,0,125,-82.9253
1.575,0,0,125,-82.928
1.6,0,0,125,-82.9308
1.625,0,0,125,-82.9337
1.65,0,0,125,-82.9366
1.675,0,0,125,-82.9396
1.7,0,0,125,-82.9426
1.725,0,0,125,-82.9457
1.75,0,0,125,-82.9489
1.775,0,0,125,-82.9522
1.8,0,0,125,-82.9555
1.825,0,0,125,-82.9589
1.85,0,0,125,-82.9624
1.875,0,0,125,-82.966
1.9,0,0,125,-82.9697
1.925,0,0,125,-82.9735
1.95,0,0,125,-82.9773
1.975,0,0,125,-82.9813
2,0,0,125,-82.9854
2.025,0,0,125,-82.9896
2.05,0,0,125,-82.9939
2.075,0,0,125,-82.9983
2.1,0,0,125,-83.0029
2.125,0,0,125,-83.0075
2.15,0,0,125,-83.0123
2.175,0,0,125,-83.0172
2.2,0,0,125,-83.0222
2.225,0,0,125,-83.0274
2.25,0,0,125,-83.0327
2.275,0,0,125,-83.0381
2.3,0,0,125,-83.0437
2.325,0,0,125,-83.0494
2.35,0,0,125,-83.0553
2.375,0,0,125,-83.0613
2.4,0,0,125,-83.0674
2.425,0,0,125,-83.0737
2.45,0,0,125,-83.0801
2.475,0,0,125,-83.0866
2.5,0,0,125,-83.0933
2.525,0,0,125,-83.1001
2.55,0,0,125,-83.1071
2.575,0,0,125,-83.1142
2.6,0,0,125,-83.1214
2.625,0,0,125,-83.1287
2.65,0,0,125,-83.1361
2.675,0,0,125,-83.1436
2.7,0,0,125,-83.1513
2.725,0,0,125,-83.1591
2.75,0,0,125,-83.167
2.775,0,0,125,-83.1749
2.8,0,0,125,-83.183
2.825,0,0,125,-83.1911
2.85,0,0,125,-83.1993
2.875,0,0,125,-83.2076
2.9,0,0,125,-83.216
2.925,0,0,125,-83.2244
2.95,0,0,125,-83.2329
2.975,0,0,125,-83.2415
3,0,0,125,-83.25
3.025,0,0,125,-83.2587
3.05,0,0,125,-83.2673
3.075,0,0,125,-83.276
3.1,0,0,125,-83.2847
3.125,0,0,125,-83.2933
3.15,0,0,125,-83.302
3.175,0,0,125,-83.3106
3.2,0,0,125,-83.3192
3.225,0,0,125,-83.3278
3.25,0,0,125,-83.3363
3.275,0,0,125,-83.3448
3.3,0,0,125,-83.3532
3.325,0,0,125,-83.3615
3.35,0,0,125,-83.3698
3.375,0,0,125,-83.378
3.4,0,0,125,-83.3861
3.425,0,0,125,-83.3941
3.45,0,0,125,-83.402
3.475,0,0,125,-83.4098
3.5,0,0,125,-83.4175
3.525,0,0,125,-83.425
3.55,0,0,125,-83.4324
3.575,0,0,125,-83.4397
3.6,0,0,125,-83.4468
3.625,0,0,125,-83.4538
3.65,0,0,125,-83.4606
3.675,0,0,125,-83.4672
3.7,0,0,125,-83.4737
3.725,0,0,125,-83.48
3.75,0,0,125,-83.4862
3.775,0,0,125,-83.4922
3.8,0,0,125,-83.498
3.825,0,0,125,-83.5037
3.85,0,0,125,-83.5092
3.875,0,0,125,-83.5145
3.9,0,0,125,-83.5197
3.925,0,0,125,-83.5247
3.95,0,0,125,-83.5295
3.975,0,0,125,-83.5342
4,0,0,125,-83.5387
4.025,0,0,125,-83.543
4.05,0,0,125,-83.5472
4.075,0,0,125,-83.5512
4.1,0,0,125,-83.5551
4.125,0,0,125,-83.5588
4.15,0,0,125,-83.5623
4.175,0,0,125,-83.5656
4.2,0,0,125,-83.5688
4.225,0,0,125,-83.5718
4.25,0,0,125,-83.5747
4.275,0,0,125,-83.5774
4.3,0,0,125,-83.5799
4.325,0,0,125,-83.5823
4.35,0,0,125,-83.5846
4.375,0,0,125,-83.5867
4.4,0,0,125,-83.5887
4.425,0,0,125,-83.5905
4.45,0,0,125,-83.5922
4.475,0,0,125,-83.5938
4.5,0,0,125,-83.5953
4.525,0,0,125,-83.5967
4.55,0,0,125,-83.5979
4.575,0,0,125,-83.5991
4.6,0,0,125,-83.6001
4.625,0,0,125,-83.601
4.65,0,0,125,-83.6018
4.675,0,0,125,-83.6026
4.7,0,0,125,-83.6033
4.725,0,0,125,-83.6038
4.75,0,0,125,-83.6043
4.775,0,0,125,-83.6047
4.8,0,0,125,-83.6051
4.825,0,0,125,-83.6053
4.85,0,0,125,-83.6056
4.875,0,0,125,-83.6057
4.9,0,0,125,-83.6058
4.925,0,0,125,-83.6059
4.95,0,0,125,-83.6059
4.975,0,0,125,-83.606
5,0,0,125,-83.606
