0,0,0,125,-13.268
0.025,0,0,125,-13.2639
0.05,0,0,125,-13.2558
0.075,0,0,125,-13.244
0.1,0,0,125,-13.2288
0.125,0,0,125,-13.2105
0.15,0,0,125,-13.1896
0.175,0,0,125,-13.1663
0.2,0,0,125,-13.1408
0.225,0,0,125,-13.1133
0.25,0,0,125,-13.084
0.275,0,0,125,-13.0529
0.3,0,0,125,-13.02
0.325,0,0,125,-12.9857
0.35,0,0,125,-12.9498
0.375,0,0,125,-12.9125
0.4,0,0,125,-12.8739
0.425,0,0,125,-12.8341
0.45,0,0,125,-12.7931
0.475,0,0,125,-12.7509
0.5,0,0,125,-12.7078
0.525,0,0,125,-12.6637
0.55,0,0,125,-12.6187
0.575,0,0,125,-12.5728
0.6,0,0,125,-12.5261
0.625,0,0,125,-12.4787
0.65,0,0,125,-12.4305
0.675,0,0,125,-12.3817
0.7,0,0,125,-12.3322
0.725,0,0,125,-12.2822
0.75,0,0,125,-12.2317
0.775,0,0,125,-12.1806
0.8,0,0,125,-12.1291
0.825,0,0,125,-12.0771
0.85,0,0,125,-12.0247
0.875,0,0,125,-11.9719
0.9,0,0,125,-11.9187
0.925,0,0,125,-11.8653
0.95,0,0,125,-11.8115
0.975,0,0,125,-11.7575
1,0,0,125,-11.7032
1.025,0,0,125,-11.6486
1.05,0,0,125,-11.5939
1.075,0,0,125,-11.5389
1.1,0,0,125,-11.4838
1.125,0,0,125,-11.4285
1.15,0,0,125,-11.373
1.175,0,0,125,-11.3175
1.2,0,0,125,-11.2618
1.225,0,0,125,-11.206
1.25,0,0,125,-11.1501
1.275,0,0,125,-11.0942
1.3,0,0,125,-11.0382
1.325,0,0,125,-10.9821
1.35,0,0,125,-10.926
1.375,0,0,125,-10.8698
1.4,0,0,125,-10.8136
1.425,0,0,125,-10.7574
1.45,0,0,125,-10.7012
1.475,0,0,125,-10.645
1.5,0,0,125,-10.5888
1.525,0,0,125,-10.5326
1.55,0,0,125,-10.4764
1.575,0,0,125,-10.4203
1.6,0,0,125,-10.3642
1.625,0,0,125,-10.3081
1.65,0,0,125,-10.252
1.675,0,0,125,-10.196
1.7,0,0,125,-10.14
1.725,0,0,125,-10.0841
1.75,0,0,125,-10.0282
1.775,0,0,125,-9.9724
1.8,0,0,125,-9.91665
1.825,0,0,125,-9.86096
1.85,0,0,125,-9.80534
1.875,0,0,125,-9.74978
1.9,0,0,125,-9.69429
1.925,0,0,125,-9.63888
1.95,0,0,125,-9.58354
1.975,0,0,125,-9.52828
2,0,0,125,-9.4731
2.025,0,0,125,-9.418
2.05,0,0,125,-9.36299
2.075,0,0,125,-9.30805
2.1,0,0,125,-9.25321
2.125,0,0,125,-9.19844
2.15,0,0,125,-9.14377
2.175,0,0,125,-9.08919
2.2,0,0,125,-9.03469
2.225,0,0,125,-8.98029
2.25,0,0,125,-8.92598
2.275,0,0,125,-8.87176
2.3,0,0,125,-8.81764
2.325,0,0,125,-8.76361
2.35,0,0,125,-8.70967
2.375,0,0,125,-8.65583
2.4,0,0,125,-8.60209
2.425,0,0,125,-8.54844
2.45,0,0,125,-8.49488
2.475,0,0,125,-8.44143
2.5,0,0,125,-8.38807
2.525,0,0,125,-8.33481
2.55,0,0,125,-8.28165
2.575,0,0,125,-8.22859
2.6,0,0,125,-8.17562
2.625,0,0,125,-8.12276
2.65,0,0,125,-8.07
2.675,0,0,125,-8.01733
2.7,0,0,125,-7.96477
2.725,0,0,125,-7.91231
2.75,0,0,125,-7.85995
2.775,0,0,125,-7.80769
2.8,0,0,125,-7.75554
2.825,0,0,125,-7.70349
2.85,0,0,125,-7.65154
2.875,0,0,125,-7.59969
2.9,0,0,125,-7.54794
2.925,0,0,125,-7.4963
2.95,0,0,125,-7.44476
2.975,0,0,125,-7.39332
3,0,0,125,-7.34198
3.025,0,0,125,-7.29075
3.05,0,0,125,-7.23963
3.075,0,0,125,-7.1886
3.1,0,0,125,-7.13769
3.125,0,0,125,-7.08688
3.15,0,0,125,-7.03617
3.175,0,0,125,-6.98558
3.2,0,0,125,-6.93509
3.225,0,0,125,-6.88471
3.25,0,0,125,-6.83445
3.275,0,0,125,-6.78429
3.3,0,0,125,-6.73425
3.325,0,0,125,-6.68432
3.35,0,0,125,-6.63451
3.375,0,0,125,-6.58482
3.4,0,0,125,-6.53525
3.425,0,0,125,-6.48581
3.45,0,0,125,-6.43648
3.475,0,0,125,-6.38729
3.5,0,0,125,-6.33822
3.525,0,0,125,-6.28929
3.55,0,0,125,-6.24049
3.575,0,0,125,-6.19184
3.6,0,0,125,-6.14332
3.625,0,0,125,-6.09496
3.65,0,0,125,-6.04674
3.675,0,0,125,-5.99869
3.7,0,0,125,-5.95079
3.725,0,0,125,-5.90307
3.75,0,0,125,-5.85551
3.775,0,0,125,-5.80814
3.8,0,0,125,-5.76095
3.825,0,0,125,-5.71396
3.85,0,0,125,-5.66717
3.875,0,0,125,-5.62059
3.9,0,0,125,-5.57424
3.925,0,0,125,-5.52811
3.95,0,0,125,-5.48223
3.975,0,0,125,-5.43661
4,0,0,125,-5.39125
4.025,0,0,125,-5.34617
4.05,0,0,125,-5.30139
4.075,0,0,125,-5.25691
4.1,0,0,125,-5.21275
4.125,0,0,125,-5.16893
4.15,0,0,125,-5.12547
4.175,0,0,125,-5.08239
4.2,0,0,125,-5.03971
4.225,0,0,125,-4.99746
4.25,0,0,125,-4.95566
4.275,0,0,125,-4.91433
4.3,0,0,125,-4.87352
4.325,0,0,125,-4.83325
4.35,0,0,125,-4.79354
4.375,0,0,125,-4.75445
4.4,0,0,125,-4.71601
4.425,0,0,125,-4.67826
4.45,0,0,125,-4.64125
4.475,0,0,125,-4.60502
4.5,0,0,125,-4.56962
4.525,0,0,125,-4.5351
4.55,0,0,125,-4.50153
4.575,0,0,125,-4.46896
4.6,0,0,125,-4.43745
4.625,0,0,125,-4.40709
4.65,0,0,125,-4.37793
4.675,0,0,125,-4.35006
4.7,0,0,125,-4.32355
4.725,0,0,125,-4.2985
4.75,0,0,125,-4.27498
4.775,0,0,125,-4.25309
4.8,0,0,125,-4.23293
4.825,0,0,125,-4.21459
4.85,0,0,125,-4.1982
4.875,0,0,125,-4.18384
4.9,0,0,125,-4.17163
4.925,0,0,125,-4.16169
4.95,0,0,125,-4.15412
4.975,0,0,125,-4.14901
5,0,0,125,-4.14644
