0,0,0,125,-3.81501
0.025,0,0,125,-3.81661
0.05,0,0,125,-3.81986
0.075,0,0,125,-3.82486
0.1,0,0,125,-3.83178
0.125,0,0,125,-3.84085
0.15,0,0,125,-3.85229
0.175,0,0,125,-3.86633
0.2,0,0,125,-3.88308
0.225,0,0,125,-3.90262
0.25,0,0,125,-3.92498
0.275,0,0,125,-3.95016
0.3,0,0,125,-3.97812
0.325,0,0,125,-4.00882
0.35,0,0,125,-4.04219
0.375,0,0,125,-4.07815
0.4,0,0,125,-4.11661
0.425,0,0,125,-4.15749
0.45,0,0,125,-4.20069
0.475,0,0,125,-4.24612
0.5,0,0,125,-4.29367
0.525,0,0,125,-4.34327
0.55,0,0,125,-4.39482
0.575,0,0,125,-4.44824
0.6,0,0,125,-4.50344
0.625,0,0,125,-4.56037
0.65,0,0,125,-4.61895
0.675,0,0,125,-4.67911
0.7,0,0,125,-4.74081
0.725,0,0,125,-4.80399
0.75,0,0,125,-4.86861
0.775,0,0,125,-4.93464
0.8,0,0,125,-5.00203
0.825,0,0,125,-5.07078
0.85,0,0,125,-5.14085
0.875,0,0,125,-5.21224
0.9,0,0,125,-5.28493
0.925,0,0,125,-5.35893
0.95,0,0,125,-5.43423
0.975,0,0,125,-5.51084
1,0,0,125,-5.58877
1.025,0,0,125,-5.66804
1.05,0,0,125,-5.74867
1.075,0,0,125,-5.83068
1.1,0,0,125,-5.9141
1.125,0,0,125,-5.99896
1.15,0,0,125,-6.0853
1.175,0,0,125,-6.17315
1.2,0,0,125,-6.26255
1.225,0,0,125,-6.35356
1.25,0,0,125,-6.44621
1.275,0,0,125,-6.54056
1.3,0,0,125,-6.63666
1.325,0,0,125,-6.73456
1.35,0,0,125,-6.83432
1.375,0,0,125,-6.936
1.4,0,0,125,-7.03967
1.425,0,0,125,-7.14537
1.45,0,0,125,-7.25319
1.475,0,0,125,-7.36319
1.5,0,0,125,-7.47543
1.525,0,0,125,-7.58999
1.55,0,0,125,-7.70694
1.575,0,0,125,-7.82635
1.6,0,0,125,-7.94831
1.625,0,0,125,-8.07287
1.65,0,0,125,-8.20014
1.675,0,0,125,-8.33018
1.7,0,0,125,-8.46308
1.725,0,0,125,-8.59891
1.75,0,0,125,-8.73777
1.775,0,0,125,-8.87974
1.8,0,0,125,-9.0249
1.825,0,0,125,-9.17334
1.85,0,0,125,-9.32514
1.875,0,0,125,-9.48041
1.9,0,0,125,-9.63922
1.925,0,0,125,-9.80166
1.95,0,0,125,-9.96783
1.975,0,0,125,-10.1378
2,0,0,125,-10.3117
2.025,0,0,125,-10.4896
2.05,0,0,125,-10.6716
2.075,0,0,125,-10.8577
2.1,0,0,125,-11.0482
2.125,0,0,125,-11.243
2.15,0,0,125,-11.4422
2.175,0,0,125,-11.646
2.2,0,0,125,-11.8544
2.225,0,0,125,-12.0675
2.25,0,0,125,-12.2854
2.275,0,0,125,-12.5082
2.3,0,0,125,-12.7359
2.325,0,0,125,-12.9686
2.35,0,0,125,-13.2064
2.375,0,0,125,-13.4494
2.4,0,0,125,-13.6976
2.425,0,0,125,-13.9511
2.45,0,0,125,-14.2099
2.475,0,0,125,-14.4741
2.5,0,0,125,-14.7437
2.525,0,0,125,-15.0188
2.55,0,0,125,-15.2993
2.575,0,0,125,-15.5853
2.6,0,0,125,-15.8768
2.625,0,0,125,-16.1738
2.65,0,0,125,-16.4762
2.675,0,0,125,-16.7842
2.7,0,0,125,-17.0975
2.725,0,0,125,-17.4162
2.75,0,0,125,-17.7403
2.775,0,0,125,-18.0696
2.8,0,0,125,-18.404
2.825,0,0,125,-18.7435
2.85,0,0,125,-19.0879
2.875,0,0,125,-19.4372
2.9,0,0,125,-19.7911
2.925,0,0,125,-20.1496
2.95,0,0,125,-20.5123
2.975,0,0,125,-20.8792
3,0,0,125,-21.2501
3.025,0,0,125,-21.6246
3.05,0,0,125,-22.0026
3.075,0,0,125,-22.3837
3.1,0,0,125,-22.7678
3.125,0,0,125,-23.1544
3.15,0,0,125,-23.5434
3.175,0,0,125,-23.9343
3.2,0,0,125,-24.3269
3.225,0,0,125,-24.7207
3.25,0,0,125,-25.1153
3.275,0,0,125,-25.5105
3.3,0,0,125,-25.9057
3.325,0,0,125,-26.3005
3.35,0,0,125,-26.6946
3.375,0,0,125,-27.0874
3.4,0,0,125,-27.4785
3.425,0,0,125,-27.8674
3.45,0,0,125,-28.2537
3.475,0,0,125,-28.6367
3.5,0,0,125,-29.0161
3.525,0,0,125,-29.3913
3.55,0,0,125,-29.7618
3.575,0,0,125,-30.1271
3.6,0,0,125,-30.4865
3.625,0,0,125,-30.8397
3.65,0,0,125,-31.186
3.675,0,0,125,-31.5249
3.7,0,0,125,-31.8559
3.725,0,0,125,-32.1784
3.75,0,0,125,-32.4919
3.775,0,0,125,-32.7959
3.8,0,0,125,-33.0899
3.825,0,0,125,-33.3734
3.85,0,0,125,-33.6458
3.875,0,0,125,-33.9068
3.9,0,0,125,-34.1558
3.925,0,0,125,-34.3925
3.95,0,0,125,-34.6165
3.975,0,0,125,-34.8274
4,0,0,125,-35.0249
4.025,0,0,125,-35.2086
4.05,0,0,125,-35.3784
4.075,0,0,125,-35.5339
4.1,0,0,125,-35.6752
4.125,0,0,125,-35.8019
4.15,0,0,125,-35.9142
4.175,0,0,125,-36.0119
4.2,0,0,125,-36.0951
4.225,0,0,125,-36.1639
4.25,0,0,125,-36.2184
4.275,0,0,125,-36.259
4.3,0,0,125,-36.2859
4.325,0,0,125,-36.2994
4.35,0,0,125,-36.3001
4.375,0,0,125,-36.2883
4.4,0,0,125,-36.2646
4.425,0,0,125,-36.2298
4.45,0,0,125,-36.1844
4.475,0,0,125,-36.1293
4.5,0,0,125,-36.0653
4.525,0,0,125,-35.9933
4.55,0,0,125,-35.9142
4.575,0,0,125,-35.8292
4.6,0,0,125,-35.7393
4.625,0,0,125,-35.6457
4.65,0,0,125,-35.5495
4.675,0,0,125,-35.4521
4.7,0,0,125,-35.3547
4.725,0,0,125,-35.2587
4.75,0,0,125,-35.1655
4.775,0,0,125,-35.0764
4.8,0,0,125,-34.9929
4.825,0,0,125,-34.9165
4.85,0,0,125,-34.8483
4.875,0,0,125,-34.7894
4.9,0,0,125,-34.7403
4.925,0,0,125,-34.7013
4.95,0,0,125,-34.6723
4.975,0,0,125,-34.653
5,0,0,125,-34.6433
