0,0,0,125,-83.531
0.025,0,0,125,-83.5314
0.05,0,0,125,-83.5322
0.075,0,0,125,-83.5334
0.1,0,0,125,-83.5348
0.125,0,0,125,-83.5363
0.15,0,0,125,-83.5381
0.175,0,0,125,-83.5399
0.2,0,0,125,-83.5417
0.225,0,0,125,-83.5435
0.25,0,0,125,-83.5452
0.275,0,0,125,-83.5469
0.3,0,0,125,-83.5485
0.325,0,0,125,-83.55
0.35,0,0,125,-83.5514
0.375,0,0,125,-83.5527
0.4,0,0,125,-83.5539
0.425,0,0,125,-83.555
0.45,0,0,125,-83.5559
0.475,0,0,125,-83.5566
0.5,0,0,125,-83.5572
0.525,0,0,125,-83.5576
0.55,0,0,125,-83.5578
0.575,0,0,125,-83.5578
0.6,0,0,125,-83.5577
0.625,0,0,125,-83.5573
0.65,0,0,125,-83.5567
0.675,0,0,125,-83.556
0.7,0,0,125,-83.555
0.725,0,0,125,-83.5538
0.75,0,0,125,-83.5524
0.775,0,0,125,-83.5507
0.8,0,0,125,-83.5489
0.825,0,0,125,-83.5468
0.85,0,0,125,-83.5445
0.875,0,0,125,-83.5419
0.9,0,0,125,-83.5391
0.925,0,0,125,-83.536
0.95,0,0,125,-83.5326
0.975,0,0,125,-83.529
1,0,0,125,-83.5251
1.025,0,0,125,-83.521
1.05,0,0,125,-83.5166
1.075,0,0,125,-83.5118
1.1,0,0,125,-83.5068
1.125,0,0,125,-83.5015
1.15,0,0,125,-83.4959
1.175,0,0,125,-83.49
1.2,0,0,125,-83.4838
1.225,0,0,125,-83.4773
1.25,0,0,125,-83.4704
1.275,0,0,125,-83.4632
1.3,0,0,125,-83.4557
1.325,0,0,125,-83.4479
1.35,0,0,125,-83.4397
1.375,0,0,125,-83.4313
1.4,0,0,125,-83.4225
1.425,0,0,125,-83.4134
1.45,0,0,125,-83.404
1.475,0,0,125,-83.3942
1.5,0,0,125,-83.3841
1.525,0,0,125,-83.3736
1.55,0,0,125,-83.3629
1.575,0,0,125,-83.3518
1.6,0,0,125,-83.3405
1.625,0,0,125,-83.3288
1.65,0,0,125,-83.3168
1.675,0,0,125,-83.3045
1.7,0,0,125,-83.2919
1.725,0,0,125,-83.2791
1.75,0,0,125,-83.2659
1.775,0,0,125,-83.2525
1.8,0,0,125,-83.2388
1.825,0,0,125,-83.2249
1.85,0,0,125,-83.2107
1.875,0,0,125,-83.1963
1.9,0,0,125,-83.1817
1.925,0,0,125,-83.1669
1.95,0,0,125,-83.1518
1.975,0,0,125,-83.1366
2,0,0,125,-83.1211
2.025,0,0,125,-83.1055
2.05,0,0,125,-83.0897
2.075,0,0,125,-83.0737
2.1,0,0,125,-83.0575
2.125,0,0,125,-83.0411
2.15,0,0,125,-83.0246
2.175,0,0,125,-83.0078
2.2,0,0,125,-82.991
2.225,0,0,125,-82.9739
2.25,0,0,125,-82.9566
2.275,0,0,125,-82.9392
2.3,0,0,125,-82.9215
2.325,0,0,125,-82.9036
2.35,0,0,125,-82.8854
2.375,0,0,125,-82.867
2.4,0,0,125,-82.8484
2.425,0,0,125,-82.8294
2.45,0,0,125,-82.81
2.475,0,0,125,-82.7904
2.5,0,0,125,-82.7703
2.525,0,0,125,-82.7497
2.55,0,0,125,-82.7287
2.575,0,0,125,-82.7072
2.6,0,0,125,-82.6851
2.625,0,0,125,-82.6623
2.65,0,0,125,-82.6389
2.675,0,0,125,-82.6147
2.7,0,0,125,-82.5898
2.725,0,0,125,-82.564
2.75,0,0,125,-82.5372
2.775,0,0,125,-82.5094
2.8,0,0,125,-82.4805
2.825,0,0,125,-82.4505
2.85,0,0,125,-82.4192
2.875,0,0,125,-82.3865
2.9,0,0,125,-82.3525
2.925,0,0,125,-82.3169
2.95,0,0,125,-82.2796
2.975,0,0,125,-82.2407
3,0,0,125,-82.1999
3.025,0,0,125,-82.1572
3.05,0,0,125,-82.1124
3.075,0,0,125,-82.0656
3.1,0,0,125,-82.0164
3.125,0,0,125,-81.965
3.15,0,0,125,-81.911
3.175,0,0,125,-81.8545
3.2,0,0,125,-81.7953
3.225,0,0,125,-81.7334
3.25,0,0,125,-81.6685
3.275,0,0,125,-81.6007
3.3,0,0,125,-81.5298
3.325,0,0,125,-81.4558
3.35,0,0,125,-81.3784
3.375,0,0,125,-81.2978
3.4,0,0,125,-81.2137
3.425,0,0,125,-81.1261
3.45,0,0,125,-81.035
3.475,0,0,125,-80.9402
3.5,0,0,125,-80.8419
3.525,0,0,125,-80.7398
3.55,0,0,125,-80.634
3.575,0,0,125,-80.5244
3.6,0,0,125,-80.4111
3.625,0,0,125,-80.2941
3.65,0,0,125,-80.1734
3.675,0,0,125,-80.0489
3.7,0,0,125,-79.9208
3.725,0,0,125,-79.7892
3.75,0,0,125,-79.654
3.775,0,0,125,-79.5154
3.8,0,0,125,-79.3735
3.825,0,0,125,-79.2284
3.85,0,0,125,-79.0801
3.875,0,0,125,-78.929
3.9,0,0,125,-78.7751
3.925,0,0,125,-78.6186
3.95,0,0,125,-78.4596
3.975,0,0,125,-78.2985
4,0,0,125,-78.1354
4.025,0,0,125,-77.9705
4.05,0,0,125,-77.8041
4.075,0,0,125,-77.6365
4.1,0,0,125,-77.4679
4.125,0,0,125,-77.2985
4.15,0,0,125,-77.1288
4.175,0,0,125,-76.9589
4.2,0,0,125,-76.7893
4.225,0,0,125,-76.6201
4.25,0,0,125,-76.4518
4.275,0,0,125,-76.2846
4.3,0,0,125,-76.119
4.325,0,0,125,-75.9551
4.35,0,0,125,-75.7934
4.375,0,0,125,-75.6342
4.4,0,0,125,-75.4778
4.425,0,0,125,-75.3246
4.45,0,0,125,-75.1749
4.475,0,0,125,-75.0291
4.5,0,0,125,-74.8873
4.525,0,0,125,-74.7501
4.55,0,0,125,-74.6176
4.575,0,0,125,-74.4902
4.6,0,0,125,-74.3681
4.625,0,0,125,-74.2518
4.65,0,0,125,-74.1413
4.675,0,0,125,-74.037
4.7,0,0,125,-73.9391
4.725,0,0,125,-73.8479
4.75,0,0,125,-73.7635
4.775,0,0,125,-73.6861
4.8,0,0,125,-73.6161
4.825,0,0,125,-73.5534
4.85,0,0,125,-73.4982
4.875,0,0,125,-73.4507
4.9,0,0,125,-73.411
4.925,0,0,125,-73.3792
4.95,0,0,125,-73.3552
4.975,0,0,125,-73.3392
5,0,0,125,-73.3312
