0,0,0,125,-82.3025
0.025,0,0,125,-82.3031
0.05,0,0,125,-82.3042
0.075,0,0,125,-82.3058
0.1,0,0,125,-82.3078
0.125,0,0,125,-82.3101
0.15,0,0,125,-82.3126
0.175,0,0,125,-82.3153
0.2,0,0,125,-82.318
0.225,0,0,125,-82.3209
0.25,0,0,125,-82.3237
0.275,0,0,125,-82.3266
0.3,0,0,125,-82.3296
0.325,0,0,125,-82.3326
0.35,0,0,125,-82.3356
0.375,0,0,125,-82.3386
0.4,0,0,125,-82.3417
0.425,0,0,125,-82.3447
0.45,0,0,125,-82.3479
0.475,0,0,125,-82.351
0.5,0,0,125,-82.3542
0.525,0,0,125,-82.3574
0.55,0,0,125,-82.3607
0.575,0,0,125,-82.364
0.6,0,0,125,-82.3674
0.625,0,0,125,-82.3708
0.65,0,0,125,-82.3743
0.675,0,0,125,-82.3779
0.7,0,0,125,-82.3815
0.725,0,0,125,-82.3853
0.75,0,0,125,-82.389
0.775,0,0,125,-82.3929
0.8,0,0,125,-82.3969
0.825,0,0,125,-82.4009
0.85,0,0,125,-82.4051
0.875,0,0,125,-82.4093
0.9,0,0,125,-82.4136
0.925,0,0,125,-82.418
0.95,0,0,125,-82.4225
0.975,0,0,125,-82.4271
1,0,0,125,-82.4318
1.025,0,0,125,-82.4365
1.05,0,0,125,-82.4414
1.075,0,0,125,-82.4463
1.1,0,0,125,-82.4513
1.125,0,0,125,-82.4564
1.15,0,0,125,-82.4616
1.175,0,0,125,-82.4669
1.2,0,0,125,-82.4722
1.225,0,0,125,-82.4776
1.25,0,0,125,-82.4831
1.275,0,0,125,-82.4886
1.3,0,0,125,-82.4942
1.325,0,0,125,-82.4998
1.35,0,0,125,-82.5055
1.375,0,0,125,-82.5112
1.4,0,0,125,-82.517
1.425,0,0,125,-82.5228
1.45,0,0,125,-82.5287
1.475,0,0,125,-82.5346
1.5,0,0,125,-82.5405
1.525,0,0,125,-82.5464
1.55,0,0,125,-82.5524
1.575,0,0,125,-82.5584
1.6,0,0,125,-82.5644
1.625,0,0,125,-82.5704
1.65,0,0,125,-82.5764
1.675,0,0,125,-82.5824
1.7,0,0,125,-82.5884
1.725,0,0,125,-82.5945
1.75,0,0,125,-82.6006
1.775,0,0,125,-82.6067
1.8,0,0,125,-82.6128
1.825,0,0,125,-82.6189
1.85,0,0,125,-82.625
1.875,0,0,125,-82.6311
1.9,0,0,125,-82.6373
1.925,0,0,125,-82.6435
1.95,0,0,125,-82.6498
1.975,0,0,125,-82.656
2,0,0,125,-82.6623
2.025,0,0,125,-82.6687
2.05,0,0,125,-82.6751
2.075,0,0,125,-82.6815
2.1,0,0,125,-82.688
2.125,0,0,125,-82.6946
2.15,0,0,125,-82.7012
2.175,0,0,125,-82.7079
2.2,0,0,125,-82.7147
2.225,0,0,125,-82.7216
2.25,0,0,125,-82.7285
2.275,0,0,125,-82.7355
2.3,0,0,125,-82.7427
2.325,0,0,125,-82.7499
2.35,0,0,125,-82.7572
2.375,0,0,125,-82.7646
2.4,0,0,125,-82.7722
2.425,0,0,125,-82.7798
2.45,0,0,125,-82.7876
2.475,0,0,125,-82.7955
2.5,0,0,125,-82.8034
2.525,0,0,125,-82.8115
2.55,0,0,125,-82.8197
2.575,0,0,125,-82.8281
2.6,0,0,125,-82.8365
2.625,0,0,125,-82.8451
2.65,0,0,125,-82.8537
2.675,0,0,125,-82.8625
2.7,0,0,125,-82.8714
2.725,0,0,125,-82.8804
2.75,0,0,125,-82.8894
2.775,0,0,125,-82.8986
2.8,0,0,125,-82.9079
2.825,0,0,125,-82.9173
2.85,0,0,125,-82.9267
2.875,0,0,125,-82.9362
2.9,0,0,125,-82.9458
2.925,0,0,125,-82.9554
2.95,0,0,125,-82.9652
2.975,0,0,125,-82.9749
3,0,0,125,-82.9847
3.025,0,0,125,-82.9946
3.05,0,0,125,-83.0044
3.075,0,0,125,-83.0144
3.1,0,0,125,-83.0242
3.125,0,0,125,-83.0341
3.15,0,0,125,-83.044
3.175,0,0,125,-83.0539
3.2,0,0,125,-83.0637
3.225,0,0,125,-83.0735
3.25,0,0,125,-83.0832
3.275,0,0,125,-83.0929
3.3,0,0,125,-83.1026
3.325,0,0,125,-83.1121
3.35,0,0,125,-83.1216
3.375,0,0,125,-83.131
3.4,0,0,125,-83.1403
3.425,0,0,125,-83.1495
3.45,0,0,125,-83.1586
3.475,0,0,125,-83.1675
3.5,0,0,125,-83.1763
3.525,0,0,125,-83.1849
3.55,0,0,125,-83.1935
3.575,0,0,125,-83.2018
3.6,0,0,125,-83.21
3.625,0,0,125,-83.218
3.65,0,0,125,-83.2259
3.675,0,0,125,-83.2336
3.7,0,0,125,-83.2411
3.725,0,0,125,-83.2485
3.75,0,0,125,-83.2557
3.775,0,0,125,-83.2626
3.8,0,0,125,-83.2694
3.825,0,0,125,-83.276
3.85,0,0,125,-83.2824
3.875,0,0,125,-83.2886
3.9,0,0,125,-83.2946
3.925,0,0,125,-83.3004
3.95,0,0,125,-83.306
3.975,0,0,125,-83.3114
4,0,0,125,-83.3165
4.025,0,0,125,-83.3215
4.05,0,0,125,-83.3262
4.075,0,0,125,-83.3308
4.1,0,0,125,-83.3352
4.125,0,0,125,-83.3394
4.15,0,0,125,-83.3434
4.175,0,0,125,-83.3472
4.2,0,0,125,-83.3508
4.225,0,0,125,-83.3542
4.25,0,0,125,-83.3575
4.275,0,0,125,-83.3606
4.3,0,0,125,-83.3635
4.325,0,0,125,-83.3662
4.35,0,0,125,-83.3688
4.375,0,0,125,-83.3713
4.4,0,0,125,-83.3735
4.425,0,0,125,-83.3756
4.45,0,0,125,-83.3776
4.475,0,0,125,-83.3794
4.5,0,0,125,-83.3811
4.525,0,0,125,-83.3827
4.55,0,0,125,-83.3841
4.575,0,0,125,-83.3854
4.6,0,0,125,-83.3866
4.625,0,0,125,-83.3877
4.65,0,0,125,-83.3887
4.675,0,0,125,-83.3895
4.7,0,0,125,-83.3903
4.725,0,0,125,-83.3909
4.75,0,0,125,-83.3915
4.775,0,0,125,-83.392
4.8,0,0,125,-83.3924
4.825,0,0,125,-83.3927
4.85,0,0,125,-83.3929
4.875,0,0,125,-83.3931
4.9,0,0,125,-83.3932
4.925,0,0,125,-83.3933
4.95,0,0,125,-83.3933
4.975,0,0,125,-83.3934
5,0,0,125,-83.3934
