0,0,0,125,11.0489
0.025,0,0,125,11.0389
0.05,0,0,125,11.0185
0.075,0,0,125,10.9874
0.1,0,0,125,10.9446
0.125,0,0,125,10.8895
0.15,0,0,125,10.8212
0.175,0,0,125,10.7399
0.2,0,0,125,10.6463
0.225,0,0,125,10.5415
0.25,0,0,125,10.4267
0.275,0,0,125,10.3031
0.3,0,0,125,10.1719
0.325,0,0,125,10.0343
0.35,0,0,125,9.89132
0.375,0,0,125,9.74412
0.4,0,0,125,9.59367
0.425,0,0,125,9.44095
0.45,0,0,125,9.28686
0.475,0,0,125,9.13228
0.5,0,0,125,8.978
0.525,0,0,125,8.82481
0.55,0,0,125,8.67339
0.575,0,0,125,8.52441
0.6,0,0,125,8.37847
0.625,0,0,125,8.23614
0.65,0,0,125,8.09792
0.675,0,0,125,7.96426
0.7,0,0,125,7.83558
0.725,0,0,125,7.71225
0.75,0,0,125,7.59459
0.775,0,0,125,7.4829
0.8,0,0,125,7.3774
0.825,0,0,125,7.27832
0.85,0,0,125,7.18582
0.875,0,0,125,7.10006
0.9,0,0,125,7.02115
0.925,0,0,125,6.94917
0.95,0,0,125,6.88419
0.975,0,0,125,6.82626
1,0,0,125,6.7754
1.025,0,0,125,6.73162
1.05,0,0,125,6.69491
1.075,0,0,125,6.66526
1.1,0,0,125,6.64264
1.125,0,0,125,6.62703
1.15,0,0,125,6.61837
1.175,0,0,125,6.61664
1.2,0,0,125,6.62178
1.225,0,0,125,6.63376
1.25,0,0,125,6.65254
1.275,0,0,125,6.67807
1.3,0,0,125,6.71033
1.325,0,0,125,6.74928
1.35,0,0,125,6.79491
1.375,0,0,125,6.8472
1.4,0,0,125,6.90615
1.425,0,0,125,6.97175
1.45,0,0,125,7.04401
1.475,0,0,125,7.12296
1.5,0,0,125,7.20862
1.525,0,0,125,7.30104
1.55,0,0,125,7.40025
1.575,0,0,125,7.50634
1.6,0,0,125,7.61935
1.625,0,0,125,7.73937
1.65,0,0,125,7.8665
1.675,0,0,125,8.00082
1.7,0,0,125,8.14246
1.725,0,0,125,8.29152
1.75,0,0,125,8.44814
1.775,0,0,125,8.61246
1.8,0,0,125,8.78462
1.825,0,0,125,8.96476
1.85,0,0,125,9.15305
1.875,0,0,125,9.34966
1.9,0,0,125,9.55473
1.925,0,0,125,9.76845
1.95,0,0,125,9.99096
1.975,0,0,125,10.2224
2,0,0,125,10.4629
2.025,0,0,125,10.7126
2.05,0,0,125,10.9715
2.075,0,0,125,11.2397
2.1,0,0,125,11.5169
2.125,0,0,125,11.803
2.15,0,0,125,12.0975
2.175,0,0,125,12.3997
2.2,0,0,125,12.7084
2.225,0,0,125,13.0222
2.25,0,0,125,13.3385
2.275,0,0,125,13.6539
2.3,0,0,125,13.9635
2.325,0,0,125,14.2603
2.35,0,0,125,14.5345
2.375,0,0,125,14.7722
2.4,0,0,125,14.9538
2.425,0,0,125,15.0516
2.45,0,0,125,15.0263
2.475,0,0,125,14.8217
2.5,0,0,125,14.3565
2.525,0,0,125,13.512
2.55,0,0,125,12.1109
2.575,0,0,125,9.88329
2.6,0,0,125,6.40788
2.625,0,0,125,1.01471
2.65,0,0,125,-7.3515
2.675,0,0,125,-20.117
2.7,0,0,125,-37.0788
2.725,0,0,125,-51.8469
2.75,0,0,125,-62.3146
2.775,0,0,125,-69.4875
2.8,0,0,125,-74.3703
2.825,0,0,125,-77.6848
2.85,0,0,125,-79.9308
2.875,0,0,125,-81.4508
2.9,0,0,125,-82.4786
2.925,0,0,125,-83.1732
2.95,0,0,125,-83.6425
2.975,0,0,125,-83.9594
3,0,0,125,-84.1733
3.025,0,0,125,-84.3178
3.05,0,0,125,-84.4153
3.075,0,0,125,-84.4812
3.1,0,0,125,-84.5256
3.125,0,0,125,-84.5556
3.15,0,0,125,-84.5758
3.175,0,0,125,-84.5895
3.2,0,0,125,-84.5987
3.225,0,0,125,-84.6049
3.25,0,0,125,-84.6091
3.275,0,0,125,-84.6119
3.3,0,0,125,-84.6138
3.325,0,0,125,-84.6151
3.35,0,0,125,-84.6159
3.375,0,0,125,-84.6165
3.4,0,0,125,-84.6169
3.425,0,0,125,-84.6171
3.45,0,0,125,-84.6173
3.475,0,0,125,-84.6174
3.5,0,0,125,-84.6174
3.525,0,0,125,-84.6174
3.55,0,0,125,-84.6174
3.575,0,0,125,-84.6174
3.6,0,0,125,-84.6174
3.625,0,0,125,-84.6174
3.65,0,0,125,-84.6174
3.675,0,0,125,-84.6174
3.7,0,0,125,-84.6174
3.725,0,0,125,-84.6174
3.75,0,0,125,-84.6174
3.775,0,0,125,-84.6174
3.8,0,0,125,-84.6174
3.825,0,0,125,-84.6174
3.85,0,0,125,-84.6174
3.875,0,0,125,-84.6174
3.9,0,0,125,-84.6174
3.925,0,0,125,-84.6174
3.95,0,0,125,-84.6174
3.975,0,0,125,-84.6174
4,0,0,125,-84.6174
4.025,0,0,125,-84.6174
4.05,0,0,125,-84.6174
4.075,0,0,125,-84.6174
4.1,0,0,125,-84.6174
4.125,0,0,125,-84.6174
4.15,0,0,125,-84.6174
4.175,0,0,125,-84.6174
4.2,0,0,125,-84.6174
4.225,0,0,125,-84.6174
4.25,0,0,125,-84.6174
4.275,0,0,125,-84.6174
4.3,0,0,125,-84.6174
4.325,0,0,125,-84.6174
4.35,0,0,125,-84.6174
4.375,0,0,125,-84.6174
4.4,0,0,125,-84.6174
4.425,0,0,125,-84.6174
4.45,0,0,125,-84.6174
4.475,0,0,125,-84.6174
4.5,0,0,125,-84.6174
4.525,0,0,125,-84.6174
4.55,0,0,125,-84.6174
4.575,0,0,125,-84.6174
4.6,0,0,125,-84.6174
4.625,0,0,125,-84.6174
4.65,0,0,125,-84.6174
4.675,0,0,125,-84.6174
4.7,0,0,125,-84.6174
4.725,0,0,125,-84.6174
4.75,0,0,125,-84.6174
4.775,0,0,125,-84.6174
4.8,0,0,125,-84.6174
4.825,0,0,125,-84.6174
4.85,0,0,125,-84.6174
4.875,0,0,125,-84.6174
4.9,0,0,125,-84.6174
4.925,0,0,125,-84.6174
4.95,0,0,125,-84.6174
4.975,0,0,125,-84.6174
5,0,0,125,-84.6174
