0,0,0,125,-83.9562
0.025,0,0,125,-83.9563
0.05,0,0,125,-83.9567
0.075,0,0,125,-83.9572
0.1,0,0,125,-83.9578
0.125,0,0,125,-83.9586
0.15,0,0,125,-83.9594
0.175,0,0,125,-83.9602
0.2,0,0,125,-83.9611
0.225,0,0,125,-83.962
0.25,0,0,125,-83.9629
0.275,0,0,125,-83.9638
0.3,0,0,125,-83.9648
0.325,0,0,125,-83.9657
0.35,0,0,125,-83.9666
0.375,0,0,125,-83.9675
0.4,0,0,125,-83.9684
0.425,0,0,125,-83.9692
0.45,0,0,125,-83.9701
0.475,0,0,125,-83.9709
0.5,0,0,125,-83.9717
0.525,0,0,125,-83.9725
0.55,0,0,125,-83.9733
0.575,0,0,125,-83.9741
0.6,0,0,125,-83.9748
0.625,0,0,125,-83.9755
0.65,0,0,125,-83.9763
0.675,0,0,125,-83.977
0.7,0,0,125,-83.9777
0.725,0,0,125,-83.9784
0.75,0,0,125,-83.9791
0.775,0,0,125,-83.9799
0.8,0,0,125,-83.9806
0.825,0,0,125,-83.9814
0.85,0,0,125,-83.9822
0.875,0,0,125,-83.9829
0.9,0,0,125,-83.9837
0.925,0,0,125,-83.9845
0.95,0,0,125,-83.9853
0.975,0,0,125,-83.9861
1,0,0,125,-83.987
1.025,0,0,125,-83.9878
1.05,0,0,125,-83.9887
1.075,0,0,125,-83.9895
1.1,0,0,125,-83.9904
1.125,0,0,125,-83.9912
1.15,0,0,125,-83.9921
1.175,0,0,125,-83.993
1.2,0,0,125,-83.9939
1.225,0,0,125,-83.9948
1.25,0,0,125,-83.9958
1.275,0,0,125,-83.9967
1.3,0,0,125,-83.9976
1.325,0,0,125,-83.9986
1.35,0,0,125,-83.9995
1.375,0,0,125,-84.0005
1.4,0,0,125,-84.0015
1.425,0,0,125,-84.0025
1.45,0,0,125,-84.0035
1.475,0,0,125,-84.0046
1.5,0,0,125,-84.0056
1.525,0,0,125,-84.0067
1.55,0,0,125,-84.0079
1.575,0,0,125,-84.0091
1.6,0,0,125,-84.0103
1.625,0,0,125,-84.0115
1.65,0,0,125,-84.0128
1.675,0,0,125,-84.0141
1.7,0,0,125,-84.0155
1.725,0,0,125,-84.0169
1.75,0,0,125,-84.0183
1.775,0,0,125,-84.0198
1.8,0,0,125,-84.0213
1.825,0,0,125,-84.0228
1.85,0,0,125,-84.0243
1.875,0,0,125,-84.0259
1.9,0,0,125,-84.0275
1.925,0,0,125,-84.0291
1.95,0,0,125,-84.0308
1.975,0,0,125,-84.0326
2,0,0,125,-84.0343
2.025,0,0,125,-84.0361
2.05,0,0,125,-84.038
2.075,0,0,125,-84.0398
2.1,0,0,125,-84.0418
2.125,0,0,125,-84.0437
2.15,0,0,125,-84.0457
2.175,0,0,125,-84.0477
2.2,0,0,125,-84.0498
2.225,0,0,125,-84.0519
2.25,0,0,125,-84.054
2.275,0,0,125,-84.0562
2.3,0,0,125,-84.0585
2.325,0,0,125,-84.0607
2.35,0,0,125,-84.0631
2.375,0,0,125,-84.0655
2.4,0,0,125,-84.0679
2.425,0,0,125,-84.0704
2.45,0,0,125,-84.073
2.475,0,0,125,-84.0756
2.5,0,0,125,-84.0783
2.525,0,0,125,-84.0811
2.55,0,0,125,-84.0839
2.575,0,0,125,-84.0867
2.6,0,0,125,-84.0896
2.625,0,0,125,-84.0925
2.65,0,0,125,-84.0954
2.675,0,0,125,-84.0984
2.7,0,0,125,-84.1014
2.725,0,0,125,-84.1044
2.75,0,0,125,-84.1075
2.775,0,0,125,-84.1106
2.8,0,0,125,-84.1138
2.825,0,0,125,-84.1169
2.85,0,0,125,-84.1201
2.875,0,0,125,-84.1233
2.9,0,0,125,-84.1265
2.925,0,0,125,-84.1298
2.95,0,0,125,-84.133
2.975,0,0,125,-84.1363
3,0,0,125,-84.1396
3.025,0,0,125,-84.1428
3.05,0,0,125,-84.1461
3.075,0,0,125,-84.1494
3.1,0,0,125,-84.1527
3.125,0,0,125,-84.1559
3.15,0,0,125,-84.1591
3.175,0,0,125,-84.1623
3.2,0,0,125,-84.1656
3.225,0,0,125,-84.1687
3.25,0,0,125,-84.1719
3.275,0,0,125,-84.1751
3.3,0,0,125,-84.1782
3.325,0,0,125,-84.1813
3.35,0,0,125,-84.1843
3.375,0,0,125,-84.1873
3.4,0,0,125,-84.1903
3.425,0,0,125,-84.1932
3.45,0,0,125,-84.1961
3.475,0,0,125,-84.1989
3.5,0,0,125,-84.2018
3.525,0,0,125,-84.2045
3.55,0,0,125,-84.2073
3.575,0,0,125,-84.2099
3.6,0,0,125,-84.2126
3.625,0,0,125,-84.2151
3.65,0,0,125,-84.2176
3.675,0,0,125,-84.22
3.7,0,0,125,-84.2224
3.725,0,0,125,-84.2247
3.75,0,0,125,-84.227
3.775,0,0,125,-84.2292
3.8,0,0,125,-84.2313
3.825,0,0,125,-84.2334
3.85,0,0,125,-84.2354
3.875,0,0,125,-84.2373
3.9,0,0,125,-84.2392
3.925,0,0,125,-84.241
3.95,0,0,125,-84.2428
3.975,0,0,125,-84.2445
4,0,0,125,-84.2461
4.025,0,0,125,-84.2477
4.05,0,0,125,-84.2492
4.075,0,0,125,-84.2506
4.1,0,0,125,-84.252
4.125,0,0,125,-84.2534
4.15,0,0,125,-84.2546
4.175,0,0,125,-84.2558
4.2,0,0,125,-84.257
4.225,0,0,125,-84.258
4.25,0,0,125,-84.259
4.275,0,0,125,-84.26
4.3,0,0,125,-84.2609
4.325,0,0,125,-84.2617
4.35,0,0,125,-84.2625
4.375,0,0,125,-84.2632
4.4,0,0,125,-84.2639
4.425,0,0,125,-84.2646
4.45,0,0,125,-84.2652
4.475,0,0,125,-84.2658
4.5,0,0,125,-84.2663
4.525,0,0,125,-84.2668
4.55,0,0,125,-84.2673
4.575,0,0,125,-84.2677
4.6,0,0,125,-84.2681
4.625,0,0,125,-84.2685
4.65,0,0,125,-84.2688
4.675,0,0,125,-84.2691
4.7,0,0,125,-84.2693
4.725,0,0,125,-84.2695
4.75,0,0,125,-84.2697
4.775,0,0,125,-84.2698
4.8,0,0,125,-84.27
4.825,0,0,125,-84.2701
4.85,0,0,125,-84.2702
4.875,0,0,125,-84.2703
4.9,0,0,125,-84.2704
4.925,0,0,125,-84.2704
4.95,0,0,125,-84.2705
4.975,0,0,125,-84.2705
5,0,0,125,-84.2705
