0,0,0,125,-82.7877
0.025,0,0,125,-82.7881
0.05,0,0,125,-82.7887
0.075,0,0,125,-82.7896
0.1,0,0,125,-82.7907
0.125,0,0,125,-82.792
0.15,0,0,125,-82.7933
0.175,0,0,125,-82.7947
0.2,0,0,125,-82.796
0.225,0,0,125,-82.7973
0.25,0,0,125,-82.7985
0.275,0,0,125,-82.7997
0.3,0,0,125,-82.8008
0.325,0,0,125,-82.8019
0.35,0,0,125,-82.8028
0.375,0,0,125,-82.8037
0.4,0,0,125,-82.8045
0.425,0,0,125,-82.8053
0.45,0,0,125,-82.806
0.475,0,0,125,-82.8066
0.5,0,0,125,-82.8071
0.525,0,0,125,-82.8076
0.55,0,0,125,-82.808
0.575,0,0,125,-82.8084
0.6,0,0,125,-82.8087
0.625,0,0,125,-82.8089
0.65,0,0,125,-82.8091
0.675,0,0,125,-82.8092
0.7,0,0,125,-82.8092
0.725,0,0,125,-82.8092
0.75,0,0,125,-82.8092
0.775,0,0,125,-82.8091
0.8,0,0,125,-82.8089
0.825,0,0,125,-82.8088
0.85,0,0,125,-82.8085
0.875,0,0,125,-82.8083
0.9,0,0,125,-82.808
0.925,0,0,125,-82.8076
0.95,0,0,125,-82.8073
0.975,0,0,125,-82.8069
1,0,0,125,-82.8064
1.025,0,0,125,-82.8059
1.05,0,0,125,-82.8054
1.075,0,0,125,-82.8049
1.1,0,0,125,-82.8043
1.125,0,0,125,-82.8037
1.15,0,0,125,-82.803
1.175,0,0,125,-82.8024
1.2,0,0,125,-82.8017
1.225,0,0,125,-82.8009
1.25,0,0,125,-82.8002
1.275,0,0,125,-82.7994
1.3,0,0,125,-82.7987
1.325,0,0,125,-82.7979
1.35,0,0,125,-82.7971
1.375,0,0,125,-82.7962
1.4,0,0,125,-82.7954
1.425,0,0,125,-82.7945
1.45,0,0,125,-82.7936
1.475,0,0,125,-82.7927
1.5,0,0,125,-82.7918
1.525,0,0,125,-82.7909
1.55,0,0,125,-82.7899
1.575,0,0,125,-82.789
1.6,0,0,125,-82.788
1.625,0,0,125,-82.787
1.65,0,0,125,-82.786
1.675,0,0,125,-82.785
1.7,0,0,125,-82.7839
1.725,0,0,125,-82.7829
1.75,0,0,125,-82.7819
1.775,0,0,125,-82.7808
1.8,0,0,125,-82.7797
1.825,0,0,125,-82.7787
1.85,0,0,125,-82.7776
1.875,0,0,125,-82.7765
1.9,0,0,125,-82.7753
1.925,0,0,125,-82.7742
1.95,0,0,125,-82.7731
1.975,0,0,125,-82.7719
2,0,0,125,-82.7707
2.025,0,0,125,-82.7696
2.05,0,0,125,-82.7684
2.075,0,0,125,-82.7672
2.1,0,0,125,-82.766
2.125,0,0,125,-82.7647
2.15,0,0,125,-82.7635
2.175,0,0,125,-82.7623
2.2,0,0,125,-82.761
2.225,0,0,125,-82.7598
2.25,0,0,125,-82.7585
2.275,0,0,125,-82.7572
2.3,0,0,125,-82.7559
2.325,0,0,125,-82.7546
2.35,0,0,125,-82.7533
2.375,0,0,125,-82.752
2.4,0,0,125,-82.7506
2.425,0,0,125,-82.7492
2.45,0,0,125,-82.7479
2.475,0,0,125,-82.7465
2.5,0,0,125,-82.7451
2.525,0,0,125,-82.7437
2.55,0,0,125,-82.7422
2.575,0,0,125,-82.7407
2.6,0,0,125,-82.7391
2.625,0,0,125,-82.7375
2.65,0,0,125,-82.7358
2.675,0,0,125,-82.7339
2.7,0,0,125,-82.7318
2.725,0,0,125,-82.7294
2.75,0,0,125,-82.7266
2.775,0,0,125,-82.7233
2.8,0,0,125,-82.719
2.825,0,0,125,-82.7136
2.85,0,0,125,-82.7064
2.875,0,0,125,-82.6967
2.9,0,0,125,-82.6834
2.925,0,0,125,-82.6648
2.95,0,0,125,-82.6386
2.975,0,0,125,-82.6015
3,0,0,125,-82.5486
3.025,0,0,125,-82.4727
3.05,0,0,125,-82.3638
3.075,0,0,125,-82.2069
3.1,0,0,125,-81.9806
3.125,0,0,125,-81.6537
3.15,0,0,125,-81.1811
3.175,0,0,125,-80.4974
3.2,0,0,125,-79.5082
3.225,0,0,125,-78.077
3.25,0,0,125,-76.007
3.275,0,0,125,-73.016
3.3,0,0,125,-68.7008
3.325,0,0,125,-62.4929
3.35,0,0,125,-53.6209
3.375,0,0,125,-41.2902
3.4,0,0,125,-26.4644
3.425,0,0,125,-14.0668
3.45,0,0,125,-5.68333
3.475,0,0,125,-0.307106
3.5,0,0,125,3.05729
3.525,0,0,125,5.09256
3.55,0,0,125,6.24237
3.575,0,0,125,6.79586
3.6,0,0,125,6.94439
3.625,0,0,125,6.81673
3.65,0,0,125,6.50074
3.675,0,0,125,6.05706
3.7,0,0,125,5.52789
3.725,0,0,125,4.9428
3.75,0,0,125,4.32262
3.775,0,0,125,3.68211
3.8,0,0,125,3.03181
3.825,0,0,125,2.37929
3.85,0,0,125,1.73006
3.875,0,0,125,1.08822
3.9,0,0,125,0.456846
3.925,0,0,125,-0.161626
3.95,0,0,125,-0.765236
3.975,0,0,125,-1.35232
4,0,0,125,-1.9214
4.025,0,0,125,-2.47115
4.05,0,0,125,-3.00027
4.075,0,0,125,-3.50755
4.1,0,0,125,-3.99177
4.125,0,0,125,-4.45175
4.15,0,0,125,-4.88631
4.175,0,0,125,-5.29432
4.2,0,0,125,-5.67465
4.225,0,0,125,-6.02625
4.25,0,0,125,-6.34812
4.275,0,0,125,-6.63934
4.3,0,0,125,-6.89911
4.325,0,0,125,-7.12676
4.35,0,0,125,-7.32175
4.375,0,0,125,-7.48373
4.4,0,0,125,-7.61255
4.425,0,0,125,-7.70827
4.45,0,0,125,-7.7712
4.475,0,0,125,-7.80192
4.5,0,0,125,-7.80128
4.525,0,0,125,-7.77044
4.55,0,0,125,-7.71089
4.575,0,0,125,-7.62444
4.6,0,0,125,-7.51326
4.625,0,0,125,-7.37987
4.65,0,0,125,-7.22716
4.675,0,0,125,-7.05841
4.7,0,0,125,-6.87728
4.725,0,0,125,-6.68779
4.75,0,0,125,-6.49436
4.775,0,0,125,-6.30177
4.8,0,0,125,-6.11511
4.825,0,0,125,-5.93963
4.85,0,0,125,-5.78038
4.875,0,0,125,-5.64156
4.9,0,0,125,-5.52581
4.925,0,0,125,-5.43374
4.95,0,0,125,-5.36511
4.975,0,0,125,-5.31954
5,0,0,125,-5.29676
