0,0,0,125,-84.3693
0.025,0,0,125,-84.3693
0.05,0,0,125,-84.3695
0.075,0,0,125,-84.3696
0.1,0,0,125,-84.3699
0.125,0,0,125,-84.3701
0.15,0,0,125,-84.3704
0.175,0,0,125,-84.3707
0.2,0,0,125,-84.3709
0.225,0,0,125,-84.3712
0.25,0,0,125,-84.3715
0.275,0,0,125,-84.3719
0.3,0,0,125,-84.3722
0.325,0,0,125,-84.3725
0.35,0,0,125,-84.3728
0.375,0,0,125,-84.3732
0.4,0,0,125,-84.3735
0.425,0,0,125,-84.3738
0.45,0,0,125,-84.3741
0.475,0,0,125,-84.3744
0.5,0,0,125,-84.3746
0.525,0,0,125,-84.3749
0.55,0,0,125,-84.3752
0.575,0,0,125,-84.3754
0.6,0,0,125,-84.3757
0.625,0,0,125,-84.3759
0.65,0,0,125,-84.3761
0.675,0,0,125,-84.3764
0.7,0,0,125,-84.3766
0.725,0,0,125,-84.3769
0.75,0,0,125,-84.3771
0.775,0,0,125,-84.3773
0.8,0,0,125,-84.3776
0.825,0,0,125,-84.3778
0.85,0,0,125,-84.378
0.875,0,0,125,-84.3783
0.9,0,0,125,-84.3785
0.925,0,0,125,-84.3787
0.95,0,0,125,-84.379
0.975,0,0,125,-84.3792
1,0,0,125,-84.3795
1.025,0,0,125,-84.3797
1.05,0,0,125,-84.38
1.075,0,0,125,-84.3803
1.1,0,0,125,-84.3805
1.125,0,0,125,-84.3808
1.15,0,0,125,-84.3811
1.175,0,0,125,-84.3814
1.2,0,0,125,-84.3817
1.225,0,0,125,-84.382
1.25,0,0,125,-84.3824
1.275,0,0,125,-84.3827
1.3,0,0,125,-84.383
1.325,0,0,125,-84.3834
1.35,0,0,125,-84.3838
1.375,0,0,125,-84.3841
1.4,0,0,125,-84.3845
1.425,0,0,125,-84.3849
1.45,0,0,125,-84.3853
1.475,0,0,125,-84.3857
1.5,0,0,125,-84.3862
1.525,0,0,125,-84.3866
1.55,0,0,125,-84.387
1.575,0,0,125,-84.3875
1.6,0,0,125,-84.388
1.625,0,0,125,-84.3884
1.65,0,0,125,-84.3889
1.675,0,0,125,-84.3894
1.7,0,0,125,-84.3899
1.725,0,0,125,-84.3904
1.75,0,0,125,-84.3909
1.775,0,0,125,-84.3914
1.8,0,0,125,-84.392
1.825,0,0,125,-84.3925
1.85,0,0,125,-84.3931
1.875,0,0,125,-84.3936
1.9,0,0,125,-84.3942
1.925,0,0,125,-84.3948
1.95,0,0,125,-84.3954
1.975,0,0,125,-84.396
2,0,0,125,-84.3966
2.025,0,0,125,-84.3972
2.05,0,0,125,-84.3979
2.075,0,0,125,-84.3985
2.1,0,0,125,-84.3992
2.125,0,0,125,-84.3998
2.15,0,0,125,-84.4005
2.175,0,0,125,-84.4012
2.2,0,0,125,-84.4019
2.225,0,0,125,-84.4027
2.25,0,0,125,-84.4034
2.275,0,0,125,-84.4042
2.3,0,0,125,-84.405
2.325,0,0,125,-84.4057
2.35,0,0,125,-84.4066
2.375,0,0,125,-84.4074
2.4,0,0,125,-84.4082
2.425,0,0,125,-84.4091
2.45,0,0,125,-84.4099
2.475,0,0,125,-84.4108
2.5,0,0,125,-84.4117
2.525,0,0,125,-84.4126
2.55,0,0,125,-84.4136
2.575,0,0,125,-84.4145
2.6,0,0,125,-84.4155
2.625,0,0,125,-84.4165
2.65,0,0,125,-84.4174
2.675,0,0,125,-84.4185
2.7,0,0,125,-84.4195
2.725,0,0,125,-84.4205
2.75,0,0,125,-84.4216
2.775,0,0,125,-84.4226
2.8,0,0,125,-84.4237
2.825,0,0,125,-84.4248
2.85,0,0,125,-84.4259
2.875,0,0,125,-84.427
2.9,0,0,125,-84.4282
2.925,0,0,125,-84.4293
2.95,0,0,125,-84.4305
2.975,0,0,125,-84.4316
3,0,0,125,-84.4328
3.025,0,0,125,-84.4339
3.05,0,0,125,-84.435
3.075,0,0,125,-84.4362
3.1,0,0,125,-84.4373
3.125,0,0,125,-84.4384
3.15,0,0,125,-84.4394
3.175,0,0,125,-84.4405
3.2,0,0,125,-84.4416
3.225,0,0,125,-84.4426
3.25,0,0,125,-84.4436
3.275,0,0,125,-84.4447
3.3,0,0,125,-84.4457
3.325,0,0,125,-84.4467
3.35,0,0,125,-84.4476
3.375,0,0,125,-84.4486
3.4,0,0,125,-84.4495
3.425,0,0,125,-84.4505
3.45,0,0,125,-84.4514
3.475,0,0,125,-84.4523
3.5,0,0,125,-84.4531
3.525,0,0,125,-84.454
3.55,0,0,125,-84.4549
3.575,0,0,125,-84.4557
3.6,0,0,125,-84.4565
3.625,0,0,125,-84.4573
3.65,0,0,125,-84.4581
3.675,0,0,125,-84.4589
3.7,0,0,125,-84.4596
3.725,0,0,125,-84.4604
3.75,0,0,125,-84.4611
3.775,0,0,125,-84.4618
3.8,0,0,125,-84.4625
3.825,0,0,125,-84.4632
3.85,0,0,125,-84.4638
3.875,0,0,125,-84.4644
3.9,0,0,125,-84.465
3.925,0,0,125,-84.4656
3.95,0,0,125,-84.4662
3.975,0,0,125,-84.4667
4,0,0,125,-84.4672
4.025,0,0,125,-84.4677
4.05,0,0,125,-84.4682
4.075,0,0,125,-84.4687
4.1,0,0,125,-84.4692
4.125,0,0,125,-84.4696
4.15,0,0,125,-84.47
4.175,0,0,125,-84.4704
4.2,0,0,125,-84.4708
4.225,0,0,125,-84.4712
4.25,0,0,125,-84.4716
4.275,0,0,125,-84.4719
4.3,0,0,125,-84.4723
4.325,0,0,125,-84.4726
4.35,0,0,125,-84.4729
4.375,0,0,125,-84.4732
4.4,0,0,125,-84.4735
4.425,0,0,125,-84.4737
4.45,0,0,125,-84.474
4.475,0,0,125,-84.4742
4.5,0,0,125,-84.4744
4.525,0,0,125,-84.4746
4.55,0,0,125,-84.4748
4.575,0,0,125,-84.475
4.6,0,0,125,-84.4751
4.625,0,0,125,-84.4753
4.65,0,0,125,-84.4754
4.675,0,0,125,-84.4755
4.7,0,0,125,-84.4756
4.725,0,0,125,-84.4757
4.75,0,0,125,-84.4757
4.775,0,0,125,-84.4758
4.8,0,0,125,-84.4758
4.825,0,0,125,-84.4758
4.85,0,0,125,-84.4758
4.875,0,0,125,-84.4758
4.9,0,0,125,-84.4758
4.925,0,0,125,-84.4757
4.95,0,0,125,-84.4757
4.975,0,0,125,-84.4757
5,0,0,125,-84.4757
