0,0,0,125,9.64231
0.025,0,0,125,9.64579
0.05,0,0,125,9.65259
0.075,0,0,125,9.66231
0.1,0,0,125,9.67439
0.125,0,0,125,9.68817
0.15,0,0,125,9.70301
0.175,0,0,125,9.71836
0.2,0,0,125,9.73391
0.225,0,0,125,9.74942
0.25,0,0,125,9.76473
0.275,0,0,125,9.77968
0.3,0,0,125,9.79415
0.325,0,0,125,9.80803
0.35,0,0,125,9.8212
0.375,0,0,125,9.83356
0.4,0,0,125,9.84503
0.425,0,0,125,9.85551
0.45,0,0,125,9.86493
0.475,0,0,125,9.87321
0.5,0,0,125,9.88028
0.525,0,0,125,9.88606
0.55,0,0,125,9.8905
0.575,0,0,125,9.89352
0.6,0,0,125,9.89507
0.625,0,0,125,9.89507
0.65,0,0,125,9.89348
0.675,0,0,125,9.89022
0.7,0,0,125,9.88523
0.725,0,0,125,9.87846
0.75,0,0,125,9.86983
0.775,0,0,125,9.85929
0.8,0,0,125,9.84677
0.825,0,0,125,9.83221
0.85,0,0,125,9.81553
0.875,0,0,125,9.79666
0.9,0,0,125,9.77554
0.925,0,0,125,9.75208
0.95,0,0,125,9.72622
0.975,0,0,125,9.69787
1,0,0,125,9.66695
1.025,0,0,125,9.63338
1.05,0,0,125,9.59707
1.075,0,0,125,9.55794
1.1,0,0,125,9.5159
1.125,0,0,125,9.47084
1.15,0,0,125,9.42269
1.175,0,0,125,9.37133
1.2,0,0,125,9.31667
1.225,0,0,125,9.25861
1.25,0,0,125,9.19705
1.275,0,0,125,9.13187
1.3,0,0,125,9.06298
1.325,0,0,125,8.99027
1.35,0,0,125,8.91362
1.375,0,0,125,8.83294
1.4,0,0,125,8.7481
1.425,0,0,125,8.65901
1.45,0,0,125,8.56555
1.475,0,0,125,8.46761
1.5,0,0,125,8.36509
1.525,0,0,125,8.25788
1.55,0,0,125,8.14588
1.575,0,0,125,8.02898
1.6,0,0,125,7.90709
1.625,0,0,125,7.78011
1.65,0,0,125,7.64795
1.675,0,0,125,7.51051
1.7,0,0,125,7.3677
1.725,0,0,125,7.21945
1.75,0,0,125,7.06567
1.775,0,0,125,6.90627
1.8,0,0,125,6.7412
1.825,0,0,125,6.57037
1.85,0,0,125,6.39372
1.875,0,0,125,6.21118
1.9,0,0,125,6.02269
1.925,0,0,125,5.82818
1.95,0,0,125,5.62761
1.975,0,0,125,5.42091
2,0,0,125,5.20803
2.025,0,0,125,4.98891
2.05,0,0,125,4.76351
2.075,0,0,125,4.53178
2.1,0,0,125,4.29366
2.125,0,0,125,4.04911
2.15,0,0,125,3.79809
2.175,0,0,125,3.54054
2.2,0,0,125,3.27642
2.225,0,0,125,3.00568
2.25,0,0,125,2.72829
2.275,0,0,125,2.44421
2.3,0,0,125,2.15338
2.325,0,0,125,1.85578
2.35,0,0,125,1.55138
2.375,0,0,125,1.24013
2.4,0,0,125,0.922006
2.425,0,0,125,0.596986
2.45,0,0,125,0.265048
2.475,0,0,125,-0.0738274
2.5,0,0,125,-0.419651
2.525,0,0,125,-0.772427
2.55,0,0,125,-1.13215
2.575,0,0,125,-1.49882
2.6,0,0,125,-1.87242
2.625,0,0,125,-2.25291
2.65,0,0,125,-2.64026
2.675,0,0,125,-3.03442
2.7,0,0,125,-3.43534
2.725,0,0,125,-3.84293
2.75,0,0,125,-4.2571
2.775,0,0,125,-4.67777
2.8,0,0,125,-5.10481
2.825,0,0,125,-5.53808
2.85,0,0,125,-5.97744
2.875,0,0,125,-6.42271
2.9,0,0,125,-6.87371
2.925,0,0,125,-7.33024
2.95,0,0,125,-7.79206
2.975,0,0,125,-8.25892
3,0,0,125,-8.73057
3.025,0,0,125,-9.20672
3.05,0,0,125,-9.68704
3.075,0,0,125,-10.1712
3.1,0,0,125,-10.6589
3.125,0,0,125,-11.1498
3.15,0,0,125,-11.6433
3.175,0,0,125,-12.1393
3.2,0,0,125,-12.6371
3.225,0,0,125,-13.1364
3.25,0,0,125,-13.6367
3.275,0,0,125,-14.1376
3.3,0,0,125,-14.6385
3.325,0,0,125,-15.1389
3.35,0,0,125,-15.6384
3.375,0,0,125,-16.1364
3.4,0,0,125,-16.6323
3.425,0,0,125,-17.1257
3.45,0,0,125,-17.6161
3.475,0,0,125,-18.1027
3.5,0,0,125,-18.5853
3.525,0,0,125,-19.0631
3.55,0,0,125,-19.5356
3.575,0,0,125,-20.0024
3.6,0,0,125,-20.4629
3.625,0,0,125,-20.9167
3.65,0,0,125,-21.3631
3.675,0,0,125,-21.8017
3.7,0,0,125,-22.2321
3.725,0,0,125,-22.6538
3.75,0,0,125,-23.0664
3.775,0,0,125,-23.4695
3.8,0,0,125,-23.8625
3.825,0,0,125,-24.2453
3.85,0,0,125,-24.6174
3.875,0,0,125,-24.9786
3.9,0,0,125,-25.3284
3.925,0,0,125,-25.6667
3.95,0,0,125,-25.9931
3.975,0,0,125,-26.3076
4,0,0,125,-26.6097
4.025,0,0,125,-26.8995
4.05,0,0,125,-27.1768
4.075,0,0,125,-27.4415
4.1,0,0,125,-27.6934
4.125,0,0,125,-27.9326
4.15,0,0,125,-28.1591
4.175,0,0,125,-28.3728
4.2,0,0,125,-28.5738
4.225,0,0,125,-28.7623
4.25,0,0,125,-28.9384
4.275,0,0,125,-29.1021
4.3,0,0,125,-29.2537
4.325,0,0,125,-29.3935
4.35,0,0,125,-29.5217
4.375,0,0,125,-29.6387
4.4,0,0,125,-29.7446
4.425,0,0,125,-29.84
4.45,0,0,125,-29.9253
4.475,0,0,125,-30.0008
4.5,0,0,125,-30.067
4.525,0,0,125,-30.1246
4.55,0,0,125,-30.1739
4.575,0,0,125,-30.2156
4.6,0,0,125,-30.2502
4.625,0,0,125,-30.2784
4.65,0,0,125,-30.3008
4.675,0,0,125,-30.318
4.7,0,0,125,-30.3307
4.725,0,0,125,-30.3395
4.75,0,0,125,-30.3451
4.775,0,0,125,-30.3481
4.8,0,0,125,-30.349
4.825,0,0,125,-30.3485
4.85,0,0,125,-30.347
4.875,0,0,125,-30.3449
4.9,0,0,125,-30.3426
4.925,0,0,125,-30.3404
4.95,0,0,125,-30.3385
4.975,0,0,125,-30.3372
5,0,0,125,-30.3365
