0,0,0,125,-37.7955
0.025,0,0,125,-37.8087
0.05,0,0,125,-37.8351
0.075,0,0,125,-37.8747
0.1,0,0,125,-37.9276
0.125,0,0,125,-37.9941
0.15,0,0,125,-38.0741
0.175,0,0,125,-38.1679
0.2,0,0,125,-38.2755
0.225,0,0,125,-38.397
0.25,0,0,125,-38.5326
0.275,0,0,125,-38.6822
0.3,0,0,125,-38.8461
0.325,0,0,125,-39.0242
0.35,0,0,125,-39.2168
0.375,0,0,125,-39.424
0.4,0,0,125,-39.646
0.425,0,0,125,-39.8828
0.45,0,0,125,-40.1347
0.475,0,0,125,-40.4019
0.5,0,0,125,-40.6845
0.525,0,0,125,-40.9828
0.55,0,0,125,-41.297
0.575,0,0,125,-41.6273
0.6,0,0,125,-41.9738
0.625,0,0,125,-42.337
0.65,0,0,125,-42.7168
0.675,0,0,125,-43.1137
0.7,0,0,125,-43.5277
0.725,0,0,125,-43.959
0.75,0,0,125,-44.4079
0.775,0,0,125,-44.8743
0.8,0,0,125,-45.3586
0.825,0,0,125,-45.8606
0.85,0,0,125,-46.3805
0.875,0,0,125,-46.9183
0.9,0,0,125,-47.4738
0.925,0,0,125,-48.047
0.95,0,0,125,-48.6377
0.975,0,0,125,-49.2456
1,0,0,125,-49.8704
1.025,0,0,125,-50.5117
1.05,0,0,125,-51.169
1.075,0,0,125,-51.8417
1.1,0,0,125,-52.5291
1.125,0,0,125,-53.2306
1.15,0,0,125,-53.9451
1.175,0,0,125,-54.6719
1.2,0,0,125,-55.4098
1.225,0,0,125,-56.1577
1.25,0,0,125,-56.9145
1.275,0,0,125,-57.6787
1.3,0,0,125,-58.449
1.325,0,0,125,-59.224
1.35,0,0,125,-60.0022
1.375,0,0,125,-60.7821
1.4,0,0,125,-61.5619
1.425,0,0,125,-62.3402
1.45,0,0,125,-63.1152
1.475,0,0,125,-63.8855
1.5,0,0,125,-64.6492
1.525,0,0,125,-65.405
1.55,0,0,125,-66.1511
1.575,0,0,125,-66.8862
1.6,0,0,125,-67.6089
1.625,0,0,125,-68.3177
1.65,0,0,125,-69.0114
1.675,0,0,125,-69.6888
1.7,0,0,125,-70.349
1.725,0,0,125,-70.991
1.75,0,0,125,-71.6139
1.775,0,0,125,-72.2171
1.8,0,0,125,-72.8
1.825,0,0,125,-73.3621
1.85,0,0,125,-73.903
1.875,0,0,125,-74.4227
1.9,0,0,125,-74.9209
1.925,0,0,125,-75.3977
1.95,0,0,125,-75.8531
1.975,0,0,125,-76.2874
2,0,0,125,-76.7008
2.025,0,0,125,-77.0937
2.05,0,0,125,-77.4665
2.075,0,0,125,-77.8198
2.1,0,0,125,-78.1539
2.125,0,0,125,-78.4696
2.15,0,0,125,-78.7675
2.175,0,0,125,-79.0481
2.2,0,0,125,-79.3123
2.225,0,0,125,-79.5606
2.25,0,0,125,-79.7937
2.275,0,0,125,-80.0125
2.3,0,0,125,-80.2174
2.325,0,0,125,-80.4094
2.35,0,0,125,-80.5889
2.375,0,0,125,-80.7568
2.4,0,0,125,-80.9137
2.425,0,0,125,-81.0601
2.45,0,0,125,-81.1968
2.475,0,0,125,-81.3243
2.5,0,0,125,-81.4431
2.525,0,0,125,-81.5539
2.55,0,0,125,-81.6571
2.575,0,0,125,-81.7533
2.6,0,0,125,-81.8428
2.625,0,0,125,-81.9263
2.65,0,0,125,-82.0039
2.675,0,0,125,-82.0763
2.7,0,0,125,-82.1437
2.725,0,0,125,-82.2065
2.75,0,0,125,-82.265
2.775,0,0,125,-82.3196
2.8,0,0,125,-82.3705
2.825,0,0,125,-82.4179
2.85,0,0,125,-82.4622
2.875,0,0,125,-82.5035
2.9,0,0,125,-82.5422
2.925,0,0,125,-82.5783
2.95,0,0,125,-82.6121
2.975,0,0,125,-82.6437
3,0,0,125,-82.6733
3.025,0,0,125,-82.7011
3.05,0,0,125,-82.7271
3.075,0,0,125,-82.7515
3.1,0,0,125,-82.7745
3.125,0,0,125,-82.7961
3.15,0,0,125,-82.8164
3.175,0,0,125,-82.8355
3.2,0,0,125,-82.8535
3.225,0,0,125,-82.8704
3.25,0,0,125,-82.8864
3.275,0,0,125,-82.9015
3.3,0,0,125,-82.9158
3.325,0,0,125,-82.9293
3.35,0,0,125,-82.942
3.375,0,0,125,-82.9541
3.4,0,0,125,-82.9655
3.425,0,0,125,-82.9763
3.45,0,0,125,-82.9865
3.475,0,0,125,-82.9961
3.5,0,0,125,-83.0053
3.525,0,0,125,-83.014
3.55,0,0,125,-83.0221
3.575,0,0,125,-83.0299
3.6,0,0,125,-83.0372
3.625,0,0,125,-83.0442
3.65,0,0,125,-83.0507
3.675,0,0,125,-83.0568
3.7,0,0,125,-83.0626
3.725,0,0,125,-83.0681
3.75,0,0,125,-83.0732
3.775,0,0,125,-83.078
3.8,0,0,125,-83.0825
3.825,0,0,125,-83.0867
3.85,0,0,125,-83.0906
3.875,0,0,125,-83.0942
3.9,0,0,125,-83.0975
3.925,0,0,125,-83.1006
3.95,0,0,125,-83.1034
3.975,0,0,125,-83.1059
4,0,0,125,-83.1082
4.025,0,0,125,-83.1102
4.05,0,0,125,-83.112
4.075,0,0,125,-83.1136
4.1,0,0,125,-83.1149
4.125,0,0,125,-83.116
4.15,0,0,125,-83.1169
4.175,0,0,125,-83.1175
4.2,0,0,125,-83.118
4.225,0,0,125,-83.1182
4.25,0,0,125,-83.1182
4.275,0,0,125,-83.118
4.3,0,0,125,-83.1176
4.325,0,0,125,-83.1171
4.35,0,0,125,-83.1163
4.375,0,0,125,-83.1154
4.4,0,0,125,-83.1143
4.425,0,0,125,-83.1131
4.45,0,0,125,-83.1117
4.475,0,0,125,-83.1101
4.5,0,0,125,-83.1084
4.525,0,0,125,-83.1066
4.55,0,0,125,-83.1046
4.575,0,0,125,-83.1026
4.6,0,0,125,-83.1004
4.625,0,0,125,-83.0981
4.65,0,0,125,-83.0958
4.675,0,0,125,-83.0934
4.7,0,0,125,-83.0909
4.725,0,0,125,-83.0883
4.75,0,0,125,-83.0858
4.775,0,0,125,-83.0832
4.8,0,0,125,-83.0807
4.825,0,0,125,-83.0782
4.85,0,0,125,-83.0758
4.875,0,0,125,-83.0735
4.9,0,0,125,-83.0714
4.925,0,0,125,-83.0696
4.95,0,0,125,-83.0682
4.975,0,0,125,-83.0672
5,0,0,125,-83.0667
