0,0,0,125,-84.2827
0.025,0,0,125,-84.2828
0.05,0,0,125,-84.2829
0.075,0,0,125,-84.2832
0.1,0,0,125,-84.2835
0.125,0,0,125,-84.2839
0.15,0,0,125,-84.2842
0.175,0,0,125,-84.2846
0.2,0,0,125,-84.285
0.225,0,0,125,-84.2854
0.25,0,0,125,-84.2859
0.275,0,0,125,-84.2863
0.3,0,0,125,-84.2867
0.325,0,0,125,-84.2872
0.35,0,0,125,-84.2877
0.375,0,0,125,-84.2881
0.4,0,0,125,-84.2886
0.425,0,0,125,-84.289
0.45,0,0,125,-84.2894
0.475,0,0,125,-84.2898
0.5,0,0,125,-84.2902
0.525,0,0,125,-84.2905
0.55,0,0,125,-84.2909
0.575,0,0,125,-84.2913
0.6,0,0,125,-84.2916
0.625,0,0,125,-84.292
0.65,0,0,125,-84.2923
0.675,0,0,125,-84.2926
0.7,0,0,125,-84.293
0.725,0,0,125,-84.2933
0.75,0,0,125,-84.2936
0.775,0,0,125,-84.294
0.8,0,0,125,-84.2943
0.825,0,0,125,-84.2946
0.85,0,0,125,-84.295
0.875,0,0,125,-84.2953
0.9,0,0,125,-84.2957
0.925,0,0,125,-84.2961
0.95,0,0,125,-84.2965
0.975,0,0,125,-84.2969
1,0,0,125,-84.2973
1.025,0,0,125,-84.2977
1.05,0,0,125,-84.2981
1.075,0,0,125,-84.2985
1.1,0,0,125,-84.299
1.125,0,0,125,-84.2994
1.15,0,0,125,-84.2999
1.175,0,0,125,-84.3004
1.2,0,0,125,-84.3009
1.225,0,0,125,-84.3013
1.25,0,0,125,-84.3018
1.275,0,0,125,-84.3023
1.3,0,0,125,-84.3029
1.325,0,0,125,-84.3034
1.35,0,0,125,-84.3039
1.375,0,0,125,-84.3045
1.4,0,0,125,-84.305
1.425,0,0,125,-84.3056
1.45,0,0,125,-84.3062
1.475,0,0,125,-84.3068
1.5,0,0,125,-84.3074
1.525,0,0,125,-84.308
1.55,0,0,125,-84.3086
1.575,0,0,125,-84.3092
1.6,0,0,125,-84.3098
1.625,0,0,125,-84.3104
1.65,0,0,125,-84.3111
1.675,0,0,125,-84.3117
1.7,0,0,125,-84.3124
1.725,0,0,125,-84.313
1.75,0,0,125,-84.3137
1.775,0,0,125,-84.3144
1.8,0,0,125,-84.3151
1.825,0,0,125,-84.3159
1.85,0,0,125,-84.3166
1.875,0,0,125,-84.3174
1.9,0,0,125,-84.3182
1.925,0,0,125,-84.319
1.95,0,0,125,-84.3198
1.975,0,0,125,-84.3206
2,0,0,125,-84.3215
2.025,0,0,125,-84.3224
2.05,0,0,125,-84.3233
2.075,0,0,125,-84.3242
2.1,0,0,125,-84.3252
2.125,0,0,125,-84.3262
2.15,0,0,125,-84.3272
2.175,0,0,125,-84.3282
2.2,0,0,125,-84.3293
2.225,0,0,125,-84.3304
2.25,0,0,125,-84.3315
2.275,0,0,125,-84.3326
2.3,0,0,125,-84.3337
2.325,0,0,125,-84.3348
2.35,0,0,125,-84.336
2.375,0,0,125,-84.3371
2.4,0,0,125,-84.3383
2.425,0,0,125,-84.3395
2.45,0,0,125,-84.3408
2.475,0,0,125,-84.3421
2.5,0,0,125,-84.3433
2.525,0,0,125,-84.3447
2.55,0,0,125,-84.346
2.575,0,0,125,-84.3473
2.6,0,0,125,-84.3487
2.625,0,0,125,-84.3501
2.65,0,0,125,-84.3515
2.675,0,0,125,-84.3529
2.7,0,0,125,-84.3543
2.725,0,0,125,-84.3557
2.75,0,0,125,-84.3571
2.775,0,0,125,-84.3586
2.8,0,0,125,-84.36
2.825,0,0,125,-84.3615
2.85,0,0,125,-84.363
2.875,0,0,125,-84.3645
2.9,0,0,125,-84.3659
2.925,0,0,125,-84.3675
2.95,0,0,125,-84.369
2.975,0,0,125,-84.3705
3,0,0,125,-84.372
3.025,0,0,125,-84.3736
3.05,0,0,125,-84.3751
3.075,0,0,125,-84.3767
3.1,0,0,125,-84.3783
3.125,0,0,125,-84.3798
3.15,0,0,125,-84.3814
3.175,0,0,125,-84.383
3.2,0,0,125,-84.3846
3.225,0,0,125,-84.3861
3.25,0,0,125,-84.3876
3.275,0,0,125,-84.3891
3.3,0,0,125,-84.3906
3.325,0,0,125,-84.3921
3.35,0,0,125,-84.3935
3.375,0,0,125,-84.395
3.4,0,0,125,-84.3964
3.425,0,0,125,-84.3978
3.45,0,0,125,-84.3992
3.475,0,0,125,-84.4006
3.5,0,0,125,-84.402
3.525,0,0,125,-84.4033
3.55,0,0,125,-84.4047
3.575,0,0,125,-84.406
3.6,0,0,125,-84.4073
3.625,0,0,125,-84.4086
3.65,0,0,125,-84.4098
3.675,0,0,125,-84.411
3.7,0,0,125,-84.4122
3.725,0,0,125,-84.4134
3.75,0,0,125,-84.4145
3.775,0,0,125,-84.4156
3.8,0,0,125,-84.4166
3.825,0,0,125,-84.4176
3.85,0,0,125,-84.4186
3.875,0,0,125,-84.4195
3.9,0,0,125,-84.4204
3.925,0,0,125,-84.4213
3.95,0,0,125,-84.4221
3.975,0,0,125,-84.4229
4,0,0,125,-84.4237
4.025,0,0,125,-84.4244
4.05,0,0,125,-84.4251
4.075,0,0,125,-84.4257
4.1,0,0,125,-84.4263
4.125,0,0,125,-84.4269
4.15,0,0,125,-84.4274
4.175,0,0,125,-84.4279
4.2,0,0,125,-84.4284
4.225,0,0,125,-84.4289
4.25,0,0,125,-84.4293
4.275,0,0,125,-84.4297
4.3,0,0,125,-84.43
4.325,0,0,125,-84.4304
4.35,0,0,125,-84.4307
4.375,0,0,125,-84.431
4.4,0,0,125,-84.4312
4.425,0,0,125,-84.4315
4.45,0,0,125,-84.4317
4.475,0,0,125,-84.4319
4.5,0,0,125,-84.4322
4.525,0,0,125,-84.4324
4.55,0,0,125,-84.4326
4.575,0,0,125,-84.4327
4.6,0,0,125,-84.4329
4.625,0,0,125,-84.4331
4.65,0,0,125,-84.4332
4.675,0,0,125,-84.4334
4.7,0,0,125,-84.4335
4.725,0,0,125,-84.4336
4.75,0,0,125,-84.4337
4.775,0,0,125,-84.4338
4.8,0,0,125,-84.4339
4.825,0,0,125,-84.434
4.85,0,0,125,-84.4341
4.875,0,0,125,-84.4341
4.9,0,0,125,-84.4342
4.925,0,0,125,-84.4342
4.95,0,0,125,-84.4343
4.975,0,0,125,-84.4343
5,0,0,125,-84.4343
