0,0,0,125,-52.9803
0.025,0,0,125,-52.9785
0.05,0,0,125,-52.9752
0.075,0,0,125,-52.9706
0.1,0,0,125,-52.9649
0.125,0,0,125,-52.9588
0.15,0,0,125,-52.9527
0.175,0,0,125,-52.947
0.2,0,0,125,-52.9422
0.225,0,0,125,-52.9386
0.25,0,0,125,-52.9366
0.275,0,0,125,-52.9366
0.3,0,0,125,-52.9388
0.325,0,0,125,-52.9437
0.35,0,0,125,-52.9515
0.375,0,0,125,-52.9627
0.4,0,0,125,-52.9777
0.425,0,0,125,-52.9967
0.45,0,0,125,-53.0203
0.475,0,0,125,-53.0487
0.5,0,0,125,-53.0824
0.525,0,0,125,-53.1217
0.55,0,0,125,-53.1671
0.575,0,0,125,-53.2189
0.6,0,0,125,-53.2775
0.625,0,0,125,-53.3434
0.65,0,0,125,-53.4169
0.675,0,0,125,-53.4984
0.7,0,0,125,-53.5884
0.725,0,0,125,-53.6872
0.75,0,0,125,-53.7952
0.775,0,0,125,-53.9128
0.8,0,0,125,-54.0404
0.825,0,0,125,-54.1783
0.85,0,0,125,-54.327
0.875,0,0,125,-54.4868
0.9,0,0,125,-54.6579
0.925,0,0,125,-54.8408
0.95,0,0,125,-55.0358
0.975,0,0,125,-55.2431
1,0,0,125,-55.463
1.025,0,0,125,-55.6958
1.05,0,0,125,-55.9416
1.075,0,0,125,-56.2007
1.1,0,0,125,-56.4732
1.125,0,0,125,-56.7593
1.15,0,0,125,-57.059
1.175,0,0,125,-57.3723
1.2,0,0,125,-57.6993
1.225,0,0,125,-58.04
1.25,0,0,125,-58.3942
1.275,0,0,125,-58.7618
1.3,0,0,125,-59.1425
1.325,0,0,125,-59.5363
1.35,0,0,125,-59.9426
1.375,0,0,125,-60.3613
1.4,0,0,125,-60.7918
1.425,0,0,125,-61.2337
1.45,0,0,125,-61.6864
1.475,0,0,125,-62.1493
1.5,0,0,125,-62.6218
1.525,0,0,125,-63.1032
1.55,0,0,125,-63.5927
1.575,0,0,125,-64.0894
1.6,0,0,125,-64.5926
1.625,0,0,125,-65.1013
1.65,0,0,125,-65.6145
1.675,0,0,125,-66.1313
1.7,0,0,125,-66.6506
1.725,0,0,125,-67.1716
1.75,0,0,125,-67.693
1.775,0,0,125,-68.2138
1.8,0,0,125,-68.7331
1.825,0,0,125,-69.2498
1.85,0,0,125,-69.7628
1.875,0,0,125,-70.2711
1.9,0,0,125,-70.7738
1.925,0,0,125,-71.2699
1.95,0,0,125,-71.7585
1.975,0,0,125,-72.2388
2,0,0,125,-72.7099
2.025,0,0,125,-73.1712
2.05,0,0,125,-73.6219
2.075,0,0,125,-74.0615
2.1,0,0,125,-74.4894
2.125,0,0,125,-74.905
2.15,0,0,125,-75.3081
2.175,0,0,125,-75.6983
2.2,0,0,125,-76.0752
2.225,0,0,125,-76.4388
2.25,0,0,125,-76.7888
2.275,0,0,125,-77.1252
2.3,0,0,125,-77.448
2.325,0,0,125,-77.7572
2.35,0,0,125,-78.053
2.375,0,0,125,-78.3354
2.4,0,0,125,-78.6048
2.425,0,0,125,-78.8613
2.45,0,0,125,-79.1052
2.475,0,0,125,-79.3368
2.5,0,0,125,-79.5565
2.525,0,0,125,-79.7647
2.55,0,0,125,-79.9616
2.575,0,0,125,-80.1477
2.6,0,0,125,-80.3235
2.625,0,0,125,-80.4892
2.65,0,0,125,-80.6455
2.675,0,0,125,-80.7926
2.7,0,0,125,-80.931
2.725,0,0,125,-81.0611
2.75,0,0,125,-81.1834
2.775,0,0,125,-81.2983
2.8,0,0,125,-81.4061
2.825,0,0,125,-81.5073
2.85,0,0,125,-81.6021
2.875,0,0,125,-81.6911
2.9,0,0,125,-81.7746
2.925,0,0,125,-81.8528
2.95,0,0,125,-81.9261
2.975,0,0,125,-81.9949
3,0,0,125,-82.0593
3.025,0,0,125,-82.1198
3.05,0,0,125,-82.1765
3.075,0,0,125,-82.2298
3.1,0,0,125,-82.2798
3.125,0,0,125,-82.3267
3.15,0,0,125,-82.3709
3.175,0,0,125,-82.4124
3.2,0,0,125,-82.4515
3.225,0,0,125,-82.4882
3.25,0,0,125,-82.5229
3.275,0,0,125,-82.5556
3.3,0,0,125,-82.5865
3.325,0,0,125,-82.6157
3.35,0,0,125,-82.6433
3.375,0,0,125,-82.6694
3.4,0,0,125,-82.6941
3.425,0,0,125,-82.7175
3.45,0,0,125,-82.7397
3.475,0,0,125,-82.7608
3.5,0,0,125,-82.7809
3.525,0,0,125,-82.7999
3.55,0,0,125,-82.818
3.575,0,0,125,-82.8353
3.6,0,0,125,-82.8517
3.625,0,0,125,-82.8674
3.65,0,0,125,-82.8823
3.675,0,0,125,-82.8965
3.7,0,0,125,-82.9101
3.725,0,0,125,-82.923
3.75,0,0,125,-82.9353
3.775,0,0,125,-82.9471
3.8,0,0,125,-82.9583
3.825,0,0,125,-82.9691
3.85,0,0,125,-82.9793
3.875,0,0,125,-82.9891
3.9,0,0,125,-82.9984
3.925,0,0,125,-83.0072
3.95,0,0,125,-83.0157
3.975,0,0,125,-83.0237
4,0,0,125,-83.0314
4.025,0,0,125,-83.0387
4.05,0,0,125,-83.0456
4.075,0,0,125,-83.0522
4.1,0,0,125,-83.0584
4.125,0,0,125,-83.0643
4.15,0,0,125,-83.07
4.175,0,0,125,-83.0753
4.2,0,0,125,-83.0803
4.225,0,0,125,-83.085
4.25,0,0,125,-83.0895
4.275,0,0,125,-83.0937
4.3,0,0,125,-83.0976
4.325,0,0,125,-83.1014
4.35,0,0,125,-83.1048
4.375,0,0,125,-83.1081
4.4,0,0,125,-83.1111
4.425,0,0,125,-83.1139
4.45,0,0,125,-83.1165
4.475,0,0,125,-83.1189
4.5,0,0,125,-83.1211
4.525,0,0,125,-83.1231
4.55,0,0,125,-83.125
4.575,0,0,125,-83.1267
4.6,0,0,125,-83.1282
4.625,0,0,125,-83.1296
4.65,0,0,125,-83.1308
4.675,0,0,125,-83.1319
4.7,0,0,125,-83.1329
4.725,0,0,125,-83.1337
4.75,0,0,125,-83.1345
4.775,0,0,125,-83.1351
4.8,0,0,125,-83.1356
4.825,0,0,125,-83.136
4.85,0,0,125,-83.1363
4.875,0,0,125,-83.1365
4.9,0,0,125,-83.1367
4.925,0,0,125,-83.1368
4.95,0,0,125,-83.1368
4.975,0,0,125,-83.1368
5,0,0,125,-83.1369
