0,0,0,125,-1.06981
0.025,0,0,125,-1.07333
0.05,0,0,125,-1.0804
0.075,0,0,125,-1.09104
0.1,0,0,125,-1.10531
0.125,0,0,125,-1.1233
0.15,0,0,125,-1.14509
0.175,0,0,125,-1.17075
0.2,0,0,125,-1.20027
0.225,0,0,125,-1.2336
0.25,0,0,125,-1.2707
0.275,0,0,125,-1.31148
0.3,0,0,125,-1.35586
0.325,0,0,125,-1.40378
0.35,0,0,125,-1.45515
0.375,0,0,125,-1.50987
0.4,0,0,125,-1.56787
0.425,0,0,125,-1.62908
0.45,0,0,125,-1.6934
0.475,0,0,125,-1.76078
0.5,0,0,125,-1.83114
0.525,0,0,125,-1.90442
0.55,0,0,125,-1.98056
0.575,0,0,125,-2.0595
0.6,0,0,125,-2.14119
0.625,0,0,125,-2.22559
0.65,0,0,125,-2.31267
0.675,0,0,125,-2.40238
0.7,0,0,125,-2.49469
0.725,0,0,125,-2.5896
0.75,0,0,125,-2.68707
0.775,0,0,125,-2.78709
0.8,0,0,125,-2.88966
0.825,0,0,125,-2.99478
0.85,0,0,125,-3.10244
0.875,0,0,125,-3.21266
0.9,0,0,125,-3.32544
0.925,0,0,125,-3.44082
0.95,0,0,125,-3.5588
0.975,0,0,125,-3.67942
1,0,0,125,-3.80271
1.025,0,0,125,-3.92871
1.05,0,0,125,-4.05746
1.075,0,0,125,-4.189
1.1,0,0,125,-4.32341
1.125,0,0,125,-4.46071
1.15,0,0,125,-4.601
1.175,0,0,125,-4.74432
1.2,0,0,125,-4.89075
1.225,0,0,125,-5.04037
1.25,0,0,125,-5.19326
1.275,0,0,125,-5.34951
1.3,0,0,125,-5.50921
1.325,0,0,125,-5.67246
1.35,0,0,125,-5.83936
1.375,0,0,125,-6.01001
1.4,0,0,125,-6.18453
1.425,0,0,125,-6.36304
1.45,0,0,125,-6.54565
1.475,0,0,125,-6.7325
1.5,0,0,125,-6.92372
1.525,0,0,125,-7.11944
1.55,0,0,125,-7.3198
1.575,0,0,125,-7.52496
1.6,0,0,125,-7.73507
1.625,0,0,125,-7.95028
1.65,0,0,125,-8.17075
1.675,0,0,125,-8.39666
1.7,0,0,125,-8.62816
1.725,0,0,125,-8.86545
1.75,0,0,125,-9.10869
1.775,0,0,125,-9.35807
1.8,0,0,125,-9.61379
1.825,0,0,125,-9.87602
1.85,0,0,125,-10.145
1.875,0,0,125,-10.4208
1.9,0,0,125,-10.7038
1.925,0,0,125,-10.9941
1.95,0,0,125,-11.2919
1.975,0,0,125,-11.5975
2,0,0,125,-11.9109
2.025,0,0,125,-12.2326
2.05,0,0,125,-12.5625
2.075,0,0,125,-12.901
2.1,0,0,125,-13.2483
2.125,0,0,125,-13.6045
2.15,0,0,125,-13.9699
2.175,0,0,125,-14.3446
2.2,0,0,125,-14.7289
2.225,0,0,125,-15.1229
2.25,0,0,125,-15.5268
2.275,0,0,125,-15.9407
2.3,0,0,125,-16.3649
2.325,0,0,125,-16.7994
2.35,0,0,125,-17.2445
2.375,0,0,125,-17.7002
2.4,0,0,125,-18.1667
2.425,0,0,125,-18.644
2.45,0,0,125,-19.1324
2.475,0,0,125,-19.6317
2.5,0,0,125,-20.1422
2.525,0,0,125,-20.6638
2.55,0,0,125,-21.1966
2.575,0,0,125,-21.7407
2.6,0,0,125,-22.2959
2.625,0,0,125,-22.8624
2.65,0,0,125,-23.4401
2.675,0,0,125,-24.0289
2.7,0,0,125,-24.6289
2.725,0,0,125,-25.2399
2.75,0,0,125,-25.8619
2.775,0,0,125,-26.4949
2.8,0,0,125,-27.1386
2.825,0,0,125,-27.7931
2.85,0,0,125,-28.4582
2.875,0,0,125,-29.1338
2.9,0,0,125,-29.8197
2.925,0,0,125,-30.5158
2.95,0,0,125,-31.2218
2.975,0,0,125,-31.9377
3,0,0,125,-32.6631
3.025,0,0,125,-33.3978
3.05,0,0,125,-34.1415
3.075,0,0,125,-34.8938
3.1,0,0,125,-35.6543
3.125,0,0,125,-36.4227
3.15,0,0,125,-37.1983
3.175,0,0,125,-37.9806
3.2,0,0,125,-38.769
3.225,0,0,125,-39.5627
3.25,0,0,125,-40.361
3.275,0,0,125,-41.163
3.3,0,0,125,-41.9678
3.325,0,0,125,-42.7744
3.35,0,0,125,-43.5818
3.375,0,0,125,-44.3888
3.4,0,0,125,-45.1943
3.425,0,0,125,-45.9972
3.45,0,0,125,-46.7961
3.475,0,0,125,-47.5899
3.5,0,0,125,-48.3772
3.525,0,0,125,-49.1569
3.55,0,0,125,-49.9277
3.575,0,0,125,-50.6883
3.6,0,0,125,-51.4375
3.625,0,0,125,-52.1741
3.65,0,0,125,-52.897
3.675,0,0,125,-53.6052
3.7,0,0,125,-54.2976
3.725,0,0,125,-54.9733
3.75,0,0,125,-55.6314
3.775,0,0,125,-56.2711
3.8,0,0,125,-56.8916
3.825,0,0,125,-57.4924
3.85,0,0,125,-58.0729
3.875,0,0,125,-58.6325
3.9,0,0,125,-59.171
3.925,0,0,125,-59.688
3.95,0,0,125,-60.1833
3.975,0,0,125,-60.6567
4,0,0,125,-61.1082
4.025,0,0,125,-61.5378
4.05,0,0,125,-61.9455
4.075,0,0,125,-62.3315
4.1,0,0,125,-62.696
4.125,0,0,125,-63.0392
4.15,0,0,125,-63.3615
4.175,0,0,125,-63.6632
4.2,0,0,125,-63.9447
4.225,0,0,125,-64.2065
4.25,0,0,125,-64.4491
4.275,0,0,125,-64.673
4.3,0,0,125,-64.8789
4.325,0,0,125,-65.0672
4.35,0,0,125,-65.2387
4.375,0,0,125,-65.3941
4.4,0,0,125,-65.5339
4.425,0,0,125,-65.659
4.45,0,0,125,-65.7701
4.475,0,0,125,-65.868
4.5,0,0,125,-65.9534
4.525,0,0,125,-66.0272
4.55,0,0,125,-66.0902
4.575,0,0,125,-66.1432
4.6,0,0,125,-66.1871
4.625,0,0,125,-66.2227
4.65,0,0,125,-66.2508
4.675,0,0,125,-66.2724
4.7,0,0,125,-66.2884
4.725,0,0,125,-66.2995
4.75,0,0,125,-66.3066
4.775,0,0,125,-66.3105
4.8,0,0,125,-66.312
4.825,0,0,125,-66.3119
4.85,0,0,125,-66.3109
4.875,0,0,125,-66.3095
4.9,0,0,125,-66.308
4.925,0,0,125,-66.3067
4.95,0,0,125,-66.3057
4.975,0,0,125,-66.3051
5,0,0,125,-66.3047
