0,0,0,125,9.89423
0.025,0,0,125,9.8977
0.05,0,0,125,9.9045
0.075,0,0,125,9.91438
0.1,0,0,125,9.92693
0.125,0,0,125,9.9417
0.15,0,0,125,9.95824
0.175,0,0,125,9.97618
0.2,0,0,125,9.9953
0.225,0,0,125,10.0155
0.25,0,0,125,10.0365
0.275,0,0,125,10.0585
0.3,0,0,125,10.0812
0.325,0,0,125,10.1045
0.35,0,0,125,10.1285
0.375,0,0,125,10.1531
0.4,0,0,125,10.1781
0.425,0,0,125,10.2036
0.45,0,0,125,10.2296
0.475,0,0,125,10.2559
0.5,0,0,125,10.2825
0.525,0,0,125,10.3095
0.55,0,0,125,10.3367
0.575,0,0,125,10.3642
0.6,0,0,125,10.3919
0.625,0,0,125,10.4199
0.65,0,0,125,10.448
0.675,0,0,125,10.4763
0.7,0,0,125,10.5047
0.725,0,0,125,10.5333
0.75,0,0,125,10.562
0.775,0,0,125,10.5908
0.8,0,0,125,10.6197
0.825,0,0,125,10.6487
0.85,0,0,125,10.6778
0.875,0,0,125,10.707
0.9,0,0,125,10.7362
0.925,0,0,125,10.7655
0.95,0,0,125,10.7948
0.975,0,0,125,10.8241
1,0,0,125,10.8535
1.025,0,0,125,10.8829
1.05,0,0,125,10.9124
1.075,0,0,125,10.9418
1.1,0,0,125,10.9713
1.125,0,0,125,11.0008
1.15,0,0,125,11.0303
1.175,0,0,125,11.0598
1.2,0,0,125,11.0892
1.225,0,0,125,11.1187
1.25,0,0,125,11.1482
1.275,0,0,125,11.1777
1.3,0,0,125,11.2071
1.325,0,0,125,11.2366
1.35,0,0,125,11.266
1.375,0,0,125,11.2954
1.4,0,0,125,11.3248
1.425,0,0,125,11.3542
1.45,0,0,125,11.3836
1.475,0,0,125,11.4129
1.5,0,0,125,11.4422
1.525,0,0,125,11.4715
1.55,0,0,125,11.5008
1.575,0,0,125,11.53
1.6,0,0,125,11.5592
1.625,0,0,125,11.5884
1.65,0,0,125,11.6176
1.675,0,0,125,11.6467
1.7,0,0,125,11.6758
1.725,0,0,125,11.7048
1.75,0,0,125,11.7339
1.775,0,0,125,11.7628
1.8,0,0,125,11.7918
1.825,0,0,125,11.8207
1.85,0,0,125,11.8496
1.875,0,0,125,11.8785
1.9,0,0,125,11.9073
1.925,0,0,125,11.936
1.95,0,0,125,11.9648
1.975,0,0,125,11.9935
2,0,0,125,12.0221
2.025,0,0,125,12.0508
2.05,0,0,125,12.0794
2.075,0,0,125,12.1079
2.1,0,0,125,12.1364
2.125,0,0,125,12.1649
2.15,0,0,125,12.1933
2.175,0,0,125,12.2217
2.2,0,0,125,12.25
2.225,0,0,125,12.2783
2.25,0,0,125,12.3066
2.275,0,0,125,12.3348
2.3,0,0,125,12.363
2.325,0,0,125,12.3911
2.35,0,0,125,12.4192
2.375,0,0,125,12.4473
2.4,0,0,125,12.4753
2.425,0,0,125,12.5032
2.45,0,0,125,12.5311
2.475,0,0,125,12.559
2.5,0,0,125,12.5869
2.525,0,0,125,12.6146
2.55,0,0,125,12.6424
2.575,0,0,125,12.6701
2.6,0,0,125,12.6978
2.625,0,0,125,12.7254
2.65,0,0,125,12.7529
2.675,0,0,125,12.7805
2.7,0,0,125,12.8079
2.725,0,0,125,12.8354
2.75,0,0,125,12.8628
2.775,0,0,125,12.8901
2.8,0,0,125,12.9174
2.825,0,0,125,12.9447
2.85,0,0,125,12.9719
2.875,0,0,125,12.9991
2.9,0,0,125,13.0262
2.925,0,0,125,13.0533
2.95,0,0,125,13.0803
2.975,0,0,125,13.1073
3,0,0,125,13.1343
3.025,0,0,125,13.1612
3.05,0,0,125,13.188
3.075,0,0,125,13.2148
3.1,0,0,125,13.2416
3.125,0,0,125,13.2683
3.15,0,0,125,13.295
3.175,0,0,125,13.3217
3.2,0,0,125,13.3483
3.225,0,0,125,13.3748
3.25,0,0,125,13.4013
3.275,0,0,125,13.4278
3.3,0,0,125,13.4543
3.325,0,0,125,13.4806
3.35,0,0,125,13.507
3.375,0,0,125,13.5333
3.4,0,0,125,13.5596
3.425,0,0,125,13.5858
3.45,0,0,125,13.612
3.475,0,0,125,13.6381
3.5,0,0,125,13.6642
3.525,0,0,125,13.6903
3.55,0,0,125,13.7163
3.575,0,0,125,13.7423
3.6,0,0,125,13.7682
3.625,0,0,125,13.7941
3.65,0,0,125,13.82
3.675,0,0,125,13.8458
3.7,0,0,125,13.8716
3.725,0,0,125,13.8973
3.75,0,0,125,13.923
3.775,0,0,125,13.9486
3.8,0,0,125,13.9742
3.825,0,0,125,13.9997
3.85,0,0,125,14.0252
3.875,0,0,125,14.0506
3.9,0,0,125,14.076
3.925,0,0,125,14.1013
3.95,0,0,125,14.1266
3.975,0,0,125,14.1518
4,0,0,125,14.1769
4.025,0,0,125,14.202
4.05,0,0,125,14.2269
4.075,0,0,125,14.2518
4.1,0,0,125,14.2766
4.125,0,0,125,14.3013
4.15,0,0,125,14.3259
4.175,0,0,125,14.3504
4.2,0,0,125,14.3747
4.225,0,0,125,14.3989
4.25,0,0,125,14.423
4.275,0,0,125,14.4468
4.3,0,0,125,14.4705
4.325,0,0,125,14.494
4.35,0,0,125,14.5173
4.375,0,0,125,14.5404
4.4,0,0,125,14.5631
4.425,0,0,125,14.5856
4.45,0,0,125,14.6078
4.475,0,0,125,14.6296
4.5,0,0,125,14.651
4.525,0,0,125,14.672
4.55,0,0,125,14.6926
4.575,0,0,125,14.7126
4.6,0,0,125,14.7321
4.625,0,0,125,14.7511
4.65,0,0,125,14.7693
4.675,0,0,125,14.7869
4.7,0,0,125,14.8037
4.725,0,0,125,14.8197
4.75,0,0,125,14.8348
4.775,0,0,125,14.8489
4.8,0,0,125,14.862
4.825,0,0,125,14.874
4.85,0,0,125,14.8847
4.875,0,0,125,14.8942
4.9,0,0,125,14.9023
4.925,0,0,125,14.909
4.95,0,0,125,14.914
4.975,0,0,125,14.9175
5,0,0,125,14.9192
