0,0,0,125,-84.4635
0.025,0,0,125,-84.4635
0.05,0,0,125,-84.4636
0.075,0,0,125,-84.4637
0.1,0,0,125,-84.4638
0.125,0,0,125,-84.4639
0.15,0,0,125,-84.464
0.175,0,0,125,-84.4642
0.2,0,0,125,-84.4643
0.225,0,0,125,-84.4645
0.25,0,0,125,-84.4647
0.275,0,0,125,-84.4649
0.3,0,0,125,-84.4651
0.325,0,0,125,-84.4652
0.35,0,0,125,-84.4654
0.375,0,0,125,-84.4656
0.4,0,0,125,-84.4658
0.425,0,0,125,-84.4659
0.45,0,0,125,-84.4661
0.475,0,0,125,-84.4663
0.5,0,0,125,-84.4664
0.525,0,0,125,-84.4665
0.55,0,0,125,-84.4667
0.575,0,0,125,-84.4668
0.6,0,0,125,-84.467
0.625,0,0,125,-84.4671
0.65,0,0,125,-84.4672
0.675,0,0,125,-84.4673
0.7,0,0,125,-84.4675
0.725,0,0,125,-84.4676
0.75,0,0,125,-84.4677
0.775,0,0,125,-84.4679
0.8,0,0,125,-84.468
0.825,0,0,125,-84.4681
0.85,0,0,125,-84.4682
0.875,0,0,125,-84.4684
0.9,0,0,125,-84.4685
0.925,0,0,125,-84.4686
0.95,0,0,125,-84.4688
0.975,0,0,125,-84.4689
1,0,0,125,-84.469
1.025,0,0,125,-84.4692
1.05,0,0,125,-84.4693
1.075,0,0,125,-84.4694
1.1,0,0,125,-84.4696
1.125,0,0,125,-84.4697
1.15,0,0,125,-84.4699
1.175,0,0,125,-84.47
1.2,0,0,125,-84.4702
1.225,0,0,125,-84.4704
1.25,0,0,125,-84.4705
1.275,0,0,125,-84.4707
1.3,0,0,125,-84.4708
1.325,0,0,125,-84.471
1.35,0,0,125,-84.4712
1.375,0,0,125,-84.4714
1.4,0,0,125,-84.4715
1.425,0,0,125,-84.4717
1.45,0,0,125,-84.4719
1.475,0,0,125,-84.4721
1.5,0,0,125,-84.4723
1.525,0,0,125,-84.4725
1.55,0,0,125,-84.4727
1.575,0,0,125,-84.4729
1.6,0,0,125,-84.4731
1.625,0,0,125,-84.4733
1.65,0,0,125,-84.4735
1.675,0,0,125,-84.4737
1.7,0,0,125,-84.474
1.725,0,0,125,-84.4742
1.75,0,0,125,-84.4744
1.775,0,0,125,-84.4747
1.8,0,0,125,-84.4749
1.825,0,0,125,-84.4752
1.85,0,0,125,-84.4754
1.875,0,0,125,-84.4757
1.9,0,0,125,-84.476
1.925,0,0,125,-84.4763
1.95,0,0,125,-84.4766
1.975,0,0,125,-84.4769
2,0,0,125,-84.4773
2.025,0,0,125,-84.4776
2.05,0,0,125,-84.4779
2.075,0,0,125,-84.4783
2.1,0,0,125,-84.4786
2.125,0,0,125,-84.479
2.15,0,0,125,-84.4794
2.175,0,0,125,-84.4798
2.2,0,0,125,-84.4802
2.225,0,0,125,-84.4806
2.25,0,0,125,-84.481
2.275,0,0,125,-84.4815
2.3,0,0,125,-84.4819
2.325,0,0,125,-84.4823
2.35,0,0,125,-84.4828
2.375,0,0,125,-84.4833
2.4,0,0,125,-84.4838
2.425,0,0,125,-84.4842
2.45,0,0,125,-84.4847
2.475,0,0,125,-84.4852
2.5,0,0,125,-84.4858
2.525,0,0,125,-84.4863
2.55,0,0,125,-84.4868
2.575,0,0,125,-84.4874
2.6,0,0,125,-84.4879
2.625,0,0,125,-84.4885
2.65,0,0,125,-84.4891
2.675,0,0,125,-84.4896
2.7,0,0,125,-84.4902
2.725,0,0,125,-84.4908
2.75,0,0,125,-84.4914
2.775,0,0,125,-84.4921
2.8,0,0,125,-84.4927
2.825,0,0,125,-84.4933
2.85,0,0,125,-84.494
2.875,0,0,125,-84.4946
2.9,0,0,125,-84.4953
2.925,0,0,125,-84.496
2.95,0,0,125,-84.4967
2.975,0,0,125,-84.4974
3,0,0,125,-84.4981
3.025,0,0,125,-84.4987
3.05,0,0,125,-84.4994
3.075,0,0,125,-84.5
3.1,0,0,125,-84.5007
3.125,0,0,125,-84.5013
3.15,0,0,125,-84.5019
3.175,0,0,125,-84.5026
3.2,0,0,125,-84.5032
3.225,0,0,125,-84.5038
3.25,0,0,125,-84.5043
3.275,0,0,125,-84.5049
3.3,0,0,125,-84.5055
3.325,0,0,125,-84.5061
3.35,0,0,125,-84.5066
3.375,0,0,125,-84.5071
3.4,0,0,125,-84.5077
3.425,0,0,125,-84.5082
3.45,0,0,125,-84.5087
3.475,0,0,125,-84.5092
3.5,0,0,125,-84.5097
3.525,0,0,125,-84.5102
3.55,0,0,125,-84.5107
3.575,0,0,125,-84.5111
3.6,0,0,125,-84.5116
3.625,0,0,125,-84.512
3.65,0,0,125,-84.5124
3.675,0,0,125,-84.5129
3.7,0,0,125,-84.5133
3.725,0,0,125,-84.5137
3.75,0,0,125,-84.5141
3.775,0,0,125,-84.5145
3.8,0,0,125,-84.5149
3.825,0,0,125,-84.5152
3.85,0,0,125,-84.5156
3.875,0,0,125,-84.5159
3.9,0,0,125,-84.5163
3.925,0,0,125,-84.5166
3.95,0,0,125,-84.5169
3.975,0,0,125,-84.5172
4,0,0,125,-84.5175
4.025,0,0,125,-84.5178
4.05,0,0,125,-84.5181
4.075,0,0,125,-84.5184
4.1,0,0,125,-84.5186
4.125,0,0,125,-84.5189
4.15,0,0,125,-84.5191
4.175,0,0,125,-84.5194
4.2,0,0,125,-84.5196
4.225,0,0,125,-84.5198
4.25,0,0,125,-84.52
4.275,0,0,125,-84.5202
4.3,0,0,125,-84.5204
4.325,0,0,125,-84.5205
4.35,0,0,125,-84.5207
4.375,0,0,125,-84.5208
4.4,0,0,125,-84.521
4.425,0,0,125,-84.5211
4.45,0,0,125,-84.5212
4.475,0,0,125,-84.5213
4.5,0,0,125,-84.5214
4.525,0,0,125,-84.5215
4.55,0,0,125,-84.5216
4.575,0,0,125,-84.5217
4.6,0,0,125,-84.5217
4.625,0,0,125,-84.5218
4.65,0,0,125,-84.5218
4.675,0,0,125,-84.5218
4.7,0,0,125,-84.5219
4.725,0,0,125,-84.5219
4.75,0,0,125,-84.5219
4.775,0,0,125,-84.5219
4.8,0,0,125,-84.5219
4.825,0,0,125,-84.5219
4.85,0,0,125,-84.5219
4.875,0,0,125,-84.5218
4.9,0,0,125,-84.5218
4.925,0,0,125,-84.5218
4.95,0,0,125,-84.5217
4.975,0,0,125,-84.5217
5,0,0,125,-84.5217
