0,0,0,125,5.75891
0.025,0,0,125,5.76239
0.05,0,0,125,5.76922
0.075,0,0,125,5.77916
0.1,0,0,125,5.79182
0.125,0,0,125,5.80678
0.15,0,0,125,5.82362
0.175,0,0,125,5.84198
0.2,0,0,125,5.86165
0.225,0,0,125,5.88251
0.25,0,0,125,5.90443
0.275,0,0,125,5.92734
0.3,0,0,125,5.95114
0.325,0,0,125,5.97577
0.35,0,0,125,6.00114
0.375,0,0,125,6.02721
0.4,0,0,125,6.05391
0.425,0,0,125,6.0812
0.45,0,0,125,6.10901
0.475,0,0,125,6.13732
0.5,0,0,125,6.16607
0.525,0,0,125,6.19524
0.55,0,0,125,6.22479
0.575,0,0,125,6.25469
0.6,0,0,125,6.28491
0.625,0,0,125,6.31543
0.65,0,0,125,6.34621
0.675,0,0,125,6.37725
0.7,0,0,125,6.40851
0.725,0,0,125,6.43998
0.75,0,0,125,6.47165
0.775,0,0,125,6.5035
0.8,0,0,125,6.53551
0.825,0,0,125,6.56766
0.85,0,0,125,6.59996
0.875,0,0,125,6.63238
0.9,0,0,125,6.66491
0.925,0,0,125,6.69755
0.95,0,0,125,6.73027
0.975,0,0,125,6.76308
1,0,0,125,6.79597
1.025,0,0,125,6.82892
1.05,0,0,125,6.86193
1.075,0,0,125,6.895
1.1,0,0,125,6.92811
1.125,0,0,125,6.96127
1.15,0,0,125,6.99446
1.175,0,0,125,7.02769
1.2,0,0,125,7.06094
1.225,0,0,125,7.09422
1.25,0,0,125,7.12751
1.275,0,0,125,7.16083
1.3,0,0,125,7.19415
1.325,0,0,125,7.22749
1.35,0,0,125,7.26083
1.375,0,0,125,7.29418
1.4,0,0,125,7.32753
1.425,0,0,125,7.36088
1.45,0,0,125,7.39423
1.475,0,0,125,7.42757
1.5,0,0,125,7.46091
1.525,0,0,125,7.49423
1.55,0,0,125,7.52755
1.575,0,0,125,7.56086
1.6,0,0,125,7.59415
1.625,0,0,125,7.62743
1.65,0,0,125,7.66069
1.675,0,0,125,7.69394
1.7,0,0,125,7.72717
1.725,0,0,125,7.76038
1.75,0,0,125,7.79358
1.775,0,0,125,7.82675
1.8,0,0,125,7.8599
1.825,0,0,125,7.89303
1.85,0,0,125,7.92614
1.875,0,0,125,7.95922
1.9,0,0,125,7.99228
1.925,0,0,125,8.02532
1.95,0,0,125,8.05833
1.975,0,0,125,8.09132
2,0,0,125,8.12429
2.025,0,0,125,8.15723
2.05,0,0,125,8.19014
2.075,0,0,125,8.22302
2.1,0,0,125,8.25588
2.125,0,0,125,8.28871
2.15,0,0,125,8.32152
2.175,0,0,125,8.35429
2.2,0,0,125,8.38704
2.225,0,0,125,8.41977
2.25,0,0,125,8.45246
2.275,0,0,125,8.48513
2.3,0,0,125,8.51776
2.325,0,0,125,8.55037
2.35,0,0,125,8.58295
2.375,0,0,125,8.6155
2.4,0,0,125,8.64802
2.425,0,0,125,8.68051
2.45,0,0,125,8.71297
2.475,0,0,125,8.74541
2.5,0,0,125,8.77781
2.525,0,0,125,8.81019
2.55,0,0,125,8.84253
2.575,0,0,125,8.87485
2.6,0,0,125,8.90713
2.625,0,0,125,8.93939
2.65,0,0,125,8.97162
2.675,0,0,125,9.00381
2.7,0,0,125,9.03598
2.725,0,0,125,9.06812
2.75,0,0,125,9.10022
2.775,0,0,125,9.1323
2.8,0,0,125,9.16435
2.825,0,0,125,9.19637
2.85,0,0,125,9.22835
2.875,0,0,125,9.26031
2.9,0,0,125,9.29224
2.925,0,0,125,9.32414
2.95,0,0,125,9.356
2.975,0,0,125,9.38784
3,0,0,125,9.41964
3.025,0,0,125,9.45141
3.05,0,0,125,9.48315
3.075,0,0,125,9.51486
3.1,0,0,125,9.54653
3.125,0,0,125,9.57818
3.15,0,0,125,9.60979
3.175,0,0,125,9.64136
3.2,0,0,125,9.67291
3.225,0,0,125,9.70442
3.25,0,0,125,9.7359
3.275,0,0,125,9.76734
3.3,0,0,125,9.79875
3.325,0,0,125,9.83013
3.35,0,0,125,9.86146
3.375,0,0,125,9.89277
3.4,0,0,125,9.92403
3.425,0,0,125,9.95526
3.45,0,0,125,9.98645
3.475,0,0,125,10.0176
3.5,0,0,125,10.0487
3.525,0,0,125,10.0798
3.55,0,0,125,10.1108
3.575,0,0,125,10.1418
3.6,0,0,125,10.1727
3.625,0,0,125,10.2036
3.65,0,0,125,10.2345
3.675,0,0,125,10.2652
3.7,0,0,125,10.296
3.725,0,0,125,10.3267
3.75,0,0,125,10.3573
3.775,0,0,125,10.3878
3.8,0,0,125,10.4183
3.825,0,0,125,10.4488
3.85,0,0,125,10.4791
3.875,0,0,125,10.5094
3.9,0,0,125,10.5396
3.925,0,0,125,10.5697
3.95,0,0,125,10.5997
3.975,0,0,125,10.6296
4,0,0,125,10.6595
4.025,0,0,125,10.6892
4.05,0,0,125,10.7188
4.075,0,0,125,10.7482
4.1,0,0,125,10.7775
4.125,0,0,125,10.8067
4.15,0,0,125,10.8357
4.175,0,0,125,10.8646
4.2,0,0,125,10.8932
4.225,0,0,125,10.9217
4.25,0,0,125,10.9499
4.275,0,0,125,10.9779
4.3,0,0,125,11.0057
4.325,0,0,125,11.0332
4.35,0,0,125,11.0604
4.375,0,0,125,11.0872
4.4,0,0,125,11.1138
4.425,0,0,125,11.1399
4.45,0,0,125,11.1656
4.475,0,0,125,11.1909
4.5,0,0,125,11.2157
4.525,0,0,125,11.24
4.55,0,0,125,11.2637
4.575,0,0,125,11.2868
4.6,0,0,125,11.3092
4.625,0,0,125,11.331
4.65,0,0,125,11.3519
4.675,0,0,125,11.372
4.7,0,0,125,11.3913
4.725,0,0,125,11.4095
4.75,0,0,125,11.4267
4.775,0,0,125,11.4428
4.8,0,0,125,11.4577
4.825,0,0,125,11.4713
4.85,0,0,125,11.4835
4.875,0,0,125,11.4943
4.9,0,0,125,11.5035
4.925,0,0,125,11.511
4.95,0,0,125,11.5167
4.975,0,0,125,11.5206
5,0,0,125,11.5225
