0,0,0,125,-43.3418
0.025,0,0,125,-43.3361
0.05,0,0,125,-43.3248
0.075,0,0,125,-43.308
0.1,0,0,125,-43.2862
0.125,0,0,125,-43.2595
0.15,0,0,125,-43.2284
0.175,0,0,125,-43.1931
0.2,0,0,125,-43.1539
0.225,0,0,125,-43.111
0.25,0,0,125,-43.0645
0.275,0,0,125,-43.0146
0.3,0,0,125,-42.9614
0.325,0,0,125,-42.9051
0.35,0,0,125,-42.8457
0.375,0,0,125,-42.7835
0.4,0,0,125,-42.7185
0.425,0,0,125,-42.6508
0.45,0,0,125,-42.5806
0.475,0,0,125,-42.5079
0.5,0,0,125,-42.433
0.525,0,0,125,-42.3558
0.55,0,0,125,-42.2765
0.575,0,0,125,-42.1951
0.6,0,0,125,-42.1119
0.625,0,0,125,-42.0268
0.65,0,0,125,-41.9399
0.675,0,0,125,-41.8514
0.7,0,0,125,-41.7613
0.725,0,0,125,-41.6697
0.75,0,0,125,-41.5767
0.775,0,0,125,-41.4823
0.8,0,0,125,-41.3867
0.825,0,0,125,-41.2899
0.85,0,0,125,-41.1919
0.875,0,0,125,-41.0928
0.9,0,0,125,-40.9928
0.925,0,0,125,-40.8917
0.95,0,0,125,-40.7898
0.975,0,0,125,-40.6871
1,0,0,125,-40.5836
1.025,0,0,125,-40.4793
1.05,0,0,125,-40.3744
1.075,0,0,125,-40.2688
1.1,0,0,125,-40.1627
1.125,0,0,125,-40.056
1.15,0,0,125,-39.9488
1.175,0,0,125,-39.8411
1.2,0,0,125,-39.733
1.225,0,0,125,-39.6246
1.25,0,0,125,-39.5157
1.275,0,0,125,-39.4066
1.3,0,0,125,-39.2972
1.325,0,0,125,-39.1875
1.35,0,0,125,-39.0775
1.375,0,0,125,-38.9674
1.4,0,0,125,-38.8571
1.425,0,0,125,-38.7467
1.45,0,0,125,-38.6361
1.475,0,0,125,-38.5254
1.5,0,0,125,-38.4146
1.525,0,0,125,-38.3038
1.55,0,0,125,-38.1929
1.575,0,0,125,-38.082
1.6,0,0,125,-37.971
1.625,0,0,125,-37.8601
1.65,0,0,125,-37.7492
1.675,0,0,125,-37.6383
1.7,0,0,125,-37.5275
1.725,0,0,125,-37.4167
1.75,0,0,125,-37.306
1.775,0,0,125,-37.1954
1.8,0,0,125,-37.0849
1.825,0,0,125,-36.9744
1.85,0,0,125,-36.8641
1.875,0,0,125,-36.7539
1.9,0,0,125,-36.6438
1.925,0,0,125,-36.5339
1.95,0,0,125,-36.4241
1.975,0,0,125,-36.3145
2,0,0,125,-36.205
2.025,0,0,125,-36.0956
2.05,0,0,125,-35.9865
2.075,0,0,125,-35.8775
2.1,0,0,125,-35.7687
2.125,0,0,125,-35.66
2.15,0,0,125,-35.5516
2.175,0,0,125,-35.4433
2.2,0,0,125,-35.3352
2.225,0,0,125,-35.2273
2.25,0,0,125,-35.1196
2.275,0,0,125,-35.0122
2.3,0,0,125,-34.9049
2.325,0,0,125,-34.7978
2.35,0,0,125,-34.6909
2.375,0,0,125,-34.5843
2.4,0,0,125,-34.4778
2.425,0,0,125,-34.3716
2.45,0,0,125,-34.2655
2.475,0,0,125,-34.1597
2.5,0,0,125,-34.0541
2.525,0,0,125,-33.9488
2.55,0,0,125,-33.8436
2.575,0,0,125,-33.7387
2.6,0,0,125,-33.634
2.625,0,0,125,-33.5295
2.65,0,0,125,-33.4252
2.675,0,0,125,-33.3212
2.7,0,0,125,-33.2174
2.725,0,0,125,-33.1139
2.75,0,0,125,-33.0106
2.775,0,0,125,-32.9075
2.8,0,0,125,-32.8046
2.825,0,0,125,-32.702
2.85,0,0,125,-32.5996
2.875,0,0,125,-32.4975
2.9,0,0,125,-32.3956
2.925,0,0,125,-32.294
2.95,0,0,125,-32.1926
2.975,0,0,125,-32.0915
3,0,0,125,-31.9906
3.025,0,0,125,-31.89
3.05,0,0,125,-31.7896
3.075,0,0,125,-31.6895
3.1,0,0,125,-31.5897
3.125,0,0,125,-31.4901
3.15,0,0,125,-31.3908
3.175,0,0,125,-31.2918
3.2,0,0,125,-31.1931
3.225,0,0,125,-31.0947
3.25,0,0,125,-30.9966
3.275,0,0,125,-30.8988
3.3,0,0,125,-30.8013
3.325,0,0,125,-30.7041
3.35,0,0,125,-30.6072
3.375,0,0,125,-30.5107
3.4,0,0,125,-30.4145
3.425,0,0,125,-30.3186
3.45,0,0,125,-30.2231
3.475,0,0,125,-30.128
3.5,0,0,125,-30.0333
3.525,0,0,125,-29.9389
3.55,0,0,125,-29.8449
3.575,0,0,125,-29.7514
3.6,0,0,125,-29.6583
3.625,0,0,125,-29.5656
3.65,0,0,125,-29.4734
3.675,0,0,125,-29.3816
3.7,0,0,125,-29.2904
3.725,0,0,125,-29.1996
3.75,0,0,125,-29.1094
3.775,0,0,125,-29.0197
3.8,0,0,125,-28.9306
3.825,0,0,125,-28.842
3.85,0,0,125,-28.7541
3.875,0,0,125,-28.6668
3.9,0,0,125,-28.5802
3.925,0,0,125,-28.4942
3.95,0,0,125,-28.4089
3.975,0,0,125,-28.3244
4,0,0,125,-28.2407
4.025,0,0,125,-28.1578
4.05,0,0,125,-28.0757
4.075,0,0,125,-27.9944
4.1,0,0,125,-27.9141
4.125,0,0,125,-27.8347
4.15,0,0,125,-27.7563
4.175,0,0,125,-27.679
4.2,0,0,125,-27.6027
4.225,0,0,125,-27.5275
4.25,0,0,125,-27.4535
4.275,0,0,125,-27.3807
4.3,0,0,125,-27.3092
4.325,0,0,125,-27.2391
4.35,0,0,125,-27.1703
4.375,0,0,125,-27.103
4.4,0,0,125,-27.0372
4.425,0,0,125,-26.973
4.45,0,0,125,-26.9104
4.475,0,0,125,-26.8495
4.5,0,0,125,-26.7905
4.525,0,0,125,-26.7333
4.55,0,0,125,-26.6781
4.575,0,0,125,-26.625
4.6,0,0,125,-26.5739
4.625,0,0,125,-26.5251
4.65,0,0,125,-26.4786
4.675,0,0,125,-26.4345
4.7,0,0,125,-26.3929
4.725,0,0,125,-26.3539
4.75,0,0,125,-26.3176
4.775,0,0,125,-26.2842
4.8,0,0,125,-26.2536
4.825,0,0,125,-26.226
4.85,0,0,125,-26.2015
4.875,0,0,125,-26.1803
4.9,0,0,125,-26.1624
4.925,0,0,125,-26.1479
4.95,0,0,125,-26.1369
4.975,0,0,125,-26.1296
5,0,0,125,-26.1259
