0,0,0,125,-83.3917
0.025,0,0,125,-83.392
0.05,0,0,125,-83.3926
0.075,0,0,125,-83.3936
0.1,0,0,125,-83.3947
0.125,0,0,125,-83.3961
0.15,0,0,125,-83.3976
0.175,0,0,125,-83.3991
0.2,0,0,125,-83.4007
0.225,0,0,125,-83.4023
0.25,0,0,125,-83.4039
0.275,0,0,125,-83.4055
0.3,0,0,125,-83.4071
0.325,0,0,125,-83.4087
0.35,0,0,125,-83.4103
0.375,0,0,125,-83.4119
0.4,0,0,125,-83.4134
0.425,0,0,125,-83.415
0.45,0,0,125,-83.4165
0.475,0,0,125,-83.418
0.5,0,0,125,-83.4195
0.525,0,0,125,-83.4209
0.55,0,0,125,-83.4224
0.575,0,0,125,-83.4238
0.6,0,0,125,-83.4253
0.625,0,0,125,-83.4267
0.65,0,0,125,-83.4281
0.675,0,0,125,-83.4294
0.7,0,0,125,-83.4308
0.725,0,0,125,-83.4322
0.75,0,0,125,-83.4335
0.775,0,0,125,-83.4349
0.8,0,0,125,-83.4363
0.825,0,0,125,-83.4376
0.85,0,0,125,-83.439
0.875,0,0,125,-83.4404
0.9,0,0,125,-83.4418
0.925,0,0,125,-83.4432
0.95,0,0,125,-83.4446
0.975,0,0,125,-83.4461
1,0,0,125,-83.4475
1.025,0,0,125,-83.449
1.05,0,0,125,-83.4504
1.075,0,0,125,-83.4519
1.1,0,0,125,-83.4534
1.125,0,0,125,-83.455
1.15,0,0,125,-83.4565
1.175,0,0,125,-83.458
1.2,0,0,125,-83.4596
1.225,0,0,125,-83.4612
1.25,0,0,125,-83.4628
1.275,0,0,125,-83.4644
1.3,0,0,125,-83.466
1.325,0,0,125,-83.4677
1.35,0,0,125,-83.4694
1.375,0,0,125,-83.4712
1.4,0,0,125,-83.473
1.425,0,0,125,-83.4749
1.45,0,0,125,-83.4767
1.475,0,0,125,-83.4787
1.5,0,0,125,-83.4806
1.525,0,0,125,-83.4826
1.55,0,0,125,-83.4846
1.575,0,0,125,-83.4867
1.6,0,0,125,-83.4888
1.625,0,0,125,-83.4909
1.65,0,0,125,-83.4931
1.675,0,0,125,-83.4953
1.7,0,0,125,-83.4976
1.725,0,0,125,-83.4999
1.75,0,0,125,-83.5023
1.775,0,0,125,-83.5048
1.8,0,0,125,-83.5073
1.825,0,0,125,-83.5099
1.85,0,0,125,-83.5125
1.875,0,0,125,-83.5152
1.9,0,0,125,-83.518
1.925,0,0,125,-83.5208
1.95,0,0,125,-83.5237
1.975,0,0,125,-83.5266
2,0,0,125,-83.5297
2.025,0,0,125,-83.5328
2.05,0,0,125,-83.536
2.075,0,0,125,-83.5393
2.1,0,0,125,-83.5427
2.125,0,0,125,-83.5462
2.15,0,0,125,-83.5498
2.175,0,0,125,-83.5534
2.2,0,0,125,-83.5571
2.225,0,0,125,-83.5609
2.25,0,0,125,-83.5648
2.275,0,0,125,-83.5688
2.3,0,0,125,-83.5729
2.325,0,0,125,-83.5771
2.35,0,0,125,-83.5814
2.375,0,0,125,-83.5858
2.4,0,0,125,-83.5902
2.425,0,0,125,-83.5948
2.45,0,0,125,-83.5994
2.475,0,0,125,-83.6041
2.5,0,0,125,-83.609
2.525,0,0,125,-83.6139
2.55,0,0,125,-83.6189
2.575,0,0,125,-83.6239
2.6,0,0,125,-83.6291
2.625,0,0,125,-83.6343
2.65,0,0,125,-83.6397
2.675,0,0,125,-83.6451
2.7,0,0,125,-83.6506
2.725,0,0,125,-83.6562
2.75,0,0,125,-83.6618
2.775,0,0,125,-83.6675
2.8,0,0,125,-83.6733
2.825,0,0,125,-83.6791
2.85,0,0,125,-83.6849
2.875,0,0,125,-83.6908
2.9,0,0,125,-83.6968
2.925,0,0,125,-83.7028
2.95,0,0,125,-83.7087
2.975,0,0,125,-83.7148
3,0,0,125,-83.7208
3.025,0,0,125,-83.7268
3.05,0,0,125,-83.7329
3.075,0,0,125,-83.7389
3.1,0,0,125,-83.745
3.125,0,0,125,-83.751
3.15,0,0,125,-83.757
3.175,0,0,125,-83.763
3.2,0,0,125,-83.769
3.225,0,0,125,-83.775
3.25,0,0,125,-83.7809
3.275,0,0,125,-83.7868
3.3,0,0,125,-83.7927
3.325,0,0,125,-83.7985
3.35,0,0,125,-83.8042
3.375,0,0,125,-83.8099
3.4,0,0,125,-83.8155
3.425,0,0,125,-83.821
3.45,0,0,125,-83.8265
3.475,0,0,125,-83.8318
3.5,0,0,125,-83.8371
3.525,0,0,125,-83.8423
3.55,0,0,125,-83.8473
3.575,0,0,125,-83.8524
3.6,0,0,125,-83.8573
3.625,0,0,125,-83.8621
3.65,0,0,125,-83.8667
3.675,0,0,125,-83.8713
3.7,0,0,125,-83.8758
3.725,0,0,125,-83.8801
3.75,0,0,125,-83.8843
3.775,0,0,125,-83.8884
3.8,0,0,125,-83.8924
3.825,0,0,125,-83.8963
3.85,0,0,125,-83.9001
3.875,0,0,125,-83.9037
3.9,0,0,125,-83.9073
3.925,0,0,125,-83.9107
3.95,0,0,125,-83.914
3.975,0,0,125,-83.9172
4,0,0,125,-83.9202
4.025,0,0,125,-83.9231
4.05,0,0,125,-83.9259
4.075,0,0,125,-83.9286
4.1,0,0,125,-83.9312
4.125,0,0,125,-83.9337
4.15,0,0,125,-83.9361
4.175,0,0,125,-83.9383
4.2,0,0,125,-83.9404
4.225,0,0,125,-83.9425
4.25,0,0,125,-83.9444
4.275,0,0,125,-83.9462
4.3,0,0,125,-83.9479
4.325,0,0,125,-83.9495
4.35,0,0,125,-83.951
4.375,0,0,125,-83.9525
4.4,0,0,125,-83.9538
4.425,0,0,125,-83.9551
4.45,0,0,125,-83.9562
4.475,0,0,125,-83.9573
4.5,0,0,125,-83.9583
4.525,0,0,125,-83.9592
4.55,0,0,125,-83.9601
4.575,0,0,125,-83.9608
4.6,0,0,125,-83.9615
4.625,0,0,125,-83.9622
4.65,0,0,125,-83.9628
4.675,0,0,125,-83.9633
4.7,0,0,125,-83.9637
4.725,0,0,125,-83.9641
4.75,0,0,125,-83.9644
4.775,0,0,125,-83.9647
4.8,0,0,125,-83.9649
4.825,0,0,125,-83.9651
4.85,0,0,125,-83.9653
4.875,0,0,125,-83.9654
4.9,0,0,125,-83.9654
4.925,0,0,125,-83.9655
4.95,0,0,125,-83.9656
4.975,0,0,125,-83.9656
5,0,0,125,-83.9656
