0,0,0,125,-82.2756
0.025,0,0,125,-82.2758
0.05,0,0,125,-82.2761
0.075,0,0,125,-82.2765
0.1,0,0,125,-82.277
0.125,0,0,125,-82.2774
0.15,0,0,125,-82.2778
0.175,0,0,125,-82.278
0.2,0,0,125,-82.278
0.225,0,0,125,-82.2778
0.25,0,0,125,-82.2773
0.275,0,0,125,-82.2767
0.3,0,0,125,-82.2758
0.325,0,0,125,-82.2747
0.35,0,0,125,-82.2733
0.375,0,0,125,-82.2717
0.4,0,0,125,-82.2699
0.425,0,0,125,-82.2678
0.45,0,0,125,-82.2655
0.475,0,0,125,-82.2629
0.5,0,0,125,-82.2602
0.525,0,0,125,-82.2571
0.55,0,0,125,-82.2539
0.575,0,0,125,-82.2504
0.6,0,0,125,-82.2467
0.625,0,0,125,-82.2428
0.65,0,0,125,-82.2386
0.675,0,0,125,-82.2342
0.7,0,0,125,-82.2296
0.725,0,0,125,-82.2248
0.75,0,0,125,-82.2198
0.775,0,0,125,-82.2146
0.8,0,0,125,-82.2092
0.825,0,0,125,-82.2035
0.85,0,0,125,-82.1976
0.875,0,0,125,-82.1916
0.9,0,0,125,-82.1853
0.925,0,0,125,-82.1788
0.95,0,0,125,-82.1721
0.975,0,0,125,-82.1652
1,0,0,125,-82.158
1.025,0,0,125,-82.1507
1.05,0,0,125,-82.1431
1.075,0,0,125,-82.1354
1.1,0,0,125,-82.1274
1.125,0,0,125,-82.1192
1.15,0,0,125,-82.1108
1.175,0,0,125,-82.1022
1.2,0,0,125,-82.0934
1.225,0,0,125,-82.0843
1.25,0,0,125,-82.0751
1.275,0,0,125,-82.0656
1.3,0,0,125,-82.0559
1.325,0,0,125,-82.046
1.35,0,0,125,-82.0358
1.375,0,0,125,-82.0254
1.4,0,0,125,-82.0148
1.425,0,0,125,-82.0039
1.45,0,0,125,-81.9928
1.475,0,0,125,-81.9815
1.5,0,0,125,-81.9699
1.525,0,0,125,-81.9581
1.55,0,0,125,-81.9461
1.575,0,0,125,-81.9338
1.6,0,0,125,-81.9213
1.625,0,0,125,-81.9085
1.65,0,0,125,-81.8954
1.675,0,0,125,-81.8821
1.7,0,0,125,-81.8685
1.725,0,0,125,-81.8547
1.75,0,0,125,-81.8406
1.775,0,0,125,-81.8262
1.8,0,0,125,-81.8115
1.825,0,0,125,-81.7966
1.85,0,0,125,-81.7814
1.875,0,0,125,-81.7659
1.9,0,0,125,-81.7501
1.925,0,0,125,-81.734
1.95,0,0,125,-81.7177
1.975,0,0,125,-81.701
2,0,0,125,-81.684
2.025,0,0,125,-81.6667
2.05,0,0,125,-81.6491
2.075,0,0,125,-81.6312
2.1,0,0,125,-81.6129
2.125,0,0,125,-81.5943
2.15,0,0,125,-81.5754
2.175,0,0,125,-81.5562
2.2,0,0,125,-81.5366
2.225,0,0,125,-81.5167
2.25,0,0,125,-81.4964
2.275,0,0,125,-81.4758
2.3,0,0,125,-81.4548
2.325,0,0,125,-81.4335
2.35,0,0,125,-81.4118
2.375,0,0,125,-81.3897
2.4,0,0,125,-81.3673
2.425,0,0,125,-81.3444
2.45,0,0,125,-81.3212
2.475,0,0,125,-81.2976
2.5,0,0,125,-81.2736
2.525,0,0,125,-81.2492
2.55,0,0,125,-81.2244
2.575,0,0,125,-81.1992
2.6,0,0,125,-81.1736
2.625,0,0,125,-81.1476
2.65,0,0,125,-81.1212
2.675,0,0,125,-81.0943
2.7,0,0,125,-81.067
2.725,0,0,125,-81.0393
2.75,0,0,125,-81.0112
2.775,0,0,125,-80.9826
2.8,0,0,125,-80.9536
2.825,0,0,125,-80.9241
2.85,0,0,125,-80.8942
2.875,0,0,125,-80.8639
2.9,0,0,125,-80.8331
2.925,0,0,125,-80.8019
2.95,0,0,125,-80.7702
2.975,0,0,125,-80.738
3,0,0,125,-80.7054
3.025,0,0,125,-80.6723
3.05,0,0,125,-80.6388
3.075,0,0,125,-80.6049
3.1,0,0,125,-80.5704
3.125,0,0,125,-80.5356
3.15,0,0,125,-80.5003
3.175,0,0,125,-80.4645
3.2,0,0,125,-80.4282
3.225,0,0,125,-80.3916
3.25,0,0,125,-80.3545
3.275,0,0,125,-80.3169
3.3,0,0,125,-80.279
3.325,0,0,125,-80.2406
3.35,0,0,125,-80.2017
3.375,0,0,125,-80.1625
3.4,0,0,125,-80.1229
3.425,0,0,125,-80.0828
3.45,0,0,125,-80.0424
3.475,0,0,125,-80.0016
3.5,0,0,125,-79.9605
3.525,0,0,125,-79.919
3.55,0,0,125,-79.8771
3.575,0,0,125,-79.835
3.6,0,0,125,-79.7925
3.625,0,0,125,-79.7497
3.65,0,0,125,-79.7067
3.675,0,0,125,-79.6634
3.7,0,0,125,-79.6199
3.725,0,0,125,-79.5761
3.75,0,0,125,-79.5322
3.775,0,0,125,-79.4881
3.8,0,0,125,-79.4439
3.825,0,0,125,-79.3995
3.85,0,0,125,-79.3551
3.875,0,0,125,-79.3106
3.9,0,0,125,-79.2661
3.925,0,0,125,-79.2216
3.95,0,0,125,-79.1772
3.975,0,0,125,-79.1328
4,0,0,125,-79.0885
4.025,0,0,125,-79.0444
4.05,0,0,125,-79.0004
4.075,0,0,125,-78.9567
4.1,0,0,125,-78.9133
4.125,0,0,125,-78.8702
4.15,0,0,125,-78.8274
4.175,0,0,125,-78.785
4.2,0,0,125,-78.7431
4.225,0,0,125,-78.7017
4.25,0,0,125,-78.6608
4.275,0,0,125,-78.6205
4.3,0,0,125,-78.5809
4.325,0,0,125,-78.542
4.35,0,0,125,-78.5038
4.375,0,0,125,-78.4664
4.4,0,0,125,-78.4298
4.425,0,0,125,-78.3942
4.45,0,0,125,-78.3595
4.475,0,0,125,-78.3258
4.5,0,0,125,-78.2932
4.525,0,0,125,-78.2618
4.55,0,0,125,-78.2315
4.575,0,0,125,-78.2024
4.6,0,0,125,-78.1745
4.625,0,0,125,-78.148
4.65,0,0,125,-78.1229
4.675,0,0,125,-78.0992
4.7,0,0,125,-78.077
4.725,0,0,125,-78.0563
4.75,0,0,125,-78.0371
4.775,0,0,125,-78.0195
4.8,0,0,125,-78.0036
4.825,0,0,125,-77.9893
4.85,0,0,125,-77.9768
4.875,0,0,125,-77.9659
4.9,0,0,125,-77.9569
4.925,0,0,125,-77.9496
4.95,0,0,125,-77.9441
4.975,0,0,125,-77.9404
5,0,0,125,-77.9386
