0,0,0,125,-84.4188
0.025,0,0,125,-84.4188
0.05,0,0,125,-84.4189
0.075,0,0,125,-84.419
0.1,0,0,125,-84.4192
0.125,0,0,125,-84.4193
0.15,0,0,125,-84.4195
0.175,0,0,125,-84.4197
0.2,0,0,125,-84.42
0.225,0,0,125,-84.4202
0.25,0,0,125,-84.4205
0.275,0,0,125,-84.4207
0.3,0,0,125,-84.421
0.325,0,0,125,-84.4213
0.35,0,0,125,-84.4215
0.375,0,0,125,-84.4218
0.4,0,0,125,-84.422
0.425,0,0,125,-84.4223
0.45,0,0,125,-84.4225
0.475,0,0,125,-84.4227
0.5,0,0,125,-84.4229
0.525,0,0,125,-84.4231
0.55,0,0,125,-84.4233
0.575,0,0,125,-84.4235
0.6,0,0,125,-84.4237
0.625,0,0,125,-84.4239
0.65,0,0,125,-84.4241
0.675,0,0,125,-84.4243
0.7,0,0,125,-84.4245
0.725,0,0,125,-84.4246
0.75,0,0,125,-84.4248
0.775,0,0,125,-84.425
0.8,0,0,125,-84.4252
0.825,0,0,125,-84.4253
0.85,0,0,125,-84.4255
0.875,0,0,125,-84.4257
0.9,0,0,125,-84.4259
0.925,0,0,125,-84.4261
0.95,0,0,125,-84.4263
0.975,0,0,125,-84.4265
1,0,0,125,-84.4266
1.025,0,0,125,-84.4268
1.05,0,0,125,-84.427
1.075,0,0,125,-84.4272
1.1,0,0,125,-84.4274
1.125,0,0,125,-84.4277
1.15,0,0,125,-84.4279
1.175,0,0,125,-84.4281
1.2,0,0,125,-84.4283
1.225,0,0,125,-84.4285
1.25,0,0,125,-84.4288
1.275,0,0,125,-84.429
1.3,0,0,125,-84.4292
1.325,0,0,125,-84.4295
1.35,0,0,125,-84.4297
1.375,0,0,125,-84.43
1.4,0,0,125,-84.4302
1.425,0,0,125,-84.4305
1.45,0,0,125,-84.4307
1.475,0,0,125,-84.431
1.5,0,0,125,-84.4313
1.525,0,0,125,-84.4315
1.55,0,0,125,-84.4318
1.575,0,0,125,-84.4321
1.6,0,0,125,-84.4324
1.625,0,0,125,-84.4327
1.65,0,0,125,-84.433
1.675,0,0,125,-84.4333
1.7,0,0,125,-84.4336
1.725,0,0,125,-84.434
1.75,0,0,125,-84.4343
1.775,0,0,125,-84.4346
1.8,0,0,125,-84.435
1.825,0,0,125,-84.4353
1.85,0,0,125,-84.4357
1.875,0,0,125,-84.4361
1.9,0,0,125,-84.4364
1.925,0,0,125,-84.4368
1.95,0,0,125,-84.4373
1.975,0,0,125,-84.4377
2,0,0,125,-84.4381
2.025,0,0,125,-84.4386
2.05,0,0,125,-84.4391
2.075,0,0,125,-84.4396
2.1,0,0,125,-84.4401
2.125,0,0,125,-84.4406
2.15,0,0,125,-84.4411
2.175,0,0,125,-84.4417
2.2,0,0,125,-84.4422
2.225,0,0,125,-84.4428
2.25,0,0,125,-84.4434
2.275,0,0,125,-84.444
2.3,0,0,125,-84.4446
2.325,0,0,125,-84.4452
2.35,0,0,125,-84.4458
2.375,0,0,125,-84.4465
2.4,0,0,125,-84.4471
2.425,0,0,125,-84.4478
2.45,0,0,125,-84.4484
2.475,0,0,125,-84.4491
2.5,0,0,125,-84.4498
2.525,0,0,125,-84.4505
2.55,0,0,125,-84.4512
2.575,0,0,125,-84.4519
2.6,0,0,125,-84.4526
2.625,0,0,125,-84.4534
2.65,0,0,125,-84.4541
2.675,0,0,125,-84.4549
2.7,0,0,125,-84.4556
2.725,0,0,125,-84.4564
2.75,0,0,125,-84.4572
2.775,0,0,125,-84.458
2.8,0,0,125,-84.4588
2.825,0,0,125,-84.4596
2.85,0,0,125,-84.4605
2.875,0,0,125,-84.4613
2.9,0,0,125,-84.4622
2.925,0,0,125,-84.463
2.95,0,0,125,-84.4639
2.975,0,0,125,-84.4648
3,0,0,125,-84.4656
3.025,0,0,125,-84.4665
3.05,0,0,125,-84.4674
3.075,0,0,125,-84.4683
3.1,0,0,125,-84.4692
3.125,0,0,125,-84.4701
3.15,0,0,125,-84.471
3.175,0,0,125,-84.4718
3.2,0,0,125,-84.4727
3.225,0,0,125,-84.4736
3.25,0,0,125,-84.4744
3.275,0,0,125,-84.4753
3.3,0,0,125,-84.4761
3.325,0,0,125,-84.477
3.35,0,0,125,-84.4778
3.375,0,0,125,-84.4786
3.4,0,0,125,-84.4794
3.425,0,0,125,-84.4802
3.45,0,0,125,-84.4809
3.475,0,0,125,-84.4817
3.5,0,0,125,-84.4824
3.525,0,0,125,-84.4831
3.55,0,0,125,-84.4838
3.575,0,0,125,-84.4845
3.6,0,0,125,-84.4852
3.625,0,0,125,-84.4858
3.65,0,0,125,-84.4865
3.675,0,0,125,-84.4871
3.7,0,0,125,-84.4877
3.725,0,0,125,-84.4883
3.75,0,0,125,-84.4889
3.775,0,0,125,-84.4894
3.8,0,0,125,-84.49
3.825,0,0,125,-84.4905
3.85,0,0,125,-84.491
3.875,0,0,125,-84.4915
3.9,0,0,125,-84.4919
3.925,0,0,125,-84.4923
3.95,0,0,125,-84.4928
3.975,0,0,125,-84.4932
4,0,0,125,-84.4935
4.025,0,0,125,-84.4939
4.05,0,0,125,-84.4943
4.075,0,0,125,-84.4946
4.1,0,0,125,-84.4949
4.125,0,0,125,-84.4952
4.15,0,0,125,-84.4955
4.175,0,0,125,-84.4958
4.2,0,0,125,-84.4961
4.225,0,0,125,-84.4964
4.25,0,0,125,-84.4967
4.275,0,0,125,-84.4969
4.3,0,0,125,-84.4972
4.325,0,0,125,-84.4974
4.35,0,0,125,-84.4976
4.375,0,0,125,-84.4979
4.4,0,0,125,-84.4981
4.425,0,0,125,-84.4983
4.45,0,0,125,-84.4985
4.475,0,0,125,-84.4986
4.5,0,0,125,-84.4988
4.525,0,0,125,-84.499
4.55,0,0,125,-84.4991
4.575,0,0,125,-84.4993
4.6,0,0,125,-84.4994
4.625,0,0,125,-84.4995
4.65,0,0,125,-84.4996
4.675,0,0,125,-84.4997
4.7,0,0,125,-84.4998
4.725,0,0,125,-84.4999
4.75,0,0,125,-84.5
4.775,0,0,125,-84.5001
4.8,0,0,125,-84.5001
4.825,0,0,125,-84.5002
4.85,0,0,125,-84.5002
4.875,0,0,125,-84.5002
4.9,0,0,125,-84.5002
4.925,0,0,125,-84.5002
4.95,0,0,125,-84.5002
4.975,0,0,125,-84.5002
5,0,0,125,-84.5002
