0,0,0,125,-83.5376
0.025,0,0,125,-83.5379
0.05,0,0,125,-83.5385
0.075,0,0,125,-83.5393
0.1,0,0,125,-83.5404
0.125,0,0,125,-83.5416
0.15,0,0,125,-83.5429
0.175,0,0,125,-83.5442
0.2,0,0,125,-83.5456
0.225,0,0,125,-83.5471
0.25,0,0,125,-83.5485
0.275,0,0,125,-83.55
0.3,0,0,125,-83.5514
0.325,0,0,125,-83.5529
0.35,0,0,125,-83.5543
0.375,0,0,125,-83.5557
0.4,0,0,125,-83.5571
0.425,0,0,125,-83.5585
0.45,0,0,125,-83.5599
0.475,0,0,125,-83.5612
0.5,0,0,125,-83.5625
0.525,0,0,125,-83.5639
0.55,0,0,125,-83.5652
0.575,0,0,125,-83.5664
0.6,0,0,125,-83.5677
0.625,0,0,125,-83.569
0.65,0,0,125,-83.5702
0.675,0,0,125,-83.5715
0.7,0,0,125,-83.5727
0.725,0,0,125,-83.5739
0.75,0,0,125,-83.5751
0.775,0,0,125,-83.5764
0.8,0,0,125,-83.5776
0.825,0,0,125,-83.5788
0.85,0,0,125,-83.5801
0.875,0,0,125,-83.5813
0.9,0,0,125,-83.5825
0.925,0,0,125,-83.5838
0.95,0,0,125,-83.585
0.975,0,0,125,-83.5863
1,0,0,125,-83.5876
1.025,0,0,125,-83.5889
1.05,0,0,125,-83.5902
1.075,0,0,125,-83.5915
1.1,0,0,125,-83.5929
1.125,0,0,125,-83.5942
1.15,0,0,125,-83.5956
1.175,0,0,125,-83.597
1.2,0,0,125,-83.5984
1.225,0,0,125,-83.5998
1.25,0,0,125,-83.6013
1.275,0,0,125,-83.6027
1.3,0,0,125,-83.6042
1.325,0,0,125,-83.6057
1.35,0,0,125,-83.6072
1.375,0,0,125,-83.6088
1.4,0,0,125,-83.6104
1.425,0,0,125,-83.612
1.45,0,0,125,-83.6137
1.475,0,0,125,-83.6154
1.5,0,0,125,-83.6172
1.525,0,0,125,-83.6189
1.55,0,0,125,-83.6208
1.575,0,0,125,-83.6226
1.6,0,0,125,-83.6245
1.625,0,0,125,-83.6265
1.65,0,0,125,-83.6284
1.675,0,0,125,-83.6304
1.7,0,0,125,-83.6325
1.725,0,0,125,-83.6346
1.75,0,0,125,-83.6367
1.775,0,0,125,-83.6389
1.8,0,0,125,-83.6411
1.825,0,0,125,-83.6434
1.85,0,0,125,-83.6458
1.875,0,0,125,-83.6482
1.9,0,0,125,-83.6507
1.925,0,0,125,-83.6532
1.95,0,0,125,-83.6559
1.975,0,0,125,-83.6585
2,0,0,125,-83.6613
2.025,0,0,125,-83.6641
2.05,0,0,125,-83.667
2.075,0,0,125,-83.67
2.1,0,0,125,-83.673
2.125,0,0,125,-83.6762
2.15,0,0,125,-83.6794
2.175,0,0,125,-83.6827
2.2,0,0,125,-83.686
2.225,0,0,125,-83.6894
2.25,0,0,125,-83.6929
2.275,0,0,125,-83.6965
2.3,0,0,125,-83.7001
2.325,0,0,125,-83.7038
2.35,0,0,125,-83.7075
2.375,0,0,125,-83.7114
2.4,0,0,125,-83.7154
2.425,0,0,125,-83.7194
2.45,0,0,125,-83.7235
2.475,0,0,125,-83.7278
2.5,0,0,125,-83.7321
2.525,0,0,125,-83.7365
2.55,0,0,125,-83.7409
2.575,0,0,125,-83.7455
2.6,0,0,125,-83.7501
2.625,0,0,125,-83.7548
2.65,0,0,125,-83.7595
2.675,0,0,125,-83.7643
2.7,0,0,125,-83.7692
2.725,0,0,125,-83.7741
2.75,0,0,125,-83.7791
2.775,0,0,125,-83.7842
2.8,0,0,125,-83.7893
2.825,0,0,125,-83.7944
2.85,0,0,125,-83.7996
2.875,0,0,125,-83.8049
2.9,0,0,125,-83.8101
2.925,0,0,125,-83.8154
2.95,0,0,125,-83.8207
2.975,0,0,125,-83.8261
3,0,0,125,-83.8314
3.025,0,0,125,-83.8367
3.05,0,0,125,-83.8421
3.075,0,0,125,-83.8475
3.1,0,0,125,-83.8528
3.125,0,0,125,-83.8581
3.15,0,0,125,-83.8635
3.175,0,0,125,-83.8688
3.2,0,0,125,-83.8741
3.225,0,0,125,-83.8794
3.25,0,0,125,-83.8846
3.275,0,0,125,-83.8898
3.3,0,0,125,-83.895
3.325,0,0,125,-83.9001
3.35,0,0,125,-83.9052
3.375,0,0,125,-83.9102
3.4,0,0,125,-83.9151
3.425,0,0,125,-83.92
3.45,0,0,125,-83.9248
3.475,0,0,125,-83.9295
3.5,0,0,125,-83.9342
3.525,0,0,125,-83.9387
3.55,0,0,125,-83.9432
3.575,0,0,125,-83.9475
3.6,0,0,125,-83.9518
3.625,0,0,125,-83.956
3.65,0,0,125,-83.9601
3.675,0,0,125,-83.9641
3.7,0,0,125,-83.9681
3.725,0,0,125,-83.9719
3.75,0,0,125,-83.9756
3.775,0,0,125,-83.9793
3.8,0,0,125,-83.9828
3.825,0,0,125,-83.9862
3.85,0,0,125,-83.9895
3.875,0,0,125,-83.9927
3.9,0,0,125,-83.9958
3.925,0,0,125,-83.9988
3.95,0,0,125,-84.0017
3.975,0,0,125,-84.0045
4,0,0,125,-84.0072
4.025,0,0,125,-84.0098
4.05,0,0,125,-84.0122
4.075,0,0,125,-84.0146
4.1,0,0,125,-84.017
4.125,0,0,125,-84.0192
4.15,0,0,125,-84.0213
4.175,0,0,125,-84.0233
4.2,0,0,125,-84.0252
4.225,0,0,125,-84.027
4.25,0,0,125,-84.0286
4.275,0,0,125,-84.0303
4.3,0,0,125,-84.0318
4.325,0,0,125,-84.0332
4.35,0,0,125,-84.0346
4.375,0,0,125,-84.0359
4.4,0,0,125,-84.0371
4.425,0,0,125,-84.0382
4.45,0,0,125,-84.0392
4.475,0,0,125,-84.0401
4.5,0,0,125,-84.041
4.525,0,0,125,-84.0418
4.55,0,0,125,-84.0426
4.575,0,0,125,-84.0433
4.6,0,0,125,-84.0439
4.625,0,0,125,-84.0445
4.65,0,0,125,-84.045
4.675,0,0,125,-84.0455
4.7,0,0,125,-84.0458
4.725,0,0,125,-84.0462
4.75,0,0,125,-84.0465
4.775,0,0,125,-84.0467
4.8,0,0,125,-84.0469
4.825,0,0,125,-84.0471
4.85,0,0,125,-84.0472
4.875,0,0,125,-84.0473
4.9,0,0,125,-84.0474
4.925,0,0,125,-84.0475
4.95,0,0,125,-84.0475
4.975,0,0,125,-84.0475
5,0,0,125,-84.0475
