0,0,0,125,-1.47086
0.025,0,0,125,-1.46669
0.05,0,0,125,-1.45849
0.075,0,0,125,-1.44659
0.1,0,0,125,-1.4315
0.125,0,0,125,-1.41378
0.15,0,0,125,-1.394
0.175,0,0,125,-1.37263
0.2,0,0,125,-1.35
0.225,0,0,125,-1.32633
0.25,0,0,125,-1.30184
0.275,0,0,125,-1.27668
0.3,0,0,125,-1.25104
0.325,0,0,125,-1.22506
0.35,0,0,125,-1.19887
0.375,0,0,125,-1.17263
0.4,0,0,125,-1.14646
0.425,0,0,125,-1.12049
0.45,0,0,125,-1.09483
0.475,0,0,125,-1.0696
0.5,0,0,125,-1.0449
0.525,0,0,125,-1.02084
0.55,0,0,125,-0.997528
0.575,0,0,125,-0.975055
0.6,0,0,125,-0.953516
0.625,0,0,125,-0.933002
0.65,0,0,125,-0.913602
0.675,0,0,125,-0.895409
0.7,0,0,125,-0.878513
0.725,0,0,125,-0.863002
0.75,0,0,125,-0.848963
0.775,0,0,125,-0.836479
0.8,0,0,125,-0.82564
0.825,0,0,125,-0.816535
0.85,0,0,125,-0.809254
0.875,0,0,125,-0.803887
0.9,0,0,125,-0.800525
0.925,0,0,125,-0.79926
0.95,0,0,125,-0.800185
0.975,0,0,125,-0.803388
1,0,0,125,-0.808966
1.025,0,0,125,-0.817018
1.05,0,0,125,-0.827641
1.075,0,0,125,-0.840936
1.1,0,0,125,-0.857008
1.125,0,0,125,-0.875958
1.15,0,0,125,-0.897893
1.175,0,0,125,-0.922928
1.2,0,0,125,-0.951165
1.225,0,0,125,-0.982722
1.25,0,0,125,-1.01771
1.275,0,0,125,-1.05625
1.3,0,0,125,-1.09846
1.325,0,0,125,-1.14446
1.35,0,0,125,-1.19437
1.375,0,0,125,-1.24832
1.4,0,0,125,-1.30643
1.425,0,0,125,-1.36882
1.45,0,0,125,-1.43564
1.475,0,0,125,-1.507
1.5,0,0,125,-1.58303
1.525,0,0,125,-1.66387
1.55,0,0,125,-1.74964
1.575,0,0,125,-1.84048
1.6,0,0,125,-1.93652
1.625,0,0,125,-2.0379
1.65,0,0,125,-2.14474
1.675,0,0,125,-2.25718
1.7,0,0,125,-2.37536
1.725,0,0,125,-2.49941
1.75,0,0,125,-2.62948
1.775,0,0,125,-2.7657
1.8,0,0,125,-2.90821
1.825,0,0,125,-3.05715
1.85,0,0,125,-3.21269
1.875,0,0,125,-3.37496
1.9,0,0,125,-3.54413
1.925,0,0,125,-3.72035
1.95,0,0,125,-3.9038
1.975,0,0,125,-4.09465
2,0,0,125,-4.29308
2.025,0,0,125,-4.49928
2.05,0,0,125,-4.71345
2.075,0,0,125,-4.93579
2.1,0,0,125,-5.16653
2.125,0,0,125,-5.40588
2.15,0,0,125,-5.65409
2.175,0,0,125,-5.91141
2.2,0,0,125,-6.1781
2.225,0,0,125,-6.45443
2.25,0,0,125,-6.74069
2.275,0,0,125,-7.03718
2.3,0,0,125,-7.34421
2.325,0,0,125,-7.6621
2.35,0,0,125,-7.99119
2.375,0,0,125,-8.33182
2.4,0,0,125,-8.68437
2.425,0,0,125,-9.04919
2.45,0,0,125,-9.42666
2.475,0,0,125,-9.81719
2.5,0,0,125,-10.2212
2.525,0,0,125,-10.639
2.55,0,0,125,-11.0711
2.575,0,0,125,-11.5178
2.6,0,0,125,-11.9797
2.625,0,0,125,-12.457
2.65,0,0,125,-12.9502
2.675,0,0,125,-13.4598
2.7,0,0,125,-13.9861
2.725,0,0,125,-14.5294
2.75,0,0,125,-15.0903
2.775,0,0,125,-15.6689
2.8,0,0,125,-16.2657
2.825,0,0,125,-16.881
2.85,0,0,125,-17.515
2.875,0,0,125,-18.1681
2.9,0,0,125,-18.8403
2.925,0,0,125,-19.532
2.95,0,0,125,-20.2433
2.975,0,0,125,-20.9743
3,0,0,125,-21.725
3.025,0,0,125,-22.4956
3.05,0,0,125,-23.2861
3.075,0,0,125,-24.0964
3.1,0,0,125,-24.9264
3.125,0,0,125,-25.7762
3.15,0,0,125,-26.6455
3.175,0,0,125,-27.5342
3.2,0,0,125,-28.4422
3.225,0,0,125,-29.3691
3.25,0,0,125,-30.3148
3.275,0,0,125,-31.2789
3.3,0,0,125,-32.2611
3.325,0,0,125,-33.2609
3.35,0,0,125,-34.2778
3.375,0,0,125,-35.3112
3.4,0,0,125,-36.3604
3.425,0,0,125,-37.4244
3.45,0,0,125,-38.5022
3.475,0,0,125,-39.5927
3.5,0,0,125,-40.6946
3.525,0,0,125,-41.8061
3.55,0,0,125,-42.9258
3.575,0,0,125,-44.0516
3.6,0,0,125,-45.1815
3.625,0,0,125,-46.3133
3.65,0,0,125,-47.4449
3.675,0,0,125,-48.5736
3.7,0,0,125,-49.6971
3.725,0,0,125,-50.8129
3.75,0,0,125,-51.9185
3.775,0,0,125,-53.0114
3.8,0,0,125,-54.0892
3.825,0,0,125,-55.1496
3.85,0,0,125,-56.1903
3.875,0,0,125,-57.2093
3.9,0,0,125,-58.2047
3.925,0,0,125,-59.1748
3.95,0,0,125,-60.118
3.975,0,0,125,-61.0331
4,0,0,125,-61.9188
4.025,0,0,125,-62.7743
4.05,0,0,125,-63.5989
4.075,0,0,125,-64.3919
4.1,0,0,125,-65.1532
4.125,0,0,125,-65.8826
4.15,0,0,125,-66.58
4.175,0,0,125,-67.2456
4.2,0,0,125,-67.8799
4.225,0,0,125,-68.483
4.25,0,0,125,-69.0557
4.275,0,0,125,-69.5986
4.3,0,0,125,-70.1123
4.325,0,0,125,-70.5976
4.35,0,0,125,-71.0554
4.375,0,0,125,-71.4864
4.4,0,0,125,-71.8918
4.425,0,0,125,-72.2722
4.45,0,0,125,-72.6286
4.475,0,0,125,-72.962
4.5,0,0,125,-73.2733
4.525,0,0,125,-73.5634
4.55,0,0,125,-73.8331
4.575,0,0,125,-74.0833
4.6,0,0,125,-74.3148
4.625,0,0,125,-74.5284
4.65,0,0,125,-74.7249
4.675,0,0,125,-74.905
4.7,0,0,125,-75.0693
4.725,0,0,125,-75.2185
4.75,0,0,125,-75.3532
4.775,0,0,125,-75.4739
4.8,0,0,125,-75.5811
4.825,0,0,125,-75.6753
4.85,0,0,125,-75.7568
4.875,0,0,125,-75.8261
4.9,0,0,125,-75.8833
4.925,0,0,125,-75.9288
4.95,0,0,125,-75.9628
4.975,0,0,125,-75.9853
5,0,0,125,-75.9966
