0,0,0,125,-84.4598
0.025,0,0,125,-84.4598
0.05,0,0,125,-84.4599
0.075,0,0,125,-84.46
0.1,0,0,125,-84.4601
0.125,0,0,125,-84.4602
0.15,0,0,125,-84.4604
0.175,0,0,125,-84.4605
0.2,0,0,125,-84.4607
0.225,0,0,125,-84.4608
0.25,0,0,125,-84.461
0.275,0,0,125,-84.4612
0.3,0,0,125,-84.4614
0.325,0,0,125,-84.4616
0.35,0,0,125,-84.4618
0.375,0,0,125,-84.462
0.4,0,0,125,-84.4622
0.425,0,0,125,-84.4623
0.45,0,0,125,-84.4625
0.475,0,0,125,-84.4626
0.5,0,0,125,-84.4628
0.525,0,0,125,-84.4629
0.55,0,0,125,-84.4631
0.575,0,0,125,-84.4632
0.6,0,0,125,-84.4634
0.625,0,0,125,-84.4635
0.65,0,0,125,-84.4636
0.675,0,0,125,-84.4638
0.7,0,0,125,-84.4639
0.725,0,0,125,-84.464
0.75,0,0,125,-84.4642
0.775,0,0,125,-84.4643
0.8,0,0,125,-84.4644
0.825,0,0,125,-84.4646
0.85,0,0,125,-84.4647
0.875,0,0,125,-84.4648
0.9,0,0,125,-84.465
0.925,0,0,125,-84.4651
0.95,0,0,125,-84.4652
0.975,0,0,125,-84.4654
1,0,0,125,-84.4655
1.025,0,0,125,-84.4657
1.05,0,0,125,-84.4658
1.075,0,0,125,-84.4659
1.1,0,0,125,-84.4661
1.125,0,0,125,-84.4662
1.15,0,0,125,-84.4664
1.175,0,0,125,-84.4666
1.2,0,0,125,-84.4667
1.225,0,0,125,-84.4669
1.25,0,0,125,-84.467
1.275,0,0,125,-84.4672
1.3,0,0,125,-84.4674
1.325,0,0,125,-84.4676
1.35,0,0,125,-84.4677
1.375,0,0,125,-84.4679
1.4,0,0,125,-84.4681
1.425,0,0,125,-84.4683
1.45,0,0,125,-84.4685
1.475,0,0,125,-84.4687
1.5,0,0,125,-84.4689
1.525,0,0,125,-84.4691
1.55,0,0,125,-84.4693
1.575,0,0,125,-84.4695
1.6,0,0,125,-84.4697
1.625,0,0,125,-84.4699
1.65,0,0,125,-84.4702
1.675,0,0,125,-84.4704
1.7,0,0,125,-84.4706
1.725,0,0,125,-84.4709
1.75,0,0,125,-84.4711
1.775,0,0,125,-84.4713
1.8,0,0,125,-84.4716
1.825,0,0,125,-84.4719
1.85,0,0,125,-84.4721
1.875,0,0,125,-84.4724
1.9,0,0,125,-84.4727
1.925,0,0,125,-84.473
1.95,0,0,125,-84.4733
1.975,0,0,125,-84.4736
2,0,0,125,-84.474
2.025,0,0,125,-84.4743
2.05,0,0,125,-84.4747
2.075,0,0,125,-84.475
2.1,0,0,125,-84.4754
2.125,0,0,125,-84.4758
2.15,0,0,125,-84.4762
2.175,0,0,125,-84.4766
2.2,0,0,125,-84.477
2.225,0,0,125,-84.4774
2.25,0,0,125,-84.4778
2.275,0,0,125,-84.4782
2.3,0,0,125,-84.4787
2.325,0,0,125,-84.4791
2.35,0,0,125,-84.4796
2.375,0,0,125,-84.4801
2.4,0,0,125,-84.4806
2.425,0,0,125,-84.4811
2.45,0,0,125,-84.4816
2.475,0,0,125,-84.4821
2.5,0,0,125,-84.4826
2.525,0,0,125,-84.4831
2.55,0,0,125,-84.4837
2.575,0,0,125,-84.4842
2.6,0,0,125,-84.4848
2.625,0,0,125,-84.4853
2.65,0,0,125,-84.4859
2.675,0,0,125,-84.4865
2.7,0,0,125,-84.4871
2.725,0,0,125,-84.4877
2.75,0,0,125,-84.4883
2.775,0,0,125,-84.489
2.8,0,0,125,-84.4896
2.825,0,0,125,-84.4902
2.85,0,0,125,-84.4909
2.875,0,0,125,-84.4916
2.9,0,0,125,-84.4922
2.925,0,0,125,-84.4929
2.95,0,0,125,-84.4936
2.975,0,0,125,-84.4943
3,0,0,125,-84.495
3.025,0,0,125,-84.4957
3.05,0,0,125,-84.4964
3.075,0,0,125,-84.4971
3.1,0,0,125,-84.4977
3.125,0,0,125,-84.4984
3.15,0,0,125,-84.499
3.175,0,0,125,-84.4997
3.2,0,0,125,-84.5003
3.225,0,0,125,-84.5009
3.25,0,0,125,-84.5015
3.275,0,0,125,-84.5021
3.3,0,0,125,-84.5027
3.325,0,0,125,-84.5033
3.35,0,0,125,-84.5038
3.375,0,0,125,-84.5044
3.4,0,0,125,-84.5049
3.425,0,0,125,-84.5055
3.45,0,0,125,-84.506
3.475,0,0,125,-84.5065
3.5,0,0,125,-84.507
3.525,0,0,125,-84.5075
3.55,0,0,125,-84.508
3.575,0,0,125,-84.5085
3.6,0,0,125,-84.509
3.625,0,0,125,-84.5094
3.65,0,0,125,-84.5099
3.675,0,0,125,-84.5103
3.7,0,0,125,-84.5108
3.725,0,0,125,-84.5112
3.75,0,0,125,-84.5116
3.775,0,0,125,-84.512
3.8,0,0,125,-84.5124
3.825,0,0,125,-84.5128
3.85,0,0,125,-84.5132
3.875,0,0,125,-84.5135
3.9,0,0,125,-84.5139
3.925,0,0,125,-84.5142
3.95,0,0,125,-84.5146
3.975,0,0,125,-84.5149
4,0,0,125,-84.5152
4.025,0,0,125,-84.5155
4.05,0,0,125,-84.5158
4.075,0,0,125,-84.5161
4.1,0,0,125,-84.5164
4.125,0,0,125,-84.5167
4.15,0,0,125,-84.5169
4.175,0,0,125,-84.5172
4.2,0,0,125,-84.5174
4.225,0,0,125,-84.5176
4.25,0,0,125,-84.5179
4.275,0,0,125,-84.5181
4.3,0,0,125,-84.5183
4.325,0,0,125,-84.5185
4.35,0,0,125,-84.5186
4.375,0,0,125,-84.5188
4.4,0,0,125,-84.519
4.425,0,0,125,-84.5191
4.45,0,0,125,-84.5193
4.475,0,0,125,-84.5194
4.5,0,0,125,-84.5195
4.525,0,0,125,-84.5196
4.55,0,0,125,-84.5197
4.575,0,0,125,-84.5198
4.6,0,0,125,-84.5199
4.625,0,0,125,-84.5199
4.65,0,0,125,-84.52
4.675,0,0,125,-84.5201
4.7,0,0,125,-84.5201
4.725,0,0,125,-84.5201
4.75,0,0,125,-84.5201
4.775,0,0,125,-84.5201
4.8,0,0,125,-84.5201
4.825,0,0,125,-84.5201
4.85,0,0,125,-84.5201
4.875,0,0,125,-84.5201
4.9,0,0,125,-84.52
4.925,0,0,125,-84.52
4.95,0,0,125,-84.52
4.975,0,0,125,-84.5199
5,0,0,125,-84.5199
