0,0,0,125,-4.54189
0.025,0,0,125,-4.54681
0.05,0,0,125,-4.55674
0.075,0,0,125,-4.57186
0.1,0,0,125,-4.59243
0.125,0,0,125,-4.61885
0.15,0,0,125,-4.65149
0.175,0,0,125,-4.69065
0.2,0,0,125,-4.7365
0.225,0,0,125,-4.78906
0.25,0,0,125,-4.84825
0.275,0,0,125,-4.91388
0.3,0,0,125,-4.98566
0.325,0,0,125,-5.06326
0.35,0,0,125,-5.14628
0.375,0,0,125,-5.23426
0.4,0,0,125,-5.32673
0.425,0,0,125,-5.42322
0.45,0,0,125,-5.52323
0.475,0,0,125,-5.62627
0.5,0,0,125,-5.73185
0.525,0,0,125,-5.83951
0.55,0,0,125,-5.9488
0.575,0,0,125,-6.0593
0.6,0,0,125,-6.1706
0.625,0,0,125,-6.28235
0.65,0,0,125,-6.3942
0.675,0,0,125,-6.50585
0.7,0,0,125,-6.61701
0.725,0,0,125,-6.72744
0.75,0,0,125,-6.83694
0.775,0,0,125,-6.94532
0.8,0,0,125,-7.05243
0.825,0,0,125,-7.15815
0.85,0,0,125,-7.26239
0.875,0,0,125,-7.36507
0.9,0,0,125,-7.46616
0.925,0,0,125,-7.56563
0.95,0,0,125,-7.66349
0.975,0,0,125,-7.75975
1,0,0,125,-7.85446
1.025,0,0,125,-7.94766
1.05,0,0,125,-8.03942
1.075,0,0,125,-8.12982
1.1,0,0,125,-8.21895
1.125,0,0,125,-8.30689
1.15,0,0,125,-8.39377
1.175,0,0,125,-8.47968
1.2,0,0,125,-8.56474
1.225,0,0,125,-8.64907
1.25,0,0,125,-8.73279
1.275,0,0,125,-8.816
1.3,0,0,125,-8.89885
1.325,0,0,125,-8.98143
1.35,0,0,125,-9.06388
1.375,0,0,125,-9.14631
1.4,0,0,125,-9.22884
1.425,0,0,125,-9.31157
1.45,0,0,125,-9.39462
1.475,0,0,125,-9.4781
1.5,0,0,125,-9.5621
1.525,0,0,125,-9.64674
1.55,0,0,125,-9.73211
1.575,0,0,125,-9.81831
1.6,0,0,125,-9.90542
1.625,0,0,125,-9.99355
1.65,0,0,125,-10.0828
1.675,0,0,125,-10.1732
1.7,0,0,125,-10.2648
1.725,0,0,125,-10.3578
1.75,0,0,125,-10.4523
1.775,0,0,125,-10.5482
1.8,0,0,125,-10.6457
1.825,0,0,125,-10.7449
1.85,0,0,125,-10.8458
1.875,0,0,125,-10.9485
1.9,0,0,125,-11.053
1.925,0,0,125,-11.1595
1.95,0,0,125,-11.2679
1.975,0,0,125,-11.3785
2,0,0,125,-11.4912
2.025,0,0,125,-11.6061
2.05,0,0,125,-11.7232
2.075,0,0,125,-11.8427
2.1,0,0,125,-11.9646
2.125,0,0,125,-12.089
2.15,0,0,125,-12.2159
2.175,0,0,125,-12.3454
2.2,0,0,125,-12.4775
2.225,0,0,125,-12.6124
2.25,0,0,125,-12.75
2.275,0,0,125,-12.8906
2.3,0,0,125,-13.034
2.325,0,0,125,-13.1803
2.35,0,0,125,-13.3298
2.375,0,0,125,-13.4822
2.4,0,0,125,-13.6379
2.425,0,0,125,-13.7967
2.45,0,0,125,-13.9587
2.475,0,0,125,-14.1241
2.5,0,0,125,-14.2928
2.525,0,0,125,-14.4648
2.55,0,0,125,-14.6403
2.575,0,0,125,-14.8193
2.6,0,0,125,-15.0017
2.625,0,0,125,-15.1876
2.65,0,0,125,-15.3771
2.675,0,0,125,-15.5702
2.7,0,0,125,-15.7668
2.725,0,0,125,-15.9669
2.75,0,0,125,-16.1707
2.775,0,0,125,-16.378
2.8,0,0,125,-16.5888
2.825,0,0,125,-16.8032
2.85,0,0,125,-17.0211
2.875,0,0,125,-17.2424
2.9,0,0,125,-17.4671
2.925,0,0,125,-17.6952
2.95,0,0,125,-17.9265
2.975,0,0,125,-18.161
3,0,0,125,-18.3985
3.025,0,0,125,-18.6391
3.05,0,0,125,-18.8824
3.075,0,0,125,-19.1285
3.1,0,0,125,-19.3772
3.125,0,0,125,-19.6282
3.15,0,0,125,-19.8814
3.175,0,0,125,-20.1367
3.2,0,0,125,-20.3938
3.225,0,0,125,-20.6524
3.25,0,0,125,-20.9124
3.275,0,0,125,-21.1735
3.3,0,0,125,-21.4353
3.325,0,0,125,-21.6976
3.35,0,0,125,-21.9602
3.375,0,0,125,-22.2226
3.4,0,0,125,-22.4845
3.425,0,0,125,-22.7456
3.45,0,0,125,-23.0054
3.475,0,0,125,-23.2636
3.5,0,0,125,-23.5198
3.525,0,0,125,-23.7736
3.55,0,0,125,-24.0245
3.575,0,0,125,-24.2721
3.6,0,0,125,-24.5159
3.625,0,0,125,-24.7554
3.65,0,0,125,-24.9902
3.675,0,0,125,-25.2198
3.7,0,0,125,-25.4437
3.725,0,0,125,-25.6614
3.75,0,0,125,-25.8724
3.775,0,0,125,-26.0762
3.8,0,0,125,-26.2723
3.825,0,0,125,-26.4602
3.85,0,0,125,-26.6394
3.875,0,0,125,-26.8095
3.9,0,0,125,-26.97
3.925,0,0,125,-27.1203
3.95,0,0,125,-27.2602
3.975,0,0,125,-27.3892
4,0,0,125,-27.5068
4.025,0,0,125,-27.6128
4.05,0,0,125,-27.7067
4.075,0,0,125,-27.7884
4.1,0,0,125,-27.8575
4.125,0,0,125,-27.9138
4.15,0,0,125,-27.9571
4.175,0,0,125,-27.9874
4.2,0,0,125,-28.0044
4.225,0,0,125,-28.0084
4.25,0,0,125,-27.9992
4.275,0,0,125,-27.9769
4.3,0,0,125,-27.9419
4.325,0,0,125,-27.8942
4.35,0,0,125,-27.8343
4.375,0,0,125,-27.7626
4.4,0,0,125,-27.6795
4.425,0,0,125,-27.5855
4.45,0,0,125,-27.4815
4.475,0,0,125,-27.368
4.5,0,0,125,-27.246
4.525,0,0,125,-27.1164
4.55,0,0,125,-26.9801
4.575,0,0,125,-26.8385
4.6,0,0,125,-26.6925
4.625,0,0,125,-26.5436
4.65,0,0,125,-26.3932
4.675,0,0,125,-26.2427
4.7,0,0,125,-26.0939
4.725,0,0,125,-25.9482
4.75,0,0,125,-25.8076
4.775,0,0,125,-25.6739
4.8,0,0,125,-25.549
4.825,0,0,125,-25.4348
4.85,0,0,125,-25.333
4.875,0,0,125,-25.2452
4.9,0,0,125,-25.1722
4.925,0,0,125,-25.1142
4.95,0,0,125,-25.0709
4.975,0,0,125,-25.0422
5,0,0,125,-25.0278
