0,0,0,125,-82.6208
0.025,0,0,125,-82.6204
0.05,0,0,125,-82.6196
0.075,0,0,125,-82.6182
0.1,0,0,125,-82.6162
0.125,0,0,125,-82.6133
0.15,0,0,125,-82.6094
0.175,0,0,125,-82.6043
0.2,0,0,125,-82.5979
0.225,0,0,125,-82.5899
0.25,0,0,125,-82.5803
0.275,0,0,125,-82.5689
0.3,0,0,125,-82.5555
0.325,0,0,125,-82.54
0.35,0,0,125,-82.522
0.375,0,0,125,-82.5015
0.4,0,0,125,-82.4782
0.425,0,0,125,-82.4518
0.45,0,0,125,-82.4219
0.475,0,0,125,-82.3884
0.5,0,0,125,-82.3508
0.525,0,0,125,-82.3087
0.55,0,0,125,-82.2617
0.575,0,0,125,-82.2093
0.6,0,0,125,-82.1511
0.625,0,0,125,-82.0863
0.65,0,0,125,-82.0145
0.675,0,0,125,-81.9348
0.7,0,0,125,-81.8466
0.725,0,0,125,-81.7489
0.75,0,0,125,-81.6409
0.775,0,0,125,-81.5216
0.8,0,0,125,-81.3898
0.825,0,0,125,-81.2443
0.85,0,0,125,-81.0839
0.875,0,0,125,-80.907
0.9,0,0,125,-80.7122
0.925,0,0,125,-80.4977
0.95,0,0,125,-80.2617
0.975,0,0,125,-80.0023
1,0,0,125,-79.7172
1.025,0,0,125,-79.4042
1.05,0,0,125,-79.0609
1.075,0,0,125,-78.6847
1.1,0,0,125,-78.2728
1.125,0,0,125,-77.8222
1.15,0,0,125,-77.3301
1.175,0,0,125,-76.7932
1.2,0,0,125,-76.2082
1.225,0,0,125,-75.572
1.25,0,0,125,-74.8811
1.275,0,0,125,-74.1324
1.3,0,0,125,-73.3226
1.325,0,0,125,-72.4489
1.35,0,0,125,-71.5084
1.375,0,0,125,-70.499
1.4,0,0,125,-69.4186
1.425,0,0,125,-68.266
1.45,0,0,125,-67.0407
1.475,0,0,125,-65.7428
1.5,0,0,125,-64.3733
1.525,0,0,125,-62.9345
1.55,0,0,125,-61.4292
1.575,0,0,125,-59.8615
1.6,0,0,125,-58.2366
1.625,0,0,125,-56.5605
1.65,0,0,125,-54.8399
1.675,0,0,125,-53.0824
1.7,0,0,125,-51.2959
1.725,0,0,125,-49.4887
1.75,0,0,125,-47.6691
1.775,0,0,125,-45.8453
1.8,0,0,125,-44.0251
1.825,0,0,125,-42.2156
1.85,0,0,125,-40.4235
1.875,0,0,125,-38.6547
1.9,0,0,125,-36.914
1.925,0,0,125,-35.2059
1.95,0,0,125,-33.5338
1.975,0,0,125,-31.9008
2,0,0,125,-30.3092
2.025,0,0,125,-28.761
2.05,0,0,125,-27.2577
2.075,0,0,125,-25.8007
2.1,0,0,125,-24.3908
2.125,0,0,125,-23.0287
2.15,0,0,125,-21.715
2.175,0,0,125,-20.4497
2.2,0,0,125,-19.2329
2.225,0,0,125,-18.0643
2.25,0,0,125,-16.9433
2.275,0,0,125,-15.8694
2.3,0,0,125,-14.8416
2.325,0,0,125,-13.8589
2.35,0,0,125,-12.9202
2.375,0,0,125,-12.0242
2.4,0,0,125,-11.1696
2.425,0,0,125,-10.355
2.45,0,0,125,-9.57892
2.475,0,0,125,-8.83989
2.5,0,0,125,-8.13639
2.525,0,0,125,-7.46693
2.55,0,0,125,-6.83
2.575,0,0,125,-6.22412
2.6,0,0,125,-5.64783
2.625,0,0,125,-5.09971
2.65,0,0,125,-4.57838
2.675,0,0,125,-4.08251
2.7,0,0,125,-3.61078
2.725,0,0,125,-3.16196
2.75,0,0,125,-2.73485
2.775,0,0,125,-2.3283
2.8,0,0,125,-1.94122
2.825,0,0,125,-1.57256
2.85,0,0,125,-1.22132
2.875,0,0,125,-0.886569
2.9,0,0,125,-0.567403
2.925,0,0,125,-0.262971
2.95,0,0,125,0.0275329
2.975,0,0,125,0.30487
3,0,0,125,0.569757
3.025,0,0,125,0.822874
3.05,0,0,125,1.06486
3.075,0,0,125,1.29631
3.1,0,0,125,1.5178
3.125,0,0,125,1.72987
3.15,0,0,125,1.93302
3.175,0,0,125,2.12771
3.2,0,0,125,2.3144
3.225,0,0,125,2.4935
3.25,0,0,125,2.66541
3.275,0,0,125,2.8305
3.3,0,0,125,2.98911
3.325,0,0,125,3.14157
3.35,0,0,125,3.28818
3.375,0,0,125,3.42924
3.4,0,0,125,3.56501
3.425,0,0,125,3.69575
3.45,0,0,125,3.82169
3.475,0,0,125,3.94306
3.5,0,0,125,4.06007
3.525,0,0,125,4.17291
3.55,0,0,125,4.28177
3.575,0,0,125,4.38684
3.6,0,0,125,4.48826
3.625,0,0,125,4.58619
3.65,0,0,125,4.68078
3.675,0,0,125,4.77217
3.7,0,0,125,4.86047
3.725,0,0,125,4.94583
3.75,0,0,125,5.02833
3.775,0,0,125,5.10811
3.8,0,0,125,5.18524
3.825,0,0,125,5.25984
3.85,0,0,125,5.33198
3.875,0,0,125,5.40175
3.9,0,0,125,5.46924
3.925,0,0,125,5.53452
3.95,0,0,125,5.59765
3.975,0,0,125,5.65871
4,0,0,125,5.71775
4.025,0,0,125,5.77485
4.05,0,0,125,5.83004
4.075,0,0,125,5.8834
4.1,0,0,125,5.93495
4.125,0,0,125,5.98477
4.15,0,0,125,6.03288
4.175,0,0,125,6.07933
4.2,0,0,125,6.12416
4.225,0,0,125,6.16741
4.25,0,0,125,6.2091
4.275,0,0,125,6.24929
4.3,0,0,125,6.28798
4.325,0,0,125,6.32522
4.35,0,0,125,6.36102
4.375,0,0,125,6.39542
4.4,0,0,125,6.42843
4.425,0,0,125,6.46006
4.45,0,0,125,6.49034
4.475,0,0,125,6.51928
4.5,0,0,125,6.54689
4.525,0,0,125,6.57318
4.55,0,0,125,6.59815
4.575,0,0,125,6.62181
4.6,0,0,125,6.64415
4.625,0,0,125,6.66518
4.65,0,0,125,6.68489
4.675,0,0,125,6.70326
4.7,0,0,125,6.72029
4.725,0,0,125,6.73596
4.75,0,0,125,6.75027
4.775,0,0,125,6.76318
4.8,0,0,125,6.7747
4.825,0,0,125,6.7848
4.85,0,0,125,6.79349
4.875,0,0,125,6.80077
4.9,0,0,125,6.80671
4.925,0,0,125,6.81136
4.95,0,0,125,6.8148
4.975,0,0,125,6.81707
5,0,0,125,6.8182
