0,0,0,125,-83.7161
0.025,0,0,125,-83.7163
0.05,0,0,125,-83.7168
0.075,0,0,125,-83.7175
0.1,0,0,125,-83.7183
0.125,0,0,125,-83.7193
0.15,0,0,125,-83.7204
0.175,0,0,125,-83.7216
0.2,0,0,125,-83.7227
0.225,0,0,125,-83.7239
0.25,0,0,125,-83.7251
0.275,0,0,125,-83.7264
0.3,0,0,125,-83.7276
0.325,0,0,125,-83.7288
0.35,0,0,125,-83.73
0.375,0,0,125,-83.7311
0.4,0,0,125,-83.7323
0.425,0,0,125,-83.7335
0.45,0,0,125,-83.7346
0.475,0,0,125,-83.7358
0.5,0,0,125,-83.7369
0.525,0,0,125,-83.738
0.55,0,0,125,-83.7391
0.575,0,0,125,-83.7402
0.6,0,0,125,-83.7412
0.625,0,0,125,-83.7423
0.65,0,0,125,-83.7433
0.675,0,0,125,-83.7444
0.7,0,0,125,-83.7454
0.725,0,0,125,-83.7464
0.75,0,0,125,-83.7474
0.775,0,0,125,-83.7484
0.8,0,0,125,-83.7494
0.825,0,0,125,-83.7504
0.85,0,0,125,-83.7514
0.875,0,0,125,-83.7525
0.9,0,0,125,-83.7535
0.925,0,0,125,-83.7546
0.95,0,0,125,-83.7556
0.975,0,0,125,-83.7567
1,0,0,125,-83.7578
1.025,0,0,125,-83.7589
1.05,0,0,125,-83.76
1.075,0,0,125,-83.7611
1.1,0,0,125,-83.7623
1.125,0,0,125,-83.7634
1.15,0,0,125,-83.7645
1.175,0,0,125,-83.7657
1.2,0,0,125,-83.7669
1.225,0,0,125,-83.768
1.25,0,0,125,-83.7692
1.275,0,0,125,-83.7704
1.3,0,0,125,-83.7716
1.325,0,0,125,-83.7729
1.35,0,0,125,-83.7742
1.375,0,0,125,-83.7755
1.4,0,0,125,-83.7769
1.425,0,0,125,-83.7783
1.45,0,0,125,-83.7797
1.475,0,0,125,-83.7812
1.5,0,0,125,-83.7827
1.525,0,0,125,-83.7843
1.55,0,0,125,-83.7858
1.575,0,0,125,-83.7874
1.6,0,0,125,-83.7891
1.625,0,0,125,-83.7908
1.65,0,0,125,-83.7925
1.675,0,0,125,-83.7943
1.7,0,0,125,-83.796
1.725,0,0,125,-83.7979
1.75,0,0,125,-83.7997
1.775,0,0,125,-83.8016
1.8,0,0,125,-83.8036
1.825,0,0,125,-83.8056
1.85,0,0,125,-83.8076
1.875,0,0,125,-83.8098
1.9,0,0,125,-83.8119
1.925,0,0,125,-83.8141
1.95,0,0,125,-83.8164
1.975,0,0,125,-83.8186
2,0,0,125,-83.821
2.025,0,0,125,-83.8234
2.05,0,0,125,-83.8258
2.075,0,0,125,-83.8283
2.1,0,0,125,-83.8309
2.125,0,0,125,-83.8336
2.15,0,0,125,-83.8363
2.175,0,0,125,-83.839
2.2,0,0,125,-83.8419
2.225,0,0,125,-83.8448
2.25,0,0,125,-83.8478
2.275,0,0,125,-83.8508
2.3,0,0,125,-83.8539
2.325,0,0,125,-83.857
2.35,0,0,125,-83.8602
2.375,0,0,125,-83.8635
2.4,0,0,125,-83.8669
2.425,0,0,125,-83.8703
2.45,0,0,125,-83.8737
2.475,0,0,125,-83.8773
2.5,0,0,125,-83.8809
2.525,0,0,125,-83.8846
2.55,0,0,125,-83.8884
2.575,0,0,125,-83.8922
2.6,0,0,125,-83.8961
2.625,0,0,125,-83.9
2.65,0,0,125,-83.904
2.675,0,0,125,-83.908
2.7,0,0,125,-83.9121
2.725,0,0,125,-83.9163
2.75,0,0,125,-83.9205
2.775,0,0,125,-83.9247
2.8,0,0,125,-83.9289
2.825,0,0,125,-83.9332
2.85,0,0,125,-83.9376
2.875,0,0,125,-83.9419
2.9,0,0,125,-83.9463
2.925,0,0,125,-83.9508
2.95,0,0,125,-83.9552
2.975,0,0,125,-83.9596
3,0,0,125,-83.9641
3.025,0,0,125,-83.9686
3.05,0,0,125,-83.973
3.075,0,0,125,-83.9775
3.1,0,0,125,-83.982
3.125,0,0,125,-83.9865
3.15,0,0,125,-83.991
3.175,0,0,125,-83.9954
3.2,0,0,125,-83.9999
3.225,0,0,125,-84.0043
3.25,0,0,125,-84.0087
3.275,0,0,125,-84.0131
3.3,0,0,125,-84.0174
3.325,0,0,125,-84.0217
3.35,0,0,125,-84.026
3.375,0,0,125,-84.0301
3.4,0,0,125,-84.0343
3.425,0,0,125,-84.0383
3.45,0,0,125,-84.0423
3.475,0,0,125,-84.0462
3.5,0,0,125,-84.0501
3.525,0,0,125,-84.0539
3.55,0,0,125,-84.0577
3.575,0,0,125,-84.0614
3.6,0,0,125,-84.065
3.625,0,0,125,-84.0685
3.65,0,0,125,-84.072
3.675,0,0,125,-84.0754
3.7,0,0,125,-84.0787
3.725,0,0,125,-84.0819
3.75,0,0,125,-84.085
3.775,0,0,125,-84.088
3.8,0,0,125,-84.0909
3.825,0,0,125,-84.0937
3.85,0,0,125,-84.0965
3.875,0,0,125,-84.0991
3.9,0,0,125,-84.1017
3.925,0,0,125,-84.1041
3.95,0,0,125,-84.1065
3.975,0,0,125,-84.1088
4,0,0,125,-84.111
4.025,0,0,125,-84.1131
4.05,0,0,125,-84.1151
4.075,0,0,125,-84.1171
4.1,0,0,125,-84.119
4.125,0,0,125,-84.1208
4.15,0,0,125,-84.1225
4.175,0,0,125,-84.1242
4.2,0,0,125,-84.1257
4.225,0,0,125,-84.1272
4.25,0,0,125,-84.1287
4.275,0,0,125,-84.13
4.3,0,0,125,-84.1313
4.325,0,0,125,-84.1325
4.35,0,0,125,-84.1336
4.375,0,0,125,-84.1347
4.4,0,0,125,-84.1357
4.425,0,0,125,-84.1366
4.45,0,0,125,-84.1375
4.475,0,0,125,-84.1383
4.5,0,0,125,-84.139
4.525,0,0,125,-84.1397
4.55,0,0,125,-84.1404
4.575,0,0,125,-84.1409
4.6,0,0,125,-84.1414
4.625,0,0,125,-84.1419
4.65,0,0,125,-84.1423
4.675,0,0,125,-84.1427
4.7,0,0,125,-84.143
4.725,0,0,125,-84.1433
4.75,0,0,125,-84.1436
4.775,0,0,125,-84.1438
4.8,0,0,125,-84.144
4.825,0,0,125,-84.1442
4.85,0,0,125,-84.1443
4.875,0,0,125,-84.1444
4.9,0,0,125,-84.1444
4.925,0,0,125,-84.1445
4.95,0,0,125,-84.1445
4.975,0,0,125,-84.1445
5,0,0,125,-84.1445
