0,0,0,125,-12.1154
0.025,0,0,125,-12.1111
0.05,0,0,125,-12.1026
0.075,0,0,125,-12.0903
0.1,0,0,125,-12.0745
0.125,0,0,125,-12.0559
0.15,0,0,125,-12.0351
0.175,0,0,125,-12.0123
0.2,0,0,125,-11.9881
0.225,0,0,125,-11.9627
0.25,0,0,125,-11.9362
0.275,0,0,125,-11.9089
0.3,0,0,125,-11.8809
0.325,0,0,125,-11.8526
0.35,0,0,125,-11.8239
0.375,0,0,125,-11.7952
0.4,0,0,125,-11.7666
0.425,0,0,125,-11.7382
0.45,0,0,125,-11.7102
0.475,0,0,125,-11.6827
0.5,0,0,125,-11.656
0.525,0,0,125,-11.6301
0.55,0,0,125,-11.6052
0.575,0,0,125,-11.5815
0.6,0,0,125,-11.559
0.625,0,0,125,-11.538
0.65,0,0,125,-11.5185
0.675,0,0,125,-11.5007
0.7,0,0,125,-11.4847
0.725,0,0,125,-11.4707
0.75,0,0,125,-11.4588
0.775,0,0,125,-11.4491
0.8,0,0,125,-11.4418
0.825,0,0,125,-11.437
0.85,0,0,125,-11.4349
0.875,0,0,125,-11.4356
0.9,0,0,125,-11.4393
0.925,0,0,125,-11.446
0.95,0,0,125,-11.456
0.975,0,0,125,-11.4695
1,0,0,125,-11.4865
1.025,0,0,125,-11.5072
1.05,0,0,125,-11.5318
1.075,0,0,125,-11.5605
1.1,0,0,125,-11.5934
1.125,0,0,125,-11.6308
1.15,0,0,125,-11.6728
1.175,0,0,125,-11.7195
1.2,0,0,125,-11.7712
1.225,0,0,125,-11.8281
1.25,0,0,125,-11.8904
1.275,0,0,125,-11.9583
1.3,0,0,125,-12.032
1.325,0,0,125,-12.1117
1.35,0,0,125,-12.1977
1.375,0,0,125,-12.2901
1.4,0,0,125,-12.3893
1.425,0,0,125,-12.4954
1.45,0,0,125,-12.6087
1.475,0,0,125,-12.7295
1.5,0,0,125,-12.858
1.525,0,0,125,-12.9944
1.55,0,0,125,-13.1391
1.575,0,0,125,-13.2924
1.6,0,0,125,-13.4544
1.625,0,0,125,-13.6254
1.65,0,0,125,-13.8059
1.675,0,0,125,-13.996
1.7,0,0,125,-14.1961
1.725,0,0,125,-14.4064
1.75,0,0,125,-14.6274
1.775,0,0,125,-14.8592
1.8,0,0,125,-15.1023
1.825,0,0,125,-15.3569
1.85,0,0,125,-15.6235
1.875,0,0,125,-15.9023
1.9,0,0,125,-16.1937
1.925,0,0,125,-16.4982
1.95,0,0,125,-16.8159
1.975,0,0,125,-17.1475
2,0,0,125,-17.4931
2.025,0,0,125,-17.8533
2.05,0,0,125,-18.2284
2.075,0,0,125,-18.6189
2.1,0,0,125,-19.0251
2.125,0,0,125,-19.4476
2.15,0,0,125,-19.8867
2.175,0,0,125,-20.343
2.2,0,0,125,-20.8168
2.225,0,0,125,-21.3087
2.25,0,0,125,-21.8191
2.275,0,0,125,-22.3485
2.3,0,0,125,-22.8975
2.325,0,0,125,-23.4664
2.35,0,0,125,-24.0559
2.375,0,0,125,-24.6664
2.4,0,0,125,-25.2985
2.425,0,0,125,-25.9528
2.45,0,0,125,-26.6296
2.475,0,0,125,-27.3297
2.5,0,0,125,-28.0535
2.525,0,0,125,-28.8016
2.55,0,0,125,-29.5746
2.575,0,0,125,-30.373
2.6,0,0,125,-31.1974
2.625,0,0,125,-32.0482
2.65,0,0,125,-32.926
2.675,0,0,125,-33.8311
2.7,0,0,125,-34.7639
2.725,0,0,125,-35.7247
2.75,0,0,125,-36.7136
2.775,0,0,125,-37.7306
2.8,0,0,125,-38.7756
2.825,0,0,125,-39.8481
2.85,0,0,125,-40.9475
2.875,0,0,125,-42.073
2.9,0,0,125,-43.2234
2.925,0,0,125,-44.3973
2.95,0,0,125,-45.5927
2.975,0,0,125,-46.8077
3,0,0,125,-48.0396
3.025,0,0,125,-49.2858
3.05,0,0,125,-50.5431
3.075,0,0,125,-51.808
3.1,0,0,125,-53.0771
3.125,0,0,125,-54.3465
3.15,0,0,125,-55.6121
3.175,0,0,125,-56.8699
3.2,0,0,125,-58.1159
3.225,0,0,125,-59.3459
3.25,0,0,125,-60.5562
3.275,0,0,125,-61.7428
3.3,0,0,125,-62.9022
3.325,0,0,125,-64.0313
3.35,0,0,125,-65.127
3.375,0,0,125,-66.1869
3.4,0,0,125,-67.2087
3.425,0,0,125,-68.1906
3.45,0,0,125,-69.1313
3.475,0,0,125,-70.0298
3.5,0,0,125,-70.8855
3.525,0,0,125,-71.6983
3.55,0,0,125,-72.4682
3.575,0,0,125,-73.1956
3.6,0,0,125,-73.8813
3.625,0,0,125,-74.5262
3.65,0,0,125,-75.1314
3.675,0,0,125,-75.6984
3.7,0,0,125,-76.2284
3.725,0,0,125,-76.7231
3.75,0,0,125,-77.1841
3.775,0,0,125,-77.613
3.8,0,0,125,-78.0116
3.825,0,0,125,-78.3815
3.85,0,0,125,-78.7243
3.875,0,0,125,-79.0417
3.9,0,0,125,-79.3354
3.925,0,0,125,-79.6068
3.95,0,0,125,-79.8574
3.975,0,0,125,-80.0887
4,0,0,125,-80.302
4.025,0,0,125,-80.4985
4.05,0,0,125,-80.6795
4.075,0,0,125,-80.8461
4.1,0,0,125,-80.9994
4.125,0,0,125,-81.1403
4.15,0,0,125,-81.2699
4.175,0,0,125,-81.389
4.2,0,0,125,-81.4984
4.225,0,0,125,-81.5988
4.25,0,0,125,-81.6909
4.275,0,0,125,-81.7755
4.3,0,0,125,-81.853
4.325,0,0,125,-81.9241
4.35,0,0,125,-81.9892
4.375,0,0,125,-82.0489
4.4,0,0,125,-82.1035
4.425,0,0,125,-82.1534
4.45,0,0,125,-82.1991
4.475,0,0,125,-82.2408
4.5,0,0,125,-82.2789
4.525,0,0,125,-82.3136
4.55,0,0,125,-82.3452
4.575,0,0,125,-82.3739
4.6,0,0,125,-82.4
4.625,0,0,125,-82.4236
4.65,0,0,125,-82.445
4.675,0,0,125,-82.4642
4.7,0,0,125,-82.4815
4.725,0,0,125,-82.4969
4.75,0,0,125,-82.5107
4.775,0,0,125,-82.5228
4.8,0,0,125,-82.5334
4.825,0,0,125,-82.5426
4.85,0,0,125,-82.5504
4.875,0,0,125,-82.557
4.9,0,0,125,-82.5624
4.925,0,0,125,-82.5666
4.95,0,0,125,-82.5697
4.975,0,0,125,-82.5717
5,0,0,125,-82.5728
