0,0,0,125,-83.3403
0.025,0,0,125,-83.3406
0.05,0,0,125,-83.3413
0.075,0,0,125,-83.3422
0.1,0,0,125,-83.3434
0.125,0,0,125,-83.3448
0.15,0,0,125,-83.3463
0.175,0,0,125,-83.3479
0.2,0,0,125,-83.3496
0.225,0,0,125,-83.3512
0.25,0,0,125,-83.3529
0.275,0,0,125,-83.3545
0.3,0,0,125,-83.3562
0.325,0,0,125,-83.3578
0.35,0,0,125,-83.3594
0.375,0,0,125,-83.361
0.4,0,0,125,-83.3626
0.425,0,0,125,-83.3641
0.45,0,0,125,-83.3657
0.475,0,0,125,-83.3672
0.5,0,0,125,-83.3687
0.525,0,0,125,-83.3702
0.55,0,0,125,-83.3717
0.575,0,0,125,-83.3732
0.6,0,0,125,-83.3746
0.625,0,0,125,-83.3761
0.65,0,0,125,-83.3775
0.675,0,0,125,-83.3789
0.7,0,0,125,-83.3803
0.725,0,0,125,-83.3817
0.75,0,0,125,-83.3831
0.775,0,0,125,-83.3844
0.8,0,0,125,-83.3858
0.825,0,0,125,-83.3872
0.85,0,0,125,-83.3886
0.875,0,0,125,-83.39
0.9,0,0,125,-83.3914
0.925,0,0,125,-83.3929
0.95,0,0,125,-83.3943
0.975,0,0,125,-83.3957
1,0,0,125,-83.3972
1.025,0,0,125,-83.3987
1.05,0,0,125,-83.4001
1.075,0,0,125,-83.4016
1.1,0,0,125,-83.4031
1.125,0,0,125,-83.4046
1.15,0,0,125,-83.4062
1.175,0,0,125,-83.4077
1.2,0,0,125,-83.4094
1.225,0,0,125,-83.411
1.25,0,0,125,-83.4127
1.275,0,0,125,-83.4144
1.3,0,0,125,-83.4162
1.325,0,0,125,-83.418
1.35,0,0,125,-83.4198
1.375,0,0,125,-83.4217
1.4,0,0,125,-83.4236
1.425,0,0,125,-83.4255
1.45,0,0,125,-83.4275
1.475,0,0,125,-83.4295
1.5,0,0,125,-83.4315
1.525,0,0,125,-83.4336
1.55,0,0,125,-83.4357
1.575,0,0,125,-83.4379
1.6,0,0,125,-83.4401
1.625,0,0,125,-83.4424
1.65,0,0,125,-83.4447
1.675,0,0,125,-83.4471
1.7,0,0,125,-83.4495
1.725,0,0,125,-83.4519
1.75,0,0,125,-83.4544
1.775,0,0,125,-83.4569
1.8,0,0,125,-83.4595
1.825,0,0,125,-83.4622
1.85,0,0,125,-83.4649
1.875,0,0,125,-83.4677
1.9,0,0,125,-83.4706
1.925,0,0,125,-83.4735
1.95,0,0,125,-83.4765
1.975,0,0,125,-83.4796
2,0,0,125,-83.4827
2.025,0,0,125,-83.486
2.05,0,0,125,-83.4893
2.075,0,0,125,-83.4927
2.1,0,0,125,-83.4962
2.125,0,0,125,-83.4998
2.15,0,0,125,-83.5034
2.175,0,0,125,-83.5072
2.2,0,0,125,-83.511
2.225,0,0,125,-83.5149
2.25,0,0,125,-83.5189
2.275,0,0,125,-83.523
2.3,0,0,125,-83.5272
2.325,0,0,125,-83.5315
2.35,0,0,125,-83.5359
2.375,0,0,125,-83.5405
2.4,0,0,125,-83.5451
2.425,0,0,125,-83.5498
2.45,0,0,125,-83.5547
2.475,0,0,125,-83.5596
2.5,0,0,125,-83.5646
2.525,0,0,125,-83.5698
2.55,0,0,125,-83.575
2.575,0,0,125,-83.5803
2.6,0,0,125,-83.5857
2.625,0,0,125,-83.5912
2.65,0,0,125,-83.5967
2.675,0,0,125,-83.6024
2.7,0,0,125,-83.6081
2.725,0,0,125,-83.6138
2.75,0,0,125,-83.6197
2.775,0,0,125,-83.6256
2.8,0,0,125,-83.6315
2.825,0,0,125,-83.6375
2.85,0,0,125,-83.6436
2.875,0,0,125,-83.6497
2.9,0,0,125,-83.6559
2.925,0,0,125,-83.6621
2.95,0,0,125,-83.6683
2.975,0,0,125,-83.6746
3,0,0,125,-83.6809
3.025,0,0,125,-83.6872
3.05,0,0,125,-83.6935
3.075,0,0,125,-83.6998
3.1,0,0,125,-83.7061
3.125,0,0,125,-83.7124
3.15,0,0,125,-83.7187
3.175,0,0,125,-83.7249
3.2,0,0,125,-83.7312
3.225,0,0,125,-83.7373
3.25,0,0,125,-83.7435
3.275,0,0,125,-83.7496
3.3,0,0,125,-83.7557
3.325,0,0,125,-83.7617
3.35,0,0,125,-83.7677
3.375,0,0,125,-83.7736
3.4,0,0,125,-83.7794
3.425,0,0,125,-83.7852
3.45,0,0,125,-83.7909
3.475,0,0,125,-83.7965
3.5,0,0,125,-83.802
3.525,0,0,125,-83.8074
3.55,0,0,125,-83.8126
3.575,0,0,125,-83.8178
3.6,0,0,125,-83.8229
3.625,0,0,125,-83.8278
3.65,0,0,125,-83.8326
3.675,0,0,125,-83.8374
3.7,0,0,125,-83.842
3.725,0,0,125,-83.8465
3.75,0,0,125,-83.8508
3.775,0,0,125,-83.8551
3.8,0,0,125,-83.8592
3.825,0,0,125,-83.8633
3.85,0,0,125,-83.8672
3.875,0,0,125,-83.8709
3.9,0,0,125,-83.8746
3.925,0,0,125,-83.8781
3.95,0,0,125,-83.8815
3.975,0,0,125,-83.8848
4,0,0,125,-83.888
4.025,0,0,125,-83.8911
4.05,0,0,125,-83.8941
4.075,0,0,125,-83.8969
4.1,0,0,125,-83.8996
4.125,0,0,125,-83.9023
4.15,0,0,125,-83.9048
4.175,0,0,125,-83.9071
4.2,0,0,125,-83.9094
4.225,0,0,125,-83.9116
4.25,0,0,125,-83.9136
4.275,0,0,125,-83.9155
4.3,0,0,125,-83.9174
4.325,0,0,125,-83.9191
4.35,0,0,125,-83.9207
4.375,0,0,125,-83.9222
4.4,0,0,125,-83.9236
4.425,0,0,125,-83.925
4.45,0,0,125,-83.9262
4.475,0,0,125,-83.9274
4.5,0,0,125,-83.9284
4.525,0,0,125,-83.9294
4.55,0,0,125,-83.9303
4.575,0,0,125,-83.9311
4.6,0,0,125,-83.9319
4.625,0,0,125,-83.9325
4.65,0,0,125,-83.9331
4.675,0,0,125,-83.9337
4.7,0,0,125,-83.9342
4.725,0,0,125,-83.9346
4.75,0,0,125,-83.935
4.775,0,0,125,-83.9353
4.8,0,0,125,-83.9355
4.825,0,0,125,-83.9357
4.85,0,0,125,-83.9358
4.875,0,0,125,-83.9359
4.9,0,0,125,-83.936
4.925,0,0,125,-83.9361
4.95,0,0,125,-83.9361
4.975,0,0,125,-83.9361
5,0,0,125,-83.9361
