0,0,0,125,-58.1898
0.025,0,0,125,-58.1832
0.05,0,0,125,-58.1702
0.075,0,0,125,-58.1509
0.1,0,0,125,-58.1255
0.125,0,0,125,-58.0943
0.15,0,0,125,-58.0575
0.175,0,0,125,-58.0155
0.2,0,0,125,-57.9683
0.225,0,0,125,-57.9162
0.25,0,0,125,-57.8594
0.275,0,0,125,-57.7979
0.3,0,0,125,-57.7319
0.325,0,0,125,-57.6616
0.35,0,0,125,-57.587
0.375,0,0,125,-57.5084
0.4,0,0,125,-57.4259
0.425,0,0,125,-57.3395
0.45,0,0,125,-57.2494
0.475,0,0,125,-57.1557
0.5,0,0,125,-57.0586
0.525,0,0,125,-56.9582
0.55,0,0,125,-56.8545
0.575,0,0,125,-56.7478
0.6,0,0,125,-56.6381
0.625,0,0,125,-56.5255
0.65,0,0,125,-56.4101
0.675,0,0,125,-56.2921
0.7,0,0,125,-56.1715
0.725,0,0,125,-56.0485
0.75,0,0,125,-55.9232
0.775,0,0,125,-55.7956
0.8,0,0,125,-55.6659
0.825,0,0,125,-55.5342
0.85,0,0,125,-55.4004
0.875,0,0,125,-55.2649
0.9,0,0,125,-55.1275
0.925,0,0,125,-54.9885
0.95,0,0,125,-54.8479
0.975,0,0,125,-54.7058
1,0,0,125,-54.5623
1.025,0,0,125,-54.4174
1.05,0,0,125,-54.2712
1.075,0,0,125,-54.1239
1.1,0,0,125,-53.9754
1.125,0,0,125,-53.8259
1.15,0,0,125,-53.6754
1.175,0,0,125,-53.5239
1.2,0,0,125,-53.3717
1.225,0,0,125,-53.2186
1.25,0,0,125,-53.0648
1.275,0,0,125,-52.9104
1.3,0,0,125,-52.7554
1.325,0,0,125,-52.5998
1.35,0,0,125,-52.4437
1.375,0,0,125,-52.2872
1.4,0,0,125,-52.1303
1.425,0,0,125,-51.9731
1.45,0,0,125,-51.8155
1.475,0,0,125,-51.6578
1.5,0,0,125,-51.4998
1.525,0,0,125,-51.3416
1.55,0,0,125,-51.1833
1.575,0,0,125,-51.025
1.6,0,0,125,-50.8666
1.625,0,0,125,-50.7082
1.65,0,0,125,-50.5498
1.675,0,0,125,-50.3915
1.7,0,0,125,-50.2333
1.725,0,0,125,-50.0752
1.75,0,0,125,-49.9173
1.775,0,0,125,-49.7595
1.8,0,0,125,-49.6019
1.825,0,0,125,-49.4446
1.85,0,0,125,-49.2875
1.875,0,0,125,-49.1308
1.9,0,0,125,-48.9743
1.925,0,0,125,-48.8181
1.95,0,0,125,-48.6623
1.975,0,0,125,-48.5068
2,0,0,125,-48.3518
2.025,0,0,125,-48.1971
2.05,0,0,125,-48.0428
2.075,0,0,125,-47.889
2.1,0,0,125,-47.7356
2.125,0,0,125,-47.5827
2.15,0,0,125,-47.4302
2.175,0,0,125,-47.2783
2.2,0,0,125,-47.1268
2.225,0,0,125,-46.9758
2.25,0,0,125,-46.8253
2.275,0,0,125,-46.6754
2.3,0,0,125,-46.526
2.325,0,0,125,-46.3772
2.35,0,0,125,-46.2288
2.375,0,0,125,-46.0811
2.4,0,0,125,-45.9339
2.425,0,0,125,-45.7873
2.45,0,0,125,-45.6413
2.475,0,0,125,-45.4958
2.5,0,0,125,-45.3509
2.525,0,0,125,-45.2067
2.55,0,0,125,-45.063
2.575,0,0,125,-44.9199
2.6,0,0,125,-44.7775
2.625,0,0,125,-44.6356
2.65,0,0,125,-44.4944
2.675,0,0,125,-44.3537
2.7,0,0,125,-44.2137
2.725,0,0,125,-44.0743
2.75,0,0,125,-43.9356
2.775,0,0,125,-43.7974
2.8,0,0,125,-43.66
2.825,0,0,125,-43.5231
2.85,0,0,125,-43.3869
2.875,0,0,125,-43.2513
2.9,0,0,125,-43.1163
2.925,0,0,125,-42.982
2.95,0,0,125,-42.8483
2.975,0,0,125,-42.7153
3,0,0,125,-42.5829
3.025,0,0,125,-42.4512
3.05,0,0,125,-42.3202
3.075,0,0,125,-42.1898
3.1,0,0,125,-42.06
3.125,0,0,125,-41.9309
3.15,0,0,125,-41.8025
3.175,0,0,125,-41.6748
3.2,0,0,125,-41.5478
3.225,0,0,125,-41.4214
3.25,0,0,125,-41.2957
3.275,0,0,125,-41.1707
3.3,0,0,125,-41.0464
3.325,0,0,125,-40.9229
3.35,0,0,125,-40.8
3.375,0,0,125,-40.6778
3.4,0,0,125,-40.5564
3.425,0,0,125,-40.4357
3.45,0,0,125,-40.3158
3.475,0,0,125,-40.1966
3.5,0,0,125,-40.0782
3.525,0,0,125,-39.9606
3.55,0,0,125,-39.8437
3.575,0,0,125,-39.7277
3.6,0,0,125,-39.6125
3.625,0,0,125,-39.4981
3.65,0,0,125,-39.3845
3.675,0,0,125,-39.2719
3.7,0,0,125,-39.1601
3.725,0,0,125,-39.0492
3.75,0,0,125,-38.9392
3.775,0,0,125,-38.8301
3.8,0,0,125,-38.722
3.825,0,0,125,-38.6149
3.85,0,0,125,-38.5088
3.875,0,0,125,-38.4037
3.9,0,0,125,-38.2997
3.925,0,0,125,-38.1968
3.95,0,0,125,-38.095
3.975,0,0,125,-37.9944
4,0,0,125,-37.8949
4.025,0,0,125,-37.7966
4.05,0,0,125,-37.6996
4.075,0,0,125,-37.6039
4.1,0,0,125,-37.5095
4.125,0,0,125,-37.4165
4.15,0,0,125,-37.3248
4.175,0,0,125,-37.2347
4.2,0,0,125,-37.146
4.225,0,0,125,-37.0589
4.25,0,0,125,-36.9734
4.275,0,0,125,-36.8895
4.3,0,0,125,-36.8074
4.325,0,0,125,-36.727
4.35,0,0,125,-36.6484
4.375,0,0,125,-36.5718
4.4,0,0,125,-36.4971
4.425,0,0,125,-36.4244
4.45,0,0,125,-36.3538
4.475,0,0,125,-36.2853
4.5,0,0,125,-36.2191
4.525,0,0,125,-36.1552
4.55,0,0,125,-36.0937
4.575,0,0,125,-36.0347
4.6,0,0,125,-35.9782
4.625,0,0,125,-35.9243
4.65,0,0,125,-35.8732
4.675,0,0,125,-35.8248
4.7,0,0,125,-35.7794
4.725,0,0,125,-35.7369
4.75,0,0,125,-35.6975
4.775,0,0,125,-35.6613
4.8,0,0,125,-35.6283
4.825,0,0,125,-35.5987
4.85,0,0,125,-35.5725
4.875,0,0,125,-35.5498
4.9,0,0,125,-35.5308
4.925,0,0,125,-35.5154
4.95,0,0,125,-35.5038
4.975,0,0,125,-35.4961
5,0,0,125,-35.4922
