0,0,0,125,-82.1088
0.025,0,0,125,-82.1069
0.05,0,0,125,-82.1032
0.075,0,0,125,-82.0973
0.1,0,0,125,-82.0892
0.125,0,0,125,-82.0786
0.15,0,0,125,-82.0654
0.175,0,0,125,-82.0491
0.2,0,0,125,-82.0295
0.225,0,0,125,-82.0064
0.25,0,0,125,-81.9794
0.275,0,0,125,-81.9482
0.3,0,0,125,-81.9124
0.325,0,0,125,-81.8715
0.35,0,0,125,-81.8253
0.375,0,0,125,-81.7731
0.4,0,0,125,-81.7145
0.425,0,0,125,-81.6489
0.45,0,0,125,-81.5757
0.475,0,0,125,-81.4942
0.5,0,0,125,-81.4036
0.525,0,0,125,-81.3031
0.55,0,0,125,-81.1919
0.575,0,0,125,-81.0689
0.6,0,0,125,-80.9332
0.625,0,0,125,-80.7835
0.65,0,0,125,-80.6186
0.675,0,0,125,-80.4372
0.7,0,0,125,-80.2378
0.725,0,0,125,-80.0189
0.75,0,0,125,-79.7788
0.775,0,0,125,-79.5155
0.8,0,0,125,-79.2273
0.825,0,0,125,-78.912
0.85,0,0,125,-78.5675
0.875,0,0,125,-78.1914
0.9,0,0,125,-77.7812
0.925,0,0,125,-77.3345
0.95,0,0,125,-76.8485
0.975,0,0,125,-76.3206
1,0,0,125,-75.7479
1.025,0,0,125,-75.1276
1.05,0,0,125,-74.457
1.075,0,0,125,-73.7331
1.1,0,0,125,-72.9535
1.125,0,0,125,-72.1155
1.15,0,0,125,-71.2168
1.175,0,0,125,-70.2555
1.2,0,0,125,-69.2298
1.225,0,0,125,-68.1387
1.25,0,0,125,-66.9814
1.275,0,0,125,-65.7578
1.3,0,0,125,-64.4687
1.325,0,0,125,-63.1152
1.35,0,0,125,-61.6995
1.375,0,0,125,-60.2245
1.4,0,0,125,-58.694
1.425,0,0,125,-57.1123
1.45,0,0,125,-55.4848
1.475,0,0,125,-53.8173
1.5,0,0,125,-52.1161
1.525,0,0,125,-50.3879
1.55,0,0,125,-48.6397
1.575,0,0,125,-46.8786
1.6,0,0,125,-45.1114
1.625,0,0,125,-43.3449
1.65,0,0,125,-41.5853
1.675,0,0,125,-39.8384
1.7,0,0,125,-38.1094
1.725,0,0,125,-36.4029
1.75,0,0,125,-34.7229
1.775,0,0,125,-33.0729
1.8,0,0,125,-31.4558
1.825,0,0,125,-29.8741
1.85,0,0,125,-28.3299
1.875,0,0,125,-26.8252
1.9,0,0,125,-25.3615
1.925,0,0,125,-23.9401
1.95,0,0,125,-22.5621
1.975,0,0,125,-21.2284
2,0,0,125,-19.9394
2.025,0,0,125,-18.6956
2.05,0,0,125,-17.4971
2.075,0,0,125,-16.3438
2.1,0,0,125,-15.2354
2.125,0,0,125,-14.1713
2.15,0,0,125,-13.1509
2.175,0,0,125,-12.1733
2.2,0,0,125,-11.2376
2.225,0,0,125,-10.3426
2.25,0,0,125,-9.48713
2.275,0,0,125,-8.67
2.3,0,0,125,-7.88986
2.325,0,0,125,-7.14537
2.35,0,0,125,-6.43515
2.375,0,0,125,-5.75782
2.4,0,0,125,-5.112
2.425,0,0,125,-4.49631
2.45,0,0,125,-3.90941
2.475,0,0,125,-3.34997
2.5,0,0,125,-2.8167
2.525,0,0,125,-2.30835
2.55,0,0,125,-1.82369
2.575,0,0,125,-1.36155
2.6,0,0,125,-0.920808
2.625,0,0,125,-0.500376
2.65,0,0,125,-0.0992159
2.675,0,0,125,0.283663
2.7,0,0,125,0.649205
2.725,0,0,125,0.998313
2.75,0,0,125,1.33184
2.775,0,0,125,1.6506
2.8,0,0,125,1.95536
2.825,0,0,125,2.24685
2.85,0,0,125,2.52577
2.875,0,0,125,2.79276
2.9,0,0,125,3.04843
2.925,0,0,125,3.29338
2.95,0,0,125,3.52816
2.975,0,0,125,3.75327
3,0,0,125,3.96921
3.025,0,0,125,4.17644
3.05,0,0,125,4.37539
3.075,0,0,125,4.56647
3.1,0,0,125,4.75006
3.125,0,0,125,4.92653
3.15,0,0,125,5.09623
3.175,0,0,125,5.25946
3.2,0,0,125,5.41653
3.225,0,0,125,5.56773
3.25,0,0,125,5.71333
3.275,0,0,125,5.85358
3.3,0,0,125,5.98871
3.325,0,0,125,6.11895
3.35,0,0,125,6.24452
3.375,0,0,125,6.36562
3.4,0,0,125,6.48242
3.425,0,0,125,6.59512
3.45,0,0,125,6.70387
3.475,0,0,125,6.80884
3.5,0,0,125,6.91018
3.525,0,0,125,7.00803
3.55,0,0,125,7.10252
3.575,0,0,125,7.19377
3.6,0,0,125,7.28192
3.625,0,0,125,7.36707
3.65,0,0,125,7.44933
3.675,0,0,125,7.5288
3.7,0,0,125,7.60558
3.725,0,0,125,7.67976
3.75,0,0,125,7.75143
3.775,0,0,125,7.82067
3.8,0,0,125,7.88756
3.825,0,0,125,7.95218
3.85,0,0,125,8.01459
3.875,0,0,125,8.07487
3.9,0,0,125,8.13308
3.925,0,0,125,8.18928
3.95,0,0,125,8.24353
3.975,0,0,125,8.2959
4,0,0,125,8.34642
4.025,0,0,125,8.39516
4.05,0,0,125,8.44216
4.075,0,0,125,8.48747
4.1,0,0,125,8.53114
4.125,0,0,125,8.57321
4.15,0,0,125,8.61372
4.175,0,0,125,8.65271
4.2,0,0,125,8.69022
4.225,0,0,125,8.72629
4.25,0,0,125,8.76095
4.275,0,0,125,8.79423
4.3,0,0,125,8.82616
4.325,0,0,125,8.85678
4.35,0,0,125,8.8861
4.375,0,0,125,8.91417
4.4,0,0,125,8.94099
4.425,0,0,125,8.9666
4.45,0,0,125,8.991
4.475,0,0,125,9.01423
4.5,0,0,125,9.03629
4.525,0,0,125,9.05719
4.55,0,0,125,9.07696
4.575,0,0,125,9.09559
4.6,0,0,125,9.1131
4.625,0,0,125,9.12948
4.65,0,0,125,9.14474
4.675,0,0,125,9.15887
4.7,0,0,125,9.17188
4.725,0,0,125,9.18375
4.75,0,0,125,9.19449
4.775,0,0,125,9.20409
4.8,0,0,125,9.21254
4.825,0,0,125,9.21986
4.85,0,0,125,9.22604
4.875,0,0,125,9.23113
4.9,0,0,125,9.23519
4.925,0,0,125,9.23832
4.95,0,0,125,9.24059
4.975,0,0,125,9.24208
5,0,0,125,9.24281
