0,0,0,125,16.5289
0.025,0,0,125,16.5302
0.05,0,0,125,16.5327
0.075,0,0,125,16.5359
0.1,0,0,125,16.5394
0.125,0,0,125,16.5427
0.15,0,0,125,16.5452
0.175,0,0,125,16.5465
0.2,0,0,125,16.5465
0.225,0,0,125,16.5449
0.25,0,0,125,16.5419
0.275,0,0,125,16.5375
0.3,0,0,125,16.5316
0.325,0,0,125,16.5242
0.35,0,0,125,16.5155
0.375,0,0,125,16.5055
0.4,0,0,125,16.4941
0.425,0,0,125,16.4815
0.45,0,0,125,16.4676
0.475,0,0,125,16.4526
0.5,0,0,125,16.4364
0.525,0,0,125,16.4191
0.55,0,0,125,16.4008
0.575,0,0,125,16.3815
0.6,0,0,125,16.3613
0.625,0,0,125,16.3401
0.65,0,0,125,16.3181
0.675,0,0,125,16.2952
0.7,0,0,125,16.2716
0.725,0,0,125,16.2472
0.75,0,0,125,16.2221
0.775,0,0,125,16.1963
0.8,0,0,125,16.1699
0.825,0,0,125,16.1429
0.85,0,0,125,16.1152
0.875,0,0,125,16.087
0.9,0,0,125,16.0583
0.925,0,0,125,16.0291
0.95,0,0,125,15.9994
0.975,0,0,125,15.9692
1,0,0,125,15.9385
1.025,0,0,125,15.9075
1.05,0,0,125,15.876
1.075,0,0,125,15.8441
1.1,0,0,125,15.8118
1.125,0,0,125,15.7791
1.15,0,0,125,15.7461
1.175,0,0,125,15.7127
1.2,0,0,125,15.6789
1.225,0,0,125,15.6448
1.25,0,0,125,15.6103
1.275,0,0,125,15.5755
1.3,0,0,125,15.5404
1.325,0,0,125,15.5049
1.35,0,0,125,15.4691
1.375,0,0,125,15.433
1.4,0,0,125,15.3965
1.425,0,0,125,15.3597
1.45,0,0,125,15.3226
1.475,0,0,125,15.2851
1.5,0,0,125,15.2473
1.525,0,0,125,15.2091
1.55,0,0,125,15.1706
1.575,0,0,125,15.1317
1.6,0,0,125,15.0925
1.625,0,0,125,15.0529
1.65,0,0,125,15.013
1.675,0,0,125,14.9727
1.7,0,0,125,14.932
1.725,0,0,125,14.8909
1.75,0,0,125,14.8495
1.775,0,0,125,14.8076
1.8,0,0,125,14.7654
1.825,0,0,125,14.7228
1.85,0,0,125,14.6797
1.875,0,0,125,14.6362
1.9,0,0,125,14.5924
1.925,0,0,125,14.5481
1.95,0,0,125,14.5033
1.975,0,0,125,14.4582
2,0,0,125,14.4126
2.025,0,0,125,14.3665
2.05,0,0,125,14.32
2.075,0,0,125,14.2731
2.1,0,0,125,14.2257
2.125,0,0,125,14.1778
2.15,0,0,125,14.1294
2.175,0,0,125,14.0806
2.2,0,0,125,14.0313
2.225,0,0,125,13.9816
2.25,0,0,125,13.9313
2.275,0,0,125,13.8806
2.3,0,0,125,13.8293
2.325,0,0,125,13.7776
2.35,0,0,125,13.7254
2.375,0,0,125,13.6727
2.4,0,0,125,13.6195
2.425,0,0,125,13.5657
2.45,0,0,125,13.5115
2.475,0,0,125,13.4568
2.5,0,0,125,13.4016
2.525,0,0,125,13.3459
2.55,0,0,125,13.2896
2.575,0,0,125,13.2329
2.6,0,0,125,13.1756
2.625,0,0,125,13.1179
2.65,0,0,125,13.0597
2.675,0,0,125,13.0009
2.7,0,0,125,12.9417
2.725,0,0,125,12.8819
2.75,0,0,125,12.8217
2.775,0,0,125,12.761
2.8,0,0,125,12.6998
2.825,0,0,125,12.6381
2.85,0,0,125,12.5759
2.875,0,0,125,12.5133
2.9,0,0,125,12.4502
2.925,0,0,125,12.3867
2.95,0,0,125,12.3227
2.975,0,0,125,12.2583
3,0,0,125,12.1934
3.025,0,0,125,12.1282
3.05,0,0,125,12.0625
3.075,0,0,125,11.9965
3.1,0,0,125,11.9301
3.125,0,0,125,11.8633
3.15,0,0,125,11.7962
3.175,0,0,125,11.7288
3.2,0,0,125,11.661
3.225,0,0,125,11.5931
3.25,0,0,125,11.5248
3.275,0,0,125,11.4563
3.3,0,0,125,11.3877
3.325,0,0,125,11.3189
3.35,0,0,125,11.2499
3.375,0,0,125,11.1809
3.4,0,0,125,11.1118
3.425,0,0,125,11.0427
3.45,0,0,125,10.9737
3.475,0,0,125,10.9047
3.5,0,0,125,10.8359
3.525,0,0,125,10.7672
3.55,0,0,125,10.6988
3.575,0,0,125,10.6307
3.6,0,0,125,10.563
3.625,0,0,125,10.4957
3.65,0,0,125,10.4289
3.675,0,0,125,10.3626
3.7,0,0,125,10.297
3.725,0,0,125,10.2321
3.75,0,0,125,10.168
3.775,0,0,125,10.1047
3.8,0,0,125,10.0424
3.825,0,0,125,9.98108
3.85,0,0,125,9.92089
3.875,0,0,125,9.86186
3.9,0,0,125,9.80409
3.925,0,0,125,9.74765
3.95,0,0,125,9.69261
3.975,0,0,125,9.63905
4,0,0,125,9.58703
4.025,0,0,125,9.53661
4.05,0,0,125,9.48786
4.075,0,0,125,9.44082
4.1,0,0,125,9.39554
4.125,0,0,125,9.35206
4.15,0,0,125,9.31041
4.175,0,0,125,9.27061
4.2,0,0,125,9.23267
4.225,0,0,125,9.1966
4.25,0,0,125,9.16238
4.275,0,0,125,9.13
4.3,0,0,125,9.09943
4.325,0,0,125,9.07063
4.35,0,0,125,9.04354
4.375,0,0,125,9.01809
4.4,0,0,125,8.99422
4.425,0,0,125,8.97184
4.45,0,0,125,8.95086
4.475,0,0,125,8.93116
4.5,0,0,125,8.91264
4.525,0,0,125,8.89519
4.55,0,0,125,8.87868
4.575,0,0,125,8.86299
4.6,0,0,125,8.84801
4.625,0,0,125,8.83363
4.65,0,0,125,8.81974
4.675,0,0,125,8.80625
4.7,0,0,125,8.7931
4.725,0,0,125,8.78025
4.75,0,0,125,8.76768
4.775,0,0,125,8.75543
4.8,0,0,125,8.74357
4.825,0,0,125,8.73222
4.85,0,0,125,8.72157
4.875,0,0,125,8.71183
4.9,0,0,125,8.70323
4.925,0,0,125,8.69604
4.95,0,0,125,8.69046
4.975,0,0,125,8.68666
5,0,0,125,8.68474
