0,0,0,125,16.5242
0.025,0,0,125,16.4935
0.05,0,0,125,16.4323
0.075,0,0,125,16.3407
0.1,0,0,125,16.2188
0.125,0,0,125,16.067
0.15,0,0,125,15.8864
0.175,0,0,125,15.6798
0.2,0,0,125,15.4517
0.225,0,0,125,15.207
0.25,0,0,125,14.9511
0.275,0,0,125,14.6893
0.3,0,0,125,14.427
0.325,0,0,125,14.1691
0.35,0,0,125,13.9202
0.375,0,0,125,13.6848
0.4,0,0,125,13.4667
0.425,0,0,125,13.2694
0.45,0,0,125,13.0959
0.475,0,0,125,12.9487
0.5,0,0,125,12.83
0.525,0,0,125,12.7413
0.55,0,0,125,12.6837
0.575,0,0,125,12.6579
0.6,0,0,125,12.6641
0.625,0,0,125,12.7022
0.65,0,0,125,12.7715
0.675,0,0,125,12.8711
0.7,0,0,125,12.9996
0.725,0,0,125,13.1551
0.75,0,0,125,13.3354
0.775,0,0,125,13.5375
0.8,0,0,125,13.7577
0.825,0,0,125,13.9912
0.85,0,0,125,14.2317
0.875,0,0,125,14.4713
0.9,0,0,125,14.6989
0.925,0,0,125,14.8999
0.95,0,0,125,15.054
0.975,0,0,125,15.1333
1,0,0,125,15.0986
1.025,0,0,125,14.8944
1.05,0,0,125,14.4411
1.075,0,0,125,13.623
1.1,0,0,125,12.2681
1.125,0,0,125,10.1151
1.15,0,0,125,6.75772
1.175,0,0,125,1.55092
1.2,0,0,125,-6.52425
1.225,0,0,125,-18.8848
1.25,0,0,125,-35.7036
1.275,0,0,125,-50.8193
1.3,0,0,125,-61.6055
1.325,0,0,125,-69.0042
1.35,0,0,125,-74.0422
1.375,0,0,125,-77.4627
1.4,0,0,125,-79.7806
1.425,0,0,125,-81.3494
1.45,0,0,125,-82.4102
1.475,0,0,125,-83.1271
1.5,0,0,125,-83.6114
1.525,0,0,125,-83.9384
1.55,0,0,125,-84.1592
1.575,0,0,125,-84.3082
1.6,0,0,125,-84.4088
1.625,0,0,125,-84.4767
1.65,0,0,125,-84.5225
1.675,0,0,125,-84.5533
1.7,0,0,125,-84.5742
1.725,0,0,125,-84.5883
1.75,0,0,125,-84.5977
1.775,0,0,125,-84.6041
1.8,0,0,125,-84.6084
1.825,0,0,125,-84.6114
1.85,0,0,125,-84.6133
1.875,0,0,125,-84.6146
1.9,0,0,125,-84.6155
1.925,0,0,125,-84.6161
1.95,0,0,125,-84.6165
1.975,0,0,125,-84.6168
2,0,0,125,-84.617
2.025,0,0,125,-84.6172
2.05,0,0,125,-84.6172
2.075,0,0,125,-84.6173
2.1,0,0,125,-84.6174
2.125,0,0,125,-84.6174
2.15,0,0,125,-84.6174
2.175,0,0,125,-84.6174
2.2,0,0,125,-84.6174
2.225,0,0,125,-84.6174
2.25,0,0,125,-84.6174
2.275,0,0,125,-84.6174
2.3,0,0,125,-84.6174
2.325,0,0,125,-84.6174
2.35,0,0,125,-84.6174
2.375,0,0,125,-84.6174
2.4,0,0,125,-84.6174
2.425,0,0,125,-84.6174
2.45,0,0,125,-84.6174
2.475,0,0,125,-84.6174
2.5,0,0,125,-84.6174
2.525,0,0,125,-84.6174
2.55,0,0,125,-84.6174
2.575,0,0,125,-84.6174
2.6,0,0,125,-84.6174
2.625,0,0,125,-84.6174
2.65,0,0,125,-84.6174
2.675,0,0,125,-84.6174
2.7,0,0,125,-84.6174
2.725,0,0,125,-84.6174
2.75,0,0,125,-84.6174
2.775,0,0,125,-84.6174
2.8,0,0,125,-84.6174
2.825,0,0,125,-84.6174
2.85,0,0,125,-84.6174
2.875,0,0,125,-84.6174
2.9,0,0,125,-84.6174
2.925,0,0,125,-84.6174
2.95,0,0,125,-84.6174
2.975,0,0,125,-84.6174
3,0,0,125,-84.6174
3.025,0,0,125,-84.6174
3.05,0,0,125,-84.6174
3.075,0,0,125,-84.6174
3.1,0,0,125,-84.6174
3.125,0,0,125,-84.6174
3.15,0,0,125,-84.6174
3.175,0,0,125,-84.6174
3.2,0,0,125,-84.6174
3.225,0,0,125,-84.6174
3.25,0,0,125,-84.6174
3.275,0,0,125,-84.6174
3.3,0,0,125,-84.6174
3.325,0,0,125,-84.6174
3.35,0,0,125,-84.6174
3.375,0,0,125,-84.6174
3.4,0,0,125,-84.6174
3.425,0,0,125,-84.6174
3.45,0,0,125,-84.6174
3.475,0,0,125,-84.6174
3.5,0,0,125,-84.6174
3.525,0,0,125,-84.6174
3.55,0,0,125,-84.6174
3.575,0,0,125,-84.6174
3.6,0,0,125,-84.6174
3.625,0,0,125,-84.6174
3.65,0,0,125,-84.6174
3.675,0,0,125,-84.6174
3.7,0,0,125,-84.6174
3.725,0,0,125,-84.6174
3.75,0,0,125,-84.6174
3.775,0,0,125,-84.6174
3.8,0,0,125,-84.6174
3.825,0,0,125,-84.6174
3.85,0,0,125,-84.6174
3.875,0,0,125,-84.6174
3.9,0,0,125,-84.6174
3.925,0,0,125,-84.6174
3.95,0,0,125,-84.6174
3.975,0,0,125,-84.6174
4,0,0,125,-84.6174
4.025,0,0,125,-84.6174
4.05,0,0,125,-84.6174
4.075,0,0,125,-84.6174
4.1,0,0,125,-84.6174
4.125,0,0,125,-84.6174
4.15,0,0,125,-84.6174
4.175,0,0,125,-84.6174
4.2,0,0,125,-84.6174
4.225,0,0,125,-84.6174
4.25,0,0,125,-84.6174
4.275,0,0,125,-84.6174
4.3,0,0,125,-84.6174
4.325,0,0,125,-84.6174
4.35,0,0,125,-84.6174
4.375,0,0,125,-84.6174
4.4,0,0,125,-84.6174
4.425,0,0,125,-84.6174
4.45,0,0,125,-84.6174
4.475,0,0,125,-84.6174
4.5,0,0,125,-84.6174
4.525,0,0,125,-84.6174
4.55,0,0,125,-84.6174
4.575,0,0,125,-84.6174
4.6,0,0,125,-84.6174
4.625,0,0,125,-84.6174
4.65,0,0,125,-84.6174
4.675,0,0,125,-84.6174
4.7,0,0,125,-84.6174
4.725,0,0,125,-84.6174
4.75,0,0,125,-84.6174
4.775,0,0,125,-84.6174
4.8,0,0,125,-84.6174
4.825,0,0,125,-84.6174
4.85,0,0,125,-84.6174
4.875,0,0,125,-84.6174
4.9,0,0,125,-84.6174
4.925,0,0,125,-84.6174
4.95,0,0,125,-84.6174
4.975,0,0,125,-84.6174
5,0,0,125,-84.6174
