0,0,0,125,-84.3726
0.025,0,0,125,-84.3726
0.05,0,0,125,-84.3727
0.075,0,0,125,-84.3729
0.1,0,0,125,-84.3731
0.125,0,0,125,-84.3734
0.15,0,0,125,-84.3737
0.175,0,0,125,-84.3739
0.2,0,0,125,-84.3742
0.225,0,0,125,-84.3745
0.25,0,0,125,-84.3748
0.275,0,0,125,-84.3751
0.3,0,0,125,-84.3755
0.325,0,0,125,-84.3758
0.35,0,0,125,-84.3761
0.375,0,0,125,-84.3765
0.4,0,0,125,-84.3768
0.425,0,0,125,-84.3771
0.45,0,0,125,-84.3773
0.475,0,0,125,-84.3776
0.5,0,0,125,-84.3779
0.525,0,0,125,-84.3781
0.55,0,0,125,-84.3784
0.575,0,0,125,-84.3786
0.6,0,0,125,-84.3789
0.625,0,0,125,-84.3791
0.65,0,0,125,-84.3794
0.675,0,0,125,-84.3796
0.7,0,0,125,-84.3798
0.725,0,0,125,-84.3801
0.75,0,0,125,-84.3803
0.775,0,0,125,-84.3805
0.8,0,0,125,-84.3808
0.825,0,0,125,-84.381
0.85,0,0,125,-84.3812
0.875,0,0,125,-84.3815
0.9,0,0,125,-84.3817
0.925,0,0,125,-84.3819
0.95,0,0,125,-84.3822
0.975,0,0,125,-84.3824
1,0,0,125,-84.3827
1.025,0,0,125,-84.3829
1.05,0,0,125,-84.3832
1.075,0,0,125,-84.3834
1.1,0,0,125,-84.3837
1.125,0,0,125,-84.384
1.15,0,0,125,-84.3843
1.175,0,0,125,-84.3845
1.2,0,0,125,-84.3849
1.225,0,0,125,-84.3852
1.25,0,0,125,-84.3855
1.275,0,0,125,-84.3858
1.3,0,0,125,-84.3862
1.325,0,0,125,-84.3865
1.35,0,0,125,-84.3869
1.375,0,0,125,-84.3873
1.4,0,0,125,-84.3876
1.425,0,0,125,-84.388
1.45,0,0,125,-84.3884
1.475,0,0,125,-84.3889
1.5,0,0,125,-84.3893
1.525,0,0,125,-84.3897
1.55,0,0,125,-84.3901
1.575,0,0,125,-84.3906
1.6,0,0,125,-84.391
1.625,0,0,125,-84.3915
1.65,0,0,125,-84.392
1.675,0,0,125,-84.3925
1.7,0,0,125,-84.393
1.725,0,0,125,-84.3935
1.75,0,0,125,-84.394
1.775,0,0,125,-84.3945
1.8,0,0,125,-84.3951
1.825,0,0,125,-84.3956
1.85,0,0,125,-84.3962
1.875,0,0,125,-84.3967
1.9,0,0,125,-84.3973
1.925,0,0,125,-84.3979
1.95,0,0,125,-84.3985
1.975,0,0,125,-84.399
2,0,0,125,-84.3996
2.025,0,0,125,-84.4002
2.05,0,0,125,-84.4008
2.075,0,0,125,-84.4014
2.1,0,0,125,-84.4021
2.125,0,0,125,-84.4027
2.15,0,0,125,-84.4034
2.175,0,0,125,-84.4041
2.2,0,0,125,-84.4048
2.225,0,0,125,-84.4055
2.25,0,0,125,-84.4063
2.275,0,0,125,-84.407
2.3,0,0,125,-84.4078
2.325,0,0,125,-84.4085
2.35,0,0,125,-84.4093
2.375,0,0,125,-84.4101
2.4,0,0,125,-84.411
2.425,0,0,125,-84.4118
2.45,0,0,125,-84.4127
2.475,0,0,125,-84.4135
2.5,0,0,125,-84.4144
2.525,0,0,125,-84.4153
2.55,0,0,125,-84.4162
2.575,0,0,125,-84.4171
2.6,0,0,125,-84.4181
2.625,0,0,125,-84.419
2.65,0,0,125,-84.42
2.675,0,0,125,-84.421
2.7,0,0,125,-84.422
2.725,0,0,125,-84.423
2.75,0,0,125,-84.4241
2.775,0,0,125,-84.4251
2.8,0,0,125,-84.4262
2.825,0,0,125,-84.4273
2.85,0,0,125,-84.4284
2.875,0,0,125,-84.4295
2.9,0,0,125,-84.4306
2.925,0,0,125,-84.4317
2.95,0,0,125,-84.4328
2.975,0,0,125,-84.434
3,0,0,125,-84.4351
3.025,0,0,125,-84.4363
3.05,0,0,125,-84.4374
3.075,0,0,125,-84.4385
3.1,0,0,125,-84.4396
3.125,0,0,125,-84.4406
3.15,0,0,125,-84.4417
3.175,0,0,125,-84.4428
3.2,0,0,125,-84.4438
3.225,0,0,125,-84.4448
3.25,0,0,125,-84.4459
3.275,0,0,125,-84.4469
3.3,0,0,125,-84.4478
3.325,0,0,125,-84.4488
3.35,0,0,125,-84.4497
3.375,0,0,125,-84.4507
3.4,0,0,125,-84.4516
3.425,0,0,125,-84.4525
3.45,0,0,125,-84.4534
3.475,0,0,125,-84.4543
3.5,0,0,125,-84.4551
3.525,0,0,125,-84.456
3.55,0,0,125,-84.4568
3.575,0,0,125,-84.4576
3.6,0,0,125,-84.4584
3.625,0,0,125,-84.4592
3.65,0,0,125,-84.46
3.675,0,0,125,-84.4607
3.7,0,0,125,-84.4615
3.725,0,0,125,-84.4622
3.75,0,0,125,-84.4629
3.775,0,0,125,-84.4636
3.8,0,0,125,-84.4643
3.825,0,0,125,-84.4649
3.85,0,0,125,-84.4656
3.875,0,0,125,-84.4662
3.9,0,0,125,-84.4668
3.925,0,0,125,-84.4673
3.95,0,0,125,-84.4679
3.975,0,0,125,-84.4684
4,0,0,125,-84.469
4.025,0,0,125,-84.4695
4.05,0,0,125,-84.4699
4.075,0,0,125,-84.4704
4.1,0,0,125,-84.4709
4.125,0,0,125,-84.4713
4.15,0,0,125,-84.4717
4.175,0,0,125,-84.4721
4.2,0,0,125,-84.4725
4.225,0,0,125,-84.4729
4.25,0,0,125,-84.4733
4.275,0,0,125,-84.4736
4.3,0,0,125,-84.474
4.325,0,0,125,-84.4743
4.35,0,0,125,-84.4746
4.375,0,0,125,-84.4749
4.4,0,0,125,-84.4752
4.425,0,0,125,-84.4754
4.45,0,0,125,-84.4757
4.475,0,0,125,-84.4759
4.5,0,0,125,-84.4761
4.525,0,0,125,-84.4763
4.55,0,0,125,-84.4765
4.575,0,0,125,-84.4766
4.6,0,0,125,-84.4768
4.625,0,0,125,-84.4769
4.65,0,0,125,-84.4771
4.675,0,0,125,-84.4772
4.7,0,0,125,-84.4772
4.725,0,0,125,-84.4773
4.75,0,0,125,-84.4774
4.775,0,0,125,-84.4774
4.8,0,0,125,-84.4774
4.825,0,0,125,-84.4774
4.85,0,0,125,-84.4774
4.875,0,0,125,-84.4774
4.9,0,0,125,-84.4774
4.925,0,0,125,-84.4773
4.95,0,0,125,-84.4773
4.975,0,0,125,-84.4773
5,0,0,125,-84.4773
