0,0,0,125,-82.8872
0.025,0,0,125,-82.8876
0.05,0,0,125,-82.8885
0.075,0,0,125,-82.8898
0.1,0,0,125,-82.8914
0.125,0,0,125,-82.8933
0.15,0,0,125,-82.8953
0.175,0,0,125,-82.8974
0.2,0,0,125,-82.8995
0.225,0,0,125,-82.9017
0.25,0,0,125,-82.9039
0.275,0,0,125,-82.9061
0.3,0,0,125,-82.9083
0.325,0,0,125,-82.9104
0.35,0,0,125,-82.9126
0.375,0,0,125,-82.9147
0.4,0,0,125,-82.9168
0.425,0,0,125,-82.9188
0.45,0,0,125,-82.9208
0.475,0,0,125,-82.9228
0.5,0,0,125,-82.9248
0.525,0,0,125,-82.9267
0.55,0,0,125,-82.9286
0.575,0,0,125,-82.9305
0.6,0,0,125,-82.9324
0.625,0,0,125,-82.9343
0.65,0,0,125,-82.9361
0.675,0,0,125,-82.9379
0.7,0,0,125,-82.9397
0.725,0,0,125,-82.9415
0.75,0,0,125,-82.9432
0.775,0,0,125,-82.945
0.8,0,0,125,-82.9468
0.825,0,0,125,-82.9485
0.85,0,0,125,-82.9503
0.875,0,0,125,-82.952
0.9,0,0,125,-82.9538
0.925,0,0,125,-82.9555
0.95,0,0,125,-82.9573
0.975,0,0,125,-82.9592
1,0,0,125,-82.961
1.025,0,0,125,-82.9628
1.05,0,0,125,-82.9647
1.075,0,0,125,-82.9666
1.1,0,0,125,-82.9684
1.125,0,0,125,-82.9703
1.15,0,0,125,-82.9723
1.175,0,0,125,-82.9743
1.2,0,0,125,-82.9763
1.225,0,0,125,-82.9783
1.25,0,0,125,-82.9804
1.275,0,0,125,-82.9825
1.3,0,0,125,-82.9847
1.325,0,0,125,-82.9869
1.35,0,0,125,-82.9891
1.375,0,0,125,-82.9914
1.4,0,0,125,-82.9937
1.425,0,0,125,-82.996
1.45,0,0,125,-82.9984
1.475,0,0,125,-83.0009
1.5,0,0,125,-83.0033
1.525,0,0,125,-83.0058
1.55,0,0,125,-83.0084
1.575,0,0,125,-83.0111
1.6,0,0,125,-83.0138
1.625,0,0,125,-83.0165
1.65,0,0,125,-83.0194
1.675,0,0,125,-83.0222
1.7,0,0,125,-83.0252
1.725,0,0,125,-83.0282
1.75,0,0,125,-83.0313
1.775,0,0,125,-83.0344
1.8,0,0,125,-83.0377
1.825,0,0,125,-83.041
1.85,0,0,125,-83.0444
1.875,0,0,125,-83.0479
1.9,0,0,125,-83.0514
1.925,0,0,125,-83.0551
1.95,0,0,125,-83.0589
1.975,0,0,125,-83.0627
2,0,0,125,-83.0667
2.025,0,0,125,-83.0707
2.05,0,0,125,-83.0749
2.075,0,0,125,-83.0792
2.1,0,0,125,-83.0836
2.125,0,0,125,-83.0882
2.15,0,0,125,-83.0928
2.175,0,0,125,-83.0976
2.2,0,0,125,-83.1025
2.225,0,0,125,-83.1076
2.25,0,0,125,-83.1128
2.275,0,0,125,-83.1181
2.3,0,0,125,-83.1235
2.325,0,0,125,-83.1291
2.35,0,0,125,-83.1348
2.375,0,0,125,-83.1406
2.4,0,0,125,-83.1465
2.425,0,0,125,-83.1525
2.45,0,0,125,-83.1587
2.475,0,0,125,-83.165
2.5,0,0,125,-83.1714
2.525,0,0,125,-83.178
2.55,0,0,125,-83.1847
2.575,0,0,125,-83.1915
2.6,0,0,125,-83.1984
2.625,0,0,125,-83.2055
2.65,0,0,125,-83.2126
2.675,0,0,125,-83.2199
2.7,0,0,125,-83.2272
2.725,0,0,125,-83.2347
2.75,0,0,125,-83.2423
2.775,0,0,125,-83.25
2.8,0,0,125,-83.2577
2.825,0,0,125,-83.2656
2.85,0,0,125,-83.2735
2.875,0,0,125,-83.2815
2.9,0,0,125,-83.2896
2.925,0,0,125,-83.2977
2.95,0,0,125,-83.3059
2.975,0,0,125,-83.3141
3,0,0,125,-83.3223
3.025,0,0,125,-83.3305
3.05,0,0,125,-83.3388
3.075,0,0,125,-83.3471
3.1,0,0,125,-83.3554
3.125,0,0,125,-83.3637
3.15,0,0,125,-83.372
3.175,0,0,125,-83.3802
3.2,0,0,125,-83.3885
3.225,0,0,125,-83.3967
3.25,0,0,125,-83.4049
3.275,0,0,125,-83.413
3.3,0,0,125,-83.4211
3.325,0,0,125,-83.4291
3.35,0,0,125,-83.437
3.375,0,0,125,-83.4448
3.4,0,0,125,-83.4526
3.425,0,0,125,-83.4602
3.45,0,0,125,-83.4678
3.475,0,0,125,-83.4752
3.5,0,0,125,-83.4825
3.525,0,0,125,-83.4897
3.55,0,0,125,-83.4968
3.575,0,0,125,-83.5037
3.6,0,0,125,-83.5105
3.625,0,0,125,-83.5172
3.65,0,0,125,-83.5237
3.675,0,0,125,-83.5301
3.7,0,0,125,-83.5364
3.725,0,0,125,-83.5424
3.75,0,0,125,-83.5484
3.775,0,0,125,-83.5541
3.8,0,0,125,-83.5597
3.825,0,0,125,-83.5651
3.85,0,0,125,-83.5704
3.875,0,0,125,-83.5755
3.9,0,0,125,-83.5804
3.925,0,0,125,-83.5852
3.95,0,0,125,-83.5898
3.975,0,0,125,-83.5943
4,0,0,125,-83.5986
4.025,0,0,125,-83.6027
4.05,0,0,125,-83.6066
4.075,0,0,125,-83.6104
4.1,0,0,125,-83.614
4.125,0,0,125,-83.6175
4.15,0,0,125,-83.6208
4.175,0,0,125,-83.6239
4.2,0,0,125,-83.6269
4.225,0,0,125,-83.6297
4.25,0,0,125,-83.6324
4.275,0,0,125,-83.6349
4.3,0,0,125,-83.6373
4.325,0,0,125,-83.6396
4.35,0,0,125,-83.6417
4.375,0,0,125,-83.6437
4.4,0,0,125,-83.6455
4.425,0,0,125,-83.6473
4.45,0,0,125,-83.6489
4.475,0,0,125,-83.6504
4.5,0,0,125,-83.6518
4.525,0,0,125,-83.6531
4.55,0,0,125,-83.6543
4.575,0,0,125,-83.6553
4.6,0,0,125,-83.6563
4.625,0,0,125,-83.6572
4.65,0,0,125,-83.658
4.675,0,0,125,-83.6587
4.7,0,0,125,-83.6594
4.725,0,0,125,-83.6599
4.75,0,0,125,-83.6603
4.775,0,0,125,-83.6607
4.8,0,0,125,-83.6611
4.825,0,0,125,-83.6613
4.85,0,0,125,-83.6615
4.875,0,0,125,-83.6617
4.9,0,0,125,-83.6618
4.925,0,0,125,-83.6618
4.95,0,0,125,-83.6619
4.975,0,0,125,-83.6619
5,0,0,125,-83.6619
