0,0,0,125,-83.1347
0.025,0,0,125,-83.1351
0.05,0,0,125,-83.1359
0.075,0,0,125,-83.1371
0.1,0,0,125,-83.1385
0.125,0,0,125,-83.1401
0.15,0,0,125,-83.1419
0.175,0,0,125,-83.1437
0.2,0,0,125,-83.1456
0.225,0,0,125,-83.1476
0.25,0,0,125,-83.1495
0.275,0,0,125,-83.1515
0.3,0,0,125,-83.1534
0.325,0,0,125,-83.1553
0.35,0,0,125,-83.1573
0.375,0,0,125,-83.1591
0.4,0,0,125,-83.161
0.425,0,0,125,-83.1628
0.45,0,0,125,-83.1646
0.475,0,0,125,-83.1663
0.5,0,0,125,-83.168
0.525,0,0,125,-83.1697
0.55,0,0,125,-83.1713
0.575,0,0,125,-83.173
0.6,0,0,125,-83.1746
0.625,0,0,125,-83.1763
0.65,0,0,125,-83.1779
0.675,0,0,125,-83.1795
0.7,0,0,125,-83.1811
0.725,0,0,125,-83.1827
0.75,0,0,125,-83.1842
0.775,0,0,125,-83.1858
0.8,0,0,125,-83.1873
0.825,0,0,125,-83.1889
0.85,0,0,125,-83.1905
0.875,0,0,125,-83.1921
0.9,0,0,125,-83.1936
0.925,0,0,125,-83.1952
0.95,0,0,125,-83.1969
0.975,0,0,125,-83.1985
1,0,0,125,-83.2001
1.025,0,0,125,-83.2018
1.05,0,0,125,-83.2034
1.075,0,0,125,-83.2051
1.1,0,0,125,-83.2068
1.125,0,0,125,-83.2085
1.15,0,0,125,-83.2102
1.175,0,0,125,-83.2119
1.2,0,0,125,-83.2137
1.225,0,0,125,-83.2156
1.25,0,0,125,-83.2175
1.275,0,0,125,-83.2194
1.3,0,0,125,-83.2213
1.325,0,0,125,-83.2233
1.35,0,0,125,-83.2253
1.375,0,0,125,-83.2274
1.4,0,0,125,-83.2294
1.425,0,0,125,-83.2316
1.45,0,0,125,-83.2337
1.475,0,0,125,-83.2359
1.5,0,0,125,-83.2381
1.525,0,0,125,-83.2404
1.55,0,0,125,-83.2427
1.575,0,0,125,-83.2451
1.6,0,0,125,-83.2476
1.625,0,0,125,-83.2501
1.65,0,0,125,-83.2526
1.675,0,0,125,-83.2552
1.7,0,0,125,-83.2579
1.725,0,0,125,-83.2607
1.75,0,0,125,-83.2635
1.775,0,0,125,-83.2663
1.8,0,0,125,-83.2693
1.825,0,0,125,-83.2723
1.85,0,0,125,-83.2754
1.875,0,0,125,-83.2786
1.9,0,0,125,-83.2818
1.925,0,0,125,-83.2852
1.95,0,0,125,-83.2886
1.975,0,0,125,-83.2921
2,0,0,125,-83.2957
2.025,0,0,125,-83.2994
2.05,0,0,125,-83.3032
2.075,0,0,125,-83.307
2.1,0,0,125,-83.311
2.125,0,0,125,-83.315
2.15,0,0,125,-83.3192
2.175,0,0,125,-83.3234
2.2,0,0,125,-83.3277
2.225,0,0,125,-83.3322
2.25,0,0,125,-83.3368
2.275,0,0,125,-83.3414
2.3,0,0,125,-83.3462
2.325,0,0,125,-83.3512
2.35,0,0,125,-83.3562
2.375,0,0,125,-83.3613
2.4,0,0,125,-83.3665
2.425,0,0,125,-83.3719
2.45,0,0,125,-83.3774
2.475,0,0,125,-83.3829
2.5,0,0,125,-83.3886
2.525,0,0,125,-83.3944
2.55,0,0,125,-83.4003
2.575,0,0,125,-83.4063
2.6,0,0,125,-83.4125
2.625,0,0,125,-83.4187
2.65,0,0,125,-83.425
2.675,0,0,125,-83.4315
2.7,0,0,125,-83.438
2.725,0,0,125,-83.4446
2.75,0,0,125,-83.4512
2.775,0,0,125,-83.458
2.8,0,0,125,-83.4648
2.825,0,0,125,-83.4716
2.85,0,0,125,-83.4786
2.875,0,0,125,-83.4856
2.9,0,0,125,-83.4926
2.925,0,0,125,-83.4997
2.95,0,0,125,-83.5068
2.975,0,0,125,-83.514
3,0,0,125,-83.5212
3.025,0,0,125,-83.5284
3.05,0,0,125,-83.5357
3.075,0,0,125,-83.5429
3.1,0,0,125,-83.5502
3.125,0,0,125,-83.5575
3.15,0,0,125,-83.5647
3.175,0,0,125,-83.5719
3.2,0,0,125,-83.5791
3.225,0,0,125,-83.5862
3.25,0,0,125,-83.5933
3.275,0,0,125,-83.6004
3.3,0,0,125,-83.6073
3.325,0,0,125,-83.6143
3.35,0,0,125,-83.6211
3.375,0,0,125,-83.6279
3.4,0,0,125,-83.6346
3.425,0,0,125,-83.6413
3.45,0,0,125,-83.6478
3.475,0,0,125,-83.6542
3.5,0,0,125,-83.6606
3.525,0,0,125,-83.6668
3.55,0,0,125,-83.673
3.575,0,0,125,-83.679
3.6,0,0,125,-83.6848
3.625,0,0,125,-83.6906
3.65,0,0,125,-83.6962
3.675,0,0,125,-83.7017
3.7,0,0,125,-83.707
3.725,0,0,125,-83.7122
3.75,0,0,125,-83.7173
3.775,0,0,125,-83.7222
3.8,0,0,125,-83.727
3.825,0,0,125,-83.7316
3.85,0,0,125,-83.7361
3.875,0,0,125,-83.7405
3.9,0,0,125,-83.7447
3.925,0,0,125,-83.7488
3.95,0,0,125,-83.7528
3.975,0,0,125,-83.7566
4,0,0,125,-83.7603
4.025,0,0,125,-83.7638
4.05,0,0,125,-83.7672
4.075,0,0,125,-83.7705
4.1,0,0,125,-83.7736
4.125,0,0,125,-83.7766
4.15,0,0,125,-83.7795
4.175,0,0,125,-83.7822
4.2,0,0,125,-83.7847
4.225,0,0,125,-83.7872
4.25,0,0,125,-83.7895
4.275,0,0,125,-83.7918
4.3,0,0,125,-83.7939
4.325,0,0,125,-83.7959
4.35,0,0,125,-83.7977
4.375,0,0,125,-83.7995
4.4,0,0,125,-83.8011
4.425,0,0,125,-83.8027
4.45,0,0,125,-83.8041
4.475,0,0,125,-83.8055
4.5,0,0,125,-83.8067
4.525,0,0,125,-83.8078
4.55,0,0,125,-83.8089
4.575,0,0,125,-83.8099
4.6,0,0,125,-83.8107
4.625,0,0,125,-83.8115
4.65,0,0,125,-83.8122
4.675,0,0,125,-83.8129
4.7,0,0,125,-83.8134
4.725,0,0,125,-83.8139
4.75,0,0,125,-83.8143
4.775,0,0,125,-83.8147
4.8,0,0,125,-83.815
4.825,0,0,125,-83.8153
4.85,0,0,125,-83.8155
4.875,0,0,125,-83.8156
4.9,0,0,125,-83.8157
4.925,0,0,125,-83.8157
4.95,0,0,125,-83.8158
4.975,0,0,125,-83.8158
5,0,0,125,-83.8158
