0,0,0,125,-1.90091
0.025,0,0,125,-1.90339
0.05,0,0,125,-1.90839
0.075,0,0,125,-1.91597
0.1,0,0,125,-1.92623
0.125,0,0,125,-1.93934
0.15,0,0,125,-1.95544
0.175,0,0,125,-1.97468
0.2,0,0,125,-1.99711
0.225,0,0,125,-2.02273
0.25,0,0,125,-2.05153
0.275,0,0,125,-2.08348
0.3,0,0,125,-2.11852
0.325,0,0,125,-2.15658
0.35,0,0,125,-2.19758
0.375,0,0,125,-2.24145
0.4,0,0,125,-2.2881
0.425,0,0,125,-2.33745
0.45,0,0,125,-2.38941
0.475,0,0,125,-2.4439
0.5,0,0,125,-2.50083
0.525,0,0,125,-2.56013
0.55,0,0,125,-2.62173
0.575,0,0,125,-2.68555
0.6,0,0,125,-2.75152
0.625,0,0,125,-2.8196
0.65,0,0,125,-2.88971
0.675,0,0,125,-2.96182
0.7,0,0,125,-3.03588
0.725,0,0,125,-3.11184
0.75,0,0,125,-3.18967
0.775,0,0,125,-3.26936
0.8,0,0,125,-3.35086
0.825,0,0,125,-3.43416
0.85,0,0,125,-3.51926
0.875,0,0,125,-3.60613
0.9,0,0,125,-3.69479
0.925,0,0,125,-3.78522
0.95,0,0,125,-3.87744
0.975,0,0,125,-3.97145
1,0,0,125,-4.06727
1.025,0,0,125,-4.16492
1.05,0,0,125,-4.26442
1.075,0,0,125,-4.36579
1.1,0,0,125,-4.46908
1.125,0,0,125,-4.57431
1.15,0,0,125,-4.68152
1.175,0,0,125,-4.79076
1.2,0,0,125,-4.90207
1.225,0,0,125,-5.01549
1.25,0,0,125,-5.13108
1.275,0,0,125,-5.2489
1.3,0,0,125,-5.369
1.325,0,0,125,-5.49145
1.35,0,0,125,-5.6163
1.375,0,0,125,-5.74363
1.4,0,0,125,-5.87351
1.425,0,0,125,-6.006
1.45,0,0,125,-6.14119
1.475,0,0,125,-6.27915
1.5,0,0,125,-6.41997
1.525,0,0,125,-6.56373
1.55,0,0,125,-6.71051
1.575,0,0,125,-6.8604
1.6,0,0,125,-7.01349
1.625,0,0,125,-7.16988
1.65,0,0,125,-7.32967
1.675,0,0,125,-7.49295
1.7,0,0,125,-7.65982
1.725,0,0,125,-7.83038
1.75,0,0,125,-8.00474
1.775,0,0,125,-8.18301
1.8,0,0,125,-8.36529
1.825,0,0,125,-8.55169
1.85,0,0,125,-8.74233
1.875,0,0,125,-8.93731
1.9,0,0,125,-9.13676
1.925,0,0,125,-9.34079
1.95,0,0,125,-9.54951
1.975,0,0,125,-9.76303
2,0,0,125,-9.98149
2.025,0,0,125,-10.205
2.05,0,0,125,-10.4337
2.075,0,0,125,-10.6676
2.1,0,0,125,-10.907
2.125,0,0,125,-11.1518
2.15,0,0,125,-11.4023
2.175,0,0,125,-11.6586
2.2,0,0,125,-11.9207
2.225,0,0,125,-12.1887
2.25,0,0,125,-12.4628
2.275,0,0,125,-12.7431
2.3,0,0,125,-13.0297
2.325,0,0,125,-13.3226
2.35,0,0,125,-13.6219
2.375,0,0,125,-13.9278
2.4,0,0,125,-14.2403
2.425,0,0,125,-14.5594
2.45,0,0,125,-14.8852
2.475,0,0,125,-15.2178
2.5,0,0,125,-15.5573
2.525,0,0,125,-15.9035
2.55,0,0,125,-16.2566
2.575,0,0,125,-16.6166
2.6,0,0,125,-16.9834
2.625,0,0,125,-17.3571
2.65,0,0,125,-17.7376
2.675,0,0,125,-18.1248
2.7,0,0,125,-18.5187
2.725,0,0,125,-18.9192
2.75,0,0,125,-19.3263
2.775,0,0,125,-19.7397
2.8,0,0,125,-20.1595
2.825,0,0,125,-20.5854
2.85,0,0,125,-21.0172
2.875,0,0,125,-21.4549
2.9,0,0,125,-21.8981
2.925,0,0,125,-22.3467
2.95,0,0,125,-22.8005
2.975,0,0,125,-23.2592
3,0,0,125,-23.7225
3.025,0,0,125,-24.1901
3.05,0,0,125,-24.6618
3.075,0,0,125,-25.1372
3.1,0,0,125,-25.616
3.125,0,0,125,-26.0979
3.15,0,0,125,-26.5824
3.175,0,0,125,-27.0692
3.2,0,0,125,-27.558
3.225,0,0,125,-28.0482
3.25,0,0,125,-28.5394
3.275,0,0,125,-29.0313
3.3,0,0,125,-29.5234
3.325,0,0,125,-30.0152
3.35,0,0,125,-30.5062
3.375,0,0,125,-30.9959
3.4,0,0,125,-31.4839
3.425,0,0,125,-31.9695
3.45,0,0,125,-32.4523
3.475,0,0,125,-32.9316
3.5,0,0,125,-33.407
3.525,0,0,125,-33.8779
3.55,0,0,125,-34.3436
3.575,0,0,125,-34.8035
3.6,0,0,125,-35.2571
3.625,0,0,125,-35.7038
3.65,0,0,125,-36.1428
3.675,0,0,125,-36.5736
3.7,0,0,125,-36.9956
3.725,0,0,125,-37.4081
3.75,0,0,125,-37.8105
3.775,0,0,125,-38.2022
3.8,0,0,125,-38.5827
3.825,0,0,125,-38.9512
3.85,0,0,125,-39.3074
3.875,0,0,125,-39.6506
3.9,0,0,125,-39.9803
3.925,0,0,125,-40.296
3.95,0,0,125,-40.5974
3.975,0,0,125,-40.8839
4,0,0,125,-41.1552
4.025,0,0,125,-41.4111
4.05,0,0,125,-41.6512
4.075,0,0,125,-41.8752
4.1,0,0,125,-42.0832
4.125,0,0,125,-42.2748
4.15,0,0,125,-42.4501
4.175,0,0,125,-42.609
4.2,0,0,125,-42.7517
4.225,0,0,125,-42.8782
4.25,0,0,125,-42.9888
4.275,0,0,125,-43.0837
4.3,0,0,125,-43.1632
4.325,0,0,125,-43.2278
4.35,0,0,125,-43.2779
4.375,0,0,125,-43.314
4.4,0,0,125,-43.3368
4.425,0,0,125,-43.3468
4.45,0,0,125,-43.3449
4.475,0,0,125,-43.3319
4.5,0,0,125,-43.3085
4.525,0,0,125,-43.2757
4.55,0,0,125,-43.2346
4.575,0,0,125,-43.186
4.6,0,0,125,-43.1312
4.625,0,0,125,-43.0712
4.65,0,0,125,-43.0071
4.675,0,0,125,-42.9403
4.7,0,0,125,-42.872
4.725,0,0,125,-42.8033
4.75,0,0,125,-42.7356
4.775,0,0,125,-42.6702
4.8,0,0,125,-42.6084
4.825,0,0,125,-42.5513
4.85,0,0,125,-42.5002
4.875,0,0,125,-42.4559
4.9,0,0,125,-42.4189
4.925,0,0,125,-42.3895
4.95,0,0,125,-42.3675
4.975,0,0,125,-42.3529
5,0,0,125,-42.3457
