0,0,0,125,-19.0751
0.025,0,0,125,-19.0707
0.05,0,0,125,-19.0622
0.075,0,0,125,-19.0498
0.1,0,0,125,-19.034
0.125,0,0,125,-19.0153
0.15,0,0,125,-18.9943
0.175,0,0,125,-18.9714
0.2,0,0,125,-18.947
0.225,0,0,125,-18.9213
0.25,0,0,125,-18.8947
0.275,0,0,125,-18.8673
0.3,0,0,125,-18.8393
0.325,0,0,125,-18.811
0.35,0,0,125,-18.7825
0.375,0,0,125,-18.7541
0.4,0,0,125,-18.726
0.425,0,0,125,-18.6983
0.45,0,0,125,-18.6713
0.475,0,0,125,-18.6452
0.5,0,0,125,-18.6201
0.525,0,0,125,-18.5962
0.55,0,0,125,-18.5737
0.575,0,0,125,-18.5529
0.6,0,0,125,-18.5337
0.625,0,0,125,-18.5166
0.65,0,0,125,-18.5015
0.675,0,0,125,-18.4888
0.7,0,0,125,-18.4786
0.725,0,0,125,-18.4711
0.75,0,0,125,-18.4664
0.775,0,0,125,-18.4648
0.8,0,0,125,-18.4665
0.825,0,0,125,-18.4716
0.85,0,0,125,-18.4803
0.875,0,0,125,-18.4929
0.9,0,0,125,-18.5095
0.925,0,0,125,-18.5304
0.95,0,0,125,-18.5557
0.975,0,0,125,-18.5857
1,0,0,125,-18.6206
1.025,0,0,125,-18.6606
1.05,0,0,125,-18.706
1.075,0,0,125,-18.7569
1.1,0,0,125,-18.8137
1.125,0,0,125,-18.8766
1.15,0,0,125,-18.9457
1.175,0,0,125,-19.0215
1.2,0,0,125,-19.1041
1.225,0,0,125,-19.1939
1.25,0,0,125,-19.291
1.275,0,0,125,-19.3958
1.3,0,0,125,-19.5086
1.325,0,0,125,-19.6297
1.35,0,0,125,-19.7593
1.375,0,0,125,-19.8978
1.4,0,0,125,-20.0456
1.425,0,0,125,-20.2028
1.45,0,0,125,-20.3699
1.475,0,0,125,-20.5472
1.5,0,0,125,-20.735
1.525,0,0,125,-20.9336
1.55,0,0,125,-21.1435
1.575,0,0,125,-21.3649
1.6,0,0,125,-21.5982
1.625,0,0,125,-21.8439
1.65,0,0,125,-22.1022
1.675,0,0,125,-22.3735
1.7,0,0,125,-22.6583
1.725,0,0,125,-22.9568
1.75,0,0,125,-23.2695
1.775,0,0,125,-23.5969
1.8,0,0,125,-23.9392
1.825,0,0,125,-24.2969
1.85,0,0,125,-24.6704
1.875,0,0,125,-25.0602
1.9,0,0,125,-25.4667
1.925,0,0,125,-25.8903
1.95,0,0,125,-26.3314
1.975,0,0,125,-26.7907
2,0,0,125,-27.2685
2.025,0,0,125,-27.7653
2.05,0,0,125,-28.2816
2.075,0,0,125,-28.818
2.1,0,0,125,-29.375
2.125,0,0,125,-29.9532
2.15,0,0,125,-30.553
2.175,0,0,125,-31.1751
2.2,0,0,125,-31.82
2.225,0,0,125,-32.4883
2.25,0,0,125,-33.1805
2.275,0,0,125,-33.8973
2.3,0,0,125,-34.6391
2.325,0,0,125,-35.4064
2.35,0,0,125,-36.1997
2.375,0,0,125,-37.0193
2.4,0,0,125,-37.8656
2.425,0,0,125,-38.7386
2.45,0,0,125,-39.6386
2.475,0,0,125,-40.5654
2.5,0,0,125,-41.5187
2.525,0,0,125,-42.4982
2.55,0,0,125,-43.5032
2.575,0,0,125,-44.5328
2.6,0,0,125,-45.586
2.625,0,0,125,-46.6613
2.65,0,0,125,-47.7571
2.675,0,0,125,-48.8715
2.7,0,0,125,-50.0022
2.725,0,0,125,-51.1469
2.75,0,0,125,-52.3027
2.775,0,0,125,-53.4668
2.8,0,0,125,-54.636
2.825,0,0,125,-55.807
2.85,0,0,125,-56.9762
2.875,0,0,125,-58.1402
2.9,0,0,125,-59.2954
2.925,0,0,125,-60.4381
2.95,0,0,125,-61.5649
2.975,0,0,125,-62.6724
3,0,0,125,-63.7573
3.025,0,0,125,-64.8166
3.05,0,0,125,-65.8474
3.075,0,0,125,-66.8474
3.1,0,0,125,-67.8142
3.125,0,0,125,-68.7461
3.15,0,0,125,-69.6415
3.175,0,0,125,-70.4993
3.2,0,0,125,-71.3186
3.225,0,0,125,-72.0989
3.25,0,0,125,-72.84
3.275,0,0,125,-73.5421
3.3,0,0,125,-74.2056
3.325,0,0,125,-74.831
3.35,0,0,125,-75.4192
3.375,0,0,125,-75.9713
3.4,0,0,125,-76.4885
3.425,0,0,125,-76.9719
3.45,0,0,125,-77.4231
3.475,0,0,125,-77.8434
3.5,0,0,125,-78.2345
3.525,0,0,125,-78.5977
3.55,0,0,125,-78.9348
3.575,0,0,125,-79.2471
3.6,0,0,125,-79.5362
3.625,0,0,125,-79.8035
3.65,0,0,125,-80.0505
3.675,0,0,125,-80.2786
3.7,0,0,125,-80.4889
3.725,0,0,125,-80.6828
3.75,0,0,125,-80.8615
3.775,0,0,125,-81.026
3.8,0,0,125,-81.1774
3.825,0,0,125,-81.3167
3.85,0,0,125,-81.4449
3.875,0,0,125,-81.5627
3.9,0,0,125,-81.671
3.925,0,0,125,-81.7705
3.95,0,0,125,-81.8619
3.975,0,0,125,-81.9459
4,0,0,125,-82.023
4.025,0,0,125,-82.0938
4.05,0,0,125,-82.1588
4.075,0,0,125,-82.2185
4.1,0,0,125,-82.2733
4.125,0,0,125,-82.3236
4.15,0,0,125,-82.3698
4.175,0,0,125,-82.4121
4.2,0,0,125,-82.451
4.225,0,0,125,-82.4866
4.25,0,0,125,-82.5193
4.275,0,0,125,-82.5492
4.3,0,0,125,-82.5767
4.325,0,0,125,-82.6018
4.35,0,0,125,-82.6249
4.375,0,0,125,-82.6459
4.4,0,0,125,-82.6652
4.425,0,0,125,-82.6829
4.45,0,0,125,-82.699
4.475,0,0,125,-82.7137
4.5,0,0,125,-82.7271
4.525,0,0,125,-82.7393
4.55,0,0,125,-82.7503
4.575,0,0,125,-82.7604
4.6,0,0,125,-82.7695
4.625,0,0,125,-82.7777
4.65,0,0,125,-82.7852
4.675,0,0,125,-82.7918
4.7,0,0,125,-82.7978
4.725,0,0,125,-82.8031
4.75,0,0,125,-82.8077
4.775,0,0,125,-82.8118
4.8,0,0,125,-82.8154
4.825,0,0,125,-82.8184
4.85,0,0,125,-82.821
4.875,0,0,125,-82.8231
4.9,0,0,125,-82.8248
4.925,0,0,125,-82.8261
4.95,0,0,125,-82.8271
4.975,0,0,125,-82.8277
5,0,0,125,-82.828
