0,0,0,125,10.2368
0.025,0,0,125,10.24
0.05,0,0,125,10.2462
0.075,0,0,125,10.2551
0.1,0,0,125,10.2659
0.125,0,0,125,10.2782
0.15,0,0,125,10.2911
0.175,0,0,125,10.3043
0.2,0,0,125,10.3173
0.225,0,0,125,10.3299
0.25,0,0,125,10.342
0.275,0,0,125,10.3534
0.3,0,0,125,10.3641
0.325,0,0,125,10.3739
0.35,0,0,125,10.3827
0.375,0,0,125,10.3905
0.4,0,0,125,10.3971
0.425,0,0,125,10.4024
0.45,0,0,125,10.4065
0.475,0,0,125,10.4092
0.5,0,0,125,10.4105
0.525,0,0,125,10.4103
0.55,0,0,125,10.4086
0.575,0,0,125,10.4053
0.6,0,0,125,10.4003
0.625,0,0,125,10.3936
0.65,0,0,125,10.3851
0.675,0,0,125,10.3748
0.7,0,0,125,10.3626
0.725,0,0,125,10.3485
0.75,0,0,125,10.3324
0.775,0,0,125,10.3142
0.8,0,0,125,10.2939
0.825,0,0,125,10.2714
0.85,0,0,125,10.2467
0.875,0,0,125,10.2197
0.9,0,0,125,10.1903
0.925,0,0,125,10.1584
0.95,0,0,125,10.124
0.975,0,0,125,10.087
1,0,0,125,10.0473
1.025,0,0,125,10.0048
1.05,0,0,125,9.95945
1.075,0,0,125,9.91117
1.1,0,0,125,9.85985
1.125,0,0,125,9.8054
1.15,0,0,125,9.74772
1.175,0,0,125,9.68672
1.2,0,0,125,9.62229
1.225,0,0,125,9.55434
1.25,0,0,125,9.48276
1.275,0,0,125,9.40743
1.3,0,0,125,9.32827
1.325,0,0,125,9.24515
1.35,0,0,125,9.15798
1.375,0,0,125,9.06663
1.4,0,0,125,8.971
1.425,0,0,125,8.87098
1.45,0,0,125,8.76646
1.475,0,0,125,8.65734
1.5,0,0,125,8.5435
1.525,0,0,125,8.42485
1.55,0,0,125,8.30128
1.575,0,0,125,8.17268
1.6,0,0,125,8.03897
1.625,0,0,125,7.90004
1.65,0,0,125,7.75582
1.675,0,0,125,7.6062
1.7,0,0,125,7.45111
1.725,0,0,125,7.29047
1.75,0,0,125,7.1242
1.775,0,0,125,6.95224
1.8,0,0,125,6.77451
1.825,0,0,125,6.59096
1.85,0,0,125,6.40152
1.875,0,0,125,6.20615
1.9,0,0,125,6.00479
1.925,0,0,125,5.79739
1.95,0,0,125,5.58391
1.975,0,0,125,5.36432
2,0,0,125,5.13857
2.025,0,0,125,4.90663
2.05,0,0,125,4.66848
2.075,0,0,125,4.42407
2.1,0,0,125,4.1734
2.125,0,0,125,3.91642
2.15,0,0,125,3.65313
2.175,0,0,125,3.38351
2.2,0,0,125,3.10753
2.225,0,0,125,2.8252
2.25,0,0,125,2.53649
2.275,0,0,125,2.2414
2.3,0,0,125,1.93992
2.325,0,0,125,1.63207
2.35,0,0,125,1.31783
2.375,0,0,125,0.997226
2.4,0,0,125,0.670259
2.425,0,0,125,0.336949
2.45,0,0,125,-0.00268117
2.475,0,0,125,-0.348603
2.5,0,0,125,-0.700781
2.525,0,0,125,-1.05917
2.55,0,0,125,-1.42373
2.575,0,0,125,-1.7944
2.6,0,0,125,-2.17111
2.625,0,0,125,-2.55378
2.65,0,0,125,-2.94233
2.675,0,0,125,-3.33667
2.7,0,0,125,-3.73668
2.725,0,0,125,-4.14224
2.75,0,0,125,-4.55322
2.775,0,0,125,-4.96948
2.8,0,0,125,-5.39085
2.825,0,0,125,-5.81716
2.85,0,0,125,-6.24822
2.875,0,0,125,-6.68383
2.9,0,0,125,-7.12377
2.925,0,0,125,-7.5678
2.95,0,0,125,-8.01568
2.975,0,0,125,-8.46713
3,0,0,125,-8.92187
3.025,0,0,125,-9.3796
3.05,0,0,125,-9.84001
3.075,0,0,125,-10.3028
3.1,0,0,125,-10.7675
3.125,0,0,125,-11.2339
3.15,0,0,125,-11.7016
3.175,0,0,125,-12.1701
3.2,0,0,125,-12.6391
3.225,0,0,125,-13.1082
3.25,0,0,125,-13.5769
3.275,0,0,125,-14.0448
3.3,0,0,125,-14.5115
3.325,0,0,125,-14.9764
3.35,0,0,125,-15.4393
3.375,0,0,125,-15.8994
3.4,0,0,125,-16.3565
3.425,0,0,125,-16.8101
3.45,0,0,125,-17.2596
3.475,0,0,125,-17.7047
3.5,0,0,125,-18.1447
3.525,0,0,125,-18.5794
3.55,0,0,125,-19.0082
3.575,0,0,125,-19.4306
3.6,0,0,125,-19.8462
3.625,0,0,125,-20.2547
3.65,0,0,125,-20.6555
3.675,0,0,125,-21.0483
3.7,0,0,125,-21.4326
3.725,0,0,125,-21.8081
3.75,0,0,125,-22.1744
3.775,0,0,125,-22.5312
3.8,0,0,125,-22.8782
3.825,0,0,125,-23.2149
3.85,0,0,125,-23.5412
3.875,0,0,125,-23.8567
3.9,0,0,125,-24.1613
3.925,0,0,125,-24.4547
3.95,0,0,125,-24.7367
3.975,0,0,125,-25.0071
4,0,0,125,-25.2657
4.025,0,0,125,-25.5126
4.05,0,0,125,-25.7475
4.075,0,0,125,-25.9704
4.1,0,0,125,-26.1812
4.125,0,0,125,-26.38
4.15,0,0,125,-26.5668
4.175,0,0,125,-26.7416
4.2,0,0,125,-26.9045
4.225,0,0,125,-27.0557
4.25,0,0,125,-27.1953
4.275,0,0,125,-27.3234
4.3,0,0,125,-27.4403
4.325,0,0,125,-27.5463
4.35,0,0,125,-27.6416
4.375,0,0,125,-27.7266
4.4,0,0,125,-27.8015
4.425,0,0,125,-27.8669
4.45,0,0,125,-27.9231
4.475,0,0,125,-27.9707
4.5,0,0,125,-28.01
4.525,0,0,125,-28.0416
4.55,0,0,125,-28.0661
4.575,0,0,125,-28.0841
4.6,0,0,125,-28.0961
4.625,0,0,125,-28.1028
4.65,0,0,125,-28.105
4.675,0,0,125,-28.1031
4.7,0,0,125,-28.098
4.725,0,0,125,-28.0902
4.75,0,0,125,-28.0805
4.775,0,0,125,-28.0695
4.8,0,0,125,-28.0578
4.825,0,0,125,-28.046
4.85,0,0,125,-28.0346
4.875,0,0,125,-28.024
4.9,0,0,125,-28.0146
4.925,0,0,125,-28.0067
4.95,0,0,125,-28.0005
4.975,0,0,125,-27.9963
5,0,0,125,-27.9942
