0,0,0,125,-83.8559
0.025,0,0,125,-83.8562
0.05,0,0,125,-83.8565
0.075,0,0,125,-83.8571
0.1,0,0,125,-83.8579
0.125,0,0,125,-83.8587
0.15,0,0,125,-83.8596
0.175,0,0,125,-83.8606
0.2,0,0,125,-83.8616
0.225,0,0,125,-83.8627
0.25,0,0,125,-83.8637
0.275,0,0,125,-83.8647
0.3,0,0,125,-83.8658
0.325,0,0,125,-83.8668
0.35,0,0,125,-83.8679
0.375,0,0,125,-83.8689
0.4,0,0,125,-83.8699
0.425,0,0,125,-83.8709
0.45,0,0,125,-83.8718
0.475,0,0,125,-83.8728
0.5,0,0,125,-83.8737
0.525,0,0,125,-83.8746
0.55,0,0,125,-83.8755
0.575,0,0,125,-83.8764
0.6,0,0,125,-83.8773
0.625,0,0,125,-83.8782
0.65,0,0,125,-83.879
0.675,0,0,125,-83.8798
0.7,0,0,125,-83.8807
0.725,0,0,125,-83.8815
0.75,0,0,125,-83.8824
0.775,0,0,125,-83.8832
0.8,0,0,125,-83.8841
0.825,0,0,125,-83.885
0.85,0,0,125,-83.8859
0.875,0,0,125,-83.8868
0.9,0,0,125,-83.8877
0.925,0,0,125,-83.8886
0.95,0,0,125,-83.8895
0.975,0,0,125,-83.8905
1,0,0,125,-83.8914
1.025,0,0,125,-83.8924
1.05,0,0,125,-83.8933
1.075,0,0,125,-83.8943
1.1,0,0,125,-83.8953
1.125,0,0,125,-83.8963
1.15,0,0,125,-83.8973
1.175,0,0,125,-83.8983
1.2,0,0,125,-83.8993
1.225,0,0,125,-83.9004
1.25,0,0,125,-83.9014
1.275,0,0,125,-83.9025
1.3,0,0,125,-83.9035
1.325,0,0,125,-83.9046
1.35,0,0,125,-83.9057
1.375,0,0,125,-83.9069
1.4,0,0,125,-83.908
1.425,0,0,125,-83.9092
1.45,0,0,125,-83.9104
1.475,0,0,125,-83.9117
1.5,0,0,125,-83.913
1.525,0,0,125,-83.9143
1.55,0,0,125,-83.9157
1.575,0,0,125,-83.9171
1.6,0,0,125,-83.9186
1.625,0,0,125,-83.92
1.65,0,0,125,-83.9215
1.675,0,0,125,-83.923
1.7,0,0,125,-83.9245
1.725,0,0,125,-83.9261
1.75,0,0,125,-83.9277
1.775,0,0,125,-83.9293
1.8,0,0,125,-83.9309
1.825,0,0,125,-83.9326
1.85,0,0,125,-83.9344
1.875,0,0,125,-83.9361
1.9,0,0,125,-83.9379
1.925,0,0,125,-83.9398
1.95,0,0,125,-83.9417
1.975,0,0,125,-83.9436
2,0,0,125,-83.9456
2.025,0,0,125,-83.9475
2.05,0,0,125,-83.9496
2.075,0,0,125,-83.9517
2.1,0,0,125,-83.9538
2.125,0,0,125,-83.9559
2.15,0,0,125,-83.9582
2.175,0,0,125,-83.9605
2.2,0,0,125,-83.9628
2.225,0,0,125,-83.9652
2.25,0,0,125,-83.9677
2.275,0,0,125,-83.9702
2.3,0,0,125,-83.9728
2.325,0,0,125,-83.9755
2.35,0,0,125,-83.9782
2.375,0,0,125,-83.981
2.4,0,0,125,-83.9838
2.425,0,0,125,-83.9867
2.45,0,0,125,-83.9897
2.475,0,0,125,-83.9927
2.5,0,0,125,-83.9958
2.525,0,0,125,-83.999
2.55,0,0,125,-84.0022
2.575,0,0,125,-84.0055
2.6,0,0,125,-84.0088
2.625,0,0,125,-84.0122
2.65,0,0,125,-84.0156
2.675,0,0,125,-84.0191
2.7,0,0,125,-84.0226
2.725,0,0,125,-84.0261
2.75,0,0,125,-84.0297
2.775,0,0,125,-84.0334
2.8,0,0,125,-84.037
2.825,0,0,125,-84.0407
2.85,0,0,125,-84.0444
2.875,0,0,125,-84.0481
2.9,0,0,125,-84.0518
2.925,0,0,125,-84.0555
2.95,0,0,125,-84.0593
2.975,0,0,125,-84.063
3,0,0,125,-84.0668
3.025,0,0,125,-84.0706
3.05,0,0,125,-84.0744
3.075,0,0,125,-84.0782
3.1,0,0,125,-84.082
3.125,0,0,125,-84.0858
3.15,0,0,125,-84.0895
3.175,0,0,125,-84.0933
3.2,0,0,125,-84.097
3.225,0,0,125,-84.1007
3.25,0,0,125,-84.1044
3.275,0,0,125,-84.1081
3.3,0,0,125,-84.1117
3.325,0,0,125,-84.1154
3.35,0,0,125,-84.119
3.375,0,0,125,-84.1225
3.4,0,0,125,-84.126
3.425,0,0,125,-84.1294
3.45,0,0,125,-84.1327
3.475,0,0,125,-84.136
3.5,0,0,125,-84.1392
3.525,0,0,125,-84.1424
3.55,0,0,125,-84.1455
3.575,0,0,125,-84.1485
3.6,0,0,125,-84.1515
3.625,0,0,125,-84.1544
3.65,0,0,125,-84.1573
3.675,0,0,125,-84.1601
3.7,0,0,125,-84.1628
3.725,0,0,125,-84.1655
3.75,0,0,125,-84.168
3.775,0,0,125,-84.1706
3.8,0,0,125,-84.173
3.825,0,0,125,-84.1754
3.85,0,0,125,-84.1777
3.875,0,0,125,-84.1799
3.9,0,0,125,-84.182
3.925,0,0,125,-84.184
3.95,0,0,125,-84.186
3.975,0,0,125,-84.1879
4,0,0,125,-84.1898
4.025,0,0,125,-84.1916
4.05,0,0,125,-84.1933
4.075,0,0,125,-84.1949
4.1,0,0,125,-84.1965
4.125,0,0,125,-84.1981
4.15,0,0,125,-84.1995
4.175,0,0,125,-84.2009
4.2,0,0,125,-84.2023
4.225,0,0,125,-84.2035
4.25,0,0,125,-84.2047
4.275,0,0,125,-84.2059
4.3,0,0,125,-84.2069
4.325,0,0,125,-84.2079
4.35,0,0,125,-84.2089
4.375,0,0,125,-84.2097
4.4,0,0,125,-84.2106
4.425,0,0,125,-84.2113
4.45,0,0,125,-84.212
4.475,0,0,125,-84.2127
4.5,0,0,125,-84.2133
4.525,0,0,125,-84.2139
4.55,0,0,125,-84.2144
4.575,0,0,125,-84.2149
4.6,0,0,125,-84.2154
4.625,0,0,125,-84.2158
4.65,0,0,125,-84.2162
4.675,0,0,125,-84.2165
4.7,0,0,125,-84.2168
4.725,0,0,125,-84.2171
4.75,0,0,125,-84.2174
4.775,0,0,125,-84.2175
4.8,0,0,125,-84.2177
4.825,0,0,125,-84.2178
4.85,0,0,125,-84.218
4.875,0,0,125,-84.218
4.9,0,0,125,-84.2181
4.925,0,0,125,-84.2182
4.95,0,0,125,-84.2182
4.975,0,0,125,-84.2182
5,0,0,125,-84.2182
