0,0,0,125,-84.2656
0.025,0,0,125,-84.2657
0.05,0,0,125,-84.2659
0.075,0,0,125,-84.2661
0.1,0,0,125,-84.2664
0.125,0,0,125,-84.2668
0.15,0,0,125,-84.2672
0.175,0,0,125,-84.2676
0.2,0,0,125,-84.2681
0.225,0,0,125,-84.2685
0.25,0,0,125,-84.269
0.275,0,0,125,-84.2694
0.3,0,0,125,-84.2699
0.325,0,0,125,-84.2704
0.35,0,0,125,-84.2709
0.375,0,0,125,-84.2713
0.4,0,0,125,-84.2718
0.425,0,0,125,-84.2723
0.45,0,0,125,-84.2727
0.475,0,0,125,-84.2731
0.5,0,0,125,-84.2735
0.525,0,0,125,-84.2739
0.55,0,0,125,-84.2743
0.575,0,0,125,-84.2747
0.6,0,0,125,-84.2751
0.625,0,0,125,-84.2754
0.65,0,0,125,-84.2758
0.675,0,0,125,-84.2761
0.7,0,0,125,-84.2765
0.725,0,0,125,-84.2768
0.75,0,0,125,-84.2772
0.775,0,0,125,-84.2775
0.8,0,0,125,-84.2779
0.825,0,0,125,-84.2782
0.85,0,0,125,-84.2786
0.875,0,0,125,-84.279
0.9,0,0,125,-84.2793
0.925,0,0,125,-84.2797
0.95,0,0,125,-84.2801
0.975,0,0,125,-84.2805
1,0,0,125,-84.2809
1.025,0,0,125,-84.2814
1.05,0,0,125,-84.2818
1.075,0,0,125,-84.2822
1.1,0,0,125,-84.2827
1.125,0,0,125,-84.2832
1.15,0,0,125,-84.2836
1.175,0,0,125,-84.2841
1.2,0,0,125,-84.2846
1.225,0,0,125,-84.2851
1.25,0,0,125,-84.2856
1.275,0,0,125,-84.2861
1.3,0,0,125,-84.2867
1.325,0,0,125,-84.2872
1.35,0,0,125,-84.2877
1.375,0,0,125,-84.2883
1.4,0,0,125,-84.2889
1.425,0,0,125,-84.2894
1.45,0,0,125,-84.29
1.475,0,0,125,-84.2906
1.5,0,0,125,-84.2912
1.525,0,0,125,-84.2918
1.55,0,0,125,-84.2925
1.575,0,0,125,-84.2931
1.6,0,0,125,-84.2937
1.625,0,0,125,-84.2944
1.65,0,0,125,-84.2951
1.675,0,0,125,-84.2957
1.7,0,0,125,-84.2964
1.725,0,0,125,-84.2971
1.75,0,0,125,-84.2978
1.775,0,0,125,-84.2985
1.8,0,0,125,-84.2992
1.825,0,0,125,-84.3
1.85,0,0,125,-84.3007
1.875,0,0,125,-84.3014
1.9,0,0,125,-84.3022
1.925,0,0,125,-84.303
1.95,0,0,125,-84.3038
1.975,0,0,125,-84.3046
2,0,0,125,-84.3055
2.025,0,0,125,-84.3064
2.05,0,0,125,-84.3073
2.075,0,0,125,-84.3082
2.1,0,0,125,-84.3091
2.125,0,0,125,-84.3101
2.15,0,0,125,-84.3112
2.175,0,0,125,-84.3122
2.2,0,0,125,-84.3133
2.225,0,0,125,-84.3145
2.25,0,0,125,-84.3157
2.275,0,0,125,-84.3169
2.3,0,0,125,-84.3181
2.325,0,0,125,-84.3194
2.35,0,0,125,-84.3207
2.375,0,0,125,-84.322
2.4,0,0,125,-84.3233
2.425,0,0,125,-84.3247
2.45,0,0,125,-84.326
2.475,0,0,125,-84.3274
2.5,0,0,125,-84.3288
2.525,0,0,125,-84.3302
2.55,0,0,125,-84.3316
2.575,0,0,125,-84.3331
2.6,0,0,125,-84.3345
2.625,0,0,125,-84.336
2.65,0,0,125,-84.3374
2.675,0,0,125,-84.3389
2.7,0,0,125,-84.3405
2.725,0,0,125,-84.342
2.75,0,0,125,-84.3435
2.775,0,0,125,-84.3451
2.8,0,0,125,-84.3466
2.825,0,0,125,-84.3482
2.85,0,0,125,-84.3498
2.875,0,0,125,-84.3515
2.9,0,0,125,-84.3531
2.925,0,0,125,-84.3547
2.95,0,0,125,-84.3564
2.975,0,0,125,-84.358
3,0,0,125,-84.3597
3.025,0,0,125,-84.3614
3.05,0,0,125,-84.3631
3.075,0,0,125,-84.3648
3.1,0,0,125,-84.3664
3.125,0,0,125,-84.3681
3.15,0,0,125,-84.3697
3.175,0,0,125,-84.3713
3.2,0,0,125,-84.373
3.225,0,0,125,-84.3745
3.25,0,0,125,-84.3761
3.275,0,0,125,-84.3777
3.3,0,0,125,-84.3792
3.325,0,0,125,-84.3807
3.35,0,0,125,-84.3822
3.375,0,0,125,-84.3837
3.4,0,0,125,-84.3852
3.425,0,0,125,-84.3867
3.45,0,0,125,-84.3881
3.475,0,0,125,-84.3896
3.5,0,0,125,-84.391
3.525,0,0,125,-84.3924
3.55,0,0,125,-84.3938
3.575,0,0,125,-84.3952
3.6,0,0,125,-84.3965
3.625,0,0,125,-84.3979
3.65,0,0,125,-84.3992
3.675,0,0,125,-84.4005
3.7,0,0,125,-84.4017
3.725,0,0,125,-84.403
3.75,0,0,125,-84.4042
3.775,0,0,125,-84.4053
3.8,0,0,125,-84.4065
3.825,0,0,125,-84.4076
3.85,0,0,125,-84.4086
3.875,0,0,125,-84.4096
3.9,0,0,125,-84.4106
3.925,0,0,125,-84.4116
3.95,0,0,125,-84.4125
3.975,0,0,125,-84.4134
4,0,0,125,-84.4142
4.025,0,0,125,-84.415
4.05,0,0,125,-84.4158
4.075,0,0,125,-84.4165
4.1,0,0,125,-84.4172
4.125,0,0,125,-84.4179
4.15,0,0,125,-84.4185
4.175,0,0,125,-84.4191
4.2,0,0,125,-84.4197
4.225,0,0,125,-84.4202
4.25,0,0,125,-84.4207
4.275,0,0,125,-84.4211
4.3,0,0,125,-84.4215
4.325,0,0,125,-84.4219
4.35,0,0,125,-84.4222
4.375,0,0,125,-84.4226
4.4,0,0,125,-84.4228
4.425,0,0,125,-84.4231
4.45,0,0,125,-84.4233
4.475,0,0,125,-84.4236
4.5,0,0,125,-84.4238
4.525,0,0,125,-84.424
4.55,0,0,125,-84.4242
4.575,0,0,125,-84.4244
4.6,0,0,125,-84.4245
4.625,0,0,125,-84.4247
4.65,0,0,125,-84.4248
4.675,0,0,125,-84.425
4.7,0,0,125,-84.4251
4.725,0,0,125,-84.4252
4.75,0,0,125,-84.4253
4.775,0,0,125,-84.4254
4.8,0,0,125,-84.4255
4.825,0,0,125,-84.4256
4.85,0,0,125,-84.4257
4.875,0,0,125,-84.4257
4.9,0,0,125,-84.4258
4.925,0,0,125,-84.4258
4.95,0,0,125,-84.4259
4.975,0,0,125,-84.4259
5,0,0,125,-84.4259
