0,0,0,125,15.383
0.025,0,0,125,15.3816
0.05,0,0,125,15.3787
0.075,0,0,125,15.3738
0.1,0,0,125,15.3665
0.125,0,0,125,15.3561
0.15,0,0,125,15.342
0.175,0,0,125,15.3239
0.2,0,0,125,15.3018
0.225,0,0,125,15.2756
0.25,0,0,125,15.2456
0.275,0,0,125,15.2118
0.3,0,0,125,15.1745
0.325,0,0,125,15.1339
0.35,0,0,125,15.0901
0.375,0,0,125,15.0433
0.4,0,0,125,14.9936
0.425,0,0,125,14.9413
0.45,0,0,125,14.8865
0.475,0,0,125,14.8293
0.5,0,0,125,14.77
0.525,0,0,125,14.7085
0.55,0,0,125,14.6452
0.575,0,0,125,14.5802
0.6,0,0,125,14.5135
0.625,0,0,125,14.4454
0.65,0,0,125,14.3758
0.675,0,0,125,14.305
0.7,0,0,125,14.2331
0.725,0,0,125,14.1601
0.75,0,0,125,14.0862
0.775,0,0,125,14.0115
0.8,0,0,125,13.9359
0.825,0,0,125,13.8597
0.85,0,0,125,13.7829
0.875,0,0,125,13.7056
0.9,0,0,125,13.6278
0.925,0,0,125,13.5495
0.95,0,0,125,13.471
0.975,0,0,125,13.3921
1,0,0,125,13.3129
1.025,0,0,125,13.2336
1.05,0,0,125,13.1541
1.075,0,0,125,13.0744
1.1,0,0,125,12.9946
1.125,0,0,125,12.9148
1.15,0,0,125,12.8348
1.175,0,0,125,12.7549
1.2,0,0,125,12.6749
1.225,0,0,125,12.5949
1.25,0,0,125,12.515
1.275,0,0,125,12.435
1.3,0,0,125,12.3552
1.325,0,0,125,12.2753
1.35,0,0,125,12.1955
1.375,0,0,125,12.1157
1.4,0,0,125,12.036
1.425,0,0,125,11.9564
1.45,0,0,125,11.8768
1.475,0,0,125,11.7973
1.5,0,0,125,11.7179
1.525,0,0,125,11.6385
1.55,0,0,125,11.5592
1.575,0,0,125,11.4799
1.6,0,0,125,11.4007
1.625,0,0,125,11.3216
1.65,0,0,125,11.2425
1.675,0,0,125,11.1634
1.7,0,0,125,11.0844
1.725,0,0,125,11.0055
1.75,0,0,125,10.9266
1.775,0,0,125,10.8477
1.8,0,0,125,10.7689
1.825,0,0,125,10.6902
1.85,0,0,125,10.6115
1.875,0,0,125,10.5328
1.9,0,0,125,10.4542
1.925,0,0,125,10.3756
1.95,0,0,125,10.2971
1.975,0,0,125,10.2187
2,0,0,125,10.1403
2.025,0,0,125,10.062
2.05,0,0,125,9.98372
2.075,0,0,125,9.90555
2.1,0,0,125,9.82747
2.125,0,0,125,9.74949
2.15,0,0,125,9.67161
2.175,0,0,125,9.59385
2.2,0,0,125,9.51622
2.225,0,0,125,9.43873
2.25,0,0,125,9.36139
2.275,0,0,125,9.28421
2.3,0,0,125,9.20722
2.325,0,0,125,9.13043
2.35,0,0,125,9.05385
2.375,0,0,125,8.9775
2.4,0,0,125,8.9014
2.425,0,0,125,8.82558
2.45,0,0,125,8.75004
2.475,0,0,125,8.67482
2.5,0,0,125,8.59993
2.525,0,0,125,8.5254
2.55,0,0,125,8.45125
2.575,0,0,125,8.37751
2.6,0,0,125,8.3042
2.625,0,0,125,8.23135
2.65,0,0,125,8.15899
2.675,0,0,125,8.08715
2.7,0,0,125,8.01585
2.725,0,0,125,7.94513
2.75,0,0,125,7.87501
2.775,0,0,125,7.80554
2.8,0,0,125,7.73674
2.825,0,0,125,7.66865
2.85,0,0,125,7.6013
2.875,0,0,125,7.53473
2.9,0,0,125,7.46898
2.925,0,0,125,7.40409
2.95,0,0,125,7.34009
2.975,0,0,125,7.27703
3,0,0,125,7.21495
3.025,0,0,125,7.15388
3.05,0,0,125,7.09387
3.075,0,0,125,7.03497
3.1,0,0,125,6.97722
3.125,0,0,125,6.92067
3.15,0,0,125,6.86536
3.175,0,0,125,6.81134
3.2,0,0,125,6.75867
3.225,0,0,125,6.70739
3.25,0,0,125,6.65755
3.275,0,0,125,6.60921
3.3,0,0,125,6.56242
3.325,0,0,125,6.51724
3.35,0,0,125,6.47372
3.375,0,0,125,6.43192
3.4,0,0,125,6.3919
3.425,0,0,125,6.35372
3.45,0,0,125,6.31744
3.475,0,0,125,6.28312
3.5,0,0,125,6.25084
3.525,0,0,125,6.22064
3.55,0,0,125,6.19261
3.575,0,0,125,6.16682
3.6,0,0,125,6.14332
3.625,0,0,125,6.12221
3.65,0,0,125,6.10355
3.675,0,0,125,6.08744
3.7,0,0,125,6.07394
3.725,0,0,125,6.06316
3.75,0,0,125,6.0552
3.775,0,0,125,6.05014
3.8,0,0,125,6.04812
3.825,0,0,125,6.04924
3.85,0,0,125,6.05366
3.875,0,0,125,6.06152
3.9,0,0,125,6.073
3.925,0,0,125,6.0883
3.95,0,0,125,6.10766
3.975,0,0,125,6.13134
4,0,0,125,6.15965
4.025,0,0,125,6.19297
4.05,0,0,125,6.23172
4.075,0,0,125,6.27639
4.1,0,0,125,6.32756
4.125,0,0,125,6.38589
4.15,0,0,125,6.45215
4.175,0,0,125,6.5272
4.2,0,0,125,6.61203
4.225,0,0,125,6.70772
4.25,0,0,125,6.8155
4.275,0,0,125,6.93667
4.3,0,0,125,7.07266
4.325,0,0,125,7.22495
4.35,0,0,125,7.39509
4.375,0,0,125,7.58462
4.4,0,0,125,7.79506
4.425,0,0,125,8.02782
4.45,0,0,125,8.28415
4.475,0,0,125,8.56505
4.5,0,0,125,8.87121
4.525,0,0,125,9.20286
4.55,0,0,125,9.55975
4.575,0,0,125,9.94102
4.6,0,0,125,10.3451
4.625,0,0,125,10.7697
4.65,0,0,125,11.2118
4.675,0,0,125,11.6673
4.7,0,0,125,12.1315
4.725,0,0,125,12.599
4.75,0,0,125,13.0636
4.775,0,0,125,13.5184
4.8,0,0,125,13.9562
4.825,0,0,125,14.3698
4.85,0,0,125,14.7518
4.875,0,0,125,15.095
4.9,0,0,125,15.3927
4.925,0,0,125,15.639
4.95,0,0,125,15.8286
4.975,0,0,125,15.9576
5,0,0,125,16.0228
