0,0,0,125,9.5221
0.025,0,0,125,9.52041
0.05,0,0,125,9.51683
0.075,0,0,125,9.51091
0.1,0,0,125,9.50194
0.125,0,0,125,9.48915
0.15,0,0,125,9.4718
0.175,0,0,125,9.44944
0.2,0,0,125,9.42193
0.225,0,0,125,9.38932
0.25,0,0,125,9.35174
0.275,0,0,125,9.30933
0.3,0,0,125,9.26229
0.325,0,0,125,9.21077
0.35,0,0,125,9.15495
0.375,0,0,125,9.09502
0.4,0,0,125,9.03114
0.425,0,0,125,8.96346
0.45,0,0,125,8.89217
0.475,0,0,125,8.8174
0.5,0,0,125,8.73932
0.525,0,0,125,8.65805
0.55,0,0,125,8.57373
0.575,0,0,125,8.4865
0.6,0,0,125,8.39646
0.625,0,0,125,8.30373
0.65,0,0,125,8.2084
0.675,0,0,125,8.11057
0.7,0,0,125,8.01031
0.725,0,0,125,7.9077
0.75,0,0,125,7.80281
0.775,0,0,125,7.69568
0.8,0,0,125,7.58637
0.825,0,0,125,7.47491
0.85,0,0,125,7.36133
0.875,0,0,125,7.24565
0.9,0,0,125,7.12788
0.925,0,0,125,7.00804
0.95,0,0,125,6.8861
0.975,0,0,125,6.76207
1,0,0,125,6.63593
1.025,0,0,125,6.50766
1.05,0,0,125,6.37722
1.075,0,0,125,6.24458
1.1,0,0,125,6.10971
1.125,0,0,125,5.97255
1.15,0,0,125,5.83306
1.175,0,0,125,5.69119
1.2,0,0,125,5.54689
1.225,0,0,125,5.40008
1.25,0,0,125,5.25073
1.275,0,0,125,5.09876
1.3,0,0,125,4.94412
1.325,0,0,125,4.78674
1.35,0,0,125,4.62657
1.375,0,0,125,4.46355
1.4,0,0,125,4.29761
1.425,0,0,125,4.12871
1.45,0,0,125,3.9568
1.475,0,0,125,3.78183
1.5,0,0,125,3.60375
1.525,0,0,125,3.42255
1.55,0,0,125,3.23817
1.575,0,0,125,3.05061
1.6,0,0,125,2.85985
1.625,0,0,125,2.66588
1.65,0,0,125,2.4687
1.675,0,0,125,2.26832
1.7,0,0,125,2.06476
1.725,0,0,125,1.85805
1.75,0,0,125,1.64822
1.775,0,0,125,1.43532
1.8,0,0,125,1.21941
1.825,0,0,125,1.00055
1.85,0,0,125,0.778816
1.875,0,0,125,0.554285
1.9,0,0,125,0.327052
1.925,0,0,125,0.0972138
1.95,0,0,125,-0.135121
1.975,0,0,125,-0.369841
2,0,0,125,-0.606824
2.025,0,0,125,-0.845944
2.05,0,0,125,-1.08707
2.075,0,0,125,-1.33006
2.1,0,0,125,-1.57478
2.125,0,0,125,-1.82108
2.15,0,0,125,-2.0688
2.175,0,0,125,-2.3178
2.2,0,0,125,-2.56791
2.225,0,0,125,-2.81899
2.25,0,0,125,-3.07086
2.275,0,0,125,-3.32337
2.3,0,0,125,-3.57635
2.325,0,0,125,-3.82964
2.35,0,0,125,-4.08307
2.375,0,0,125,-4.33648
2.4,0,0,125,-4.5897
2.425,0,0,125,-4.84257
2.45,0,0,125,-5.09491
2.475,0,0,125,-5.34657
2.5,0,0,125,-5.59739
2.525,0,0,125,-5.84719
2.55,0,0,125,-6.09582
2.575,0,0,125,-6.34312
2.6,0,0,125,-6.58892
2.625,0,0,125,-6.83307
2.65,0,0,125,-7.0754
2.675,0,0,125,-7.31577
2.7,0,0,125,-7.55401
2.725,0,0,125,-7.78998
2.75,0,0,125,-8.02351
2.775,0,0,125,-8.25445
2.8,0,0,125,-8.48265
2.825,0,0,125,-8.70797
2.85,0,0,125,-8.93024
2.875,0,0,125,-9.14931
2.9,0,0,125,-9.36505
2.925,0,0,125,-9.5773
2.95,0,0,125,-9.7859
2.975,0,0,125,-9.99072
3,0,0,125,-10.1916
3.025,0,0,125,-10.3884
3.05,0,0,125,-10.581
3.075,0,0,125,-10.7691
3.1,0,0,125,-10.9528
3.125,0,0,125,-11.1318
3.15,0,0,125,-11.3059
3.175,0,0,125,-11.4751
3.2,0,0,125,-11.6392
3.225,0,0,125,-11.798
3.25,0,0,125,-11.9514
3.275,0,0,125,-12.0992
3.3,0,0,125,-12.2414
3.325,0,0,125,-12.3776
3.35,0,0,125,-12.5079
3.375,0,0,125,-12.632
3.4,0,0,125,-12.7498
3.425,0,0,125,-12.8612
3.45,0,0,125,-12.966
3.475,0,0,125,-13.064
3.5,0,0,125,-13.1551
3.525,0,0,125,-13.2392
3.55,0,0,125,-13.3161
3.575,0,0,125,-13.3856
3.6,0,0,125,-13.4477
3.625,0,0,125,-13.5021
3.65,0,0,125,-13.5487
3.675,0,0,125,-13.5873
3.7,0,0,125,-13.6178
3.725,0,0,125,-13.64
3.75,0,0,125,-13.6537
3.775,0,0,125,-13.6587
3.8,0,0,125,-13.6549
3.825,0,0,125,-13.6419
3.85,0,0,125,-13.6196
3.875,0,0,125,-13.5878
3.9,0,0,125,-13.546
3.925,0,0,125,-13.494
3.95,0,0,125,-13.4315
3.975,0,0,125,-13.358
4,0,0,125,-13.2731
4.025,0,0,125,-13.1762
4.05,0,0,125,-13.0669
4.075,0,0,125,-12.9444
4.1,0,0,125,-12.8081
4.125,0,0,125,-12.6571
4.15,0,0,125,-12.4907
4.175,0,0,125,-12.308
4.2,0,0,125,-12.1078
4.225,0,0,125,-11.8893
4.25,0,0,125,-11.6513
4.275,0,0,125,-11.3928
4.3,0,0,125,-11.1126
4.325,0,0,125,-10.8098
4.35,0,0,125,-10.4834
4.375,0,0,125,-10.1326
4.4,0,0,125,-9.7567
4.425,0,0,125,-9.3554
4.45,0,0,125,-8.92858
4.475,0,0,125,-8.47652
4.5,0,0,125,-7.99992
4.525,0,0,125,-7.49999
4.55,0,0,125,-6.97847
4.575,0,0,125,-6.43773
4.6,0,0,125,-5.88074
4.625,0,0,125,-5.31114
4.65,0,0,125,-4.73323
4.675,0,0,125,-4.15194
4.7,0,0,125,-3.57279
4.725,0,0,125,-3.00181
4.75,0,0,125,-2.44548
4.775,0,0,125,-1.91054
4.8,0,0,125,-1.4039
4.825,0,0,125,-0.932438
4.85,0,0,125,-0.50283
4.875,0,0,125,-0.121379
4.9,0,0,125,0.206177
4.925,0,0,125,0.474786
4.95,0,0,125,0.680202
4.975,0,0,125,0.819088
5,0,0,125,0.889129
