0,0,0,125,46.4994
0.025,0,0,125,45.8797
0.05,0,0,125,44.6014
0.075,0,0,125,42.7223
0.1,0,0,125,40.2476
0.125,0,0,125,37.2277
0.15,0,0,125,33.7635
0.175,0,0,125,29.973
0.2,0,0,125,25.9613
0.225,0,0,125,21.7651
0.25,0,0,125,17.2916
0.275,0,0,125,12.2501
0.3,0,0,125,6.06569
0.325,0,0,125,-2.24416
0.35,0,0,125,-14.1736
0.375,0,0,125,-30.9358
0.4,0,0,125,-47.6141
0.425,0,0,125,-59.7578
0.45,0,0,125,-68.0643
0.475,0,0,125,-73.6724
0.5,0,0,125,-77.4298
0.525,0,0,125,-79.9298
0.55,0,0,125,-81.5819
0.575,0,0,125,-82.6661
0.6,0,0,125,-83.3725
0.625,0,0,125,-83.8296
0.65,0,0,125,-84.1231
0.675,0,0,125,-84.3101
0.7,0,0,125,-84.4283
0.725,0,0,125,-84.5025
0.75,0,0,125,-84.5486
0.775,0,0,125,-84.5771
0.8,0,0,125,-84.5945
0.825,0,0,125,-84.605
0.85,0,0,125,-84.6114
0.875,0,0,125,-84.6152
0.9,0,0,125,-84.6174
0.925,0,0,125,-84.6187
0.95,0,0,125,-84.6195
0.975,0,0,125,-84.6199
1,0,0,125,-84.6202
1.025,0,0,125,-84.6203
1.05,0,0,125,-84.6204
1.075,0,0,125,-84.6204
1.1,0,0,125,-84.6205
1.125,0,0,125,-84.6205
1.15,0,0,125,-84.6205
1.175,0,0,125,-84.6205
1.2,0,0,125,-84.6205
1.225,0,0,125,-84.6205
1.25,0,0,125,-84.6205
1.275,0,0,125,-84.6205
1.3,0,0,125,-84.6205
1.325,0,0,125,-84.6205
1.35,0,0,125,-84.6205
1.375,0,0,125,-84.6205
1.4,0,0,125,-84.6205
1.425,0,0,125,-84.6205
1.45,0,0,125,-84.6205
1.475,0,0,125,-84.6205
1.5,0,0,125,-84.6205
1.525,0,0,125,-84.6205
1.55,0,0,125,-84.6205
1.575,0,0,125,-84.6205
1.6,0,0,125,-84.6205
1.625,0,0,125,-84.6205
1.65,0,0,125,-84.6205
1.675,0,0,125,-84.6205
1.7,0,0,125,-84.6205
1.725,0,0,125,-84.6205
1.75,0,0,125,-84.6205
1.775,0,0,125,-84.6205
1.8,0,0,125,-84.6205
1.825,0,0,125,-84.6205
1.85,0,0,125,-84.6205
1.875,0,0,125,-84.6205
1.9,0,0,125,-84.6205
1.925,0,0,125,-84.6205
1.95,0,0,125,-84.6205
1.975,0,0,125,-84.6205
2,0,0,125,-84.6205
2.025,0,0,125,-84.6205
2.05,0,0,125,-84.6205
2.075,0,0,125,-84.6205
2.1,0,0,125,-84.6205
2.125,0,0,125,-84.6205
2.15,0,0,125,-84.6205
2.175,0,0,125,-84.6205
2.2,0,0,125,-84.6205
2.225,0,0,125,-84.6205
2.25,0,0,125,-84.6205
2.275,0,0,125,-84.6205
2.3,0,0,125,-84.6205
2.325,0,0,125,-84.6205
2.35,0,0,125,-84.6205
2.375,0,0,125,-84.6205
2.4,0,0,125,-84.6205
2.425,0,0,125,-84.6205
2.45,0,0,125,-84.6205
2.475,0,0,125,-84.6205
2.5,0,0,125,-84.6205
2.525,0,0,125,-84.6205
2.55,0,0,125,-84.6205
2.575,0,0,125,-84.6205
2.6,0,0,125,-84.6205
2.625,0,0,125,-84.6205
2.65,0,0,125,-84.6205
2.675,0,0,125,-84.6205
2.7,0,0,125,-84.6205
2.725,0,0,125,-84.6205
2.75,0,0,125,-84.6205
2.775,0,0,125,-84.6205
2.8,0,0,125,-84.6205
2.825,0,0,125,-84.6205
2.85,0,0,125,-84.6205
2.875,0,0,125,-84.6205
2.9,0,0,125,-84.6205
2.925,0,0,125,-84.6205
2.95,0,0,125,-84.6205
2.975,0,0,125,-84.6205
3,0,0,125,-84.6205
3.025,0,0,125,-84.6205
3.05,0,0,125,-84.6205
3.075,0,0,125,-84.6205
3.1,0,0,125,-84.6205
3.125,0,0,125,-84.6205
3.15,0,0,125,-84.6205
3.175,0,0,125,-84.6205
3.2,0,0,125,-84.6205
3.225,0,0,125,-84.6205
3.25,0,0,125,-84.6205
3.275,0,0,125,-84.6205
3.3,0,0,125,-84.6205
3.325,0,0,125,-84.6205
3.35,0,0,125,-84.6205
3.375,0,0,125,-84.6205
3.4,0,0,125,-84.6205
3.425,0,0,125,-84.6205
3.45,0,0,125,-84.6205
3.475,0,0,125,-84.6205
3.5,0,0,125,-84.6205
3.525,0,0,125,-84.6205
3.55,0,0,125,-84.6205
3.575,0,0,125,-84.6205
3.6,0,0,125,-84.6205
3.625,0,0,125,-84.6205
3.65,0,0,125,-84.6205
3.675,0,0,125,-84.6205
3.7,0,0,125,-84.6205
3.725,0,0,125,-84.6205
3.75,0,0,125,-84.6205
3.775,0,0,125,-84.6205
3.8,0,0,125,-84.6205
3.825,0,0,125,-84.6205
3.85,0,0,125,-84.6205
3.875,0,0,125,-84.6205
3.9,0,0,125,-84.6205
3.925,0,0,125,-84.6205
3.95,0,0,125,-84.6205
3.975,0,0,125,-84.6205
4,0,0,125,-84.6205
4.025,0,0,125,-84.6205
4.05,0,0,125,-84.6205
4.075,0,0,125,-84.6205
4.1,0,0,125,-84.6205
4.125,0,0,125,-84.6205
4.15,0,0,125,-84.6205
4.175,0,0,125,-84.6205
4.2,0,0,125,-84.6205
4.225,0,0,125,-84.6205
4.25,0,0,125,-84.6205
4.275,0,0,125,-84.6205
4.3,0,0,125,-84.6205
4.325,0,0,125,-84.6205
4.35,0,0,125,-84.6205
4.375,0,0,125,-84.6205
4.4,0,0,125,-84.6205
4.425,0,0,125,-84.6205
4.45,0,0,125,-84.6205
4.475,0,0,125,-84.6205
4.5,0,0,125,-84.6205
4.525,0,0,125,-84.6205
4.55,0,0,125,-84.6205
4.575,0,0,125,-84.6205
4.6,0,0,125,-84.6205
4.625,0,0,125,-84.6205
4.65,0,0,125,-84.6205
4.675,0,0,125,-84.6205
4.7,0,0,125,-84.6205
4.725,0,0,125,-84.6205
4.75,0,0,125,-84.6205
4.775,0,0,125,-84.6205
4.8,0,0,125,-84.6205
4.825,0,0,125,-84.6205
4.85,0,0,125,-84.6205
4.875,0,0,125,-84.6205
4.9,0,0,125,-84.6205
4.925,0,0,125,-84.6205
4.95,0,0,125,-84.6205
4.975,0,0,125,-84.6205
5,0,0,125,-84.6205
