0,0,0,125,-84.1815
0.025,0,0,125,-84.1816
0.05,0,0,125,-84.1818
0.075,0,0,125,-84.1821
0.1,0,0,125,-84.1826
0.125,0,0,125,-84.183
0.15,0,0,125,-84.1835
0.175,0,0,125,-84.1841
0.2,0,0,125,-84.1846
0.225,0,0,125,-84.1852
0.25,0,0,125,-84.1858
0.275,0,0,125,-84.1864
0.3,0,0,125,-84.1869
0.325,0,0,125,-84.1875
0.35,0,0,125,-84.1882
0.375,0,0,125,-84.1888
0.4,0,0,125,-84.1893
0.425,0,0,125,-84.1899
0.45,0,0,125,-84.1904
0.475,0,0,125,-84.191
0.5,0,0,125,-84.1915
0.525,0,0,125,-84.192
0.55,0,0,125,-84.1925
0.575,0,0,125,-84.193
0.6,0,0,125,-84.1934
0.625,0,0,125,-84.1939
0.65,0,0,125,-84.1944
0.675,0,0,125,-84.1948
0.7,0,0,125,-84.1952
0.725,0,0,125,-84.1957
0.75,0,0,125,-84.1962
0.775,0,0,125,-84.1966
0.8,0,0,125,-84.1971
0.825,0,0,125,-84.1976
0.85,0,0,125,-84.1981
0.875,0,0,125,-84.1986
0.9,0,0,125,-84.1991
0.925,0,0,125,-84.1996
0.95,0,0,125,-84.2002
0.975,0,0,125,-84.2007
1,0,0,125,-84.2013
1.025,0,0,125,-84.2019
1.05,0,0,125,-84.2024
1.075,0,0,125,-84.203
1.1,0,0,125,-84.2036
1.125,0,0,125,-84.2042
1.15,0,0,125,-84.2048
1.175,0,0,125,-84.2054
1.2,0,0,125,-84.2061
1.225,0,0,125,-84.2067
1.25,0,0,125,-84.2074
1.275,0,0,125,-84.208
1.3,0,0,125,-84.2087
1.325,0,0,125,-84.2094
1.35,0,0,125,-84.2101
1.375,0,0,125,-84.2108
1.4,0,0,125,-84.2115
1.425,0,0,125,-84.2122
1.45,0,0,125,-84.2129
1.475,0,0,125,-84.2136
1.5,0,0,125,-84.2143
1.525,0,0,125,-84.2151
1.55,0,0,125,-84.2158
1.575,0,0,125,-84.2166
1.6,0,0,125,-84.2174
1.625,0,0,125,-84.2182
1.65,0,0,125,-84.2191
1.675,0,0,125,-84.2199
1.7,0,0,125,-84.2207
1.725,0,0,125,-84.2216
1.75,0,0,125,-84.2225
1.775,0,0,125,-84.2234
1.8,0,0,125,-84.2244
1.825,0,0,125,-84.2254
1.85,0,0,125,-84.2264
1.875,0,0,125,-84.2275
1.9,0,0,125,-84.2285
1.925,0,0,125,-84.2296
1.95,0,0,125,-84.2307
1.975,0,0,125,-84.2318
2,0,0,125,-84.2329
2.025,0,0,125,-84.2341
2.05,0,0,125,-84.2352
2.075,0,0,125,-84.2364
2.1,0,0,125,-84.2376
2.125,0,0,125,-84.2388
2.15,0,0,125,-84.24
2.175,0,0,125,-84.2413
2.2,0,0,125,-84.2426
2.225,0,0,125,-84.2439
2.25,0,0,125,-84.2453
2.275,0,0,125,-84.2467
2.3,0,0,125,-84.2481
2.325,0,0,125,-84.2496
2.35,0,0,125,-84.2511
2.375,0,0,125,-84.2527
2.4,0,0,125,-84.2542
2.425,0,0,125,-84.2559
2.45,0,0,125,-84.2575
2.475,0,0,125,-84.2592
2.5,0,0,125,-84.261
2.525,0,0,125,-84.2627
2.55,0,0,125,-84.2646
2.575,0,0,125,-84.2664
2.6,0,0,125,-84.2683
2.625,0,0,125,-84.2702
2.65,0,0,125,-84.2721
2.675,0,0,125,-84.2741
2.7,0,0,125,-84.2761
2.725,0,0,125,-84.2781
2.75,0,0,125,-84.2801
2.775,0,0,125,-84.2821
2.8,0,0,125,-84.2841
2.825,0,0,125,-84.2862
2.85,0,0,125,-84.2882
2.875,0,0,125,-84.2903
2.9,0,0,125,-84.2923
2.925,0,0,125,-84.2944
2.95,0,0,125,-84.2965
2.975,0,0,125,-84.2986
3,0,0,125,-84.3007
3.025,0,0,125,-84.3028
3.05,0,0,125,-84.3049
3.075,0,0,125,-84.3071
3.1,0,0,125,-84.3092
3.125,0,0,125,-84.3113
3.15,0,0,125,-84.3134
3.175,0,0,125,-84.3155
3.2,0,0,125,-84.3176
3.225,0,0,125,-84.3197
3.25,0,0,125,-84.3218
3.275,0,0,125,-84.3238
3.3,0,0,125,-84.3259
3.325,0,0,125,-84.3279
3.35,0,0,125,-84.3299
3.375,0,0,125,-84.3319
3.4,0,0,125,-84.3338
3.425,0,0,125,-84.3357
3.45,0,0,125,-84.3375
3.475,0,0,125,-84.3393
3.5,0,0,125,-84.3411
3.525,0,0,125,-84.3428
3.55,0,0,125,-84.3445
3.575,0,0,125,-84.3462
3.6,0,0,125,-84.3478
3.625,0,0,125,-84.3494
3.65,0,0,125,-84.3509
3.675,0,0,125,-84.3524
3.7,0,0,125,-84.3539
3.725,0,0,125,-84.3554
3.75,0,0,125,-84.3568
3.775,0,0,125,-84.3581
3.8,0,0,125,-84.3595
3.825,0,0,125,-84.3608
3.85,0,0,125,-84.362
3.875,0,0,125,-84.3632
3.9,0,0,125,-84.3644
3.925,0,0,125,-84.3656
3.95,0,0,125,-84.3667
3.975,0,0,125,-84.3677
4,0,0,125,-84.3687
4.025,0,0,125,-84.3697
4.05,0,0,125,-84.3707
4.075,0,0,125,-84.3716
4.1,0,0,125,-84.3725
4.125,0,0,125,-84.3733
4.15,0,0,125,-84.3741
4.175,0,0,125,-84.3748
4.2,0,0,125,-84.3756
4.225,0,0,125,-84.3762
4.25,0,0,125,-84.3769
4.275,0,0,125,-84.3775
4.3,0,0,125,-84.3781
4.325,0,0,125,-84.3786
4.35,0,0,125,-84.3791
4.375,0,0,125,-84.3795
4.4,0,0,125,-84.3799
4.425,0,0,125,-84.3803
4.45,0,0,125,-84.3806
4.475,0,0,125,-84.381
4.5,0,0,125,-84.3813
4.525,0,0,125,-84.3815
4.55,0,0,125,-84.3818
4.575,0,0,125,-84.382
4.6,0,0,125,-84.3823
4.625,0,0,125,-84.3825
4.65,0,0,125,-84.3827
4.675,0,0,125,-84.3829
4.7,0,0,125,-84.3831
4.725,0,0,125,-84.3832
4.75,0,0,125,-84.3834
4.775,0,0,125,-84.3835
4.8,0,0,125,-84.3836
4.825,0,0,125,-84.3837
4.85,0,0,125,-84.3838
4.875,0,0,125,-84.3838
4.9,0,0,125,-84.3839
4.925,0,0,125,-84.3839
4.95,0,0,125,-84.3839
4.975,0,0,125,-84.3839
5,0,0,125,-84.3839
