0,0,0,125,-84.2778
0.025,0,0,125,-84.2779
0.05,0,0,125,-84.2781
0.075,0,0,125,-84.2784
0.1,0,0,125,-84.2787
0.125,0,0,125,-84.279
0.15,0,0,125,-84.2794
0.175,0,0,125,-84.2798
0.2,0,0,125,-84.2803
0.225,0,0,125,-84.2807
0.25,0,0,125,-84.2811
0.275,0,0,125,-84.2816
0.3,0,0,125,-84.282
0.325,0,0,125,-84.2825
0.35,0,0,125,-84.283
0.375,0,0,125,-84.2834
0.4,0,0,125,-84.2839
0.425,0,0,125,-84.2843
0.45,0,0,125,-84.2847
0.475,0,0,125,-84.2851
0.5,0,0,125,-84.2855
0.525,0,0,125,-84.2859
0.55,0,0,125,-84.2863
0.575,0,0,125,-84.2866
0.6,0,0,125,-84.287
0.625,0,0,125,-84.2873
0.65,0,0,125,-84.2877
0.675,0,0,125,-84.288
0.7,0,0,125,-84.2884
0.725,0,0,125,-84.2887
0.75,0,0,125,-84.289
0.775,0,0,125,-84.2894
0.8,0,0,125,-84.2897
0.825,0,0,125,-84.29
0.85,0,0,125,-84.2904
0.875,0,0,125,-84.2908
0.9,0,0,125,-84.2911
0.925,0,0,125,-84.2915
0.95,0,0,125,-84.2919
0.975,0,0,125,-84.2923
1,0,0,125,-84.2927
1.025,0,0,125,-84.2931
1.05,0,0,125,-84.2935
1.075,0,0,125,-84.294
1.1,0,0,125,-84.2944
1.125,0,0,125,-84.2949
1.15,0,0,125,-84.2953
1.175,0,0,125,-84.2958
1.2,0,0,125,-84.2963
1.225,0,0,125,-84.2968
1.25,0,0,125,-84.2973
1.275,0,0,125,-84.2978
1.3,0,0,125,-84.2983
1.325,0,0,125,-84.2988
1.35,0,0,125,-84.2994
1.375,0,0,125,-84.2999
1.4,0,0,125,-84.3005
1.425,0,0,125,-84.301
1.45,0,0,125,-84.3016
1.475,0,0,125,-84.3022
1.5,0,0,125,-84.3028
1.525,0,0,125,-84.3034
1.55,0,0,125,-84.304
1.575,0,0,125,-84.3046
1.6,0,0,125,-84.3052
1.625,0,0,125,-84.3059
1.65,0,0,125,-84.3065
1.675,0,0,125,-84.3072
1.7,0,0,125,-84.3078
1.725,0,0,125,-84.3085
1.75,0,0,125,-84.3092
1.775,0,0,125,-84.3099
1.8,0,0,125,-84.3106
1.825,0,0,125,-84.3113
1.85,0,0,125,-84.3121
1.875,0,0,125,-84.3129
1.9,0,0,125,-84.3136
1.925,0,0,125,-84.3144
1.95,0,0,125,-84.3152
1.975,0,0,125,-84.3161
2,0,0,125,-84.3169
2.025,0,0,125,-84.3178
2.05,0,0,125,-84.3187
2.075,0,0,125,-84.3196
2.1,0,0,125,-84.3206
2.125,0,0,125,-84.3216
2.15,0,0,125,-84.3226
2.175,0,0,125,-84.3237
2.2,0,0,125,-84.3248
2.225,0,0,125,-84.3259
2.25,0,0,125,-84.3271
2.275,0,0,125,-84.3282
2.3,0,0,125,-84.3294
2.325,0,0,125,-84.3306
2.35,0,0,125,-84.3318
2.375,0,0,125,-84.3331
2.4,0,0,125,-84.3343
2.425,0,0,125,-84.3356
2.45,0,0,125,-84.3368
2.475,0,0,125,-84.3381
2.5,0,0,125,-84.3394
2.525,0,0,125,-84.3408
2.55,0,0,125,-84.3421
2.575,0,0,125,-84.3434
2.6,0,0,125,-84.3448
2.625,0,0,125,-84.3462
2.65,0,0,125,-84.3476
2.675,0,0,125,-84.349
2.7,0,0,125,-84.3504
2.725,0,0,125,-84.3519
2.75,0,0,125,-84.3533
2.775,0,0,125,-84.3548
2.8,0,0,125,-84.3563
2.825,0,0,125,-84.3578
2.85,0,0,125,-84.3593
2.875,0,0,125,-84.3608
2.9,0,0,125,-84.3623
2.925,0,0,125,-84.3639
2.95,0,0,125,-84.3654
2.975,0,0,125,-84.367
3,0,0,125,-84.3686
3.025,0,0,125,-84.3701
3.05,0,0,125,-84.3717
3.075,0,0,125,-84.3733
3.1,0,0,125,-84.3749
3.125,0,0,125,-84.3766
3.15,0,0,125,-84.3781
3.175,0,0,125,-84.3797
3.2,0,0,125,-84.3813
3.225,0,0,125,-84.3828
3.25,0,0,125,-84.3844
3.275,0,0,125,-84.3859
3.3,0,0,125,-84.3874
3.325,0,0,125,-84.3889
3.35,0,0,125,-84.3903
3.375,0,0,125,-84.3918
3.4,0,0,125,-84.3932
3.425,0,0,125,-84.3947
3.45,0,0,125,-84.3961
3.475,0,0,125,-84.3975
3.5,0,0,125,-84.3989
3.525,0,0,125,-84.4002
3.55,0,0,125,-84.4016
3.575,0,0,125,-84.4029
3.6,0,0,125,-84.4042
3.625,0,0,125,-84.4055
3.65,0,0,125,-84.4068
3.675,0,0,125,-84.408
3.7,0,0,125,-84.4093
3.725,0,0,125,-84.4104
3.75,0,0,125,-84.4116
3.775,0,0,125,-84.4127
3.8,0,0,125,-84.4138
3.825,0,0,125,-84.4148
3.85,0,0,125,-84.4158
3.875,0,0,125,-84.4168
3.9,0,0,125,-84.4177
3.925,0,0,125,-84.4186
3.95,0,0,125,-84.4194
3.975,0,0,125,-84.4202
4,0,0,125,-84.421
4.025,0,0,125,-84.4218
4.05,0,0,125,-84.4225
4.075,0,0,125,-84.4232
4.1,0,0,125,-84.4238
4.125,0,0,125,-84.4244
4.15,0,0,125,-84.425
4.175,0,0,125,-84.4255
4.2,0,0,125,-84.426
4.225,0,0,125,-84.4265
4.25,0,0,125,-84.4269
4.275,0,0,125,-84.4273
4.3,0,0,125,-84.4277
4.325,0,0,125,-84.428
4.35,0,0,125,-84.4283
4.375,0,0,125,-84.4286
4.4,0,0,125,-84.4289
4.425,0,0,125,-84.4291
4.45,0,0,125,-84.4294
4.475,0,0,125,-84.4296
4.5,0,0,125,-84.4298
4.525,0,0,125,-84.43
4.55,0,0,125,-84.4302
4.575,0,0,125,-84.4304
4.6,0,0,125,-84.4306
4.625,0,0,125,-84.4307
4.65,0,0,125,-84.4309
4.675,0,0,125,-84.431
4.7,0,0,125,-84.4312
4.725,0,0,125,-84.4313
4.75,0,0,125,-84.4314
4.775,0,0,125,-84.4315
4.8,0,0,125,-84.4316
4.825,0,0,125,-84.4317
4.85,0,0,125,-84.4317
4.875,0,0,125,-84.4318
4.9,0,0,125,-84.4318
4.925,0,0,125,-84.4319
4.95,0,0,125,-84.4319
4.975,0,0,125,-84.4319
5,0,0,125,-84.4319
