0,0,0,125,-33.9794
0.025,0,0,125,-33.9743
0.05,0,0,125,-33.9643
0.075,0,0,125,-33.9496
0.1,0,0,125,-33.9304
0.125,0,0,125,-33.9072
0.15,0,0,125,-33.8802
0.175,0,0,125,-33.8498
0.2,0,0,125,-33.8161
0.225,0,0,125,-33.7795
0.25,0,0,125,-33.7399
0.275,0,0,125,-33.6975
0.3,0,0,125,-33.6525
0.325,0,0,125,-33.605
0.35,0,0,125,-33.555
0.375,0,0,125,-33.5027
0.4,0,0,125,-33.4482
0.425,0,0,125,-33.3915
0.45,0,0,125,-33.3328
0.475,0,0,125,-33.2722
0.5,0,0,125,-33.2097
0.525,0,0,125,-33.1455
0.55,0,0,125,-33.0795
0.575,0,0,125,-33.0119
0.6,0,0,125,-32.9428
0.625,0,0,125,-32.8723
0.65,0,0,125,-32.8003
0.675,0,0,125,-32.7269
0.7,0,0,125,-32.6523
0.725,0,0,125,-32.5765
0.75,0,0,125,-32.4996
0.775,0,0,125,-32.4215
0.8,0,0,125,-32.3424
0.825,0,0,125,-32.2623
0.85,0,0,125,-32.1813
0.875,0,0,125,-32.0994
0.9,0,0,125,-32.0166
0.925,0,0,125,-31.9331
0.95,0,0,125,-31.8488
0.975,0,0,125,-31.7638
1,0,0,125,-31.6781
1.025,0,0,125,-31.5917
1.05,0,0,125,-31.5048
1.075,0,0,125,-31.4173
1.1,0,0,125,-31.3293
1.125,0,0,125,-31.2408
1.15,0,0,125,-31.1518
1.175,0,0,125,-31.0624
1.2,0,0,125,-30.9725
1.225,0,0,125,-30.8823
1.25,0,0,125,-30.7918
1.275,0,0,125,-30.7009
1.3,0,0,125,-30.6097
1.325,0,0,125,-30.5182
1.35,0,0,125,-30.4265
1.375,0,0,125,-30.3346
1.4,0,0,125,-30.2424
1.425,0,0,125,-30.15
1.45,0,0,125,-30.0574
1.475,0,0,125,-29.9647
1.5,0,0,125,-29.8719
1.525,0,0,125,-29.7789
1.55,0,0,125,-29.6857
1.575,0,0,125,-29.5925
1.6,0,0,125,-29.4992
1.625,0,0,125,-29.4059
1.65,0,0,125,-29.3124
1.675,0,0,125,-29.2189
1.7,0,0,125,-29.1254
1.725,0,0,125,-29.0319
1.75,0,0,125,-28.9383
1.775,0,0,125,-28.8447
1.8,0,0,125,-28.7511
1.825,0,0,125,-28.6576
1.85,0,0,125,-28.5641
1.875,0,0,125,-28.4705
1.9,0,0,125,-28.3771
1.925,0,0,125,-28.2836
1.95,0,0,125,-28.1903
1.975,0,0,125,-28.097
2,0,0,125,-28.0037
2.025,0,0,125,-27.9105
2.05,0,0,125,-27.8174
2.075,0,0,125,-27.7244
2.1,0,0,125,-27.6315
2.125,0,0,125,-27.5386
2.15,0,0,125,-27.4459
2.175,0,0,125,-27.3533
2.2,0,0,125,-27.2607
2.225,0,0,125,-27.1683
2.25,0,0,125,-27.076
2.275,0,0,125,-26.9839
2.3,0,0,125,-26.8918
2.325,0,0,125,-26.7999
2.35,0,0,125,-26.7081
2.375,0,0,125,-26.6165
2.4,0,0,125,-26.525
2.425,0,0,125,-26.4336
2.45,0,0,125,-26.3424
2.475,0,0,125,-26.2513
2.5,0,0,125,-26.1604
2.525,0,0,125,-26.0696
2.55,0,0,125,-25.9791
2.575,0,0,125,-25.8886
2.6,0,0,125,-25.7983
2.625,0,0,125,-25.7082
2.65,0,0,125,-25.6183
2.675,0,0,125,-25.5286
2.7,0,0,125,-25.439
2.725,0,0,125,-25.3496
2.75,0,0,125,-25.2604
2.775,0,0,125,-25.1713
2.8,0,0,125,-25.0825
2.825,0,0,125,-24.9938
2.85,0,0,125,-24.9054
2.875,0,0,125,-24.8171
2.9,0,0,125,-24.729
2.925,0,0,125,-24.6412
2.95,0,0,125,-24.5535
2.975,0,0,125,-24.4661
3,0,0,125,-24.3788
3.025,0,0,125,-24.2918
3.05,0,0,125,-24.205
3.075,0,0,125,-24.1184
3.1,0,0,125,-24.032
3.125,0,0,125,-23.9459
3.15,0,0,125,-23.86
3.175,0,0,125,-23.7743
3.2,0,0,125,-23.6889
3.225,0,0,125,-23.6037
3.25,0,0,125,-23.5187
3.275,0,0,125,-23.4341
3.3,0,0,125,-23.3496
3.325,0,0,125,-23.2655
3.35,0,0,125,-23.1816
3.375,0,0,125,-23.098
3.4,0,0,125,-23.0147
3.425,0,0,125,-22.9317
3.45,0,0,125,-22.8489
3.475,0,0,125,-22.7665
3.5,0,0,125,-22.6844
3.525,0,0,125,-22.6026
3.55,0,0,125,-22.5212
3.575,0,0,125,-22.4401
3.6,0,0,125,-22.3593
3.625,0,0,125,-22.2789
3.65,0,0,125,-22.1989
3.675,0,0,125,-22.1193
3.7,0,0,125,-22.04
3.725,0,0,125,-21.9612
3.75,0,0,125,-21.8828
3.775,0,0,125,-21.8049
3.8,0,0,125,-21.7274
3.825,0,0,125,-21.6504
3.85,0,0,125,-21.5739
3.875,0,0,125,-21.4978
3.9,0,0,125,-21.4224
3.925,0,0,125,-21.3474
3.95,0,0,125,-21.2731
3.975,0,0,125,-21.1993
4,0,0,125,-21.1262
4.025,0,0,125,-21.0537
4.05,0,0,125,-20.9819
4.075,0,0,125,-20.9108
4.1,0,0,125,-20.8405
4.125,0,0,125,-20.7709
4.15,0,0,125,-20.7021
4.175,0,0,125,-20.6341
4.2,0,0,125,-20.567
4.225,0,0,125,-20.5008
4.25,0,0,125,-20.4356
4.275,0,0,125,-20.3714
4.3,0,0,125,-20.3082
4.325,0,0,125,-20.2461
4.35,0,0,125,-20.1851
4.375,0,0,125,-20.1254
4.4,0,0,125,-20.0669
4.425,0,0,125,-20.0097
4.45,0,0,125,-19.9539
4.475,0,0,125,-19.8996
4.5,0,0,125,-19.8468
4.525,0,0,125,-19.7955
4.55,0,0,125,-19.746
4.575,0,0,125,-19.6981
4.6,0,0,125,-19.6521
4.625,0,0,125,-19.608
4.65,0,0,125,-19.566
4.675,0,0,125,-19.5259
4.7,0,0,125,-19.4881
4.725,0,0,125,-19.4526
4.75,0,0,125,-19.4195
4.775,0,0,125,-19.3888
4.8,0,0,125,-19.3607
4.825,0,0,125,-19.3354
4.85,0,0,125,-19.3128
4.875,0,0,125,-19.2932
4.9,0,0,125,-19.2766
4.925,0,0,125,-19.2632
4.95,0,0,125,-19.253
4.975,0,0,125,-19.2462
5,0,0,125,-19.2427
