0,0,0,125,-14.7277
0.025,0,0,125,-14.7235
0.05,0,0,125,-14.7153
0.075,0,0,125,-14.7033
0.1,0,0,125,-14.6877
0.125,0,0,125,-14.669
0.15,0,0,125,-14.6475
0.175,0,0,125,-14.6236
0.2,0,0,125,-14.5975
0.225,0,0,125,-14.5692
0.25,0,0,125,-14.539
0.275,0,0,125,-14.5069
0.3,0,0,125,-14.473
0.325,0,0,125,-14.4375
0.35,0,0,125,-14.4004
0.375,0,0,125,-14.3619
0.4,0,0,125,-14.3219
0.425,0,0,125,-14.2807
0.45,0,0,125,-14.2382
0.475,0,0,125,-14.1945
0.5,0,0,125,-14.1498
0.525,0,0,125,-14.104
0.55,0,0,125,-14.0573
0.575,0,0,125,-14.0096
0.6,0,0,125,-13.9611
0.625,0,0,125,-13.9117
0.65,0,0,125,-13.8616
0.675,0,0,125,-13.8108
0.7,0,0,125,-13.7593
0.725,0,0,125,-13.7072
0.75,0,0,125,-13.6546
0.775,0,0,125,-13.6013
0.8,0,0,125,-13.5476
0.825,0,0,125,-13.4934
0.85,0,0,125,-13.4387
0.875,0,0,125,-13.3837
0.9,0,0,125,-13.3282
0.925,0,0,125,-13.2724
0.95,0,0,125,-13.2163
0.975,0,0,125,-13.1598
1,0,0,125,-13.1031
1.025,0,0,125,-13.0461
1.05,0,0,125,-12.9889
1.075,0,0,125,-12.9315
1.1,0,0,125,-12.8739
1.125,0,0,125,-12.8161
1.15,0,0,125,-12.7581
1.175,0,0,125,-12.7
1.2,0,0,125,-12.6418
1.225,0,0,125,-12.5835
1.25,0,0,125,-12.525
1.275,0,0,125,-12.4665
1.3,0,0,125,-12.4079
1.325,0,0,125,-12.3492
1.35,0,0,125,-12.2905
1.375,0,0,125,-12.2318
1.4,0,0,125,-12.173
1.425,0,0,125,-12.1142
1.45,0,0,125,-12.0554
1.475,0,0,125,-11.9966
1.5,0,0,125,-11.9378
1.525,0,0,125,-11.879
1.55,0,0,125,-11.8202
1.575,0,0,125,-11.7614
1.6,0,0,125,-11.7027
1.625,0,0,125,-11.644
1.65,0,0,125,-11.5853
1.675,0,0,125,-11.5267
1.7,0,0,125,-11.4681
1.725,0,0,125,-11.4096
1.75,0,0,125,-11.3512
1.775,0,0,125,-11.2928
1.8,0,0,125,-11.2344
1.825,0,0,125,-11.1762
1.85,0,0,125,-11.118
1.875,0,0,125,-11.0599
1.9,0,0,125,-11.0018
1.925,0,0,125,-10.9439
1.95,0,0,125,-10.886
1.975,0,0,125,-10.8282
2,0,0,125,-10.7705
2.025,0,0,125,-10.7128
2.05,0,0,125,-10.6553
2.075,0,0,125,-10.5979
2.1,0,0,125,-10.5405
2.125,0,0,125,-10.4833
2.15,0,0,125,-10.4261
2.175,0,0,125,-10.3691
2.2,0,0,125,-10.3121
2.225,0,0,125,-10.2552
2.25,0,0,125,-10.1985
2.275,0,0,125,-10.1418
2.3,0,0,125,-10.0852
2.325,0,0,125,-10.0288
2.35,0,0,125,-9.97244
2.375,0,0,125,-9.91619
2.4,0,0,125,-9.86005
2.425,0,0,125,-9.80401
2.45,0,0,125,-9.74807
2.475,0,0,125,-9.69225
2.5,0,0,125,-9.63653
2.525,0,0,125,-9.58092
2.55,0,0,125,-9.52542
2.575,0,0,125,-9.47002
2.6,0,0,125,-9.41473
2.625,0,0,125,-9.35956
2.65,0,0,125,-9.30449
2.675,0,0,125,-9.24953
2.7,0,0,125,-9.19468
2.725,0,0,125,-9.13995
2.75,0,0,125,-9.08532
2.775,0,0,125,-9.03081
2.8,0,0,125,-8.97641
2.825,0,0,125,-8.92212
2.85,0,0,125,-8.86795
2.875,0,0,125,-8.81388
2.9,0,0,125,-8.75993
2.925,0,0,125,-8.70609
2.95,0,0,125,-8.65237
2.975,0,0,125,-8.59875
3,0,0,125,-8.54525
3.025,0,0,125,-8.49187
3.05,0,0,125,-8.4386
3.075,0,0,125,-8.38544
3.1,0,0,125,-8.3324
3.125,0,0,125,-8.27947
3.15,0,0,125,-8.22667
3.175,0,0,125,-8.17398
3.2,0,0,125,-8.12141
3.225,0,0,125,-8.06896
3.25,0,0,125,-8.01664
3.275,0,0,125,-7.96443
3.3,0,0,125,-7.91235
3.325,0,0,125,-7.8604
3.35,0,0,125,-7.80858
3.375,0,0,125,-7.75689
3.4,0,0,125,-7.70532
3.425,0,0,125,-7.6539
3.45,0,0,125,-7.60261
3.475,0,0,125,-7.55146
3.5,0,0,125,-7.50045
3.525,0,0,125,-7.44959
3.55,0,0,125,-7.39887
3.575,0,0,125,-7.34831
3.6,0,0,125,-7.29791
3.625,0,0,125,-7.24766
3.65,0,0,125,-7.19759
3.675,0,0,125,-7.14768
3.7,0,0,125,-7.09795
3.725,0,0,125,-7.0484
3.75,0,0,125,-6.99904
3.775,0,0,125,-6.94988
3.8,0,0,125,-6.90092
3.825,0,0,125,-6.85217
3.85,0,0,125,-6.80364
3.875,0,0,125,-6.75534
3.9,0,0,125,-6.70728
3.925,0,0,125,-6.65946
3.95,0,0,125,-6.61191
3.975,0,0,125,-6.56464
4,0,0,125,-6.51765
4.025,0,0,125,-6.47096
4.05,0,0,125,-6.42459
4.075,0,0,125,-6.37854
4.1,0,0,125,-6.33284
4.125,0,0,125,-6.2875
4.15,0,0,125,-6.24254
4.175,0,0,125,-6.19799
4.2,0,0,125,-6.15387
4.225,0,0,125,-6.1102
4.25,0,0,125,-6.067
4.275,0,0,125,-6.02432
4.3,0,0,125,-5.98217
4.325,0,0,125,-5.94059
4.35,0,0,125,-5.89962
4.375,0,0,125,-5.85929
4.4,0,0,125,-5.81965
4.425,0,0,125,-5.78073
4.45,0,0,125,-5.74259
4.475,0,0,125,-5.70526
4.5,0,0,125,-5.6688
4.525,0,0,125,-5.63327
4.55,0,0,125,-5.59872
4.575,0,0,125,-5.56522
4.6,0,0,125,-5.53283
4.625,0,0,125,-5.50161
4.65,0,0,125,-5.47166
4.675,0,0,125,-5.44304
4.7,0,0,125,-5.41583
4.725,0,0,125,-5.39012
4.75,0,0,125,-5.366
4.775,0,0,125,-5.34356
4.8,0,0,125,-5.3229
4.825,0,0,125,-5.30412
4.85,0,0,125,-5.28733
4.875,0,0,125,-5.27264
4.9,0,0,125,-5.26015
4.925,0,0,125,-5.24998
4.95,0,0,125,-5.24224
4.975,0,0,125,-5.23703
5,0,0,125,-5.2344
