0,0,0,125,-77.5139
0.025,0,0,125,-77.5115
0.05,0,0,125,-77.5069
0.075,0,0,125,-77.4999
0.1,0,0,125,-77.4906
0.125,0,0,125,-77.479
0.15,0,0,125,-77.4651
0.175,0,0,125,-77.449
0.2,0,0,125,-77.4305
0.225,0,0,125,-77.4098
0.25,0,0,125,-77.3869
0.275,0,0,125,-77.3618
0.3,0,0,125,-77.3345
0.325,0,0,125,-77.305
0.35,0,0,125,-77.2734
0.375,0,0,125,-77.2396
0.4,0,0,125,-77.2038
0.425,0,0,125,-77.1659
0.45,0,0,125,-77.1259
0.475,0,0,125,-77.0838
0.5,0,0,125,-77.0397
0.525,0,0,125,-76.9936
0.55,0,0,125,-76.9455
0.575,0,0,125,-76.8954
0.6,0,0,125,-76.8433
0.625,0,0,125,-76.7893
0.65,0,0,125,-76.7333
0.675,0,0,125,-76.6754
0.7,0,0,125,-76.6156
0.725,0,0,125,-76.5539
0.75,0,0,125,-76.4902
0.775,0,0,125,-76.4247
0.8,0,0,125,-76.3573
0.825,0,0,125,-76.288
0.85,0,0,125,-76.2169
0.875,0,0,125,-76.1439
0.9,0,0,125,-76.069
0.925,0,0,125,-75.9923
0.95,0,0,125,-75.9138
0.975,0,0,125,-75.8335
1,0,0,125,-75.7513
1.025,0,0,125,-75.6674
1.05,0,0,125,-75.5816
1.075,0,0,125,-75.4941
1.1,0,0,125,-75.4047
1.125,0,0,125,-75.3136
1.15,0,0,125,-75.2207
1.175,0,0,125,-75.1261
1.2,0,0,125,-75.0296
1.225,0,0,125,-74.9315
1.25,0,0,125,-74.8315
1.275,0,0,125,-74.7299
1.3,0,0,125,-74.6264
1.325,0,0,125,-74.5213
1.35,0,0,125,-74.4145
1.375,0,0,125,-74.3059
1.4,0,0,125,-74.1956
1.425,0,0,125,-74.0837
1.45,0,0,125,-73.97
1.475,0,0,125,-73.8547
1.5,0,0,125,-73.7377
1.525,0,0,125,-73.619
1.55,0,0,125,-73.4987
1.575,0,0,125,-73.3768
1.6,0,0,125,-73.2532
1.625,0,0,125,-73.128
1.65,0,0,125,-73.0011
1.675,0,0,125,-72.8727
1.7,0,0,125,-72.7427
1.725,0,0,125,-72.6112
1.75,0,0,125,-72.478
1.775,0,0,125,-72.3433
1.8,0,0,125,-72.2071
1.825,0,0,125,-72.0694
1.85,0,0,125,-71.9302
1.875,0,0,125,-71.7894
1.9,0,0,125,-71.6472
1.925,0,0,125,-71.5035
1.95,0,0,125,-71.3584
1.975,0,0,125,-71.2119
2,0,0,125,-71.064
2.025,0,0,125,-70.9146
2.05,0,0,125,-70.7639
2.075,0,0,125,-70.6119
2.1,0,0,125,-70.4585
2.125,0,0,125,-70.3039
2.15,0,0,125,-70.1479
2.175,0,0,125,-69.9907
2.2,0,0,125,-69.8322
2.225,0,0,125,-69.6725
2.25,0,0,125,-69.5116
2.275,0,0,125,-69.3495
2.3,0,0,125,-69.1863
2.325,0,0,125,-69.0219
2.35,0,0,125,-68.8565
2.375,0,0,125,-68.69
2.4,0,0,125,-68.5224
2.425,0,0,125,-68.3538
2.45,0,0,125,-68.1842
2.475,0,0,125,-68.0137
2.5,0,0,125,-67.8423
2.525,0,0,125,-67.6699
2.55,0,0,125,-67.4967
2.575,0,0,125,-67.3226
2.6,0,0,125,-67.1477
2.625,0,0,125,-66.972
2.65,0,0,125,-66.7956
2.675,0,0,125,-66.6184
2.7,0,0,125,-66.4406
2.725,0,0,125,-66.2621
2.75,0,0,125,-66.083
2.775,0,0,125,-65.9034
2.8,0,0,125,-65.7231
2.825,0,0,125,-65.5424
2.85,0,0,125,-65.3612
2.875,0,0,125,-65.1796
2.9,0,0,125,-64.9976
2.925,0,0,125,-64.8152
2.95,0,0,125,-64.6324
2.975,0,0,125,-64.4494
3,0,0,125,-64.2662
3.025,0,0,125,-64.0827
3.05,0,0,125,-63.8991
3.075,0,0,125,-63.7153
3.1,0,0,125,-63.5315
3.125,0,0,125,-63.3476
3.15,0,0,125,-63.1637
3.175,0,0,125,-62.9799
3.2,0,0,125,-62.7961
3.225,0,0,125,-62.6125
3.25,0,0,125,-62.4291
3.275,0,0,125,-62.2459
3.3,0,0,125,-62.0629
3.325,0,0,125,-61.8803
3.35,0,0,125,-61.698
3.375,0,0,125,-61.5162
3.4,0,0,125,-61.3348
3.425,0,0,125,-61.1539
3.45,0,0,125,-60.9736
3.475,0,0,125,-60.7939
3.5,0,0,125,-60.6149
3.525,0,0,125,-60.4366
3.55,0,0,125,-60.259
3.575,0,0,125,-60.0823
3.6,0,0,125,-59.9065
3.625,0,0,125,-59.7317
3.65,0,0,125,-59.5578
3.675,0,0,125,-59.385
3.7,0,0,125,-59.2133
3.725,0,0,125,-59.0428
3.75,0,0,125,-58.8735
3.775,0,0,125,-58.7055
3.8,0,0,125,-58.5389
3.825,0,0,125,-58.3737
3.85,0,0,125,-58.2101
3.875,0,0,125,-58.048
3.9,0,0,125,-57.8875
3.925,0,0,125,-57.7287
3.95,0,0,125,-57.5718
3.975,0,0,125,-57.4166
4,0,0,125,-57.2634
4.025,0,0,125,-57.1122
4.05,0,0,125,-56.9631
4.075,0,0,125,-56.8161
4.1,0,0,125,-56.6713
4.125,0,0,125,-56.5288
4.15,0,0,125,-56.3888
4.175,0,0,125,-56.2512
4.2,0,0,125,-56.1162
4.225,0,0,125,-55.9838
4.25,0,0,125,-55.8541
4.275,0,0,125,-55.7273
4.3,0,0,125,-55.6034
4.325,0,0,125,-55.4824
4.35,0,0,125,-55.3646
4.375,0,0,125,-55.2499
4.4,0,0,125,-55.1386
4.425,0,0,125,-55.0305
4.45,0,0,125,-54.926
4.475,0,0,125,-54.825
4.5,0,0,125,-54.7277
4.525,0,0,125,-54.6341
4.55,0,0,125,-54.5444
4.575,0,0,125,-54.4587
4.6,0,0,125,-54.3769
4.625,0,0,125,-54.2994
4.65,0,0,125,-54.226
4.675,0,0,125,-54.1571
4.7,0,0,125,-54.0925
4.725,0,0,125,-54.0324
4.75,0,0,125,-53.977
4.775,0,0,125,-53.9263
4.8,0,0,125,-53.8803
4.825,0,0,125,-53.8392
4.85,0,0,125,-53.8031
4.875,0,0,125,-53.7719
4.9,0,0,125,-53.7459
4.925,0,0,125,-53.7249
4.95,0,0,125,-53.7092
4.975,0,0,125,-53.6986
5,0,0,125,-53.6934
