0,0,0,125,-83.4518
0.025,0,0,125,-83.4523
0.05,0,0,125,-83.4531
0.075,0,0,125,-83.4543
0.1,0,0,125,-83.4558
0.125,0,0,125,-83.4575
0.15,0,0,125,-83.4593
0.175,0,0,125,-83.4612
0.2,0,0,125,-83.4632
0.225,0,0,125,-83.4651
0.25,0,0,125,-83.4669
0.275,0,0,125,-83.4688
0.3,0,0,125,-83.4705
0.325,0,0,125,-83.4721
0.35,0,0,125,-83.4736
0.375,0,0,125,-83.475
0.4,0,0,125,-83.4762
0.425,0,0,125,-83.4773
0.45,0,0,125,-83.4782
0.475,0,0,125,-83.479
0.5,0,0,125,-83.4795
0.525,0,0,125,-83.4799
0.55,0,0,125,-83.4801
0.575,0,0,125,-83.4801
0.6,0,0,125,-83.4799
0.625,0,0,125,-83.4795
0.65,0,0,125,-83.4788
0.675,0,0,125,-83.478
0.7,0,0,125,-83.4768
0.725,0,0,125,-83.4755
0.75,0,0,125,-83.4739
0.775,0,0,125,-83.4721
0.8,0,0,125,-83.47
0.825,0,0,125,-83.4676
0.85,0,0,125,-83.465
0.875,0,0,125,-83.4621
0.9,0,0,125,-83.459
0.925,0,0,125,-83.4555
0.95,0,0,125,-83.4518
0.975,0,0,125,-83.4478
1,0,0,125,-83.4435
1.025,0,0,125,-83.4388
1.05,0,0,125,-83.4339
1.075,0,0,125,-83.4287
1.1,0,0,125,-83.4231
1.125,0,0,125,-83.4172
1.15,0,0,125,-83.4109
1.175,0,0,125,-83.4042
1.2,0,0,125,-83.3973
1.225,0,0,125,-83.3899
1.25,0,0,125,-83.3822
1.275,0,0,125,-83.3741
1.3,0,0,125,-83.3656
1.325,0,0,125,-83.3568
1.35,0,0,125,-83.3475
1.375,0,0,125,-83.3378
1.4,0,0,125,-83.3277
1.425,0,0,125,-83.3172
1.45,0,0,125,-83.3063
1.475,0,0,125,-83.295
1.5,0,0,125,-83.2832
1.525,0,0,125,-83.2709
1.55,0,0,125,-83.2582
1.575,0,0,125,-83.2451
1.6,0,0,125,-83.2315
1.625,0,0,125,-83.2175
1.65,0,0,125,-83.2029
1.675,0,0,125,-83.1879
1.7,0,0,125,-83.1723
1.725,0,0,125,-83.1563
1.75,0,0,125,-83.1398
1.775,0,0,125,-83.1227
1.8,0,0,125,-83.1051
1.825,0,0,125,-83.0869
1.85,0,0,125,-83.0681
1.875,0,0,125,-83.0487
1.9,0,0,125,-83.0287
1.925,0,0,125,-83.0081
1.95,0,0,125,-82.9868
1.975,0,0,125,-82.9647
2,0,0,125,-82.942
2.025,0,0,125,-82.9183
2.05,0,0,125,-82.8939
2.075,0,0,125,-82.8685
2.1,0,0,125,-82.8422
2.125,0,0,125,-82.8148
2.15,0,0,125,-82.7863
2.175,0,0,125,-82.7566
2.2,0,0,125,-82.7256
2.225,0,0,125,-82.6932
2.25,0,0,125,-82.6592
2.275,0,0,125,-82.6236
2.3,0,0,125,-82.5863
2.325,0,0,125,-82.547
2.35,0,0,125,-82.5056
2.375,0,0,125,-82.4619
2.4,0,0,125,-82.4158
2.425,0,0,125,-82.3671
2.45,0,0,125,-82.3154
2.475,0,0,125,-82.2607
2.5,0,0,125,-82.2026
2.525,0,0,125,-82.1409
2.55,0,0,125,-82.0754
2.575,0,0,125,-82.0056
2.6,0,0,125,-81.9313
2.625,0,0,125,-81.8523
2.65,0,0,125,-81.768
2.675,0,0,125,-81.6783
2.7,0,0,125,-81.5827
2.725,0,0,125,-81.4808
2.75,0,0,125,-81.3722
2.775,0,0,125,-81.2566
2.8,0,0,125,-81.1335
2.825,0,0,125,-81.0025
2.85,0,0,125,-80.8631
2.875,0,0,125,-80.715
2.9,0,0,125,-80.5576
2.925,0,0,125,-80.3905
2.95,0,0,125,-80.2133
2.975,0,0,125,-80.0256
3,0,0,125,-79.8269
3.025,0,0,125,-79.6168
3.05,0,0,125,-79.3949
3.075,0,0,125,-79.1609
3.1,0,0,125,-78.9144
3.125,0,0,125,-78.6551
3.15,0,0,125,-78.3826
3.175,0,0,125,-78.0967
3.2,0,0,125,-77.7972
3.225,0,0,125,-77.484
3.25,0,0,125,-77.1568
3.275,0,0,125,-76.8156
3.3,0,0,125,-76.4605
3.325,0,0,125,-76.0914
3.35,0,0,125,-75.7084
3.375,0,0,125,-75.3117
3.4,0,0,125,-74.9015
3.425,0,0,125,-74.4781
3.45,0,0,125,-74.0419
3.475,0,0,125,-73.5932
3.5,0,0,125,-73.1326
3.525,0,0,125,-72.6607
3.55,0,0,125,-72.1779
3.575,0,0,125,-71.6851
3.6,0,0,125,-71.1829
3.625,0,0,125,-70.6721
3.65,0,0,125,-70.1535
3.675,0,0,125,-69.6281
3.7,0,0,125,-69.0966
3.725,0,0,125,-68.5601
3.75,0,0,125,-68.0195
3.775,0,0,125,-67.4759
3.8,0,0,125,-66.9301
3.825,0,0,125,-66.3832
3.85,0,0,125,-65.8362
3.875,0,0,125,-65.2901
3.9,0,0,125,-64.7459
3.925,0,0,125,-64.2046
3.95,0,0,125,-63.6671
3.975,0,0,125,-63.1343
4,0,0,125,-62.6071
4.025,0,0,125,-62.0864
4.05,0,0,125,-61.573
4.075,0,0,125,-61.0677
4.1,0,0,125,-60.5711
4.125,0,0,125,-60.084
4.15,0,0,125,-59.607
4.175,0,0,125,-59.1407
4.2,0,0,125,-58.6856
4.225,0,0,125,-58.2423
4.25,0,0,125,-57.8111
4.275,0,0,125,-57.3925
4.3,0,0,125,-56.9868
4.325,0,0,125,-56.5943
4.35,0,0,125,-56.2153
4.375,0,0,125,-55.8501
4.4,0,0,125,-55.4987
4.425,0,0,125,-55.1615
4.45,0,0,125,-54.8384
4.475,0,0,125,-54.5296
4.5,0,0,125,-54.2352
4.525,0,0,125,-53.9552
4.55,0,0,125,-53.6896
4.575,0,0,125,-53.4385
4.6,0,0,125,-53.2018
4.625,0,0,125,-52.9795
4.65,0,0,125,-52.7716
4.675,0,0,125,-52.578
4.7,0,0,125,-52.3987
4.725,0,0,125,-52.2336
4.75,0,0,125,-52.0827
4.775,0,0,125,-51.9459
4.8,0,0,125,-51.8231
4.825,0,0,125,-51.7143
4.85,0,0,125,-51.6194
4.875,0,0,125,-51.5383
4.9,0,0,125,-51.4709
4.925,0,0,125,-51.4171
4.95,0,0,125,-51.3769
4.975,0,0,125,-51.3501
5,0,0,125,-51.3367
