0,0,0,125,-23.7528
0.025,0,0,125,-23.7486
0.05,0,0,125,-23.7403
0.075,0,0,125,-23.7282
0.1,0,0,125,-23.7128
0.125,0,0,125,-23.6946
0.15,0,0,125,-23.6741
0.175,0,0,125,-23.6519
0.2,0,0,125,-23.6283
0.225,0,0,125,-23.6035
0.25,0,0,125,-23.5778
0.275,0,0,125,-23.5515
0.3,0,0,125,-23.5248
0.325,0,0,125,-23.4979
0.35,0,0,125,-23.471
0.375,0,0,125,-23.4444
0.4,0,0,125,-23.4183
0.425,0,0,125,-23.393
0.45,0,0,125,-23.3685
0.475,0,0,125,-23.3452
0.5,0,0,125,-23.3232
0.525,0,0,125,-23.3028
0.55,0,0,125,-23.2841
0.575,0,0,125,-23.2675
0.6,0,0,125,-23.253
0.625,0,0,125,-23.2409
0.65,0,0,125,-23.2314
0.675,0,0,125,-23.2247
0.7,0,0,125,-23.2211
0.725,0,0,125,-23.2207
0.75,0,0,125,-23.2238
0.775,0,0,125,-23.2305
0.8,0,0,125,-23.2412
0.825,0,0,125,-23.256
0.85,0,0,125,-23.2752
0.875,0,0,125,-23.2989
0.9,0,0,125,-23.3276
0.925,0,0,125,-23.3613
0.95,0,0,125,-23.4003
0.975,0,0,125,-23.445
1,0,0,125,-23.4955
1.025,0,0,125,-23.5521
1.05,0,0,125,-23.615
1.075,0,0,125,-23.6847
1.1,0,0,125,-23.7612
1.125,0,0,125,-23.845
1.15,0,0,125,-23.9363
1.175,0,0,125,-24.0354
1.2,0,0,125,-24.1426
1.225,0,0,125,-24.2583
1.25,0,0,125,-24.3827
1.275,0,0,125,-24.5162
1.3,0,0,125,-24.6591
1.325,0,0,125,-24.8117
1.35,0,0,125,-24.9745
1.375,0,0,125,-25.1477
1.4,0,0,125,-25.3317
1.425,0,0,125,-25.527
1.45,0,0,125,-25.7337
1.475,0,0,125,-25.9525
1.5,0,0,125,-26.1836
1.525,0,0,125,-26.4274
1.55,0,0,125,-26.6843
1.575,0,0,125,-26.9549
1.6,0,0,125,-27.2394
1.625,0,0,125,-27.5383
1.65,0,0,125,-27.8521
1.675,0,0,125,-28.1812
1.7,0,0,125,-28.526
1.725,0,0,125,-28.8871
1.75,0,0,125,-29.2649
1.775,0,0,125,-29.6599
1.8,0,0,125,-30.0726
1.825,0,0,125,-30.5036
1.85,0,0,125,-30.9533
1.875,0,0,125,-31.4223
1.9,0,0,125,-31.9111
1.925,0,0,125,-32.4202
1.95,0,0,125,-32.9503
1.975,0,0,125,-33.5019
2,0,0,125,-34.0756
2.025,0,0,125,-34.6718
2.05,0,0,125,-35.2912
2.075,0,0,125,-35.9342
2.1,0,0,125,-36.6013
2.125,0,0,125,-37.293
2.15,0,0,125,-38.0097
2.175,0,0,125,-38.7516
2.2,0,0,125,-39.5191
2.225,0,0,125,-40.3123
2.25,0,0,125,-41.1313
2.275,0,0,125,-41.9759
2.3,0,0,125,-42.846
2.325,0,0,125,-43.7411
2.35,0,0,125,-44.6608
2.375,0,0,125,-45.6041
2.4,0,0,125,-46.5703
2.425,0,0,125,-47.558
2.45,0,0,125,-48.566
2.475,0,0,125,-49.5925
2.5,0,0,125,-50.6357
2.525,0,0,125,-51.6936
2.55,0,0,125,-52.7637
2.575,0,0,125,-53.8437
2.6,0,0,125,-54.9308
2.625,0,0,125,-56.0221
2.65,0,0,125,-57.1147
2.675,0,0,125,-58.2055
2.7,0,0,125,-59.2914
2.725,0,0,125,-60.3691
2.75,0,0,125,-61.4355
2.775,0,0,125,-62.4875
2.8,0,0,125,-63.5222
2.825,0,0,125,-64.5366
2.85,0,0,125,-65.5281
2.875,0,0,125,-66.4942
2.9,0,0,125,-67.4326
2.925,0,0,125,-68.3414
2.95,0,0,125,-69.2188
2.975,0,0,125,-70.0635
3,0,0,125,-70.8743
3.025,0,0,125,-71.6503
3.05,0,0,125,-72.3911
3.075,0,0,125,-73.0963
3.1,0,0,125,-73.7659
3.125,0,0,125,-74.4002
3.15,0,0,125,-74.9996
3.175,0,0,125,-75.5647
3.2,0,0,125,-76.0964
3.225,0,0,125,-76.5956
3.25,0,0,125,-77.0635
3.275,0,0,125,-77.5011
3.3,0,0,125,-77.9098
3.325,0,0,125,-78.2909
3.35,0,0,125,-78.6457
3.375,0,0,125,-78.9755
3.4,0,0,125,-79.2819
3.425,0,0,125,-79.566
3.45,0,0,125,-79.8292
3.475,0,0,125,-80.073
3.5,0,0,125,-80.2984
3.525,0,0,125,-80.5067
3.55,0,0,125,-80.6991
3.575,0,0,125,-80.8766
3.6,0,0,125,-81.0404
3.625,0,0,125,-81.1914
3.65,0,0,125,-81.3306
3.675,0,0,125,-81.4589
3.7,0,0,125,-81.577
3.725,0,0,125,-81.6858
3.75,0,0,125,-81.786
3.775,0,0,125,-81.8782
3.8,0,0,125,-81.963
3.825,0,0,125,-82.0411
3.85,0,0,125,-82.113
3.875,0,0,125,-82.1792
3.9,0,0,125,-82.24
3.925,0,0,125,-82.2961
3.95,0,0,125,-82.3476
3.975,0,0,125,-82.3951
4,0,0,125,-82.4387
4.025,0,0,125,-82.4789
4.05,0,0,125,-82.5159
4.075,0,0,125,-82.55
4.1,0,0,125,-82.5813
4.125,0,0,125,-82.6101
4.15,0,0,125,-82.6367
4.175,0,0,125,-82.6611
4.2,0,0,125,-82.6835
4.225,0,0,125,-82.7042
4.25,0,0,125,-82.7232
4.275,0,0,125,-82.7406
4.3,0,0,125,-82.7567
4.325,0,0,125,-82.7714
4.35,0,0,125,-82.785
4.375,0,0,125,-82.7974
4.4,0,0,125,-82.8088
4.425,0,0,125,-82.8192
4.45,0,0,125,-82.8287
4.475,0,0,125,-82.8375
4.5,0,0,125,-82.8454
4.525,0,0,125,-82.8527
4.55,0,0,125,-82.8593
4.575,0,0,125,-82.8653
4.6,0,0,125,-82.8707
4.625,0,0,125,-82.8756
4.65,0,0,125,-82.88
4.675,0,0,125,-82.884
4.7,0,0,125,-82.8875
4.725,0,0,125,-82.8906
4.75,0,0,125,-82.8933
4.775,0,0,125,-82.8957
4.8,0,0,125,-82.8978
4.825,0,0,125,-82.8995
4.85,0,0,125,-82.9009
4.875,0,0,125,-82.9021
4.9,0,0,125,-82.9031
4.925,0,0,125,-82.9038
4.95,0,0,125,-82.9043
4.975,0,0,125,-82.9046
5,0,0,125,-82.9048
