0,0,0,125,-83.0997
0.025,0,0,125,-83.1002
0.05,0,0,125,-83.1011
0.075,0,0,125,-83.1024
0.1,0,0,125,-83.104
0.125,0,0,125,-83.1058
0.15,0,0,125,-83.1076
0.175,0,0,125,-83.1095
0.2,0,0,125,-83.1113
0.225,0,0,125,-83.113
0.25,0,0,125,-83.1145
0.275,0,0,125,-83.1158
0.3,0,0,125,-83.1169
0.325,0,0,125,-83.1177
0.35,0,0,125,-83.1183
0.375,0,0,125,-83.1185
0.4,0,0,125,-83.1184
0.425,0,0,125,-83.1179
0.45,0,0,125,-83.117
0.475,0,0,125,-83.1156
0.5,0,0,125,-83.1138
0.525,0,0,125,-83.1114
0.55,0,0,125,-83.1086
0.575,0,0,125,-83.1051
0.6,0,0,125,-83.101
0.625,0,0,125,-83.0963
0.65,0,0,125,-83.0908
0.675,0,0,125,-83.0845
0.7,0,0,125,-83.0774
0.725,0,0,125,-83.0694
0.75,0,0,125,-83.0605
0.775,0,0,125,-83.0505
0.8,0,0,125,-83.0394
0.825,0,0,125,-83.027
0.85,0,0,125,-83.0134
0.875,0,0,125,-82.9983
0.9,0,0,125,-82.9817
0.925,0,0,125,-82.9635
0.95,0,0,125,-82.9434
0.975,0,0,125,-82.9213
1,0,0,125,-82.8971
1.025,0,0,125,-82.8706
1.05,0,0,125,-82.8415
1.075,0,0,125,-82.8097
1.1,0,0,125,-82.7748
1.125,0,0,125,-82.7366
1.15,0,0,125,-82.6948
1.175,0,0,125,-82.6491
1.2,0,0,125,-82.599
1.225,0,0,125,-82.5443
1.25,0,0,125,-82.4844
1.275,0,0,125,-82.4188
1.3,0,0,125,-82.3471
1.325,0,0,125,-82.2686
1.35,0,0,125,-82.1827
1.375,0,0,125,-82.0887
1.4,0,0,125,-81.9858
1.425,0,0,125,-81.8732
1.45,0,0,125,-81.7499
1.475,0,0,125,-81.6149
1.5,0,0,125,-81.4672
1.525,0,0,125,-81.3055
1.55,0,0,125,-81.1284
1.575,0,0,125,-80.9347
1.6,0,0,125,-80.7227
1.625,0,0,125,-80.4908
1.65,0,0,125,-80.2371
1.675,0,0,125,-79.9599
1.7,0,0,125,-79.657
1.725,0,0,125,-79.3262
1.75,0,0,125,-78.9653
1.775,0,0,125,-78.5719
1.8,0,0,125,-78.1434
1.825,0,0,125,-77.6774
1.85,0,0,125,-77.1712
1.875,0,0,125,-76.6223
1.9,0,0,125,-76.028
1.925,0,0,125,-75.3858
1.95,0,0,125,-74.6936
1.975,0,0,125,-73.9491
2,0,0,125,-73.1505
2.025,0,0,125,-72.2965
2.05,0,0,125,-71.3859
2.075,0,0,125,-70.4184
2.1,0,0,125,-69.3939
2.125,0,0,125,-68.3132
2.15,0,0,125,-67.1778
2.175,0,0,125,-65.9897
2.2,0,0,125,-64.7518
2.225,0,0,125,-63.4676
2.25,0,0,125,-62.1413
2.275,0,0,125,-60.7776
2.3,0,0,125,-59.3818
2.325,0,0,125,-57.9595
2.35,0,0,125,-56.5166
2.375,0,0,125,-55.0592
2.4,0,0,125,-53.5934
2.425,0,0,125,-52.1252
2.45,0,0,125,-50.6602
2.475,0,0,125,-49.204
2.5,0,0,125,-47.7617
2.525,0,0,125,-46.3377
2.55,0,0,125,-44.9362
2.575,0,0,125,-43.5607
2.6,0,0,125,-42.2142
2.625,0,0,125,-40.899
2.65,0,0,125,-39.6173
2.675,0,0,125,-38.3703
2.7,0,0,125,-37.1592
2.725,0,0,125,-35.9846
2.75,0,0,125,-34.8469
2.775,0,0,125,-33.7461
2.8,0,0,125,-32.6821
2.825,0,0,125,-31.6546
2.85,0,0,125,-30.6631
2.875,0,0,125,-29.707
2.9,0,0,125,-28.7858
2.925,0,0,125,-27.8987
2.95,0,0,125,-27.0449
2.975,0,0,125,-26.2237
3,0,0,125,-25.4342
3.025,0,0,125,-24.6757
3.05,0,0,125,-23.9472
3.075,0,0,125,-23.248
3.1,0,0,125,-22.5771
3.125,0,0,125,-21.9337
3.15,0,0,125,-21.317
3.175,0,0,125,-20.726
3.2,0,0,125,-20.1599
3.225,0,0,125,-19.6177
3.25,0,0,125,-19.0987
3.275,0,0,125,-18.602
3.3,0,0,125,-18.1268
3.325,0,0,125,-17.6721
3.35,0,0,125,-17.2373
3.375,0,0,125,-16.8215
3.4,0,0,125,-16.4238
3.425,0,0,125,-16.0437
3.45,0,0,125,-15.6802
3.475,0,0,125,-15.3328
3.5,0,0,125,-15.0007
3.525,0,0,125,-14.6832
3.55,0,0,125,-14.3796
3.575,0,0,125,-14.0894
3.6,0,0,125,-13.812
3.625,0,0,125,-13.5467
3.65,0,0,125,-13.293
3.675,0,0,125,-13.0504
3.7,0,0,125,-12.8184
3.725,0,0,125,-12.5964
3.75,0,0,125,-12.384
3.775,0,0,125,-12.1807
3.8,0,0,125,-11.9862
3.825,0,0,125,-11.8001
3.85,0,0,125,-11.6218
3.875,0,0,125,-11.4512
3.9,0,0,125,-11.2878
3.925,0,0,125,-11.1313
3.95,0,0,125,-10.9813
3.975,0,0,125,-10.8377
4,0,0,125,-10.7001
4.025,0,0,125,-10.5683
4.05,0,0,125,-10.4419
4.075,0,0,125,-10.3209
4.1,0,0,125,-10.2049
4.125,0,0,125,-10.0937
4.15,0,0,125,-9.98724
4.175,0,0,125,-9.8852
4.2,0,0,125,-9.78746
4.225,0,0,125,-9.69384
4.25,0,0,125,-9.60421
4.275,0,0,125,-9.51842
4.3,0,0,125,-9.43633
4.325,0,0,125,-9.35783
4.35,0,0,125,-9.2828
4.375,0,0,125,-9.21113
4.4,0,0,125,-9.14273
4.425,0,0,125,-9.07752
4.45,0,0,125,-9.01541
4.475,0,0,125,-8.95632
4.5,0,0,125,-8.90018
4.525,0,0,125,-8.84695
4.55,0,0,125,-8.79656
4.575,0,0,125,-8.74898
4.6,0,0,125,-8.70418
4.625,0,0,125,-8.6621
4.65,0,0,125,-8.62274
4.675,0,0,125,-8.58608
4.7,0,0,125,-8.55209
4.725,0,0,125,-8.52078
4.75,0,0,125,-8.49215
4.775,0,0,125,-8.46619
4.8,0,0,125,-8.44291
4.825,0,0,125,-8.42232
4.85,0,0,125,-8.40442
4.875,0,0,125,-8.38919
4.9,0,0,125,-8.3766
4.925,0,0,125,-8.3666
4.95,0,0,125,-8.35914
4.975,0,0,125,-8.35418
5,0,0,125,-8.3517
