0,0,0,125,-83.0012
0.025,0,0,125,-83.0016
0.05,0,0,125,-83.0024
0.075,0,0,125,-83.0036
0.1,0,0,125,-83.005
0.125,0,0,125,-83.0065
0.15,0,0,125,-83.008
0.175,0,0,125,-83.0094
0.2,0,0,125,-83.0107
0.225,0,0,125,-83.0117
0.25,0,0,125,-83.0124
0.275,0,0,125,-83.0128
0.3,0,0,125,-83.0129
0.325,0,0,125,-83.0125
0.35,0,0,125,-83.0116
0.375,0,0,125,-83.0102
0.4,0,0,125,-83.0083
0.425,0,0,125,-83.0058
0.45,0,0,125,-83.0027
0.475,0,0,125,-82.9988
0.5,0,0,125,-82.9941
0.525,0,0,125,-82.9886
0.55,0,0,125,-82.9822
0.575,0,0,125,-82.9748
0.6,0,0,125,-82.9664
0.625,0,0,125,-82.9567
0.65,0,0,125,-82.9459
0.675,0,0,125,-82.9337
0.7,0,0,125,-82.92
0.725,0,0,125,-82.9046
0.75,0,0,125,-82.8875
0.775,0,0,125,-82.8685
0.8,0,0,125,-82.8475
0.825,0,0,125,-82.8241
0.85,0,0,125,-82.7982
0.875,0,0,125,-82.7696
0.9,0,0,125,-82.7381
0.925,0,0,125,-82.7032
0.95,0,0,125,-82.6648
0.975,0,0,125,-82.6225
1,0,0,125,-82.5759
1.025,0,0,125,-82.5246
1.05,0,0,125,-82.4682
1.075,0,0,125,-82.4061
1.1,0,0,125,-82.3378
1.125,0,0,125,-82.2627
1.15,0,0,125,-82.1801
1.175,0,0,125,-82.0893
1.2,0,0,125,-81.9896
1.225,0,0,125,-81.8799
1.25,0,0,125,-81.7594
1.275,0,0,125,-81.6271
1.3,0,0,125,-81.4817
1.325,0,0,125,-81.322
1.35,0,0,125,-81.1467
1.375,0,0,125,-80.9542
1.4,0,0,125,-80.7429
1.425,0,0,125,-80.5111
1.45,0,0,125,-80.2568
1.475,0,0,125,-79.9781
1.5,0,0,125,-79.6728
1.525,0,0,125,-79.3384
1.55,0,0,125,-78.9725
1.575,0,0,125,-78.5725
1.6,0,0,125,-78.1356
1.625,0,0,125,-77.6589
1.65,0,0,125,-77.1394
1.675,0,0,125,-76.5742
1.7,0,0,125,-75.9602
1.725,0,0,125,-75.2944
1.75,0,0,125,-74.5739
1.775,0,0,125,-73.7961
1.8,0,0,125,-72.9584
1.825,0,0,125,-72.0589
1.85,0,0,125,-71.096
1.875,0,0,125,-70.0685
1.9,0,0,125,-68.9762
1.925,0,0,125,-67.8193
1.95,0,0,125,-66.5992
1.975,0,0,125,-65.3178
2,0,0,125,-63.9782
2.025,0,0,125,-62.5842
2.05,0,0,125,-61.1406
2.075,0,0,125,-59.6528
2.1,0,0,125,-58.127
2.125,0,0,125,-56.57
2.15,0,0,125,-54.9888
2.175,0,0,125,-53.3906
2.2,0,0,125,-51.7828
2.225,0,0,125,-50.1725
2.25,0,0,125,-48.5666
2.275,0,0,125,-46.9714
2.3,0,0,125,-45.3927
2.325,0,0,125,-43.8359
2.35,0,0,125,-42.3053
2.375,0,0,125,-40.805
2.4,0,0,125,-39.338
2.425,0,0,125,-37.9068
2.45,0,0,125,-36.5134
2.475,0,0,125,-35.1591
2.5,0,0,125,-33.845
2.525,0,0,125,-32.5716
2.55,0,0,125,-31.3392
2.575,0,0,125,-30.1478
2.6,0,0,125,-28.9973
2.625,0,0,125,-27.8874
2.65,0,0,125,-26.8176
2.675,0,0,125,-25.7874
2.7,0,0,125,-24.7961
2.725,0,0,125,-23.8432
2.75,0,0,125,-22.9278
2.775,0,0,125,-22.0491
2.8,0,0,125,-21.2063
2.825,0,0,125,-20.3985
2.85,0,0,125,-19.6247
2.875,0,0,125,-18.8839
2.9,0,0,125,-18.1751
2.925,0,0,125,-17.4973
2.95,0,0,125,-16.8495
2.975,0,0,125,-16.2305
3,0,0,125,-15.6393
3.025,0,0,125,-15.0749
3.05,0,0,125,-14.5362
3.075,0,0,125,-14.0221
3.1,0,0,125,-13.5316
3.125,0,0,125,-13.0638
3.15,0,0,125,-12.6175
3.175,0,0,125,-12.1919
3.2,0,0,125,-11.786
3.225,0,0,125,-11.3989
3.25,0,0,125,-11.0297
3.275,0,0,125,-10.6776
3.3,0,0,125,-10.3417
3.325,0,0,125,-10.0212
3.35,0,0,125,-9.71545
3.375,0,0,125,-9.42364
3.4,0,0,125,-9.14508
3.425,0,0,125,-8.87913
3.45,0,0,125,-8.62514
3.475,0,0,125,-8.38252
3.5,0,0,125,-8.15069
3.525,0,0,125,-7.9291
3.55,0,0,125,-7.71725
3.575,0,0,125,-7.51463
3.6,0,0,125,-7.32078
3.625,0,0,125,-7.13527
3.65,0,0,125,-6.95766
3.675,0,0,125,-6.78759
3.7,0,0,125,-6.62465
3.725,0,0,125,-6.46852
3.75,0,0,125,-6.31885
3.775,0,0,125,-6.17533
3.8,0,0,125,-6.03766
3.825,0,0,125,-5.90557
3.85,0,0,125,-5.7788
3.875,0,0,125,-5.65709
3.9,0,0,125,-5.54023
3.925,0,0,125,-5.42797
3.95,0,0,125,-5.32014
3.975,0,0,125,-5.21652
4,0,0,125,-5.11695
4.025,0,0,125,-5.02124
4.05,0,0,125,-4.92924
4.075,0,0,125,-4.84081
4.1,0,0,125,-4.7558
4.125,0,0,125,-4.67407
4.15,0,0,125,-4.59551
4.175,0,0,125,-4.52
4.2,0,0,125,-4.44744
4.225,0,0,125,-4.37772
4.25,0,0,125,-4.31076
4.275,0,0,125,-4.24646
4.3,0,0,125,-4.18475
4.325,0,0,125,-4.12555
4.35,0,0,125,-4.06879
4.375,0,0,125,-4.01442
4.4,0,0,125,-3.96238
4.425,0,0,125,-3.91261
4.45,0,0,125,-3.86508
4.475,0,0,125,-3.81974
4.5,0,0,125,-3.77655
4.525,0,0,125,-3.73548
4.55,0,0,125,-3.69651
4.575,0,0,125,-3.65963
4.6,0,0,125,-3.62481
4.625,0,0,125,-3.59204
4.65,0,0,125,-3.56133
4.675,0,0,125,-3.53267
4.7,0,0,125,-3.50606
4.725,0,0,125,-3.48151
4.75,0,0,125,-3.45904
4.775,0,0,125,-3.43865
4.8,0,0,125,-3.42036
4.825,0,0,125,-3.4042
4.85,0,0,125,-3.39015
4.875,0,0,125,-3.37823
4.9,0,0,125,-3.3684
4.925,0,0,125,-3.36059
4.95,0,0,125,-3.35478
4.975,0,0,125,-3.35092
5,0,0,125,-3.34899
