0,0,0,125,-84.2337
0.025,0,0,125,-84.2338
0.05,0,0,125,-84.234
0.075,0,0,125,-84.2343
0.1,0,0,125,-84.2346
0.125,0,0,125,-84.2351
0.15,0,0,125,-84.2355
0.175,0,0,125,-84.236
0.2,0,0,125,-84.2365
0.225,0,0,125,-84.237
0.25,0,0,125,-84.2375
0.275,0,0,125,-84.238
0.3,0,0,125,-84.2386
0.325,0,0,125,-84.2391
0.35,0,0,125,-84.2396
0.375,0,0,125,-84.2401
0.4,0,0,125,-84.2407
0.425,0,0,125,-84.2412
0.45,0,0,125,-84.2416
0.475,0,0,125,-84.2421
0.5,0,0,125,-84.2426
0.525,0,0,125,-84.2431
0.55,0,0,125,-84.2435
0.575,0,0,125,-84.2439
0.6,0,0,125,-84.2444
0.625,0,0,125,-84.2448
0.65,0,0,125,-84.2452
0.675,0,0,125,-84.2456
0.7,0,0,125,-84.246
0.725,0,0,125,-84.2464
0.75,0,0,125,-84.2467
0.775,0,0,125,-84.2471
0.8,0,0,125,-84.2475
0.825,0,0,125,-84.2479
0.85,0,0,125,-84.2483
0.875,0,0,125,-84.2487
0.9,0,0,125,-84.2491
0.925,0,0,125,-84.2495
0.95,0,0,125,-84.2499
0.975,0,0,125,-84.2503
1,0,0,125,-84.2507
1.025,0,0,125,-84.2511
1.05,0,0,125,-84.2516
1.075,0,0,125,-84.252
1.1,0,0,125,-84.2525
1.125,0,0,125,-84.253
1.15,0,0,125,-84.2534
1.175,0,0,125,-84.2539
1.2,0,0,125,-84.2544
1.225,0,0,125,-84.255
1.25,0,0,125,-84.2555
1.275,0,0,125,-84.2561
1.3,0,0,125,-84.2566
1.325,0,0,125,-84.2572
1.35,0,0,125,-84.2578
1.375,0,0,125,-84.2584
1.4,0,0,125,-84.259
1.425,0,0,125,-84.2597
1.45,0,0,125,-84.2603
1.475,0,0,125,-84.261
1.5,0,0,125,-84.2617
1.525,0,0,125,-84.2624
1.55,0,0,125,-84.2631
1.575,0,0,125,-84.2638
1.6,0,0,125,-84.2645
1.625,0,0,125,-84.2652
1.65,0,0,125,-84.266
1.675,0,0,125,-84.2667
1.7,0,0,125,-84.2675
1.725,0,0,125,-84.2683
1.75,0,0,125,-84.2691
1.775,0,0,125,-84.2698
1.8,0,0,125,-84.2707
1.825,0,0,125,-84.2715
1.85,0,0,125,-84.2723
1.875,0,0,125,-84.2731
1.9,0,0,125,-84.274
1.925,0,0,125,-84.2748
1.95,0,0,125,-84.2757
1.975,0,0,125,-84.2766
2,0,0,125,-84.2775
2.025,0,0,125,-84.2784
2.05,0,0,125,-84.2794
2.075,0,0,125,-84.2803
2.1,0,0,125,-84.2813
2.125,0,0,125,-84.2824
2.15,0,0,125,-84.2835
2.175,0,0,125,-84.2845
2.2,0,0,125,-84.2857
2.225,0,0,125,-84.2868
2.25,0,0,125,-84.288
2.275,0,0,125,-84.2893
2.3,0,0,125,-84.2905
2.325,0,0,125,-84.2918
2.35,0,0,125,-84.2931
2.375,0,0,125,-84.2945
2.4,0,0,125,-84.2959
2.425,0,0,125,-84.2974
2.45,0,0,125,-84.2988
2.475,0,0,125,-84.3003
2.5,0,0,125,-84.3019
2.525,0,0,125,-84.3035
2.55,0,0,125,-84.3051
2.575,0,0,125,-84.3067
2.6,0,0,125,-84.3084
2.625,0,0,125,-84.3101
2.65,0,0,125,-84.3118
2.675,0,0,125,-84.3135
2.7,0,0,125,-84.3152
2.725,0,0,125,-84.317
2.75,0,0,125,-84.3188
2.775,0,0,125,-84.3205
2.8,0,0,125,-84.3223
2.825,0,0,125,-84.3242
2.85,0,0,125,-84.326
2.875,0,0,125,-84.3278
2.9,0,0,125,-84.3297
2.925,0,0,125,-84.3316
2.95,0,0,125,-84.3334
2.975,0,0,125,-84.3353
3,0,0,125,-84.3372
3.025,0,0,125,-84.339
3.05,0,0,125,-84.3409
3.075,0,0,125,-84.3427
3.1,0,0,125,-84.3446
3.125,0,0,125,-84.3464
3.15,0,0,125,-84.3482
3.175,0,0,125,-84.35
3.2,0,0,125,-84.3517
3.225,0,0,125,-84.3535
3.25,0,0,125,-84.3552
3.275,0,0,125,-84.357
3.3,0,0,125,-84.3587
3.325,0,0,125,-84.3604
3.35,0,0,125,-84.3621
3.375,0,0,125,-84.3637
3.4,0,0,125,-84.3654
3.425,0,0,125,-84.367
3.45,0,0,125,-84.3686
3.475,0,0,125,-84.3702
3.5,0,0,125,-84.3718
3.525,0,0,125,-84.3734
3.55,0,0,125,-84.3749
3.575,0,0,125,-84.3765
3.6,0,0,125,-84.3779
3.625,0,0,125,-84.3794
3.65,0,0,125,-84.3808
3.675,0,0,125,-84.3822
3.7,0,0,125,-84.3835
3.725,0,0,125,-84.3848
3.75,0,0,125,-84.386
3.775,0,0,125,-84.3872
3.8,0,0,125,-84.3884
3.825,0,0,125,-84.3895
3.85,0,0,125,-84.3906
3.875,0,0,125,-84.3917
3.9,0,0,125,-84.3927
3.925,0,0,125,-84.3937
3.95,0,0,125,-84.3946
3.975,0,0,125,-84.3956
4,0,0,125,-84.3964
4.025,0,0,125,-84.3973
4.05,0,0,125,-84.3981
4.075,0,0,125,-84.3989
4.1,0,0,125,-84.3996
4.125,0,0,125,-84.4003
4.15,0,0,125,-84.401
4.175,0,0,125,-84.4017
4.2,0,0,125,-84.4023
4.225,0,0,125,-84.4029
4.25,0,0,125,-84.4034
4.275,0,0,125,-84.4039
4.3,0,0,125,-84.4044
4.325,0,0,125,-84.4049
4.35,0,0,125,-84.4053
4.375,0,0,125,-84.4057
4.4,0,0,125,-84.406
4.425,0,0,125,-84.4064
4.45,0,0,125,-84.4067
4.475,0,0,125,-84.407
4.5,0,0,125,-84.4073
4.525,0,0,125,-84.4076
4.55,0,0,125,-84.4078
4.575,0,0,125,-84.4081
4.6,0,0,125,-84.4083
4.625,0,0,125,-84.4085
4.65,0,0,125,-84.4087
4.675,0,0,125,-84.4089
4.7,0,0,125,-84.4091
4.725,0,0,125,-84.4092
4.75,0,0,125,-84.4093
4.775,0,0,125,-84.4094
4.8,0,0,125,-84.4095
4.825,0,0,125,-84.4096
4.85,0,0,125,-84.4097
4.875,0,0,125,-84.4097
4.9,0,0,125,-84.4098
4.925,0,0,125,-84.4098
4.95,0,0,125,-84.4098
4.975,0,0,125,-84.4099
5,0,0,125,-84.4099
