0,0,0,125,-37.7167
0.025,0,0,125,-37.7133
0.05,0,0,125,-37.7065
0.075,0,0,125,-37.6967
0.1,0,0,125,-37.6844
0.125,0,0,125,-37.6699
0.15,0,0,125,-37.6539
0.175,0,0,125,-37.6368
0.2,0,0,125,-37.6191
0.225,0,0,125,-37.6009
0.25,0,0,125,-37.5827
0.275,0,0,125,-37.5646
0.3,0,0,125,-37.547
0.325,0,0,125,-37.5302
0.35,0,0,125,-37.5144
0.375,0,0,125,-37.4999
0.4,0,0,125,-37.487
0.425,0,0,125,-37.476
0.45,0,0,125,-37.4671
0.475,0,0,125,-37.4606
0.5,0,0,125,-37.4568
0.525,0,0,125,-37.456
0.55,0,0,125,-37.4585
0.575,0,0,125,-37.4646
0.6,0,0,125,-37.4745
0.625,0,0,125,-37.4887
0.65,0,0,125,-37.5073
0.675,0,0,125,-37.5307
0.7,0,0,125,-37.5593
0.725,0,0,125,-37.5933
0.75,0,0,125,-37.6331
0.775,0,0,125,-37.679
0.8,0,0,125,-37.7314
0.825,0,0,125,-37.7906
0.85,0,0,125,-37.8571
0.875,0,0,125,-37.9311
0.9,0,0,125,-38.0131
0.925,0,0,125,-38.1035
0.95,0,0,125,-38.2027
0.975,0,0,125,-38.3111
1,0,0,125,-38.4291
1.025,0,0,125,-38.5571
1.05,0,0,125,-38.6957
1.075,0,0,125,-38.8452
1.1,0,0,125,-39.0062
1.125,0,0,125,-39.1791
1.15,0,0,125,-39.3644
1.175,0,0,125,-39.5626
1.2,0,0,125,-39.7742
1.225,0,0,125,-39.9997
1.25,0,0,125,-40.2397
1.275,0,0,125,-40.4947
1.3,0,0,125,-40.7651
1.325,0,0,125,-41.0516
1.35,0,0,125,-41.3546
1.375,0,0,125,-41.6746
1.4,0,0,125,-42.0122
1.425,0,0,125,-42.3678
1.45,0,0,125,-42.742
1.475,0,0,125,-43.1351
1.5,0,0,125,-43.5476
1.525,0,0,125,-43.9798
1.55,0,0,125,-44.4322
1.575,0,0,125,-44.9051
1.6,0,0,125,-45.3986
1.625,0,0,125,-45.9131
1.65,0,0,125,-46.4485
1.675,0,0,125,-47.0051
1.7,0,0,125,-47.5827
1.725,0,0,125,-48.1813
1.75,0,0,125,-48.8006
1.775,0,0,125,-49.4404
1.8,0,0,125,-50.1001
1.825,0,0,125,-50.7794
1.85,0,0,125,-51.4776
1.875,0,0,125,-52.1938
1.9,0,0,125,-52.9272
1.925,0,0,125,-53.6768
1.95,0,0,125,-54.4414
1.975,0,0,125,-55.2197
2,0,0,125,-56.0103
2.025,0,0,125,-56.8118
2.05,0,0,125,-57.6224
2.075,0,0,125,-58.4406
2.1,0,0,125,-59.2644
2.125,0,0,125,-60.092
2.15,0,0,125,-60.9215
2.175,0,0,125,-61.7508
2.2,0,0,125,-62.5779
2.225,0,0,125,-63.4009
2.25,0,0,125,-64.2177
2.275,0,0,125,-65.0263
2.3,0,0,125,-65.8249
2.325,0,0,125,-66.6115
2.35,0,0,125,-67.3844
2.375,0,0,125,-68.1419
2.4,0,0,125,-68.8824
2.425,0,0,125,-69.6046
2.45,0,0,125,-70.3071
2.475,0,0,125,-70.9889
2.5,0,0,125,-71.6489
2.525,0,0,125,-72.2863
2.55,0,0,125,-72.9005
2.575,0,0,125,-73.4909
2.6,0,0,125,-74.0572
2.625,0,0,125,-74.5991
2.65,0,0,125,-75.1168
2.675,0,0,125,-75.6101
2.7,0,0,125,-76.0794
2.725,0,0,125,-76.5249
2.75,0,0,125,-76.947
2.775,0,0,125,-77.3464
2.8,0,0,125,-77.7235
2.825,0,0,125,-78.079
2.85,0,0,125,-78.4137
2.875,0,0,125,-78.7282
2.9,0,0,125,-79.0235
2.925,0,0,125,-79.3003
2.95,0,0,125,-79.5594
2.975,0,0,125,-79.8018
3,0,0,125,-80.0282
3.025,0,0,125,-80.2395
3.05,0,0,125,-80.4366
3.075,0,0,125,-80.6202
3.1,0,0,125,-80.7911
3.125,0,0,125,-80.9501
3.15,0,0,125,-81.098
3.175,0,0,125,-81.2354
3.2,0,0,125,-81.3631
3.225,0,0,125,-81.4817
3.25,0,0,125,-81.5919
3.275,0,0,125,-81.6941
3.3,0,0,125,-81.789
3.325,0,0,125,-81.877
3.35,0,0,125,-81.9588
3.375,0,0,125,-82.0347
3.4,0,0,125,-82.1051
3.425,0,0,125,-82.1705
3.45,0,0,125,-82.2313
3.475,0,0,125,-82.2877
3.5,0,0,125,-82.3402
3.525,0,0,125,-82.389
3.55,0,0,125,-82.4343
3.575,0,0,125,-82.4765
3.6,0,0,125,-82.5158
3.625,0,0,125,-82.5524
3.65,0,0,125,-82.5865
3.675,0,0,125,-82.6183
3.7,0,0,125,-82.6479
3.725,0,0,125,-82.6756
3.75,0,0,125,-82.7014
3.775,0,0,125,-82.7255
3.8,0,0,125,-82.748
3.825,0,0,125,-82.7691
3.85,0,0,125,-82.7888
3.875,0,0,125,-82.8072
3.9,0,0,125,-82.8244
3.925,0,0,125,-82.8405
3.95,0,0,125,-82.8556
3.975,0,0,125,-82.8697
4,0,0,125,-82.8829
4.025,0,0,125,-82.8953
4.05,0,0,125,-82.9069
4.075,0,0,125,-82.9178
4.1,0,0,125,-82.9279
4.125,0,0,125,-82.9374
4.15,0,0,125,-82.9463
4.175,0,0,125,-82.9546
4.2,0,0,125,-82.9623
4.225,0,0,125,-82.9695
4.25,0,0,125,-82.9763
4.275,0,0,125,-82.9826
4.3,0,0,125,-82.9885
4.325,0,0,125,-82.9939
4.35,0,0,125,-82.999
4.375,0,0,125,-83.0037
4.4,0,0,125,-83.008
4.425,0,0,125,-83.0121
4.45,0,0,125,-83.0158
4.475,0,0,125,-83.0192
4.5,0,0,125,-83.0223
4.525,0,0,125,-83.0252
4.55,0,0,125,-83.0278
4.575,0,0,125,-83.0302
4.6,0,0,125,-83.0324
4.625,0,0,125,-83.0344
4.65,0,0,125,-83.0361
4.675,0,0,125,-83.0377
4.7,0,0,125,-83.039
4.725,0,0,125,-83.0402
4.75,0,0,125,-83.0413
4.775,0,0,125,-83.0421
4.8,0,0,125,-83.0429
4.825,0,0,125,-83.0435
4.85,0,0,125,-83.044
4.875,0,0,125,-83.0443
4.9,0,0,125,-83.0446
4.925,0,0,125,-83.0448
4.95,0,0,125,-83.0449
4.975,0,0,125,-83.045
5,0,0,125,-83.045
