0,0,0,125,-83.201
0.025,0,0,125,-83.2015
0.05,0,0,125,-83.2024
0.075,0,0,125,-83.2038
0.1,0,0,125,-83.2054
0.125,0,0,125,-83.2073
0.15,0,0,125,-83.2093
0.175,0,0,125,-83.2114
0.2,0,0,125,-83.2134
0.225,0,0,125,-83.2154
0.25,0,0,125,-83.2173
0.275,0,0,125,-83.219
0.3,0,0,125,-83.2206
0.325,0,0,125,-83.2221
0.35,0,0,125,-83.2233
0.375,0,0,125,-83.2244
0.4,0,0,125,-83.2252
0.425,0,0,125,-83.2257
0.45,0,0,125,-83.226
0.475,0,0,125,-83.226
0.5,0,0,125,-83.2257
0.525,0,0,125,-83.2251
0.55,0,0,125,-83.2241
0.575,0,0,125,-83.2228
0.6,0,0,125,-83.221
0.625,0,0,125,-83.2189
0.65,0,0,125,-83.2163
0.675,0,0,125,-83.2133
0.7,0,0,125,-83.2098
0.725,0,0,125,-83.2058
0.75,0,0,125,-83.2012
0.775,0,0,125,-83.1961
0.8,0,0,125,-83.1904
0.825,0,0,125,-83.184
0.85,0,0,125,-83.177
0.875,0,0,125,-83.1692
0.9,0,0,125,-83.1606
0.925,0,0,125,-83.1513
0.95,0,0,125,-83.141
0.975,0,0,125,-83.1298
1,0,0,125,-83.1176
1.025,0,0,125,-83.1043
1.05,0,0,125,-83.0898
1.075,0,0,125,-83.0741
1.1,0,0,125,-83.057
1.125,0,0,125,-83.0385
1.15,0,0,125,-83.0184
1.175,0,0,125,-82.9965
1.2,0,0,125,-82.9729
1.225,0,0,125,-82.9473
1.25,0,0,125,-82.9195
1.275,0,0,125,-82.8894
1.3,0,0,125,-82.8567
1.325,0,0,125,-82.8213
1.35,0,0,125,-82.7829
1.375,0,0,125,-82.7413
1.4,0,0,125,-82.6961
1.425,0,0,125,-82.6471
1.45,0,0,125,-82.5938
1.475,0,0,125,-82.536
1.5,0,0,125,-82.4732
1.525,0,0,125,-82.405
1.55,0,0,125,-82.3308
1.575,0,0,125,-82.2502
1.6,0,0,125,-82.1624
1.625,0,0,125,-82.0669
1.65,0,0,125,-81.963
1.675,0,0,125,-81.8498
1.7,0,0,125,-81.7265
1.725,0,0,125,-81.5922
1.75,0,0,125,-81.4458
1.775,0,0,125,-81.2864
1.8,0,0,125,-81.1126
1.825,0,0,125,-80.9232
1.85,0,0,125,-80.7169
1.875,0,0,125,-80.4921
1.9,0,0,125,-80.2473
1.925,0,0,125,-79.9809
1.95,0,0,125,-79.6911
1.975,0,0,125,-79.376
2,0,0,125,-79.0338
2.025,0,0,125,-78.6624
2.05,0,0,125,-78.2599
2.075,0,0,125,-77.8243
2.1,0,0,125,-77.3534
2.125,0,0,125,-76.8453
2.15,0,0,125,-76.2982
2.175,0,0,125,-75.7101
2.2,0,0,125,-75.0794
2.225,0,0,125,-74.4047
2.25,0,0,125,-73.6848
2.275,0,0,125,-72.9188
2.3,0,0,125,-72.1061
2.325,0,0,125,-71.2465
2.35,0,0,125,-70.3404
2.375,0,0,125,-69.3884
2.4,0,0,125,-68.3917
2.425,0,0,125,-67.3521
2.45,0,0,125,-66.2718
2.475,0,0,125,-65.1534
2.5,0,0,125,-64
2.525,0,0,125,-62.8152
2.55,0,0,125,-61.603
2.575,0,0,125,-60.3674
2.6,0,0,125,-59.1129
2.625,0,0,125,-57.8441
2.65,0,0,125,-56.5656
2.675,0,0,125,-55.2821
2.7,0,0,125,-53.9981
2.725,0,0,125,-52.718
2.75,0,0,125,-51.446
2.775,0,0,125,-50.186
2.8,0,0,125,-48.9416
2.825,0,0,125,-47.716
2.85,0,0,125,-46.5121
2.875,0,0,125,-45.3325
2.9,0,0,125,-44.1793
2.925,0,0,125,-43.0541
2.95,0,0,125,-41.9584
2.975,0,0,125,-40.8932
3,0,0,125,-39.8593
3.025,0,0,125,-38.8571
3.05,0,0,125,-37.8868
3.075,0,0,125,-36.9484
3.1,0,0,125,-36.0418
3.125,0,0,125,-35.1665
3.15,0,0,125,-34.3221
3.175,0,0,125,-33.508
3.2,0,0,125,-32.7236
3.225,0,0,125,-31.9682
3.25,0,0,125,-31.2409
3.275,0,0,125,-30.541
3.3,0,0,125,-29.8677
3.325,0,0,125,-29.2202
3.35,0,0,125,-28.5977
3.375,0,0,125,-27.9993
3.4,0,0,125,-27.4244
3.425,0,0,125,-26.872
3.45,0,0,125,-26.3415
3.475,0,0,125,-25.832
3.5,0,0,125,-25.3429
3.525,0,0,125,-24.8733
3.55,0,0,125,-24.4227
3.575,0,0,125,-23.9903
3.6,0,0,125,-23.5754
3.625,0,0,125,-23.1774
3.65,0,0,125,-22.7957
3.675,0,0,125,-22.4297
3.7,0,0,125,-22.0787
3.725,0,0,125,-21.7422
3.75,0,0,125,-21.4196
3.775,0,0,125,-21.1103
3.8,0,0,125,-20.814
3.825,0,0,125,-20.5299
3.85,0,0,125,-20.2578
3.875,0,0,125,-19.997
3.9,0,0,125,-19.7472
3.925,0,0,125,-19.5079
3.95,0,0,125,-19.2786
3.975,0,0,125,-19.0591
4,0,0,125,-18.8488
4.025,0,0,125,-18.6475
4.05,0,0,125,-18.4547
4.075,0,0,125,-18.2702
4.1,0,0,125,-18.0937
4.125,0,0,125,-17.9247
4.15,0,0,125,-17.763
4.175,0,0,125,-17.6084
4.2,0,0,125,-17.4606
4.225,0,0,125,-17.3193
4.25,0,0,125,-17.1843
4.275,0,0,125,-17.0554
4.3,0,0,125,-16.9323
4.325,0,0,125,-16.8149
4.35,0,0,125,-16.7029
4.375,0,0,125,-16.5962
4.4,0,0,125,-16.4947
4.425,0,0,125,-16.3982
4.45,0,0,125,-16.3065
4.475,0,0,125,-16.2195
4.5,0,0,125,-16.137
4.525,0,0,125,-16.0591
4.55,0,0,125,-15.9855
4.575,0,0,125,-15.9162
4.6,0,0,125,-15.8512
4.625,0,0,125,-15.7902
4.65,0,0,125,-15.7333
4.675,0,0,125,-15.6805
4.7,0,0,125,-15.6316
4.725,0,0,125,-15.5867
4.75,0,0,125,-15.5456
4.775,0,0,125,-15.5085
4.8,0,0,125,-15.4752
4.825,0,0,125,-15.4457
4.85,0,0,125,-15.4201
4.875,0,0,125,-15.3983
4.9,0,0,125,-15.3803
4.925,0,0,125,-15.3659
4.95,0,0,125,-15.3552
4.975,0,0,125,-15.348
5,0,0,125,-15.3445
