0,0,0,125,-39.1126
0.025,0,0,125,-39.1092
0.05,0,0,125,-39.1027
0.075,0,0,125,-39.0932
0.1,0,0,125,-39.0812
0.125,0,0,125,-39.0673
0.15,0,0,125,-39.0519
0.175,0,0,125,-39.0355
0.2,0,0,125,-39.0185
0.225,0,0,125,-39.0013
0.25,0,0,125,-38.984
0.275,0,0,125,-38.9671
0.3,0,0,125,-38.9508
0.325,0,0,125,-38.9354
0.35,0,0,125,-38.9212
0.375,0,0,125,-38.9084
0.4,0,0,125,-38.8974
0.425,0,0,125,-38.8884
0.45,0,0,125,-38.8818
0.475,0,0,125,-38.8777
0.5,0,0,125,-38.8766
0.525,0,0,125,-38.8787
0.55,0,0,125,-38.8843
0.575,0,0,125,-38.8938
0.6,0,0,125,-38.9074
0.625,0,0,125,-38.9254
0.65,0,0,125,-38.9483
0.675,0,0,125,-38.9763
0.7,0,0,125,-39.0097
0.725,0,0,125,-39.0489
0.75,0,0,125,-39.0943
0.775,0,0,125,-39.1462
0.8,0,0,125,-39.205
0.825,0,0,125,-39.271
0.85,0,0,125,-39.3447
0.875,0,0,125,-39.4265
0.9,0,0,125,-39.5167
0.925,0,0,125,-39.6158
0.95,0,0,125,-39.7241
0.975,0,0,125,-39.8422
1,0,0,125,-39.9705
1.025,0,0,125,-40.1094
1.05,0,0,125,-40.2594
1.075,0,0,125,-40.421
1.1,0,0,125,-40.5946
1.125,0,0,125,-40.7808
1.15,0,0,125,-40.98
1.175,0,0,125,-41.1927
1.2,0,0,125,-41.4195
1.225,0,0,125,-41.6609
1.25,0,0,125,-41.9173
1.275,0,0,125,-42.1893
1.3,0,0,125,-42.4773
1.325,0,0,125,-42.782
1.35,0,0,125,-43.1037
1.375,0,0,125,-43.443
1.4,0,0,125,-43.8003
1.425,0,0,125,-44.176
1.45,0,0,125,-44.5705
1.475,0,0,125,-44.9843
1.5,0,0,125,-45.4176
1.525,0,0,125,-45.8707
1.55,0,0,125,-46.344
1.575,0,0,125,-46.8375
1.6,0,0,125,-47.3514
1.625,0,0,125,-47.8857
1.65,0,0,125,-48.4404
1.675,0,0,125,-49.0155
1.7,0,0,125,-49.6106
1.725,0,0,125,-50.2256
1.75,0,0,125,-50.86
1.775,0,0,125,-51.5132
1.8,0,0,125,-52.1848
1.825,0,0,125,-52.8738
1.85,0,0,125,-53.5796
1.875,0,0,125,-54.3011
1.9,0,0,125,-55.0372
1.925,0,0,125,-55.7866
1.95,0,0,125,-56.5482
1.975,0,0,125,-57.3204
2,0,0,125,-58.1017
2.025,0,0,125,-58.8905
2.05,0,0,125,-59.6851
2.075,0,0,125,-60.4837
2.1,0,0,125,-61.2844
2.125,0,0,125,-62.0854
2.15,0,0,125,-62.8847
2.175,0,0,125,-63.6805
2.2,0,0,125,-64.4709
2.225,0,0,125,-65.2539
2.25,0,0,125,-66.0277
2.275,0,0,125,-66.7906
2.3,0,0,125,-67.5408
2.325,0,0,125,-68.2768
2.35,0,0,125,-68.997
2.375,0,0,125,-69.7001
2.4,0,0,125,-70.3847
2.425,0,0,125,-71.0499
2.45,0,0,125,-71.6946
2.475,0,0,125,-72.3179
2.5,0,0,125,-72.9193
2.525,0,0,125,-73.4981
2.55,0,0,125,-74.0541
2.575,0,0,125,-74.5869
2.6,0,0,125,-75.0964
2.625,0,0,125,-75.5827
2.65,0,0,125,-76.0459
2.675,0,0,125,-76.4863
2.7,0,0,125,-76.9042
2.725,0,0,125,-77.3001
2.75,0,0,125,-77.6744
2.775,0,0,125,-78.0278
2.8,0,0,125,-78.361
2.825,0,0,125,-78.6746
2.85,0,0,125,-78.9693
2.875,0,0,125,-79.246
2.9,0,0,125,-79.5054
2.925,0,0,125,-79.7484
2.95,0,0,125,-79.9756
2.975,0,0,125,-80.1879
3,0,0,125,-80.3862
3.025,0,0,125,-80.5711
3.05,0,0,125,-80.7435
3.075,0,0,125,-80.9041
3.1,0,0,125,-81.0536
3.125,0,0,125,-81.1927
3.15,0,0,125,-81.3221
3.175,0,0,125,-81.4424
3.2,0,0,125,-81.5541
3.225,0,0,125,-81.658
3.25,0,0,125,-81.7545
3.275,0,0,125,-81.8442
3.3,0,0,125,-81.9275
3.325,0,0,125,-82.0049
3.35,0,0,125,-82.0768
3.375,0,0,125,-82.1436
3.4,0,0,125,-82.2058
3.425,0,0,125,-82.2635
3.45,0,0,125,-82.3173
3.475,0,0,125,-82.3673
3.5,0,0,125,-82.4138
3.525,0,0,125,-82.4572
3.55,0,0,125,-82.4976
3.575,0,0,125,-82.5352
3.6,0,0,125,-82.5704
3.625,0,0,125,-82.6031
3.65,0,0,125,-82.6337
3.675,0,0,125,-82.6623
3.7,0,0,125,-82.6891
3.725,0,0,125,-82.714
3.75,0,0,125,-82.7374
3.775,0,0,125,-82.7593
3.8,0,0,125,-82.7798
3.825,0,0,125,-82.799
3.85,0,0,125,-82.8169
3.875,0,0,125,-82.8338
3.9,0,0,125,-82.8496
3.925,0,0,125,-82.8644
3.95,0,0,125,-82.8783
3.975,0,0,125,-82.8913
4,0,0,125,-82.9035
4.025,0,0,125,-82.915
4.05,0,0,125,-82.9257
4.075,0,0,125,-82.9358
4.1,0,0,125,-82.9452
4.125,0,0,125,-82.9541
4.15,0,0,125,-82.9624
4.175,0,0,125,-82.9702
4.2,0,0,125,-82.9774
4.225,0,0,125,-82.9842
4.25,0,0,125,-82.9906
4.275,0,0,125,-82.9965
4.3,0,0,125,-83.002
4.325,0,0,125,-83.0072
4.35,0,0,125,-83.012
4.375,0,0,125,-83.0164
4.4,0,0,125,-83.0205
4.425,0,0,125,-83.0244
4.45,0,0,125,-83.0279
4.475,0,0,125,-83.0311
4.5,0,0,125,-83.0341
4.525,0,0,125,-83.0368
4.55,0,0,125,-83.0393
4.575,0,0,125,-83.0416
4.6,0,0,125,-83.0436
4.625,0,0,125,-83.0455
4.65,0,0,125,-83.0471
4.675,0,0,125,-83.0486
4.7,0,0,125,-83.0499
4.725,0,0,125,-83.0511
4.75,0,0,125,-83.052
4.775,0,0,125,-83.0529
4.8,0,0,125,-83.0536
4.825,0,0,125,-83.0542
4.85,0,0,125,-83.0547
4.875,0,0,125,-83.055
4.9,0,0,125,-83.0553
4.925,0,0,125,-83.0555
4.95,0,0,125,-83.0556
4.975,0,0,125,-83.0557
5,0,0,125,-83.0557
