0,0,0,125,-84.4446
0.025,0,0,125,-84.4447
0.05,0,0,125,-84.4447
0.075,0,0,125,-84.4448
0.1,0,0,125,-84.445
0.125,0,0,125,-84.4452
0.15,0,0,125,-84.4453
0.175,0,0,125,-84.4455
0.2,0,0,125,-84.4457
0.225,0,0,125,-84.4459
0.25,0,0,125,-84.4461
0.275,0,0,125,-84.4463
0.3,0,0,125,-84.4465
0.325,0,0,125,-84.4468
0.35,0,0,125,-84.447
0.375,0,0,125,-84.4472
0.4,0,0,125,-84.4474
0.425,0,0,125,-84.4476
0.45,0,0,125,-84.4478
0.475,0,0,125,-84.448
0.5,0,0,125,-84.4481
0.525,0,0,125,-84.4483
0.55,0,0,125,-84.4485
0.575,0,0,125,-84.4486
0.6,0,0,125,-84.4488
0.625,0,0,125,-84.4489
0.65,0,0,125,-84.4491
0.675,0,0,125,-84.4492
0.7,0,0,125,-84.4494
0.725,0,0,125,-84.4495
0.75,0,0,125,-84.4497
0.775,0,0,125,-84.4498
0.8,0,0,125,-84.45
0.825,0,0,125,-84.4501
0.85,0,0,125,-84.4503
0.875,0,0,125,-84.4504
0.9,0,0,125,-84.4506
0.925,0,0,125,-84.4507
0.95,0,0,125,-84.4509
0.975,0,0,125,-84.4511
1,0,0,125,-84.4512
1.025,0,0,125,-84.4514
1.05,0,0,125,-84.4515
1.075,0,0,125,-84.4517
1.1,0,0,125,-84.4519
1.125,0,0,125,-84.452
1.15,0,0,125,-84.4522
1.175,0,0,125,-84.4524
1.2,0,0,125,-84.4526
1.225,0,0,125,-84.4528
1.25,0,0,125,-84.453
1.275,0,0,125,-84.4531
1.3,0,0,125,-84.4533
1.325,0,0,125,-84.4535
1.35,0,0,125,-84.4537
1.375,0,0,125,-84.4539
1.4,0,0,125,-84.4542
1.425,0,0,125,-84.4544
1.45,0,0,125,-84.4546
1.475,0,0,125,-84.4548
1.5,0,0,125,-84.455
1.525,0,0,125,-84.4553
1.55,0,0,125,-84.4555
1.575,0,0,125,-84.4557
1.6,0,0,125,-84.456
1.625,0,0,125,-84.4562
1.65,0,0,125,-84.4565
1.675,0,0,125,-84.4567
1.7,0,0,125,-84.457
1.725,0,0,125,-84.4573
1.75,0,0,125,-84.4576
1.775,0,0,125,-84.4578
1.8,0,0,125,-84.4581
1.825,0,0,125,-84.4584
1.85,0,0,125,-84.4588
1.875,0,0,125,-84.4591
1.9,0,0,125,-84.4594
1.925,0,0,125,-84.4598
1.95,0,0,125,-84.4601
1.975,0,0,125,-84.4605
2,0,0,125,-84.4609
2.025,0,0,125,-84.4612
2.05,0,0,125,-84.4616
2.075,0,0,125,-84.462
2.1,0,0,125,-84.4624
2.125,0,0,125,-84.4629
2.15,0,0,125,-84.4633
2.175,0,0,125,-84.4637
2.2,0,0,125,-84.4642
2.225,0,0,125,-84.4646
2.25,0,0,125,-84.4651
2.275,0,0,125,-84.4656
2.3,0,0,125,-84.4661
2.325,0,0,125,-84.4666
2.35,0,0,125,-84.4671
2.375,0,0,125,-84.4676
2.4,0,0,125,-84.4681
2.425,0,0,125,-84.4687
2.45,0,0,125,-84.4692
2.475,0,0,125,-84.4698
2.5,0,0,125,-84.4703
2.525,0,0,125,-84.4709
2.55,0,0,125,-84.4715
2.575,0,0,125,-84.4721
2.6,0,0,125,-84.4727
2.625,0,0,125,-84.4733
2.65,0,0,125,-84.4739
2.675,0,0,125,-84.4745
2.7,0,0,125,-84.4752
2.725,0,0,125,-84.4758
2.75,0,0,125,-84.4765
2.775,0,0,125,-84.4771
2.8,0,0,125,-84.4778
2.825,0,0,125,-84.4785
2.85,0,0,125,-84.4792
2.875,0,0,125,-84.4799
2.9,0,0,125,-84.4806
2.925,0,0,125,-84.4814
2.95,0,0,125,-84.4821
2.975,0,0,125,-84.4828
3,0,0,125,-84.4836
3.025,0,0,125,-84.4844
3.05,0,0,125,-84.4851
3.075,0,0,125,-84.4859
3.1,0,0,125,-84.4866
3.125,0,0,125,-84.4874
3.15,0,0,125,-84.4881
3.175,0,0,125,-84.4889
3.2,0,0,125,-84.4896
3.225,0,0,125,-84.4903
3.25,0,0,125,-84.491
3.275,0,0,125,-84.4917
3.3,0,0,125,-84.4924
3.325,0,0,125,-84.493
3.35,0,0,125,-84.4937
3.375,0,0,125,-84.4943
3.4,0,0,125,-84.495
3.425,0,0,125,-84.4956
3.45,0,0,125,-84.4962
3.475,0,0,125,-84.4969
3.5,0,0,125,-84.4975
3.525,0,0,125,-84.4981
3.55,0,0,125,-84.4986
3.575,0,0,125,-84.4992
3.6,0,0,125,-84.4998
3.625,0,0,125,-84.5003
3.65,0,0,125,-84.5008
3.675,0,0,125,-84.5014
3.7,0,0,125,-84.5019
3.725,0,0,125,-84.5023
3.75,0,0,125,-84.5028
3.775,0,0,125,-84.5033
3.8,0,0,125,-84.5037
3.825,0,0,125,-84.5041
3.85,0,0,125,-84.5045
3.875,0,0,125,-84.5049
3.9,0,0,125,-84.5053
3.925,0,0,125,-84.5057
3.95,0,0,125,-84.5061
3.975,0,0,125,-84.5065
4,0,0,125,-84.5068
4.025,0,0,125,-84.5072
4.05,0,0,125,-84.5075
4.075,0,0,125,-84.5078
4.1,0,0,125,-84.5081
4.125,0,0,125,-84.5084
4.15,0,0,125,-84.5087
4.175,0,0,125,-84.509
4.2,0,0,125,-84.5093
4.225,0,0,125,-84.5096
4.25,0,0,125,-84.5098
4.275,0,0,125,-84.5101
4.3,0,0,125,-84.5103
4.325,0,0,125,-84.5105
4.35,0,0,125,-84.5107
4.375,0,0,125,-84.5109
4.4,0,0,125,-84.5111
4.425,0,0,125,-84.5113
4.45,0,0,125,-84.5115
4.475,0,0,125,-84.5116
4.5,0,0,125,-84.5118
4.525,0,0,125,-84.5119
4.55,0,0,125,-84.5121
4.575,0,0,125,-84.5122
4.6,0,0,125,-84.5123
4.625,0,0,125,-84.5124
4.65,0,0,125,-84.5125
4.675,0,0,125,-84.5126
4.7,0,0,125,-84.5126
4.725,0,0,125,-84.5127
4.75,0,0,125,-84.5128
4.775,0,0,125,-84.5128
4.8,0,0,125,-84.5128
4.825,0,0,125,-84.5129
4.85,0,0,125,-84.5129
4.875,0,0,125,-84.5129
4.9,0,0,125,-84.5129
4.925,0,0,125,-84.5128
4.95,0,0,125,-84.5128
4.975,0,0,125,-84.5128
5,0,0,125,-84.5128
