0,0,0,125,-84.3345
0.025,0,0,125,-84.3345
0.05,0,0,125,-84.3347
0.075,0,0,125,-84.3349
0.1,0,0,125,-84.3351
0.125,0,0,125,-84.3354
0.15,0,0,125,-84.3357
0.175,0,0,125,-84.3361
0.2,0,0,125,-84.3364
0.225,0,0,125,-84.3368
0.25,0,0,125,-84.3372
0.275,0,0,125,-84.3376
0.3,0,0,125,-84.338
0.325,0,0,125,-84.3384
0.35,0,0,125,-84.3388
0.375,0,0,125,-84.3391
0.4,0,0,125,-84.3395
0.425,0,0,125,-84.3399
0.45,0,0,125,-84.3402
0.475,0,0,125,-84.3406
0.5,0,0,125,-84.3409
0.525,0,0,125,-84.3412
0.55,0,0,125,-84.3415
0.575,0,0,125,-84.3418
0.6,0,0,125,-84.3421
0.625,0,0,125,-84.3424
0.65,0,0,125,-84.3427
0.675,0,0,125,-84.343
0.7,0,0,125,-84.3432
0.725,0,0,125,-84.3435
0.75,0,0,125,-84.3438
0.775,0,0,125,-84.3441
0.8,0,0,125,-84.3443
0.825,0,0,125,-84.3446
0.85,0,0,125,-84.3449
0.875,0,0,125,-84.3452
0.9,0,0,125,-84.3454
0.925,0,0,125,-84.3457
0.95,0,0,125,-84.346
0.975,0,0,125,-84.3463
1,0,0,125,-84.3466
1.025,0,0,125,-84.3469
1.05,0,0,125,-84.3472
1.075,0,0,125,-84.3475
1.1,0,0,125,-84.3478
1.125,0,0,125,-84.3481
1.15,0,0,125,-84.3485
1.175,0,0,125,-84.3488
1.2,0,0,125,-84.3491
1.225,0,0,125,-84.3495
1.25,0,0,125,-84.3499
1.275,0,0,125,-84.3502
1.3,0,0,125,-84.3506
1.325,0,0,125,-84.351
1.35,0,0,125,-84.3514
1.375,0,0,125,-84.3519
1.4,0,0,125,-84.3523
1.425,0,0,125,-84.3527
1.45,0,0,125,-84.3532
1.475,0,0,125,-84.3537
1.5,0,0,125,-84.3541
1.525,0,0,125,-84.3546
1.55,0,0,125,-84.3552
1.575,0,0,125,-84.3557
1.6,0,0,125,-84.3562
1.625,0,0,125,-84.3568
1.65,0,0,125,-84.3573
1.675,0,0,125,-84.3579
1.7,0,0,125,-84.3584
1.725,0,0,125,-84.359
1.75,0,0,125,-84.3596
1.775,0,0,125,-84.3602
1.8,0,0,125,-84.3608
1.825,0,0,125,-84.3615
1.85,0,0,125,-84.3621
1.875,0,0,125,-84.3628
1.9,0,0,125,-84.3634
1.925,0,0,125,-84.3641
1.95,0,0,125,-84.3648
1.975,0,0,125,-84.3654
2,0,0,125,-84.3661
2.025,0,0,125,-84.3669
2.05,0,0,125,-84.3676
2.075,0,0,125,-84.3683
2.1,0,0,125,-84.369
2.125,0,0,125,-84.3698
2.15,0,0,125,-84.3705
2.175,0,0,125,-84.3713
2.2,0,0,125,-84.3721
2.225,0,0,125,-84.3729
2.25,0,0,125,-84.3738
2.275,0,0,125,-84.3747
2.3,0,0,125,-84.3755
2.325,0,0,125,-84.3765
2.35,0,0,125,-84.3774
2.375,0,0,125,-84.3784
2.4,0,0,125,-84.3793
2.425,0,0,125,-84.3803
2.45,0,0,125,-84.3814
2.475,0,0,125,-84.3824
2.5,0,0,125,-84.3835
2.525,0,0,125,-84.3846
2.55,0,0,125,-84.3857
2.575,0,0,125,-84.3869
2.6,0,0,125,-84.388
2.625,0,0,125,-84.3892
2.65,0,0,125,-84.3904
2.675,0,0,125,-84.3916
2.7,0,0,125,-84.3928
2.725,0,0,125,-84.3941
2.75,0,0,125,-84.3953
2.775,0,0,125,-84.3966
2.8,0,0,125,-84.3978
2.825,0,0,125,-84.3991
2.85,0,0,125,-84.4004
2.875,0,0,125,-84.4017
2.9,0,0,125,-84.403
2.925,0,0,125,-84.4043
2.95,0,0,125,-84.4056
2.975,0,0,125,-84.4069
3,0,0,125,-84.4082
3.025,0,0,125,-84.4095
3.05,0,0,125,-84.4108
3.075,0,0,125,-84.4121
3.1,0,0,125,-84.4134
3.125,0,0,125,-84.4146
3.15,0,0,125,-84.4159
3.175,0,0,125,-84.4171
3.2,0,0,125,-84.4183
3.225,0,0,125,-84.4196
3.25,0,0,125,-84.4208
3.275,0,0,125,-84.422
3.3,0,0,125,-84.4232
3.325,0,0,125,-84.4243
3.35,0,0,125,-84.4255
3.375,0,0,125,-84.4267
3.4,0,0,125,-84.4278
3.425,0,0,125,-84.429
3.45,0,0,125,-84.4301
3.475,0,0,125,-84.4312
3.5,0,0,125,-84.4323
3.525,0,0,125,-84.4334
3.55,0,0,125,-84.4345
3.575,0,0,125,-84.4356
3.6,0,0,125,-84.4366
3.625,0,0,125,-84.4376
3.65,0,0,125,-84.4386
3.675,0,0,125,-84.4396
3.7,0,0,125,-84.4405
3.725,0,0,125,-84.4414
3.75,0,0,125,-84.4423
3.775,0,0,125,-84.4431
3.8,0,0,125,-84.4439
3.825,0,0,125,-84.4447
3.85,0,0,125,-84.4455
3.875,0,0,125,-84.4462
3.9,0,0,125,-84.4469
3.925,0,0,125,-84.4476
3.95,0,0,125,-84.4483
3.975,0,0,125,-84.4489
4,0,0,125,-84.4495
4.025,0,0,125,-84.45
4.05,0,0,125,-84.4506
4.075,0,0,125,-84.4511
4.1,0,0,125,-84.4516
4.125,0,0,125,-84.452
4.15,0,0,125,-84.4525
4.175,0,0,125,-84.4529
4.2,0,0,125,-84.4534
4.225,0,0,125,-84.4538
4.25,0,0,125,-84.4542
4.275,0,0,125,-84.4545
4.3,0,0,125,-84.4549
4.325,0,0,125,-84.4553
4.35,0,0,125,-84.4556
4.375,0,0,125,-84.4559
4.4,0,0,125,-84.4562
4.425,0,0,125,-84.4565
4.45,0,0,125,-84.4568
4.475,0,0,125,-84.457
4.5,0,0,125,-84.4573
4.525,0,0,125,-84.4575
4.55,0,0,125,-84.4577
4.575,0,0,125,-84.4579
4.6,0,0,125,-84.4581
4.625,0,0,125,-84.4583
4.65,0,0,125,-84.4584
4.675,0,0,125,-84.4585
4.7,0,0,125,-84.4587
4.725,0,0,125,-84.4588
4.75,0,0,125,-84.4589
4.775,0,0,125,-84.4589
4.8,0,0,125,-84.459
4.825,0,0,125,-84.459
4.85,0,0,125,-84.459
4.875,0,0,125,-84.4591
4.9,0,0,125,-84.459
4.925,0,0,125,-84.459
4.95,0,0,125,-84.459
4.975,0,0,125,-84.459
5,0,0,125,-84.459
