0,0,0,125,-82.4127
0.025,0,0,125,-82.4129
0.05,0,0,125,-82.4133
0.075,0,0,125,-82.414
0.1,0,0,125,-82.4147
0.125,0,0,125,-82.4155
0.15,0,0,125,-82.4162
0.175,0,0,125,-82.4169
0.2,0,0,125,-82.4174
0.225,0,0,125,-82.4177
0.25,0,0,125,-82.418
0.275,0,0,125,-82.418
0.3,0,0,125,-82.4179
0.325,0,0,125,-82.4175
0.35,0,0,125,-82.417
0.375,0,0,125,-82.4163
0.4,0,0,125,-82.4155
0.425,0,0,125,-82.4144
0.45,0,0,125,-82.4132
0.475,0,0,125,-82.4118
0.5,0,0,125,-82.4102
0.525,0,0,125,-82.4084
0.55,0,0,125,-82.4065
0.575,0,0,125,-82.4044
0.6,0,0,125,-82.4021
0.625,0,0,125,-82.3997
0.65,0,0,125,-82.3971
0.675,0,0,125,-82.3943
0.7,0,0,125,-82.3913
0.725,0,0,125,-82.3883
0.75,0,0,125,-82.385
0.775,0,0,125,-82.3816
0.8,0,0,125,-82.3781
0.825,0,0,125,-82.3743
0.85,0,0,125,-82.3705
0.875,0,0,125,-82.3664
0.9,0,0,125,-82.3623
0.925,0,0,125,-82.3579
0.95,0,0,125,-82.3535
0.975,0,0,125,-82.3488
1,0,0,125,-82.3441
1.025,0,0,125,-82.3392
1.05,0,0,125,-82.3341
1.075,0,0,125,-82.3289
1.1,0,0,125,-82.3235
1.125,0,0,125,-82.318
1.15,0,0,125,-82.3123
1.175,0,0,125,-82.3065
1.2,0,0,125,-82.3006
1.225,0,0,125,-82.2944
1.25,0,0,125,-82.2882
1.275,0,0,125,-82.2818
1.3,0,0,125,-82.2752
1.325,0,0,125,-82.2685
1.35,0,0,125,-82.2616
1.375,0,0,125,-82.2546
1.4,0,0,125,-82.2474
1.425,0,0,125,-82.24
1.45,0,0,125,-82.2325
1.475,0,0,125,-82.2248
1.5,0,0,125,-82.217
1.525,0,0,125,-82.209
1.55,0,0,125,-82.2008
1.575,0,0,125,-82.1925
1.6,0,0,125,-82.184
1.625,0,0,125,-82.1754
1.65,0,0,125,-82.1665
1.675,0,0,125,-82.1575
1.7,0,0,125,-82.1483
1.725,0,0,125,-82.139
1.75,0,0,125,-82.1294
1.775,0,0,125,-82.1197
1.8,0,0,125,-82.1098
1.825,0,0,125,-82.0997
1.85,0,0,125,-82.0894
1.875,0,0,125,-82.0789
1.9,0,0,125,-82.0682
1.925,0,0,125,-82.0573
1.95,0,0,125,-82.0463
1.975,0,0,125,-82.035
2,0,0,125,-82.0235
2.025,0,0,125,-82.0118
2.05,0,0,125,-81.9999
2.075,0,0,125,-81.9878
2.1,0,0,125,-81.9755
2.125,0,0,125,-81.9629
2.15,0,0,125,-81.9502
2.175,0,0,125,-81.9372
2.2,0,0,125,-81.924
2.225,0,0,125,-81.9105
2.25,0,0,125,-81.8968
2.275,0,0,125,-81.8829
2.3,0,0,125,-81.8688
2.325,0,0,125,-81.8544
2.35,0,0,125,-81.8397
2.375,0,0,125,-81.8249
2.4,0,0,125,-81.8097
2.425,0,0,125,-81.7943
2.45,0,0,125,-81.7787
2.475,0,0,125,-81.7627
2.5,0,0,125,-81.7466
2.525,0,0,125,-81.7301
2.55,0,0,125,-81.7134
2.575,0,0,125,-81.6964
2.6,0,0,125,-81.6792
2.625,0,0,125,-81.6616
2.65,0,0,125,-81.6438
2.675,0,0,125,-81.6257
2.7,0,0,125,-81.6073
2.725,0,0,125,-81.5886
2.75,0,0,125,-81.5696
2.775,0,0,125,-81.5504
2.8,0,0,125,-81.5308
2.825,0,0,125,-81.511
2.85,0,0,125,-81.4908
2.875,0,0,125,-81.4703
2.9,0,0,125,-81.4496
2.925,0,0,125,-81.4285
2.95,0,0,125,-81.4071
2.975,0,0,125,-81.3854
3,0,0,125,-81.3634
3.025,0,0,125,-81.3411
3.05,0,0,125,-81.3185
3.075,0,0,125,-81.2956
3.1,0,0,125,-81.2724
3.125,0,0,125,-81.2488
3.15,0,0,125,-81.225
3.175,0,0,125,-81.2009
3.2,0,0,125,-81.1764
3.225,0,0,125,-81.1516
3.25,0,0,125,-81.1266
3.275,0,0,125,-81.1012
3.3,0,0,125,-81.0756
3.325,0,0,125,-81.0496
3.35,0,0,125,-81.0234
3.375,0,0,125,-80.9969
3.4,0,0,125,-80.9701
3.425,0,0,125,-80.943
3.45,0,0,125,-80.9157
3.475,0,0,125,-80.8881
3.5,0,0,125,-80.8603
3.525,0,0,125,-80.8322
3.55,0,0,125,-80.8039
3.575,0,0,125,-80.7753
3.6,0,0,125,-80.7465
3.625,0,0,125,-80.7176
3.65,0,0,125,-80.6884
3.675,0,0,125,-80.6591
3.7,0,0,125,-80.6296
3.725,0,0,125,-80.5999
3.75,0,0,125,-80.5702
3.775,0,0,125,-80.5403
3.8,0,0,125,-80.5103
3.825,0,0,125,-80.4802
3.85,0,0,125,-80.45
3.875,0,0,125,-80.4198
3.9,0,0,125,-80.3896
3.925,0,0,125,-80.3594
3.95,0,0,125,-80.3292
3.975,0,0,125,-80.299
4,0,0,125,-80.2689
4.025,0,0,125,-80.2389
4.05,0,0,125,-80.209
4.075,0,0,125,-80.1793
4.1,0,0,125,-80.1497
4.125,0,0,125,-80.1204
4.15,0,0,125,-80.0913
4.175,0,0,125,-80.0624
4.2,0,0,125,-80.0339
4.225,0,0,125,-80.0057
4.25,0,0,125,-79.9778
4.275,0,0,125,-79.9504
4.3,0,0,125,-79.9234
4.325,0,0,125,-79.8968
4.35,0,0,125,-79.8707
4.375,0,0,125,-79.8452
4.4,0,0,125,-79.8203
4.425,0,0,125,-79.796
4.45,0,0,125,-79.7723
4.475,0,0,125,-79.7493
4.5,0,0,125,-79.727
4.525,0,0,125,-79.7055
4.55,0,0,125,-79.6848
4.575,0,0,125,-79.6649
4.6,0,0,125,-79.6459
4.625,0,0,125,-79.6278
4.65,0,0,125,-79.6106
4.675,0,0,125,-79.5944
4.7,0,0,125,-79.5792
4.725,0,0,125,-79.565
4.75,0,0,125,-79.5519
4.775,0,0,125,-79.5399
4.8,0,0,125,-79.5289
4.825,0,0,125,-79.5192
4.85,0,0,125,-79.5105
4.875,0,0,125,-79.5031
4.9,0,0,125,-79.4969
4.925,0,0,125,-79.4919
4.95,0,0,125,-79.4881
4.975,0,0,125,-79.4856
5,0,0,125,-79.4843
