0,0,0,125,-6.00967
0.025,0,0,125,-6.00544
0.05,0,0,125,-5.99711
0.075,0,0,125,-5.98502
0.1,0,0,125,-5.96964
0.125,0,0,125,-5.95154
0.15,0,0,125,-5.93127
0.175,0,0,125,-5.90929
0.2,0,0,125,-5.88592
0.225,0,0,125,-5.86141
0.25,0,0,125,-5.83597
0.275,0,0,125,-5.80977
0.3,0,0,125,-5.78299
0.325,0,0,125,-5.75581
0.35,0,0,125,-5.72836
0.375,0,0,125,-5.70081
0.4,0,0,125,-5.6733
0.425,0,0,125,-5.64597
0.45,0,0,125,-5.61894
0.475,0,0,125,-5.59235
0.5,0,0,125,-5.56633
0.525,0,0,125,-5.54098
0.55,0,0,125,-5.51644
0.575,0,0,125,-5.4928
0.6,0,0,125,-5.47019
0.625,0,0,125,-5.4487
0.65,0,0,125,-5.42844
0.675,0,0,125,-5.40953
0.7,0,0,125,-5.39206
0.725,0,0,125,-5.37614
0.75,0,0,125,-5.36188
0.775,0,0,125,-5.34937
0.8,0,0,125,-5.33873
0.825,0,0,125,-5.33005
0.85,0,0,125,-5.32345
0.875,0,0,125,-5.31903
0.9,0,0,125,-5.31691
0.925,0,0,125,-5.31719
0.95,0,0,125,-5.31999
0.975,0,0,125,-5.32541
1,0,0,125,-5.33358
1.025,0,0,125,-5.3446
1.05,0,0,125,-5.35861
1.075,0,0,125,-5.37571
1.1,0,0,125,-5.39605
1.125,0,0,125,-5.41974
1.15,0,0,125,-5.44691
1.175,0,0,125,-5.47771
1.2,0,0,125,-5.51227
1.225,0,0,125,-5.55072
1.25,0,0,125,-5.59321
1.275,0,0,125,-5.63989
1.3,0,0,125,-5.6909
1.325,0,0,125,-5.7464
1.35,0,0,125,-5.80654
1.375,0,0,125,-5.87148
1.4,0,0,125,-5.94139
1.425,0,0,125,-6.01643
1.45,0,0,125,-6.09676
1.475,0,0,125,-6.18255
1.5,0,0,125,-6.27398
1.525,0,0,125,-6.37122
1.55,0,0,125,-6.47445
1.575,0,0,125,-6.58385
1.6,0,0,125,-6.69961
1.625,0,0,125,-6.82191
1.65,0,0,125,-6.95094
1.675,0,0,125,-7.08689
1.7,0,0,125,-7.22997
1.725,0,0,125,-7.38037
1.75,0,0,125,-7.5383
1.775,0,0,125,-7.70397
1.8,0,0,125,-7.87759
1.825,0,0,125,-8.05939
1.85,0,0,125,-8.24959
1.875,0,0,125,-8.44843
1.9,0,0,125,-8.65615
1.925,0,0,125,-8.873
1.95,0,0,125,-9.09925
1.975,0,0,125,-9.33516
2,0,0,125,-9.58102
2.025,0,0,125,-9.83711
2.05,0,0,125,-10.1037
2.075,0,0,125,-10.3812
2.1,0,0,125,-10.6699
2.125,0,0,125,-10.9701
2.15,0,0,125,-11.2822
2.175,0,0,125,-11.6065
2.2,0,0,125,-11.9435
2.225,0,0,125,-12.2935
2.25,0,0,125,-12.6569
2.275,0,0,125,-13.0342
2.3,0,0,125,-13.4258
2.325,0,0,125,-13.8322
2.35,0,0,125,-14.2537
2.375,0,0,125,-14.691
2.4,0,0,125,-15.1443
2.425,0,0,125,-15.6143
2.45,0,0,125,-16.1015
2.475,0,0,125,-16.6063
2.5,0,0,125,-17.1292
2.525,0,0,125,-17.6707
2.55,0,0,125,-18.2314
2.575,0,0,125,-18.8117
2.6,0,0,125,-19.4121
2.625,0,0,125,-20.0332
2.65,0,0,125,-20.6753
2.675,0,0,125,-21.3391
2.7,0,0,125,-22.0248
2.725,0,0,125,-22.7331
2.75,0,0,125,-23.4643
2.775,0,0,125,-24.2189
2.8,0,0,125,-24.9972
2.825,0,0,125,-25.7996
2.85,0,0,125,-26.6266
2.875,0,0,125,-27.4784
2.9,0,0,125,-28.3555
2.925,0,0,125,-29.258
2.95,0,0,125,-30.1862
2.975,0,0,125,-31.1404
3,0,0,125,-32.1208
3.025,0,0,125,-33.1273
3.05,0,0,125,-34.1599
3.075,0,0,125,-35.2186
3.1,0,0,125,-36.303
3.125,0,0,125,-37.4126
3.15,0,0,125,-38.5467
3.175,0,0,125,-39.7045
3.2,0,0,125,-40.8847
3.225,0,0,125,-42.0858
3.25,0,0,125,-43.3061
3.275,0,0,125,-44.5435
3.3,0,0,125,-45.7957
3.325,0,0,125,-47.0598
3.35,0,0,125,-48.333
3.375,0,0,125,-49.612
3.4,0,0,125,-50.8935
3.425,0,0,125,-52.1738
3.45,0,0,125,-53.4492
3.475,0,0,125,-54.7159
3.5,0,0,125,-55.9702
3.525,0,0,125,-57.2083
3.55,0,0,125,-58.4267
3.575,0,0,125,-59.6219
3.6,0,0,125,-60.7907
3.625,0,0,125,-61.9301
3.65,0,0,125,-63.0375
3.675,0,0,125,-64.1106
3.7,0,0,125,-65.1474
3.725,0,0,125,-66.1462
3.75,0,0,125,-67.1058
3.775,0,0,125,-68.0253
3.8,0,0,125,-68.9041
3.825,0,0,125,-69.7418
3.85,0,0,125,-70.5386
3.875,0,0,125,-71.2948
3.9,0,0,125,-72.0108
3.925,0,0,125,-72.6875
3.95,0,0,125,-73.3258
3.975,0,0,125,-73.9268
4,0,0,125,-74.4917
4.025,0,0,125,-75.0219
4.05,0,0,125,-75.5187
4.075,0,0,125,-75.9836
4.1,0,0,125,-76.418
4.125,0,0,125,-76.8235
4.15,0,0,125,-77.2015
4.175,0,0,125,-77.5536
4.2,0,0,125,-77.8811
4.225,0,0,125,-78.1855
4.25,0,0,125,-78.4682
4.275,0,0,125,-78.7303
4.3,0,0,125,-78.9734
4.325,0,0,125,-79.1984
4.35,0,0,125,-79.4066
4.375,0,0,125,-79.5991
4.4,0,0,125,-79.7769
4.425,0,0,125,-79.9409
4.45,0,0,125,-80.0921
4.475,0,0,125,-80.2314
4.5,0,0,125,-80.3595
4.525,0,0,125,-80.4771
4.55,0,0,125,-80.5851
4.575,0,0,125,-80.6839
4.6,0,0,125,-80.7742
4.625,0,0,125,-80.8566
4.65,0,0,125,-80.9316
4.675,0,0,125,-80.9996
4.7,0,0,125,-81.0611
4.725,0,0,125,-81.1164
4.75,0,0,125,-81.1658
4.775,0,0,125,-81.2098
4.8,0,0,125,-81.2486
4.825,0,0,125,-81.2825
4.85,0,0,125,-81.3115
4.875,0,0,125,-81.3361
4.9,0,0,125,-81.3563
4.925,0,0,125,-81.3723
4.95,0,0,125,-81.3842
4.975,0,0,125,-81.392
5,0,0,125,-81.396
