0,0,0,125,-83.2493
0.025,0,0,125,-83.2496
0.05,0,0,125,-83.2503
0.075,0,0,125,-83.2514
0.1,0,0,125,-83.2527
0.125,0,0,125,-83.2541
0.15,0,0,125,-83.2557
0.175,0,0,125,-83.2574
0.2,0,0,125,-83.2592
0.225,0,0,125,-83.2609
0.25,0,0,125,-83.2627
0.275,0,0,125,-83.2645
0.3,0,0,125,-83.2662
0.325,0,0,125,-83.268
0.35,0,0,125,-83.2697
0.375,0,0,125,-83.2714
0.4,0,0,125,-83.2731
0.425,0,0,125,-83.2748
0.45,0,0,125,-83.2765
0.475,0,0,125,-83.2781
0.5,0,0,125,-83.2798
0.525,0,0,125,-83.2814
0.55,0,0,125,-83.283
0.575,0,0,125,-83.2846
0.6,0,0,125,-83.2862
0.625,0,0,125,-83.2877
0.65,0,0,125,-83.2892
0.675,0,0,125,-83.2908
0.7,0,0,125,-83.2923
0.725,0,0,125,-83.2938
0.75,0,0,125,-83.2953
0.775,0,0,125,-83.2968
0.8,0,0,125,-83.2983
0.825,0,0,125,-83.2998
0.85,0,0,125,-83.3013
0.875,0,0,125,-83.3028
0.9,0,0,125,-83.3043
0.925,0,0,125,-83.3059
0.95,0,0,125,-83.3074
0.975,0,0,125,-83.309
1,0,0,125,-83.3105
1.025,0,0,125,-83.3121
1.05,0,0,125,-83.3137
1.075,0,0,125,-83.3154
1.1,0,0,125,-83.317
1.125,0,0,125,-83.3186
1.15,0,0,125,-83.3203
1.175,0,0,125,-83.322
1.2,0,0,125,-83.3237
1.225,0,0,125,-83.3254
1.25,0,0,125,-83.3271
1.275,0,0,125,-83.3289
1.3,0,0,125,-83.3307
1.325,0,0,125,-83.3326
1.35,0,0,125,-83.3345
1.375,0,0,125,-83.3364
1.4,0,0,125,-83.3384
1.425,0,0,125,-83.3404
1.45,0,0,125,-83.3425
1.475,0,0,125,-83.3446
1.5,0,0,125,-83.3467
1.525,0,0,125,-83.3489
1.55,0,0,125,-83.351
1.575,0,0,125,-83.3533
1.6,0,0,125,-83.3555
1.625,0,0,125,-83.3579
1.65,0,0,125,-83.3603
1.675,0,0,125,-83.3627
1.7,0,0,125,-83.3652
1.725,0,0,125,-83.3678
1.75,0,0,125,-83.3704
1.775,0,0,125,-83.3731
1.8,0,0,125,-83.3759
1.825,0,0,125,-83.3787
1.85,0,0,125,-83.3815
1.875,0,0,125,-83.3845
1.9,0,0,125,-83.3875
1.925,0,0,125,-83.3906
1.95,0,0,125,-83.3938
1.975,0,0,125,-83.3971
2,0,0,125,-83.4004
2.025,0,0,125,-83.4038
2.05,0,0,125,-83.4074
2.075,0,0,125,-83.411
2.1,0,0,125,-83.4147
2.125,0,0,125,-83.4185
2.15,0,0,125,-83.4224
2.175,0,0,125,-83.4265
2.2,0,0,125,-83.4306
2.225,0,0,125,-83.4348
2.25,0,0,125,-83.4392
2.275,0,0,125,-83.4436
2.3,0,0,125,-83.4481
2.325,0,0,125,-83.4526
2.35,0,0,125,-83.4573
2.375,0,0,125,-83.4621
2.4,0,0,125,-83.467
2.425,0,0,125,-83.472
2.45,0,0,125,-83.4771
2.475,0,0,125,-83.4823
2.5,0,0,125,-83.4877
2.525,0,0,125,-83.4931
2.55,0,0,125,-83.4986
2.575,0,0,125,-83.5043
2.6,0,0,125,-83.51
2.625,0,0,125,-83.5157
2.65,0,0,125,-83.5216
2.675,0,0,125,-83.5276
2.7,0,0,125,-83.5336
2.725,0,0,125,-83.5397
2.75,0,0,125,-83.5459
2.775,0,0,125,-83.5522
2.8,0,0,125,-83.5586
2.825,0,0,125,-83.565
2.85,0,0,125,-83.5715
2.875,0,0,125,-83.578
2.9,0,0,125,-83.5846
2.925,0,0,125,-83.5911
2.95,0,0,125,-83.5978
2.975,0,0,125,-83.6044
3,0,0,125,-83.6111
3.025,0,0,125,-83.6178
3.05,0,0,125,-83.6245
3.075,0,0,125,-83.6312
3.1,0,0,125,-83.6379
3.125,0,0,125,-83.6446
3.15,0,0,125,-83.6513
3.175,0,0,125,-83.658
3.2,0,0,125,-83.6646
3.225,0,0,125,-83.6713
3.25,0,0,125,-83.6779
3.275,0,0,125,-83.6844
3.3,0,0,125,-83.6909
3.325,0,0,125,-83.6973
3.35,0,0,125,-83.7037
3.375,0,0,125,-83.71
3.4,0,0,125,-83.7162
3.425,0,0,125,-83.7223
3.45,0,0,125,-83.7283
3.475,0,0,125,-83.7343
3.5,0,0,125,-83.7402
3.525,0,0,125,-83.7459
3.55,0,0,125,-83.7516
3.575,0,0,125,-83.7571
3.6,0,0,125,-83.7626
3.625,0,0,125,-83.7679
3.65,0,0,125,-83.7731
3.675,0,0,125,-83.7782
3.7,0,0,125,-83.7832
3.725,0,0,125,-83.788
3.75,0,0,125,-83.7928
3.775,0,0,125,-83.7974
3.8,0,0,125,-83.8019
3.825,0,0,125,-83.8062
3.85,0,0,125,-83.8105
3.875,0,0,125,-83.8145
3.9,0,0,125,-83.8185
3.925,0,0,125,-83.8223
3.95,0,0,125,-83.826
3.975,0,0,125,-83.8295
4,0,0,125,-83.8329
4.025,0,0,125,-83.8362
4.05,0,0,125,-83.8393
4.075,0,0,125,-83.8423
4.1,0,0,125,-83.8451
4.125,0,0,125,-83.8478
4.15,0,0,125,-83.8504
4.175,0,0,125,-83.8529
4.2,0,0,125,-83.8553
4.225,0,0,125,-83.8575
4.25,0,0,125,-83.8597
4.275,0,0,125,-83.8617
4.3,0,0,125,-83.8636
4.325,0,0,125,-83.8654
4.35,0,0,125,-83.8671
4.375,0,0,125,-83.8687
4.4,0,0,125,-83.8701
4.425,0,0,125,-83.8715
4.45,0,0,125,-83.8728
4.475,0,0,125,-83.874
4.5,0,0,125,-83.8751
4.525,0,0,125,-83.8761
4.55,0,0,125,-83.8771
4.575,0,0,125,-83.8779
4.6,0,0,125,-83.8787
4.625,0,0,125,-83.8794
4.65,0,0,125,-83.88
4.675,0,0,125,-83.8806
4.7,0,0,125,-83.8811
4.725,0,0,125,-83.8815
4.75,0,0,125,-83.8819
4.775,0,0,125,-83.8822
4.8,0,0,125,-83.8825
4.825,0,0,125,-83.8827
4.85,0,0,125,-83.8829
4.875,0,0,125,-83.883
4.9,0,0,125,-83.8831
4.925,0,0,125,-83.8831
4.95,0,0,125,-83.8832
4.975,0,0,125,-83.8832
5,0,0,125,-83.8832
