0,0,0,125,2.45103
0.025,0,0,125,2.45454
0.05,0,0,125,2.46142
0.075,0,0,125,2.47144
0.1,0,0,125,2.48425
0.125,0,0,125,2.49941
0.15,0,0,125,2.51653
0.175,0,0,125,2.53527
0.2,0,0,125,2.55542
0.225,0,0,125,2.57685
0.25,0,0,125,2.59946
0.275,0,0,125,2.62314
0.3,0,0,125,2.64783
0.325,0,0,125,2.67343
0.35,0,0,125,2.69987
0.375,0,0,125,2.7271
0.4,0,0,125,2.75505
0.425,0,0,125,2.78367
0.45,0,0,125,2.8129
0.475,0,0,125,2.8427
0.5,0,0,125,2.87302
0.525,0,0,125,2.90383
0.55,0,0,125,2.93509
0.575,0,0,125,2.96677
0.6,0,0,125,2.99883
0.625,0,0,125,3.03125
0.65,0,0,125,3.06399
0.675,0,0,125,3.09704
0.7,0,0,125,3.13036
0.725,0,0,125,3.16395
0.75,0,0,125,3.19777
0.775,0,0,125,3.23181
0.8,0,0,125,3.26606
0.825,0,0,125,3.3005
0.85,0,0,125,3.33511
0.875,0,0,125,3.36988
0.9,0,0,125,3.40479
0.925,0,0,125,3.43984
0.95,0,0,125,3.475
0.975,0,0,125,3.51028
1,0,0,125,3.54565
1.025,0,0,125,3.58111
1.05,0,0,125,3.61666
1.075,0,0,125,3.65228
1.1,0,0,125,3.68797
1.125,0,0,125,3.72372
1.15,0,0,125,3.75952
1.175,0,0,125,3.79537
1.2,0,0,125,3.83126
1.225,0,0,125,3.86719
1.25,0,0,125,3.90315
1.275,0,0,125,3.93913
1.3,0,0,125,3.97514
1.325,0,0,125,4.01117
1.35,0,0,125,4.04721
1.375,0,0,125,4.08327
1.4,0,0,125,4.11934
1.425,0,0,125,4.15541
1.45,0,0,125,4.19148
1.475,0,0,125,4.22755
1.5,0,0,125,4.26362
1.525,0,0,125,4.29969
1.55,0,0,125,4.33575
1.575,0,0,125,4.37181
1.6,0,0,125,4.40785
1.625,0,0,125,4.44388
1.65,0,0,125,4.4799
1.675,0,0,125,4.5159
1.7,0,0,125,4.55189
1.725,0,0,125,4.58786
1.75,0,0,125,4.62381
1.775,0,0,125,4.65974
1.8,0,0,125,4.69565
1.825,0,0,125,4.73153
1.85,0,0,125,4.7674
1.875,0,0,125,4.80324
1.9,0,0,125,4.83906
1.925,0,0,125,4.87485
1.95,0,0,125,4.91062
1.975,0,0,125,4.94636
2,0,0,125,4.98208
2.025,0,0,125,5.01777
2.05,0,0,125,5.05343
2.075,0,0,125,5.08906
2.1,0,0,125,5.12467
2.125,0,0,125,5.16024
2.15,0,0,125,5.19579
2.175,0,0,125,5.23131
2.2,0,0,125,5.2668
2.225,0,0,125,5.30225
2.25,0,0,125,5.33768
2.275,0,0,125,5.37308
2.3,0,0,125,5.40845
2.325,0,0,125,5.44378
2.35,0,0,125,5.47909
2.375,0,0,125,5.51436
2.4,0,0,125,5.54961
2.425,0,0,125,5.58482
2.45,0,0,125,5.62
2.475,0,0,125,5.65516
2.5,0,0,125,5.69027
2.525,0,0,125,5.72536
2.55,0,0,125,5.76042
2.575,0,0,125,5.79544
2.6,0,0,125,5.83044
2.625,0,0,125,5.8654
2.65,0,0,125,5.90033
2.675,0,0,125,5.93522
2.7,0,0,125,5.97009
2.725,0,0,125,6.00492
2.75,0,0,125,6.03972
2.775,0,0,125,6.07449
2.8,0,0,125,6.10922
2.825,0,0,125,6.14392
2.85,0,0,125,6.17859
2.875,0,0,125,6.21323
2.9,0,0,125,6.24783
2.925,0,0,125,6.2824
2.95,0,0,125,6.31693
2.975,0,0,125,6.35143
3,0,0,125,6.3859
3.025,0,0,125,6.42033
3.05,0,0,125,6.45473
3.075,0,0,125,6.48909
3.1,0,0,125,6.52342
3.125,0,0,125,6.55771
3.15,0,0,125,6.59197
3.175,0,0,125,6.62618
3.2,0,0,125,6.66037
3.225,0,0,125,6.69451
3.25,0,0,125,6.72862
3.275,0,0,125,6.76268
3.3,0,0,125,6.79671
3.325,0,0,125,6.8307
3.35,0,0,125,6.86465
3.375,0,0,125,6.89855
3.4,0,0,125,6.93242
3.425,0,0,125,6.96624
3.45,0,0,125,7.00001
3.475,0,0,125,7.03374
3.5,0,0,125,7.06742
3.525,0,0,125,7.10105
3.55,0,0,125,7.13464
3.575,0,0,125,7.16817
3.6,0,0,125,7.20164
3.625,0,0,125,7.23506
3.65,0,0,125,7.26842
3.675,0,0,125,7.30172
3.7,0,0,125,7.33495
3.725,0,0,125,7.36812
3.75,0,0,125,7.40122
3.775,0,0,125,7.43424
3.8,0,0,125,7.46719
3.825,0,0,125,7.50005
3.85,0,0,125,7.53283
3.875,0,0,125,7.56552
3.9,0,0,125,7.59811
3.925,0,0,125,7.6306
3.95,0,0,125,7.66297
3.975,0,0,125,7.69524
4,0,0,125,7.72738
4.025,0,0,125,7.75938
4.05,0,0,125,7.79125
4.075,0,0,125,7.82296
4.1,0,0,125,7.85452
4.125,0,0,125,7.8859
4.15,0,0,125,7.91709
4.175,0,0,125,7.94809
4.2,0,0,125,7.97888
4.225,0,0,125,8.00943
4.25,0,0,125,8.03975
4.275,0,0,125,8.06979
4.3,0,0,125,8.09956
4.325,0,0,125,8.12901
4.35,0,0,125,8.15812
4.375,0,0,125,8.18687
4.4,0,0,125,8.21523
4.425,0,0,125,8.24317
4.45,0,0,125,8.27065
4.475,0,0,125,8.29765
4.5,0,0,125,8.32411
4.525,0,0,125,8.35
4.55,0,0,125,8.37527
4.575,0,0,125,8.39987
4.6,0,0,125,8.42375
4.625,0,0,125,8.44686
4.65,0,0,125,8.46913
4.675,0,0,125,8.49051
4.7,0,0,125,8.51091
4.725,0,0,125,8.53027
4.75,0,0,125,8.54852
4.775,0,0,125,8.56556
4.8,0,0,125,8.58133
4.825,0,0,125,8.59572
4.85,0,0,125,8.60864
4.875,0,0,125,8.62
4.9,0,0,125,8.6297
4.925,0,0,125,8.63762
4.95,0,0,125,8.64367
4.975,0,0,125,8.64776
5,0,0,125,8.64982
