0,0,0,125,-84.2062
0.025,0,0,125,-84.2063
0.05,0,0,125,-84.2066
0.075,0,0,125,-84.2069
0.1,0,0,125,-84.2073
0.125,0,0,125,-84.2077
0.15,0,0,125,-84.2082
0.175,0,0,125,-84.2087
0.2,0,0,125,-84.2092
0.225,0,0,125,-84.2098
0.25,0,0,125,-84.2103
0.275,0,0,125,-84.2109
0.3,0,0,125,-84.2115
0.325,0,0,125,-84.212
0.35,0,0,125,-84.2126
0.375,0,0,125,-84.2132
0.4,0,0,125,-84.2137
0.425,0,0,125,-84.2143
0.45,0,0,125,-84.2148
0.475,0,0,125,-84.2153
0.5,0,0,125,-84.2159
0.525,0,0,125,-84.2164
0.55,0,0,125,-84.2169
0.575,0,0,125,-84.2174
0.6,0,0,125,-84.2178
0.625,0,0,125,-84.2183
0.65,0,0,125,-84.2188
0.675,0,0,125,-84.2192
0.7,0,0,125,-84.2197
0.725,0,0,125,-84.2201
0.75,0,0,125,-84.2206
0.775,0,0,125,-84.221
0.8,0,0,125,-84.2215
0.825,0,0,125,-84.222
0.85,0,0,125,-84.2225
0.875,0,0,125,-84.223
0.9,0,0,125,-84.2235
0.925,0,0,125,-84.2241
0.95,0,0,125,-84.2246
0.975,0,0,125,-84.2251
1,0,0,125,-84.2257
1.025,0,0,125,-84.2263
1.05,0,0,125,-84.2268
1.075,0,0,125,-84.2274
1.1,0,0,125,-84.2279
1.125,0,0,125,-84.2284
1.15,0,0,125,-84.229
1.175,0,0,125,-84.2295
1.2,0,0,125,-84.23
1.225,0,0,125,-84.2305
1.25,0,0,125,-84.2311
1.275,0,0,125,-84.2317
1.3,0,0,125,-84.2323
1.325,0,0,125,-84.2329
1.35,0,0,125,-84.2335
1.375,0,0,125,-84.2341
1.4,0,0,125,-84.2347
1.425,0,0,125,-84.2354
1.45,0,0,125,-84.2361
1.475,0,0,125,-84.2368
1.5,0,0,125,-84.2375
1.525,0,0,125,-84.2382
1.55,0,0,125,-84.2389
1.575,0,0,125,-84.2397
1.6,0,0,125,-84.2405
1.625,0,0,125,-84.2412
1.65,0,0,125,-84.242
1.675,0,0,125,-84.2428
1.7,0,0,125,-84.2437
1.725,0,0,125,-84.2445
1.75,0,0,125,-84.2454
1.775,0,0,125,-84.2462
1.8,0,0,125,-84.2471
1.825,0,0,125,-84.248
1.85,0,0,125,-84.249
1.875,0,0,125,-84.2499
1.9,0,0,125,-84.2508
1.925,0,0,125,-84.2518
1.95,0,0,125,-84.2528
1.975,0,0,125,-84.2538
2,0,0,125,-84.2548
2.025,0,0,125,-84.2558
2.05,0,0,125,-84.2568
2.075,0,0,125,-84.2578
2.1,0,0,125,-84.2589
2.125,0,0,125,-84.26
2.15,0,0,125,-84.2612
2.175,0,0,125,-84.2624
2.2,0,0,125,-84.2636
2.225,0,0,125,-84.2648
2.25,0,0,125,-84.2661
2.275,0,0,125,-84.2674
2.3,0,0,125,-84.2688
2.325,0,0,125,-84.2702
2.35,0,0,125,-84.2716
2.375,0,0,125,-84.273
2.4,0,0,125,-84.2745
2.425,0,0,125,-84.2761
2.45,0,0,125,-84.2776
2.475,0,0,125,-84.2792
2.5,0,0,125,-84.2808
2.525,0,0,125,-84.2825
2.55,0,0,125,-84.2842
2.575,0,0,125,-84.2859
2.6,0,0,125,-84.2877
2.625,0,0,125,-84.2895
2.65,0,0,125,-84.2913
2.675,0,0,125,-84.2932
2.7,0,0,125,-84.295
2.725,0,0,125,-84.297
2.75,0,0,125,-84.2989
2.775,0,0,125,-84.3008
2.8,0,0,125,-84.3028
2.825,0,0,125,-84.3048
2.85,0,0,125,-84.3068
2.875,0,0,125,-84.3088
2.9,0,0,125,-84.3109
2.925,0,0,125,-84.3129
2.95,0,0,125,-84.3149
2.975,0,0,125,-84.3169
3,0,0,125,-84.3189
3.025,0,0,125,-84.3208
3.05,0,0,125,-84.3228
3.075,0,0,125,-84.3248
3.1,0,0,125,-84.3267
3.125,0,0,125,-84.3286
3.15,0,0,125,-84.3306
3.175,0,0,125,-84.3325
3.2,0,0,125,-84.3344
3.225,0,0,125,-84.3363
3.25,0,0,125,-84.3382
3.275,0,0,125,-84.3401
3.3,0,0,125,-84.3419
3.325,0,0,125,-84.3438
3.35,0,0,125,-84.3456
3.375,0,0,125,-84.3475
3.4,0,0,125,-84.3493
3.425,0,0,125,-84.3511
3.45,0,0,125,-84.3529
3.475,0,0,125,-84.3546
3.5,0,0,125,-84.3563
3.525,0,0,125,-84.358
3.55,0,0,125,-84.3596
3.575,0,0,125,-84.3612
3.6,0,0,125,-84.3628
3.625,0,0,125,-84.3643
3.65,0,0,125,-84.3658
3.675,0,0,125,-84.3672
3.7,0,0,125,-84.3686
3.725,0,0,125,-84.37
3.75,0,0,125,-84.3713
3.775,0,0,125,-84.3726
3.8,0,0,125,-84.3738
3.825,0,0,125,-84.375
3.85,0,0,125,-84.3762
3.875,0,0,125,-84.3773
3.9,0,0,125,-84.3784
3.925,0,0,125,-84.3795
3.95,0,0,125,-84.3805
3.975,0,0,125,-84.3815
4,0,0,125,-84.3824
4.025,0,0,125,-84.3833
4.05,0,0,125,-84.3842
4.075,0,0,125,-84.385
4.1,0,0,125,-84.3858
4.125,0,0,125,-84.3865
4.15,0,0,125,-84.3872
4.175,0,0,125,-84.3879
4.2,0,0,125,-84.3885
4.225,0,0,125,-84.3891
4.25,0,0,125,-84.3897
4.275,0,0,125,-84.3902
4.3,0,0,125,-84.3907
4.325,0,0,125,-84.3911
4.35,0,0,125,-84.3916
4.375,0,0,125,-84.3919
4.4,0,0,125,-84.3923
4.425,0,0,125,-84.3926
4.45,0,0,125,-84.393
4.475,0,0,125,-84.3933
4.5,0,0,125,-84.3936
4.525,0,0,125,-84.3938
4.55,0,0,125,-84.3941
4.575,0,0,125,-84.3944
4.6,0,0,125,-84.3946
4.625,0,0,125,-84.3948
4.65,0,0,125,-84.395
4.675,0,0,125,-84.3952
4.7,0,0,125,-84.3953
4.725,0,0,125,-84.3955
4.75,0,0,125,-84.3956
4.775,0,0,125,-84.3958
4.8,0,0,125,-84.3959
4.825,0,0,125,-84.396
4.85,0,0,125,-84.396
4.875,0,0,125,-84.3961
4.9,0,0,125,-84.3961
4.925,0,0,125,-84.3962
4.95,0,0,125,-84.3962
4.975,0,0,125,-84.3962
5,0,0,125,-84.3962
