0,0,0,125,-4.93616
0.025,0,0,125,-4.93194
0.05,0,0,125,-4.92365
0.075,0,0,125,-4.9116
0.1,0,0,125,-4.8963
0.125,0,0,125,-4.87829
0.15,0,0,125,-4.85813
0.175,0,0,125,-4.83629
0.2,0,0,125,-4.81309
0.225,0,0,125,-4.78878
0.25,0,0,125,-4.76355
0.275,0,0,125,-4.73758
0.3,0,0,125,-4.71106
0.325,0,0,125,-4.68414
0.35,0,0,125,-4.65696
0.375,0,0,125,-4.62969
0.4,0,0,125,-4.60247
0.425,0,0,125,-4.57542
0.45,0,0,125,-4.54867
0.475,0,0,125,-4.52235
0.5,0,0,125,-4.49658
0.525,0,0,125,-4.47148
0.55,0,0,125,-4.44715
0.575,0,0,125,-4.42372
0.6,0,0,125,-4.40127
0.625,0,0,125,-4.37992
0.65,0,0,125,-4.35976
0.675,0,0,125,-4.34091
0.7,0,0,125,-4.32345
0.725,0,0,125,-4.30749
0.75,0,0,125,-4.29314
0.775,0,0,125,-4.28048
0.8,0,0,125,-4.26962
0.825,0,0,125,-4.26066
0.85,0,0,125,-4.2537
0.875,0,0,125,-4.24885
0.9,0,0,125,-4.2462
0.925,0,0,125,-4.24588
0.95,0,0,125,-4.24797
0.975,0,0,125,-4.25259
1,0,0,125,-4.25985
1.025,0,0,125,-4.26985
1.05,0,0,125,-4.28272
1.075,0,0,125,-4.29857
1.1,0,0,125,-4.31752
1.125,0,0,125,-4.33968
1.15,0,0,125,-4.36519
1.175,0,0,125,-4.39417
1.2,0,0,125,-4.42675
1.225,0,0,125,-4.46306
1.25,0,0,125,-4.50323
1.275,0,0,125,-4.54741
1.3,0,0,125,-4.59573
1.325,0,0,125,-4.64835
1.35,0,0,125,-4.70539
1.375,0,0,125,-4.76702
1.4,0,0,125,-4.83338
1.425,0,0,125,-4.90463
1.45,0,0,125,-4.98093
1.475,0,0,125,-5.06243
1.5,0,0,125,-5.14928
1.525,0,0,125,-5.24166
1.55,0,0,125,-5.33973
1.575,0,0,125,-5.44365
1.6,0,0,125,-5.5536
1.625,0,0,125,-5.66975
1.65,0,0,125,-5.79227
1.675,0,0,125,-5.92134
1.7,0,0,125,-6.05713
1.725,0,0,125,-6.19984
1.75,0,0,125,-6.34965
1.775,0,0,125,-6.50674
1.8,0,0,125,-6.67133
1.825,0,0,125,-6.84359
1.85,0,0,125,-7.02375
1.875,0,0,125,-7.21201
1.9,0,0,125,-7.4086
1.925,0,0,125,-7.61375
1.95,0,0,125,-7.82768
1.975,0,0,125,-8.05065
2,0,0,125,-8.2829
2.025,0,0,125,-8.52472
2.05,0,0,125,-8.77637
2.075,0,0,125,-9.03814
2.1,0,0,125,-9.31033
2.125,0,0,125,-9.59327
2.15,0,0,125,-9.88728
2.175,0,0,125,-10.1927
2.2,0,0,125,-10.5099
2.225,0,0,125,-10.8392
2.25,0,0,125,-11.181
2.275,0,0,125,-11.5357
2.3,0,0,125,-11.9038
2.325,0,0,125,-12.2856
2.35,0,0,125,-12.6816
2.375,0,0,125,-13.0922
2.4,0,0,125,-13.5179
2.425,0,0,125,-13.9591
2.45,0,0,125,-14.4164
2.475,0,0,125,-14.8902
2.5,0,0,125,-15.381
2.525,0,0,125,-15.8893
2.55,0,0,125,-16.4155
2.575,0,0,125,-16.9602
2.6,0,0,125,-17.5239
2.625,0,0,125,-18.107
2.65,0,0,125,-18.71
2.675,0,0,125,-19.3334
2.7,0,0,125,-19.9777
2.725,0,0,125,-20.6432
2.75,0,0,125,-21.3304
2.775,0,0,125,-22.0397
2.8,0,0,125,-22.7716
2.825,0,0,125,-23.5263
2.85,0,0,125,-24.3042
2.875,0,0,125,-25.1057
2.9,0,0,125,-25.931
2.925,0,0,125,-26.7805
2.95,0,0,125,-27.6544
2.975,0,0,125,-28.5529
3,0,0,125,-29.4762
3.025,0,0,125,-30.4245
3.05,0,0,125,-31.3978
3.075,0,0,125,-32.3962
3.1,0,0,125,-33.4196
3.125,0,0,125,-34.4679
3.15,0,0,125,-35.5407
3.175,0,0,125,-36.6376
3.2,0,0,125,-37.7579
3.225,0,0,125,-38.9009
3.25,0,0,125,-40.0652
3.275,0,0,125,-41.2498
3.3,0,0,125,-42.4528
3.325,0,0,125,-43.6724
3.35,0,0,125,-44.9064
3.375,0,0,125,-46.1522
3.4,0,0,125,-47.4073
3.425,0,0,125,-48.6684
3.45,0,0,125,-49.9326
3.475,0,0,125,-51.1963
3.5,0,0,125,-52.4562
3.525,0,0,125,-53.7087
3.55,0,0,125,-54.9501
3.575,0,0,125,-56.1771
3.6,0,0,125,-57.386
3.625,0,0,125,-58.5737
3.65,0,0,125,-59.737
3.675,0,0,125,-60.873
3.7,0,0,125,-61.9791
3.725,0,0,125,-63.053
3.75,0,0,125,-64.0927
3.775,0,0,125,-65.0965
3.8,0,0,125,-66.063
3.825,0,0,125,-66.9911
3.85,0,0,125,-67.8803
3.875,0,0,125,-68.73
3.9,0,0,125,-69.5401
3.925,0,0,125,-70.3108
3.95,0,0,125,-71.0425
3.975,0,0,125,-71.7357
4,0,0,125,-72.3913
4.025,0,0,125,-73.0101
4.05,0,0,125,-73.5932
4.075,0,0,125,-74.1418
4.1,0,0,125,-74.6572
4.125,0,0,125,-75.1406
4.15,0,0,125,-75.5935
4.175,0,0,125,-76.0172
4.2,0,0,125,-76.4132
4.225,0,0,125,-76.7827
4.25,0,0,125,-77.1272
4.275,0,0,125,-77.4481
4.3,0,0,125,-77.7466
4.325,0,0,125,-78.024
4.35,0,0,125,-78.2816
4.375,0,0,125,-78.5205
4.4,0,0,125,-78.7418
4.425,0,0,125,-78.9466
4.45,0,0,125,-79.136
4.475,0,0,125,-79.3109
4.5,0,0,125,-79.4722
4.525,0,0,125,-79.6208
4.55,0,0,125,-79.7573
4.575,0,0,125,-79.8827
4.6,0,0,125,-79.9975
4.625,0,0,125,-80.1025
4.65,0,0,125,-80.1982
4.675,0,0,125,-80.2852
4.7,0,0,125,-80.3639
4.725,0,0,125,-80.4349
4.75,0,0,125,-80.4985
4.775,0,0,125,-80.5551
4.8,0,0,125,-80.6051
4.825,0,0,125,-80.6488
4.85,0,0,125,-80.6865
4.875,0,0,125,-80.7183
4.9,0,0,125,-80.7444
4.925,0,0,125,-80.7652
4.95,0,0,125,-80.7806
4.975,0,0,125,-80.7908
5,0,0,125,-80.7959
