0,0,0,125,-84.2421
0.025,0,0,125,-84.2422
0.05,0,0,125,-84.2423
0.075,0,0,125,-84.2426
0.1,0,0,125,-84.2429
0.125,0,0,125,-84.2433
0.15,0,0,125,-84.2438
0.175,0,0,125,-84.2442
0.2,0,0,125,-84.2447
0.225,0,0,125,-84.2452
0.25,0,0,125,-84.2457
0.275,0,0,125,-84.2462
0.3,0,0,125,-84.2467
0.325,0,0,125,-84.2472
0.35,0,0,125,-84.2478
0.375,0,0,125,-84.2483
0.4,0,0,125,-84.2488
0.425,0,0,125,-84.2493
0.45,0,0,125,-84.2497
0.475,0,0,125,-84.2502
0.5,0,0,125,-84.2507
0.525,0,0,125,-84.2511
0.55,0,0,125,-84.2515
0.575,0,0,125,-84.2519
0.6,0,0,125,-84.2523
0.625,0,0,125,-84.2527
0.65,0,0,125,-84.2531
0.675,0,0,125,-84.2535
0.7,0,0,125,-84.2539
0.725,0,0,125,-84.2543
0.75,0,0,125,-84.2546
0.775,0,0,125,-84.255
0.8,0,0,125,-84.2554
0.825,0,0,125,-84.2558
0.85,0,0,125,-84.2561
0.875,0,0,125,-84.2565
0.9,0,0,125,-84.2569
0.925,0,0,125,-84.2573
0.95,0,0,125,-84.2577
0.975,0,0,125,-84.2582
1,0,0,125,-84.2586
1.025,0,0,125,-84.259
1.05,0,0,125,-84.2595
1.075,0,0,125,-84.26
1.1,0,0,125,-84.2604
1.125,0,0,125,-84.2609
1.15,0,0,125,-84.2614
1.175,0,0,125,-84.2619
1.2,0,0,125,-84.2624
1.225,0,0,125,-84.263
1.25,0,0,125,-84.2635
1.275,0,0,125,-84.2641
1.3,0,0,125,-84.2646
1.325,0,0,125,-84.2652
1.35,0,0,125,-84.2658
1.375,0,0,125,-84.2664
1.4,0,0,125,-84.267
1.425,0,0,125,-84.2676
1.45,0,0,125,-84.2682
1.475,0,0,125,-84.2689
1.5,0,0,125,-84.2695
1.525,0,0,125,-84.2702
1.55,0,0,125,-84.2709
1.575,0,0,125,-84.2715
1.6,0,0,125,-84.2722
1.625,0,0,125,-84.2729
1.65,0,0,125,-84.2736
1.675,0,0,125,-84.2744
1.7,0,0,125,-84.2751
1.725,0,0,125,-84.2758
1.75,0,0,125,-84.2766
1.775,0,0,125,-84.2773
1.8,0,0,125,-84.2781
1.825,0,0,125,-84.2789
1.85,0,0,125,-84.2797
1.875,0,0,125,-84.2805
1.9,0,0,125,-84.2813
1.925,0,0,125,-84.2821
1.95,0,0,125,-84.2829
1.975,0,0,125,-84.2838
2,0,0,125,-84.2847
2.025,0,0,125,-84.2856
2.05,0,0,125,-84.2865
2.075,0,0,125,-84.2875
2.1,0,0,125,-84.2885
2.125,0,0,125,-84.2895
2.15,0,0,125,-84.2905
2.175,0,0,125,-84.2916
2.2,0,0,125,-84.2927
2.225,0,0,125,-84.2938
2.25,0,0,125,-84.295
2.275,0,0,125,-84.2962
2.3,0,0,125,-84.2975
2.325,0,0,125,-84.2988
2.35,0,0,125,-84.3001
2.375,0,0,125,-84.3015
2.4,0,0,125,-84.3028
2.425,0,0,125,-84.3043
2.45,0,0,125,-84.3057
2.475,0,0,125,-84.3072
2.5,0,0,125,-84.3088
2.525,0,0,125,-84.3103
2.55,0,0,125,-84.3119
2.575,0,0,125,-84.3135
2.6,0,0,125,-84.3151
2.625,0,0,125,-84.3168
2.65,0,0,125,-84.3184
2.675,0,0,125,-84.3201
2.7,0,0,125,-84.3218
2.725,0,0,125,-84.3235
2.75,0,0,125,-84.3252
2.775,0,0,125,-84.3269
2.8,0,0,125,-84.3286
2.825,0,0,125,-84.3304
2.85,0,0,125,-84.3321
2.875,0,0,125,-84.3339
2.9,0,0,125,-84.3357
2.925,0,0,125,-84.3375
2.95,0,0,125,-84.3394
2.975,0,0,125,-84.3412
3,0,0,125,-84.343
3.025,0,0,125,-84.3448
3.05,0,0,125,-84.3467
3.075,0,0,125,-84.3485
3.1,0,0,125,-84.3502
3.125,0,0,125,-84.352
3.15,0,0,125,-84.3538
3.175,0,0,125,-84.3555
3.2,0,0,125,-84.3572
3.225,0,0,125,-84.3589
3.25,0,0,125,-84.3606
3.275,0,0,125,-84.3623
3.3,0,0,125,-84.3639
3.325,0,0,125,-84.3656
3.35,0,0,125,-84.3672
3.375,0,0,125,-84.3688
3.4,0,0,125,-84.3704
3.425,0,0,125,-84.372
3.45,0,0,125,-84.3736
3.475,0,0,125,-84.3752
3.5,0,0,125,-84.3767
3.525,0,0,125,-84.3782
3.55,0,0,125,-84.3797
3.575,0,0,125,-84.3812
3.6,0,0,125,-84.3827
3.625,0,0,125,-84.3841
3.65,0,0,125,-84.3854
3.675,0,0,125,-84.3868
3.7,0,0,125,-84.3881
3.725,0,0,125,-84.3893
3.75,0,0,125,-84.3906
3.775,0,0,125,-84.3918
3.8,0,0,125,-84.393
3.825,0,0,125,-84.3941
3.85,0,0,125,-84.3952
3.875,0,0,125,-84.3962
3.9,0,0,125,-84.3973
3.925,0,0,125,-84.3983
3.95,0,0,125,-84.3992
3.975,0,0,125,-84.4001
4,0,0,125,-84.401
4.025,0,0,125,-84.4019
4.05,0,0,125,-84.4027
4.075,0,0,125,-84.4035
4.1,0,0,125,-84.4042
4.125,0,0,125,-84.4049
4.15,0,0,125,-84.4056
4.175,0,0,125,-84.4063
4.2,0,0,125,-84.4069
4.225,0,0,125,-84.4074
4.25,0,0,125,-84.408
4.275,0,0,125,-84.4085
4.3,0,0,125,-84.409
4.325,0,0,125,-84.4094
4.35,0,0,125,-84.4099
4.375,0,0,125,-84.4103
4.4,0,0,125,-84.4106
4.425,0,0,125,-84.411
4.45,0,0,125,-84.4113
4.475,0,0,125,-84.4116
4.5,0,0,125,-84.4119
4.525,0,0,125,-84.4122
4.55,0,0,125,-84.4124
4.575,0,0,125,-84.4126
4.6,0,0,125,-84.4128
4.625,0,0,125,-84.413
4.65,0,0,125,-84.4132
4.675,0,0,125,-84.4133
4.7,0,0,125,-84.4134
4.725,0,0,125,-84.4135
4.75,0,0,125,-84.4136
4.775,0,0,125,-84.4137
4.8,0,0,125,-84.4138
4.825,0,0,125,-84.4139
4.85,0,0,125,-84.414
4.875,0,0,125,-84.414
4.9,0,0,125,-84.4141
4.925,0,0,125,-84.4141
4.95,0,0,125,-84.4141
4.975,0,0,125,-84.4141
5,0,0,125,-84.4142
