0,0,0,125,-83.3585
0.025,0,0,125,-83.359
0.05,0,0,125,-83.3599
0.075,0,0,125,-83.3611
0.1,0,0,125,-83.3627
0.125,0,0,125,-83.3645
0.15,0,0,125,-83.3665
0.175,0,0,125,-83.3685
0.2,0,0,125,-83.3705
0.225,0,0,125,-83.3725
0.25,0,0,125,-83.3744
0.275,0,0,125,-83.3763
0.3,0,0,125,-83.3781
0.325,0,0,125,-83.3798
0.35,0,0,125,-83.3813
0.375,0,0,125,-83.3827
0.4,0,0,125,-83.384
0.425,0,0,125,-83.385
0.45,0,0,125,-83.3859
0.475,0,0,125,-83.3866
0.5,0,0,125,-83.3871
0.525,0,0,125,-83.3874
0.55,0,0,125,-83.3875
0.575,0,0,125,-83.3873
0.6,0,0,125,-83.3869
0.625,0,0,125,-83.3863
0.65,0,0,125,-83.3854
0.675,0,0,125,-83.3842
0.7,0,0,125,-83.3827
0.725,0,0,125,-83.381
0.75,0,0,125,-83.379
0.775,0,0,125,-83.3767
0.8,0,0,125,-83.3741
0.825,0,0,125,-83.3712
0.85,0,0,125,-83.3679
0.875,0,0,125,-83.3643
0.9,0,0,125,-83.3604
0.925,0,0,125,-83.3561
0.95,0,0,125,-83.3515
0.975,0,0,125,-83.3464
1,0,0,125,-83.341
1.025,0,0,125,-83.3352
1.05,0,0,125,-83.3289
1.075,0,0,125,-83.3222
1.1,0,0,125,-83.315
1.125,0,0,125,-83.3073
1.15,0,0,125,-83.2992
1.175,0,0,125,-83.2905
1.2,0,0,125,-83.2813
1.225,0,0,125,-83.2716
1.25,0,0,125,-83.2612
1.275,0,0,125,-83.2503
1.3,0,0,125,-83.2388
1.325,0,0,125,-83.2265
1.35,0,0,125,-83.2136
1.375,0,0,125,-83.2
1.4,0,0,125,-83.1856
1.425,0,0,125,-83.1704
1.45,0,0,125,-83.1544
1.475,0,0,125,-83.1375
1.5,0,0,125,-83.1196
1.525,0,0,125,-83.1008
1.55,0,0,125,-83.0809
1.575,0,0,125,-83.06
1.6,0,0,125,-83.0379
1.625,0,0,125,-83.0145
1.65,0,0,125,-82.9898
1.675,0,0,125,-82.9637
1.7,0,0,125,-82.9361
1.725,0,0,125,-82.9069
1.75,0,0,125,-82.876
1.775,0,0,125,-82.8432
1.8,0,0,125,-82.8084
1.825,0,0,125,-82.7715
1.85,0,0,125,-82.7322
1.875,0,0,125,-82.6905
1.9,0,0,125,-82.646
1.925,0,0,125,-82.5986
1.95,0,0,125,-82.548
1.975,0,0,125,-82.4939
2,0,0,125,-82.4361
2.025,0,0,125,-82.3742
2.05,0,0,125,-82.3079
2.075,0,0,125,-82.2367
2.1,0,0,125,-82.1603
2.125,0,0,125,-82.0783
2.15,0,0,125,-81.9901
2.175,0,0,125,-81.8951
2.2,0,0,125,-81.793
2.225,0,0,125,-81.6829
2.25,0,0,125,-81.5644
2.275,0,0,125,-81.4366
2.3,0,0,125,-81.2989
2.325,0,0,125,-81.1505
2.35,0,0,125,-80.9905
2.375,0,0,125,-80.8182
2.4,0,0,125,-80.6326
2.425,0,0,125,-80.4327
2.45,0,0,125,-80.2177
2.475,0,0,125,-79.9866
2.5,0,0,125,-79.7383
2.525,0,0,125,-79.4718
2.55,0,0,125,-79.1862
2.575,0,0,125,-78.8803
2.6,0,0,125,-78.5533
2.625,0,0,125,-78.204
2.65,0,0,125,-77.8317
2.675,0,0,125,-77.4353
2.7,0,0,125,-77.0141
2.725,0,0,125,-76.5674
2.75,0,0,125,-76.0946
2.775,0,0,125,-75.595
2.8,0,0,125,-75.0683
2.825,0,0,125,-74.5143
2.85,0,0,125,-73.9328
2.875,0,0,125,-73.3239
2.9,0,0,125,-72.6879
2.925,0,0,125,-72.0253
2.95,0,0,125,-71.3365
2.975,0,0,125,-70.6225
3,0,0,125,-69.8842
3.025,0,0,125,-69.1228
3.05,0,0,125,-68.3398
3.075,0,0,125,-67.5366
3.1,0,0,125,-66.715
3.125,0,0,125,-65.8769
3.15,0,0,125,-65.0242
3.175,0,0,125,-64.159
3.2,0,0,125,-63.2834
3.225,0,0,125,-62.3998
3.25,0,0,125,-61.5104
3.275,0,0,125,-60.6174
3.3,0,0,125,-59.7231
3.325,0,0,125,-58.8298
3.35,0,0,125,-57.9396
3.375,0,0,125,-57.0546
3.4,0,0,125,-56.1769
3.425,0,0,125,-55.3083
3.45,0,0,125,-54.4506
3.475,0,0,125,-53.6054
3.5,0,0,125,-52.7744
3.525,0,0,125,-51.9587
3.55,0,0,125,-51.1596
3.575,0,0,125,-50.3782
3.6,0,0,125,-49.6154
3.625,0,0,125,-48.872
3.65,0,0,125,-48.1485
3.675,0,0,125,-47.4454
3.7,0,0,125,-46.7632
3.725,0,0,125,-46.1021
3.75,0,0,125,-45.4622
3.775,0,0,125,-44.8435
3.8,0,0,125,-44.2459
3.825,0,0,125,-43.6695
3.85,0,0,125,-43.1138
3.875,0,0,125,-42.5787
3.9,0,0,125,-42.0639
3.925,0,0,125,-41.5689
3.95,0,0,125,-41.0933
3.975,0,0,125,-40.6367
4,0,0,125,-40.1986
4.025,0,0,125,-39.7786
4.05,0,0,125,-39.3761
4.075,0,0,125,-38.9906
4.1,0,0,125,-38.6216
4.125,0,0,125,-38.2686
4.15,0,0,125,-37.9311
4.175,0,0,125,-37.6086
4.2,0,0,125,-37.3006
4.225,0,0,125,-37.0066
4.25,0,0,125,-36.7262
4.275,0,0,125,-36.4589
4.3,0,0,125,-36.2042
4.325,0,0,125,-35.9618
4.35,0,0,125,-35.7313
4.375,0,0,125,-35.5122
4.4,0,0,125,-35.3042
4.425,0,0,125,-35.107
4.45,0,0,125,-34.9202
4.475,0,0,125,-34.7436
4.5,0,0,125,-34.5768
4.525,0,0,125,-34.4195
4.55,0,0,125,-34.2716
4.575,0,0,125,-34.1327
4.6,0,0,125,-34.0027
4.625,0,0,125,-33.8814
4.65,0,0,125,-33.7685
4.675,0,0,125,-33.664
4.7,0,0,125,-33.5676
4.725,0,0,125,-33.4792
4.75,0,0,125,-33.3987
4.775,0,0,125,-33.3259
4.8,0,0,125,-33.2609
4.825,0,0,125,-33.2034
4.85,0,0,125,-33.1535
4.875,0,0,125,-33.1109
4.9,0,0,125,-33.0756
4.925,0,0,125,-33.0476
4.95,0,0,125,-33.0266
4.975,0,0,125,-33.0127
5,0,0,125,-33.0057
