0,0,0,125,-0.907391
0.025,0,0,125,-0.910582
0.05,0,0,125,-0.916988
0.075,0,0,125,-0.926645
0.1,0,0,125,-0.939632
0.125,0,0,125,-0.956052
0.15,0,0,125,-0.976014
0.175,0,0,125,-0.999596
0.2,0,0,125,-1.02681
0.225,0,0,125,-1.05763
0.25,0,0,125,-1.092
0.275,0,0,125,-1.12987
0.3,0,0,125,-1.17116
0.325,0,0,125,-1.21579
0.35,0,0,125,-1.26369
0.375,0,0,125,-1.31477
0.4,0,0,125,-1.36894
0.425,0,0,125,-1.42612
0.45,0,0,125,-1.48623
0.475,0,0,125,-1.5492
0.5,0,0,125,-1.61495
0.525,0,0,125,-1.68341
0.55,0,0,125,-1.75452
0.575,0,0,125,-1.82821
0.6,0,0,125,-1.90443
0.625,0,0,125,-1.98312
0.65,0,0,125,-2.06425
0.675,0,0,125,-2.14776
0.7,0,0,125,-2.23363
0.725,0,0,125,-2.32182
0.75,0,0,125,-2.41231
0.775,0,0,125,-2.50507
0.8,0,0,125,-2.6001
0.825,0,0,125,-2.69737
0.85,0,0,125,-2.79689
0.875,0,0,125,-2.89866
0.9,0,0,125,-3.00267
0.925,0,0,125,-3.10894
0.95,0,0,125,-3.21749
0.975,0,0,125,-3.32832
1,0,0,125,-3.44146
1.025,0,0,125,-3.55695
1.05,0,0,125,-3.6748
1.075,0,0,125,-3.79506
1.1,0,0,125,-3.91777
1.125,0,0,125,-4.04298
1.15,0,0,125,-4.17072
1.175,0,0,125,-4.30106
1.2,0,0,125,-4.43405
1.225,0,0,125,-4.56976
1.25,0,0,125,-4.70824
1.275,0,0,125,-4.84958
1.3,0,0,125,-4.99384
1.325,0,0,125,-5.14109
1.35,0,0,125,-5.29144
1.375,0,0,125,-5.44495
1.4,0,0,125,-5.60172
1.425,0,0,125,-5.76184
1.45,0,0,125,-5.92542
1.475,0,0,125,-6.09255
1.5,0,0,125,-6.26334
1.525,0,0,125,-6.43789
1.55,0,0,125,-6.61633
1.575,0,0,125,-6.79877
1.6,0,0,125,-6.98533
1.625,0,0,125,-7.17613
1.65,0,0,125,-7.37131
1.675,0,0,125,-7.57099
1.7,0,0,125,-7.77532
1.725,0,0,125,-7.98442
1.75,0,0,125,-8.19845
1.775,0,0,125,-8.41754
1.8,0,0,125,-8.64186
1.825,0,0,125,-8.87153
1.85,0,0,125,-9.10673
1.875,0,0,125,-9.34761
1.9,0,0,125,-9.59432
1.925,0,0,125,-9.84703
1.95,0,0,125,-10.1059
1.975,0,0,125,-10.3711
2,0,0,125,-10.6427
2.025,0,0,125,-10.921
2.05,0,0,125,-11.2061
2.075,0,0,125,-11.4982
2.1,0,0,125,-11.7974
2.125,0,0,125,-12.1039
2.15,0,0,125,-12.4179
2.175,0,0,125,-12.7395
2.2,0,0,125,-13.0688
2.225,0,0,125,-13.406
2.25,0,0,125,-13.7512
2.275,0,0,125,-14.1047
2.3,0,0,125,-14.4664
2.325,0,0,125,-14.8366
2.35,0,0,125,-15.2153
2.375,0,0,125,-15.6026
2.4,0,0,125,-15.9987
2.425,0,0,125,-16.4036
2.45,0,0,125,-16.8174
2.475,0,0,125,-17.2401
2.5,0,0,125,-17.6718
2.525,0,0,125,-18.1125
2.55,0,0,125,-18.5623
2.575,0,0,125,-19.0211
2.6,0,0,125,-19.4889
2.625,0,0,125,-19.9657
2.65,0,0,125,-20.4514
2.675,0,0,125,-20.946
2.7,0,0,125,-21.4494
2.725,0,0,125,-21.9615
2.75,0,0,125,-22.4821
2.775,0,0,125,-23.0112
2.8,0,0,125,-23.5486
2.825,0,0,125,-24.0941
2.85,0,0,125,-24.6476
2.875,0,0,125,-25.2088
2.9,0,0,125,-25.7776
2.925,0,0,125,-26.3537
2.95,0,0,125,-26.9369
2.975,0,0,125,-27.5269
3,0,0,125,-28.1235
3.025,0,0,125,-28.7264
3.05,0,0,125,-29.3353
3.075,0,0,125,-29.9498
3.1,0,0,125,-30.5698
3.125,0,0,125,-31.1948
3.15,0,0,125,-31.8244
3.175,0,0,125,-32.4583
3.2,0,0,125,-33.096
3.225,0,0,125,-33.7372
3.25,0,0,125,-34.3812
3.275,0,0,125,-35.0277
3.3,0,0,125,-35.6761
3.325,0,0,125,-36.3257
3.35,0,0,125,-36.9761
3.375,0,0,125,-37.6264
3.4,0,0,125,-38.2761
3.425,0,0,125,-38.9244
3.45,0,0,125,-39.5706
3.475,0,0,125,-40.2139
3.5,0,0,125,-40.8534
3.525,0,0,125,-41.4883
3.55,0,0,125,-42.1177
3.575,0,0,125,-42.7408
3.6,0,0,125,-43.3566
3.625,0,0,125,-43.9643
3.65,0,0,125,-44.563
3.675,0,0,125,-45.1517
3.7,0,0,125,-45.7296
3.725,0,0,125,-46.2958
3.75,0,0,125,-46.8495
3.775,0,0,125,-47.3899
3.8,0,0,125,-47.9161
3.825,0,0,125,-48.4275
3.85,0,0,125,-48.9234
3.875,0,0,125,-49.4031
3.9,0,0,125,-49.8659
3.925,0,0,125,-50.3115
3.95,0,0,125,-50.7392
3.975,0,0,125,-51.1488
4,0,0,125,-51.5397
4.025,0,0,125,-51.9117
4.05,0,0,125,-52.2646
4.075,0,0,125,-52.5983
4.1,0,0,125,-52.9125
4.125,0,0,125,-53.2073
4.15,0,0,125,-53.4827
4.175,0,0,125,-53.7388
4.2,0,0,125,-53.9758
4.225,0,0,125,-54.1939
4.25,0,0,125,-54.3933
4.275,0,0,125,-54.5746
4.3,0,0,125,-54.7379
4.325,0,0,125,-54.8839
4.35,0,0,125,-55.013
4.375,0,0,125,-55.126
4.4,0,0,125,-55.2233
4.425,0,0,125,-55.3058
4.45,0,0,125,-55.3742
4.475,0,0,125,-55.4292
4.5,0,0,125,-55.4718
4.525,0,0,125,-55.5029
4.55,0,0,125,-55.5234
4.575,0,0,125,-55.5343
4.6,0,0,125,-55.5365
4.625,0,0,125,-55.5313
4.65,0,0,125,-55.5196
4.675,0,0,125,-55.5024
4.7,0,0,125,-55.4811
4.725,0,0,125,-55.4566
4.75,0,0,125,-55.43
4.775,0,0,125,-55.4025
4.8,0,0,125,-55.3752
4.825,0,0,125,-55.349
4.85,0,0,125,-55.325
4.875,0,0,125,-55.3038
4.9,0,0,125,-55.2859
4.925,0,0,125,-55.2717
4.95,0,0,125,-55.261
4.975,0,0,125,-55.2539
5,0,0,125,-55.2503
