0,0,0,125,-84.2306
0.025,0,0,125,-84.2308
0.05,0,0,125,-84.231
0.075,0,0,125,-84.2313
0.1,0,0,125,-84.2317
0.125,0,0,125,-84.2321
0.15,0,0,125,-84.2326
0.175,0,0,125,-84.2331
0.2,0,0,125,-84.2336
0.225,0,0,125,-84.2341
0.25,0,0,125,-84.2347
0.275,0,0,125,-84.2352
0.3,0,0,125,-84.2358
0.325,0,0,125,-84.2363
0.35,0,0,125,-84.2369
0.375,0,0,125,-84.2374
0.4,0,0,125,-84.2379
0.425,0,0,125,-84.2384
0.45,0,0,125,-84.2389
0.475,0,0,125,-84.2394
0.5,0,0,125,-84.2399
0.525,0,0,125,-84.2403
0.55,0,0,125,-84.2408
0.575,0,0,125,-84.2412
0.6,0,0,125,-84.2417
0.625,0,0,125,-84.2421
0.65,0,0,125,-84.2425
0.675,0,0,125,-84.2429
0.7,0,0,125,-84.2433
0.725,0,0,125,-84.2437
0.75,0,0,125,-84.2441
0.775,0,0,125,-84.2445
0.8,0,0,125,-84.2449
0.825,0,0,125,-84.2452
0.85,0,0,125,-84.2456
0.875,0,0,125,-84.246
0.9,0,0,125,-84.2464
0.925,0,0,125,-84.2468
0.95,0,0,125,-84.2472
0.975,0,0,125,-84.2476
1,0,0,125,-84.2481
1.025,0,0,125,-84.2485
1.05,0,0,125,-84.2489
1.075,0,0,125,-84.2494
1.1,0,0,125,-84.2498
1.125,0,0,125,-84.2503
1.15,0,0,125,-84.2508
1.175,0,0,125,-84.2513
1.2,0,0,125,-84.2518
1.225,0,0,125,-84.2523
1.25,0,0,125,-84.2528
1.275,0,0,125,-84.2534
1.3,0,0,125,-84.254
1.325,0,0,125,-84.2545
1.35,0,0,125,-84.2551
1.375,0,0,125,-84.2557
1.4,0,0,125,-84.2564
1.425,0,0,125,-84.257
1.45,0,0,125,-84.2577
1.475,0,0,125,-84.2584
1.5,0,0,125,-84.259
1.525,0,0,125,-84.2597
1.55,0,0,125,-84.2605
1.575,0,0,125,-84.2612
1.6,0,0,125,-84.2619
1.625,0,0,125,-84.2627
1.65,0,0,125,-84.2634
1.675,0,0,125,-84.2642
1.7,0,0,125,-84.2649
1.725,0,0,125,-84.2657
1.75,0,0,125,-84.2665
1.775,0,0,125,-84.2673
1.8,0,0,125,-84.2681
1.825,0,0,125,-84.269
1.85,0,0,125,-84.2698
1.875,0,0,125,-84.2706
1.9,0,0,125,-84.2715
1.925,0,0,125,-84.2723
1.95,0,0,125,-84.2732
1.975,0,0,125,-84.2741
2,0,0,125,-84.275
2.025,0,0,125,-84.276
2.05,0,0,125,-84.2769
2.075,0,0,125,-84.2779
2.1,0,0,125,-84.2789
2.125,0,0,125,-84.28
2.15,0,0,125,-84.2811
2.175,0,0,125,-84.2822
2.2,0,0,125,-84.2833
2.225,0,0,125,-84.2845
2.25,0,0,125,-84.2857
2.275,0,0,125,-84.2869
2.3,0,0,125,-84.2882
2.325,0,0,125,-84.2895
2.35,0,0,125,-84.2908
2.375,0,0,125,-84.2922
2.4,0,0,125,-84.2936
2.425,0,0,125,-84.295
2.45,0,0,125,-84.2965
2.475,0,0,125,-84.298
2.5,0,0,125,-84.2996
2.525,0,0,125,-84.3012
2.55,0,0,125,-84.3028
2.575,0,0,125,-84.3044
2.6,0,0,125,-84.3061
2.625,0,0,125,-84.3078
2.65,0,0,125,-84.3096
2.675,0,0,125,-84.3113
2.7,0,0,125,-84.3131
2.725,0,0,125,-84.3148
2.75,0,0,125,-84.3166
2.775,0,0,125,-84.3184
2.8,0,0,125,-84.3202
2.825,0,0,125,-84.3221
2.85,0,0,125,-84.3239
2.875,0,0,125,-84.3258
2.9,0,0,125,-84.3277
2.925,0,0,125,-84.3295
2.95,0,0,125,-84.3314
2.975,0,0,125,-84.3333
3,0,0,125,-84.3352
3.025,0,0,125,-84.3371
3.05,0,0,125,-84.3389
3.075,0,0,125,-84.3408
3.1,0,0,125,-84.3426
3.125,0,0,125,-84.3445
3.15,0,0,125,-84.3463
3.175,0,0,125,-84.3481
3.2,0,0,125,-84.3499
3.225,0,0,125,-84.3516
3.25,0,0,125,-84.3534
3.275,0,0,125,-84.3551
3.3,0,0,125,-84.3569
3.325,0,0,125,-84.3586
3.35,0,0,125,-84.3603
3.375,0,0,125,-84.362
3.4,0,0,125,-84.3636
3.425,0,0,125,-84.3653
3.45,0,0,125,-84.3669
3.475,0,0,125,-84.3685
3.5,0,0,125,-84.3702
3.525,0,0,125,-84.3718
3.55,0,0,125,-84.3733
3.575,0,0,125,-84.3748
3.6,0,0,125,-84.3763
3.625,0,0,125,-84.3778
3.65,0,0,125,-84.3792
3.675,0,0,125,-84.3806
3.7,0,0,125,-84.3819
3.725,0,0,125,-84.3832
3.75,0,0,125,-84.3844
3.775,0,0,125,-84.3857
3.8,0,0,125,-84.3869
3.825,0,0,125,-84.388
3.85,0,0,125,-84.3891
3.875,0,0,125,-84.3901
3.9,0,0,125,-84.3912
3.925,0,0,125,-84.3922
3.95,0,0,125,-84.3931
3.975,0,0,125,-84.394
4,0,0,125,-84.3949
4.025,0,0,125,-84.3958
4.05,0,0,125,-84.3966
4.075,0,0,125,-84.3974
4.1,0,0,125,-84.3981
4.125,0,0,125,-84.3988
4.15,0,0,125,-84.3995
4.175,0,0,125,-84.4002
4.2,0,0,125,-84.4008
4.225,0,0,125,-84.4013
4.25,0,0,125,-84.4019
4.275,0,0,125,-84.4024
4.3,0,0,125,-84.4029
4.325,0,0,125,-84.4033
4.35,0,0,125,-84.4038
4.375,0,0,125,-84.4042
4.4,0,0,125,-84.4045
4.425,0,0,125,-84.4049
4.45,0,0,125,-84.4052
4.475,0,0,125,-84.4055
4.5,0,0,125,-84.4058
4.525,0,0,125,-84.4061
4.55,0,0,125,-84.4063
4.575,0,0,125,-84.4066
4.6,0,0,125,-84.4068
4.625,0,0,125,-84.407
4.65,0,0,125,-84.4072
4.675,0,0,125,-84.4074
4.7,0,0,125,-84.4075
4.725,0,0,125,-84.4077
4.75,0,0,125,-84.4078
4.775,0,0,125,-84.408
4.8,0,0,125,-84.408
4.825,0,0,125,-84.4081
4.85,0,0,125,-84.4082
4.875,0,0,125,-84.4082
4.9,0,0,125,-84.4083
4.925,0,0,125,-84.4083
4.95,0,0,125,-84.4083
4.975,0,0,125,-84.4084
5,0,0,125,-84.4084
