0,0,0,125,9.17191
0.025,0,0,125,9.17554
0.05,0,0,125,9.18263
0.075,0,0,125,9.1928
0.1,0,0,125,9.20548
0.125,0,0,125,9.22003
0.15,0,0,125,9.23581
0.175,0,0,125,9.25229
0.2,0,0,125,9.26913
0.225,0,0,125,9.28611
0.25,0,0,125,9.30306
0.275,0,0,125,9.31981
0.3,0,0,125,9.33624
0.325,0,0,125,9.35222
0.35,0,0,125,9.36764
0.375,0,0,125,9.38239
0.4,0,0,125,9.39638
0.425,0,0,125,9.40952
0.45,0,0,125,9.42171
0.475,0,0,125,9.43289
0.5,0,0,125,9.44297
0.525,0,0,125,9.45188
0.55,0,0,125,9.45955
0.575,0,0,125,9.46591
0.6,0,0,125,9.4709
0.625,0,0,125,9.47443
0.65,0,0,125,9.47646
0.675,0,0,125,9.47692
0.7,0,0,125,9.47574
0.725,0,0,125,9.47286
0.75,0,0,125,9.46821
0.775,0,0,125,9.46173
0.8,0,0,125,9.45335
0.825,0,0,125,9.443
0.85,0,0,125,9.43061
0.875,0,0,125,9.41611
0.9,0,0,125,9.39944
0.925,0,0,125,9.3805
0.95,0,0,125,9.35923
0.975,0,0,125,9.33555
1,0,0,125,9.30938
1.025,0,0,125,9.28063
1.05,0,0,125,9.24922
1.075,0,0,125,9.21506
1.1,0,0,125,9.17805
1.125,0,0,125,9.13812
1.15,0,0,125,9.09516
1.175,0,0,125,9.04908
1.2,0,0,125,8.99977
1.225,0,0,125,8.94715
1.25,0,0,125,8.89109
1.275,0,0,125,8.83151
1.3,0,0,125,8.7683
1.325,0,0,125,8.70134
1.35,0,0,125,8.63054
1.375,0,0,125,8.55578
1.4,0,0,125,8.47696
1.425,0,0,125,8.39397
1.45,0,0,125,8.30669
1.475,0,0,125,8.21503
1.5,0,0,125,8.11887
1.525,0,0,125,8.01812
1.55,0,0,125,7.91266
1.575,0,0,125,7.80239
1.6,0,0,125,7.68722
1.625,0,0,125,7.56704
1.65,0,0,125,7.44177
1.675,0,0,125,7.3113
1.7,0,0,125,7.17555
1.725,0,0,125,7.03443
1.75,0,0,125,6.88786
1.775,0,0,125,6.73576
1.8,0,0,125,6.57804
1.825,0,0,125,6.41463
1.85,0,0,125,6.24547
1.875,0,0,125,6.07047
1.9,0,0,125,5.88957
1.925,0,0,125,5.70269
1.95,0,0,125,5.50979
1.975,0,0,125,5.31078
2,0,0,125,5.10562
2.025,0,0,125,4.89422
2.05,0,0,125,4.67654
2.075,0,0,125,4.45251
2.1,0,0,125,4.22207
2.125,0,0,125,3.98516
2.15,0,0,125,3.74171
2.175,0,0,125,3.49167
2.2,0,0,125,3.23497
2.225,0,0,125,2.97155
2.25,0,0,125,2.70135
2.275,0,0,125,2.42431
2.3,0,0,125,2.14037
2.325,0,0,125,1.84947
2.35,0,0,125,1.55155
2.375,0,0,125,1.24654
2.4,0,0,125,0.934408
2.425,0,0,125,0.615087
2.45,0,0,125,0.288532
2.475,0,0,125,-0.0453023
2.5,0,0,125,-0.386458
2.525,0,0,125,-0.734971
2.55,0,0,125,-1.09087
2.575,0,0,125,-1.45418
2.6,0,0,125,-1.82491
2.625,0,0,125,-2.20307
2.65,0,0,125,-2.58865
2.675,0,0,125,-2.98165
2.7,0,0,125,-3.38203
2.725,0,0,125,-3.78975
2.75,0,0,125,-4.20475
2.775,0,0,125,-4.62698
2.8,0,0,125,-5.05634
2.825,0,0,125,-5.49272
2.85,0,0,125,-5.93602
2.875,0,0,125,-6.38608
2.9,0,0,125,-6.84275
2.925,0,0,125,-7.30584
2.95,0,0,125,-7.77516
2.975,0,0,125,-8.25046
3,0,0,125,-8.7315
3.025,0,0,125,-9.21802
3.05,0,0,125,-9.7097
3.075,0,0,125,-10.2062
3.1,0,0,125,-10.7073
3.125,0,0,125,-11.2125
3.15,0,0,125,-11.7214
3.175,0,0,125,-12.2337
3.2,0,0,125,-12.7488
3.225,0,0,125,-13.2664
3.25,0,0,125,-13.786
3.275,0,0,125,-14.307
3.3,0,0,125,-14.8289
3.325,0,0,125,-15.3513
3.35,0,0,125,-15.8735
3.375,0,0,125,-16.3951
3.4,0,0,125,-16.9154
3.425,0,0,125,-17.4339
3.45,0,0,125,-17.95
3.475,0,0,125,-18.463
3.5,0,0,125,-18.9725
3.525,0,0,125,-19.4779
3.55,0,0,125,-19.9785
3.575,0,0,125,-20.4738
3.6,0,0,125,-20.9631
3.625,0,0,125,-21.4461
3.65,0,0,125,-21.922
3.675,0,0,125,-22.3905
3.7,0,0,125,-22.8509
3.725,0,0,125,-23.3027
3.75,0,0,125,-23.7455
3.775,0,0,125,-24.1789
3.8,0,0,125,-24.6023
3.825,0,0,125,-25.0154
3.85,0,0,125,-25.4178
3.875,0,0,125,-25.809
3.9,0,0,125,-26.1889
3.925,0,0,125,-26.557
3.95,0,0,125,-26.9131
3.975,0,0,125,-27.2569
4,0,0,125,-27.5882
4.025,0,0,125,-27.9068
4.05,0,0,125,-28.2125
4.075,0,0,125,-28.5052
4.1,0,0,125,-28.7849
4.125,0,0,125,-29.0513
4.15,0,0,125,-29.3046
4.175,0,0,125,-29.5447
4.2,0,0,125,-29.7716
4.225,0,0,125,-29.9854
4.25,0,0,125,-30.1863
4.275,0,0,125,-30.3743
4.3,0,0,125,-30.5496
4.325,0,0,125,-30.7125
4.35,0,0,125,-30.8632
4.375,0,0,125,-31.002
4.4,0,0,125,-31.1292
4.425,0,0,125,-31.2451
4.45,0,0,125,-31.3502
4.475,0,0,125,-31.4449
4.5,0,0,125,-31.5297
4.525,0,0,125,-31.605
4.55,0,0,125,-31.6714
4.575,0,0,125,-31.7293
4.6,0,0,125,-31.7795
4.625,0,0,125,-31.8224
4.65,0,0,125,-31.8587
4.675,0,0,125,-31.889
4.7,0,0,125,-31.914
4.725,0,0,125,-31.9342
4.75,0,0,125,-31.9503
4.775,0,0,125,-31.9629
4.8,0,0,125,-31.9726
4.825,0,0,125,-31.9798
4.85,0,0,125,-31.9851
4.875,0,0,125,-31.9889
4.9,0,0,125,-31.9915
4.925,0,0,125,-31.9932
4.95,0,0,125,-31.9943
4.975,0,0,125,-31.9949
5,0,0,125,-31.9952
