0,0,0,125,-82.3966
0.025,0,0,125,-82.3972
0.05,0,0,125,-82.3983
0.075,0,0,125,-82.3998
0.1,0,0,125,-82.4018
0.125,0,0,125,-82.404
0.15,0,0,125,-82.4065
0.175,0,0,125,-82.4091
0.2,0,0,125,-82.4118
0.225,0,0,125,-82.4145
0.25,0,0,125,-82.4173
0.275,0,0,125,-82.4201
0.3,0,0,125,-82.4229
0.325,0,0,125,-82.4257
0.35,0,0,125,-82.4285
0.375,0,0,125,-82.4313
0.4,0,0,125,-82.4341
0.425,0,0,125,-82.4369
0.45,0,0,125,-82.4398
0.475,0,0,125,-82.4426
0.5,0,0,125,-82.4454
0.525,0,0,125,-82.4483
0.55,0,0,125,-82.4512
0.575,0,0,125,-82.4541
0.6,0,0,125,-82.457
0.625,0,0,125,-82.4599
0.65,0,0,125,-82.4629
0.675,0,0,125,-82.4659
0.7,0,0,125,-82.469
0.725,0,0,125,-82.4721
0.75,0,0,125,-82.4752
0.775,0,0,125,-82.4784
0.8,0,0,125,-82.4816
0.825,0,0,125,-82.4849
0.85,0,0,125,-82.4882
0.875,0,0,125,-82.4916
0.9,0,0,125,-82.4951
0.925,0,0,125,-82.4986
0.95,0,0,125,-82.5022
0.975,0,0,125,-82.5059
1,0,0,125,-82.5096
1.025,0,0,125,-82.5133
1.05,0,0,125,-82.5172
1.075,0,0,125,-82.5211
1.1,0,0,125,-82.525
1.125,0,0,125,-82.529
1.15,0,0,125,-82.5331
1.175,0,0,125,-82.5372
1.2,0,0,125,-82.5414
1.225,0,0,125,-82.5457
1.25,0,0,125,-82.55
1.275,0,0,125,-82.5543
1.3,0,0,125,-82.5587
1.325,0,0,125,-82.5631
1.35,0,0,125,-82.5676
1.375,0,0,125,-82.5722
1.4,0,0,125,-82.5767
1.425,0,0,125,-82.5813
1.45,0,0,125,-82.586
1.475,0,0,125,-82.5907
1.5,0,0,125,-82.5954
1.525,0,0,125,-82.6001
1.55,0,0,125,-82.6049
1.575,0,0,125,-82.6097
1.6,0,0,125,-82.6146
1.625,0,0,125,-82.6195
1.65,0,0,125,-82.6244
1.675,0,0,125,-82.6293
1.7,0,0,125,-82.6343
1.725,0,0,125,-82.6393
1.75,0,0,125,-82.6444
1.775,0,0,125,-82.6495
1.8,0,0,125,-82.6546
1.825,0,0,125,-82.6598
1.85,0,0,125,-82.665
1.875,0,0,125,-82.6702
1.9,0,0,125,-82.6756
1.925,0,0,125,-82.6809
1.95,0,0,125,-82.6863
1.975,0,0,125,-82.6918
2,0,0,125,-82.6974
2.025,0,0,125,-82.703
2.05,0,0,125,-82.7087
2.075,0,0,125,-82.7145
2.1,0,0,125,-82.7203
2.125,0,0,125,-82.7263
2.15,0,0,125,-82.7323
2.175,0,0,125,-82.7385
2.2,0,0,125,-82.7447
2.225,0,0,125,-82.751
2.25,0,0,125,-82.7575
2.275,0,0,125,-82.7641
2.3,0,0,125,-82.7707
2.325,0,0,125,-82.7775
2.35,0,0,125,-82.7845
2.375,0,0,125,-82.7915
2.4,0,0,125,-82.7987
2.425,0,0,125,-82.806
2.45,0,0,125,-82.8134
2.475,0,0,125,-82.8209
2.5,0,0,125,-82.8286
2.525,0,0,125,-82.8364
2.55,0,0,125,-82.8444
2.575,0,0,125,-82.8524
2.6,0,0,125,-82.8606
2.625,0,0,125,-82.8689
2.65,0,0,125,-82.8774
2.675,0,0,125,-82.8859
2.7,0,0,125,-82.8946
2.725,0,0,125,-82.9034
2.75,0,0,125,-82.9123
2.775,0,0,125,-82.9213
2.8,0,0,125,-82.9304
2.825,0,0,125,-82.9396
2.85,0,0,125,-82.9488
2.875,0,0,125,-82.9582
2.9,0,0,125,-82.9676
2.925,0,0,125,-82.9771
2.95,0,0,125,-82.9867
2.975,0,0,125,-82.9964
3,0,0,125,-83.006
3.025,0,0,125,-83.0157
3.05,0,0,125,-83.0255
3.075,0,0,125,-83.0352
3.1,0,0,125,-83.045
3.125,0,0,125,-83.0547
3.15,0,0,125,-83.0645
3.175,0,0,125,-83.0742
3.2,0,0,125,-83.084
3.225,0,0,125,-83.0936
3.25,0,0,125,-83.1033
3.275,0,0,125,-83.1129
3.3,0,0,125,-83.1225
3.325,0,0,125,-83.1319
3.35,0,0,125,-83.1413
3.375,0,0,125,-83.1506
3.4,0,0,125,-83.1598
3.425,0,0,125,-83.1688
3.45,0,0,125,-83.1778
3.475,0,0,125,-83.1866
3.5,0,0,125,-83.1953
3.525,0,0,125,-83.2039
3.55,0,0,125,-83.2123
3.575,0,0,125,-83.2206
3.6,0,0,125,-83.2287
3.625,0,0,125,-83.2367
3.65,0,0,125,-83.2445
3.675,0,0,125,-83.2521
3.7,0,0,125,-83.2596
3.725,0,0,125,-83.2669
3.75,0,0,125,-83.274
3.775,0,0,125,-83.2809
3.8,0,0,125,-83.2876
3.825,0,0,125,-83.2942
3.85,0,0,125,-83.3005
3.875,0,0,125,-83.3066
3.9,0,0,125,-83.3125
3.925,0,0,125,-83.3182
3.95,0,0,125,-83.3237
3.975,0,0,125,-83.329
4,0,0,125,-83.3341
4.025,0,0,125,-83.339
4.05,0,0,125,-83.3437
4.075,0,0,125,-83.3482
4.1,0,0,125,-83.3526
4.125,0,0,125,-83.3567
4.15,0,0,125,-83.3607
4.175,0,0,125,-83.3644
4.2,0,0,125,-83.368
4.225,0,0,125,-83.3714
4.25,0,0,125,-83.3746
4.275,0,0,125,-83.3777
4.3,0,0,125,-83.3805
4.325,0,0,125,-83.3833
4.35,0,0,125,-83.3858
4.375,0,0,125,-83.3882
4.4,0,0,125,-83.3904
4.425,0,0,125,-83.3925
4.45,0,0,125,-83.3945
4.475,0,0,125,-83.3963
4.5,0,0,125,-83.398
4.525,0,0,125,-83.3995
4.55,0,0,125,-83.4009
4.575,0,0,125,-83.4022
4.6,0,0,125,-83.4034
4.625,0,0,125,-83.4045
4.65,0,0,125,-83.4055
4.675,0,0,125,-83.4063
4.7,0,0,125,-83.4071
4.725,0,0,125,-83.4077
4.75,0,0,125,-83.4083
4.775,0,0,125,-83.4088
4.8,0,0,125,-83.4091
4.825,0,0,125,-83.4095
4.85,0,0,125,-83.4097
4.875,0,0,125,-83.4099
4.9,0,0,125,-83.41
4.925,0,0,125,-83.4101
4.95,0,0,125,-83.4101
4.975,0,0,125,-83.4101
5,0,0,125,-83.4102
