0,0,0,125,-82.9407
0.025,0,0,125,-82.9412
0.05,0,0,125,-82.9421
0.075,0,0,125,-82.9433
0.1,0,0,125,-82.9449
0.125,0,0,125,-82.9467
0.15,0,0,125,-82.9487
0.175,0,0,125,-82.9508
0.2,0,0,125,-82.9529
0.225,0,0,125,-82.9551
0.25,0,0,125,-82.9573
0.275,0,0,125,-82.9594
0.3,0,0,125,-82.9616
0.325,0,0,125,-82.9637
0.35,0,0,125,-82.9658
0.375,0,0,125,-82.9679
0.4,0,0,125,-82.9699
0.425,0,0,125,-82.9719
0.45,0,0,125,-82.9738
0.475,0,0,125,-82.9757
0.5,0,0,125,-82.9776
0.525,0,0,125,-82.9794
0.55,0,0,125,-82.9812
0.575,0,0,125,-82.983
0.6,0,0,125,-82.9848
0.625,0,0,125,-82.9866
0.65,0,0,125,-82.9883
0.675,0,0,125,-82.9901
0.7,0,0,125,-82.9918
0.725,0,0,125,-82.9936
0.75,0,0,125,-82.9953
0.775,0,0,125,-82.997
0.8,0,0,125,-82.9987
0.825,0,0,125,-83.0004
0.85,0,0,125,-83.0021
0.875,0,0,125,-83.0038
0.9,0,0,125,-83.0055
0.925,0,0,125,-83.0073
0.95,0,0,125,-83.009
0.975,0,0,125,-83.0108
1,0,0,125,-83.0126
1.025,0,0,125,-83.0144
1.05,0,0,125,-83.0162
1.075,0,0,125,-83.018
1.1,0,0,125,-83.0198
1.125,0,0,125,-83.0216
1.15,0,0,125,-83.0235
1.175,0,0,125,-83.0255
1.2,0,0,125,-83.0274
1.225,0,0,125,-83.0294
1.25,0,0,125,-83.0315
1.275,0,0,125,-83.0335
1.3,0,0,125,-83.0357
1.325,0,0,125,-83.0378
1.35,0,0,125,-83.04
1.375,0,0,125,-83.0422
1.4,0,0,125,-83.0445
1.425,0,0,125,-83.0467
1.45,0,0,125,-83.0491
1.475,0,0,125,-83.0514
1.5,0,0,125,-83.0538
1.525,0,0,125,-83.0563
1.55,0,0,125,-83.0589
1.575,0,0,125,-83.0615
1.6,0,0,125,-83.0641
1.625,0,0,125,-83.0668
1.65,0,0,125,-83.0696
1.675,0,0,125,-83.0725
1.7,0,0,125,-83.0754
1.725,0,0,125,-83.0783
1.75,0,0,125,-83.0814
1.775,0,0,125,-83.0845
1.8,0,0,125,-83.0877
1.825,0,0,125,-83.091
1.85,0,0,125,-83.0943
1.875,0,0,125,-83.0978
1.9,0,0,125,-83.1013
1.925,0,0,125,-83.1049
1.95,0,0,125,-83.1086
1.975,0,0,125,-83.1125
2,0,0,125,-83.1164
2.025,0,0,125,-83.1204
2.05,0,0,125,-83.1246
2.075,0,0,125,-83.1288
2.1,0,0,125,-83.1332
2.125,0,0,125,-83.1376
2.15,0,0,125,-83.1422
2.175,0,0,125,-83.1469
2.2,0,0,125,-83.1517
2.225,0,0,125,-83.1566
2.25,0,0,125,-83.1616
2.275,0,0,125,-83.1668
2.3,0,0,125,-83.172
2.325,0,0,125,-83.1774
2.35,0,0,125,-83.1829
2.375,0,0,125,-83.1885
2.4,0,0,125,-83.1943
2.425,0,0,125,-83.2002
2.45,0,0,125,-83.2062
2.475,0,0,125,-83.2124
2.5,0,0,125,-83.2187
2.525,0,0,125,-83.2251
2.55,0,0,125,-83.2317
2.575,0,0,125,-83.2383
2.6,0,0,125,-83.2451
2.625,0,0,125,-83.252
2.65,0,0,125,-83.259
2.675,0,0,125,-83.2661
2.7,0,0,125,-83.2733
2.725,0,0,125,-83.2806
2.75,0,0,125,-83.288
2.775,0,0,125,-83.2955
2.8,0,0,125,-83.3031
2.825,0,0,125,-83.3107
2.85,0,0,125,-83.3184
2.875,0,0,125,-83.3262
2.9,0,0,125,-83.334
2.925,0,0,125,-83.3419
2.95,0,0,125,-83.3499
2.975,0,0,125,-83.3579
3,0,0,125,-83.3659
3.025,0,0,125,-83.3739
3.05,0,0,125,-83.382
3.075,0,0,125,-83.3901
3.1,0,0,125,-83.3981
3.125,0,0,125,-83.4062
3.15,0,0,125,-83.4143
3.175,0,0,125,-83.4224
3.2,0,0,125,-83.4304
3.225,0,0,125,-83.4384
3.25,0,0,125,-83.4463
3.275,0,0,125,-83.4542
3.3,0,0,125,-83.462
3.325,0,0,125,-83.4698
3.35,0,0,125,-83.4775
3.375,0,0,125,-83.4851
3.4,0,0,125,-83.4926
3.425,0,0,125,-83.5001
3.45,0,0,125,-83.5074
3.475,0,0,125,-83.5146
3.5,0,0,125,-83.5217
3.525,0,0,125,-83.5287
3.55,0,0,125,-83.5356
3.575,0,0,125,-83.5424
3.6,0,0,125,-83.549
3.625,0,0,125,-83.5556
3.65,0,0,125,-83.5619
3.675,0,0,125,-83.5682
3.7,0,0,125,-83.5742
3.725,0,0,125,-83.5801
3.75,0,0,125,-83.5859
3.775,0,0,125,-83.5914
3.8,0,0,125,-83.5969
3.825,0,0,125,-83.6021
3.85,0,0,125,-83.6072
3.875,0,0,125,-83.6122
3.9,0,0,125,-83.6169
3.925,0,0,125,-83.6215
3.95,0,0,125,-83.626
3.975,0,0,125,-83.6303
4,0,0,125,-83.6344
4.025,0,0,125,-83.6384
4.05,0,0,125,-83.6422
4.075,0,0,125,-83.6458
4.1,0,0,125,-83.6492
4.125,0,0,125,-83.6526
4.15,0,0,125,-83.6557
4.175,0,0,125,-83.6588
4.2,0,0,125,-83.6617
4.225,0,0,125,-83.6644
4.25,0,0,125,-83.667
4.275,0,0,125,-83.6695
4.3,0,0,125,-83.6719
4.325,0,0,125,-83.6741
4.35,0,0,125,-83.6761
4.375,0,0,125,-83.6781
4.4,0,0,125,-83.6799
4.425,0,0,125,-83.6817
4.45,0,0,125,-83.6833
4.475,0,0,125,-83.6848
4.5,0,0,125,-83.6862
4.525,0,0,125,-83.6874
4.55,0,0,125,-83.6886
4.575,0,0,125,-83.6897
4.6,0,0,125,-83.6907
4.625,0,0,125,-83.6915
4.65,0,0,125,-83.6923
4.675,0,0,125,-83.693
4.7,0,0,125,-83.6937
4.725,0,0,125,-83.6942
4.75,0,0,125,-83.6947
4.775,0,0,125,-83.6951
4.8,0,0,125,-83.6954
4.825,0,0,125,-83.6957
4.85,0,0,125,-83.6959
4.875,0,0,125,-83.696
4.9,0,0,125,-83.6961
4.925,0,0,125,-83.6962
4.95,0,0,125,-83.6962
4.975,0,0,125,-83.6962
5,0,0,125,-83.6962
