0,0,0,125,-79.729
0.025,0,0,125,-79.7297
0.05,0,0,125,-79.7311
0.075,0,0,125,-79.7331
0.1,0,0,125,-79.7357
0.125,0,0,125,-79.7389
0.15,0,0,125,-79.7428
0.175,0,0,125,-79.7471
0.2,0,0,125,-79.7521
0.225,0,0,125,-79.7576
0.25,0,0,125,-79.7638
0.275,0,0,125,-79.7705
0.3,0,0,125,-79.778
0.325,0,0,125,-79.7861
0.35,0,0,125,-79.795
0.375,0,0,125,-79.8047
0.4,0,0,125,-79.8152
0.425,0,0,125,-79.8266
0.45,0,0,125,-79.8389
0.475,0,0,125,-79.8521
0.5,0,0,125,-79.8662
0.525,0,0,125,-79.8814
0.55,0,0,125,-79.8976
0.575,0,0,125,-79.9148
0.6,0,0,125,-79.9332
0.625,0,0,125,-79.9526
0.65,0,0,125,-79.9732
0.675,0,0,125,-79.995
0.7,0,0,125,-80.0179
0.725,0,0,125,-80.042
0.75,0,0,125,-80.0673
0.775,0,0,125,-80.0938
0.8,0,0,125,-80.1214
0.825,0,0,125,-80.1503
0.85,0,0,125,-80.1804
0.875,0,0,125,-80.2116
0.9,0,0,125,-80.244
0.925,0,0,125,-80.2775
0.95,0,0,125,-80.3121
0.975,0,0,125,-80.3478
1,0,0,125,-80.3846
1.025,0,0,125,-80.4224
1.05,0,0,125,-80.4611
1.075,0,0,125,-80.5008
1.1,0,0,125,-80.5414
1.125,0,0,125,-80.5827
1.15,0,0,125,-80.6249
1.175,0,0,125,-80.6678
1.2,0,0,125,-80.7113
1.225,0,0,125,-80.7554
1.25,0,0,125,-80.8001
1.275,0,0,125,-80.8452
1.3,0,0,125,-80.8907
1.325,0,0,125,-80.9365
1.35,0,0,125,-80.9826
1.375,0,0,125,-81.0288
1.4,0,0,125,-81.0752
1.425,0,0,125,-81.1216
1.45,0,0,125,-81.1679
1.475,0,0,125,-81.2142
1.5,0,0,125,-81.2603
1.525,0,0,125,-81.3061
1.55,0,0,125,-81.3516
1.575,0,0,125,-81.3968
1.6,0,0,125,-81.4415
1.625,0,0,125,-81.4857
1.65,0,0,125,-81.5294
1.675,0,0,125,-81.5725
1.7,0,0,125,-81.6149
1.725,0,0,125,-81.6567
1.75,0,0,125,-81.6977
1.775,0,0,125,-81.738
1.8,0,0,125,-81.7775
1.825,0,0,125,-81.8161
1.85,0,0,125,-81.8539
1.875,0,0,125,-81.8908
1.9,0,0,125,-81.9268
1.925,0,0,125,-81.962
1.95,0,0,125,-81.9962
1.975,0,0,125,-82.0295
2,0,0,125,-82.0619
2.025,0,0,125,-82.0934
2.05,0,0,125,-82.124
2.075,0,0,125,-82.1537
2.1,0,0,125,-82.1825
2.125,0,0,125,-82.2104
2.15,0,0,125,-82.2375
2.175,0,0,125,-82.2638
2.2,0,0,125,-82.2892
2.225,0,0,125,-82.3139
2.25,0,0,125,-82.3378
2.275,0,0,125,-82.3609
2.3,0,0,125,-82.3834
2.325,0,0,125,-82.4051
2.35,0,0,125,-82.4262
2.375,0,0,125,-82.4467
2.4,0,0,125,-82.4666
2.425,0,0,125,-82.4859
2.45,0,0,125,-82.5046
2.475,0,0,125,-82.5229
2.5,0,0,125,-82.5407
2.525,0,0,125,-82.558
2.55,0,0,125,-82.5749
2.575,0,0,125,-82.5914
2.6,0,0,125,-82.6075
2.625,0,0,125,-82.6232
2.65,0,0,125,-82.6387
2.675,0,0,125,-82.6538
2.7,0,0,125,-82.6686
2.725,0,0,125,-82.6832
2.75,0,0,125,-82.6975
2.775,0,0,125,-82.7116
2.8,0,0,125,-82.7255
2.825,0,0,125,-82.7391
2.85,0,0,125,-82.7526
2.875,0,0,125,-82.7659
2.9,0,0,125,-82.7791
2.925,0,0,125,-82.7921
2.95,0,0,125,-82.8049
2.975,0,0,125,-82.8176
3,0,0,125,-82.8302
3.025,0,0,125,-82.8426
3.05,0,0,125,-82.8549
3.075,0,0,125,-82.867
3.1,0,0,125,-82.8791
3.125,0,0,125,-82.891
3.15,0,0,125,-82.9028
3.175,0,0,125,-82.9145
3.2,0,0,125,-82.926
3.225,0,0,125,-82.9374
3.25,0,0,125,-82.9487
3.275,0,0,125,-82.9598
3.3,0,0,125,-82.9708
3.325,0,0,125,-82.9817
3.35,0,0,125,-82.9924
3.375,0,0,125,-83.003
3.4,0,0,125,-83.0134
3.425,0,0,125,-83.0236
3.45,0,0,125,-83.0337
3.475,0,0,125,-83.0436
3.5,0,0,125,-83.0533
3.525,0,0,125,-83.0629
3.55,0,0,125,-83.0722
3.575,0,0,125,-83.0814
3.6,0,0,125,-83.0904
3.625,0,0,125,-83.0992
3.65,0,0,125,-83.1078
3.675,0,0,125,-83.1162
3.7,0,0,125,-83.1243
3.725,0,0,125,-83.1323
3.75,0,0,125,-83.1401
3.775,0,0,125,-83.1476
3.8,0,0,125,-83.1549
3.825,0,0,125,-83.162
3.85,0,0,125,-83.1689
3.875,0,0,125,-83.1756
3.9,0,0,125,-83.1821
3.925,0,0,125,-83.1883
3.95,0,0,125,-83.1943
3.975,0,0,125,-83.2001
4,0,0,125,-83.2057
4.025,0,0,125,-83.211
4.05,0,0,125,-83.2162
4.075,0,0,125,-83.2211
4.1,0,0,125,-83.2258
4.125,0,0,125,-83.2303
4.15,0,0,125,-83.2346
4.175,0,0,125,-83.2387
4.2,0,0,125,-83.2426
4.225,0,0,125,-83.2462
4.25,0,0,125,-83.2498
4.275,0,0,125,-83.2531
4.3,0,0,125,-83.2562
4.325,0,0,125,-83.2591
4.35,0,0,125,-83.2619
4.375,0,0,125,-83.2645
4.4,0,0,125,-83.2669
4.425,0,0,125,-83.2692
4.45,0,0,125,-83.2713
4.475,0,0,125,-83.2732
4.5,0,0,125,-83.2751
4.525,0,0,125,-83.2768
4.55,0,0,125,-83.2783
4.575,0,0,125,-83.2797
4.6,0,0,125,-83.281
4.625,0,0,125,-83.2821
4.65,0,0,125,-83.2832
4.675,0,0,125,-83.2841
4.7,0,0,125,-83.2849
4.725,0,0,125,-83.2856
4.75,0,0,125,-83.2862
4.775,0,0,125,-83.2868
4.8,0,0,125,-83.2872
4.825,0,0,125,-83.2875
4.85,0,0,125,-83.2878
4.875,0,0,125,-83.2879
4.9,0,0,125,-83.2881
4.925,0,0,125,-83.2882
4.95,0,0,125,-83.2882
4.975,0,0,125,-83.2882
5,0,0,125,-83.2882
