0,0,0,125,-4.55464
0.025,0,0,125,-4.55595
0.05,0,0,125,-4.55863
0.075,0,0,125,-4.56279
0.1,0,0,125,-4.56864
0.125,0,0,125,-4.57641
0.15,0,0,125,-4.5864
0.175,0,0,125,-4.59885
0.2,0,0,125,-4.61391
0.225,0,0,125,-4.63168
0.25,0,0,125,-4.65221
0.275,0,0,125,-4.67551
0.3,0,0,125,-4.70156
0.325,0,0,125,-4.73032
0.35,0,0,125,-4.76171
0.375,0,0,125,-4.79566
0.4,0,0,125,-4.83208
0.425,0,0,125,-4.87086
0.45,0,0,125,-4.9119
0.475,0,0,125,-4.95511
0.5,0,0,125,-5.00037
0.525,0,0,125,-5.04759
0.55,0,0,125,-5.09667
0.575,0,0,125,-5.14751
0.6,0,0,125,-5.20003
0.625,0,0,125,-5.25415
0.65,0,0,125,-5.30979
0.675,0,0,125,-5.36688
0.7,0,0,125,-5.42535
0.725,0,0,125,-5.48516
0.75,0,0,125,-5.54624
0.775,0,0,125,-5.60857
0.8,0,0,125,-5.6721
0.825,0,0,125,-5.7368
0.85,0,0,125,-5.80265
0.875,0,0,125,-5.86963
0.9,0,0,125,-5.93773
0.925,0,0,125,-6.00694
0.95,0,0,125,-6.07727
0.975,0,0,125,-6.14871
1,0,0,125,-6.22128
1.025,0,0,125,-6.295
1.05,0,0,125,-6.36987
1.075,0,0,125,-6.44593
1.1,0,0,125,-6.5232
1.125,0,0,125,-6.6017
1.15,0,0,125,-6.68149
1.175,0,0,125,-6.76259
1.2,0,0,125,-6.84504
1.225,0,0,125,-6.92889
1.25,0,0,125,-7.01418
1.275,0,0,125,-7.10097
1.3,0,0,125,-7.1893
1.325,0,0,125,-7.27924
1.35,0,0,125,-7.37083
1.375,0,0,125,-7.46413
1.4,0,0,125,-7.55921
1.425,0,0,125,-7.65612
1.45,0,0,125,-7.75494
1.475,0,0,125,-7.85572
1.5,0,0,125,-7.95854
1.525,0,0,125,-8.06346
1.55,0,0,125,-8.17055
1.575,0,0,125,-8.27988
1.6,0,0,125,-8.39153
1.625,0,0,125,-8.50558
1.65,0,0,125,-8.62208
1.675,0,0,125,-8.74113
1.7,0,0,125,-8.8628
1.725,0,0,125,-8.98717
1.75,0,0,125,-9.11431
1.775,0,0,125,-9.24431
1.8,0,0,125,-9.37724
1.825,0,0,125,-9.5132
1.85,0,0,125,-9.65225
1.875,0,0,125,-9.79449
1.9,0,0,125,-9.94
1.925,0,0,125,-10.0889
1.95,0,0,125,-10.2411
1.975,0,0,125,-10.397
2,0,0,125,-10.5564
2.025,0,0,125,-10.7195
2.05,0,0,125,-10.8864
2.075,0,0,125,-11.0571
2.1,0,0,125,-11.2318
2.125,0,0,125,-11.4105
2.15,0,0,125,-11.5933
2.175,0,0,125,-11.7803
2.2,0,0,125,-11.9716
2.225,0,0,125,-12.1672
2.25,0,0,125,-12.3672
2.275,0,0,125,-12.5718
2.3,0,0,125,-12.7809
2.325,0,0,125,-12.9946
2.35,0,0,125,-13.2131
2.375,0,0,125,-13.4363
2.4,0,0,125,-13.6644
2.425,0,0,125,-13.8973
2.45,0,0,125,-14.1352
2.475,0,0,125,-14.378
2.5,0,0,125,-14.6259
2.525,0,0,125,-14.8788
2.55,0,0,125,-15.1369
2.575,0,0,125,-15.4
2.6,0,0,125,-15.6682
2.625,0,0,125,-15.9415
2.65,0,0,125,-16.2199
2.675,0,0,125,-16.5035
2.7,0,0,125,-16.792
2.725,0,0,125,-17.0857
2.75,0,0,125,-17.3843
2.775,0,0,125,-17.6878
2.8,0,0,125,-17.9961
2.825,0,0,125,-18.3093
2.85,0,0,125,-18.6271
2.875,0,0,125,-18.9494
2.9,0,0,125,-19.2762
2.925,0,0,125,-19.6072
2.95,0,0,125,-19.9424
2.975,0,0,125,-20.2815
3,0,0,125,-20.6244
3.025,0,0,125,-20.9708
3.05,0,0,125,-21.3206
3.075,0,0,125,-21.6735
3.1,0,0,125,-22.0292
3.125,0,0,125,-22.3874
3.15,0,0,125,-22.7479
3.175,0,0,125,-23.1104
3.2,0,0,125,-23.4745
3.225,0,0,125,-23.8399
3.25,0,0,125,-24.2062
3.275,0,0,125,-24.5731
3.3,0,0,125,-24.9402
3.325,0,0,125,-25.307
3.35,0,0,125,-25.6732
3.375,0,0,125,-26.0383
3.4,0,0,125,-26.4019
3.425,0,0,125,-26.7634
3.45,0,0,125,-27.1226
3.475,0,0,125,-27.4787
3.5,0,0,125,-27.8315
3.525,0,0,125,-28.1803
3.55,0,0,125,-28.5247
3.575,0,0,125,-28.8642
3.6,0,0,125,-29.1982
3.625,0,0,125,-29.5262
3.65,0,0,125,-29.8476
3.675,0,0,125,-30.162
3.7,0,0,125,-30.4689
3.725,0,0,125,-30.7677
3.75,0,0,125,-31.0578
3.775,0,0,125,-31.3389
3.8,0,0,125,-31.6103
3.825,0,0,125,-31.8716
3.85,0,0,125,-32.1223
3.875,0,0,125,-32.362
3.9,0,0,125,-32.5902
3.925,0,0,125,-32.8065
3.95,0,0,125,-33.0106
3.975,0,0,125,-33.202
4,0,0,125,-33.3804
4.025,0,0,125,-33.5455
4.05,0,0,125,-33.6971
4.075,0,0,125,-33.835
4.1,0,0,125,-33.959
4.125,0,0,125,-34.0689
4.15,0,0,125,-34.1647
4.175,0,0,125,-34.2464
4.2,0,0,125,-34.3139
4.225,0,0,125,-34.3675
4.25,0,0,125,-34.4072
4.275,0,0,125,-34.4333
4.3,0,0,125,-34.446
4.325,0,0,125,-34.4457
4.35,0,0,125,-34.4328
4.375,0,0,125,-34.4078
4.4,0,0,125,-34.3713
4.425,0,0,125,-34.3238
4.45,0,0,125,-34.266
4.475,0,0,125,-34.1988
4.5,0,0,125,-34.123
4.525,0,0,125,-34.0394
4.55,0,0,125,-33.9491
4.575,0,0,125,-33.853
4.6,0,0,125,-33.7524
4.625,0,0,125,-33.6484
4.65,0,0,125,-33.5421
4.675,0,0,125,-33.435
4.7,0,0,125,-33.3283
4.725,0,0,125,-33.2234
4.75,0,0,125,-33.1218
4.775,0,0,125,-33.0249
4.8,0,0,125,-32.9343
4.825,0,0,125,-32.8513
4.85,0,0,125,-32.7773
4.875,0,0,125,-32.7135
4.9,0,0,125,-32.6603
4.925,0,0,125,-32.6181
4.95,0,0,125,-32.5866
4.975,0,0,125,-32.5656
5,0,0,125,-32.5552
