0,0,0,125,-82.8333
0.025,0,0,125,-82.8337
0.05,0,0,125,-82.8346
0.075,0,0,125,-82.8359
0.1,0,0,125,-82.8376
0.125,0,0,125,-82.8395
0.15,0,0,125,-82.8415
0.175,0,0,125,-82.8436
0.2,0,0,125,-82.8458
0.225,0,0,125,-82.8481
0.25,0,0,125,-82.8503
0.275,0,0,125,-82.8525
0.3,0,0,125,-82.8547
0.325,0,0,125,-82.8569
0.35,0,0,125,-82.8591
0.375,0,0,125,-82.8612
0.4,0,0,125,-82.8633
0.425,0,0,125,-82.8654
0.45,0,0,125,-82.8674
0.475,0,0,125,-82.8694
0.5,0,0,125,-82.8714
0.525,0,0,125,-82.8733
0.55,0,0,125,-82.8752
0.575,0,0,125,-82.8771
0.6,0,0,125,-82.879
0.625,0,0,125,-82.8809
0.65,0,0,125,-82.8827
0.675,0,0,125,-82.8845
0.7,0,0,125,-82.8864
0.725,0,0,125,-82.8882
0.75,0,0,125,-82.89
0.775,0,0,125,-82.8917
0.8,0,0,125,-82.8935
0.825,0,0,125,-82.8953
0.85,0,0,125,-82.8971
0.875,0,0,125,-82.8989
0.9,0,0,125,-82.9008
0.925,0,0,125,-82.9026
0.95,0,0,125,-82.9044
0.975,0,0,125,-82.9063
1,0,0,125,-82.9081
1.025,0,0,125,-82.91
1.05,0,0,125,-82.9119
1.075,0,0,125,-82.9138
1.1,0,0,125,-82.9158
1.125,0,0,125,-82.9178
1.15,0,0,125,-82.9198
1.175,0,0,125,-82.9219
1.2,0,0,125,-82.9239
1.225,0,0,125,-82.926
1.25,0,0,125,-82.9282
1.275,0,0,125,-82.9303
1.3,0,0,125,-82.9326
1.325,0,0,125,-82.9348
1.35,0,0,125,-82.9371
1.375,0,0,125,-82.9394
1.4,0,0,125,-82.9418
1.425,0,0,125,-82.9442
1.45,0,0,125,-82.9466
1.475,0,0,125,-82.9491
1.5,0,0,125,-82.9516
1.525,0,0,125,-82.9542
1.55,0,0,125,-82.9568
1.575,0,0,125,-82.9595
1.6,0,0,125,-82.9623
1.625,0,0,125,-82.9651
1.65,0,0,125,-82.968
1.675,0,0,125,-82.9709
1.7,0,0,125,-82.9739
1.725,0,0,125,-82.977
1.75,0,0,125,-82.9801
1.775,0,0,125,-82.9833
1.8,0,0,125,-82.9866
1.825,0,0,125,-82.99
1.85,0,0,125,-82.9935
1.875,0,0,125,-82.997
1.9,0,0,125,-83.0007
1.925,0,0,125,-83.0044
1.95,0,0,125,-83.0082
1.975,0,0,125,-83.0121
2,0,0,125,-83.0162
2.025,0,0,125,-83.0203
2.05,0,0,125,-83.0246
2.075,0,0,125,-83.029
2.1,0,0,125,-83.0334
2.125,0,0,125,-83.038
2.15,0,0,125,-83.0427
2.175,0,0,125,-83.0476
2.2,0,0,125,-83.0526
2.225,0,0,125,-83.0577
2.25,0,0,125,-83.063
2.275,0,0,125,-83.0684
2.3,0,0,125,-83.0739
2.325,0,0,125,-83.0796
2.35,0,0,125,-83.0854
2.375,0,0,125,-83.0913
2.4,0,0,125,-83.0974
2.425,0,0,125,-83.1036
2.45,0,0,125,-83.11
2.475,0,0,125,-83.1165
2.5,0,0,125,-83.1231
2.525,0,0,125,-83.1298
2.55,0,0,125,-83.1367
2.575,0,0,125,-83.1436
2.6,0,0,125,-83.1507
2.625,0,0,125,-83.1579
2.65,0,0,125,-83.1652
2.675,0,0,125,-83.1726
2.7,0,0,125,-83.1802
2.725,0,0,125,-83.1878
2.75,0,0,125,-83.1956
2.775,0,0,125,-83.2034
2.8,0,0,125,-83.2114
2.825,0,0,125,-83.2194
2.85,0,0,125,-83.2275
2.875,0,0,125,-83.2357
2.9,0,0,125,-83.2439
2.925,0,0,125,-83.2522
2.95,0,0,125,-83.2606
2.975,0,0,125,-83.269
3,0,0,125,-83.2775
3.025,0,0,125,-83.286
3.05,0,0,125,-83.2945
3.075,0,0,125,-83.303
3.1,0,0,125,-83.3115
3.125,0,0,125,-83.32
3.15,0,0,125,-83.3285
3.175,0,0,125,-83.337
3.2,0,0,125,-83.3455
3.225,0,0,125,-83.3539
3.25,0,0,125,-83.3623
3.275,0,0,125,-83.3707
3.3,0,0,125,-83.3789
3.325,0,0,125,-83.3872
3.35,0,0,125,-83.3953
3.375,0,0,125,-83.4034
3.4,0,0,125,-83.4114
3.425,0,0,125,-83.4193
3.45,0,0,125,-83.4271
3.475,0,0,125,-83.4347
3.5,0,0,125,-83.4423
3.525,0,0,125,-83.4497
3.55,0,0,125,-83.457
3.575,0,0,125,-83.4641
3.6,0,0,125,-83.4712
3.625,0,0,125,-83.478
3.65,0,0,125,-83.4848
3.675,0,0,125,-83.4913
3.7,0,0,125,-83.4977
3.725,0,0,125,-83.504
3.75,0,0,125,-83.5101
3.775,0,0,125,-83.516
3.8,0,0,125,-83.5217
3.825,0,0,125,-83.5273
3.85,0,0,125,-83.5327
3.875,0,0,125,-83.538
3.9,0,0,125,-83.5431
3.925,0,0,125,-83.548
3.95,0,0,125,-83.5528
3.975,0,0,125,-83.5573
4,0,0,125,-83.5618
4.025,0,0,125,-83.566
4.05,0,0,125,-83.5701
4.075,0,0,125,-83.574
4.1,0,0,125,-83.5777
4.125,0,0,125,-83.5813
4.15,0,0,125,-83.5847
4.175,0,0,125,-83.588
4.2,0,0,125,-83.5911
4.225,0,0,125,-83.594
4.25,0,0,125,-83.5968
4.275,0,0,125,-83.5994
4.3,0,0,125,-83.6019
4.325,0,0,125,-83.6042
4.35,0,0,125,-83.6064
4.375,0,0,125,-83.6085
4.4,0,0,125,-83.6104
4.425,0,0,125,-83.6122
4.45,0,0,125,-83.6139
4.475,0,0,125,-83.6154
4.5,0,0,125,-83.6169
4.525,0,0,125,-83.6182
4.55,0,0,125,-83.6194
4.575,0,0,125,-83.6205
4.6,0,0,125,-83.6215
4.625,0,0,125,-83.6225
4.65,0,0,125,-83.6233
4.675,0,0,125,-83.624
4.7,0,0,125,-83.6247
4.725,0,0,125,-83.6253
4.75,0,0,125,-83.6257
4.775,0,0,125,-83.6261
4.8,0,0,125,-83.6265
4.825,0,0,125,-83.6267
4.85,0,0,125,-83.6269
4.875,0,0,125,-83.6271
4.9,0,0,125,-83.6272
4.925,0,0,125,-83.6273
4.95,0,0,125,-83.6273
4.975,0,0,125,-83.6273
5,0,0,125,-83.6273
