0,0,0,125,-83.4844
0.025,0,0,125,-83.4849
0.05,0,0,125,-83.4857
0.075,0,0,125,-83.4868
0.1,0,0,125,-83.4882
0.125,0,0,125,-83.4899
0.15,0,0,125,-83.4917
0.175,0,0,125,-83.4935
0.2,0,0,125,-83.4954
0.225,0,0,125,-83.4972
0.25,0,0,125,-83.499
0.275,0,0,125,-83.5007
0.3,0,0,125,-83.5024
0.325,0,0,125,-83.5039
0.35,0,0,125,-83.5054
0.375,0,0,125,-83.5067
0.4,0,0,125,-83.5079
0.425,0,0,125,-83.509
0.45,0,0,125,-83.5099
0.475,0,0,125,-83.5106
0.5,0,0,125,-83.5112
0.525,0,0,125,-83.5116
0.55,0,0,125,-83.5118
0.575,0,0,125,-83.5118
0.6,0,0,125,-83.5116
0.625,0,0,125,-83.5113
0.65,0,0,125,-83.5107
0.675,0,0,125,-83.5099
0.7,0,0,125,-83.5088
0.725,0,0,125,-83.5076
0.75,0,0,125,-83.5061
0.775,0,0,125,-83.5044
0.8,0,0,125,-83.5024
0.825,0,0,125,-83.5002
0.85,0,0,125,-83.4977
0.875,0,0,125,-83.495
0.9,0,0,125,-83.492
0.925,0,0,125,-83.4887
0.95,0,0,125,-83.4852
0.975,0,0,125,-83.4814
1,0,0,125,-83.4772
1.025,0,0,125,-83.4728
1.05,0,0,125,-83.4681
1.075,0,0,125,-83.4631
1.1,0,0,125,-83.4577
1.125,0,0,125,-83.4521
1.15,0,0,125,-83.4461
1.175,0,0,125,-83.4399
1.2,0,0,125,-83.4333
1.225,0,0,125,-83.4263
1.25,0,0,125,-83.419
1.275,0,0,125,-83.4114
1.3,0,0,125,-83.4034
1.325,0,0,125,-83.3951
1.35,0,0,125,-83.3864
1.375,0,0,125,-83.3773
1.4,0,0,125,-83.3679
1.425,0,0,125,-83.3581
1.45,0,0,125,-83.3479
1.475,0,0,125,-83.3374
1.5,0,0,125,-83.3265
1.525,0,0,125,-83.3152
1.55,0,0,125,-83.3036
1.575,0,0,125,-83.2915
1.6,0,0,125,-83.2791
1.625,0,0,125,-83.2664
1.65,0,0,125,-83.2532
1.675,0,0,125,-83.2397
1.7,0,0,125,-83.2257
1.725,0,0,125,-83.2115
1.75,0,0,125,-83.1968
1.775,0,0,125,-83.1818
1.8,0,0,125,-83.1663
1.825,0,0,125,-83.1505
1.85,0,0,125,-83.1344
1.875,0,0,125,-83.1178
1.9,0,0,125,-83.1008
1.925,0,0,125,-83.0835
1.95,0,0,125,-83.0658
1.975,0,0,125,-83.0476
2,0,0,125,-83.029
2.025,0,0,125,-83.01
2.05,0,0,125,-82.9905
2.075,0,0,125,-82.9706
2.1,0,0,125,-82.9502
2.125,0,0,125,-82.9292
2.15,0,0,125,-82.9077
2.175,0,0,125,-82.8856
2.2,0,0,125,-82.8629
2.225,0,0,125,-82.8395
2.25,0,0,125,-82.8153
2.275,0,0,125,-82.7904
2.3,0,0,125,-82.7647
2.325,0,0,125,-82.7381
2.35,0,0,125,-82.7105
2.375,0,0,125,-82.6818
2.4,0,0,125,-82.6519
2.425,0,0,125,-82.6208
2.45,0,0,125,-82.5884
2.475,0,0,125,-82.5545
2.5,0,0,125,-82.519
2.525,0,0,125,-82.4818
2.55,0,0,125,-82.4428
2.575,0,0,125,-82.4017
2.6,0,0,125,-82.3585
2.625,0,0,125,-82.3129
2.65,0,0,125,-82.2649
2.675,0,0,125,-82.2141
2.7,0,0,125,-82.1605
2.725,0,0,125,-82.1038
2.75,0,0,125,-82.0438
2.775,0,0,125,-81.9802
2.8,0,0,125,-81.913
2.825,0,0,125,-81.8417
2.85,0,0,125,-81.7661
2.875,0,0,125,-81.6861
2.9,0,0,125,-81.6013
2.925,0,0,125,-81.5116
2.95,0,0,125,-81.4165
2.975,0,0,125,-81.3158
3,0,0,125,-81.2094
3.025,0,0,125,-81.0968
3.05,0,0,125,-80.9778
3.075,0,0,125,-80.8522
3.1,0,0,125,-80.7197
3.125,0,0,125,-80.5799
3.15,0,0,125,-80.4327
3.175,0,0,125,-80.2778
3.2,0,0,125,-80.115
3.225,0,0,125,-79.9439
3.25,0,0,125,-79.7645
3.275,0,0,125,-79.5765
3.3,0,0,125,-79.3798
3.325,0,0,125,-79.1741
3.35,0,0,125,-78.9594
3.375,0,0,125,-78.7355
3.4,0,0,125,-78.5024
3.425,0,0,125,-78.2601
3.45,0,0,125,-78.0084
3.475,0,0,125,-77.7474
3.5,0,0,125,-77.4771
3.525,0,0,125,-77.1977
3.55,0,0,125,-76.9092
3.575,0,0,125,-76.6119
3.6,0,0,125,-76.3058
3.625,0,0,125,-75.9912
3.65,0,0,125,-75.6685
3.675,0,0,125,-75.3378
3.7,0,0,125,-74.9996
3.725,0,0,125,-74.6542
3.75,0,0,125,-74.302
3.775,0,0,125,-73.9436
3.8,0,0,125,-73.5793
3.825,0,0,125,-73.2098
3.85,0,0,125,-72.8355
3.875,0,0,125,-72.457
3.9,0,0,125,-72.075
3.925,0,0,125,-71.6899
3.95,0,0,125,-71.3026
3.975,0,0,125,-70.9136
4,0,0,125,-70.5235
4.025,0,0,125,-70.1332
4.05,0,0,125,-69.7432
4.075,0,0,125,-69.3542
4.1,0,0,125,-68.967
4.125,0,0,125,-68.5821
4.15,0,0,125,-68.2003
4.175,0,0,125,-67.8223
4.2,0,0,125,-67.4487
4.225,0,0,125,-67.0801
4.25,0,0,125,-66.7172
4.275,0,0,125,-66.3605
4.3,0,0,125,-66.0108
4.325,0,0,125,-65.6684
4.35,0,0,125,-65.3341
4.375,0,0,125,-65.0082
4.4,0,0,125,-64.6914
4.425,0,0,125,-64.384
4.45,0,0,125,-64.0866
4.475,0,0,125,-63.7995
4.5,0,0,125,-63.5231
4.525,0,0,125,-63.2579
4.55,0,0,125,-63.0041
4.575,0,0,125,-62.7621
4.6,0,0,125,-62.5322
4.625,0,0,125,-62.3147
4.65,0,0,125,-62.1097
4.675,0,0,125,-61.9176
4.7,0,0,125,-61.7385
4.725,0,0,125,-61.5727
4.75,0,0,125,-61.4202
4.775,0,0,125,-61.2813
4.8,0,0,125,-61.156
4.825,0,0,125,-61.0445
4.85,0,0,125,-60.9469
4.875,0,0,125,-60.8632
4.9,0,0,125,-60.7934
4.925,0,0,125,-60.7376
4.95,0,0,125,-60.6957
4.975,0,0,125,-60.6678
5,0,0,125,-60.6539
