0,0,0,125,-84.438
0.025,0,0,125,-84.438
0.05,0,0,125,-84.4381
0.075,0,0,125,-84.4382
0.1,0,0,125,-84.4384
0.125,0,0,125,-84.4385
0.15,0,0,125,-84.4387
0.175,0,0,125,-84.4389
0.2,0,0,125,-84.4391
0.225,0,0,125,-84.4393
0.25,0,0,125,-84.4396
0.275,0,0,125,-84.4398
0.3,0,0,125,-84.44
0.325,0,0,125,-84.4403
0.35,0,0,125,-84.4405
0.375,0,0,125,-84.4407
0.4,0,0,125,-84.4409
0.425,0,0,125,-84.4412
0.45,0,0,125,-84.4413
0.475,0,0,125,-84.4415
0.5,0,0,125,-84.4417
0.525,0,0,125,-84.4419
0.55,0,0,125,-84.4421
0.575,0,0,125,-84.4422
0.6,0,0,125,-84.4424
0.625,0,0,125,-84.4426
0.65,0,0,125,-84.4427
0.675,0,0,125,-84.4429
0.7,0,0,125,-84.443
0.725,0,0,125,-84.4432
0.75,0,0,125,-84.4434
0.775,0,0,125,-84.4435
0.8,0,0,125,-84.4437
0.825,0,0,125,-84.4438
0.85,0,0,125,-84.444
0.875,0,0,125,-84.4441
0.9,0,0,125,-84.4443
0.925,0,0,125,-84.4445
0.95,0,0,125,-84.4446
0.975,0,0,125,-84.4448
1,0,0,125,-84.445
1.025,0,0,125,-84.4451
1.05,0,0,125,-84.4453
1.075,0,0,125,-84.4455
1.1,0,0,125,-84.4456
1.125,0,0,125,-84.4458
1.15,0,0,125,-84.446
1.175,0,0,125,-84.4462
1.2,0,0,125,-84.4464
1.225,0,0,125,-84.4466
1.25,0,0,125,-84.4468
1.275,0,0,125,-84.447
1.3,0,0,125,-84.4472
1.325,0,0,125,-84.4474
1.35,0,0,125,-84.4476
1.375,0,0,125,-84.4478
1.4,0,0,125,-84.4481
1.425,0,0,125,-84.4483
1.45,0,0,125,-84.4485
1.475,0,0,125,-84.4488
1.5,0,0,125,-84.449
1.525,0,0,125,-84.4492
1.55,0,0,125,-84.4495
1.575,0,0,125,-84.4497
1.6,0,0,125,-84.45
1.625,0,0,125,-84.4503
1.65,0,0,125,-84.4505
1.675,0,0,125,-84.4508
1.7,0,0,125,-84.4511
1.725,0,0,125,-84.4514
1.75,0,0,125,-84.4516
1.775,0,0,125,-84.452
1.8,0,0,125,-84.4523
1.825,0,0,125,-84.4526
1.85,0,0,125,-84.4529
1.875,0,0,125,-84.4533
1.9,0,0,125,-84.4536
1.925,0,0,125,-84.454
1.95,0,0,125,-84.4544
1.975,0,0,125,-84.4548
2,0,0,125,-84.4552
2.025,0,0,125,-84.4556
2.05,0,0,125,-84.456
2.075,0,0,125,-84.4564
2.1,0,0,125,-84.4569
2.125,0,0,125,-84.4573
2.15,0,0,125,-84.4578
2.175,0,0,125,-84.4582
2.2,0,0,125,-84.4587
2.225,0,0,125,-84.4592
2.25,0,0,125,-84.4597
2.275,0,0,125,-84.4602
2.3,0,0,125,-84.4607
2.325,0,0,125,-84.4612
2.35,0,0,125,-84.4618
2.375,0,0,125,-84.4623
2.4,0,0,125,-84.4629
2.425,0,0,125,-84.4634
2.45,0,0,125,-84.464
2.475,0,0,125,-84.4646
2.5,0,0,125,-84.4652
2.525,0,0,125,-84.4658
2.55,0,0,125,-84.4664
2.575,0,0,125,-84.467
2.6,0,0,125,-84.4676
2.625,0,0,125,-84.4683
2.65,0,0,125,-84.4689
2.675,0,0,125,-84.4696
2.7,0,0,125,-84.4702
2.725,0,0,125,-84.4709
2.75,0,0,125,-84.4716
2.775,0,0,125,-84.4723
2.8,0,0,125,-84.473
2.825,0,0,125,-84.4737
2.85,0,0,125,-84.4745
2.875,0,0,125,-84.4752
2.9,0,0,125,-84.4759
2.925,0,0,125,-84.4767
2.95,0,0,125,-84.4774
2.975,0,0,125,-84.4782
3,0,0,125,-84.479
3.025,0,0,125,-84.4798
3.05,0,0,125,-84.4805
3.075,0,0,125,-84.4813
3.1,0,0,125,-84.4821
3.125,0,0,125,-84.4829
3.15,0,0,125,-84.4837
3.175,0,0,125,-84.4844
3.2,0,0,125,-84.4852
3.225,0,0,125,-84.486
3.25,0,0,125,-84.4867
3.275,0,0,125,-84.4874
3.3,0,0,125,-84.4882
3.325,0,0,125,-84.4889
3.35,0,0,125,-84.4896
3.375,0,0,125,-84.4903
3.4,0,0,125,-84.491
3.425,0,0,125,-84.4917
3.45,0,0,125,-84.4923
3.475,0,0,125,-84.493
3.5,0,0,125,-84.4936
3.525,0,0,125,-84.4943
3.55,0,0,125,-84.4949
3.575,0,0,125,-84.4955
3.6,0,0,125,-84.4961
3.625,0,0,125,-84.4966
3.65,0,0,125,-84.4972
3.675,0,0,125,-84.4977
3.7,0,0,125,-84.4983
3.725,0,0,125,-84.4988
3.75,0,0,125,-84.4993
3.775,0,0,125,-84.4998
3.8,0,0,125,-84.5002
3.825,0,0,125,-84.5007
3.85,0,0,125,-84.5011
3.875,0,0,125,-84.5015
3.9,0,0,125,-84.5019
3.925,0,0,125,-84.5023
3.95,0,0,125,-84.5027
3.975,0,0,125,-84.503
4,0,0,125,-84.5034
4.025,0,0,125,-84.5037
4.05,0,0,125,-84.5041
4.075,0,0,125,-84.5044
4.1,0,0,125,-84.5047
4.125,0,0,125,-84.505
4.15,0,0,125,-84.5053
4.175,0,0,125,-84.5056
4.2,0,0,125,-84.5059
4.225,0,0,125,-84.5061
4.25,0,0,125,-84.5064
4.275,0,0,125,-84.5067
4.3,0,0,125,-84.5069
4.325,0,0,125,-84.5071
4.35,0,0,125,-84.5073
4.375,0,0,125,-84.5076
4.4,0,0,125,-84.5078
4.425,0,0,125,-84.508
4.45,0,0,125,-84.5081
4.475,0,0,125,-84.5083
4.5,0,0,125,-84.5085
4.525,0,0,125,-84.5086
4.55,0,0,125,-84.5088
4.575,0,0,125,-84.5089
4.6,0,0,125,-84.509
4.625,0,0,125,-84.5091
4.65,0,0,125,-84.5092
4.675,0,0,125,-84.5093
4.7,0,0,125,-84.5094
4.725,0,0,125,-84.5095
4.75,0,0,125,-84.5095
4.775,0,0,125,-84.5096
4.8,0,0,125,-84.5096
4.825,0,0,125,-84.5097
4.85,0,0,125,-84.5097
4.875,0,0,125,-84.5097
4.9,0,0,125,-84.5097
4.925,0,0,125,-84.5097
4.95,0,0,125,-84.5097
4.975,0,0,125,-84.5096
5,0,0,125,-84.5096
