0,0,0,125,-84.3962
0.025,0,0,125,-84.3962
0.05,0,0,125,-84.3963
0.075,0,0,125,-84.3965
0.1,0,0,125,-84.3967
0.125,0,0,125,-84.3969
0.15,0,0,125,-84.3972
0.175,0,0,125,-84.3974
0.2,0,0,125,-84.3977
0.225,0,0,125,-84.3979
0.25,0,0,125,-84.3982
0.275,0,0,125,-84.3985
0.3,0,0,125,-84.3988
0.325,0,0,125,-84.3991
0.35,0,0,125,-84.3994
0.375,0,0,125,-84.3997
0.4,0,0,125,-84.4
0.425,0,0,125,-84.4003
0.45,0,0,125,-84.4005
0.475,0,0,125,-84.4008
0.5,0,0,125,-84.4011
0.525,0,0,125,-84.4013
0.55,0,0,125,-84.4015
0.575,0,0,125,-84.4018
0.6,0,0,125,-84.402
0.625,0,0,125,-84.4022
0.65,0,0,125,-84.4025
0.675,0,0,125,-84.4027
0.7,0,0,125,-84.4029
0.725,0,0,125,-84.4031
0.75,0,0,125,-84.4034
0.775,0,0,125,-84.4036
0.8,0,0,125,-84.4038
0.825,0,0,125,-84.404
0.85,0,0,125,-84.4042
0.875,0,0,125,-84.4045
0.9,0,0,125,-84.4047
0.925,0,0,125,-84.4049
0.95,0,0,125,-84.4052
0.975,0,0,125,-84.4054
1,0,0,125,-84.4056
1.025,0,0,125,-84.4059
1.05,0,0,125,-84.4061
1.075,0,0,125,-84.4064
1.1,0,0,125,-84.4066
1.125,0,0,125,-84.4069
1.15,0,0,125,-84.4072
1.175,0,0,125,-84.4075
1.2,0,0,125,-84.4078
1.225,0,0,125,-84.4081
1.25,0,0,125,-84.4084
1.275,0,0,125,-84.4088
1.3,0,0,125,-84.4091
1.325,0,0,125,-84.4095
1.35,0,0,125,-84.4098
1.375,0,0,125,-84.4102
1.4,0,0,125,-84.4106
1.425,0,0,125,-84.411
1.45,0,0,125,-84.4114
1.475,0,0,125,-84.4118
1.5,0,0,125,-84.4122
1.525,0,0,125,-84.4125
1.55,0,0,125,-84.4129
1.575,0,0,125,-84.4133
1.6,0,0,125,-84.4136
1.625,0,0,125,-84.414
1.65,0,0,125,-84.4143
1.675,0,0,125,-84.4147
1.7,0,0,125,-84.415
1.725,0,0,125,-84.4154
1.75,0,0,125,-84.4158
1.775,0,0,125,-84.4161
1.8,0,0,125,-84.4165
1.825,0,0,125,-84.4169
1.85,0,0,125,-84.4173
1.875,0,0,125,-84.4178
1.9,0,0,125,-84.4182
1.925,0,0,125,-84.4186
1.95,0,0,125,-84.4191
1.975,0,0,125,-84.4196
2,0,0,125,-84.42
2.025,0,0,125,-84.4205
2.05,0,0,125,-84.421
2.075,0,0,125,-84.4216
2.1,0,0,125,-84.4221
2.125,0,0,125,-84.4227
2.15,0,0,125,-84.4233
2.175,0,0,125,-84.4238
2.2,0,0,125,-84.4245
2.225,0,0,125,-84.4251
2.25,0,0,125,-84.4257
2.275,0,0,125,-84.4264
2.3,0,0,125,-84.427
2.325,0,0,125,-84.4277
2.35,0,0,125,-84.4284
2.375,0,0,125,-84.4291
2.4,0,0,125,-84.4298
2.425,0,0,125,-84.4306
2.45,0,0,125,-84.4313
2.475,0,0,125,-84.4321
2.5,0,0,125,-84.4329
2.525,0,0,125,-84.4337
2.55,0,0,125,-84.4345
2.575,0,0,125,-84.4354
2.6,0,0,125,-84.4362
2.625,0,0,125,-84.4371
2.65,0,0,125,-84.438
2.675,0,0,125,-84.4389
2.7,0,0,125,-84.4398
2.725,0,0,125,-84.4407
2.75,0,0,125,-84.4416
2.775,0,0,125,-84.4425
2.8,0,0,125,-84.4435
2.825,0,0,125,-84.4444
2.85,0,0,125,-84.4454
2.875,0,0,125,-84.4464
2.9,0,0,125,-84.4474
2.925,0,0,125,-84.4483
2.95,0,0,125,-84.4493
2.975,0,0,125,-84.4503
3,0,0,125,-84.4514
3.025,0,0,125,-84.4524
3.05,0,0,125,-84.4534
3.075,0,0,125,-84.4544
3.1,0,0,125,-84.4554
3.125,0,0,125,-84.4564
3.15,0,0,125,-84.4574
3.175,0,0,125,-84.4584
3.2,0,0,125,-84.4593
3.225,0,0,125,-84.4603
3.25,0,0,125,-84.4612
3.275,0,0,125,-84.4621
3.3,0,0,125,-84.463
3.325,0,0,125,-84.4639
3.35,0,0,125,-84.4647
3.375,0,0,125,-84.4656
3.4,0,0,125,-84.4664
3.425,0,0,125,-84.4673
3.45,0,0,125,-84.4681
3.475,0,0,125,-84.4689
3.5,0,0,125,-84.4696
3.525,0,0,125,-84.4704
3.55,0,0,125,-84.4711
3.575,0,0,125,-84.4719
3.6,0,0,125,-84.4726
3.625,0,0,125,-84.4733
3.65,0,0,125,-84.474
3.675,0,0,125,-84.4746
3.7,0,0,125,-84.4753
3.725,0,0,125,-84.4759
3.75,0,0,125,-84.4766
3.775,0,0,125,-84.4772
3.8,0,0,125,-84.4778
3.825,0,0,125,-84.4783
3.85,0,0,125,-84.4789
3.875,0,0,125,-84.4794
3.9,0,0,125,-84.48
3.925,0,0,125,-84.4805
3.95,0,0,125,-84.481
3.975,0,0,125,-84.4815
4,0,0,125,-84.482
4.025,0,0,125,-84.4824
4.05,0,0,125,-84.4828
4.075,0,0,125,-84.4833
4.1,0,0,125,-84.4837
4.125,0,0,125,-84.484
4.15,0,0,125,-84.4844
4.175,0,0,125,-84.4848
4.2,0,0,125,-84.4851
4.225,0,0,125,-84.4855
4.25,0,0,125,-84.4858
4.275,0,0,125,-84.4861
4.3,0,0,125,-84.4863
4.325,0,0,125,-84.4866
4.35,0,0,125,-84.4869
4.375,0,0,125,-84.4871
4.4,0,0,125,-84.4873
4.425,0,0,125,-84.4875
4.45,0,0,125,-84.4877
4.475,0,0,125,-84.4879
4.5,0,0,125,-84.4881
4.525,0,0,125,-84.4882
4.55,0,0,125,-84.4883
4.575,0,0,125,-84.4884
4.6,0,0,125,-84.4885
4.625,0,0,125,-84.4886
4.65,0,0,125,-84.4887
4.675,0,0,125,-84.4887
4.7,0,0,125,-84.4888
4.725,0,0,125,-84.4888
4.75,0,0,125,-84.4889
4.775,0,0,125,-84.4889
4.8,0,0,125,-84.4889
4.825,0,0,125,-84.4889
4.85,0,0,125,-84.4889
4.875,0,0,125,-84.4889
4.9,0,0,125,-84.4889
4.925,0,0,125,-84.4888
4.95,0,0,125,-84.4888
4.975,0,0,125,-84.4888
5,0,0,125,-84.4888
