0,0,0,125,-84.4251
0.025,0,0,125,-84.4252
0.05,0,0,125,-84.4252
0.075,0,0,125,-84.4253
0.1,0,0,125,-84.4255
0.125,0,0,125,-84.4257
0.15,0,0,125,-84.4258
0.175,0,0,125,-84.426
0.2,0,0,125,-84.4262
0.225,0,0,125,-84.4265
0.25,0,0,125,-84.4267
0.275,0,0,125,-84.427
0.3,0,0,125,-84.4272
0.325,0,0,125,-84.4275
0.35,0,0,125,-84.4278
0.375,0,0,125,-84.428
0.4,0,0,125,-84.4282
0.425,0,0,125,-84.4285
0.45,0,0,125,-84.4287
0.475,0,0,125,-84.4289
0.5,0,0,125,-84.4291
0.525,0,0,125,-84.4293
0.55,0,0,125,-84.4295
0.575,0,0,125,-84.4296
0.6,0,0,125,-84.4298
0.625,0,0,125,-84.43
0.65,0,0,125,-84.4302
0.675,0,0,125,-84.4304
0.7,0,0,125,-84.4305
0.725,0,0,125,-84.4307
0.75,0,0,125,-84.4309
0.775,0,0,125,-84.4311
0.8,0,0,125,-84.4312
0.825,0,0,125,-84.4314
0.85,0,0,125,-84.4316
0.875,0,0,125,-84.4317
0.9,0,0,125,-84.4319
0.925,0,0,125,-84.4321
0.95,0,0,125,-84.4323
0.975,0,0,125,-84.4325
1,0,0,125,-84.4326
1.025,0,0,125,-84.4328
1.05,0,0,125,-84.433
1.075,0,0,125,-84.4332
1.1,0,0,125,-84.4334
1.125,0,0,125,-84.4336
1.15,0,0,125,-84.4338
1.175,0,0,125,-84.434
1.2,0,0,125,-84.4342
1.225,0,0,125,-84.4344
1.25,0,0,125,-84.4347
1.275,0,0,125,-84.4349
1.3,0,0,125,-84.4351
1.325,0,0,125,-84.4353
1.35,0,0,125,-84.4356
1.375,0,0,125,-84.4358
1.4,0,0,125,-84.4361
1.425,0,0,125,-84.4363
1.45,0,0,125,-84.4365
1.475,0,0,125,-84.4368
1.5,0,0,125,-84.4371
1.525,0,0,125,-84.4373
1.55,0,0,125,-84.4376
1.575,0,0,125,-84.4379
1.6,0,0,125,-84.4382
1.625,0,0,125,-84.4384
1.65,0,0,125,-84.4387
1.675,0,0,125,-84.439
1.7,0,0,125,-84.4393
1.725,0,0,125,-84.4397
1.75,0,0,125,-84.44
1.775,0,0,125,-84.4403
1.8,0,0,125,-84.4407
1.825,0,0,125,-84.441
1.85,0,0,125,-84.4414
1.875,0,0,125,-84.4418
1.9,0,0,125,-84.4422
1.925,0,0,125,-84.4426
1.95,0,0,125,-84.443
1.975,0,0,125,-84.4434
2,0,0,125,-84.4439
2.025,0,0,125,-84.4443
2.05,0,0,125,-84.4448
2.075,0,0,125,-84.4453
2.1,0,0,125,-84.4457
2.125,0,0,125,-84.4462
2.15,0,0,125,-84.4468
2.175,0,0,125,-84.4473
2.2,0,0,125,-84.4478
2.225,0,0,125,-84.4483
2.25,0,0,125,-84.4489
2.275,0,0,125,-84.4494
2.3,0,0,125,-84.45
2.325,0,0,125,-84.4506
2.35,0,0,125,-84.4512
2.375,0,0,125,-84.4518
2.4,0,0,125,-84.4524
2.425,0,0,125,-84.453
2.45,0,0,125,-84.4536
2.475,0,0,125,-84.4543
2.5,0,0,125,-84.4549
2.525,0,0,125,-84.4556
2.55,0,0,125,-84.4563
2.575,0,0,125,-84.4569
2.6,0,0,125,-84.4576
2.625,0,0,125,-84.4583
2.65,0,0,125,-84.459
2.675,0,0,125,-84.4598
2.7,0,0,125,-84.4605
2.725,0,0,125,-84.4612
2.75,0,0,125,-84.462
2.775,0,0,125,-84.4627
2.8,0,0,125,-84.4635
2.825,0,0,125,-84.4643
2.85,0,0,125,-84.4651
2.875,0,0,125,-84.4659
2.9,0,0,125,-84.4667
2.925,0,0,125,-84.4675
2.95,0,0,125,-84.4683
2.975,0,0,125,-84.4692
3,0,0,125,-84.47
3.025,0,0,125,-84.4709
3.05,0,0,125,-84.4717
3.075,0,0,125,-84.4726
3.1,0,0,125,-84.4734
3.125,0,0,125,-84.4743
3.15,0,0,125,-84.4751
3.175,0,0,125,-84.476
3.2,0,0,125,-84.4768
3.225,0,0,125,-84.4776
3.25,0,0,125,-84.4784
3.275,0,0,125,-84.4792
3.3,0,0,125,-84.4801
3.325,0,0,125,-84.4809
3.35,0,0,125,-84.4816
3.375,0,0,125,-84.4824
3.4,0,0,125,-84.4832
3.425,0,0,125,-84.4839
3.45,0,0,125,-84.4847
3.475,0,0,125,-84.4854
3.5,0,0,125,-84.4861
3.525,0,0,125,-84.4868
3.55,0,0,125,-84.4875
3.575,0,0,125,-84.4881
3.6,0,0,125,-84.4888
3.625,0,0,125,-84.4894
3.65,0,0,125,-84.49
3.675,0,0,125,-84.4906
3.7,0,0,125,-84.4912
3.725,0,0,125,-84.4918
3.75,0,0,125,-84.4923
3.775,0,0,125,-84.4928
3.8,0,0,125,-84.4933
3.825,0,0,125,-84.4938
3.85,0,0,125,-84.4943
3.875,0,0,125,-84.4947
3.9,0,0,125,-84.4952
3.925,0,0,125,-84.4956
3.95,0,0,125,-84.496
3.975,0,0,125,-84.4964
4,0,0,125,-84.4968
4.025,0,0,125,-84.4971
4.05,0,0,125,-84.4975
4.075,0,0,125,-84.4978
4.1,0,0,125,-84.4981
4.125,0,0,125,-84.4984
4.15,0,0,125,-84.4987
4.175,0,0,125,-84.499
4.2,0,0,125,-84.4993
4.225,0,0,125,-84.4996
4.25,0,0,125,-84.4999
4.275,0,0,125,-84.5001
4.3,0,0,125,-84.5004
4.325,0,0,125,-84.5006
4.35,0,0,125,-84.5008
4.375,0,0,125,-84.5011
4.4,0,0,125,-84.5013
4.425,0,0,125,-84.5015
4.45,0,0,125,-84.5017
4.475,0,0,125,-84.5018
4.5,0,0,125,-84.502
4.525,0,0,125,-84.5022
4.55,0,0,125,-84.5023
4.575,0,0,125,-84.5025
4.6,0,0,125,-84.5026
4.625,0,0,125,-84.5027
4.65,0,0,125,-84.5028
4.675,0,0,125,-84.5029
4.7,0,0,125,-84.503
4.725,0,0,125,-84.5031
4.75,0,0,125,-84.5032
4.775,0,0,125,-84.5033
4.8,0,0,125,-84.5033
4.825,0,0,125,-84.5034
4.85,0,0,125,-84.5034
4.875,0,0,125,-84.5034
4.9,0,0,125,-84.5035
4.925,0,0,125,-84.5035
4.95,0,0,125,-84.5035
4.975,0,0,125,-84.5035
5,0,0,125,-84.5035
