0,0,0,125,-6.90123
0.025,0,0,125,-6.89747
0.05,0,0,125,-6.89006
0.075,0,0,125,-6.87924
0.1,0,0,125,-6.86533
0.125,0,0,125,-6.84873
0.15,0,0,125,-6.82982
0.175,0,0,125,-6.80892
0.2,0,0,125,-6.78623
0.225,0,0,125,-6.76187
0.25,0,0,125,-6.73597
0.275,0,0,125,-6.70863
0.3,0,0,125,-6.67993
0.325,0,0,125,-6.64997
0.35,0,0,125,-6.61884
0.375,0,0,125,-6.58659
0.4,0,0,125,-6.55332
0.425,0,0,125,-6.51907
0.45,0,0,125,-6.48393
0.475,0,0,125,-6.44794
0.5,0,0,125,-6.41117
0.525,0,0,125,-6.37367
0.55,0,0,125,-6.33547
0.575,0,0,125,-6.29663
0.6,0,0,125,-6.25718
0.625,0,0,125,-6.21717
0.65,0,0,125,-6.17664
0.675,0,0,125,-6.13562
0.7,0,0,125,-6.09416
0.725,0,0,125,-6.05227
0.75,0,0,125,-6.00999
0.775,0,0,125,-5.96734
0.8,0,0,125,-5.92436
0.825,0,0,125,-5.88105
0.85,0,0,125,-5.83745
0.875,0,0,125,-5.79358
0.9,0,0,125,-5.74946
0.925,0,0,125,-5.7051
0.95,0,0,125,-5.66054
0.975,0,0,125,-5.61577
1,0,0,125,-5.57083
1.025,0,0,125,-5.52573
1.05,0,0,125,-5.48047
1.075,0,0,125,-5.43508
1.1,0,0,125,-5.38956
1.125,0,0,125,-5.34393
1.15,0,0,125,-5.2982
1.175,0,0,125,-5.25239
1.2,0,0,125,-5.20649
1.225,0,0,125,-5.16053
1.25,0,0,125,-5.11451
1.275,0,0,125,-5.06844
1.3,0,0,125,-5.02233
1.325,0,0,125,-4.97618
1.35,0,0,125,-4.93
1.375,0,0,125,-4.8838
1.4,0,0,125,-4.83758
1.425,0,0,125,-4.79135
1.45,0,0,125,-4.74511
1.475,0,0,125,-4.69887
1.5,0,0,125,-4.65264
1.525,0,0,125,-4.60641
1.55,0,0,125,-4.56019
1.575,0,0,125,-4.51398
1.6,0,0,125,-4.46779
1.625,0,0,125,-4.42163
1.65,0,0,125,-4.37549
1.675,0,0,125,-4.32937
1.7,0,0,125,-4.28329
1.725,0,0,125,-4.23723
1.75,0,0,125,-4.19122
1.775,0,0,125,-4.14524
1.8,0,0,125,-4.0993
1.825,0,0,125,-4.05339
1.85,0,0,125,-4.00754
1.875,0,0,125,-3.96172
1.9,0,0,125,-3.91595
1.925,0,0,125,-3.87023
1.95,0,0,125,-3.82456
1.975,0,0,125,-3.77894
2,0,0,125,-3.73336
2.025,0,0,125,-3.68784
2.05,0,0,125,-3.64237
2.075,0,0,125,-3.59696
2.1,0,0,125,-3.5516
2.125,0,0,125,-3.5063
2.15,0,0,125,-3.46105
2.175,0,0,125,-3.41586
2.2,0,0,125,-3.37072
2.225,0,0,125,-3.32565
2.25,0,0,125,-3.28063
2.275,0,0,125,-3.23567
2.3,0,0,125,-3.19078
2.325,0,0,125,-3.14594
2.35,0,0,125,-3.10116
2.375,0,0,125,-3.05644
2.4,0,0,125,-3.01178
2.425,0,0,125,-2.96718
2.45,0,0,125,-2.92265
2.475,0,0,125,-2.87817
2.5,0,0,125,-2.83376
2.525,0,0,125,-2.78941
2.55,0,0,125,-2.74512
2.575,0,0,125,-2.7009
2.6,0,0,125,-2.65674
2.625,0,0,125,-2.61264
2.65,0,0,125,-2.5686
2.675,0,0,125,-2.52463
2.7,0,0,125,-2.48072
2.725,0,0,125,-2.43688
2.75,0,0,125,-2.3931
2.775,0,0,125,-2.34939
2.8,0,0,125,-2.30574
2.825,0,0,125,-2.26216
2.85,0,0,125,-2.21864
2.875,0,0,125,-2.17519
2.9,0,0,125,-2.1318
2.925,0,0,125,-2.08848
2.95,0,0,125,-2.04522
2.975,0,0,125,-2.00203
3,0,0,125,-1.95891
3.025,0,0,125,-1.91585
3.05,0,0,125,-1.87285
3.075,0,0,125,-1.82992
3.1,0,0,125,-1.78706
3.125,0,0,125,-1.74427
3.15,0,0,125,-1.70155
3.175,0,0,125,-1.65889
3.2,0,0,125,-1.6163
3.225,0,0,125,-1.57379
3.25,0,0,125,-1.53134
3.275,0,0,125,-1.48896
3.3,0,0,125,-1.44666
3.325,0,0,125,-1.40444
3.35,0,0,125,-1.36228
3.375,0,0,125,-1.32021
3.4,0,0,125,-1.27821
3.425,0,0,125,-1.2363
3.45,0,0,125,-1.19447
3.475,0,0,125,-1.15272
3.5,0,0,125,-1.11105
3.525,0,0,125,-1.06948
3.55,0,0,125,-1.028
3.575,0,0,125,-0.98661
3.6,0,0,125,-0.945318
3.625,0,0,125,-0.904126
3.65,0,0,125,-0.863037
3.675,0,0,125,-0.822054
3.7,0,0,125,-0.781182
3.725,0,0,125,-0.740425
3.75,0,0,125,-0.699787
3.775,0,0,125,-0.659274
3.8,0,0,125,-0.61889
3.825,0,0,125,-0.578642
3.85,0,0,125,-0.538536
3.875,0,0,125,-0.498579
3.9,0,0,125,-0.458779
3.925,0,0,125,-0.419142
3.95,0,0,125,-0.37968
3.975,0,0,125,-0.3404
4,0,0,125,-0.301313
4.025,0,0,125,-0.262431
4.05,0,0,125,-0.223765
4.075,0,0,125,-0.185326
4.1,0,0,125,-0.147129
4.125,0,0,125,-0.109188
4.15,0,0,125,-0.0715173
4.175,0,0,125,-0.0341351
4.2,0,0,125,0.00294232
4.225,0,0,125,0.0396947
4.25,0,0,125,0.0760995
4.275,0,0,125,0.112132
4.3,0,0,125,0.147766
4.325,0,0,125,0.182974
4.35,0,0,125,0.217725
4.375,0,0,125,0.251988
4.4,0,0,125,0.285728
4.425,0,0,125,0.31891
4.45,0,0,125,0.351492
4.475,0,0,125,0.383435
4.5,0,0,125,0.414694
4.525,0,0,125,0.44522
4.55,0,0,125,0.474959
4.575,0,0,125,0.503856
4.6,0,0,125,0.531849
4.625,0,0,125,0.558881
4.65,0,0,125,0.584883
4.675,0,0,125,0.609782
4.7,0,0,125,0.633502
4.725,0,0,125,0.655966
4.75,0,0,125,0.677091
4.775,0,0,125,0.696786
4.8,0,0,125,0.71496
4.825,0,0,125,0.731516
4.85,0,0,125,0.746354
4.875,0,0,125,0.75937
4.9,0,0,125,0.770454
4.925,0,0,125,0.779496
4.95,0,0,125,0.786391
4.975,0,0,125,0.791044
5,0,0,125,0.793387
