0,0,0,125,-70.5996
0.025,0,0,125,-70.5948
0.05,0,0,125,-70.585
0.075,0,0,125,-70.5706
0.1,0,0,125,-70.5514
0.125,0,0,125,-70.5277
0.15,0,0,125,-70.4996
0.175,0,0,125,-70.4672
0.2,0,0,125,-70.4306
0.225,0,0,125,-70.3899
0.25,0,0,125,-70.3451
0.275,0,0,125,-70.2963
0.3,0,0,125,-70.2437
0.325,0,0,125,-70.1872
0.35,0,0,125,-70.127
0.375,0,0,125,-70.063
0.4,0,0,125,-69.9955
0.425,0,0,125,-69.9244
0.45,0,0,125,-69.8498
0.475,0,0,125,-69.7718
0.5,0,0,125,-69.6905
0.525,0,0,125,-69.6058
0.55,0,0,125,-69.5179
0.575,0,0,125,-69.4269
0.6,0,0,125,-69.3327
0.625,0,0,125,-69.2355
0.65,0,0,125,-69.1352
0.675,0,0,125,-69.0321
0.7,0,0,125,-68.926
0.725,0,0,125,-68.8172
0.75,0,0,125,-68.7056
0.775,0,0,125,-68.5912
0.8,0,0,125,-68.4743
0.825,0,0,125,-68.3547
0.85,0,0,125,-68.2326
0.875,0,0,125,-68.108
0.9,0,0,125,-67.981
0.925,0,0,125,-67.8516
0.95,0,0,125,-67.7198
0.975,0,0,125,-67.5858
1,0,0,125,-67.4496
1.025,0,0,125,-67.3112
1.05,0,0,125,-67.1707
1.075,0,0,125,-67.0282
1.1,0,0,125,-66.8836
1.125,0,0,125,-66.7371
1.15,0,0,125,-66.5886
1.175,0,0,125,-66.4383
1.2,0,0,125,-66.2862
1.225,0,0,125,-66.1324
1.25,0,0,125,-65.9768
1.275,0,0,125,-65.8196
1.3,0,0,125,-65.6607
1.325,0,0,125,-65.5003
1.35,0,0,125,-65.3384
1.375,0,0,125,-65.175
1.4,0,0,125,-65.0102
1.425,0,0,125,-64.844
1.45,0,0,125,-64.6765
1.475,0,0,125,-64.5078
1.5,0,0,125,-64.3377
1.525,0,0,125,-64.1666
1.55,0,0,125,-63.9942
1.575,0,0,125,-63.8208
1.6,0,0,125,-63.6464
1.625,0,0,125,-63.4709
1.65,0,0,125,-63.2945
1.675,0,0,125,-63.1172
1.7,0,0,125,-62.939
1.725,0,0,125,-62.7599
1.75,0,0,125,-62.5801
1.775,0,0,125,-62.3996
1.8,0,0,125,-62.2183
1.825,0,0,125,-62.0364
1.85,0,0,125,-61.8539
1.875,0,0,125,-61.6708
1.9,0,0,125,-61.4872
1.925,0,0,125,-61.303
1.95,0,0,125,-61.1184
1.975,0,0,125,-60.9334
2,0,0,125,-60.748
2.025,0,0,125,-60.5623
2.05,0,0,125,-60.3762
2.075,0,0,125,-60.1899
2.1,0,0,125,-60.0033
2.125,0,0,125,-59.8165
2.15,0,0,125,-59.6296
2.175,0,0,125,-59.4425
2.2,0,0,125,-59.2553
2.225,0,0,125,-59.0681
2.25,0,0,125,-58.8808
2.275,0,0,125,-58.6936
2.3,0,0,125,-58.5063
2.325,0,0,125,-58.3191
2.35,0,0,125,-58.132
2.375,0,0,125,-57.945
2.4,0,0,125,-57.7582
2.425,0,0,125,-57.5715
2.45,0,0,125,-57.3851
2.475,0,0,125,-57.1988
2.5,0,0,125,-57.0129
2.525,0,0,125,-56.8272
2.55,0,0,125,-56.6418
2.575,0,0,125,-56.4568
2.6,0,0,125,-56.2721
2.625,0,0,125,-56.0878
2.65,0,0,125,-55.9039
2.675,0,0,125,-55.7205
2.7,0,0,125,-55.5375
2.725,0,0,125,-55.355
2.75,0,0,125,-55.173
2.775,0,0,125,-54.9915
2.8,0,0,125,-54.8105
2.825,0,0,125,-54.6302
2.85,0,0,125,-54.4504
2.875,0,0,125,-54.2713
2.9,0,0,125,-54.0927
2.925,0,0,125,-53.9149
2.95,0,0,125,-53.7377
2.975,0,0,125,-53.5612
3,0,0,125,-53.3854
3.025,0,0,125,-53.2103
3.05,0,0,125,-53.036
3.075,0,0,125,-52.8625
3.1,0,0,125,-52.6898
3.125,0,0,125,-52.5179
3.15,0,0,125,-52.3468
3.175,0,0,125,-52.1766
3.2,0,0,125,-52.0073
3.225,0,0,125,-51.8388
3.25,0,0,125,-51.6713
3.275,0,0,125,-51.5047
3.3,0,0,125,-51.339
3.325,0,0,125,-51.1744
3.35,0,0,125,-51.0107
3.375,0,0,125,-50.8481
3.4,0,0,125,-50.6865
3.425,0,0,125,-50.526
3.45,0,0,125,-50.3666
3.475,0,0,125,-50.2082
3.5,0,0,125,-50.051
3.525,0,0,125,-49.895
3.55,0,0,125,-49.7402
3.575,0,0,125,-49.5865
3.6,0,0,125,-49.4342
3.625,0,0,125,-49.283
3.65,0,0,125,-49.1332
3.675,0,0,125,-48.9847
3.7,0,0,125,-48.8375
3.725,0,0,125,-48.6917
3.75,0,0,125,-48.5474
3.775,0,0,125,-48.4044
3.8,0,0,125,-48.263
3.825,0,0,125,-48.1231
3.85,0,0,125,-47.9847
3.875,0,0,125,-47.8479
3.9,0,0,125,-47.7127
3.925,0,0,125,-47.5792
3.95,0,0,125,-47.4474
3.975,0,0,125,-47.3173
4,0,0,125,-47.189
4.025,0,0,125,-47.0626
4.05,0,0,125,-46.938
4.075,0,0,125,-46.8153
4.1,0,0,125,-46.6946
4.125,0,0,125,-46.576
4.15,0,0,125,-46.4594
4.175,0,0,125,-46.3449
4.2,0,0,125,-46.2326
4.225,0,0,125,-46.1226
4.25,0,0,125,-46.0149
4.275,0,0,125,-45.9095
4.3,0,0,125,-45.8065
4.325,0,0,125,-45.706
4.35,0,0,125,-45.6081
4.375,0,0,125,-45.5128
4.4,0,0,125,-45.4202
4.425,0,0,125,-45.3304
4.45,0,0,125,-45.2433
4.475,0,0,125,-45.1592
4.5,0,0,125,-45.0781
4.525,0,0,125,-45.0001
4.55,0,0,125,-44.9252
4.575,0,0,125,-44.8535
4.6,0,0,125,-44.7851
4.625,0,0,125,-44.7201
4.65,0,0,125,-44.6586
4.675,0,0,125,-44.6006
4.7,0,0,125,-44.5463
4.725,0,0,125,-44.4958
4.75,0,0,125,-44.449
4.775,0,0,125,-44.4061
4.8,0,0,125,-44.3672
4.825,0,0,125,-44.3323
4.85,0,0,125,-44.3016
4.875,0,0,125,-44.2751
4.9,0,0,125,-44.2529
4.925,0,0,125,-44.235
4.95,0,0,125,-44.2216
4.975,0,0,125,-44.2126
5,0,0,125,-44.2081
