0,0,0,125,-84.145
0.025,0,0,125,-84.1451
0.05,0,0,125,-84.1454
0.075,0,0,125,-84.1458
0.1,0,0,125,-84.1462
0.125,0,0,125,-84.1467
0.15,0,0,125,-84.1473
0.175,0,0,125,-84.1479
0.2,0,0,125,-84.1485
0.225,0,0,125,-84.1491
0.25,0,0,125,-84.1497
0.275,0,0,125,-84.1504
0.3,0,0,125,-84.151
0.325,0,0,125,-84.1517
0.35,0,0,125,-84.1524
0.375,0,0,125,-84.153
0.4,0,0,125,-84.1536
0.425,0,0,125,-84.1542
0.45,0,0,125,-84.1549
0.475,0,0,125,-84.1554
0.5,0,0,125,-84.156
0.525,0,0,125,-84.1566
0.55,0,0,125,-84.1572
0.575,0,0,125,-84.1577
0.6,0,0,125,-84.1582
0.625,0,0,125,-84.1587
0.65,0,0,125,-84.1592
0.675,0,0,125,-84.1597
0.7,0,0,125,-84.1602
0.725,0,0,125,-84.1607
0.75,0,0,125,-84.1612
0.775,0,0,125,-84.1617
0.8,0,0,125,-84.1622
0.825,0,0,125,-84.1627
0.85,0,0,125,-84.1632
0.875,0,0,125,-84.1638
0.9,0,0,125,-84.1643
0.925,0,0,125,-84.1649
0.95,0,0,125,-84.1654
0.975,0,0,125,-84.166
1,0,0,125,-84.1666
1.025,0,0,125,-84.1672
1.05,0,0,125,-84.1678
1.075,0,0,125,-84.1684
1.1,0,0,125,-84.169
1.125,0,0,125,-84.1697
1.15,0,0,125,-84.1703
1.175,0,0,125,-84.171
1.2,0,0,125,-84.1716
1.225,0,0,125,-84.1723
1.25,0,0,125,-84.173
1.275,0,0,125,-84.1737
1.3,0,0,125,-84.1744
1.325,0,0,125,-84.1751
1.35,0,0,125,-84.1758
1.375,0,0,125,-84.1766
1.4,0,0,125,-84.1773
1.425,0,0,125,-84.1781
1.45,0,0,125,-84.1788
1.475,0,0,125,-84.1796
1.5,0,0,125,-84.1804
1.525,0,0,125,-84.1812
1.55,0,0,125,-84.182
1.575,0,0,125,-84.1828
1.6,0,0,125,-84.1837
1.625,0,0,125,-84.1845
1.65,0,0,125,-84.1853
1.675,0,0,125,-84.1862
1.7,0,0,125,-84.187
1.725,0,0,125,-84.1879
1.75,0,0,125,-84.1888
1.775,0,0,125,-84.1897
1.8,0,0,125,-84.1907
1.825,0,0,125,-84.1917
1.85,0,0,125,-84.1928
1.875,0,0,125,-84.1938
1.9,0,0,125,-84.1949
1.925,0,0,125,-84.1961
1.95,0,0,125,-84.1973
1.975,0,0,125,-84.1985
2,0,0,125,-84.1997
2.025,0,0,125,-84.201
2.05,0,0,125,-84.2024
2.075,0,0,125,-84.2037
2.1,0,0,125,-84.2051
2.125,0,0,125,-84.2066
2.15,0,0,125,-84.208
2.175,0,0,125,-84.2095
2.2,0,0,125,-84.2111
2.225,0,0,125,-84.2126
2.25,0,0,125,-84.2142
2.275,0,0,125,-84.2158
2.3,0,0,125,-84.2174
2.325,0,0,125,-84.219
2.35,0,0,125,-84.2207
2.375,0,0,125,-84.2224
2.4,0,0,125,-84.2241
2.425,0,0,125,-84.2259
2.45,0,0,125,-84.2277
2.475,0,0,125,-84.2296
2.5,0,0,125,-84.2315
2.525,0,0,125,-84.2334
2.55,0,0,125,-84.2354
2.575,0,0,125,-84.2374
2.6,0,0,125,-84.2395
2.625,0,0,125,-84.2415
2.65,0,0,125,-84.2437
2.675,0,0,125,-84.2458
2.7,0,0,125,-84.2479
2.725,0,0,125,-84.2501
2.75,0,0,125,-84.2522
2.775,0,0,125,-84.2544
2.8,0,0,125,-84.2566
2.825,0,0,125,-84.2588
2.85,0,0,125,-84.261
2.875,0,0,125,-84.2632
2.9,0,0,125,-84.2654
2.925,0,0,125,-84.2677
2.95,0,0,125,-84.2699
2.975,0,0,125,-84.2722
3,0,0,125,-84.2744
3.025,0,0,125,-84.2767
3.05,0,0,125,-84.279
3.075,0,0,125,-84.2813
3.1,0,0,125,-84.2836
3.125,0,0,125,-84.2859
3.15,0,0,125,-84.2882
3.175,0,0,125,-84.2904
3.2,0,0,125,-84.2927
3.225,0,0,125,-84.2949
3.25,0,0,125,-84.2972
3.275,0,0,125,-84.2994
3.3,0,0,125,-84.3015
3.325,0,0,125,-84.3037
3.35,0,0,125,-84.3059
3.375,0,0,125,-84.308
3.4,0,0,125,-84.3101
3.425,0,0,125,-84.3122
3.45,0,0,125,-84.3142
3.475,0,0,125,-84.3162
3.5,0,0,125,-84.3181
3.525,0,0,125,-84.3201
3.55,0,0,125,-84.322
3.575,0,0,125,-84.3238
3.6,0,0,125,-84.3256
3.625,0,0,125,-84.3274
3.65,0,0,125,-84.3291
3.675,0,0,125,-84.3309
3.7,0,0,125,-84.3325
3.725,0,0,125,-84.3341
3.75,0,0,125,-84.3357
3.775,0,0,125,-84.3372
3.8,0,0,125,-84.3387
3.825,0,0,125,-84.3401
3.85,0,0,125,-84.3415
3.875,0,0,125,-84.3428
3.9,0,0,125,-84.3441
3.925,0,0,125,-84.3453
3.95,0,0,125,-84.3465
3.975,0,0,125,-84.3476
4,0,0,125,-84.3487
4.025,0,0,125,-84.3498
4.05,0,0,125,-84.3508
4.075,0,0,125,-84.3518
4.1,0,0,125,-84.3528
4.125,0,0,125,-84.3537
4.15,0,0,125,-84.3546
4.175,0,0,125,-84.3555
4.2,0,0,125,-84.3563
4.225,0,0,125,-84.3571
4.25,0,0,125,-84.3578
4.275,0,0,125,-84.3585
4.3,0,0,125,-84.3591
4.325,0,0,125,-84.3598
4.35,0,0,125,-84.3603
4.375,0,0,125,-84.3609
4.4,0,0,125,-84.3614
4.425,0,0,125,-84.3618
4.45,0,0,125,-84.3623
4.475,0,0,125,-84.3627
4.5,0,0,125,-84.363
4.525,0,0,125,-84.3633
4.55,0,0,125,-84.3636
4.575,0,0,125,-84.3639
4.6,0,0,125,-84.3641
4.625,0,0,125,-84.3643
4.65,0,0,125,-84.3645
4.675,0,0,125,-84.3647
4.7,0,0,125,-84.3649
4.725,0,0,125,-84.3651
4.75,0,0,125,-84.3652
4.775,0,0,125,-84.3654
4.8,0,0,125,-84.3655
4.825,0,0,125,-84.3656
4.85,0,0,125,-84.3657
4.875,0,0,125,-84.3658
4.9,0,0,125,-84.3658
4.925,0,0,125,-84.3659
4.95,0,0,125,-84.3659
4.975,0,0,125,-84.3659
5,0,0,125,-84.3659
