0,0,0,125,12.5984
0.025,0,0,125,12.5924
0.05,0,0,125,12.58
0.075,0,0,125,12.561
0.1,0,0,125,12.5346
0.125,0,0,125,12.5001
0.15,0,0,125,12.4569
0.175,0,0,125,12.4049
0.2,0,0,125,12.3441
0.225,0,0,125,12.2752
0.25,0,0,125,12.1986
0.275,0,0,125,12.115
0.3,0,0,125,12.0249
0.325,0,0,125,11.9289
0.35,0,0,125,11.8275
0.375,0,0,125,11.7213
0.4,0,0,125,11.6108
0.425,0,0,125,11.4964
0.45,0,0,125,11.3787
0.475,0,0,125,11.2581
0.5,0,0,125,11.1349
0.525,0,0,125,11.0097
0.55,0,0,125,10.8828
0.575,0,0,125,10.7545
0.6,0,0,125,10.6253
0.625,0,0,125,10.4954
0.65,0,0,125,10.3652
0.675,0,0,125,10.2349
0.7,0,0,125,10.1048
0.725,0,0,125,9.97512
0.75,0,0,125,9.84614
0.775,0,0,125,9.71806
0.8,0,0,125,9.59105
0.825,0,0,125,9.46529
0.85,0,0,125,9.34096
0.875,0,0,125,9.2182
0.9,0,0,125,9.09712
0.925,0,0,125,8.97787
0.95,0,0,125,8.86053
0.975,0,0,125,8.74521
1,0,0,125,8.63199
1.025,0,0,125,8.52093
1.05,0,0,125,8.41209
1.075,0,0,125,8.30554
1.1,0,0,125,8.20131
1.125,0,0,125,8.09945
1.15,0,0,125,7.99997
1.175,0,0,125,7.90292
1.2,0,0,125,7.80829
1.225,0,0,125,7.71612
1.25,0,0,125,7.62641
1.275,0,0,125,7.53916
1.3,0,0,125,7.45439
1.325,0,0,125,7.37209
1.35,0,0,125,7.29227
1.375,0,0,125,7.21492
1.4,0,0,125,7.14004
1.425,0,0,125,7.06763
1.45,0,0,125,6.9977
1.475,0,0,125,6.93023
1.5,0,0,125,6.86524
1.525,0,0,125,6.80271
1.55,0,0,125,6.74266
1.575,0,0,125,6.68509
1.6,0,0,125,6.63001
1.625,0,0,125,6.57742
1.65,0,0,125,6.52733
1.675,0,0,125,6.47976
1.7,0,0,125,6.43473
1.725,0,0,125,6.39226
1.75,0,0,125,6.35236
1.775,0,0,125,6.31506
1.8,0,0,125,6.28039
1.825,0,0,125,6.24838
1.85,0,0,125,6.21907
1.875,0,0,125,6.19249
1.9,0,0,125,6.16869
1.925,0,0,125,6.1477
1.95,0,0,125,6.12958
1.975,0,0,125,6.11438
2,0,0,125,6.10215
2.025,0,0,125,6.09294
2.05,0,0,125,6.08682
2.075,0,0,125,6.08385
2.1,0,0,125,6.0841
2.125,0,0,125,6.08763
2.15,0,0,125,6.09452
2.175,0,0,125,6.10485
2.2,0,0,125,6.11869
2.225,0,0,125,6.13613
2.25,0,0,125,6.15725
2.275,0,0,125,6.18214
2.3,0,0,125,6.21089
2.325,0,0,125,6.2436
2.35,0,0,125,6.28036
2.375,0,0,125,6.32128
2.4,0,0,125,6.36645
2.425,0,0,125,6.416
2.45,0,0,125,6.47002
2.475,0,0,125,6.52863
2.5,0,0,125,6.59195
2.525,0,0,125,6.66009
2.55,0,0,125,6.73319
2.575,0,0,125,6.81137
2.6,0,0,125,6.89475
2.625,0,0,125,6.98349
2.65,0,0,125,7.0777
2.675,0,0,125,7.17754
2.7,0,0,125,7.28315
2.725,0,0,125,7.39468
2.75,0,0,125,7.51228
2.775,0,0,125,7.63612
2.8,0,0,125,7.76635
2.825,0,0,125,7.90315
2.85,0,0,125,8.04667
2.875,0,0,125,8.1971
2.9,0,0,125,8.35462
2.925,0,0,125,8.51941
2.95,0,0,125,8.69165
2.975,0,0,125,8.87155
3,0,0,125,9.05928
3.025,0,0,125,9.25504
3.05,0,0,125,9.45903
3.075,0,0,125,9.67144
3.1,0,0,125,9.89245
3.125,0,0,125,10.1222
3.15,0,0,125,10.3609
3.175,0,0,125,10.6087
3.2,0,0,125,10.8656
3.225,0,0,125,11.1317
3.25,0,0,125,11.4069
3.275,0,0,125,11.6909
3.3,0,0,125,11.9836
3.325,0,0,125,12.2842
3.35,0,0,125,12.5918
3.375,0,0,125,12.9049
3.4,0,0,125,13.2215
3.425,0,0,125,13.5385
3.45,0,0,125,13.8516
3.475,0,0,125,14.1544
3.5,0,0,125,14.4383
3.525,0,0,125,14.6908
3.55,0,0,125,14.8946
3.575,0,0,125,15.0249
3.6,0,0,125,15.0467
3.625,0,0,125,14.9103
3.65,0,0,125,14.5438
3.675,0,0,125,13.8429
3.7,0,0,125,12.6527
3.725,0,0,125,10.7394
3.75,0,0,125,7.74116
3.775,0,0,125,3.08557
3.8,0,0,125,-4.13888
3.825,0,0,125,-15.2845
3.85,0,0,125,-31.3183
3.875,0,0,125,-47.4168
3.9,0,0,125,-59.2435
3.925,0,0,125,-67.3906
3.95,0,0,125,-72.9447
3.975,0,0,125,-76.7178
4,0,0,125,-79.2758
4.025,0,0,125,-81.0077
4.05,0,0,125,-82.179
4.075,0,0,125,-82.9708
4.1,0,0,125,-83.5057
4.125,0,0,125,-83.867
4.15,0,0,125,-84.111
4.175,0,0,125,-84.2757
4.2,0,0,125,-84.3869
4.225,0,0,125,-84.4619
4.25,0,0,125,-84.5126
4.275,0,0,125,-84.5468
4.3,0,0,125,-84.5698
4.325,0,0,125,-84.5854
4.35,0,0,125,-84.5959
4.375,0,0,125,-84.603
4.4,0,0,125,-84.6077
4.425,0,0,125,-84.611
4.45,0,0,125,-84.6131
4.475,0,0,125,-84.6146
4.5,0,0,125,-84.6156
4.525,0,0,125,-84.6162
4.55,0,0,125,-84.6166
4.575,0,0,125,-84.6169
4.6,0,0,125,-84.6171
4.625,0,0,125,-84.6172
4.65,0,0,125,-84.6173
4.675,0,0,125,-84.6173
4.7,0,0,125,-84.6174
4.725,0,0,125,-84.6174
4.75,0,0,125,-84.6174
4.775,0,0,125,-84.6174
4.8,0,0,125,-84.6174
4.825,0,0,125,-84.6174
4.85,0,0,125,-84.6174
4.875,0,0,125,-84.6174
4.9,0,0,125,-84.6174
4.925,0,0,125,-84.6174
4.95,0,0,125,-84.6174
4.975,0,0,125,-84.6174
5,0,0,125,-84.6174
