0,0,0,125,-84.1655
0.025,0,0,125,-84.1656
0.05,0,0,125,-84.1658
0.075,0,0,125,-84.1661
0.1,0,0,125,-84.1666
0.125,0,0,125,-84.167
0.15,0,0,125,-84.1676
0.175,0,0,125,-84.1681
0.2,0,0,125,-84.1687
0.225,0,0,125,-84.1693
0.25,0,0,125,-84.1699
0.275,0,0,125,-84.1705
0.3,0,0,125,-84.1711
0.325,0,0,125,-84.1717
0.35,0,0,125,-84.1723
0.375,0,0,125,-84.1729
0.4,0,0,125,-84.1735
0.425,0,0,125,-84.1741
0.45,0,0,125,-84.1747
0.475,0,0,125,-84.1753
0.5,0,0,125,-84.1758
0.525,0,0,125,-84.1763
0.55,0,0,125,-84.1768
0.575,0,0,125,-84.1773
0.6,0,0,125,-84.1778
0.625,0,0,125,-84.1783
0.65,0,0,125,-84.1788
0.675,0,0,125,-84.1792
0.7,0,0,125,-84.1797
0.725,0,0,125,-84.1802
0.75,0,0,125,-84.1806
0.775,0,0,125,-84.1811
0.8,0,0,125,-84.1816
0.825,0,0,125,-84.1821
0.85,0,0,125,-84.1826
0.875,0,0,125,-84.1831
0.9,0,0,125,-84.1836
0.925,0,0,125,-84.1842
0.95,0,0,125,-84.1847
0.975,0,0,125,-84.1853
1,0,0,125,-84.1858
1.025,0,0,125,-84.1864
1.05,0,0,125,-84.187
1.075,0,0,125,-84.1876
1.1,0,0,125,-84.1882
1.125,0,0,125,-84.1888
1.15,0,0,125,-84.1894
1.175,0,0,125,-84.19
1.2,0,0,125,-84.1907
1.225,0,0,125,-84.1913
1.25,0,0,125,-84.192
1.275,0,0,125,-84.1927
1.3,0,0,125,-84.1933
1.325,0,0,125,-84.194
1.35,0,0,125,-84.1947
1.375,0,0,125,-84.1954
1.4,0,0,125,-84.1961
1.425,0,0,125,-84.1969
1.45,0,0,125,-84.1976
1.475,0,0,125,-84.1984
1.5,0,0,125,-84.1991
1.525,0,0,125,-84.1999
1.55,0,0,125,-84.2006
1.575,0,0,125,-84.2014
1.6,0,0,125,-84.2022
1.625,0,0,125,-84.203
1.65,0,0,125,-84.2038
1.675,0,0,125,-84.2046
1.7,0,0,125,-84.2055
1.725,0,0,125,-84.2064
1.75,0,0,125,-84.2072
1.775,0,0,125,-84.2082
1.8,0,0,125,-84.2091
1.825,0,0,125,-84.2101
1.85,0,0,125,-84.2112
1.875,0,0,125,-84.2122
1.9,0,0,125,-84.2133
1.925,0,0,125,-84.2145
1.95,0,0,125,-84.2156
1.975,0,0,125,-84.2169
2,0,0,125,-84.2181
2.025,0,0,125,-84.2194
2.05,0,0,125,-84.2207
2.075,0,0,125,-84.222
2.1,0,0,125,-84.2233
2.125,0,0,125,-84.2246
2.15,0,0,125,-84.226
2.175,0,0,125,-84.2273
2.2,0,0,125,-84.2287
2.225,0,0,125,-84.2301
2.25,0,0,125,-84.2315
2.275,0,0,125,-84.233
2.3,0,0,125,-84.2345
2.325,0,0,125,-84.236
2.35,0,0,125,-84.2376
2.375,0,0,125,-84.2392
2.4,0,0,125,-84.2409
2.425,0,0,125,-84.2426
2.45,0,0,125,-84.2443
2.475,0,0,125,-84.2461
2.5,0,0,125,-84.2479
2.525,0,0,125,-84.2497
2.55,0,0,125,-84.2516
2.575,0,0,125,-84.2535
2.6,0,0,125,-84.2555
2.625,0,0,125,-84.2575
2.65,0,0,125,-84.2595
2.675,0,0,125,-84.2615
2.7,0,0,125,-84.2636
2.725,0,0,125,-84.2657
2.75,0,0,125,-84.2677
2.775,0,0,125,-84.2698
2.8,0,0,125,-84.2719
2.825,0,0,125,-84.274
2.85,0,0,125,-84.2761
2.875,0,0,125,-84.2782
2.9,0,0,125,-84.2803
2.925,0,0,125,-84.2825
2.95,0,0,125,-84.2846
2.975,0,0,125,-84.2868
3,0,0,125,-84.289
3.025,0,0,125,-84.2911
3.05,0,0,125,-84.2933
3.075,0,0,125,-84.2955
3.1,0,0,125,-84.2977
3.125,0,0,125,-84.2999
3.15,0,0,125,-84.3021
3.175,0,0,125,-84.3044
3.2,0,0,125,-84.3066
3.225,0,0,125,-84.3088
3.25,0,0,125,-84.311
3.275,0,0,125,-84.3131
3.3,0,0,125,-84.3152
3.325,0,0,125,-84.3173
3.35,0,0,125,-84.3193
3.375,0,0,125,-84.3213
3.4,0,0,125,-84.3233
3.425,0,0,125,-84.3252
3.45,0,0,125,-84.3271
3.475,0,0,125,-84.329
3.5,0,0,125,-84.3308
3.525,0,0,125,-84.3326
3.55,0,0,125,-84.3343
3.575,0,0,125,-84.3361
3.6,0,0,125,-84.3377
3.625,0,0,125,-84.3394
3.65,0,0,125,-84.341
3.675,0,0,125,-84.3425
3.7,0,0,125,-84.3441
3.725,0,0,125,-84.3456
3.75,0,0,125,-84.347
3.775,0,0,125,-84.3485
3.8,0,0,125,-84.3498
3.825,0,0,125,-84.3512
3.85,0,0,125,-84.3525
3.875,0,0,125,-84.3538
3.9,0,0,125,-84.355
3.925,0,0,125,-84.3562
3.95,0,0,125,-84.3574
3.975,0,0,125,-84.3585
4,0,0,125,-84.3596
4.025,0,0,125,-84.3606
4.05,0,0,125,-84.3616
4.075,0,0,125,-84.3626
4.1,0,0,125,-84.3635
4.125,0,0,125,-84.3644
4.15,0,0,125,-84.3653
4.175,0,0,125,-84.3661
4.2,0,0,125,-84.3668
4.225,0,0,125,-84.3676
4.25,0,0,125,-84.3683
4.275,0,0,125,-84.3689
4.3,0,0,125,-84.3696
4.325,0,0,125,-84.3701
4.35,0,0,125,-84.3707
4.375,0,0,125,-84.3712
4.4,0,0,125,-84.3717
4.425,0,0,125,-84.3721
4.45,0,0,125,-84.3725
4.475,0,0,125,-84.3729
4.5,0,0,125,-84.3732
4.525,0,0,125,-84.3734
4.55,0,0,125,-84.3737
4.575,0,0,125,-84.374
4.6,0,0,125,-84.3742
4.625,0,0,125,-84.3744
4.65,0,0,125,-84.3746
4.675,0,0,125,-84.3748
4.7,0,0,125,-84.375
4.725,0,0,125,-84.3752
4.75,0,0,125,-84.3753
4.775,0,0,125,-84.3754
4.8,0,0,125,-84.3755
4.825,0,0,125,-84.3756
4.85,0,0,125,-84.3757
4.875,0,0,125,-84.3758
4.9,0,0,125,-84.3759
4.925,0,0,125,-84.3759
4.95,0,0,125,-84.3759
4.975,0,0,125,-84.3759
5,0,0,125,-84.3759
