0,0,0,125,-82.7757
0.025,0,0,125,-82.776
0.05,0,0,125,-82.7767
0.075,0,0,125,-82.7776
0.1,0,0,125,-82.7787
0.125,0,0,125,-82.78
0.15,0,0,125,-82.7813
0.175,0,0,125,-82.7827
0.2,0,0,125,-82.784
0.225,0,0,125,-82.7853
0.25,0,0,125,-82.7865
0.275,0,0,125,-82.7877
0.3,0,0,125,-82.7888
0.325,0,0,125,-82.7899
0.35,0,0,125,-82.7908
0.375,0,0,125,-82.7917
0.4,0,0,125,-82.7925
0.425,0,0,125,-82.7933
0.45,0,0,125,-82.7939
0.475,0,0,125,-82.7945
0.5,0,0,125,-82.7951
0.525,0,0,125,-82.7956
0.55,0,0,125,-82.796
0.575,0,0,125,-82.7963
0.6,0,0,125,-82.7966
0.625,0,0,125,-82.7968
0.65,0,0,125,-82.7969
0.675,0,0,125,-82.797
0.7,0,0,125,-82.7971
0.725,0,0,125,-82.797
0.75,0,0,125,-82.7969
0.775,0,0,125,-82.7968
0.8,0,0,125,-82.7966
0.825,0,0,125,-82.7964
0.85,0,0,125,-82.7962
0.875,0,0,125,-82.7959
0.9,0,0,125,-82.7956
0.925,0,0,125,-82.7952
0.95,0,0,125,-82.7948
0.975,0,0,125,-82.7944
1,0,0,125,-82.7939
1.025,0,0,125,-82.7934
1.05,0,0,125,-82.7929
1.075,0,0,125,-82.7923
1.1,0,0,125,-82.7917
1.125,0,0,125,-82.791
1.15,0,0,125,-82.7904
1.175,0,0,125,-82.7896
1.2,0,0,125,-82.7889
1.225,0,0,125,-82.7881
1.25,0,0,125,-82.7873
1.275,0,0,125,-82.7865
1.3,0,0,125,-82.7857
1.325,0,0,125,-82.7849
1.35,0,0,125,-82.784
1.375,0,0,125,-82.7831
1.4,0,0,125,-82.7823
1.425,0,0,125,-82.7813
1.45,0,0,125,-82.7804
1.475,0,0,125,-82.7794
1.5,0,0,125,-82.7785
1.525,0,0,125,-82.7775
1.55,0,0,125,-82.7765
1.575,0,0,125,-82.7754
1.6,0,0,125,-82.7744
1.625,0,0,125,-82.7734
1.65,0,0,125,-82.7723
1.675,0,0,125,-82.7712
1.7,0,0,125,-82.7701
1.725,0,0,125,-82.769
1.75,0,0,125,-82.7679
1.775,0,0,125,-82.7668
1.8,0,0,125,-82.7656
1.825,0,0,125,-82.7645
1.85,0,0,125,-82.7633
1.875,0,0,125,-82.7621
1.9,0,0,125,-82.7609
1.925,0,0,125,-82.7597
1.95,0,0,125,-82.7585
1.975,0,0,125,-82.7572
2,0,0,125,-82.756
2.025,0,0,125,-82.7547
2.05,0,0,125,-82.7535
2.075,0,0,125,-82.7522
2.1,0,0,125,-82.7509
2.125,0,0,125,-82.7495
2.15,0,0,125,-82.7482
2.175,0,0,125,-82.7469
2.2,0,0,125,-82.7455
2.225,0,0,125,-82.7442
2.25,0,0,125,-82.7428
2.275,0,0,125,-82.7414
2.3,0,0,125,-82.74
2.325,0,0,125,-82.7386
2.35,0,0,125,-82.7372
2.375,0,0,125,-82.7358
2.4,0,0,125,-82.7343
2.425,0,0,125,-82.7329
2.45,0,0,125,-82.7314
2.475,0,0,125,-82.7299
2.5,0,0,125,-82.7285
2.525,0,0,125,-82.727
2.55,0,0,125,-82.7254
2.575,0,0,125,-82.7239
2.6,0,0,125,-82.7224
2.625,0,0,125,-82.7208
2.65,0,0,125,-82.7193
2.675,0,0,125,-82.7177
2.7,0,0,125,-82.7161
2.725,0,0,125,-82.7145
2.75,0,0,125,-82.7128
2.775,0,0,125,-82.7111
2.8,0,0,125,-82.7094
2.825,0,0,125,-82.7077
2.85,0,0,125,-82.7059
2.875,0,0,125,-82.704
2.9,0,0,125,-82.702
2.925,0,0,125,-82.6999
2.95,0,0,125,-82.6976
2.975,0,0,125,-82.6951
3,0,0,125,-82.6921
3.025,0,0,125,-82.6886
3.05,0,0,125,-82.6843
3.075,0,0,125,-82.679
3.1,0,0,125,-82.672
3.125,0,0,125,-82.6629
3.15,0,0,125,-82.6505
3.175,0,0,125,-82.6335
3.2,0,0,125,-82.61
3.225,0,0,125,-82.577
3.25,0,0,125,-82.5305
3.275,0,0,125,-82.4645
3.3,0,0,125,-82.3706
3.325,0,0,125,-82.2365
3.35,0,0,125,-82.0447
3.375,0,0,125,-81.7696
3.4,0,0,125,-81.3749
3.425,0,0,125,-80.808
3.45,0,0,125,-79.9934
3.475,0,0,125,-78.8224
3.5,0,0,125,-77.1394
3.525,0,0,125,-74.7218
3.55,0,0,125,-71.2529
3.575,0,0,125,-66.2849
3.6,0,0,125,-59.197
3.625,0,0,125,-49.1973
3.65,0,0,125,-35.8467
3.675,0,0,125,-21.7602
3.7,0,0,125,-11.2382
3.725,0,0,125,-4.31374
3.75,0,0,125,0.0714107
3.775,0,0,125,2.76708
3.8,0,0,125,4.34294
3.825,0,0,125,5.17084
3.85,0,0,125,5.49534
3.875,0,0,125,5.47968
3.9,0,0,125,5.2345
3.925,0,0,125,4.83576
3.95,0,0,125,4.33621
3.975,0,0,125,3.7728
4,0,0,125,3.1717
4.025,0,0,125,2.55163
4.05,0,0,125,1.92614
4.075,0,0,125,1.30522
4.1,0,0,125,0.69636
4.125,0,0,125,0.105315
4.15,0,0,125,-0.463358
4.175,0,0,125,-1.00595
4.2,0,0,125,-1.51937
4.225,0,0,125,-2.00097
4.25,0,0,125,-2.44843
4.275,0,0,125,-2.85974
4.3,0,0,125,-3.23314
4.325,0,0,125,-3.56711
4.35,0,0,125,-3.86039
4.375,0,0,125,-4.11199
4.4,0,0,125,-4.32122
4.425,0,0,125,-4.48771
4.45,0,0,125,-4.61144
4.475,0,0,125,-4.69279
4.5,0,0,125,-4.73253
4.525,0,0,125,-4.73188
4.55,0,0,125,-4.69255
4.575,0,0,125,-4.61669
4.6,0,0,125,-4.50697
4.625,0,0,125,-4.36656
4.65,0,0,125,-4.19915
4.675,0,0,125,-4.00893
4.7,0,0,125,-3.80059
4.725,0,0,125,-3.57932
4.75,0,0,125,-3.35078
4.775,0,0,125,-3.12105
4.8,0,0,125,-2.89654
4.825,0,0,125,-2.68387
4.85,0,0,125,-2.4894
4.875,0,0,125,-2.31848
4.9,0,0,125,-2.17475
4.925,0,0,125,-2.0595
4.95,0,0,125,-1.97304
4.975,0,0,125,-1.91535
5,0,0,125,-1.88643
