0,0,0,125,-0.983985
0.025,0,0,125,-0.98745
0.05,0,0,125,-0.994399
0.075,0,0,125,-1.00486
0.1,0,0,125,-1.0189
0.125,0,0,125,-1.03661
0.15,0,0,125,-1.05808
0.175,0,0,125,-1.08337
0.2,0,0,125,-1.11247
0.225,0,0,125,-1.14535
0.25,0,0,125,-1.18195
0.275,0,0,125,-1.2222
0.3,0,0,125,-1.26603
0.325,0,0,125,-1.31334
0.35,0,0,125,-1.36407
0.375,0,0,125,-1.41813
0.4,0,0,125,-1.47542
0.425,0,0,125,-1.53589
0.45,0,0,125,-1.59943
0.475,0,0,125,-1.66599
0.5,0,0,125,-1.7355
0.525,0,0,125,-1.80788
0.55,0,0,125,-1.88307
0.575,0,0,125,-1.96103
0.6,0,0,125,-2.0417
0.625,0,0,125,-2.12503
0.65,0,0,125,-2.21098
0.675,0,0,125,-2.29952
0.7,0,0,125,-2.39062
0.725,0,0,125,-2.48425
0.75,0,0,125,-2.5804
0.775,0,0,125,-2.67904
0.8,0,0,125,-2.78018
0.825,0,0,125,-2.8838
0.85,0,0,125,-2.9899
0.875,0,0,125,-3.0985
0.9,0,0,125,-3.2096
0.925,0,0,125,-3.32322
0.95,0,0,125,-3.43939
0.975,0,0,125,-3.55811
1,0,0,125,-3.67944
1.025,0,0,125,-3.8034
1.05,0,0,125,-3.93003
1.075,0,0,125,-4.05937
1.1,0,0,125,-4.19149
1.125,0,0,125,-4.32643
1.15,0,0,125,-4.46424
1.175,0,0,125,-4.60501
1.2,0,0,125,-4.74879
1.225,0,0,125,-4.89566
1.25,0,0,125,-5.04569
1.275,0,0,125,-5.19898
1.3,0,0,125,-5.3556
1.325,0,0,125,-5.51565
1.35,0,0,125,-5.67923
1.375,0,0,125,-5.84644
1.4,0,0,125,-6.01739
1.425,0,0,125,-6.19218
1.45,0,0,125,-6.37095
1.475,0,0,125,-6.5538
1.5,0,0,125,-6.74086
1.525,0,0,125,-6.93226
1.55,0,0,125,-7.12815
1.575,0,0,125,-7.32866
1.6,0,0,125,-7.53393
1.625,0,0,125,-7.74412
1.65,0,0,125,-7.95938
1.675,0,0,125,-8.17987
1.7,0,0,125,-8.40575
1.725,0,0,125,-8.63719
1.75,0,0,125,-8.87437
1.775,0,0,125,-9.11744
1.8,0,0,125,-9.36661
1.825,0,0,125,-9.62204
1.85,0,0,125,-9.88392
1.875,0,0,125,-10.1525
1.9,0,0,125,-10.4278
1.925,0,0,125,-10.7102
1.95,0,0,125,-10.9998
1.975,0,0,125,-11.2968
2,0,0,125,-11.6015
2.025,0,0,125,-11.9139
2.05,0,0,125,-12.2344
2.075,0,0,125,-12.5631
2.1,0,0,125,-12.9001
2.125,0,0,125,-13.2458
2.15,0,0,125,-13.6002
2.175,0,0,125,-13.9636
2.2,0,0,125,-14.3362
2.225,0,0,125,-14.718
2.25,0,0,125,-15.1094
2.275,0,0,125,-15.5104
2.3,0,0,125,-15.9212
2.325,0,0,125,-16.342
2.35,0,0,125,-16.7728
2.375,0,0,125,-17.2139
2.4,0,0,125,-17.6652
2.425,0,0,125,-18.127
2.45,0,0,125,-18.5993
2.475,0,0,125,-19.0821
2.5,0,0,125,-19.5756
2.525,0,0,125,-20.0798
2.55,0,0,125,-20.5947
2.575,0,0,125,-21.1202
2.6,0,0,125,-21.6565
2.625,0,0,125,-22.2035
2.65,0,0,125,-22.7612
2.675,0,0,125,-23.3295
2.7,0,0,125,-23.9084
2.725,0,0,125,-24.4977
2.75,0,0,125,-25.0975
2.775,0,0,125,-25.7076
2.8,0,0,125,-26.3279
2.825,0,0,125,-26.9583
2.85,0,0,125,-27.5986
2.875,0,0,125,-28.2488
2.9,0,0,125,-28.9085
2.925,0,0,125,-29.5778
2.95,0,0,125,-30.2564
2.975,0,0,125,-30.944
3,0,0,125,-31.6405
3.025,0,0,125,-32.3456
3.05,0,0,125,-33.059
3.075,0,0,125,-33.7803
3.1,0,0,125,-34.5093
3.125,0,0,125,-35.2456
3.15,0,0,125,-35.9886
3.175,0,0,125,-36.7378
3.2,0,0,125,-37.4928
3.225,0,0,125,-38.2529
3.25,0,0,125,-39.0174
3.275,0,0,125,-39.7856
3.3,0,0,125,-40.5566
3.325,0,0,125,-41.3297
3.35,0,0,125,-42.1038
3.375,0,0,125,-42.878
3.4,0,0,125,-43.6513
3.425,0,0,125,-44.4226
3.45,0,0,125,-45.1908
3.475,0,0,125,-45.9547
3.5,0,0,125,-46.7132
3.525,0,0,125,-47.4651
3.55,0,0,125,-48.2092
3.575,0,0,125,-48.9444
3.6,0,0,125,-49.6696
3.625,0,0,125,-50.3835
3.65,0,0,125,-51.085
3.675,0,0,125,-51.7732
3.7,0,0,125,-52.447
3.725,0,0,125,-53.1054
3.75,0,0,125,-53.7475
3.775,0,0,125,-54.3726
3.8,0,0,125,-54.9798
3.825,0,0,125,-55.5684
3.85,0,0,125,-56.1379
3.875,0,0,125,-56.6876
3.9,0,0,125,-57.2171
3.925,0,0,125,-57.7261
3.95,0,0,125,-58.2142
3.975,0,0,125,-58.6811
4,0,0,125,-59.1268
4.025,0,0,125,-59.5511
4.05,0,0,125,-59.954
4.075,0,0,125,-60.3355
4.1,0,0,125,-60.6959
4.125,0,0,125,-61.0352
4.15,0,0,125,-61.3537
4.175,0,0,125,-61.6517
4.2,0,0,125,-61.9296
4.225,0,0,125,-62.1877
4.25,0,0,125,-62.4265
4.275,0,0,125,-62.6465
4.3,0,0,125,-62.8482
4.325,0,0,125,-63.0322
4.35,0,0,125,-63.1991
4.375,0,0,125,-63.3497
4.4,0,0,125,-63.4845
4.425,0,0,125,-63.6043
4.45,0,0,125,-63.7098
4.475,0,0,125,-63.8019
4.5,0,0,125,-63.8814
4.525,0,0,125,-63.949
4.55,0,0,125,-64.0056
4.575,0,0,125,-64.0522
4.6,0,0,125,-64.0895
4.625,0,0,125,-64.1186
4.65,0,0,125,-64.1402
4.675,0,0,125,-64.1554
4.7,0,0,125,-64.1651
4.725,0,0,125,-64.1701
4.75,0,0,125,-64.1714
4.775,0,0,125,-64.1699
4.8,0,0,125,-64.1663
4.825,0,0,125,-64.1617
4.85,0,0,125,-64.1566
4.875,0,0,125,-64.1516
4.9,0,0,125,-64.1473
4.925,0,0,125,-64.1437
4.95,0,0,125,-64.141
4.975,0,0,125,-64.1392
5,0,0,125,-64.1383
