0,0,0,125,-83.627
0.025,0,0,125,-83.6273
0.05,0,0,125,-83.6278
0.075,0,0,125,-83.6285
0.1,0,0,125,-83.6295
0.125,0,0,125,-83.6306
0.15,0,0,125,-83.6317
0.175,0,0,125,-83.633
0.2,0,0,125,-83.6343
0.225,0,0,125,-83.6356
0.25,0,0,125,-83.6369
0.275,0,0,125,-83.6382
0.3,0,0,125,-83.6395
0.325,0,0,125,-83.6408
0.35,0,0,125,-83.6421
0.375,0,0,125,-83.6434
0.4,0,0,125,-83.6447
0.425,0,0,125,-83.6459
0.45,0,0,125,-83.6472
0.475,0,0,125,-83.6484
0.5,0,0,125,-83.6496
0.525,0,0,125,-83.6508
0.55,0,0,125,-83.6519
0.575,0,0,125,-83.6531
0.6,0,0,125,-83.6542
0.625,0,0,125,-83.6554
0.65,0,0,125,-83.6565
0.675,0,0,125,-83.6576
0.7,0,0,125,-83.6587
0.725,0,0,125,-83.6597
0.75,0,0,125,-83.6608
0.775,0,0,125,-83.662
0.8,0,0,125,-83.6631
0.825,0,0,125,-83.6642
0.85,0,0,125,-83.6653
0.875,0,0,125,-83.6665
0.9,0,0,125,-83.6676
0.925,0,0,125,-83.6688
0.95,0,0,125,-83.67
0.975,0,0,125,-83.6712
1,0,0,125,-83.6724
1.025,0,0,125,-83.6736
1.05,0,0,125,-83.6748
1.075,0,0,125,-83.676
1.1,0,0,125,-83.6772
1.125,0,0,125,-83.6785
1.15,0,0,125,-83.6797
1.175,0,0,125,-83.681
1.2,0,0,125,-83.6823
1.225,0,0,125,-83.6836
1.25,0,0,125,-83.6849
1.275,0,0,125,-83.6863
1.3,0,0,125,-83.6877
1.325,0,0,125,-83.6892
1.35,0,0,125,-83.6907
1.375,0,0,125,-83.6922
1.4,0,0,125,-83.6937
1.425,0,0,125,-83.6953
1.45,0,0,125,-83.6969
1.475,0,0,125,-83.6986
1.5,0,0,125,-83.7002
1.525,0,0,125,-83.7019
1.55,0,0,125,-83.7036
1.575,0,0,125,-83.7053
1.6,0,0,125,-83.7071
1.625,0,0,125,-83.7089
1.65,0,0,125,-83.7108
1.675,0,0,125,-83.7127
1.7,0,0,125,-83.7146
1.725,0,0,125,-83.7166
1.75,0,0,125,-83.7186
1.775,0,0,125,-83.7206
1.8,0,0,125,-83.7227
1.825,0,0,125,-83.7248
1.85,0,0,125,-83.727
1.875,0,0,125,-83.7292
1.9,0,0,125,-83.7315
1.925,0,0,125,-83.7338
1.95,0,0,125,-83.7362
1.975,0,0,125,-83.7387
2,0,0,125,-83.7412
2.025,0,0,125,-83.7438
2.05,0,0,125,-83.7464
2.075,0,0,125,-83.7491
2.1,0,0,125,-83.7519
2.125,0,0,125,-83.7547
2.15,0,0,125,-83.7576
2.175,0,0,125,-83.7606
2.2,0,0,125,-83.7636
2.225,0,0,125,-83.7667
2.25,0,0,125,-83.7699
2.275,0,0,125,-83.7732
2.3,0,0,125,-83.7766
2.325,0,0,125,-83.78
2.35,0,0,125,-83.7835
2.375,0,0,125,-83.7871
2.4,0,0,125,-83.7908
2.425,0,0,125,-83.7946
2.45,0,0,125,-83.7985
2.475,0,0,125,-83.8024
2.5,0,0,125,-83.8064
2.525,0,0,125,-83.8104
2.55,0,0,125,-83.8146
2.575,0,0,125,-83.8187
2.6,0,0,125,-83.823
2.625,0,0,125,-83.8273
2.65,0,0,125,-83.8317
2.675,0,0,125,-83.8361
2.7,0,0,125,-83.8406
2.725,0,0,125,-83.8452
2.75,0,0,125,-83.8498
2.775,0,0,125,-83.8545
2.8,0,0,125,-83.8592
2.825,0,0,125,-83.8639
2.85,0,0,125,-83.8686
2.875,0,0,125,-83.8734
2.9,0,0,125,-83.8783
2.925,0,0,125,-83.8831
2.95,0,0,125,-83.888
2.975,0,0,125,-83.893
3,0,0,125,-83.8979
3.025,0,0,125,-83.9029
3.05,0,0,125,-83.9078
3.075,0,0,125,-83.9128
3.1,0,0,125,-83.9177
3.125,0,0,125,-83.9226
3.15,0,0,125,-83.9276
3.175,0,0,125,-83.9325
3.2,0,0,125,-83.9373
3.225,0,0,125,-83.9422
3.25,0,0,125,-83.947
3.275,0,0,125,-83.9517
3.3,0,0,125,-83.9564
3.325,0,0,125,-83.9611
3.35,0,0,125,-83.9658
3.375,0,0,125,-83.9704
3.4,0,0,125,-83.9749
3.425,0,0,125,-83.9793
3.45,0,0,125,-83.9837
3.475,0,0,125,-83.9881
3.5,0,0,125,-83.9923
3.525,0,0,125,-83.9965
3.55,0,0,125,-84.0006
3.575,0,0,125,-84.0047
3.6,0,0,125,-84.0087
3.625,0,0,125,-84.0126
3.65,0,0,125,-84.0164
3.675,0,0,125,-84.0201
3.7,0,0,125,-84.0237
3.725,0,0,125,-84.0273
3.75,0,0,125,-84.0307
3.775,0,0,125,-84.034
3.8,0,0,125,-84.0373
3.825,0,0,125,-84.0404
3.85,0,0,125,-84.0434
3.875,0,0,125,-84.0463
3.9,0,0,125,-84.0491
3.925,0,0,125,-84.0518
3.95,0,0,125,-84.0544
3.975,0,0,125,-84.0569
4,0,0,125,-84.0594
4.025,0,0,125,-84.0617
4.05,0,0,125,-84.064
4.075,0,0,125,-84.0661
4.1,0,0,125,-84.0682
4.125,0,0,125,-84.0702
4.15,0,0,125,-84.0721
4.175,0,0,125,-84.0739
4.2,0,0,125,-84.0756
4.225,0,0,125,-84.0772
4.25,0,0,125,-84.0788
4.275,0,0,125,-84.0802
4.3,0,0,125,-84.0815
4.325,0,0,125,-84.0828
4.35,0,0,125,-84.084
4.375,0,0,125,-84.0851
4.4,0,0,125,-84.0862
4.425,0,0,125,-84.0871
4.45,0,0,125,-84.0881
4.475,0,0,125,-84.0889
4.5,0,0,125,-84.0897
4.525,0,0,125,-84.0905
4.55,0,0,125,-84.0911
4.575,0,0,125,-84.0917
4.6,0,0,125,-84.0923
4.625,0,0,125,-84.0928
4.65,0,0,125,-84.0932
4.675,0,0,125,-84.0936
4.7,0,0,125,-84.094
4.725,0,0,125,-84.0943
4.75,0,0,125,-84.0946
4.775,0,0,125,-84.0948
4.8,0,0,125,-84.095
4.825,0,0,125,-84.0952
4.85,0,0,125,-84.0953
4.875,0,0,125,-84.0954
4.9,0,0,125,-84.0955
4.925,0,0,125,-84.0955
4.95,0,0,125,-84.0956
4.975,0,0,125,-84.0956
5,0,0,125,-84.0956
