0,0,0,125,14.3586
0.025,0,0,125,14.3619
0.05,0,0,125,14.3683
0.075,0,0,125,14.3775
0.1,0,0,125,14.3892
0.125,0,0,125,14.4028
0.15,0,0,125,14.4177
0.175,0,0,125,14.4337
0.2,0,0,125,14.4505
0.225,0,0,125,14.468
0.25,0,0,125,14.4859
0.275,0,0,125,14.5044
0.3,0,0,125,14.5232
0.325,0,0,125,14.5424
0.35,0,0,125,14.5618
0.375,0,0,125,14.5815
0.4,0,0,125,14.6013
0.425,0,0,125,14.6213
0.45,0,0,125,14.6415
0.475,0,0,125,14.6617
0.5,0,0,125,14.6819
0.525,0,0,125,14.7022
0.55,0,0,125,14.7226
0.575,0,0,125,14.7429
0.6,0,0,125,14.7633
0.625,0,0,125,14.7836
0.65,0,0,125,14.8039
0.675,0,0,125,14.8242
0.7,0,0,125,14.8444
0.725,0,0,125,14.8646
0.75,0,0,125,14.8847
0.775,0,0,125,14.9047
0.8,0,0,125,14.9247
0.825,0,0,125,14.9447
0.85,0,0,125,14.9645
0.875,0,0,125,14.9843
0.9,0,0,125,15.004
0.925,0,0,125,15.0236
0.95,0,0,125,15.0432
0.975,0,0,125,15.0626
1,0,0,125,15.082
1.025,0,0,125,15.1013
1.05,0,0,125,15.1205
1.075,0,0,125,15.1396
1.1,0,0,125,15.1586
1.125,0,0,125,15.1776
1.15,0,0,125,15.1964
1.175,0,0,125,15.2152
1.2,0,0,125,15.2338
1.225,0,0,125,15.2524
1.25,0,0,125,15.2708
1.275,0,0,125,15.2892
1.3,0,0,125,15.3075
1.325,0,0,125,15.3257
1.35,0,0,125,15.3437
1.375,0,0,125,15.3617
1.4,0,0,125,15.3796
1.425,0,0,125,15.3974
1.45,0,0,125,15.4151
1.475,0,0,125,15.4327
1.5,0,0,125,15.4501
1.525,0,0,125,15.4675
1.55,0,0,125,15.4848
1.575,0,0,125,15.5019
1.6,0,0,125,15.5189
1.625,0,0,125,15.5359
1.65,0,0,125,15.5527
1.675,0,0,125,15.5694
1.7,0,0,125,15.586
1.725,0,0,125,15.6025
1.75,0,0,125,15.6189
1.775,0,0,125,15.6351
1.8,0,0,125,15.6512
1.825,0,0,125,15.6672
1.85,0,0,125,15.6831
1.875,0,0,125,15.6989
1.9,0,0,125,15.7145
1.925,0,0,125,15.73
1.95,0,0,125,15.7454
1.975,0,0,125,15.7606
2,0,0,125,15.7758
2.025,0,0,125,15.7907
2.05,0,0,125,15.8056
2.075,0,0,125,15.8203
2.1,0,0,125,15.8349
2.125,0,0,125,15.8493
2.15,0,0,125,15.8636
2.175,0,0,125,15.8778
2.2,0,0,125,15.8918
2.225,0,0,125,15.9056
2.25,0,0,125,15.9193
2.275,0,0,125,15.9329
2.3,0,0,125,15.9463
2.325,0,0,125,15.9596
2.35,0,0,125,15.9727
2.375,0,0,125,15.9857
2.4,0,0,125,15.9985
2.425,0,0,125,16.0111
2.45,0,0,125,16.0236
2.475,0,0,125,16.036
2.5,0,0,125,16.0481
2.525,0,0,125,16.0602
2.55,0,0,125,16.072
2.575,0,0,125,16.0837
2.6,0,0,125,16.0952
2.625,0,0,125,16.1066
2.65,0,0,125,16.1178
2.675,0,0,125,16.1288
2.7,0,0,125,16.1397
2.725,0,0,125,16.1504
2.75,0,0,125,16.1609
2.775,0,0,125,16.1713
2.8,0,0,125,16.1815
2.825,0,0,125,16.1915
2.85,0,0,125,16.2014
2.875,0,0,125,16.2111
2.9,0,0,125,16.2206
2.925,0,0,125,16.23
2.95,0,0,125,16.2391
2.975,0,0,125,16.2482
3,0,0,125,16.257
3.025,0,0,125,16.2657
3.05,0,0,125,16.2742
3.075,0,0,125,16.2826
3.1,0,0,125,16.2908
3.125,0,0,125,16.2988
3.15,0,0,125,16.3067
3.175,0,0,125,16.3144
3.2,0,0,125,16.322
3.225,0,0,125,16.3294
3.25,0,0,125,16.3366
3.275,0,0,125,16.3438
3.3,0,0,125,16.3507
3.325,0,0,125,16.3575
3.35,0,0,125,16.3642
3.375,0,0,125,16.3708
3.4,0,0,125,16.3772
3.425,0,0,125,16.3835
3.45,0,0,125,16.3897
3.475,0,0,125,16.3957
3.5,0,0,125,16.4017
3.525,0,0,125,16.4075
3.55,0,0,125,16.4133
3.575,0,0,125,16.4189
3.6,0,0,125,16.4245
3.625,0,0,125,16.4299
3.65,0,0,125,16.4353
3.675,0,0,125,16.4406
3.7,0,0,125,16.4459
3.725,0,0,125,16.4511
3.75,0,0,125,16.4563
3.775,0,0,125,16.4614
3.8,0,0,125,16.4665
3.825,0,0,125,16.4715
3.85,0,0,125,16.4766
3.875,0,0,125,16.4816
3.9,0,0,125,16.4867
3.925,0,0,125,16.4917
3.95,0,0,125,16.4968
3.975,0,0,125,16.5019
4,0,0,125,16.5071
4.025,0,0,125,16.5122
4.05,0,0,125,16.5175
4.075,0,0,125,16.5228
4.1,0,0,125,16.5281
4.125,0,0,125,16.5336
4.15,0,0,125,16.5391
4.175,0,0,125,16.5447
4.2,0,0,125,16.5504
4.225,0,0,125,16.5562
4.25,0,0,125,16.5621
4.275,0,0,125,16.5681
4.3,0,0,125,16.5742
4.325,0,0,125,16.5804
4.35,0,0,125,16.5867
4.375,0,0,125,16.5931
4.4,0,0,125,16.5996
4.425,0,0,125,16.6061
4.45,0,0,125,16.6128
4.475,0,0,125,16.6194
4.5,0,0,125,16.6262
4.525,0,0,125,16.6329
4.55,0,0,125,16.6397
4.575,0,0,125,16.6464
4.6,0,0,125,16.6531
4.625,0,0,125,16.6597
4.65,0,0,125,16.6662
4.675,0,0,125,16.6726
4.7,0,0,125,16.6788
4.725,0,0,125,16.6848
4.75,0,0,125,16.6906
4.775,0,0,125,16.696
4.8,0,0,125,16.7011
4.825,0,0,125,16.7059
4.85,0,0,125,16.7102
4.875,0,0,125,16.714
4.9,0,0,125,16.7174
4.925,0,0,125,16.7201
4.95,0,0,125,16.7223
4.975,0,0,125,16.7237
5,0,0,125,16.7245
