0,0,0,125,-83.5529
0.025,0,0,125,-83.5532
0.05,0,0,125,-83.5537
0.075,0,0,125,-83.5546
0.1,0,0,125,-83.5556
0.125,0,0,125,-83.5568
0.15,0,0,125,-83.5581
0.175,0,0,125,-83.5595
0.2,0,0,125,-83.5609
0.225,0,0,125,-83.5623
0.25,0,0,125,-83.5638
0.275,0,0,125,-83.5652
0.3,0,0,125,-83.5667
0.325,0,0,125,-83.5681
0.35,0,0,125,-83.5695
0.375,0,0,125,-83.5709
0.4,0,0,125,-83.5723
0.425,0,0,125,-83.5737
0.45,0,0,125,-83.575
0.475,0,0,125,-83.5763
0.5,0,0,125,-83.5776
0.525,0,0,125,-83.5789
0.55,0,0,125,-83.5802
0.575,0,0,125,-83.5815
0.6,0,0,125,-83.5827
0.625,0,0,125,-83.584
0.65,0,0,125,-83.5852
0.675,0,0,125,-83.5865
0.7,0,0,125,-83.5877
0.725,0,0,125,-83.5889
0.75,0,0,125,-83.5901
0.775,0,0,125,-83.5913
0.8,0,0,125,-83.5925
0.825,0,0,125,-83.5936
0.85,0,0,125,-83.5948
0.875,0,0,125,-83.596
0.9,0,0,125,-83.5972
0.925,0,0,125,-83.5985
0.95,0,0,125,-83.5997
0.975,0,0,125,-83.6009
1,0,0,125,-83.6022
1.025,0,0,125,-83.6035
1.05,0,0,125,-83.6048
1.075,0,0,125,-83.6061
1.1,0,0,125,-83.6074
1.125,0,0,125,-83.6088
1.15,0,0,125,-83.6101
1.175,0,0,125,-83.6115
1.2,0,0,125,-83.6129
1.225,0,0,125,-83.6142
1.25,0,0,125,-83.6156
1.275,0,0,125,-83.617
1.3,0,0,125,-83.6185
1.325,0,0,125,-83.6199
1.35,0,0,125,-83.6215
1.375,0,0,125,-83.623
1.4,0,0,125,-83.6246
1.425,0,0,125,-83.6262
1.45,0,0,125,-83.6279
1.475,0,0,125,-83.6296
1.5,0,0,125,-83.6313
1.525,0,0,125,-83.6331
1.55,0,0,125,-83.6349
1.575,0,0,125,-83.6367
1.6,0,0,125,-83.6386
1.625,0,0,125,-83.6405
1.65,0,0,125,-83.6424
1.675,0,0,125,-83.6444
1.7,0,0,125,-83.6464
1.725,0,0,125,-83.6485
1.75,0,0,125,-83.6506
1.775,0,0,125,-83.6528
1.8,0,0,125,-83.655
1.825,0,0,125,-83.6573
1.85,0,0,125,-83.6596
1.875,0,0,125,-83.6621
1.9,0,0,125,-83.6645
1.925,0,0,125,-83.6671
1.95,0,0,125,-83.6696
1.975,0,0,125,-83.6723
2,0,0,125,-83.675
2.025,0,0,125,-83.6778
2.05,0,0,125,-83.6807
2.075,0,0,125,-83.6837
2.1,0,0,125,-83.6867
2.125,0,0,125,-83.6898
2.15,0,0,125,-83.6929
2.175,0,0,125,-83.6961
2.2,0,0,125,-83.6994
2.225,0,0,125,-83.7028
2.25,0,0,125,-83.7062
2.275,0,0,125,-83.7097
2.3,0,0,125,-83.7132
2.325,0,0,125,-83.7169
2.35,0,0,125,-83.7206
2.375,0,0,125,-83.7244
2.4,0,0,125,-83.7283
2.425,0,0,125,-83.7323
2.45,0,0,125,-83.7364
2.475,0,0,125,-83.7405
2.5,0,0,125,-83.7448
2.525,0,0,125,-83.7491
2.55,0,0,125,-83.7535
2.575,0,0,125,-83.758
2.6,0,0,125,-83.7626
2.625,0,0,125,-83.7673
2.65,0,0,125,-83.772
2.675,0,0,125,-83.7767
2.7,0,0,125,-83.7816
2.725,0,0,125,-83.7864
2.75,0,0,125,-83.7914
2.775,0,0,125,-83.7964
2.8,0,0,125,-83.8014
2.825,0,0,125,-83.8065
2.85,0,0,125,-83.8116
2.875,0,0,125,-83.8167
2.9,0,0,125,-83.8219
2.925,0,0,125,-83.8272
2.95,0,0,125,-83.8324
2.975,0,0,125,-83.8376
3,0,0,125,-83.8429
3.025,0,0,125,-83.8482
3.05,0,0,125,-83.8534
3.075,0,0,125,-83.8587
3.1,0,0,125,-83.864
3.125,0,0,125,-83.8693
3.15,0,0,125,-83.8745
3.175,0,0,125,-83.8798
3.2,0,0,125,-83.885
3.225,0,0,125,-83.8902
3.25,0,0,125,-83.8954
3.275,0,0,125,-83.9005
3.3,0,0,125,-83.9056
3.325,0,0,125,-83.9107
3.35,0,0,125,-83.9156
3.375,0,0,125,-83.9206
3.4,0,0,125,-83.9254
3.425,0,0,125,-83.9302
3.45,0,0,125,-83.935
3.475,0,0,125,-83.9396
3.5,0,0,125,-83.9442
3.525,0,0,125,-83.9487
3.55,0,0,125,-83.953
3.575,0,0,125,-83.9573
3.6,0,0,125,-83.9616
3.625,0,0,125,-83.9657
3.65,0,0,125,-83.9697
3.675,0,0,125,-83.9737
3.7,0,0,125,-83.9775
3.725,0,0,125,-83.9813
3.75,0,0,125,-83.9849
3.775,0,0,125,-83.9885
3.8,0,0,125,-83.992
3.825,0,0,125,-83.9954
3.85,0,0,125,-83.9987
3.875,0,0,125,-84.0019
3.9,0,0,125,-84.005
3.925,0,0,125,-84.008
3.95,0,0,125,-84.0109
3.975,0,0,125,-84.0137
4,0,0,125,-84.0163
4.025,0,0,125,-84.0189
4.05,0,0,125,-84.0214
4.075,0,0,125,-84.0238
4.1,0,0,125,-84.026
4.125,0,0,125,-84.0282
4.15,0,0,125,-84.0302
4.175,0,0,125,-84.0321
4.2,0,0,125,-84.034
4.225,0,0,125,-84.0357
4.25,0,0,125,-84.0374
4.275,0,0,125,-84.039
4.3,0,0,125,-84.0405
4.325,0,0,125,-84.0419
4.35,0,0,125,-84.0432
4.375,0,0,125,-84.0445
4.4,0,0,125,-84.0456
4.425,0,0,125,-84.0467
4.45,0,0,125,-84.0477
4.475,0,0,125,-84.0486
4.5,0,0,125,-84.0495
4.525,0,0,125,-84.0503
4.55,0,0,125,-84.051
4.575,0,0,125,-84.0517
4.6,0,0,125,-84.0523
4.625,0,0,125,-84.0529
4.65,0,0,125,-84.0534
4.675,0,0,125,-84.0538
4.7,0,0,125,-84.0542
4.725,0,0,125,-84.0545
4.75,0,0,125,-84.0548
4.775,0,0,125,-84.0551
4.8,0,0,125,-84.0553
4.825,0,0,125,-84.0555
4.85,0,0,125,-84.0556
4.875,0,0,125,-84.0557
4.9,0,0,125,-84.0558
4.925,0,0,125,-84.0558
4.95,0,0,125,-84.0559
4.975,0,0,125,-84.0559
5,0,0,125,-84.0559
