0,0,0,125,-29.4181
0.025,0,0,125,-29.4132
0.05,0,0,125,-29.4036
0.075,0,0,125,-29.3894
0.1,0,0,125,-29.3709
0.125,0,0,125,-29.3486
0.15,0,0,125,-29.3227
0.175,0,0,125,-29.2936
0.2,0,0,125,-29.2614
0.225,0,0,125,-29.2264
0.25,0,0,125,-29.1887
0.275,0,0,125,-29.1484
0.3,0,0,125,-29.1056
0.325,0,0,125,-29.0604
0.35,0,0,125,-29.013
0.375,0,0,125,-28.9635
0.4,0,0,125,-28.9118
0.425,0,0,125,-28.8582
0.45,0,0,125,-28.8027
0.475,0,0,125,-28.7454
0.5,0,0,125,-28.6864
0.525,0,0,125,-28.6258
0.55,0,0,125,-28.5637
0.575,0,0,125,-28.5
0.6,0,0,125,-28.4349
0.625,0,0,125,-28.3685
0.65,0,0,125,-28.3008
0.675,0,0,125,-28.2319
0.7,0,0,125,-28.1618
0.725,0,0,125,-28.0907
0.75,0,0,125,-28.0185
0.775,0,0,125,-27.9453
0.8,0,0,125,-27.8711
0.825,0,0,125,-27.7961
0.85,0,0,125,-27.7203
0.875,0,0,125,-27.6436
0.9,0,0,125,-27.5662
0.925,0,0,125,-27.488
0.95,0,0,125,-27.4093
0.975,0,0,125,-27.3298
1,0,0,125,-27.2498
1.025,0,0,125,-27.1692
1.05,0,0,125,-27.0881
1.075,0,0,125,-27.0065
1.1,0,0,125,-26.9245
1.125,0,0,125,-26.842
1.15,0,0,125,-26.7591
1.175,0,0,125,-26.6759
1.2,0,0,125,-26.5923
1.225,0,0,125,-26.5084
1.25,0,0,125,-26.4242
1.275,0,0,125,-26.3397
1.3,0,0,125,-26.255
1.325,0,0,125,-26.17
1.35,0,0,125,-26.0849
1.375,0,0,125,-25.9995
1.4,0,0,125,-25.914
1.425,0,0,125,-25.8283
1.45,0,0,125,-25.7425
1.475,0,0,125,-25.6566
1.5,0,0,125,-25.5706
1.525,0,0,125,-25.4845
1.55,0,0,125,-25.3983
1.575,0,0,125,-25.3121
1.6,0,0,125,-25.2258
1.625,0,0,125,-25.1394
1.65,0,0,125,-25.0531
1.675,0,0,125,-24.9667
1.7,0,0,125,-24.8803
1.725,0,0,125,-24.794
1.75,0,0,125,-24.7076
1.775,0,0,125,-24.6213
1.8,0,0,125,-24.535
1.825,0,0,125,-24.4488
1.85,0,0,125,-24.3626
1.875,0,0,125,-24.2764
1.9,0,0,125,-24.1904
1.925,0,0,125,-24.1044
1.95,0,0,125,-24.0184
1.975,0,0,125,-23.9326
2,0,0,125,-23.8469
2.025,0,0,125,-23.7612
2.05,0,0,125,-23.6757
2.075,0,0,125,-23.5902
2.1,0,0,125,-23.5049
2.125,0,0,125,-23.4197
2.15,0,0,125,-23.3346
2.175,0,0,125,-23.2496
2.2,0,0,125,-23.1648
2.225,0,0,125,-23.0801
2.25,0,0,125,-22.9955
2.275,0,0,125,-22.9111
2.3,0,0,125,-22.8268
2.325,0,0,125,-22.7426
2.35,0,0,125,-22.6586
2.375,0,0,125,-22.5748
2.4,0,0,125,-22.4911
2.425,0,0,125,-22.4076
2.45,0,0,125,-22.3242
2.475,0,0,125,-22.241
2.5,0,0,125,-22.158
2.525,0,0,125,-22.0751
2.55,0,0,125,-21.9924
2.575,0,0,125,-21.9098
2.6,0,0,125,-21.8275
2.625,0,0,125,-21.7453
2.65,0,0,125,-21.6633
2.675,0,0,125,-21.5815
2.7,0,0,125,-21.4998
2.725,0,0,125,-21.4184
2.75,0,0,125,-21.3371
2.775,0,0,125,-21.2561
2.8,0,0,125,-21.1752
2.825,0,0,125,-21.0945
2.85,0,0,125,-21.014
2.875,0,0,125,-20.9337
2.9,0,0,125,-20.8536
2.925,0,0,125,-20.7737
2.95,0,0,125,-20.694
2.975,0,0,125,-20.6145
3,0,0,125,-20.5352
3.025,0,0,125,-20.4561
3.05,0,0,125,-20.3772
3.075,0,0,125,-20.2986
3.1,0,0,125,-20.2201
3.125,0,0,125,-20.1419
3.15,0,0,125,-20.0639
3.175,0,0,125,-19.9861
3.2,0,0,125,-19.9086
3.225,0,0,125,-19.8313
3.25,0,0,125,-19.7542
3.275,0,0,125,-19.6774
3.3,0,0,125,-19.6008
3.325,0,0,125,-19.5244
3.35,0,0,125,-19.4483
3.375,0,0,125,-19.3725
3.4,0,0,125,-19.2969
3.425,0,0,125,-19.2215
3.45,0,0,125,-19.1465
3.475,0,0,125,-19.0717
3.5,0,0,125,-18.9972
3.525,0,0,125,-18.923
3.55,0,0,125,-18.8491
3.575,0,0,125,-18.7756
3.6,0,0,125,-18.7023
3.625,0,0,125,-18.6293
3.65,0,0,125,-18.5567
3.675,0,0,125,-18.4844
3.7,0,0,125,-18.4125
3.725,0,0,125,-18.3409
3.75,0,0,125,-18.2697
3.775,0,0,125,-18.1989
3.8,0,0,125,-18.1285
3.825,0,0,125,-18.0585
3.85,0,0,125,-17.9889
3.875,0,0,125,-17.9198
3.9,0,0,125,-17.8512
3.925,0,0,125,-17.783
3.95,0,0,125,-17.7153
3.975,0,0,125,-17.6482
4,0,0,125,-17.5816
4.025,0,0,125,-17.5155
4.05,0,0,125,-17.45
4.075,0,0,125,-17.3852
4.1,0,0,125,-17.3209
4.125,0,0,125,-17.2574
4.15,0,0,125,-17.1945
4.175,0,0,125,-17.1324
4.2,0,0,125,-17.071
4.225,0,0,125,-17.0104
4.25,0,0,125,-16.9506
4.275,0,0,125,-16.8917
4.3,0,0,125,-16.8338
4.325,0,0,125,-16.7768
4.35,0,0,125,-16.7208
4.375,0,0,125,-16.6658
4.4,0,0,125,-16.612
4.425,0,0,125,-16.5593
4.45,0,0,125,-16.5079
4.475,0,0,125,-16.4577
4.5,0,0,125,-16.4089
4.525,0,0,125,-16.3615
4.55,0,0,125,-16.3156
4.575,0,0,125,-16.2712
4.6,0,0,125,-16.2285
4.625,0,0,125,-16.1876
4.65,0,0,125,-16.1484
4.675,0,0,125,-16.1111
4.7,0,0,125,-16.0759
4.725,0,0,125,-16.0427
4.75,0,0,125,-16.0117
4.775,0,0,125,-15.983
4.8,0,0,125,-15.9567
4.825,0,0,125,-15.9329
4.85,0,0,125,-15.9117
4.875,0,0,125,-15.8933
4.9,0,0,125,-15.8776
4.925,0,0,125,-15.865
4.95,0,0,125,-15.8553
4.975,0,0,125,-15.8489
5,0,0,125,-15.8456
