0,0,0,125,-84.2945
0.025,0,0,125,-84.2945
0.05,0,0,125,-84.2947
0.075,0,0,125,-84.2949
0.1,0,0,125,-84.2952
0.125,0,0,125,-84.2956
0.15,0,0,125,-84.2959
0.175,0,0,125,-84.2963
0.2,0,0,125,-84.2967
0.225,0,0,125,-84.2971
0.25,0,0,125,-84.2975
0.275,0,0,125,-84.2979
0.3,0,0,125,-84.2983
0.325,0,0,125,-84.2987
0.35,0,0,125,-84.2992
0.375,0,0,125,-84.2996
0.4,0,0,125,-84.3
0.425,0,0,125,-84.3004
0.45,0,0,125,-84.3008
0.475,0,0,125,-84.3012
0.5,0,0,125,-84.3016
0.525,0,0,125,-84.302
0.55,0,0,125,-84.3024
0.575,0,0,125,-84.3027
0.6,0,0,125,-84.3031
0.625,0,0,125,-84.3034
0.65,0,0,125,-84.3037
0.675,0,0,125,-84.3041
0.7,0,0,125,-84.3044
0.725,0,0,125,-84.3047
0.75,0,0,125,-84.3051
0.775,0,0,125,-84.3054
0.8,0,0,125,-84.3057
0.825,0,0,125,-84.3061
0.85,0,0,125,-84.3064
0.875,0,0,125,-84.3068
0.9,0,0,125,-84.3072
0.925,0,0,125,-84.3075
0.95,0,0,125,-84.3079
0.975,0,0,125,-84.3083
1,0,0,125,-84.3087
1.025,0,0,125,-84.3091
1.05,0,0,125,-84.3096
1.075,0,0,125,-84.31
1.1,0,0,125,-84.3104
1.125,0,0,125,-84.3109
1.15,0,0,125,-84.3113
1.175,0,0,125,-84.3118
1.2,0,0,125,-84.3123
1.225,0,0,125,-84.3128
1.25,0,0,125,-84.3133
1.275,0,0,125,-84.3138
1.3,0,0,125,-84.3143
1.325,0,0,125,-84.3148
1.35,0,0,125,-84.3154
1.375,0,0,125,-84.3159
1.4,0,0,125,-84.3165
1.425,0,0,125,-84.317
1.45,0,0,125,-84.3175
1.475,0,0,125,-84.318
1.5,0,0,125,-84.3185
1.525,0,0,125,-84.3191
1.55,0,0,125,-84.3196
1.575,0,0,125,-84.3202
1.6,0,0,125,-84.3208
1.625,0,0,125,-84.3214
1.65,0,0,125,-84.322
1.675,0,0,125,-84.3227
1.7,0,0,125,-84.3233
1.725,0,0,125,-84.324
1.75,0,0,125,-84.3247
1.775,0,0,125,-84.3254
1.8,0,0,125,-84.3261
1.825,0,0,125,-84.3268
1.85,0,0,125,-84.3275
1.875,0,0,125,-84.3283
1.9,0,0,125,-84.3291
1.925,0,0,125,-84.3299
1.95,0,0,125,-84.3307
1.975,0,0,125,-84.3315
2,0,0,125,-84.3323
2.025,0,0,125,-84.3332
2.05,0,0,125,-84.334
2.075,0,0,125,-84.3349
2.1,0,0,125,-84.3358
2.125,0,0,125,-84.3367
2.15,0,0,125,-84.3376
2.175,0,0,125,-84.3386
2.2,0,0,125,-84.3395
2.225,0,0,125,-84.3405
2.25,0,0,125,-84.3415
2.275,0,0,125,-84.3425
2.3,0,0,125,-84.3435
2.325,0,0,125,-84.3446
2.35,0,0,125,-84.3457
2.375,0,0,125,-84.3468
2.4,0,0,125,-84.3479
2.425,0,0,125,-84.3491
2.45,0,0,125,-84.3503
2.475,0,0,125,-84.3515
2.5,0,0,125,-84.3527
2.525,0,0,125,-84.354
2.55,0,0,125,-84.3553
2.575,0,0,125,-84.3566
2.6,0,0,125,-84.3579
2.625,0,0,125,-84.3592
2.65,0,0,125,-84.3606
2.675,0,0,125,-84.3619
2.7,0,0,125,-84.3633
2.725,0,0,125,-84.3646
2.75,0,0,125,-84.366
2.775,0,0,125,-84.3674
2.8,0,0,125,-84.3688
2.825,0,0,125,-84.3702
2.85,0,0,125,-84.3716
2.875,0,0,125,-84.373
2.9,0,0,125,-84.3744
2.925,0,0,125,-84.3759
2.95,0,0,125,-84.3773
2.975,0,0,125,-84.3788
3,0,0,125,-84.3803
3.025,0,0,125,-84.3817
3.05,0,0,125,-84.3832
3.075,0,0,125,-84.3847
3.1,0,0,125,-84.3862
3.125,0,0,125,-84.3878
3.15,0,0,125,-84.3893
3.175,0,0,125,-84.3908
3.2,0,0,125,-84.3924
3.225,0,0,125,-84.3939
3.25,0,0,125,-84.3954
3.275,0,0,125,-84.3969
3.3,0,0,125,-84.3984
3.325,0,0,125,-84.3998
3.35,0,0,125,-84.4013
3.375,0,0,125,-84.4027
3.4,0,0,125,-84.4041
3.425,0,0,125,-84.4055
3.45,0,0,125,-84.4069
3.475,0,0,125,-84.4083
3.5,0,0,125,-84.4096
3.525,0,0,125,-84.411
3.55,0,0,125,-84.4123
3.575,0,0,125,-84.4135
3.6,0,0,125,-84.4148
3.625,0,0,125,-84.416
3.65,0,0,125,-84.4171
3.675,0,0,125,-84.4183
3.7,0,0,125,-84.4194
3.725,0,0,125,-84.4204
3.75,0,0,125,-84.4214
3.775,0,0,125,-84.4224
3.8,0,0,125,-84.4234
3.825,0,0,125,-84.4243
3.85,0,0,125,-84.4252
3.875,0,0,125,-84.426
3.9,0,0,125,-84.4269
3.925,0,0,125,-84.4276
3.95,0,0,125,-84.4284
3.975,0,0,125,-84.4291
4,0,0,125,-84.4298
4.025,0,0,125,-84.4305
4.05,0,0,125,-84.4311
4.075,0,0,125,-84.4317
4.1,0,0,125,-84.4323
4.125,0,0,125,-84.4328
4.15,0,0,125,-84.4333
4.175,0,0,125,-84.4338
4.2,0,0,125,-84.4342
4.225,0,0,125,-84.4347
4.25,0,0,125,-84.4351
4.275,0,0,125,-84.4354
4.3,0,0,125,-84.4358
4.325,0,0,125,-84.4361
4.35,0,0,125,-84.4364
4.375,0,0,125,-84.4367
4.4,0,0,125,-84.437
4.425,0,0,125,-84.4372
4.45,0,0,125,-84.4375
4.475,0,0,125,-84.4377
4.5,0,0,125,-84.4379
4.525,0,0,125,-84.4381
4.55,0,0,125,-84.4383
4.575,0,0,125,-84.4385
4.6,0,0,125,-84.4387
4.625,0,0,125,-84.4388
4.65,0,0,125,-84.439
4.675,0,0,125,-84.4391
4.7,0,0,125,-84.4392
4.725,0,0,125,-84.4394
4.75,0,0,125,-84.4395
4.775,0,0,125,-84.4396
4.8,0,0,125,-84.4397
4.825,0,0,125,-84.4397
4.85,0,0,125,-84.4398
4.875,0,0,125,-84.4399
4.9,0,0,125,-84.4399
4.925,0,0,125,-84.44
4.95,0,0,125,-84.44
4.975,0,0,125,-84.44
5,0,0,125,-84.44
