0,0,0,125,-83.1309
0.025,0,0,125,-83.1314
0.05,0,0,125,-83.1324
0.075,0,0,125,-83.1337
0.1,0,0,125,-83.1354
0.125,0,0,125,-83.1372
0.15,0,0,125,-83.1392
0.175,0,0,125,-83.1411
0.2,0,0,125,-83.143
0.225,0,0,125,-83.1448
0.25,0,0,125,-83.1465
0.275,0,0,125,-83.148
0.3,0,0,125,-83.1493
0.325,0,0,125,-83.1503
0.35,0,0,125,-83.1511
0.375,0,0,125,-83.1516
0.4,0,0,125,-83.1519
0.425,0,0,125,-83.1518
0.45,0,0,125,-83.1513
0.475,0,0,125,-83.1505
0.5,0,0,125,-83.1493
0.525,0,0,125,-83.1476
0.55,0,0,125,-83.1454
0.575,0,0,125,-83.1428
0.6,0,0,125,-83.1396
0.625,0,0,125,-83.1358
0.65,0,0,125,-83.1314
0.675,0,0,125,-83.1264
0.7,0,0,125,-83.1207
0.725,0,0,125,-83.1143
0.75,0,0,125,-83.107
0.775,0,0,125,-83.0989
0.8,0,0,125,-83.0899
0.825,0,0,125,-83.0799
0.85,0,0,125,-83.0688
0.875,0,0,125,-83.0565
0.9,0,0,125,-83.043
0.925,0,0,125,-83.0282
0.95,0,0,125,-83.0119
0.975,0,0,125,-82.9941
1,0,0,125,-82.9745
1.025,0,0,125,-82.9531
1.05,0,0,125,-82.9297
1.075,0,0,125,-82.9041
1.1,0,0,125,-82.8762
1.125,0,0,125,-82.8456
1.15,0,0,125,-82.8123
1.175,0,0,125,-82.7759
1.2,0,0,125,-82.7361
1.225,0,0,125,-82.6927
1.25,0,0,125,-82.6453
1.275,0,0,125,-82.5936
1.3,0,0,125,-82.5371
1.325,0,0,125,-82.4755
1.35,0,0,125,-82.4081
1.375,0,0,125,-82.3346
1.4,0,0,125,-82.2542
1.425,0,0,125,-82.1664
1.45,0,0,125,-82.0705
1.475,0,0,125,-81.9656
1.5,0,0,125,-81.851
1.525,0,0,125,-81.7258
1.55,0,0,125,-81.5888
1.575,0,0,125,-81.4391
1.6,0,0,125,-81.2754
1.625,0,0,125,-81.0965
1.65,0,0,125,-80.9009
1.675,0,0,125,-80.6871
1.7,0,0,125,-80.4535
1.725,0,0,125,-80.1984
1.75,0,0,125,-79.9198
1.775,0,0,125,-79.6158
1.8,0,0,125,-79.2843
1.825,0,0,125,-78.923
1.85,0,0,125,-78.5297
1.875,0,0,125,-78.102
1.9,0,0,125,-77.6375
1.925,0,0,125,-77.1338
1.95,0,0,125,-76.5883
1.975,0,0,125,-75.9988
2,0,0,125,-75.363
2.025,0,0,125,-74.6788
2.05,0,0,125,-73.9443
2.075,0,0,125,-73.158
2.1,0,0,125,-72.3186
2.125,0,0,125,-71.4254
2.15,0,0,125,-70.4781
2.175,0,0,125,-69.477
2.2,0,0,125,-68.4228
2.225,0,0,125,-67.3172
2.25,0,0,125,-66.1622
2.275,0,0,125,-64.9605
2.3,0,0,125,-63.7156
2.325,0,0,125,-62.4315
2.35,0,0,125,-61.1126
2.375,0,0,125,-59.7638
2.4,0,0,125,-58.3904
2.425,0,0,125,-56.998
2.45,0,0,125,-55.5921
2.475,0,0,125,-54.1784
2.5,0,0,125,-52.7624
2.525,0,0,125,-51.3497
2.55,0,0,125,-49.9451
2.575,0,0,125,-48.5535
2.6,0,0,125,-47.1793
2.625,0,0,125,-45.8262
2.65,0,0,125,-44.4977
2.675,0,0,125,-43.1965
2.7,0,0,125,-41.9252
2.725,0,0,125,-40.6857
2.75,0,0,125,-39.4793
2.775,0,0,125,-38.3073
2.8,0,0,125,-37.1702
2.825,0,0,125,-36.0685
2.85,0,0,125,-35.0024
2.875,0,0,125,-33.9716
2.9,0,0,125,-32.976
2.925,0,0,125,-32.015
2.95,0,0,125,-31.0881
2.975,0,0,125,-30.1947
3,0,0,125,-29.3341
3.025,0,0,125,-28.5055
3.05,0,0,125,-27.7082
3.075,0,0,125,-26.9413
3.1,0,0,125,-26.204
3.125,0,0,125,-25.4955
3.15,0,0,125,-24.8149
3.175,0,0,125,-24.1615
3.2,0,0,125,-23.5343
3.225,0,0,125,-22.9326
3.25,0,0,125,-22.3554
3.275,0,0,125,-21.802
3.3,0,0,125,-21.2716
3.325,0,0,125,-20.7633
3.35,0,0,125,-20.2764
3.375,0,0,125,-19.81
3.4,0,0,125,-19.3634
3.425,0,0,125,-18.9358
3.45,0,0,125,-18.5265
3.475,0,0,125,-18.1348
3.5,0,0,125,-17.7599
3.525,0,0,125,-17.4012
3.55,0,0,125,-17.0579
3.575,0,0,125,-16.7295
3.6,0,0,125,-16.4153
3.625,0,0,125,-16.1147
3.65,0,0,125,-15.8271
3.675,0,0,125,-15.5519
3.7,0,0,125,-15.2887
3.725,0,0,125,-15.0368
3.75,0,0,125,-14.7958
3.775,0,0,125,-14.5651
3.8,0,0,125,-14.3444
3.825,0,0,125,-14.1332
3.85,0,0,125,-13.931
3.875,0,0,125,-13.7374
3.9,0,0,125,-13.5521
3.925,0,0,125,-13.3748
3.95,0,0,125,-13.205
3.975,0,0,125,-13.0424
4,0,0,125,-12.8867
4.025,0,0,125,-12.7376
4.05,0,0,125,-12.5948
4.075,0,0,125,-12.4581
4.1,0,0,125,-12.3273
4.125,0,0,125,-12.2019
4.15,0,0,125,-12.082
4.175,0,0,125,-11.9671
4.2,0,0,125,-11.8572
4.225,0,0,125,-11.752
4.25,0,0,125,-11.6514
4.275,0,0,125,-11.5552
4.3,0,0,125,-11.4632
4.325,0,0,125,-11.3754
4.35,0,0,125,-11.2915
4.375,0,0,125,-11.2114
4.4,0,0,125,-11.1351
4.425,0,0,125,-11.0624
4.45,0,0,125,-10.9932
4.475,0,0,125,-10.9274
4.5,0,0,125,-10.865
4.525,0,0,125,-10.8059
4.55,0,0,125,-10.75
4.575,0,0,125,-10.6972
4.6,0,0,125,-10.6476
4.625,0,0,125,-10.601
4.65,0,0,125,-10.5575
4.675,0,0,125,-10.517
4.7,0,0,125,-10.4795
4.725,0,0,125,-10.4449
4.75,0,0,125,-10.4133
4.775,0,0,125,-10.3847
4.8,0,0,125,-10.3591
4.825,0,0,125,-10.3364
4.85,0,0,125,-10.3166
4.875,0,0,125,-10.2998
4.9,0,0,125,-10.2859
4.925,0,0,125,-10.2749
4.95,0,0,125,-10.2666
4.975,0,0,125,-10.2612
5,0,0,125,-10.2584
