0,0,0,125,-83.7543
0.025,0,0,125,-83.7545
0.05,0,0,125,-83.755
0.075,0,0,125,-83.7556
0.1,0,0,125,-83.7565
0.125,0,0,125,-83.7574
0.15,0,0,125,-83.7585
0.175,0,0,125,-83.7596
0.2,0,0,125,-83.7607
0.225,0,0,125,-83.7619
0.25,0,0,125,-83.7631
0.275,0,0,125,-83.7643
0.3,0,0,125,-83.7654
0.325,0,0,125,-83.7666
0.35,0,0,125,-83.7678
0.375,0,0,125,-83.7689
0.4,0,0,125,-83.77
0.425,0,0,125,-83.7712
0.45,0,0,125,-83.7722
0.475,0,0,125,-83.7733
0.5,0,0,125,-83.7744
0.525,0,0,125,-83.7754
0.55,0,0,125,-83.7765
0.575,0,0,125,-83.7775
0.6,0,0,125,-83.7785
0.625,0,0,125,-83.7795
0.65,0,0,125,-83.7805
0.675,0,0,125,-83.7814
0.7,0,0,125,-83.7824
0.725,0,0,125,-83.7834
0.75,0,0,125,-83.7843
0.775,0,0,125,-83.7853
0.8,0,0,125,-83.7863
0.825,0,0,125,-83.7873
0.85,0,0,125,-83.7883
0.875,0,0,125,-83.7893
0.9,0,0,125,-83.7904
0.925,0,0,125,-83.7914
0.95,0,0,125,-83.7925
0.975,0,0,125,-83.7935
1,0,0,125,-83.7946
1.025,0,0,125,-83.7957
1.05,0,0,125,-83.7968
1.075,0,0,125,-83.7978
1.1,0,0,125,-83.7989
1.125,0,0,125,-83.8
1.15,0,0,125,-83.8012
1.175,0,0,125,-83.8023
1.2,0,0,125,-83.8035
1.225,0,0,125,-83.8046
1.25,0,0,125,-83.8058
1.275,0,0,125,-83.807
1.3,0,0,125,-83.8083
1.325,0,0,125,-83.8095
1.35,0,0,125,-83.8108
1.375,0,0,125,-83.8121
1.4,0,0,125,-83.8135
1.425,0,0,125,-83.8149
1.45,0,0,125,-83.8163
1.475,0,0,125,-83.8178
1.5,0,0,125,-83.8192
1.525,0,0,125,-83.8207
1.55,0,0,125,-83.8222
1.575,0,0,125,-83.8237
1.6,0,0,125,-83.8253
1.625,0,0,125,-83.8268
1.65,0,0,125,-83.8285
1.675,0,0,125,-83.8301
1.7,0,0,125,-83.8318
1.725,0,0,125,-83.8336
1.75,0,0,125,-83.8353
1.775,0,0,125,-83.8372
1.8,0,0,125,-83.839
1.825,0,0,125,-83.8409
1.85,0,0,125,-83.8428
1.875,0,0,125,-83.8448
1.9,0,0,125,-83.8468
1.925,0,0,125,-83.8488
1.95,0,0,125,-83.8509
1.975,0,0,125,-83.8531
2,0,0,125,-83.8553
2.025,0,0,125,-83.8576
2.05,0,0,125,-83.8599
2.075,0,0,125,-83.8623
2.1,0,0,125,-83.8648
2.125,0,0,125,-83.8673
2.15,0,0,125,-83.8699
2.175,0,0,125,-83.8726
2.2,0,0,125,-83.8753
2.225,0,0,125,-83.878
2.25,0,0,125,-83.8809
2.275,0,0,125,-83.8838
2.3,0,0,125,-83.8867
2.325,0,0,125,-83.8897
2.35,0,0,125,-83.8928
2.375,0,0,125,-83.8959
2.4,0,0,125,-83.8992
2.425,0,0,125,-83.9025
2.45,0,0,125,-83.9058
2.475,0,0,125,-83.9093
2.5,0,0,125,-83.9127
2.525,0,0,125,-83.9163
2.55,0,0,125,-83.9199
2.575,0,0,125,-83.9236
2.6,0,0,125,-83.9273
2.625,0,0,125,-83.9311
2.65,0,0,125,-83.935
2.675,0,0,125,-83.9389
2.7,0,0,125,-83.9428
2.725,0,0,125,-83.9468
2.75,0,0,125,-83.9508
2.775,0,0,125,-83.9548
2.8,0,0,125,-83.9589
2.825,0,0,125,-83.963
2.85,0,0,125,-83.9671
2.875,0,0,125,-83.9713
2.9,0,0,125,-83.9755
2.925,0,0,125,-83.9798
2.95,0,0,125,-83.984
2.975,0,0,125,-83.9883
3,0,0,125,-83.9926
3.025,0,0,125,-83.9969
3.05,0,0,125,-84.0012
3.075,0,0,125,-84.0055
3.1,0,0,125,-84.0098
3.125,0,0,125,-84.0141
3.15,0,0,125,-84.0184
3.175,0,0,125,-84.0227
3.2,0,0,125,-84.027
3.225,0,0,125,-84.0312
3.25,0,0,125,-84.0353
3.275,0,0,125,-84.0395
3.3,0,0,125,-84.0436
3.325,0,0,125,-84.0476
3.35,0,0,125,-84.0517
3.375,0,0,125,-84.0557
3.4,0,0,125,-84.0596
3.425,0,0,125,-84.0635
3.45,0,0,125,-84.0673
3.475,0,0,125,-84.071
3.5,0,0,125,-84.0747
3.525,0,0,125,-84.0783
3.55,0,0,125,-84.0818
3.575,0,0,125,-84.0853
3.6,0,0,125,-84.0887
3.625,0,0,125,-84.092
3.65,0,0,125,-84.0953
3.675,0,0,125,-84.0985
3.7,0,0,125,-84.1017
3.725,0,0,125,-84.1047
3.75,0,0,125,-84.1077
3.775,0,0,125,-84.1107
3.8,0,0,125,-84.1135
3.825,0,0,125,-84.1162
3.85,0,0,125,-84.1189
3.875,0,0,125,-84.1215
3.9,0,0,125,-84.124
3.925,0,0,125,-84.1264
3.95,0,0,125,-84.1287
3.975,0,0,125,-84.1309
4,0,0,125,-84.1331
4.025,0,0,125,-84.1352
4.05,0,0,125,-84.1371
4.075,0,0,125,-84.1391
4.1,0,0,125,-84.1409
4.125,0,0,125,-84.1426
4.15,0,0,125,-84.1442
4.175,0,0,125,-84.1458
4.2,0,0,125,-84.1473
4.225,0,0,125,-84.1487
4.25,0,0,125,-84.15
4.275,0,0,125,-84.1513
4.3,0,0,125,-84.1525
4.325,0,0,125,-84.1536
4.35,0,0,125,-84.1547
4.375,0,0,125,-84.1557
4.4,0,0,125,-84.1566
4.425,0,0,125,-84.1575
4.45,0,0,125,-84.1584
4.475,0,0,125,-84.1591
4.5,0,0,125,-84.1598
4.525,0,0,125,-84.1604
4.55,0,0,125,-84.161
4.575,0,0,125,-84.1615
4.6,0,0,125,-84.162
4.625,0,0,125,-84.1624
4.65,0,0,125,-84.1629
4.675,0,0,125,-84.1632
4.7,0,0,125,-84.1636
4.725,0,0,125,-84.1639
4.75,0,0,125,-84.1641
4.775,0,0,125,-84.1643
4.8,0,0,125,-84.1645
4.825,0,0,125,-84.1646
4.85,0,0,125,-84.1648
4.875,0,0,125,-84.1648
4.9,0,0,125,-84.1649
4.925,0,0,125,-84.165
4.95,0,0,125,-84.165
4.975,0,0,125,-84.165
5,0,0,125,-84.1651
