0,0,0,125,-84.4038
0.025,0,0,125,-84.4038
0.05,0,0,125,-84.404
0.075,0,0,125,-84.4041
0.1,0,0,125,-84.4043
0.125,0,0,125,-84.4045
0.15,0,0,125,-84.4048
0.175,0,0,125,-84.405
0.2,0,0,125,-84.4053
0.225,0,0,125,-84.4056
0.25,0,0,125,-84.4058
0.275,0,0,125,-84.4061
0.3,0,0,125,-84.4064
0.325,0,0,125,-84.4067
0.35,0,0,125,-84.407
0.375,0,0,125,-84.4073
0.4,0,0,125,-84.4076
0.425,0,0,125,-84.4079
0.45,0,0,125,-84.4082
0.475,0,0,125,-84.4084
0.5,0,0,125,-84.4087
0.525,0,0,125,-84.4089
0.55,0,0,125,-84.4092
0.575,0,0,125,-84.4094
0.6,0,0,125,-84.4096
0.625,0,0,125,-84.4099
0.65,0,0,125,-84.4101
0.675,0,0,125,-84.4103
0.7,0,0,125,-84.4105
0.725,0,0,125,-84.4108
0.75,0,0,125,-84.411
0.775,0,0,125,-84.4112
0.8,0,0,125,-84.4114
0.825,0,0,125,-84.4116
0.85,0,0,125,-84.4119
0.875,0,0,125,-84.4121
0.9,0,0,125,-84.4123
0.925,0,0,125,-84.4125
0.95,0,0,125,-84.4128
0.975,0,0,125,-84.413
1,0,0,125,-84.4133
1.025,0,0,125,-84.4135
1.05,0,0,125,-84.4137
1.075,0,0,125,-84.414
1.1,0,0,125,-84.4143
1.125,0,0,125,-84.4145
1.15,0,0,125,-84.4148
1.175,0,0,125,-84.4151
1.2,0,0,125,-84.4154
1.225,0,0,125,-84.4157
1.25,0,0,125,-84.4161
1.275,0,0,125,-84.4163
1.3,0,0,125,-84.4166
1.325,0,0,125,-84.4169
1.35,0,0,125,-84.4172
1.375,0,0,125,-84.4175
1.4,0,0,125,-84.4177
1.425,0,0,125,-84.418
1.45,0,0,125,-84.4183
1.475,0,0,125,-84.4186
1.5,0,0,125,-84.4189
1.525,0,0,125,-84.4192
1.55,0,0,125,-84.4195
1.575,0,0,125,-84.4198
1.6,0,0,125,-84.4202
1.625,0,0,125,-84.4205
1.65,0,0,125,-84.4208
1.675,0,0,125,-84.4211
1.7,0,0,125,-84.4215
1.725,0,0,125,-84.4218
1.75,0,0,125,-84.4222
1.775,0,0,125,-84.4226
1.8,0,0,125,-84.4229
1.825,0,0,125,-84.4233
1.85,0,0,125,-84.4237
1.875,0,0,125,-84.4241
1.9,0,0,125,-84.4245
1.925,0,0,125,-84.425
1.95,0,0,125,-84.4254
1.975,0,0,125,-84.4258
2,0,0,125,-84.4263
2.025,0,0,125,-84.4268
2.05,0,0,125,-84.4273
2.075,0,0,125,-84.4278
2.1,0,0,125,-84.4283
2.125,0,0,125,-84.4288
2.15,0,0,125,-84.4294
2.175,0,0,125,-84.43
2.2,0,0,125,-84.4305
2.225,0,0,125,-84.4311
2.25,0,0,125,-84.4318
2.275,0,0,125,-84.4324
2.3,0,0,125,-84.433
2.325,0,0,125,-84.4337
2.35,0,0,125,-84.4344
2.375,0,0,125,-84.4351
2.4,0,0,125,-84.4358
2.425,0,0,125,-84.4365
2.45,0,0,125,-84.4372
2.475,0,0,125,-84.438
2.5,0,0,125,-84.4387
2.525,0,0,125,-84.4395
2.55,0,0,125,-84.4403
2.575,0,0,125,-84.4411
2.6,0,0,125,-84.4419
2.625,0,0,125,-84.4428
2.65,0,0,125,-84.4436
2.675,0,0,125,-84.4444
2.7,0,0,125,-84.4453
2.725,0,0,125,-84.4461
2.75,0,0,125,-84.447
2.775,0,0,125,-84.4479
2.8,0,0,125,-84.4488
2.825,0,0,125,-84.4497
2.85,0,0,125,-84.4506
2.875,0,0,125,-84.4515
2.9,0,0,125,-84.4525
2.925,0,0,125,-84.4534
2.95,0,0,125,-84.4544
2.975,0,0,125,-84.4554
3,0,0,125,-84.4563
3.025,0,0,125,-84.4573
3.05,0,0,125,-84.4583
3.075,0,0,125,-84.4592
3.1,0,0,125,-84.4602
3.125,0,0,125,-84.4612
3.15,0,0,125,-84.4621
3.175,0,0,125,-84.4631
3.2,0,0,125,-84.464
3.225,0,0,125,-84.4649
3.25,0,0,125,-84.4659
3.275,0,0,125,-84.4668
3.3,0,0,125,-84.4676
3.325,0,0,125,-84.4685
3.35,0,0,125,-84.4694
3.375,0,0,125,-84.4702
3.4,0,0,125,-84.471
3.425,0,0,125,-84.4718
3.45,0,0,125,-84.4726
3.475,0,0,125,-84.4734
3.5,0,0,125,-84.4741
3.525,0,0,125,-84.4749
3.55,0,0,125,-84.4756
3.575,0,0,125,-84.4763
3.6,0,0,125,-84.477
3.625,0,0,125,-84.4777
3.65,0,0,125,-84.4783
3.675,0,0,125,-84.479
3.7,0,0,125,-84.4796
3.725,0,0,125,-84.4802
3.75,0,0,125,-84.4808
3.775,0,0,125,-84.4814
3.8,0,0,125,-84.482
3.825,0,0,125,-84.4825
3.85,0,0,125,-84.4831
3.875,0,0,125,-84.4836
3.9,0,0,125,-84.4841
3.925,0,0,125,-84.4846
3.95,0,0,125,-84.4851
3.975,0,0,125,-84.4856
4,0,0,125,-84.486
4.025,0,0,125,-84.4865
4.05,0,0,125,-84.4869
4.075,0,0,125,-84.4873
4.1,0,0,125,-84.4877
4.125,0,0,125,-84.488
4.15,0,0,125,-84.4884
4.175,0,0,125,-84.4887
4.2,0,0,125,-84.4891
4.225,0,0,125,-84.4894
4.25,0,0,125,-84.4897
4.275,0,0,125,-84.49
4.3,0,0,125,-84.4902
4.325,0,0,125,-84.4905
4.35,0,0,125,-84.4907
4.375,0,0,125,-84.4909
4.4,0,0,125,-84.4911
4.425,0,0,125,-84.4912
4.45,0,0,125,-84.4914
4.475,0,0,125,-84.4916
4.5,0,0,125,-84.4917
4.525,0,0,125,-84.4918
4.55,0,0,125,-84.4919
4.575,0,0,125,-84.4921
4.6,0,0,125,-84.4922
4.625,0,0,125,-84.4923
4.65,0,0,125,-84.4923
4.675,0,0,125,-84.4924
4.7,0,0,125,-84.4925
4.725,0,0,125,-84.4925
4.75,0,0,125,-84.4926
4.775,0,0,125,-84.4926
4.8,0,0,125,-84.4927
4.825,0,0,125,-84.4927
4.85,0,0,125,-84.4927
4.875,0,0,125,-84.4927
4.9,0,0,125,-84.4927
4.925,0,0,125,-84.4927
4.95,0,0,125,-84.4926
4.975,0,0,125,-84.4926
5,0,0,125,-84.4926
