0,0,0,125,6.18203
0.025,0,0,125,6.18604
0.05,0,0,125,6.19389
0.075,0,0,125,6.20523
0.1,0,0,125,6.21952
0.125,0,0,125,6.23613
0.15,0,0,125,6.25448
0.175,0,0,125,6.27405
0.2,0,0,125,6.2945
0.225,0,0,125,6.31561
0.25,0,0,125,6.33718
0.275,0,0,125,6.35905
0.3,0,0,125,6.38108
0.325,0,0,125,6.40312
0.35,0,0,125,6.42504
0.375,0,0,125,6.44674
0.4,0,0,125,6.46808
0.425,0,0,125,6.48898
0.45,0,0,125,6.50933
0.475,0,0,125,6.52904
0.5,0,0,125,6.54801
0.525,0,0,125,6.56616
0.55,0,0,125,6.5834
0.575,0,0,125,6.59967
0.6,0,0,125,6.61487
0.625,0,0,125,6.62894
0.65,0,0,125,6.6418
0.675,0,0,125,6.65338
0.7,0,0,125,6.66361
0.725,0,0,125,6.67241
0.75,0,0,125,6.67971
0.775,0,0,125,6.68544
0.8,0,0,125,6.68953
0.825,0,0,125,6.69191
0.85,0,0,125,6.6925
0.875,0,0,125,6.69123
0.9,0,0,125,6.68802
0.925,0,0,125,6.6828
0.95,0,0,125,6.67549
0.975,0,0,125,6.666
1,0,0,125,6.65427
1.025,0,0,125,6.6402
1.05,0,0,125,6.62371
1.075,0,0,125,6.60472
1.1,0,0,125,6.58314
1.125,0,0,125,6.55887
1.15,0,0,125,6.53182
1.175,0,0,125,6.50191
1.2,0,0,125,6.46903
1.225,0,0,125,6.4331
1.25,0,0,125,6.394
1.275,0,0,125,6.35164
1.3,0,0,125,6.30592
1.325,0,0,125,6.25674
1.35,0,0,125,6.20399
1.375,0,0,125,6.14757
1.4,0,0,125,6.08738
1.425,0,0,125,6.0233
1.45,0,0,125,5.95524
1.475,0,0,125,5.88309
1.5,0,0,125,5.80675
1.525,0,0,125,5.72611
1.55,0,0,125,5.64106
1.575,0,0,125,5.55152
1.6,0,0,125,5.45738
1.625,0,0,125,5.35854
1.65,0,0,125,5.2549
1.675,0,0,125,5.14636
1.7,0,0,125,5.03284
1.725,0,0,125,4.91425
1.75,0,0,125,4.79048
1.775,0,0,125,4.66145
1.8,0,0,125,4.52707
1.825,0,0,125,4.38726
1.85,0,0,125,4.24192
1.875,0,0,125,4.09098
1.9,0,0,125,3.93433
1.925,0,0,125,3.7719
1.95,0,0,125,3.60359
1.975,0,0,125,3.42932
2,0,0,125,3.24899
2.025,0,0,125,3.0625
2.05,0,0,125,2.86976
2.075,0,0,125,2.67066
2.1,0,0,125,2.46511
2.125,0,0,125,2.25299
2.15,0,0,125,2.03418
2.175,0,0,125,1.80858
2.2,0,0,125,1.57606
2.225,0,0,125,1.3365
2.25,0,0,125,1.08976
2.275,0,0,125,0.8357
2.3,0,0,125,0.574191
2.325,0,0,125,0.305082
2.35,0,0,125,0.028226
2.375,0,0,125,-0.256533
2.4,0,0,125,-0.549351
2.425,0,0,125,-0.850389
2.45,0,0,125,-1.15981
2.475,0,0,125,-1.47777
2.5,0,0,125,-1.80445
2.525,0,0,125,-2.14001
2.55,0,0,125,-2.48461
2.575,0,0,125,-2.83842
2.6,0,0,125,-3.2016
2.625,0,0,125,-3.5743
2.65,0,0,125,-3.95668
2.675,0,0,125,-4.34887
2.7,0,0,125,-4.75101
2.725,0,0,125,-5.16322
2.75,0,0,125,-5.58562
2.775,0,0,125,-6.01829
2.8,0,0,125,-6.46132
2.825,0,0,125,-6.91477
2.85,0,0,125,-7.37867
2.875,0,0,125,-7.85304
2.9,0,0,125,-8.33787
2.925,0,0,125,-8.83313
2.95,0,0,125,-9.33874
2.975,0,0,125,-9.85461
3,0,0,125,-10.3806
3.025,0,0,125,-10.9166
3.05,0,0,125,-11.4623
3.075,0,0,125,-12.0175
3.1,0,0,125,-12.582
3.125,0,0,125,-13.1554
3.15,0,0,125,-13.7373
3.175,0,0,125,-14.3274
3.2,0,0,125,-14.9252
3.225,0,0,125,-15.5302
3.25,0,0,125,-16.1419
3.275,0,0,125,-16.7598
3.3,0,0,125,-17.3832
3.325,0,0,125,-18.0116
3.35,0,0,125,-18.6442
3.375,0,0,125,-19.2804
3.4,0,0,125,-19.9195
3.425,0,0,125,-20.5607
3.45,0,0,125,-21.2034
3.475,0,0,125,-21.8468
3.5,0,0,125,-22.49
3.525,0,0,125,-23.1324
3.55,0,0,125,-23.7732
3.575,0,0,125,-24.4116
3.6,0,0,125,-25.0469
3.625,0,0,125,-25.6784
3.65,0,0,125,-26.3052
3.675,0,0,125,-26.9267
3.7,0,0,125,-27.5422
3.725,0,0,125,-28.1511
3.75,0,0,125,-28.7526
3.775,0,0,125,-29.3461
3.8,0,0,125,-29.931
3.825,0,0,125,-30.5066
3.85,0,0,125,-31.0725
3.875,0,0,125,-31.6281
3.9,0,0,125,-32.1728
3.925,0,0,125,-32.706
3.95,0,0,125,-33.2274
3.975,0,0,125,-33.7364
4,0,0,125,-34.2327
4.025,0,0,125,-34.7157
4.05,0,0,125,-35.1851
4.075,0,0,125,-35.6406
4.1,0,0,125,-36.0818
4.125,0,0,125,-36.5084
4.15,0,0,125,-36.9202
4.175,0,0,125,-37.317
4.2,0,0,125,-37.6985
4.225,0,0,125,-38.0647
4.25,0,0,125,-38.4154
4.275,0,0,125,-38.7506
4.3,0,0,125,-39.0702
4.325,0,0,125,-39.3743
4.35,0,0,125,-39.663
4.375,0,0,125,-39.9364
4.4,0,0,125,-40.1946
4.425,0,0,125,-40.4378
4.45,0,0,125,-40.6663
4.475,0,0,125,-40.8803
4.5,0,0,125,-41.0802
4.525,0,0,125,-41.2663
4.55,0,0,125,-41.439
4.575,0,0,125,-41.5987
4.6,0,0,125,-41.7458
4.625,0,0,125,-41.8809
4.65,0,0,125,-42.0043
4.675,0,0,125,-42.1166
4.7,0,0,125,-42.2184
4.725,0,0,125,-42.31
4.75,0,0,125,-42.392
4.775,0,0,125,-42.4649
4.8,0,0,125,-42.5291
4.825,0,0,125,-42.5851
4.85,0,0,125,-42.6333
4.875,0,0,125,-42.674
4.9,0,0,125,-42.7075
4.925,0,0,125,-42.734
4.95,0,0,125,-42.7537
4.975,0,0,125,-42.7668
5,0,0,125,-42.7733
