0,0,0,125,-79.7684
0.025,0,0,125,-79.7672
0.05,0,0,125,-79.7648
0.075,0,0,125,-79.7612
0.1,0,0,125,-79.7563
0.125,0,0,125,-79.7501
0.15,0,0,125,-79.7426
0.175,0,0,125,-79.7338
0.2,0,0,125,-79.7236
0.225,0,0,125,-79.7121
0.25,0,0,125,-79.6992
0.275,0,0,125,-79.685
0.3,0,0,125,-79.6695
0.325,0,0,125,-79.6526
0.35,0,0,125,-79.6344
0.375,0,0,125,-79.6149
0.4,0,0,125,-79.5941
0.425,0,0,125,-79.572
0.45,0,0,125,-79.5486
0.475,0,0,125,-79.524
0.5,0,0,125,-79.498
0.525,0,0,125,-79.4708
0.55,0,0,125,-79.4423
0.575,0,0,125,-79.4126
0.6,0,0,125,-79.3816
0.625,0,0,125,-79.3494
0.65,0,0,125,-79.3159
0.675,0,0,125,-79.2812
0.7,0,0,125,-79.2453
0.725,0,0,125,-79.2081
0.75,0,0,125,-79.1697
0.775,0,0,125,-79.1301
0.8,0,0,125,-79.0892
0.825,0,0,125,-79.0471
0.85,0,0,125,-79.0037
0.875,0,0,125,-78.9592
0.9,0,0,125,-78.9134
0.925,0,0,125,-78.8663
0.95,0,0,125,-78.8181
0.975,0,0,125,-78.7686
1,0,0,125,-78.7178
1.025,0,0,125,-78.6658
1.05,0,0,125,-78.6126
1.075,0,0,125,-78.5581
1.1,0,0,125,-78.5024
1.125,0,0,125,-78.4454
1.15,0,0,125,-78.3871
1.175,0,0,125,-78.3276
1.2,0,0,125,-78.2668
1.225,0,0,125,-78.2047
1.25,0,0,125,-78.1413
1.275,0,0,125,-78.0767
1.3,0,0,125,-78.0108
1.325,0,0,125,-77.9435
1.35,0,0,125,-77.875
1.375,0,0,125,-77.8052
1.4,0,0,125,-77.734
1.425,0,0,125,-77.6616
1.45,0,0,125,-77.5878
1.475,0,0,125,-77.5127
1.5,0,0,125,-77.4363
1.525,0,0,125,-77.3585
1.55,0,0,125,-77.2794
1.575,0,0,125,-77.1989
1.6,0,0,125,-77.1171
1.625,0,0,125,-77.0339
1.65,0,0,125,-76.9494
1.675,0,0,125,-76.8634
1.7,0,0,125,-76.7762
1.725,0,0,125,-76.6875
1.75,0,0,125,-76.5975
1.775,0,0,125,-76.506
1.8,0,0,125,-76.4132
1.825,0,0,125,-76.319
1.85,0,0,125,-76.2234
1.875,0,0,125,-76.1264
1.9,0,0,125,-76.028
1.925,0,0,125,-75.9282
1.95,0,0,125,-75.827
1.975,0,0,125,-75.7244
2,0,0,125,-75.6204
2.025,0,0,125,-75.515
2.05,0,0,125,-75.4081
2.075,0,0,125,-75.2999
2.1,0,0,125,-75.1902
2.125,0,0,125,-75.0792
2.15,0,0,125,-74.9667
2.175,0,0,125,-74.8529
2.2,0,0,125,-74.7376
2.225,0,0,125,-74.6209
2.25,0,0,125,-74.5029
2.275,0,0,125,-74.3834
2.3,0,0,125,-74.2626
2.325,0,0,125,-74.1404
2.35,0,0,125,-74.0168
2.375,0,0,125,-73.8918
2.4,0,0,125,-73.7655
2.425,0,0,125,-73.6379
2.45,0,0,125,-73.5089
2.475,0,0,125,-73.3786
2.5,0,0,125,-73.2469
2.525,0,0,125,-73.114
2.55,0,0,125,-72.9797
2.575,0,0,125,-72.8442
2.6,0,0,125,-72.7074
2.625,0,0,125,-72.5694
2.65,0,0,125,-72.4301
2.675,0,0,125,-72.2896
2.7,0,0,125,-72.1479
2.725,0,0,125,-72.005
2.75,0,0,125,-71.8609
2.775,0,0,125,-71.7157
2.8,0,0,125,-71.5694
2.825,0,0,125,-71.4219
2.85,0,0,125,-71.2734
2.875,0,0,125,-71.1238
2.9,0,0,125,-70.9732
2.925,0,0,125,-70.8216
2.95,0,0,125,-70.6691
2.975,0,0,125,-70.5156
3,0,0,125,-70.3612
3.025,0,0,125,-70.2058
3.05,0,0,125,-70.0497
3.075,0,0,125,-69.8927
3.1,0,0,125,-69.7349
3.125,0,0,125,-69.5765
3.15,0,0,125,-69.4172
3.175,0,0,125,-69.2574
3.2,0,0,125,-69.0969
3.225,0,0,125,-68.9358
3.25,0,0,125,-68.7742
3.275,0,0,125,-68.612
3.3,0,0,125,-68.4495
3.325,0,0,125,-68.2865
3.35,0,0,125,-68.1232
3.375,0,0,125,-67.9596
3.4,0,0,125,-67.7957
3.425,0,0,125,-67.6316
3.45,0,0,125,-67.4674
3.475,0,0,125,-67.3031
3.5,0,0,125,-67.1387
3.525,0,0,125,-66.9744
3.55,0,0,125,-66.8102
3.575,0,0,125,-66.6462
3.6,0,0,125,-66.4824
3.625,0,0,125,-66.3188
3.65,0,0,125,-66.1557
3.675,0,0,125,-65.9929
3.7,0,0,125,-65.8307
3.725,0,0,125,-65.669
3.75,0,0,125,-65.508
3.775,0,0,125,-65.3477
3.8,0,0,125,-65.1882
3.825,0,0,125,-65.0296
3.85,0,0,125,-64.8719
3.875,0,0,125,-64.7153
3.9,0,0,125,-64.5599
3.925,0,0,125,-64.4056
3.95,0,0,125,-64.2527
3.975,0,0,125,-64.1012
4,0,0,125,-63.9512
4.025,0,0,125,-63.8028
4.05,0,0,125,-63.656
4.075,0,0,125,-63.5111
4.1,0,0,125,-63.368
4.125,0,0,125,-63.2269
4.15,0,0,125,-63.0879
4.175,0,0,125,-62.9511
4.2,0,0,125,-62.8165
4.225,0,0,125,-62.6844
4.25,0,0,125,-62.5548
4.275,0,0,125,-62.4277
4.3,0,0,125,-62.3035
4.325,0,0,125,-62.182
4.35,0,0,125,-62.0635
4.375,0,0,125,-61.948
4.4,0,0,125,-61.8358
4.425,0,0,125,-61.7268
4.45,0,0,125,-61.6211
4.475,0,0,125,-61.5191
4.5,0,0,125,-61.4206
4.525,0,0,125,-61.3258
4.55,0,0,125,-61.2349
4.575,0,0,125,-61.148
4.6,0,0,125,-61.0651
4.625,0,0,125,-60.9864
4.65,0,0,125,-60.912
4.675,0,0,125,-60.842
4.7,0,0,125,-60.7765
4.725,0,0,125,-60.7155
4.75,0,0,125,-60.6593
4.775,0,0,125,-60.6078
4.8,0,0,125,-60.5611
4.825,0,0,125,-60.5194
4.85,0,0,125,-60.4828
4.875,0,0,125,-60.4512
4.9,0,0,125,-60.4248
4.925,0,0,125,-60.4036
4.95,0,0,125,-60.3876
4.975,0,0,125,-60.3769
5,0,0,125,-60.3716
