0,0,0,125,-83.4085
0.025,0,0,125,-83.4088
0.05,0,0,125,-83.4095
0.075,0,0,125,-83.4104
0.1,0,0,125,-83.4115
0.125,0,0,125,-83.4129
0.15,0,0,125,-83.4143
0.175,0,0,125,-83.4159
0.2,0,0,125,-83.4175
0.225,0,0,125,-83.4191
0.25,0,0,125,-83.4207
0.275,0,0,125,-83.4223
0.3,0,0,125,-83.4239
0.325,0,0,125,-83.4255
0.35,0,0,125,-83.4271
0.375,0,0,125,-83.4287
0.4,0,0,125,-83.4302
0.425,0,0,125,-83.4317
0.45,0,0,125,-83.4333
0.475,0,0,125,-83.4348
0.5,0,0,125,-83.4363
0.525,0,0,125,-83.4377
0.55,0,0,125,-83.4392
0.575,0,0,125,-83.4406
0.6,0,0,125,-83.442
0.625,0,0,125,-83.4434
0.65,0,0,125,-83.4448
0.675,0,0,125,-83.4462
0.7,0,0,125,-83.4476
0.725,0,0,125,-83.4489
0.75,0,0,125,-83.4503
0.775,0,0,125,-83.4517
0.8,0,0,125,-83.453
0.825,0,0,125,-83.4543
0.85,0,0,125,-83.4556
0.875,0,0,125,-83.457
0.9,0,0,125,-83.4583
0.925,0,0,125,-83.4597
0.95,0,0,125,-83.4611
0.975,0,0,125,-83.4625
1,0,0,125,-83.4639
1.025,0,0,125,-83.4653
1.05,0,0,125,-83.4668
1.075,0,0,125,-83.4682
1.1,0,0,125,-83.4697
1.125,0,0,125,-83.4712
1.15,0,0,125,-83.4727
1.175,0,0,125,-83.4742
1.2,0,0,125,-83.4757
1.225,0,0,125,-83.4772
1.25,0,0,125,-83.4788
1.275,0,0,125,-83.4804
1.3,0,0,125,-83.482
1.325,0,0,125,-83.4837
1.35,0,0,125,-83.4854
1.375,0,0,125,-83.4872
1.4,0,0,125,-83.4889
1.425,0,0,125,-83.4908
1.45,0,0,125,-83.4926
1.475,0,0,125,-83.4945
1.5,0,0,125,-83.4964
1.525,0,0,125,-83.4984
1.55,0,0,125,-83.5004
1.575,0,0,125,-83.5024
1.6,0,0,125,-83.5045
1.625,0,0,125,-83.5066
1.65,0,0,125,-83.5088
1.675,0,0,125,-83.511
1.7,0,0,125,-83.5132
1.725,0,0,125,-83.5155
1.75,0,0,125,-83.5179
1.775,0,0,125,-83.5203
1.8,0,0,125,-83.5228
1.825,0,0,125,-83.5253
1.85,0,0,125,-83.5279
1.875,0,0,125,-83.5306
1.9,0,0,125,-83.5333
1.925,0,0,125,-83.5361
1.95,0,0,125,-83.539
1.975,0,0,125,-83.5419
2,0,0,125,-83.545
2.025,0,0,125,-83.5481
2.05,0,0,125,-83.5513
2.075,0,0,125,-83.5546
2.1,0,0,125,-83.558
2.125,0,0,125,-83.5614
2.15,0,0,125,-83.5649
2.175,0,0,125,-83.5685
2.2,0,0,125,-83.5722
2.225,0,0,125,-83.5759
2.25,0,0,125,-83.5798
2.275,0,0,125,-83.5838
2.3,0,0,125,-83.5878
2.325,0,0,125,-83.5919
2.35,0,0,125,-83.5962
2.375,0,0,125,-83.6005
2.4,0,0,125,-83.6049
2.425,0,0,125,-83.6094
2.45,0,0,125,-83.614
2.475,0,0,125,-83.6186
2.5,0,0,125,-83.6234
2.525,0,0,125,-83.6282
2.55,0,0,125,-83.6332
2.575,0,0,125,-83.6382
2.6,0,0,125,-83.6433
2.625,0,0,125,-83.6484
2.65,0,0,125,-83.6537
2.675,0,0,125,-83.6591
2.7,0,0,125,-83.6645
2.725,0,0,125,-83.67
2.75,0,0,125,-83.6756
2.775,0,0,125,-83.6812
2.8,0,0,125,-83.6869
2.825,0,0,125,-83.6926
2.85,0,0,125,-83.6984
2.875,0,0,125,-83.7042
2.9,0,0,125,-83.71
2.925,0,0,125,-83.7159
2.95,0,0,125,-83.7218
2.975,0,0,125,-83.7278
3,0,0,125,-83.7337
3.025,0,0,125,-83.7397
3.05,0,0,125,-83.7456
3.075,0,0,125,-83.7516
3.1,0,0,125,-83.7576
3.125,0,0,125,-83.7636
3.15,0,0,125,-83.7695
3.175,0,0,125,-83.7755
3.2,0,0,125,-83.7814
3.225,0,0,125,-83.7873
3.25,0,0,125,-83.7932
3.275,0,0,125,-83.799
3.3,0,0,125,-83.8048
3.325,0,0,125,-83.8105
3.35,0,0,125,-83.8161
3.375,0,0,125,-83.8217
3.4,0,0,125,-83.8272
3.425,0,0,125,-83.8327
3.45,0,0,125,-83.838
3.475,0,0,125,-83.8433
3.5,0,0,125,-83.8485
3.525,0,0,125,-83.8536
3.55,0,0,125,-83.8586
3.575,0,0,125,-83.8635
3.6,0,0,125,-83.8683
3.625,0,0,125,-83.8731
3.65,0,0,125,-83.8777
3.675,0,0,125,-83.8823
3.7,0,0,125,-83.8867
3.725,0,0,125,-83.891
3.75,0,0,125,-83.8952
3.775,0,0,125,-83.8993
3.8,0,0,125,-83.9032
3.825,0,0,125,-83.9071
3.85,0,0,125,-83.9108
3.875,0,0,125,-83.9144
3.9,0,0,125,-83.9178
3.925,0,0,125,-83.9212
3.95,0,0,125,-83.9244
3.975,0,0,125,-83.9275
4,0,0,125,-83.9305
4.025,0,0,125,-83.9333
4.05,0,0,125,-83.9361
4.075,0,0,125,-83.9388
4.1,0,0,125,-83.9413
4.125,0,0,125,-83.9438
4.15,0,0,125,-83.9461
4.175,0,0,125,-83.9483
4.2,0,0,125,-83.9504
4.225,0,0,125,-83.9524
4.25,0,0,125,-83.9543
4.275,0,0,125,-83.956
4.3,0,0,125,-83.9577
4.325,0,0,125,-83.9593
4.35,0,0,125,-83.9608
4.375,0,0,125,-83.9622
4.4,0,0,125,-83.9635
4.425,0,0,125,-83.9647
4.45,0,0,125,-83.9659
4.475,0,0,125,-83.9669
4.5,0,0,125,-83.9679
4.525,0,0,125,-83.9688
4.55,0,0,125,-83.9696
4.575,0,0,125,-83.9703
4.6,0,0,125,-83.971
4.625,0,0,125,-83.9717
4.65,0,0,125,-83.9722
4.675,0,0,125,-83.9727
4.7,0,0,125,-83.9731
4.725,0,0,125,-83.9735
4.75,0,0,125,-83.9738
4.775,0,0,125,-83.9741
4.8,0,0,125,-83.9743
4.825,0,0,125,-83.9745
4.85,0,0,125,-83.9747
4.875,0,0,125,-83.9748
4.9,0,0,125,-83.9748
4.925,0,0,125,-83.9749
4.95,0,0,125,-83.9749
4.975,0,0,125,-83.975
5,0,0,125,-83.975
