0,0,0,125,-84.4346
0.025,0,0,125,-84.4346
0.05,0,0,125,-84.4347
0.075,0,0,125,-84.4348
0.1,0,0,125,-84.4349
0.125,0,0,125,-84.4351
0.15,0,0,125,-84.4353
0.175,0,0,125,-84.4355
0.2,0,0,125,-84.4357
0.225,0,0,125,-84.4359
0.25,0,0,125,-84.4362
0.275,0,0,125,-84.4364
0.3,0,0,125,-84.4367
0.325,0,0,125,-84.4369
0.35,0,0,125,-84.4372
0.375,0,0,125,-84.4374
0.4,0,0,125,-84.4376
0.425,0,0,125,-84.4378
0.45,0,0,125,-84.438
0.475,0,0,125,-84.4382
0.5,0,0,125,-84.4384
0.525,0,0,125,-84.4386
0.55,0,0,125,-84.4387
0.575,0,0,125,-84.4389
0.6,0,0,125,-84.4391
0.625,0,0,125,-84.4393
0.65,0,0,125,-84.4394
0.675,0,0,125,-84.4396
0.7,0,0,125,-84.4397
0.725,0,0,125,-84.4399
0.75,0,0,125,-84.4401
0.775,0,0,125,-84.4402
0.8,0,0,125,-84.4404
0.825,0,0,125,-84.4406
0.85,0,0,125,-84.4407
0.875,0,0,125,-84.4409
0.9,0,0,125,-84.441
0.925,0,0,125,-84.4412
0.95,0,0,125,-84.4414
0.975,0,0,125,-84.4415
1,0,0,125,-84.4417
1.025,0,0,125,-84.4419
1.05,0,0,125,-84.4421
1.075,0,0,125,-84.4422
1.1,0,0,125,-84.4424
1.125,0,0,125,-84.4426
1.15,0,0,125,-84.4428
1.175,0,0,125,-84.443
1.2,0,0,125,-84.4432
1.225,0,0,125,-84.4434
1.25,0,0,125,-84.4436
1.275,0,0,125,-84.4438
1.3,0,0,125,-84.444
1.325,0,0,125,-84.4442
1.35,0,0,125,-84.4444
1.375,0,0,125,-84.4447
1.4,0,0,125,-84.4449
1.425,0,0,125,-84.4451
1.45,0,0,125,-84.4454
1.475,0,0,125,-84.4456
1.5,0,0,125,-84.4458
1.525,0,0,125,-84.4461
1.55,0,0,125,-84.4464
1.575,0,0,125,-84.4466
1.6,0,0,125,-84.4469
1.625,0,0,125,-84.4471
1.65,0,0,125,-84.4474
1.675,0,0,125,-84.4477
1.7,0,0,125,-84.448
1.725,0,0,125,-84.4483
1.75,0,0,125,-84.4486
1.775,0,0,125,-84.4489
1.8,0,0,125,-84.4492
1.825,0,0,125,-84.4496
1.85,0,0,125,-84.4499
1.875,0,0,125,-84.4503
1.9,0,0,125,-84.4506
1.925,0,0,125,-84.451
1.95,0,0,125,-84.4514
1.975,0,0,125,-84.4518
2,0,0,125,-84.4522
2.025,0,0,125,-84.4526
2.05,0,0,125,-84.4531
2.075,0,0,125,-84.4535
2.1,0,0,125,-84.454
2.125,0,0,125,-84.4544
2.15,0,0,125,-84.4549
2.175,0,0,125,-84.4554
2.2,0,0,125,-84.4559
2.225,0,0,125,-84.4564
2.25,0,0,125,-84.4569
2.275,0,0,125,-84.4574
2.3,0,0,125,-84.4579
2.325,0,0,125,-84.4585
2.35,0,0,125,-84.459
2.375,0,0,125,-84.4596
2.4,0,0,125,-84.4601
2.425,0,0,125,-84.4607
2.45,0,0,125,-84.4613
2.475,0,0,125,-84.4619
2.5,0,0,125,-84.4625
2.525,0,0,125,-84.4631
2.55,0,0,125,-84.4637
2.575,0,0,125,-84.4644
2.6,0,0,125,-84.465
2.625,0,0,125,-84.4657
2.65,0,0,125,-84.4663
2.675,0,0,125,-84.467
2.7,0,0,125,-84.4677
2.725,0,0,125,-84.4684
2.75,0,0,125,-84.4691
2.775,0,0,125,-84.4698
2.8,0,0,125,-84.4705
2.825,0,0,125,-84.4713
2.85,0,0,125,-84.472
2.875,0,0,125,-84.4727
2.9,0,0,125,-84.4735
2.925,0,0,125,-84.4743
2.95,0,0,125,-84.475
2.975,0,0,125,-84.4758
3,0,0,125,-84.4766
3.025,0,0,125,-84.4774
3.05,0,0,125,-84.4782
3.075,0,0,125,-84.479
3.1,0,0,125,-84.4798
3.125,0,0,125,-84.4806
3.15,0,0,125,-84.4814
3.175,0,0,125,-84.4822
3.2,0,0,125,-84.483
3.225,0,0,125,-84.4837
3.25,0,0,125,-84.4845
3.275,0,0,125,-84.4853
3.3,0,0,125,-84.486
3.325,0,0,125,-84.4868
3.35,0,0,125,-84.4875
3.375,0,0,125,-84.4882
3.4,0,0,125,-84.4889
3.425,0,0,125,-84.4896
3.45,0,0,125,-84.4903
3.475,0,0,125,-84.491
3.5,0,0,125,-84.4916
3.525,0,0,125,-84.4923
3.55,0,0,125,-84.4929
3.575,0,0,125,-84.4935
3.6,0,0,125,-84.4942
3.625,0,0,125,-84.4947
3.65,0,0,125,-84.4953
3.675,0,0,125,-84.4959
3.7,0,0,125,-84.4964
3.725,0,0,125,-84.4969
3.75,0,0,125,-84.4974
3.775,0,0,125,-84.4979
3.8,0,0,125,-84.4984
3.825,0,0,125,-84.4989
3.85,0,0,125,-84.4993
3.875,0,0,125,-84.4997
3.9,0,0,125,-84.5001
3.925,0,0,125,-84.5005
3.95,0,0,125,-84.5009
3.975,0,0,125,-84.5013
4,0,0,125,-84.5016
4.025,0,0,125,-84.502
4.05,0,0,125,-84.5023
4.075,0,0,125,-84.5026
4.1,0,0,125,-84.503
4.125,0,0,125,-84.5033
4.15,0,0,125,-84.5036
4.175,0,0,125,-84.5039
4.2,0,0,125,-84.5041
4.225,0,0,125,-84.5044
4.25,0,0,125,-84.5047
4.275,0,0,125,-84.5049
4.3,0,0,125,-84.5052
4.325,0,0,125,-84.5054
4.35,0,0,125,-84.5056
4.375,0,0,125,-84.5058
4.4,0,0,125,-84.506
4.425,0,0,125,-84.5062
4.45,0,0,125,-84.5064
4.475,0,0,125,-84.5066
4.5,0,0,125,-84.5067
4.525,0,0,125,-84.5069
4.55,0,0,125,-84.507
4.575,0,0,125,-84.5072
4.6,0,0,125,-84.5073
4.625,0,0,125,-84.5074
4.65,0,0,125,-84.5075
4.675,0,0,125,-84.5076
4.7,0,0,125,-84.5077
4.725,0,0,125,-84.5078
4.75,0,0,125,-84.5079
4.775,0,0,125,-84.5079
4.8,0,0,125,-84.508
4.825,0,0,125,-84.508
4.85,0,0,125,-84.508
4.875,0,0,125,-84.5081
4.9,0,0,125,-84.5081
4.925,0,0,125,-84.5081
4.95,0,0,125,-84.508
4.975,0,0,125,-84.508
5,0,0,125,-84.508
