0,0,0,125,-3.3624
0.025,0,0,125,-3.37009
0.05,0,0,125,-3.38554
0.075,0,0,125,-3.40889
0.1,0,0,125,-3.44038
0.125,0,0,125,-3.48032
0.15,0,0,125,-3.52902
0.175,0,0,125,-3.58667
0.2,0,0,125,-3.65332
0.225,0,0,125,-3.72882
0.25,0,0,125,-3.81293
0.275,0,0,125,-3.90525
0.3,0,0,125,-4.0053
0.325,0,0,125,-4.11251
0.35,0,0,125,-4.22625
0.375,0,0,125,-4.34585
0.4,0,0,125,-4.47061
0.425,0,0,125,-4.59983
0.45,0,0,125,-4.7328
0.475,0,0,125,-4.86883
0.5,0,0,125,-5.00723
0.525,0,0,125,-5.14737
0.55,0,0,125,-5.28864
0.575,0,0,125,-5.43046
0.6,0,0,125,-5.57232
0.625,0,0,125,-5.71373
0.65,0,0,125,-5.85427
0.675,0,0,125,-5.99354
0.7,0,0,125,-6.13122
0.725,0,0,125,-6.26702
0.75,0,0,125,-6.40069
0.775,0,0,125,-6.53205
0.8,0,0,125,-6.66095
0.825,0,0,125,-6.78726
0.85,0,0,125,-6.91093
0.875,0,0,125,-7.0319
0.9,0,0,125,-7.15018
0.925,0,0,125,-7.26579
0.95,0,0,125,-7.37878
0.975,0,0,125,-7.48921
1,0,0,125,-7.59718
1.025,0,0,125,-7.70279
1.05,0,0,125,-7.80617
1.075,0,0,125,-7.90746
1.1,0,0,125,-8.00678
1.125,0,0,125,-8.10429
1.15,0,0,125,-8.20014
1.175,0,0,125,-8.29449
1.2,0,0,125,-8.3875
1.225,0,0,125,-8.47932
1.25,0,0,125,-8.5701
1.275,0,0,125,-8.66001
1.3,0,0,125,-8.74918
1.325,0,0,125,-8.83778
1.35,0,0,125,-8.92593
1.375,0,0,125,-9.01377
1.4,0,0,125,-9.10145
1.425,0,0,125,-9.18908
1.45,0,0,125,-9.27678
1.475,0,0,125,-9.36468
1.5,0,0,125,-9.45288
1.525,0,0,125,-9.5415
1.55,0,0,125,-9.63063
1.575,0,0,125,-9.72038
1.6,0,0,125,-9.81083
1.625,0,0,125,-9.90209
1.65,0,0,125,-9.99423
1.675,0,0,125,-10.0873
1.7,0,0,125,-10.1815
1.725,0,0,125,-10.2768
1.75,0,0,125,-10.3733
1.775,0,0,125,-10.4711
1.8,0,0,125,-10.5702
1.825,0,0,125,-10.6707
1.85,0,0,125,-10.7728
1.875,0,0,125,-10.8764
1.9,0,0,125,-10.9817
1.925,0,0,125,-11.0886
1.95,0,0,125,-11.1973
1.975,0,0,125,-11.3079
2,0,0,125,-11.4203
2.025,0,0,125,-11.5347
2.05,0,0,125,-11.6512
2.075,0,0,125,-11.7697
2.1,0,0,125,-11.8904
2.125,0,0,125,-12.0133
2.15,0,0,125,-12.1385
2.175,0,0,125,-12.2661
2.2,0,0,125,-12.3961
2.225,0,0,125,-12.5285
2.25,0,0,125,-12.6635
2.275,0,0,125,-12.8011
2.3,0,0,125,-12.9414
2.325,0,0,125,-13.0844
2.35,0,0,125,-13.2302
2.375,0,0,125,-13.3788
2.4,0,0,125,-13.5304
2.425,0,0,125,-13.6848
2.45,0,0,125,-13.8423
2.475,0,0,125,-14.0029
2.5,0,0,125,-14.1665
2.525,0,0,125,-14.3334
2.55,0,0,125,-14.5034
2.575,0,0,125,-14.6766
2.6,0,0,125,-14.8531
2.625,0,0,125,-15.033
2.65,0,0,125,-15.2161
2.675,0,0,125,-15.4026
2.7,0,0,125,-15.5925
2.725,0,0,125,-15.7857
2.75,0,0,125,-15.9824
2.775,0,0,125,-16.1824
2.8,0,0,125,-16.3858
2.825,0,0,125,-16.5926
2.85,0,0,125,-16.8027
2.875,0,0,125,-17.016
2.9,0,0,125,-17.2327
2.925,0,0,125,-17.4525
2.95,0,0,125,-17.6755
2.975,0,0,125,-17.9015
3,0,0,125,-18.1305
3.025,0,0,125,-18.3624
3.05,0,0,125,-18.5971
3.075,0,0,125,-18.8344
3.1,0,0,125,-19.0742
3.125,0,0,125,-19.3163
3.15,0,0,125,-19.5606
3.175,0,0,125,-19.807
3.2,0,0,125,-20.0551
3.225,0,0,125,-20.3048
3.25,0,0,125,-20.5559
3.275,0,0,125,-20.808
3.3,0,0,125,-21.061
3.325,0,0,125,-21.3146
3.35,0,0,125,-21.5684
3.375,0,0,125,-21.8222
3.4,0,0,125,-22.0756
3.425,0,0,125,-22.3283
3.45,0,0,125,-22.5799
3.475,0,0,125,-22.83
3.5,0,0,125,-23.0782
3.525,0,0,125,-23.3242
3.55,0,0,125,-23.5674
3.575,0,0,125,-23.8075
3.6,0,0,125,-24.044
3.625,0,0,125,-24.2764
3.65,0,0,125,-24.5044
3.675,0,0,125,-24.7273
3.7,0,0,125,-24.9447
3.725,0,0,125,-25.1561
3.75,0,0,125,-25.361
3.775,0,0,125,-25.559
3.8,0,0,125,-25.7494
3.825,0,0,125,-25.9319
3.85,0,0,125,-26.1059
3.875,0,0,125,-26.271
3.9,0,0,125,-26.4266
3.925,0,0,125,-26.5724
3.95,0,0,125,-26.7078
3.975,0,0,125,-26.8325
4,0,0,125,-26.946
4.025,0,0,125,-27.048
4.05,0,0,125,-27.1381
4.075,0,0,125,-27.216
4.1,0,0,125,-27.2815
4.125,0,0,125,-27.3343
4.15,0,0,125,-27.3741
4.175,0,0,125,-27.401
4.2,0,0,125,-27.4147
4.225,0,0,125,-27.4153
4.25,0,0,125,-27.4027
4.275,0,0,125,-27.3772
4.3,0,0,125,-27.3387
4.325,0,0,125,-27.2877
4.35,0,0,125,-27.2243
4.375,0,0,125,-27.149
4.4,0,0,125,-27.0622
4.425,0,0,125,-26.9646
4.45,0,0,125,-26.8567
4.475,0,0,125,-26.7393
4.5,0,0,125,-26.6133
4.525,0,0,125,-26.4795
4.55,0,0,125,-26.3391
4.575,0,0,125,-26.1931
4.6,0,0,125,-26.0428
4.625,0,0,125,-25.8895
4.65,0,0,125,-25.7346
4.675,0,0,125,-25.5797
4.7,0,0,125,-25.4264
4.725,0,0,125,-25.2764
4.75,0,0,125,-25.1316
4.775,0,0,125,-24.9939
4.8,0,0,125,-24.8652
4.825,0,0,125,-24.7475
4.85,0,0,125,-24.6427
4.875,0,0,125,-24.5522
4.9,0,0,125,-24.477
4.925,0,0,125,-24.4172
4.95,0,0,125,-24.3726
4.975,0,0,125,-24.343
5,0,0,125,-24.3283
