0,0,0,125,-10.3546
0.025,0,0,125,-10.36
0.05,0,0,125,-10.3708
0.075,0,0,125,-10.3871
0.1,0,0,125,-10.4089
0.125,0,0,125,-10.4362
0.15,0,0,125,-10.4691
0.175,0,0,125,-10.5076
0.2,0,0,125,-10.5517
0.225,0,0,125,-10.6014
0.25,0,0,125,-10.6565
0.275,0,0,125,-10.7171
0.3,0,0,125,-10.7831
0.325,0,0,125,-10.8543
0.35,0,0,125,-10.9308
0.375,0,0,125,-11.0125
0.4,0,0,125,-11.0994
0.425,0,0,125,-11.1913
0.45,0,0,125,-11.2883
0.475,0,0,125,-11.3903
0.5,0,0,125,-11.4973
0.525,0,0,125,-11.6093
0.55,0,0,125,-11.7263
0.575,0,0,125,-11.8483
0.6,0,0,125,-11.9754
0.625,0,0,125,-12.1074
0.65,0,0,125,-12.2446
0.675,0,0,125,-12.3868
0.7,0,0,125,-12.5342
0.725,0,0,125,-12.6869
0.75,0,0,125,-12.8448
0.775,0,0,125,-13.0081
0.8,0,0,125,-13.1769
0.825,0,0,125,-13.3513
0.85,0,0,125,-13.5314
0.875,0,0,125,-13.7172
0.9,0,0,125,-13.909
0.925,0,0,125,-14.1069
0.95,0,0,125,-14.3111
0.975,0,0,125,-14.5216
1,0,0,125,-14.7388
1.025,0,0,125,-14.9627
1.05,0,0,125,-15.1936
1.075,0,0,125,-15.4317
1.1,0,0,125,-15.6771
1.125,0,0,125,-15.9302
1.15,0,0,125,-16.1912
1.175,0,0,125,-16.4604
1.2,0,0,125,-16.7379
1.225,0,0,125,-17.0242
1.25,0,0,125,-17.3194
1.275,0,0,125,-17.6239
1.3,0,0,125,-17.938
1.325,0,0,125,-18.262
1.35,0,0,125,-18.5963
1.375,0,0,125,-18.9412
1.4,0,0,125,-19.2971
1.425,0,0,125,-19.6643
1.45,0,0,125,-20.0433
1.475,0,0,125,-20.4343
1.5,0,0,125,-20.838
1.525,0,0,125,-21.2545
1.55,0,0,125,-21.6845
1.575,0,0,125,-22.1282
1.6,0,0,125,-22.5863
1.625,0,0,125,-23.0591
1.65,0,0,125,-23.547
1.675,0,0,125,-24.0507
1.7,0,0,125,-24.5706
1.725,0,0,125,-25.1071
1.75,0,0,125,-25.6609
1.775,0,0,125,-26.2323
1.8,0,0,125,-26.8221
1.825,0,0,125,-27.4307
1.85,0,0,125,-28.0587
1.875,0,0,125,-28.7066
1.9,0,0,125,-29.375
1.925,0,0,125,-30.0646
1.95,0,0,125,-30.7757
1.975,0,0,125,-31.5091
2,0,0,125,-32.2651
2.025,0,0,125,-33.0445
2.05,0,0,125,-33.8475
2.075,0,0,125,-34.6747
2.1,0,0,125,-35.5264
2.125,0,0,125,-36.4028
2.15,0,0,125,-37.3042
2.175,0,0,125,-38.2306
2.2,0,0,125,-39.1818
2.225,0,0,125,-40.1577
2.25,0,0,125,-41.1578
2.275,0,0,125,-42.1814
2.3,0,0,125,-43.2276
2.325,0,0,125,-44.2954
2.35,0,0,125,-45.3834
2.375,0,0,125,-46.49
2.4,0,0,125,-47.6133
2.425,0,0,125,-48.7512
2.45,0,0,125,-49.9014
2.475,0,0,125,-51.0612
2.5,0,0,125,-52.2279
2.525,0,0,125,-53.3984
2.55,0,0,125,-54.5697
2.575,0,0,125,-55.7386
2.6,0,0,125,-56.9018
2.625,0,0,125,-58.0559
2.65,0,0,125,-59.1977
2.675,0,0,125,-60.3241
2.7,0,0,125,-61.4317
2.725,0,0,125,-62.5179
2.75,0,0,125,-63.5797
2.775,0,0,125,-64.6146
2.8,0,0,125,-65.6205
2.825,0,0,125,-66.5951
2.85,0,0,125,-67.537
2.875,0,0,125,-68.4446
2.9,0,0,125,-69.3168
2.925,0,0,125,-70.1528
2.95,0,0,125,-70.9521
2.975,0,0,125,-71.7144
3,0,0,125,-72.4397
3.025,0,0,125,-73.1283
3.05,0,0,125,-73.7806
3.075,0,0,125,-74.3973
3.1,0,0,125,-74.9791
3.125,0,0,125,-75.5271
3.15,0,0,125,-76.0423
3.175,0,0,125,-76.5259
3.2,0,0,125,-76.9792
3.225,0,0,125,-77.4034
3.25,0,0,125,-77.7998
3.275,0,0,125,-78.1699
3.3,0,0,125,-78.5149
3.325,0,0,125,-78.8363
3.35,0,0,125,-79.1353
3.375,0,0,125,-79.4132
3.4,0,0,125,-79.6713
3.425,0,0,125,-79.9109
3.45,0,0,125,-80.1331
3.475,0,0,125,-80.3389
3.5,0,0,125,-80.5296
3.525,0,0,125,-80.7061
3.55,0,0,125,-80.8694
3.575,0,0,125,-81.0204
3.6,0,0,125,-81.16
3.625,0,0,125,-81.2889
3.65,0,0,125,-81.408
3.675,0,0,125,-81.5179
3.7,0,0,125,-81.6194
3.725,0,0,125,-81.7129
3.75,0,0,125,-81.7992
3.775,0,0,125,-81.8788
3.8,0,0,125,-81.9521
3.825,0,0,125,-82.0196
3.85,0,0,125,-82.0818
3.875,0,0,125,-82.139
3.9,0,0,125,-82.1916
3.925,0,0,125,-82.24
3.95,0,0,125,-82.2845
3.975,0,0,125,-82.3254
4,0,0,125,-82.3629
4.025,0,0,125,-82.3973
4.05,0,0,125,-82.4288
4.075,0,0,125,-82.4576
4.1,0,0,125,-82.484
4.125,0,0,125,-82.5081
4.15,0,0,125,-82.53
4.175,0,0,125,-82.55
4.2,0,0,125,-82.5682
4.225,0,0,125,-82.5846
4.25,0,0,125,-82.5995
4.275,0,0,125,-82.6129
4.3,0,0,125,-82.625
4.325,0,0,125,-82.6358
4.35,0,0,125,-82.6454
4.375,0,0,125,-82.6539
4.4,0,0,125,-82.6614
4.425,0,0,125,-82.668
4.45,0,0,125,-82.6737
4.475,0,0,125,-82.6786
4.5,0,0,125,-82.6827
4.525,0,0,125,-82.6861
4.55,0,0,125,-82.6888
4.575,0,0,125,-82.691
4.6,0,0,125,-82.6926
4.625,0,0,125,-82.6937
4.65,0,0,125,-82.6944
4.675,0,0,125,-82.6946
4.7,0,0,125,-82.6944
4.725,0,0,125,-82.6939
4.75,0,0,125,-82.6931
4.775,0,0,125,-82.692
4.8,0,0,125,-82.6907
4.825,0,0,125,-82.6892
4.85,0,0,125,-82.6876
4.875,0,0,125,-82.686
4.9,0,0,125,-82.6845
4.925,0,0,125,-82.683
4.95,0,0,125,-82.6819
4.975,0,0,125,-82.681
5,0,0,125,-82.6806
