0,0,0,125,-27.5677
0.025,0,0,125,-27.5864
0.05,0,0,125,-27.6239
0.075,0,0,125,-27.6804
0.1,0,0,125,-27.7564
0.125,0,0,125,-27.8518
0.15,0,0,125,-27.9656
0.175,0,0,125,-28.0943
0.2,0,0,125,-28.2328
0.225,0,0,125,-28.3754
0.25,0,0,125,-28.5162
0.275,0,0,125,-28.65
0.3,0,0,125,-28.7722
0.325,0,0,125,-28.8787
0.35,0,0,125,-28.9661
0.375,0,0,125,-29.0314
0.4,0,0,125,-29.0723
0.425,0,0,125,-29.0867
0.45,0,0,125,-29.0731
0.475,0,0,125,-29.0303
0.5,0,0,125,-28.9575
0.525,0,0,125,-28.854
0.55,0,0,125,-28.7196
0.575,0,0,125,-28.5545
0.6,0,0,125,-28.3587
0.625,0,0,125,-28.1329
0.65,0,0,125,-27.8777
0.675,0,0,125,-27.5939
0.7,0,0,125,-27.2825
0.725,0,0,125,-26.9446
0.75,0,0,125,-26.5816
0.775,0,0,125,-26.1947
0.8,0,0,125,-25.7853
0.825,0,0,125,-25.355
0.85,0,0,125,-24.9052
0.875,0,0,125,-24.4375
0.9,0,0,125,-23.9534
0.925,0,0,125,-23.4546
0.95,0,0,125,-22.9425
0.975,0,0,125,-22.4187
1,0,0,125,-21.8847
1.025,0,0,125,-21.3419
1.05,0,0,125,-20.7918
1.075,0,0,125,-20.2358
1.1,0,0,125,-19.675
1.125,0,0,125,-19.1108
1.15,0,0,125,-18.5443
1.175,0,0,125,-17.9765
1.2,0,0,125,-17.4086
1.225,0,0,125,-16.8413
1.25,0,0,125,-16.2757
1.275,0,0,125,-15.7124
1.3,0,0,125,-15.1521
1.325,0,0,125,-14.5956
1.35,0,0,125,-14.0432
1.375,0,0,125,-13.4956
1.4,0,0,125,-12.9531
1.425,0,0,125,-12.4161
1.45,0,0,125,-11.8848
1.475,0,0,125,-11.3596
1.5,0,0,125,-10.8404
1.525,0,0,125,-10.3276
1.55,0,0,125,-9.82106
1.575,0,0,125,-9.32089
1.6,0,0,125,-8.82705
1.625,0,0,125,-8.33949
1.65,0,0,125,-7.8581
1.675,0,0,125,-7.38275
1.7,0,0,125,-6.91328
1.725,0,0,125,-6.4495
1.75,0,0,125,-5.9912
1.775,0,0,125,-5.53815
1.8,0,0,125,-5.09009
1.825,0,0,125,-4.64675
1.85,0,0,125,-4.20784
1.875,0,0,125,-3.77306
1.9,0,0,125,-3.3421
1.925,0,0,125,-2.91464
1.95,0,0,125,-2.49033
1.975,0,0,125,-2.06885
2,0,0,125,-1.64984
2.025,0,0,125,-1.23295
2.05,0,0,125,-0.817831
2.075,0,0,125,-0.404112
2.1,0,0,125,0.00856938
2.125,0,0,125,0.42058
2.15,0,0,125,0.83229
2.175,0,0,125,1.24407
2.2,0,0,125,1.6563
2.225,0,0,125,2.06934
2.25,0,0,125,2.48357
2.275,0,0,125,2.89937
2.3,0,0,125,3.3171
2.325,0,0,125,3.73715
2.35,0,0,125,4.15986
2.375,0,0,125,4.58561
2.4,0,0,125,5.01474
2.425,0,0,125,5.4476
2.45,0,0,125,5.88449
2.475,0,0,125,6.32572
2.5,0,0,125,6.77152
2.525,0,0,125,7.22211
2.55,0,0,125,7.67759
2.575,0,0,125,8.13798
2.6,0,0,125,8.60314
2.625,0,0,125,9.07273
2.65,0,0,125,9.54611
2.675,0,0,125,10.0222
2.7,0,0,125,10.4995
2.725,0,0,125,10.9755
2.75,0,0,125,11.4469
2.775,0,0,125,11.9087
2.8,0,0,125,12.3539
2.825,0,0,125,12.7726
2.85,0,0,125,13.151
2.875,0,0,125,13.4695
2.9,0,0,125,13.7005
2.925,0,0,125,13.8053
2.95,0,0,125,13.7285
2.975,0,0,125,13.3906
3,0,0,125,12.6757
3.025,0,0,125,11.4123
3.05,0,0,125,9.34059
3.075,0,0,125,6.05775
3.1,0,0,125,0.927943
3.125,0,0,125,-7.045
3.15,0,0,125,-19.2216
3.175,0,0,125,-35.688
3.2,0,0,125,-50.5037
3.225,0,0,125,-61.0759
3.25,0,0,125,-68.3071
3.275,0,0,125,-73.213
3.3,0,0,125,-76.531
3.325,0,0,125,-78.7712
3.35,0,0,125,-80.2821
3.375,0,0,125,-81.3008
3.4,0,0,125,-81.9878
3.425,0,0,125,-82.4512
3.45,0,0,125,-82.7643
3.475,0,0,125,-82.9761
3.5,0,0,125,-83.1199
3.525,0,0,125,-83.2179
3.55,0,0,125,-83.285
3.575,0,0,125,-83.3313
3.6,0,0,125,-83.3637
3.625,0,0,125,-83.3865
3.65,0,0,125,-83.403
3.675,0,0,125,-83.4151
3.7,0,0,125,-83.4241
3.725,0,0,125,-83.4312
3.75,0,0,125,-83.4368
3.775,0,0,125,-83.4413
3.8,0,0,125,-83.4452
3.825,0,0,125,-83.4485
3.85,0,0,125,-83.4514
3.875,0,0,125,-83.4539
3.9,0,0,125,-83.4561
3.925,0,0,125,-83.4582
3.95,0,0,125,-83.46
3.975,0,0,125,-83.4616
4,0,0,125,-83.4631
4.025,0,0,125,-83.4644
4.05,0,0,125,-83.4655
4.075,0,0,125,-83.4664
4.1,0,0,125,-83.4672
4.125,0,0,125,-83.4678
4.15,0,0,125,-83.4683
4.175,0,0,125,-83.4686
4.2,0,0,125,-83.4687
4.225,0,0,125,-83.4687
4.25,0,0,125,-83.4685
4.275,0,0,125,-83.4682
4.3,0,0,125,-83.4678
4.325,0,0,125,-83.4672
4.35,0,0,125,-83.4665
4.375,0,0,125,-83.4657
4.4,0,0,125,-83.4647
4.425,0,0,125,-83.4636
4.45,0,0,125,-83.4624
4.475,0,0,125,-83.4611
4.5,0,0,125,-83.4597
4.525,0,0,125,-83.4581
4.55,0,0,125,-83.4565
4.575,0,0,125,-83.4548
4.6,0,0,125,-83.453
4.625,0,0,125,-83.4511
4.65,0,0,125,-83.4492
4.675,0,0,125,-83.4472
4.7,0,0,125,-83.4451
4.725,0,0,125,-83.4431
4.75,0,0,125,-83.441
4.775,0,0,125,-83.4389
4.8,0,0,125,-83.4368
4.825,0,0,125,-83.4348
4.85,0,0,125,-83.4329
4.875,0,0,125,-83.431
4.9,0,0,125,-83.4293
4.925,0,0,125,-83.4279
4.95,0,0,125,-83.4268
4.975,0,0,125,-83.426
5,0,0,125,-83.4255
