0,0,0,125,-83.4435
0.025,0,0,125,-83.4439
0.05,0,0,125,-83.4448
0.075,0,0,125,-83.446
0.1,0,0,125,-83.4475
0.125,0,0,125,-83.4492
0.15,0,0,125,-83.4511
0.175,0,0,125,-83.453
0.2,0,0,125,-83.4549
0.225,0,0,125,-83.4568
0.25,0,0,125,-83.4587
0.275,0,0,125,-83.4605
0.3,0,0,125,-83.4623
0.325,0,0,125,-83.4639
0.35,0,0,125,-83.4654
0.375,0,0,125,-83.4668
0.4,0,0,125,-83.468
0.425,0,0,125,-83.4691
0.45,0,0,125,-83.47
0.475,0,0,125,-83.4708
0.5,0,0,125,-83.4713
0.525,0,0,125,-83.4717
0.55,0,0,125,-83.4719
0.575,0,0,125,-83.4719
0.6,0,0,125,-83.4717
0.625,0,0,125,-83.4713
0.65,0,0,125,-83.4706
0.675,0,0,125,-83.4697
0.7,0,0,125,-83.4686
0.725,0,0,125,-83.4672
0.75,0,0,125,-83.4656
0.775,0,0,125,-83.4637
0.8,0,0,125,-83.4616
0.825,0,0,125,-83.4592
0.85,0,0,125,-83.4566
0.875,0,0,125,-83.4537
0.9,0,0,125,-83.4505
0.925,0,0,125,-83.447
0.95,0,0,125,-83.4432
0.975,0,0,125,-83.4392
1,0,0,125,-83.4348
1.025,0,0,125,-83.4301
1.05,0,0,125,-83.4251
1.075,0,0,125,-83.4198
1.1,0,0,125,-83.4141
1.125,0,0,125,-83.4081
1.15,0,0,125,-83.4017
1.175,0,0,125,-83.395
1.2,0,0,125,-83.3879
1.225,0,0,125,-83.3804
1.25,0,0,125,-83.3726
1.275,0,0,125,-83.3643
1.3,0,0,125,-83.3557
1.325,0,0,125,-83.3466
1.35,0,0,125,-83.3372
1.375,0,0,125,-83.3273
1.4,0,0,125,-83.317
1.425,0,0,125,-83.3063
1.45,0,0,125,-83.2951
1.475,0,0,125,-83.2835
1.5,0,0,125,-83.2714
1.525,0,0,125,-83.2589
1.55,0,0,125,-83.2458
1.575,0,0,125,-83.2323
1.6,0,0,125,-83.2184
1.625,0,0,125,-83.2039
1.65,0,0,125,-83.1888
1.675,0,0,125,-83.1733
1.7,0,0,125,-83.1572
1.725,0,0,125,-83.1406
1.75,0,0,125,-83.1234
1.775,0,0,125,-83.1056
1.8,0,0,125,-83.0872
1.825,0,0,125,-83.0682
1.85,0,0,125,-83.0486
1.875,0,0,125,-83.0282
1.9,0,0,125,-83.0072
1.925,0,0,125,-82.9854
1.95,0,0,125,-82.9628
1.975,0,0,125,-82.9394
2,0,0,125,-82.9151
2.025,0,0,125,-82.8899
2.05,0,0,125,-82.8637
2.075,0,0,125,-82.8364
2.1,0,0,125,-82.808
2.125,0,0,125,-82.7783
2.15,0,0,125,-82.7473
2.175,0,0,125,-82.7149
2.2,0,0,125,-82.6809
2.225,0,0,125,-82.6452
2.25,0,0,125,-82.6078
2.275,0,0,125,-82.5683
2.3,0,0,125,-82.5268
2.325,0,0,125,-82.4829
2.35,0,0,125,-82.4366
2.375,0,0,125,-82.3875
2.4,0,0,125,-82.3356
2.425,0,0,125,-82.2804
2.45,0,0,125,-82.2219
2.475,0,0,125,-82.1596
2.5,0,0,125,-82.0934
2.525,0,0,125,-82.0229
2.55,0,0,125,-81.9478
2.575,0,0,125,-81.8677
2.6,0,0,125,-81.7823
2.625,0,0,125,-81.6911
2.65,0,0,125,-81.5939
2.675,0,0,125,-81.4902
2.7,0,0,125,-81.3796
2.725,0,0,125,-81.2616
2.75,0,0,125,-81.1358
2.775,0,0,125,-81.0017
2.8,0,0,125,-80.8588
2.825,0,0,125,-80.7067
2.85,0,0,125,-80.5448
2.875,0,0,125,-80.3728
2.9,0,0,125,-80.19
2.925,0,0,125,-79.996
2.95,0,0,125,-79.7904
2.975,0,0,125,-79.5726
3,0,0,125,-79.3423
3.025,0,0,125,-79.099
3.05,0,0,125,-78.8422
3.075,0,0,125,-78.5717
3.1,0,0,125,-78.287
3.125,0,0,125,-77.9879
3.15,0,0,125,-77.6741
3.175,0,0,125,-77.3453
3.2,0,0,125,-77.0016
3.225,0,0,125,-76.6426
3.25,0,0,125,-76.2684
3.275,0,0,125,-75.879
3.3,0,0,125,-75.4745
3.325,0,0,125,-75.055
3.35,0,0,125,-74.6209
3.375,0,0,125,-74.1722
3.4,0,0,125,-73.7096
3.425,0,0,125,-73.2333
3.45,0,0,125,-72.744
3.475,0,0,125,-72.2423
3.5,0,0,125,-71.7287
3.525,0,0,125,-71.2041
3.55,0,0,125,-70.6692
3.575,0,0,125,-70.1249
3.6,0,0,125,-69.5721
3.625,0,0,125,-69.0118
3.65,0,0,125,-68.445
3.675,0,0,125,-67.8727
3.7,0,0,125,-67.2959
3.725,0,0,125,-66.7158
3.75,0,0,125,-66.1334
3.775,0,0,125,-65.5499
3.8,0,0,125,-64.9663
3.825,0,0,125,-64.3837
3.85,0,0,125,-63.8032
3.875,0,0,125,-63.2259
3.9,0,0,125,-62.6528
3.925,0,0,125,-62.0848
3.95,0,0,125,-61.523
3.975,0,0,125,-60.9682
4,0,0,125,-60.4213
4.025,0,0,125,-59.8831
4.05,0,0,125,-59.3543
4.075,0,0,125,-58.8357
4.1,0,0,125,-58.328
4.125,0,0,125,-57.8317
4.15,0,0,125,-57.3473
4.175,0,0,125,-56.8754
4.2,0,0,125,-56.4164
4.225,0,0,125,-55.9706
4.25,0,0,125,-55.5385
4.275,0,0,125,-55.1202
4.3,0,0,125,-54.716
4.325,0,0,125,-54.3261
4.35,0,0,125,-53.9507
4.375,0,0,125,-53.5899
4.4,0,0,125,-53.2437
4.425,0,0,125,-52.9122
4.45,0,0,125,-52.5954
4.475,0,0,125,-52.2933
4.5,0,0,125,-52.0059
4.525,0,0,125,-51.7331
4.55,0,0,125,-51.475
4.575,0,0,125,-51.2313
4.6,0,0,125,-51.002
4.625,0,0,125,-50.7871
4.65,0,0,125,-50.5864
4.675,0,0,125,-50.3997
4.7,0,0,125,-50.2271
4.725,0,0,125,-50.0684
4.75,0,0,125,-49.9235
4.775,0,0,125,-49.7922
4.8,0,0,125,-49.6746
4.825,0,0,125,-49.5704
4.85,0,0,125,-49.4796
4.875,0,0,125,-49.4021
4.9,0,0,125,-49.3377
4.925,0,0,125,-49.2864
4.95,0,0,125,-49.248
4.975,0,0,125,-49.2224
5,0,0,125,-49.2097
