0,0,0,125,-73.7637
0.025,0,0,125,-73.7645
0.05,0,0,125,-73.766
0.075,0,0,125,-73.7683
0.1,0,0,125,-73.7715
0.125,0,0,125,-73.7759
0.15,0,0,125,-73.7814
0.175,0,0,125,-73.7883
0.2,0,0,125,-73.7967
0.225,0,0,125,-73.8066
0.25,0,0,125,-73.8184
0.275,0,0,125,-73.832
0.3,0,0,125,-73.8476
0.325,0,0,125,-73.8654
0.35,0,0,125,-73.8854
0.375,0,0,125,-73.9079
0.4,0,0,125,-73.9329
0.425,0,0,125,-73.9607
0.45,0,0,125,-73.9912
0.475,0,0,125,-74.0247
0.5,0,0,125,-74.0612
0.525,0,0,125,-74.101
0.55,0,0,125,-74.144
0.575,0,0,125,-74.1904
0.6,0,0,125,-74.2403
0.625,0,0,125,-74.2938
0.65,0,0,125,-74.3509
0.675,0,0,125,-74.4118
0.7,0,0,125,-74.4765
0.725,0,0,125,-74.545
0.75,0,0,125,-74.6174
0.775,0,0,125,-74.6937
0.8,0,0,125,-74.7739
0.825,0,0,125,-74.858
0.85,0,0,125,-74.9461
0.875,0,0,125,-75.0381
0.9,0,0,125,-75.1339
0.925,0,0,125,-75.2335
0.95,0,0,125,-75.3369
0.975,0,0,125,-75.4439
1,0,0,125,-75.5545
1.025,0,0,125,-75.6686
1.05,0,0,125,-75.786
1.075,0,0,125,-75.9066
1.1,0,0,125,-76.0302
1.125,0,0,125,-76.1568
1.15,0,0,125,-76.2861
1.175,0,0,125,-76.418
1.2,0,0,125,-76.5522
1.225,0,0,125,-76.6886
1.25,0,0,125,-76.827
1.275,0,0,125,-76.9671
1.3,0,0,125,-77.1087
1.325,0,0,125,-77.2515
1.35,0,0,125,-77.3955
1.375,0,0,125,-77.5402
1.4,0,0,125,-77.6855
1.425,0,0,125,-77.8312
1.45,0,0,125,-77.9769
1.475,0,0,125,-78.1224
1.5,0,0,125,-78.2676
1.525,0,0,125,-78.4122
1.55,0,0,125,-78.5558
1.575,0,0,125,-78.6984
1.6,0,0,125,-78.8397
1.625,0,0,125,-78.9795
1.65,0,0,125,-79.1175
1.675,0,0,125,-79.2537
1.7,0,0,125,-79.3877
1.725,0,0,125,-79.5195
1.75,0,0,125,-79.6489
1.775,0,0,125,-79.7757
1.8,0,0,125,-79.8999
1.825,0,0,125,-80.0212
1.85,0,0,125,-80.1396
1.875,0,0,125,-80.255
1.9,0,0,125,-80.3673
1.925,0,0,125,-80.4764
1.95,0,0,125,-80.5823
1.975,0,0,125,-80.685
2,0,0,125,-80.7844
2.025,0,0,125,-80.8805
2.05,0,0,125,-80.9734
2.075,0,0,125,-81.0629
2.1,0,0,125,-81.1492
2.125,0,0,125,-81.2323
2.15,0,0,125,-81.3122
2.175,0,0,125,-81.389
2.2,0,0,125,-81.4626
2.225,0,0,125,-81.5333
2.25,0,0,125,-81.601
2.275,0,0,125,-81.6658
2.3,0,0,125,-81.7278
2.325,0,0,125,-81.7871
2.35,0,0,125,-81.8438
2.375,0,0,125,-81.898
2.4,0,0,125,-81.9497
2.425,0,0,125,-81.9991
2.45,0,0,125,-82.0463
2.475,0,0,125,-82.0913
2.5,0,0,125,-82.1342
2.525,0,0,125,-82.1752
2.55,0,0,125,-82.2144
2.575,0,0,125,-82.2517
2.6,0,0,125,-82.2874
2.625,0,0,125,-82.3215
2.65,0,0,125,-82.3541
2.675,0,0,125,-82.3852
2.7,0,0,125,-82.415
2.725,0,0,125,-82.4436
2.75,0,0,125,-82.4709
2.775,0,0,125,-82.4972
2.8,0,0,125,-82.5224
2.825,0,0,125,-82.5466
2.85,0,0,125,-82.5699
2.875,0,0,125,-82.5923
2.9,0,0,125,-82.6139
2.925,0,0,125,-82.6347
2.95,0,0,125,-82.6549
2.975,0,0,125,-82.6744
3,0,0,125,-82.6932
3.025,0,0,125,-82.7115
3.05,0,0,125,-82.7292
3.075,0,0,125,-82.7463
3.1,0,0,125,-82.763
3.125,0,0,125,-82.7793
3.15,0,0,125,-82.7951
3.175,0,0,125,-82.8104
3.2,0,0,125,-82.8254
3.225,0,0,125,-82.84
3.25,0,0,125,-82.8542
3.275,0,0,125,-82.8681
3.3,0,0,125,-82.8816
3.325,0,0,125,-82.8949
3.35,0,0,125,-82.9078
3.375,0,0,125,-82.9204
3.4,0,0,125,-82.9326
3.425,0,0,125,-82.9446
3.45,0,0,125,-82.9564
3.475,0,0,125,-82.9678
3.5,0,0,125,-82.9789
3.525,0,0,125,-82.9898
3.55,0,0,125,-83.0004
3.575,0,0,125,-83.0107
3.6,0,0,125,-83.0207
3.625,0,0,125,-83.0305
3.65,0,0,125,-83.0401
3.675,0,0,125,-83.0493
3.7,0,0,125,-83.0583
3.725,0,0,125,-83.067
3.75,0,0,125,-83.0755
3.775,0,0,125,-83.0837
3.8,0,0,125,-83.0916
3.825,0,0,125,-83.0993
3.85,0,0,125,-83.1067
3.875,0,0,125,-83.1139
3.9,0,0,125,-83.1208
3.925,0,0,125,-83.1275
3.95,0,0,125,-83.134
3.975,0,0,125,-83.1401
4,0,0,125,-83.1461
4.025,0,0,125,-83.1518
4.05,0,0,125,-83.1572
4.075,0,0,125,-83.1625
4.1,0,0,125,-83.1675
4.125,0,0,125,-83.1722
4.15,0,0,125,-83.1768
4.175,0,0,125,-83.1812
4.2,0,0,125,-83.1853
4.225,0,0,125,-83.1892
4.25,0,0,125,-83.1929
4.275,0,0,125,-83.1964
4.3,0,0,125,-83.1997
4.325,0,0,125,-83.2028
4.35,0,0,125,-83.2057
4.375,0,0,125,-83.2085
4.4,0,0,125,-83.211
4.425,0,0,125,-83.2134
4.45,0,0,125,-83.2156
4.475,0,0,125,-83.2177
4.5,0,0,125,-83.2196
4.525,0,0,125,-83.2213
4.55,0,0,125,-83.2229
4.575,0,0,125,-83.2244
4.6,0,0,125,-83.2257
4.625,0,0,125,-83.2269
4.65,0,0,125,-83.228
4.675,0,0,125,-83.2289
4.7,0,0,125,-83.2298
4.725,0,0,125,-83.2305
4.75,0,0,125,-83.2311
4.775,0,0,125,-83.2316
4.8,0,0,125,-83.2321
4.825,0,0,125,-83.2324
4.85,0,0,125,-83.2326
4.875,0,0,125,-83.2328
4.9,0,0,125,-83.233
4.925,0,0,125,-83.233
4.95,0,0,125,-83.2331
4.975,0,0,125,-83.2331
5,0,0,125,-83.2331
