0,0,0,125,-34.8902
0.025,0,0,125,-34.9021
0.05,0,0,125,-34.926
0.075,0,0,125,-34.9618
0.1,0,0,125,-35.0097
0.125,0,0,125,-35.0698
0.15,0,0,125,-35.1422
0.175,0,0,125,-35.2269
0.2,0,0,125,-35.3242
0.225,0,0,125,-35.434
0.25,0,0,125,-35.5565
0.275,0,0,125,-35.6916
0.3,0,0,125,-35.8395
0.325,0,0,125,-36.0003
0.35,0,0,125,-36.174
0.375,0,0,125,-36.3608
0.4,0,0,125,-36.5608
0.425,0,0,125,-36.7742
0.45,0,0,125,-37.0011
0.475,0,0,125,-37.2418
0.5,0,0,125,-37.4963
0.525,0,0,125,-37.765
0.55,0,0,125,-38.0481
0.575,0,0,125,-38.3457
0.6,0,0,125,-38.6582
0.625,0,0,125,-38.9859
0.65,0,0,125,-39.329
0.675,0,0,125,-39.6878
0.7,0,0,125,-40.0625
0.725,0,0,125,-40.4536
0.75,0,0,125,-40.8613
0.775,0,0,125,-41.2858
0.8,0,0,125,-41.7274
0.825,0,0,125,-42.1865
0.85,0,0,125,-42.6632
0.875,0,0,125,-43.1578
0.9,0,0,125,-43.6705
0.925,0,0,125,-44.2014
0.95,0,0,125,-44.7507
0.975,0,0,125,-45.3183
1,0,0,125,-45.9045
1.025,0,0,125,-46.509
1.05,0,0,125,-47.1317
1.075,0,0,125,-47.7726
1.1,0,0,125,-48.4312
1.125,0,0,125,-49.1073
1.15,0,0,125,-49.8003
1.175,0,0,125,-50.5098
1.2,0,0,125,-51.2351
1.225,0,0,125,-51.9754
1.25,0,0,125,-52.7298
1.275,0,0,125,-53.4974
1.3,0,0,125,-54.2771
1.325,0,0,125,-55.0676
1.35,0,0,125,-55.8677
1.375,0,0,125,-56.6761
1.4,0,0,125,-57.4911
1.425,0,0,125,-58.3113
1.45,0,0,125,-59.135
1.475,0,0,125,-59.9605
1.5,0,0,125,-60.7861
1.525,0,0,125,-61.61
1.55,0,0,125,-62.4304
1.575,0,0,125,-63.2456
1.6,0,0,125,-64.0536
1.625,0,0,125,-64.8528
1.65,0,0,125,-65.6416
1.675,0,0,125,-66.4181
1.7,0,0,125,-67.1809
1.725,0,0,125,-67.9286
1.75,0,0,125,-68.6596
1.775,0,0,125,-69.3728
1.8,0,0,125,-70.067
1.825,0,0,125,-70.7413
1.85,0,0,125,-71.3947
1.875,0,0,125,-72.0265
1.9,0,0,125,-72.6361
1.925,0,0,125,-73.2231
1.95,0,0,125,-73.7871
1.975,0,0,125,-74.3279
2,0,0,125,-74.8454
2.025,0,0,125,-75.3398
2.05,0,0,125,-75.8112
2.075,0,0,125,-76.2598
2.1,0,0,125,-76.686
2.125,0,0,125,-77.0902
2.15,0,0,125,-77.4729
2.175,0,0,125,-77.8348
2.2,0,0,125,-78.1765
2.225,0,0,125,-78.4986
2.25,0,0,125,-78.8018
2.275,0,0,125,-79.087
2.3,0,0,125,-79.3548
2.325,0,0,125,-79.606
2.35,0,0,125,-79.8414
2.375,0,0,125,-80.0618
2.4,0,0,125,-80.2679
2.425,0,0,125,-80.4605
2.45,0,0,125,-80.6404
2.475,0,0,125,-80.8082
2.5,0,0,125,-80.9647
2.525,0,0,125,-81.1106
2.55,0,0,125,-81.2465
2.575,0,0,125,-81.373
2.6,0,0,125,-81.4907
2.625,0,0,125,-81.6003
2.65,0,0,125,-81.7022
2.675,0,0,125,-81.797
2.7,0,0,125,-81.8851
2.725,0,0,125,-81.9671
2.75,0,0,125,-82.0433
2.775,0,0,125,-82.1142
2.8,0,0,125,-82.1802
2.825,0,0,125,-82.2415
2.85,0,0,125,-82.2986
2.875,0,0,125,-82.3518
2.9,0,0,125,-82.4013
2.925,0,0,125,-82.4474
2.95,0,0,125,-82.4903
2.975,0,0,125,-82.5304
3,0,0,125,-82.5678
3.025,0,0,125,-82.6027
3.05,0,0,125,-82.6352
3.075,0,0,125,-82.6657
3.1,0,0,125,-82.6942
3.125,0,0,125,-82.7208
3.15,0,0,125,-82.7457
3.175,0,0,125,-82.7691
3.2,0,0,125,-82.791
3.225,0,0,125,-82.8116
3.25,0,0,125,-82.8309
3.275,0,0,125,-82.849
3.3,0,0,125,-82.866
3.325,0,0,125,-82.8821
3.35,0,0,125,-82.8971
3.375,0,0,125,-82.9113
3.4,0,0,125,-82.9247
3.425,0,0,125,-82.9373
3.45,0,0,125,-82.9491
3.475,0,0,125,-82.9603
3.5,0,0,125,-82.9708
3.525,0,0,125,-82.9807
3.55,0,0,125,-82.9901
3.575,0,0,125,-82.9989
3.6,0,0,125,-83.0072
3.625,0,0,125,-83.015
3.65,0,0,125,-83.0223
3.675,0,0,125,-83.0293
3.7,0,0,125,-83.0357
3.725,0,0,125,-83.0418
3.75,0,0,125,-83.0475
3.775,0,0,125,-83.0529
3.8,0,0,125,-83.0579
3.825,0,0,125,-83.0625
3.85,0,0,125,-83.0668
3.875,0,0,125,-83.0708
3.9,0,0,125,-83.0745
3.925,0,0,125,-83.0778
3.95,0,0,125,-83.0809
3.975,0,0,125,-83.0837
4,0,0,125,-83.0862
4.025,0,0,125,-83.0885
4.05,0,0,125,-83.0905
4.075,0,0,125,-83.0922
4.1,0,0,125,-83.0937
4.125,0,0,125,-83.095
4.15,0,0,125,-83.096
4.175,0,0,125,-83.0968
4.2,0,0,125,-83.0974
4.225,0,0,125,-83.0977
4.25,0,0,125,-83.0978
4.275,0,0,125,-83.0977
4.3,0,0,125,-83.0974
4.325,0,0,125,-83.0969
4.35,0,0,125,-83.0962
4.375,0,0,125,-83.0954
4.4,0,0,125,-83.0943
4.425,0,0,125,-83.0931
4.45,0,0,125,-83.0918
4.475,0,0,125,-83.0902
4.5,0,0,125,-83.0886
4.525,0,0,125,-83.0867
4.55,0,0,125,-83.0848
4.575,0,0,125,-83.0827
4.6,0,0,125,-83.0806
4.625,0,0,125,-83.0783
4.65,0,0,125,-83.0759
4.675,0,0,125,-83.0735
4.7,0,0,125,-83.071
4.725,0,0,125,-83.0685
4.75,0,0,125,-83.066
4.775,0,0,125,-83.0634
4.8,0,0,125,-83.0608
4.825,0,0,125,-83.0583
4.85,0,0,125,-83.0559
4.875,0,0,125,-83.0536
4.9,0,0,125,-83.0515
4.925,0,0,125,-83.0497
4.95,0,0,125,-83.0483
4.975,0,0,125,-83.0473
5,0,0,125,-83.0468
