0,0,0,125,-83.7973
0.025,0,0,125,-83.7976
0.05,0,0,125,-83.798
0.075,0,0,125,-83.7987
0.1,0,0,125,-83.7995
0.125,0,0,125,-83.8004
0.15,0,0,125,-83.8015
0.175,0,0,125,-83.8026
0.2,0,0,125,-83.8037
0.225,0,0,125,-83.8048
0.25,0,0,125,-83.806
0.275,0,0,125,-83.8071
0.3,0,0,125,-83.8082
0.325,0,0,125,-83.8093
0.35,0,0,125,-83.8104
0.375,0,0,125,-83.8115
0.4,0,0,125,-83.8126
0.425,0,0,125,-83.8137
0.45,0,0,125,-83.8147
0.475,0,0,125,-83.8158
0.5,0,0,125,-83.8168
0.525,0,0,125,-83.8179
0.55,0,0,125,-83.8189
0.575,0,0,125,-83.8199
0.6,0,0,125,-83.8209
0.625,0,0,125,-83.8219
0.65,0,0,125,-83.8229
0.675,0,0,125,-83.8238
0.7,0,0,125,-83.8248
0.725,0,0,125,-83.8258
0.75,0,0,125,-83.8267
0.775,0,0,125,-83.8276
0.8,0,0,125,-83.8286
0.825,0,0,125,-83.8295
0.85,0,0,125,-83.8304
0.875,0,0,125,-83.8313
0.9,0,0,125,-83.8322
0.925,0,0,125,-83.8332
0.95,0,0,125,-83.8342
0.975,0,0,125,-83.8352
1,0,0,125,-83.8362
1.025,0,0,125,-83.8372
1.05,0,0,125,-83.8382
1.075,0,0,125,-83.8393
1.1,0,0,125,-83.8403
1.125,0,0,125,-83.8414
1.15,0,0,125,-83.8425
1.175,0,0,125,-83.8436
1.2,0,0,125,-83.8447
1.225,0,0,125,-83.8459
1.25,0,0,125,-83.847
1.275,0,0,125,-83.8481
1.3,0,0,125,-83.8493
1.325,0,0,125,-83.8505
1.35,0,0,125,-83.8517
1.375,0,0,125,-83.8528
1.4,0,0,125,-83.854
1.425,0,0,125,-83.8553
1.45,0,0,125,-83.8565
1.475,0,0,125,-83.8578
1.5,0,0,125,-83.8591
1.525,0,0,125,-83.8605
1.55,0,0,125,-83.8619
1.575,0,0,125,-83.8633
1.6,0,0,125,-83.8648
1.625,0,0,125,-83.8663
1.65,0,0,125,-83.8679
1.675,0,0,125,-83.8694
1.7,0,0,125,-83.8711
1.725,0,0,125,-83.8727
1.75,0,0,125,-83.8744
1.775,0,0,125,-83.8761
1.8,0,0,125,-83.8779
1.825,0,0,125,-83.8797
1.85,0,0,125,-83.8815
1.875,0,0,125,-83.8834
1.9,0,0,125,-83.8852
1.925,0,0,125,-83.8872
1.95,0,0,125,-83.8892
1.975,0,0,125,-83.8913
2,0,0,125,-83.8935
2.025,0,0,125,-83.8957
2.05,0,0,125,-83.8979
2.075,0,0,125,-83.9003
2.1,0,0,125,-83.9026
2.125,0,0,125,-83.9051
2.15,0,0,125,-83.9076
2.175,0,0,125,-83.9101
2.2,0,0,125,-83.9127
2.225,0,0,125,-83.9153
2.25,0,0,125,-83.9179
2.275,0,0,125,-83.9206
2.3,0,0,125,-83.9234
2.325,0,0,125,-83.9263
2.35,0,0,125,-83.9292
2.375,0,0,125,-83.9322
2.4,0,0,125,-83.9353
2.425,0,0,125,-83.9384
2.45,0,0,125,-83.9415
2.475,0,0,125,-83.9448
2.5,0,0,125,-83.9481
2.525,0,0,125,-83.9515
2.55,0,0,125,-83.9549
2.575,0,0,125,-83.9584
2.6,0,0,125,-83.9619
2.625,0,0,125,-83.9656
2.65,0,0,125,-83.9692
2.675,0,0,125,-83.973
2.7,0,0,125,-83.9767
2.725,0,0,125,-83.9805
2.75,0,0,125,-83.9843
2.775,0,0,125,-83.9882
2.8,0,0,125,-83.9921
2.825,0,0,125,-83.996
2.85,0,0,125,-84
2.875,0,0,125,-84.004
2.9,0,0,125,-84.008
2.925,0,0,125,-84.0121
2.95,0,0,125,-84.0161
2.975,0,0,125,-84.0202
3,0,0,125,-84.0243
3.025,0,0,125,-84.0284
3.05,0,0,125,-84.0325
3.075,0,0,125,-84.0366
3.1,0,0,125,-84.0406
3.125,0,0,125,-84.0447
3.15,0,0,125,-84.0487
3.175,0,0,125,-84.0528
3.2,0,0,125,-84.0568
3.225,0,0,125,-84.0608
3.25,0,0,125,-84.0647
3.275,0,0,125,-84.0687
3.3,0,0,125,-84.0726
3.325,0,0,125,-84.0764
3.35,0,0,125,-84.0802
3.375,0,0,125,-84.084
3.4,0,0,125,-84.0877
3.425,0,0,125,-84.0914
3.45,0,0,125,-84.0951
3.475,0,0,125,-84.0987
3.5,0,0,125,-84.1023
3.525,0,0,125,-84.1058
3.55,0,0,125,-84.1092
3.575,0,0,125,-84.1126
3.6,0,0,125,-84.1159
3.625,0,0,125,-84.1191
3.65,0,0,125,-84.1223
3.675,0,0,125,-84.1253
3.7,0,0,125,-84.1284
3.725,0,0,125,-84.1313
3.75,0,0,125,-84.1341
3.775,0,0,125,-84.1369
3.8,0,0,125,-84.1395
3.825,0,0,125,-84.1421
3.85,0,0,125,-84.1446
3.875,0,0,125,-84.147
3.9,0,0,125,-84.1494
3.925,0,0,125,-84.1516
3.95,0,0,125,-84.1538
3.975,0,0,125,-84.1558
4,0,0,125,-84.1578
4.025,0,0,125,-84.1597
4.05,0,0,125,-84.1615
4.075,0,0,125,-84.1632
4.1,0,0,125,-84.1649
4.125,0,0,125,-84.1665
4.15,0,0,125,-84.168
4.175,0,0,125,-84.1695
4.2,0,0,125,-84.1709
4.225,0,0,125,-84.1722
4.25,0,0,125,-84.1735
4.275,0,0,125,-84.1747
4.3,0,0,125,-84.1758
4.325,0,0,125,-84.1769
4.35,0,0,125,-84.1779
4.375,0,0,125,-84.1788
4.4,0,0,125,-84.1797
4.425,0,0,125,-84.1805
4.45,0,0,125,-84.1812
4.475,0,0,125,-84.1819
4.5,0,0,125,-84.1826
4.525,0,0,125,-84.1831
4.55,0,0,125,-84.1837
4.575,0,0,125,-84.1842
4.6,0,0,125,-84.1847
4.625,0,0,125,-84.1851
4.65,0,0,125,-84.1855
4.675,0,0,125,-84.1859
4.7,0,0,125,-84.1862
4.725,0,0,125,-84.1865
4.75,0,0,125,-84.1867
4.775,0,0,125,-84.1869
4.8,0,0,125,-84.187
4.825,0,0,125,-84.1872
4.85,0,0,125,-84.1873
4.875,0,0,125,-84.1874
4.9,0,0,125,-84.1874
4.925,0,0,125,-84.1875
4.95,0,0,125,-84.1875
4.975,0,0,125,-84.1876
5,0,0,125,-84.1876
