0,0,0,125,-82.077
0.025,0,0,125,-82.0771
0.05,0,0,125,-82.0772
0.075,0,0,125,-82.0773
0.1,0,0,125,-82.0774
0.125,0,0,125,-82.0773
0.15,0,0,125,-82.0771
0.175,0,0,125,-82.0766
0.2,0,0,125,-82.0758
0.225,0,0,125,-82.0747
0.25,0,0,125,-82.0733
0.275,0,0,125,-82.0716
0.3,0,0,125,-82.0696
0.325,0,0,125,-82.0673
0.35,0,0,125,-82.0646
0.375,0,0,125,-82.0616
0.4,0,0,125,-82.0583
0.425,0,0,125,-82.0546
0.45,0,0,125,-82.0506
0.475,0,0,125,-82.0463
0.5,0,0,125,-82.0417
0.525,0,0,125,-82.0368
0.55,0,0,125,-82.0316
0.575,0,0,125,-82.026
0.6,0,0,125,-82.0201
0.625,0,0,125,-82.014
0.65,0,0,125,-82.0075
0.675,0,0,125,-82.0007
0.7,0,0,125,-81.9937
0.725,0,0,125,-81.9863
0.75,0,0,125,-81.9786
0.775,0,0,125,-81.9706
0.8,0,0,125,-81.9623
0.825,0,0,125,-81.9537
0.85,0,0,125,-81.9448
0.875,0,0,125,-81.9356
0.9,0,0,125,-81.9262
0.925,0,0,125,-81.9164
0.95,0,0,125,-81.9063
0.975,0,0,125,-81.8959
1,0,0,125,-81.8852
1.025,0,0,125,-81.8743
1.05,0,0,125,-81.863
1.075,0,0,125,-81.8514
1.1,0,0,125,-81.8395
1.125,0,0,125,-81.8272
1.15,0,0,125,-81.8147
1.175,0,0,125,-81.8019
1.2,0,0,125,-81.7887
1.225,0,0,125,-81.7752
1.25,0,0,125,-81.7614
1.275,0,0,125,-81.7473
1.3,0,0,125,-81.7329
1.325,0,0,125,-81.7181
1.35,0,0,125,-81.703
1.375,0,0,125,-81.6875
1.4,0,0,125,-81.6718
1.425,0,0,125,-81.6557
1.45,0,0,125,-81.6392
1.475,0,0,125,-81.6224
1.5,0,0,125,-81.6052
1.525,0,0,125,-81.5877
1.55,0,0,125,-81.5698
1.575,0,0,125,-81.5516
1.6,0,0,125,-81.533
1.625,0,0,125,-81.514
1.65,0,0,125,-81.4946
1.675,0,0,125,-81.4749
1.7,0,0,125,-81.4547
1.725,0,0,125,-81.4342
1.75,0,0,125,-81.4133
1.775,0,0,125,-81.3919
1.8,0,0,125,-81.3702
1.825,0,0,125,-81.3481
1.85,0,0,125,-81.3255
1.875,0,0,125,-81.3025
1.9,0,0,125,-81.2791
1.925,0,0,125,-81.2553
1.95,0,0,125,-81.231
1.975,0,0,125,-81.2063
2,0,0,125,-81.1811
2.025,0,0,125,-81.1554
2.05,0,0,125,-81.1294
2.075,0,0,125,-81.1028
2.1,0,0,125,-81.0757
2.125,0,0,125,-81.0482
2.15,0,0,125,-81.0202
2.175,0,0,125,-80.9917
2.2,0,0,125,-80.9627
2.225,0,0,125,-80.9332
2.25,0,0,125,-80.9032
2.275,0,0,125,-80.8727
2.3,0,0,125,-80.8416
2.325,0,0,125,-80.8101
2.35,0,0,125,-80.7779
2.375,0,0,125,-80.7453
2.4,0,0,125,-80.7121
2.425,0,0,125,-80.6783
2.45,0,0,125,-80.644
2.475,0,0,125,-80.6091
2.5,0,0,125,-80.5737
2.525,0,0,125,-80.5377
2.55,0,0,125,-80.501
2.575,0,0,125,-80.4638
2.6,0,0,125,-80.426
2.625,0,0,125,-80.3877
2.65,0,0,125,-80.3487
2.675,0,0,125,-80.309
2.7,0,0,125,-80.2688
2.725,0,0,125,-80.228
2.75,0,0,125,-80.1865
2.775,0,0,125,-80.1445
2.8,0,0,125,-80.1017
2.825,0,0,125,-80.0584
2.85,0,0,125,-80.0144
2.875,0,0,125,-79.9698
2.9,0,0,125,-79.9245
2.925,0,0,125,-79.8786
2.95,0,0,125,-79.8321
2.975,0,0,125,-79.7849
3,0,0,125,-79.737
3.025,0,0,125,-79.6886
3.05,0,0,125,-79.6394
3.075,0,0,125,-79.5897
3.1,0,0,125,-79.5392
3.125,0,0,125,-79.4882
3.15,0,0,125,-79.4365
3.175,0,0,125,-79.3842
3.2,0,0,125,-79.3312
3.225,0,0,125,-79.2777
3.25,0,0,125,-79.2235
3.275,0,0,125,-79.1687
3.3,0,0,125,-79.1133
3.325,0,0,125,-79.0573
3.35,0,0,125,-79.0008
3.375,0,0,125,-78.9436
3.4,0,0,125,-78.886
3.425,0,0,125,-78.8277
3.45,0,0,125,-78.769
3.475,0,0,125,-78.7097
3.5,0,0,125,-78.65
3.525,0,0,125,-78.5897
3.55,0,0,125,-78.5291
3.575,0,0,125,-78.4679
3.6,0,0,125,-78.4064
3.625,0,0,125,-78.3445
3.65,0,0,125,-78.2823
3.675,0,0,125,-78.2197
3.7,0,0,125,-78.1568
3.725,0,0,125,-78.0936
3.75,0,0,125,-78.0302
3.775,0,0,125,-77.9667
3.8,0,0,125,-77.9029
3.825,0,0,125,-77.839
3.85,0,0,125,-77.7751
3.875,0,0,125,-77.7111
3.9,0,0,125,-77.6471
3.925,0,0,125,-77.5832
3.95,0,0,125,-77.5193
3.975,0,0,125,-77.4556
4,0,0,125,-77.3921
4.025,0,0,125,-77.3289
4.05,0,0,125,-77.2659
4.075,0,0,125,-77.2034
4.1,0,0,125,-77.1412
4.125,0,0,125,-77.0795
4.15,0,0,125,-77.0184
4.175,0,0,125,-76.9579
4.2,0,0,125,-76.898
4.225,0,0,125,-76.8389
4.25,0,0,125,-76.7806
4.275,0,0,125,-76.7232
4.3,0,0,125,-76.6667
4.325,0,0,125,-76.6113
4.35,0,0,125,-76.5569
4.375,0,0,125,-76.5037
4.4,0,0,125,-76.4517
4.425,0,0,125,-76.4011
4.45,0,0,125,-76.3518
4.475,0,0,125,-76.304
4.5,0,0,125,-76.2577
4.525,0,0,125,-76.213
4.55,0,0,125,-76.17
4.575,0,0,125,-76.1288
4.6,0,0,125,-76.0894
4.625,0,0,125,-76.0518
4.65,0,0,125,-76.0163
4.675,0,0,125,-75.9827
4.7,0,0,125,-75.9512
4.725,0,0,125,-75.9219
4.75,0,0,125,-75.8948
4.775,0,0,125,-75.87
4.8,0,0,125,-75.8475
4.825,0,0,125,-75.8273
4.85,0,0,125,-75.8095
4.875,0,0,125,-75.7942
4.9,0,0,125,-75.7814
4.925,0,0,125,-75.7711
4.95,0,0,125,-75.7634
4.975,0,0,125,-75.7582
5,0,0,125,-75.7556
