0,0,0,125,10.2471
0.025,0,0,125,10.2506
0.05,0,0,125,10.2574
0.075,0,0,125,10.2672
0.1,0,0,125,10.2798
0.125,0,0,125,10.2945
0.15,0,0,125,10.311
0.175,0,0,125,10.3289
0.2,0,0,125,10.3479
0.225,0,0,125,10.368
0.25,0,0,125,10.389
0.275,0,0,125,10.4108
0.3,0,0,125,10.4334
0.325,0,0,125,10.4566
0.35,0,0,125,10.4804
0.375,0,0,125,10.5048
0.4,0,0,125,10.5297
0.425,0,0,125,10.555
0.45,0,0,125,10.5807
0.475,0,0,125,10.6068
0.5,0,0,125,10.6332
0.525,0,0,125,10.6599
0.55,0,0,125,10.6869
0.575,0,0,125,10.7141
0.6,0,0,125,10.7415
0.625,0,0,125,10.7692
0.65,0,0,125,10.797
0.675,0,0,125,10.825
0.7,0,0,125,10.8531
0.725,0,0,125,10.8813
0.75,0,0,125,10.9097
0.775,0,0,125,10.9382
0.8,0,0,125,10.9667
0.825,0,0,125,10.9954
0.85,0,0,125,11.0241
0.875,0,0,125,11.0529
0.9,0,0,125,11.0817
0.925,0,0,125,11.1106
0.95,0,0,125,11.1396
0.975,0,0,125,11.1685
1,0,0,125,11.1975
1.025,0,0,125,11.2265
1.05,0,0,125,11.2556
1.075,0,0,125,11.2846
1.1,0,0,125,11.3137
1.125,0,0,125,11.3427
1.15,0,0,125,11.3718
1.175,0,0,125,11.4009
1.2,0,0,125,11.4299
1.225,0,0,125,11.459
1.25,0,0,125,11.488
1.275,0,0,125,11.517
1.3,0,0,125,11.5461
1.325,0,0,125,11.5751
1.35,0,0,125,11.604
1.375,0,0,125,11.633
1.4,0,0,125,11.662
1.425,0,0,125,11.6909
1.45,0,0,125,11.7198
1.475,0,0,125,11.7486
1.5,0,0,125,11.7775
1.525,0,0,125,11.8063
1.55,0,0,125,11.8351
1.575,0,0,125,11.8639
1.6,0,0,125,11.8926
1.625,0,0,125,11.9213
1.65,0,0,125,11.95
1.675,0,0,125,11.9786
1.7,0,0,125,12.0072
1.725,0,0,125,12.0358
1.75,0,0,125,12.0643
1.775,0,0,125,12.0928
1.8,0,0,125,12.1212
1.825,0,0,125,12.1497
1.85,0,0,125,12.1781
1.875,0,0,125,12.2064
1.9,0,0,125,12.2347
1.925,0,0,125,12.263
1.95,0,0,125,12.2912
1.975,0,0,125,12.3194
2,0,0,125,12.3475
2.025,0,0,125,12.3756
2.05,0,0,125,12.4037
2.075,0,0,125,12.4317
2.1,0,0,125,12.4597
2.125,0,0,125,12.4876
2.15,0,0,125,12.5155
2.175,0,0,125,12.5434
2.2,0,0,125,12.5712
2.225,0,0,125,12.5989
2.25,0,0,125,12.6266
2.275,0,0,125,12.6543
2.3,0,0,125,12.6819
2.325,0,0,125,12.7095
2.35,0,0,125,12.737
2.375,0,0,125,12.7645
2.4,0,0,125,12.792
2.425,0,0,125,12.8194
2.45,0,0,125,12.8467
2.475,0,0,125,12.874
2.5,0,0,125,12.9013
2.525,0,0,125,12.9285
2.55,0,0,125,12.9556
2.575,0,0,125,12.9828
2.6,0,0,125,13.0098
2.625,0,0,125,13.0369
2.65,0,0,125,13.0638
2.675,0,0,125,13.0908
2.7,0,0,125,13.1176
2.725,0,0,125,13.1445
2.75,0,0,125,13.1713
2.775,0,0,125,13.198
2.8,0,0,125,13.2247
2.825,0,0,125,13.2513
2.85,0,0,125,13.2779
2.875,0,0,125,13.3045
2.9,0,0,125,13.331
2.925,0,0,125,13.3574
2.95,0,0,125,13.3838
2.975,0,0,125,13.4102
3,0,0,125,13.4365
3.025,0,0,125,13.4627
3.05,0,0,125,13.4889
3.075,0,0,125,13.5151
3.1,0,0,125,13.5412
3.125,0,0,125,13.5673
3.15,0,0,125,13.5933
3.175,0,0,125,13.6193
3.2,0,0,125,13.6453
3.225,0,0,125,13.6711
3.25,0,0,125,13.697
3.275,0,0,125,13.7228
3.3,0,0,125,13.7486
3.325,0,0,125,13.7743
3.35,0,0,125,13.8
3.375,0,0,125,13.8256
3.4,0,0,125,13.8512
3.425,0,0,125,13.8767
3.45,0,0,125,13.9022
3.475,0,0,125,13.9277
3.5,0,0,125,13.9531
3.525,0,0,125,13.9785
3.55,0,0,125,14.0038
3.575,0,0,125,14.0291
3.6,0,0,125,14.0543
3.625,0,0,125,14.0796
3.65,0,0,125,14.1047
3.675,0,0,125,14.1298
3.7,0,0,125,14.1549
3.725,0,0,125,14.18
3.75,0,0,125,14.205
3.775,0,0,125,14.2299
3.8,0,0,125,14.2548
3.825,0,0,125,14.2797
3.85,0,0,125,14.3045
3.875,0,0,125,14.3293
3.9,0,0,125,14.354
3.925,0,0,125,14.3786
3.95,0,0,125,14.4032
3.975,0,0,125,14.4277
4,0,0,125,14.4522
4.025,0,0,125,14.4766
4.05,0,0,125,14.5009
4.075,0,0,125,14.5252
4.1,0,0,125,14.5493
4.125,0,0,125,14.5734
4.15,0,0,125,14.5974
4.175,0,0,125,14.6212
4.2,0,0,125,14.645
4.225,0,0,125,14.6686
4.25,0,0,125,14.692
4.275,0,0,125,14.7153
4.3,0,0,125,14.7385
4.325,0,0,125,14.7614
4.35,0,0,125,14.7841
4.375,0,0,125,14.8066
4.4,0,0,125,14.8289
4.425,0,0,125,14.8509
4.45,0,0,125,14.8725
4.475,0,0,125,14.8938
4.5,0,0,125,14.9148
4.525,0,0,125,14.9354
4.55,0,0,125,14.9555
4.575,0,0,125,14.9751
4.6,0,0,125,14.9942
4.625,0,0,125,15.0127
4.65,0,0,125,15.0306
4.675,0,0,125,15.0479
4.7,0,0,125,15.0643
4.725,0,0,125,15.08
4.75,0,0,125,15.0948
4.775,0,0,125,15.1086
4.8,0,0,125,15.1215
4.825,0,0,125,15.1332
4.85,0,0,125,15.1438
4.875,0,0,125,15.1531
4.9,0,0,125,15.161
4.925,0,0,125,15.1675
4.95,0,0,125,15.1725
4.975,0,0,125,15.1759
5,0,0,125,15.1776
