0,0,0,125,-84.348
0.025,0,0,125,-84.3481
0.05,0,0,125,-84.3482
0.075,0,0,125,-84.3484
0.1,0,0,125,-84.3486
0.125,0,0,125,-84.3489
0.15,0,0,125,-84.3492
0.175,0,0,125,-84.3495
0.2,0,0,125,-84.3498
0.225,0,0,125,-84.3502
0.25,0,0,125,-84.3505
0.275,0,0,125,-84.3509
0.3,0,0,125,-84.3512
0.325,0,0,125,-84.3516
0.35,0,0,125,-84.352
0.375,0,0,125,-84.3523
0.4,0,0,125,-84.3527
0.425,0,0,125,-84.353
0.45,0,0,125,-84.3533
0.475,0,0,125,-84.3537
0.5,0,0,125,-84.354
0.525,0,0,125,-84.3543
0.55,0,0,125,-84.3545
0.575,0,0,125,-84.3548
0.6,0,0,125,-84.3551
0.625,0,0,125,-84.3554
0.65,0,0,125,-84.3556
0.675,0,0,125,-84.3559
0.7,0,0,125,-84.3562
0.725,0,0,125,-84.3564
0.75,0,0,125,-84.3567
0.775,0,0,125,-84.3569
0.8,0,0,125,-84.3572
0.825,0,0,125,-84.3574
0.85,0,0,125,-84.3577
0.875,0,0,125,-84.358
0.9,0,0,125,-84.3582
0.925,0,0,125,-84.3585
0.95,0,0,125,-84.3588
0.975,0,0,125,-84.359
1,0,0,125,-84.3593
1.025,0,0,125,-84.3596
1.05,0,0,125,-84.3599
1.075,0,0,125,-84.3602
1.1,0,0,125,-84.3605
1.125,0,0,125,-84.3608
1.15,0,0,125,-84.3611
1.175,0,0,125,-84.3614
1.2,0,0,125,-84.3618
1.225,0,0,125,-84.3621
1.25,0,0,125,-84.3625
1.275,0,0,125,-84.3629
1.3,0,0,125,-84.3633
1.325,0,0,125,-84.3636
1.35,0,0,125,-84.364
1.375,0,0,125,-84.3645
1.4,0,0,125,-84.3649
1.425,0,0,125,-84.3653
1.45,0,0,125,-84.3657
1.475,0,0,125,-84.3662
1.5,0,0,125,-84.3667
1.525,0,0,125,-84.3671
1.55,0,0,125,-84.3676
1.575,0,0,125,-84.3681
1.6,0,0,125,-84.3686
1.625,0,0,125,-84.3691
1.65,0,0,125,-84.3696
1.675,0,0,125,-84.3702
1.7,0,0,125,-84.3707
1.725,0,0,125,-84.3713
1.75,0,0,125,-84.3718
1.775,0,0,125,-84.3724
1.8,0,0,125,-84.373
1.825,0,0,125,-84.3736
1.85,0,0,125,-84.3741
1.875,0,0,125,-84.3748
1.9,0,0,125,-84.3754
1.925,0,0,125,-84.376
1.95,0,0,125,-84.3766
1.975,0,0,125,-84.3773
2,0,0,125,-84.3779
2.025,0,0,125,-84.3786
2.05,0,0,125,-84.3793
2.075,0,0,125,-84.3799
2.1,0,0,125,-84.3806
2.125,0,0,125,-84.3813
2.15,0,0,125,-84.382
2.175,0,0,125,-84.3828
2.2,0,0,125,-84.3835
2.225,0,0,125,-84.3843
2.25,0,0,125,-84.3851
2.275,0,0,125,-84.3859
2.3,0,0,125,-84.3868
2.325,0,0,125,-84.3876
2.35,0,0,125,-84.3885
2.375,0,0,125,-84.3894
2.4,0,0,125,-84.3904
2.425,0,0,125,-84.3913
2.45,0,0,125,-84.3923
2.475,0,0,125,-84.3933
2.5,0,0,125,-84.3943
2.525,0,0,125,-84.3954
2.55,0,0,125,-84.3964
2.575,0,0,125,-84.3975
2.6,0,0,125,-84.3986
2.625,0,0,125,-84.3997
2.65,0,0,125,-84.4008
2.675,0,0,125,-84.402
2.7,0,0,125,-84.4031
2.725,0,0,125,-84.4043
2.75,0,0,125,-84.4055
2.775,0,0,125,-84.4067
2.8,0,0,125,-84.4079
2.825,0,0,125,-84.4091
2.85,0,0,125,-84.4104
2.875,0,0,125,-84.4116
2.9,0,0,125,-84.4129
2.925,0,0,125,-84.4142
2.95,0,0,125,-84.4154
2.975,0,0,125,-84.4166
3,0,0,125,-84.4179
3.025,0,0,125,-84.4191
3.05,0,0,125,-84.4203
3.075,0,0,125,-84.4215
3.1,0,0,125,-84.4227
3.125,0,0,125,-84.4239
3.15,0,0,125,-84.425
3.175,0,0,125,-84.4262
3.2,0,0,125,-84.4273
3.225,0,0,125,-84.4285
3.25,0,0,125,-84.4296
3.275,0,0,125,-84.4307
3.3,0,0,125,-84.4318
3.325,0,0,125,-84.4329
3.35,0,0,125,-84.434
3.375,0,0,125,-84.4351
3.4,0,0,125,-84.4362
3.425,0,0,125,-84.4372
3.45,0,0,125,-84.4383
3.475,0,0,125,-84.4393
3.5,0,0,125,-84.4403
3.525,0,0,125,-84.4413
3.55,0,0,125,-84.4423
3.575,0,0,125,-84.4433
3.6,0,0,125,-84.4442
3.625,0,0,125,-84.4452
3.65,0,0,125,-84.4461
3.675,0,0,125,-84.447
3.7,0,0,125,-84.4479
3.725,0,0,125,-84.4487
3.75,0,0,125,-84.4496
3.775,0,0,125,-84.4504
3.8,0,0,125,-84.4511
3.825,0,0,125,-84.4519
3.85,0,0,125,-84.4526
3.875,0,0,125,-84.4533
3.9,0,0,125,-84.4539
3.925,0,0,125,-84.4546
3.95,0,0,125,-84.4552
3.975,0,0,125,-84.4558
4,0,0,125,-84.4563
4.025,0,0,125,-84.4569
4.05,0,0,125,-84.4574
4.075,0,0,125,-84.4579
4.1,0,0,125,-84.4584
4.125,0,0,125,-84.4588
4.15,0,0,125,-84.4593
4.175,0,0,125,-84.4597
4.2,0,0,125,-84.4601
4.225,0,0,125,-84.4605
4.25,0,0,125,-84.4609
4.275,0,0,125,-84.4613
4.3,0,0,125,-84.4616
4.325,0,0,125,-84.462
4.35,0,0,125,-84.4623
4.375,0,0,125,-84.4626
4.4,0,0,125,-84.4629
4.425,0,0,125,-84.4632
4.45,0,0,125,-84.4634
4.475,0,0,125,-84.4637
4.5,0,0,125,-84.4639
4.525,0,0,125,-84.4641
4.55,0,0,125,-84.4643
4.575,0,0,125,-84.4645
4.6,0,0,125,-84.4647
4.625,0,0,125,-84.4648
4.65,0,0,125,-84.465
4.675,0,0,125,-84.4651
4.7,0,0,125,-84.4652
4.725,0,0,125,-84.4653
4.75,0,0,125,-84.4654
4.775,0,0,125,-84.4654
4.8,0,0,125,-84.4655
4.825,0,0,125,-84.4655
4.85,0,0,125,-84.4655
4.875,0,0,125,-84.4655
4.9,0,0,125,-84.4655
4.925,0,0,125,-84.4655
4.95,0,0,125,-84.4655
4.975,0,0,125,-84.4654
5,0,0,125,-84.4654
