0,0,0,125,-84.3775
0.025,0,0,125,-84.3775
0.05,0,0,125,-84.3776
0.075,0,0,125,-84.3778
0.1,0,0,125,-84.378
0.125,0,0,125,-84.3783
0.15,0,0,125,-84.3785
0.175,0,0,125,-84.3788
0.2,0,0,125,-84.3791
0.225,0,0,125,-84.3794
0.25,0,0,125,-84.3797
0.275,0,0,125,-84.38
0.3,0,0,125,-84.3803
0.325,0,0,125,-84.3806
0.35,0,0,125,-84.3809
0.375,0,0,125,-84.3813
0.4,0,0,125,-84.3816
0.425,0,0,125,-84.3818
0.45,0,0,125,-84.3821
0.475,0,0,125,-84.3824
0.5,0,0,125,-84.3827
0.525,0,0,125,-84.3829
0.55,0,0,125,-84.3832
0.575,0,0,125,-84.3834
0.6,0,0,125,-84.3836
0.625,0,0,125,-84.3839
0.65,0,0,125,-84.3841
0.675,0,0,125,-84.3843
0.7,0,0,125,-84.3846
0.725,0,0,125,-84.3848
0.75,0,0,125,-84.385
0.775,0,0,125,-84.3852
0.8,0,0,125,-84.3855
0.825,0,0,125,-84.3857
0.85,0,0,125,-84.3859
0.875,0,0,125,-84.3861
0.9,0,0,125,-84.3864
0.925,0,0,125,-84.3866
0.95,0,0,125,-84.3868
0.975,0,0,125,-84.3871
1,0,0,125,-84.3873
1.025,0,0,125,-84.3876
1.05,0,0,125,-84.3878
1.075,0,0,125,-84.3881
1.1,0,0,125,-84.3883
1.125,0,0,125,-84.3886
1.15,0,0,125,-84.3889
1.175,0,0,125,-84.3892
1.2,0,0,125,-84.3895
1.225,0,0,125,-84.3898
1.25,0,0,125,-84.3901
1.275,0,0,125,-84.3905
1.3,0,0,125,-84.3908
1.325,0,0,125,-84.3912
1.35,0,0,125,-84.3915
1.375,0,0,125,-84.3919
1.4,0,0,125,-84.3923
1.425,0,0,125,-84.3927
1.45,0,0,125,-84.3931
1.475,0,0,125,-84.3935
1.5,0,0,125,-84.3939
1.525,0,0,125,-84.3943
1.55,0,0,125,-84.3948
1.575,0,0,125,-84.3952
1.6,0,0,125,-84.3957
1.625,0,0,125,-84.3961
1.65,0,0,125,-84.3966
1.675,0,0,125,-84.3971
1.7,0,0,125,-84.3976
1.725,0,0,125,-84.3981
1.75,0,0,125,-84.3986
1.775,0,0,125,-84.3991
1.8,0,0,125,-84.3996
1.825,0,0,125,-84.4002
1.85,0,0,125,-84.4007
1.875,0,0,125,-84.4013
1.9,0,0,125,-84.4018
1.925,0,0,125,-84.4023
1.95,0,0,125,-84.4029
1.975,0,0,125,-84.4034
2,0,0,125,-84.404
2.025,0,0,125,-84.4045
2.05,0,0,125,-84.4051
2.075,0,0,125,-84.4057
2.1,0,0,125,-84.4063
2.125,0,0,125,-84.407
2.15,0,0,125,-84.4076
2.175,0,0,125,-84.4083
2.2,0,0,125,-84.409
2.225,0,0,125,-84.4097
2.25,0,0,125,-84.4104
2.275,0,0,125,-84.4111
2.3,0,0,125,-84.4118
2.325,0,0,125,-84.4126
2.35,0,0,125,-84.4134
2.375,0,0,125,-84.4142
2.4,0,0,125,-84.415
2.425,0,0,125,-84.4158
2.45,0,0,125,-84.4166
2.475,0,0,125,-84.4174
2.5,0,0,125,-84.4183
2.525,0,0,125,-84.4192
2.55,0,0,125,-84.4201
2.575,0,0,125,-84.421
2.6,0,0,125,-84.4219
2.625,0,0,125,-84.4228
2.65,0,0,125,-84.4238
2.675,0,0,125,-84.4247
2.7,0,0,125,-84.4257
2.725,0,0,125,-84.4267
2.75,0,0,125,-84.4277
2.775,0,0,125,-84.4288
2.8,0,0,125,-84.4298
2.825,0,0,125,-84.4309
2.85,0,0,125,-84.4319
2.875,0,0,125,-84.433
2.9,0,0,125,-84.4341
2.925,0,0,125,-84.4352
2.95,0,0,125,-84.4363
2.975,0,0,125,-84.4374
3,0,0,125,-84.4385
3.025,0,0,125,-84.4397
3.05,0,0,125,-84.4408
3.075,0,0,125,-84.4419
3.1,0,0,125,-84.4429
3.125,0,0,125,-84.444
3.15,0,0,125,-84.4451
3.175,0,0,125,-84.4461
3.2,0,0,125,-84.4471
3.225,0,0,125,-84.4481
3.25,0,0,125,-84.4491
3.275,0,0,125,-84.4501
3.3,0,0,125,-84.451
3.325,0,0,125,-84.452
3.35,0,0,125,-84.4529
3.375,0,0,125,-84.4538
3.4,0,0,125,-84.4547
3.425,0,0,125,-84.4556
3.45,0,0,125,-84.4564
3.475,0,0,125,-84.4573
3.5,0,0,125,-84.4581
3.525,0,0,125,-84.4589
3.55,0,0,125,-84.4597
3.575,0,0,125,-84.4605
3.6,0,0,125,-84.4613
3.625,0,0,125,-84.4621
3.65,0,0,125,-84.4628
3.675,0,0,125,-84.4635
3.7,0,0,125,-84.4642
3.725,0,0,125,-84.4649
3.75,0,0,125,-84.4656
3.775,0,0,125,-84.4663
3.8,0,0,125,-84.4669
3.825,0,0,125,-84.4676
3.85,0,0,125,-84.4682
3.875,0,0,125,-84.4688
3.9,0,0,125,-84.4693
3.925,0,0,125,-84.4699
3.95,0,0,125,-84.4704
3.975,0,0,125,-84.471
4,0,0,125,-84.4715
4.025,0,0,125,-84.472
4.05,0,0,125,-84.4725
4.075,0,0,125,-84.4729
4.1,0,0,125,-84.4734
4.125,0,0,125,-84.4738
4.15,0,0,125,-84.4742
4.175,0,0,125,-84.4746
4.2,0,0,125,-84.475
4.225,0,0,125,-84.4754
4.25,0,0,125,-84.4757
4.275,0,0,125,-84.4761
4.3,0,0,125,-84.4764
4.325,0,0,125,-84.4767
4.35,0,0,125,-84.477
4.375,0,0,125,-84.4773
4.4,0,0,125,-84.4776
4.425,0,0,125,-84.4778
4.45,0,0,125,-84.4781
4.475,0,0,125,-84.4783
4.5,0,0,125,-84.4785
4.525,0,0,125,-84.4787
4.55,0,0,125,-84.4789
4.575,0,0,125,-84.479
4.6,0,0,125,-84.4792
4.625,0,0,125,-84.4793
4.65,0,0,125,-84.4794
4.675,0,0,125,-84.4795
4.7,0,0,125,-84.4796
4.725,0,0,125,-84.4797
4.75,0,0,125,-84.4797
4.775,0,0,125,-84.4798
4.8,0,0,125,-84.4798
4.825,0,0,125,-84.4798
4.85,0,0,125,-84.4798
4.875,0,0,125,-84.4798
4.9,0,0,125,-84.4797
4.925,0,0,125,-84.4797
4.95,0,0,125,-84.4797
4.975,0,0,125,-84.4796
5,0,0,125,-84.4796
