0,0,0,125,28.0306
0.025,0,0,125,27.8613
0.05,0,0,125,27.5287
0.075,0,0,125,27.0441
0.1,0,0,125,26.4239
0.125,0,0,125,25.6882
0.15,0,0,125,24.8612
0.175,0,0,125,23.9706
0.2,0,0,125,23.0456
0.225,0,0,125,22.1156
0.25,0,0,125,21.2071
0.275,0,0,125,20.3423
0.3,0,0,125,19.5373
0.325,0,0,125,18.8005
0.35,0,0,125,18.1311
0.375,0,0,125,17.5174
0.4,0,0,125,16.9342
0.425,0,0,125,16.3402
0.45,0,0,125,15.6726
0.475,0,0,125,14.8405
0.5,0,0,125,13.7123
0.525,0,0,125,12.0963
0.55,0,0,125,9.70691
0.575,0,0,125,6.1072
0.6,0,0,125,0.613239
0.625,0,0,125,-7.83647
0.65,0,0,125,-20.6398
0.675,0,0,125,-37.4274
0.7,0,0,125,-51.9109
0.725,0,0,125,-62.1428
0.75,0,0,125,-69.1276
0.775,0,0,125,-73.861
0.8,0,0,125,-77.0577
0.825,0,0,125,-79.2112
0.85,0,0,125,-80.6589
0.875,0,0,125,-81.6303
0.9,0,0,125,-82.2807
0.925,0,0,125,-82.7152
0.95,0,0,125,-83.0045
0.975,0,0,125,-83.1964
1,0,0,125,-83.3229
1.025,0,0,125,-83.4056
1.05,0,0,125,-83.4589
1.075,0,0,125,-83.4925
1.1,0,0,125,-83.513
1.125,0,0,125,-83.5246
1.15,0,0,125,-83.5301
1.175,0,0,125,-83.5317
1.2,0,0,125,-83.5305
1.225,0,0,125,-83.5273
1.25,0,0,125,-83.5228
1.275,0,0,125,-83.5173
1.3,0,0,125,-83.511
1.325,0,0,125,-83.5041
1.35,0,0,125,-83.4967
1.375,0,0,125,-83.4889
1.4,0,0,125,-83.4808
1.425,0,0,125,-83.4722
1.45,0,0,125,-83.4633
1.475,0,0,125,-83.4541
1.5,0,0,125,-83.4446
1.525,0,0,125,-83.4348
1.55,0,0,125,-83.4247
1.575,0,0,125,-83.4142
1.6,0,0,125,-83.4035
1.625,0,0,125,-83.3926
1.65,0,0,125,-83.3813
1.675,0,0,125,-83.3698
1.7,0,0,125,-83.3581
1.725,0,0,125,-83.3461
1.75,0,0,125,-83.3338
1.775,0,0,125,-83.3213
1.8,0,0,125,-83.3086
1.825,0,0,125,-83.2958
1.85,0,0,125,-83.2827
1.875,0,0,125,-83.2695
1.9,0,0,125,-83.256
1.925,0,0,125,-83.2425
1.95,0,0,125,-83.2287
1.975,0,0,125,-83.2149
2,0,0,125,-83.201
2.025,0,0,125,-83.1869
2.05,0,0,125,-83.1728
2.075,0,0,125,-83.1586
2.1,0,0,125,-83.1443
2.125,0,0,125,-83.13
2.15,0,0,125,-83.1156
2.175,0,0,125,-83.1012
2.2,0,0,125,-83.0868
2.225,0,0,125,-83.0724
2.25,0,0,125,-83.058
2.275,0,0,125,-83.0435
2.3,0,0,125,-83.0291
2.325,0,0,125,-83.0147
2.35,0,0,125,-83.0004
2.375,0,0,125,-82.986
2.4,0,0,125,-82.9717
2.425,0,0,125,-82.9574
2.45,0,0,125,-82.9431
2.475,0,0,125,-82.9289
2.5,0,0,125,-82.9146
2.525,0,0,125,-82.9004
2.55,0,0,125,-82.8862
2.575,0,0,125,-82.872
2.6,0,0,125,-82.8578
2.625,0,0,125,-82.8436
2.65,0,0,125,-82.8293
2.675,0,0,125,-82.8151
2.7,0,0,125,-82.8008
2.725,0,0,125,-82.7864
2.75,0,0,125,-82.7719
2.775,0,0,125,-82.7573
2.8,0,0,125,-82.7427
2.825,0,0,125,-82.7279
2.85,0,0,125,-82.7129
2.875,0,0,125,-82.6978
2.9,0,0,125,-82.6824
2.925,0,0,125,-82.6669
2.95,0,0,125,-82.6511
2.975,0,0,125,-82.635
3,0,0,125,-82.6186
3.025,0,0,125,-82.602
3.05,0,0,125,-82.5849
3.075,0,0,125,-82.5675
3.1,0,0,125,-82.5497
3.125,0,0,125,-82.5314
3.15,0,0,125,-82.5127
3.175,0,0,125,-82.4935
3.2,0,0,125,-82.4737
3.225,0,0,125,-82.4535
3.25,0,0,125,-82.4326
3.275,0,0,125,-82.4111
3.3,0,0,125,-82.389
3.325,0,0,125,-82.3663
3.35,0,0,125,-82.3429
3.375,0,0,125,-82.3187
3.4,0,0,125,-82.2938
3.425,0,0,125,-82.2682
3.45,0,0,125,-82.2418
3.475,0,0,125,-82.2146
3.5,0,0,125,-82.1866
3.525,0,0,125,-82.1578
3.55,0,0,125,-82.1282
3.575,0,0,125,-82.0977
3.6,0,0,125,-82.0663
3.625,0,0,125,-82.0341
3.65,0,0,125,-82.0011
3.675,0,0,125,-81.9672
3.7,0,0,125,-81.9324
3.725,0,0,125,-81.8968
3.75,0,0,125,-81.8604
3.775,0,0,125,-81.8232
3.8,0,0,125,-81.7852
3.825,0,0,125,-81.7464
3.85,0,0,125,-81.7068
3.875,0,0,125,-81.6666
3.9,0,0,125,-81.6257
3.925,0,0,125,-81.5841
3.95,0,0,125,-81.5419
3.975,0,0,125,-81.4992
4,0,0,125,-81.4559
4.025,0,0,125,-81.4122
4.05,0,0,125,-81.3681
4.075,0,0,125,-81.3237
4.1,0,0,125,-81.279
4.125,0,0,125,-81.2341
4.15,0,0,125,-81.189
4.175,0,0,125,-81.1439
4.2,0,0,125,-81.0988
4.225,0,0,125,-81.0538
4.25,0,0,125,-81.0089
4.275,0,0,125,-80.9644
4.3,0,0,125,-80.9201
4.325,0,0,125,-80.8763
4.35,0,0,125,-80.833
4.375,0,0,125,-80.7903
4.4,0,0,125,-80.7482
4.425,0,0,125,-80.707
4.45,0,0,125,-80.6666
4.475,0,0,125,-80.6272
4.5,0,0,125,-80.5889
4.525,0,0,125,-80.5517
4.55,0,0,125,-80.5157
4.575,0,0,125,-80.481
4.6,0,0,125,-80.4477
4.625,0,0,125,-80.4158
4.65,0,0,125,-80.3856
4.675,0,0,125,-80.3569
4.7,0,0,125,-80.3299
4.725,0,0,125,-80.3047
4.75,0,0,125,-80.2814
4.775,0,0,125,-80.2599
4.8,0,0,125,-80.2403
4.825,0,0,125,-80.2228
4.85,0,0,125,-80.2073
4.875,0,0,125,-80.1939
4.9,0,0,125,-80.1827
4.925,0,0,125,-80.1736
4.95,0,0,125,-80.1668
4.975,0,0,125,-80.1622
5,0,0,125,-80.16
