0,0,0,125,-82.4336
0.025,0,0,125,-82.4342
0.05,0,0,125,-82.4352
0.075,0,0,125,-82.4368
0.1,0,0,125,-82.4387
0.125,0,0,125,-82.4409
0.15,0,0,125,-82.4433
0.175,0,0,125,-82.4459
0.2,0,0,125,-82.4486
0.225,0,0,125,-82.4512
0.25,0,0,125,-82.454
0.275,0,0,125,-82.4567
0.3,0,0,125,-82.4595
0.325,0,0,125,-82.4622
0.35,0,0,125,-82.4649
0.375,0,0,125,-82.4677
0.4,0,0,125,-82.4704
0.425,0,0,125,-82.4731
0.45,0,0,125,-82.4758
0.475,0,0,125,-82.4785
0.5,0,0,125,-82.4812
0.525,0,0,125,-82.4839
0.55,0,0,125,-82.4867
0.575,0,0,125,-82.4894
0.6,0,0,125,-82.4922
0.625,0,0,125,-82.4949
0.65,0,0,125,-82.4977
0.675,0,0,125,-82.5005
0.7,0,0,125,-82.5034
0.725,0,0,125,-82.5062
0.75,0,0,125,-82.5091
0.775,0,0,125,-82.5121
0.8,0,0,125,-82.515
0.825,0,0,125,-82.5181
0.85,0,0,125,-82.5211
0.875,0,0,125,-82.5242
0.9,0,0,125,-82.5274
0.925,0,0,125,-82.5306
0.95,0,0,125,-82.5338
0.975,0,0,125,-82.5371
1,0,0,125,-82.5405
1.025,0,0,125,-82.5439
1.05,0,0,125,-82.5473
1.075,0,0,125,-82.5509
1.1,0,0,125,-82.5544
1.125,0,0,125,-82.5581
1.15,0,0,125,-82.5617
1.175,0,0,125,-82.5655
1.2,0,0,125,-82.5692
1.225,0,0,125,-82.5731
1.25,0,0,125,-82.577
1.275,0,0,125,-82.5809
1.3,0,0,125,-82.5848
1.325,0,0,125,-82.5889
1.35,0,0,125,-82.5929
1.375,0,0,125,-82.597
1.4,0,0,125,-82.6012
1.425,0,0,125,-82.6053
1.45,0,0,125,-82.6096
1.475,0,0,125,-82.6138
1.5,0,0,125,-82.6181
1.525,0,0,125,-82.6224
1.55,0,0,125,-82.6268
1.575,0,0,125,-82.6312
1.6,0,0,125,-82.6356
1.625,0,0,125,-82.6401
1.65,0,0,125,-82.6446
1.675,0,0,125,-82.6492
1.7,0,0,125,-82.6538
1.725,0,0,125,-82.6584
1.75,0,0,125,-82.6631
1.775,0,0,125,-82.6678
1.8,0,0,125,-82.6726
1.825,0,0,125,-82.6774
1.85,0,0,125,-82.6823
1.875,0,0,125,-82.6873
1.9,0,0,125,-82.6923
1.925,0,0,125,-82.6973
1.95,0,0,125,-82.7025
1.975,0,0,125,-82.7077
2,0,0,125,-82.7129
2.025,0,0,125,-82.7183
2.05,0,0,125,-82.7237
2.075,0,0,125,-82.7293
2.1,0,0,125,-82.7349
2.125,0,0,125,-82.7406
2.15,0,0,125,-82.7465
2.175,0,0,125,-82.7524
2.2,0,0,125,-82.7584
2.225,0,0,125,-82.7646
2.25,0,0,125,-82.7709
2.275,0,0,125,-82.7773
2.3,0,0,125,-82.7838
2.325,0,0,125,-82.7904
2.35,0,0,125,-82.7972
2.375,0,0,125,-82.8041
2.4,0,0,125,-82.8111
2.425,0,0,125,-82.8183
2.45,0,0,125,-82.8256
2.475,0,0,125,-82.833
2.5,0,0,125,-82.8405
2.525,0,0,125,-82.8482
2.55,0,0,125,-82.856
2.575,0,0,125,-82.864
2.6,0,0,125,-82.8721
2.625,0,0,125,-82.8803
2.65,0,0,125,-82.8887
2.675,0,0,125,-82.8972
2.7,0,0,125,-82.9058
2.725,0,0,125,-82.9145
2.75,0,0,125,-82.9233
2.775,0,0,125,-82.9322
2.8,0,0,125,-82.9413
2.825,0,0,125,-82.9504
2.85,0,0,125,-82.9596
2.875,0,0,125,-82.969
2.9,0,0,125,-82.9783
2.925,0,0,125,-82.9878
2.95,0,0,125,-82.9973
2.975,0,0,125,-83.0069
3,0,0,125,-83.0165
3.025,0,0,125,-83.0261
3.05,0,0,125,-83.0358
3.075,0,0,125,-83.0455
3.1,0,0,125,-83.0552
3.125,0,0,125,-83.065
3.15,0,0,125,-83.0747
3.175,0,0,125,-83.0843
3.2,0,0,125,-83.094
3.225,0,0,125,-83.1036
3.25,0,0,125,-83.1132
3.275,0,0,125,-83.1228
3.3,0,0,125,-83.1323
3.325,0,0,125,-83.1417
3.35,0,0,125,-83.151
3.375,0,0,125,-83.1603
3.4,0,0,125,-83.1694
3.425,0,0,125,-83.1784
3.45,0,0,125,-83.1873
3.475,0,0,125,-83.1961
3.5,0,0,125,-83.2048
3.525,0,0,125,-83.2133
3.55,0,0,125,-83.2217
3.575,0,0,125,-83.2299
3.6,0,0,125,-83.238
3.625,0,0,125,-83.2459
3.65,0,0,125,-83.2537
3.675,0,0,125,-83.2613
3.7,0,0,125,-83.2687
3.725,0,0,125,-83.2759
3.75,0,0,125,-83.2829
3.775,0,0,125,-83.2898
3.8,0,0,125,-83.2965
3.825,0,0,125,-83.303
3.85,0,0,125,-83.3092
3.875,0,0,125,-83.3153
3.9,0,0,125,-83.3212
3.925,0,0,125,-83.3269
3.95,0,0,125,-83.3323
3.975,0,0,125,-83.3376
4,0,0,125,-83.3427
4.025,0,0,125,-83.3476
4.05,0,0,125,-83.3523
4.075,0,0,125,-83.3568
4.1,0,0,125,-83.3611
4.125,0,0,125,-83.3653
4.15,0,0,125,-83.3692
4.175,0,0,125,-83.373
4.2,0,0,125,-83.3765
4.225,0,0,125,-83.3799
4.25,0,0,125,-83.3831
4.275,0,0,125,-83.3861
4.3,0,0,125,-83.389
4.325,0,0,125,-83.3917
4.35,0,0,125,-83.3942
4.375,0,0,125,-83.3966
4.4,0,0,125,-83.3988
4.425,0,0,125,-83.4009
4.45,0,0,125,-83.4029
4.475,0,0,125,-83.4047
4.5,0,0,125,-83.4064
4.525,0,0,125,-83.4079
4.55,0,0,125,-83.4093
4.575,0,0,125,-83.4106
4.6,0,0,125,-83.4118
4.625,0,0,125,-83.4129
4.65,0,0,125,-83.4138
4.675,0,0,125,-83.4147
4.7,0,0,125,-83.4154
4.725,0,0,125,-83.4161
4.75,0,0,125,-83.4167
4.775,0,0,125,-83.4172
4.8,0,0,125,-83.4175
4.825,0,0,125,-83.4178
4.85,0,0,125,-83.4181
4.875,0,0,125,-83.4183
4.9,0,0,125,-83.4184
4.925,0,0,125,-83.4185
4.95,0,0,125,-83.4185
4.975,0,0,125,-83.4185
5,0,0,125,-83.4185
