0,0,0,125,-4.55068
0.025,0,0,125,-4.55498
0.05,0,0,125,-4.56359
0.075,0,0,125,-4.57652
0.1,0,0,125,-4.59381
0.125,0,0,125,-4.61554
0.15,0,0,125,-4.64176
0.175,0,0,125,-4.6725
0.2,0,0,125,-4.70774
0.225,0,0,125,-4.74742
0.25,0,0,125,-4.79148
0.275,0,0,125,-4.83984
0.3,0,0,125,-4.89242
0.325,0,0,125,-4.94915
0.35,0,0,125,-5.00994
0.375,0,0,125,-5.07473
0.4,0,0,125,-5.14343
0.425,0,0,125,-5.21599
0.45,0,0,125,-5.29235
0.475,0,0,125,-5.37243
0.5,0,0,125,-5.4562
0.525,0,0,125,-5.54362
0.55,0,0,125,-5.63463
0.575,0,0,125,-5.72921
0.6,0,0,125,-5.82734
0.625,0,0,125,-5.929
0.65,0,0,125,-6.03417
0.675,0,0,125,-6.14285
0.7,0,0,125,-6.25504
0.725,0,0,125,-6.37075
0.75,0,0,125,-6.49
0.775,0,0,125,-6.6128
0.8,0,0,125,-6.73919
0.825,0,0,125,-6.8692
0.85,0,0,125,-7.00288
0.875,0,0,125,-7.14028
0.9,0,0,125,-7.28145
0.925,0,0,125,-7.42646
0.95,0,0,125,-7.57538
0.975,0,0,125,-7.7283
1,0,0,125,-7.88529
1.025,0,0,125,-8.04646
1.05,0,0,125,-8.21191
1.075,0,0,125,-8.38175
1.1,0,0,125,-8.5561
1.125,0,0,125,-8.73508
1.15,0,0,125,-8.91883
1.175,0,0,125,-9.10749
1.2,0,0,125,-9.30122
1.225,0,0,125,-9.50018
1.25,0,0,125,-9.70453
1.275,0,0,125,-9.91445
1.3,0,0,125,-10.1301
1.325,0,0,125,-10.3518
1.35,0,0,125,-10.5796
1.375,0,0,125,-10.8138
1.4,0,0,125,-11.0545
1.425,0,0,125,-11.3021
1.45,0,0,125,-11.5568
1.475,0,0,125,-11.8188
1.5,0,0,125,-12.0884
1.525,0,0,125,-12.3659
1.55,0,0,125,-12.6515
1.575,0,0,125,-12.9455
1.6,0,0,125,-13.2482
1.625,0,0,125,-13.56
1.65,0,0,125,-13.8811
1.675,0,0,125,-14.2119
1.7,0,0,125,-14.5526
1.725,0,0,125,-14.9037
1.75,0,0,125,-15.2655
1.775,0,0,125,-15.6382
1.8,0,0,125,-16.0224
1.825,0,0,125,-16.4183
1.85,0,0,125,-16.8264
1.875,0,0,125,-17.2469
1.9,0,0,125,-17.6802
1.925,0,0,125,-18.1268
1.95,0,0,125,-18.5871
1.975,0,0,125,-19.0613
2,0,0,125,-19.5499
2.025,0,0,125,-20.0533
2.05,0,0,125,-20.5718
2.075,0,0,125,-21.1058
2.1,0,0,125,-21.6558
2.125,0,0,125,-22.222
2.15,0,0,125,-22.8049
2.175,0,0,125,-23.4049
2.2,0,0,125,-24.0222
2.225,0,0,125,-24.6574
2.25,0,0,125,-25.3107
2.275,0,0,125,-25.9825
2.3,0,0,125,-26.6733
2.325,0,0,125,-27.3832
2.35,0,0,125,-28.1128
2.375,0,0,125,-28.8623
2.4,0,0,125,-29.6321
2.425,0,0,125,-30.4224
2.45,0,0,125,-31.2337
2.475,0,0,125,-32.066
2.5,0,0,125,-32.9197
2.525,0,0,125,-33.7949
2.55,0,0,125,-34.6916
2.575,0,0,125,-35.6099
2.6,0,0,125,-36.5498
2.625,0,0,125,-37.5109
2.65,0,0,125,-38.4929
2.675,0,0,125,-39.4953
2.7,0,0,125,-40.5174
2.725,0,0,125,-41.5584
2.75,0,0,125,-42.6172
2.775,0,0,125,-43.6926
2.8,0,0,125,-44.7829
2.825,0,0,125,-45.8867
2.85,0,0,125,-47.0019
2.875,0,0,125,-48.1265
2.9,0,0,125,-49.2582
2.925,0,0,125,-50.3946
2.95,0,0,125,-51.5332
2.975,0,0,125,-52.6713
3,0,0,125,-53.8061
3.025,0,0,125,-54.935
3.05,0,0,125,-56.055
3.075,0,0,125,-57.1634
3.1,0,0,125,-58.2575
3.125,0,0,125,-59.3348
3.15,0,0,125,-60.3927
3.175,0,0,125,-61.4289
3.2,0,0,125,-62.4412
3.225,0,0,125,-63.4278
3.25,0,0,125,-64.3867
3.275,0,0,125,-65.3167
3.3,0,0,125,-66.2162
3.325,0,0,125,-67.0844
3.35,0,0,125,-67.9205
3.375,0,0,125,-68.7237
3.4,0,0,125,-69.4938
3.425,0,0,125,-70.2306
3.45,0,0,125,-70.9342
3.475,0,0,125,-71.6048
3.5,0,0,125,-72.2428
3.525,0,0,125,-72.8487
3.55,0,0,125,-73.4232
3.575,0,0,125,-73.967
3.6,0,0,125,-74.4811
3.625,0,0,125,-74.9663
3.65,0,0,125,-75.4236
3.675,0,0,125,-75.8542
3.7,0,0,125,-76.259
3.725,0,0,125,-76.6392
3.75,0,0,125,-76.9959
3.775,0,0,125,-77.3301
3.8,0,0,125,-77.643
3.825,0,0,125,-77.9357
3.85,0,0,125,-78.2092
3.875,0,0,125,-78.4645
3.9,0,0,125,-78.7026
3.925,0,0,125,-78.9245
3.95,0,0,125,-79.1312
3.975,0,0,125,-79.3234
4,0,0,125,-79.5021
4.025,0,0,125,-79.6681
4.05,0,0,125,-79.8221
4.075,0,0,125,-79.9648
4.1,0,0,125,-80.0971
4.125,0,0,125,-80.2194
4.15,0,0,125,-80.3325
4.175,0,0,125,-80.4369
4.2,0,0,125,-80.5333
4.225,0,0,125,-80.622
4.25,0,0,125,-80.7036
4.275,0,0,125,-80.7785
4.3,0,0,125,-80.8472
4.325,0,0,125,-80.9101
4.35,0,0,125,-80.9676
4.375,0,0,125,-81.02
4.4,0,0,125,-81.0677
4.425,0,0,125,-81.111
4.45,0,0,125,-81.1502
4.475,0,0,125,-81.1855
4.5,0,0,125,-81.2173
4.525,0,0,125,-81.2457
4.55,0,0,125,-81.2711
4.575,0,0,125,-81.2936
4.6,0,0,125,-81.3136
4.625,0,0,125,-81.331
4.65,0,0,125,-81.3463
4.675,0,0,125,-81.3595
4.7,0,0,125,-81.3708
4.725,0,0,125,-81.3805
4.75,0,0,125,-81.3885
4.775,0,0,125,-81.3952
4.8,0,0,125,-81.4006
4.825,0,0,125,-81.4049
4.85,0,0,125,-81.4083
4.875,0,0,125,-81.4108
4.9,0,0,125,-81.4126
4.925,0,0,125,-81.4139
4.95,0,0,125,-81.4147
4.975,0,0,125,-81.4152
5,0,0,125,-81.4155
