0,0,0,125,-83.1446
0.025,0,0,125,-83.1451
0.05,0,0,125,-83.1459
0.075,0,0,125,-83.147
0.1,0,0,125,-83.1484
0.125,0,0,125,-83.15
0.15,0,0,125,-83.1518
0.175,0,0,125,-83.1536
0.2,0,0,125,-83.1555
0.225,0,0,125,-83.1575
0.25,0,0,125,-83.1594
0.275,0,0,125,-83.1613
0.3,0,0,125,-83.1632
0.325,0,0,125,-83.1651
0.35,0,0,125,-83.167
0.375,0,0,125,-83.1689
0.4,0,0,125,-83.1707
0.425,0,0,125,-83.1725
0.45,0,0,125,-83.1742
0.475,0,0,125,-83.1759
0.5,0,0,125,-83.1776
0.525,0,0,125,-83.1793
0.55,0,0,125,-83.1809
0.575,0,0,125,-83.1826
0.6,0,0,125,-83.1842
0.625,0,0,125,-83.1858
0.65,0,0,125,-83.1874
0.675,0,0,125,-83.189
0.7,0,0,125,-83.1906
0.725,0,0,125,-83.1922
0.75,0,0,125,-83.1938
0.775,0,0,125,-83.1953
0.8,0,0,125,-83.1968
0.825,0,0,125,-83.1984
0.85,0,0,125,-83.2
0.875,0,0,125,-83.2015
0.9,0,0,125,-83.2031
0.925,0,0,125,-83.2047
0.95,0,0,125,-83.2063
0.975,0,0,125,-83.2079
1,0,0,125,-83.2095
1.025,0,0,125,-83.2111
1.05,0,0,125,-83.2128
1.075,0,0,125,-83.2144
1.1,0,0,125,-83.2161
1.125,0,0,125,-83.2178
1.15,0,0,125,-83.2195
1.175,0,0,125,-83.2213
1.2,0,0,125,-83.223
1.225,0,0,125,-83.2249
1.25,0,0,125,-83.2267
1.275,0,0,125,-83.2286
1.3,0,0,125,-83.2306
1.325,0,0,125,-83.2326
1.35,0,0,125,-83.2346
1.375,0,0,125,-83.2366
1.4,0,0,125,-83.2387
1.425,0,0,125,-83.2408
1.45,0,0,125,-83.243
1.475,0,0,125,-83.2451
1.5,0,0,125,-83.2474
1.525,0,0,125,-83.2496
1.55,0,0,125,-83.2519
1.575,0,0,125,-83.2543
1.6,0,0,125,-83.2568
1.625,0,0,125,-83.2593
1.65,0,0,125,-83.2618
1.675,0,0,125,-83.2644
1.7,0,0,125,-83.2671
1.725,0,0,125,-83.2698
1.75,0,0,125,-83.2726
1.775,0,0,125,-83.2755
1.8,0,0,125,-83.2784
1.825,0,0,125,-83.2815
1.85,0,0,125,-83.2845
1.875,0,0,125,-83.2877
1.9,0,0,125,-83.291
1.925,0,0,125,-83.2943
1.95,0,0,125,-83.2977
1.975,0,0,125,-83.3011
2,0,0,125,-83.3047
2.025,0,0,125,-83.3084
2.05,0,0,125,-83.3121
2.075,0,0,125,-83.3159
2.1,0,0,125,-83.3199
2.125,0,0,125,-83.3239
2.15,0,0,125,-83.328
2.175,0,0,125,-83.3322
2.2,0,0,125,-83.3365
2.225,0,0,125,-83.341
2.25,0,0,125,-83.3455
2.275,0,0,125,-83.3502
2.3,0,0,125,-83.355
2.325,0,0,125,-83.3598
2.35,0,0,125,-83.3648
2.375,0,0,125,-83.3699
2.4,0,0,125,-83.3752
2.425,0,0,125,-83.3805
2.45,0,0,125,-83.3859
2.475,0,0,125,-83.3915
2.5,0,0,125,-83.3971
2.525,0,0,125,-83.4029
2.55,0,0,125,-83.4088
2.575,0,0,125,-83.4148
2.6,0,0,125,-83.4209
2.625,0,0,125,-83.4271
2.65,0,0,125,-83.4334
2.675,0,0,125,-83.4397
2.7,0,0,125,-83.4462
2.725,0,0,125,-83.4528
2.75,0,0,125,-83.4594
2.775,0,0,125,-83.4661
2.8,0,0,125,-83.4729
2.825,0,0,125,-83.4797
2.85,0,0,125,-83.4866
2.875,0,0,125,-83.4935
2.9,0,0,125,-83.5006
2.925,0,0,125,-83.5076
2.95,0,0,125,-83.5147
2.975,0,0,125,-83.5218
3,0,0,125,-83.529
3.025,0,0,125,-83.5362
3.05,0,0,125,-83.5434
3.075,0,0,125,-83.5506
3.1,0,0,125,-83.5578
3.125,0,0,125,-83.565
3.15,0,0,125,-83.5722
3.175,0,0,125,-83.5793
3.2,0,0,125,-83.5864
3.225,0,0,125,-83.5935
3.25,0,0,125,-83.6005
3.275,0,0,125,-83.6075
3.3,0,0,125,-83.6145
3.325,0,0,125,-83.6214
3.35,0,0,125,-83.6282
3.375,0,0,125,-83.6349
3.4,0,0,125,-83.6416
3.425,0,0,125,-83.6482
3.45,0,0,125,-83.6547
3.475,0,0,125,-83.6611
3.5,0,0,125,-83.6674
3.525,0,0,125,-83.6737
3.55,0,0,125,-83.6798
3.575,0,0,125,-83.6858
3.6,0,0,125,-83.6916
3.625,0,0,125,-83.6973
3.65,0,0,125,-83.7029
3.675,0,0,125,-83.7084
3.7,0,0,125,-83.7137
3.725,0,0,125,-83.7188
3.75,0,0,125,-83.7239
3.775,0,0,125,-83.7288
3.8,0,0,125,-83.7335
3.825,0,0,125,-83.7382
3.85,0,0,125,-83.7426
3.875,0,0,125,-83.747
3.9,0,0,125,-83.7512
3.925,0,0,125,-83.7553
3.95,0,0,125,-83.7592
3.975,0,0,125,-83.763
4,0,0,125,-83.7666
4.025,0,0,125,-83.7701
4.05,0,0,125,-83.7735
4.075,0,0,125,-83.7768
4.1,0,0,125,-83.7798
4.125,0,0,125,-83.7828
4.15,0,0,125,-83.7856
4.175,0,0,125,-83.7883
4.2,0,0,125,-83.7909
4.225,0,0,125,-83.7933
4.25,0,0,125,-83.7956
4.275,0,0,125,-83.7979
4.3,0,0,125,-83.8
4.325,0,0,125,-83.802
4.35,0,0,125,-83.8038
4.375,0,0,125,-83.8056
4.4,0,0,125,-83.8072
4.425,0,0,125,-83.8088
4.45,0,0,125,-83.8102
4.475,0,0,125,-83.8116
4.5,0,0,125,-83.8128
4.525,0,0,125,-83.8139
4.55,0,0,125,-83.815
4.575,0,0,125,-83.8159
4.6,0,0,125,-83.8168
4.625,0,0,125,-83.8176
4.65,0,0,125,-83.8183
4.675,0,0,125,-83.8189
4.7,0,0,125,-83.8195
4.725,0,0,125,-83.8199
4.75,0,0,125,-83.8203
4.775,0,0,125,-83.8207
4.8,0,0,125,-83.821
4.825,0,0,125,-83.8212
4.85,0,0,125,-83.8214
4.875,0,0,125,-83.8215
4.9,0,0,125,-83.8217
4.925,0,0,125,-83.8217
4.95,0,0,125,-83.8217
4.975,0,0,125,-83.8218
5,0,0,125,-83.8218
