0,0,0,125,-83.4097
0.025,0,0,125,-83.4102
0.05,0,0,125,-83.4111
0.075,0,0,125,-83.4123
0.1,0,0,125,-83.4138
0.125,0,0,125,-83.4156
0.15,0,0,125,-83.4175
0.175,0,0,125,-83.4195
0.2,0,0,125,-83.4214
0.225,0,0,125,-83.4234
0.25,0,0,125,-83.4253
0.275,0,0,125,-83.4271
0.3,0,0,125,-83.4289
0.325,0,0,125,-83.4305
0.35,0,0,125,-83.432
0.375,0,0,125,-83.4334
0.4,0,0,125,-83.4347
0.425,0,0,125,-83.4358
0.45,0,0,125,-83.4367
0.475,0,0,125,-83.4375
0.5,0,0,125,-83.438
0.525,0,0,125,-83.4384
0.55,0,0,125,-83.4386
0.575,0,0,125,-83.4385
0.6,0,0,125,-83.4383
0.625,0,0,125,-83.4378
0.65,0,0,125,-83.4371
0.675,0,0,125,-83.4361
0.7,0,0,125,-83.4349
0.725,0,0,125,-83.4335
0.75,0,0,125,-83.4318
0.775,0,0,125,-83.4299
0.8,0,0,125,-83.4277
0.825,0,0,125,-83.4252
0.85,0,0,125,-83.4224
0.875,0,0,125,-83.4193
0.9,0,0,125,-83.4159
0.925,0,0,125,-83.4122
0.95,0,0,125,-83.4081
0.975,0,0,125,-83.4038
1,0,0,125,-83.3991
1.025,0,0,125,-83.394
1.05,0,0,125,-83.3887
1.075,0,0,125,-83.3829
1.1,0,0,125,-83.3768
1.125,0,0,125,-83.3703
1.15,0,0,125,-83.3634
1.175,0,0,125,-83.3562
1.2,0,0,125,-83.3485
1.225,0,0,125,-83.3404
1.25,0,0,125,-83.3318
1.275,0,0,125,-83.3228
1.3,0,0,125,-83.3133
1.325,0,0,125,-83.3034
1.35,0,0,125,-83.293
1.375,0,0,125,-83.2821
1.4,0,0,125,-83.2706
1.425,0,0,125,-83.2587
1.45,0,0,125,-83.2462
1.475,0,0,125,-83.2331
1.5,0,0,125,-83.2195
1.525,0,0,125,-83.2052
1.55,0,0,125,-83.1904
1.575,0,0,125,-83.1749
1.6,0,0,125,-83.1587
1.625,0,0,125,-83.1419
1.65,0,0,125,-83.1243
1.675,0,0,125,-83.106
1.7,0,0,125,-83.0869
1.725,0,0,125,-83.067
1.75,0,0,125,-83.0462
1.775,0,0,125,-83.0245
1.8,0,0,125,-83.0019
1.825,0,0,125,-82.9783
1.85,0,0,125,-82.9536
1.875,0,0,125,-82.9277
1.9,0,0,125,-82.9007
1.925,0,0,125,-82.8723
1.95,0,0,125,-82.8426
1.975,0,0,125,-82.8114
2,0,0,125,-82.7786
2.025,0,0,125,-82.744
2.05,0,0,125,-82.7077
2.075,0,0,125,-82.6693
2.1,0,0,125,-82.6287
2.125,0,0,125,-82.5859
2.15,0,0,125,-82.5404
2.175,0,0,125,-82.4923
2.2,0,0,125,-82.4411
2.225,0,0,125,-82.3867
2.25,0,0,125,-82.3288
2.275,0,0,125,-82.2671
2.3,0,0,125,-82.2012
2.325,0,0,125,-82.1309
2.35,0,0,125,-82.0558
2.375,0,0,125,-81.9754
2.4,0,0,125,-81.8894
2.425,0,0,125,-81.7973
2.45,0,0,125,-81.6986
2.475,0,0,125,-81.5929
2.5,0,0,125,-81.4796
2.525,0,0,125,-81.3581
2.55,0,0,125,-81.228
2.575,0,0,125,-81.0885
2.6,0,0,125,-80.9392
2.625,0,0,125,-80.7792
2.65,0,0,125,-80.6081
2.675,0,0,125,-80.425
2.7,0,0,125,-80.2294
2.725,0,0,125,-80.0205
2.75,0,0,125,-79.7977
2.775,0,0,125,-79.5603
2.8,0,0,125,-79.3075
2.825,0,0,125,-79.0388
2.85,0,0,125,-78.7534
2.875,0,0,125,-78.4509
2.9,0,0,125,-78.1305
2.925,0,0,125,-77.7918
2.95,0,0,125,-77.4343
2.975,0,0,125,-77.0576
3,0,0,125,-76.6613
3.025,0,0,125,-76.2452
3.05,0,0,125,-75.809
3.075,0,0,125,-75.3528
3.1,0,0,125,-74.8764
3.125,0,0,125,-74.3799
3.15,0,0,125,-73.8637
3.175,0,0,125,-73.328
3.2,0,0,125,-72.7732
3.225,0,0,125,-72.1999
3.25,0,0,125,-71.6088
3.275,0,0,125,-71.0007
3.3,0,0,125,-70.3764
3.325,0,0,125,-69.737
3.35,0,0,125,-69.0835
3.375,0,0,125,-68.4172
3.4,0,0,125,-67.7392
3.425,0,0,125,-67.051
3.45,0,0,125,-66.3539
3.475,0,0,125,-65.6495
3.5,0,0,125,-64.9391
3.525,0,0,125,-64.2244
3.55,0,0,125,-63.5068
3.575,0,0,125,-62.7879
3.6,0,0,125,-62.0692
3.625,0,0,125,-61.3522
3.65,0,0,125,-60.6383
3.675,0,0,125,-59.929
3.7,0,0,125,-59.2257
3.725,0,0,125,-58.5295
3.75,0,0,125,-57.8418
3.775,0,0,125,-57.1637
3.8,0,0,125,-56.4963
3.825,0,0,125,-55.8405
3.85,0,0,125,-55.1972
3.875,0,0,125,-54.5673
3.9,0,0,125,-53.9514
3.925,0,0,125,-53.3502
3.95,0,0,125,-52.7643
3.975,0,0,125,-52.1941
4,0,0,125,-51.6399
4.025,0,0,125,-51.1021
4.05,0,0,125,-50.581
4.075,0,0,125,-50.0766
4.1,0,0,125,-49.5891
4.125,0,0,125,-49.1185
4.15,0,0,125,-48.6648
4.175,0,0,125,-48.2279
4.2,0,0,125,-47.8078
4.225,0,0,125,-47.4043
4.25,0,0,125,-47.0171
4.275,0,0,125,-46.6462
4.3,0,0,125,-46.2913
4.325,0,0,125,-45.9521
4.35,0,0,125,-45.6283
4.375,0,0,125,-45.3197
4.4,0,0,125,-45.026
4.425,0,0,125,-44.7469
4.45,0,0,125,-44.4821
4.475,0,0,125,-44.2313
4.5,0,0,125,-43.9942
4.525,0,0,125,-43.7706
4.55,0,0,125,-43.5601
4.575,0,0,125,-43.3624
4.6,0,0,125,-43.1773
4.625,0,0,125,-43.0046
4.65,0,0,125,-42.844
4.675,0,0,125,-42.6953
4.7,0,0,125,-42.5582
4.725,0,0,125,-42.4326
4.75,0,0,125,-42.3182
4.775,0,0,125,-42.215
4.8,0,0,125,-42.1226
4.825,0,0,125,-42.0411
4.85,0,0,125,-41.9702
4.875,0,0,125,-41.9097
4.9,0,0,125,-41.8597
4.925,0,0,125,-41.8198
4.95,0,0,125,-41.79
4.975,0,0,125,-41.7702
5,0,0,125,-41.7603
