0,0,0,125,-84.3946
0.025,0,0,125,-84.3947
0.05,0,0,125,-84.3948
0.075,0,0,125,-84.395
0.1,0,0,125,-84.3952
0.125,0,0,125,-84.3954
0.15,0,0,125,-84.3956
0.175,0,0,125,-84.3959
0.2,0,0,125,-84.3961
0.225,0,0,125,-84.3964
0.25,0,0,125,-84.3967
0.275,0,0,125,-84.397
0.3,0,0,125,-84.3973
0.325,0,0,125,-84.3976
0.35,0,0,125,-84.3979
0.375,0,0,125,-84.3982
0.4,0,0,125,-84.3985
0.425,0,0,125,-84.3987
0.45,0,0,125,-84.399
0.475,0,0,125,-84.3993
0.5,0,0,125,-84.3995
0.525,0,0,125,-84.3998
0.55,0,0,125,-84.4
0.575,0,0,125,-84.4003
0.6,0,0,125,-84.4005
0.625,0,0,125,-84.4007
0.65,0,0,125,-84.4009
0.675,0,0,125,-84.4012
0.7,0,0,125,-84.4014
0.725,0,0,125,-84.4016
0.75,0,0,125,-84.4018
0.775,0,0,125,-84.402
0.8,0,0,125,-84.4023
0.825,0,0,125,-84.4025
0.85,0,0,125,-84.4027
0.875,0,0,125,-84.4029
0.9,0,0,125,-84.4032
0.925,0,0,125,-84.4034
0.95,0,0,125,-84.4036
0.975,0,0,125,-84.4039
1,0,0,125,-84.4041
1.025,0,0,125,-84.4043
1.05,0,0,125,-84.4046
1.075,0,0,125,-84.4048
1.1,0,0,125,-84.4051
1.125,0,0,125,-84.4054
1.15,0,0,125,-84.4057
1.175,0,0,125,-84.406
1.2,0,0,125,-84.4063
1.225,0,0,125,-84.4066
1.25,0,0,125,-84.4069
1.275,0,0,125,-84.4072
1.3,0,0,125,-84.4076
1.325,0,0,125,-84.4079
1.35,0,0,125,-84.4083
1.375,0,0,125,-84.4087
1.4,0,0,125,-84.4091
1.425,0,0,125,-84.4094
1.45,0,0,125,-84.4098
1.475,0,0,125,-84.4103
1.5,0,0,125,-84.4107
1.525,0,0,125,-84.4111
1.55,0,0,125,-84.4115
1.575,0,0,125,-84.4119
1.6,0,0,125,-84.4122
1.625,0,0,125,-84.4126
1.65,0,0,125,-84.413
1.675,0,0,125,-84.4133
1.7,0,0,125,-84.4137
1.725,0,0,125,-84.4141
1.75,0,0,125,-84.4144
1.775,0,0,125,-84.4148
1.8,0,0,125,-84.4152
1.825,0,0,125,-84.4156
1.85,0,0,125,-84.416
1.875,0,0,125,-84.4165
1.9,0,0,125,-84.4169
1.925,0,0,125,-84.4173
1.95,0,0,125,-84.4178
1.975,0,0,125,-84.4183
2,0,0,125,-84.4188
2.025,0,0,125,-84.4193
2.05,0,0,125,-84.4198
2.075,0,0,125,-84.4203
2.1,0,0,125,-84.4209
2.125,0,0,125,-84.4214
2.15,0,0,125,-84.422
2.175,0,0,125,-84.4226
2.2,0,0,125,-84.4232
2.225,0,0,125,-84.4239
2.25,0,0,125,-84.4245
2.275,0,0,125,-84.4252
2.3,0,0,125,-84.4258
2.325,0,0,125,-84.4265
2.35,0,0,125,-84.4272
2.375,0,0,125,-84.428
2.4,0,0,125,-84.4287
2.425,0,0,125,-84.4294
2.45,0,0,125,-84.4302
2.475,0,0,125,-84.431
2.5,0,0,125,-84.4318
2.525,0,0,125,-84.4326
2.55,0,0,125,-84.4334
2.575,0,0,125,-84.4342
2.6,0,0,125,-84.4351
2.625,0,0,125,-84.4359
2.65,0,0,125,-84.4368
2.675,0,0,125,-84.4377
2.7,0,0,125,-84.4386
2.725,0,0,125,-84.4395
2.75,0,0,125,-84.4405
2.775,0,0,125,-84.4414
2.8,0,0,125,-84.4424
2.825,0,0,125,-84.4433
2.85,0,0,125,-84.4443
2.875,0,0,125,-84.4453
2.9,0,0,125,-84.4463
2.925,0,0,125,-84.4473
2.95,0,0,125,-84.4483
2.975,0,0,125,-84.4493
3,0,0,125,-84.4503
3.025,0,0,125,-84.4514
3.05,0,0,125,-84.4524
3.075,0,0,125,-84.4534
3.1,0,0,125,-84.4544
3.125,0,0,125,-84.4554
3.15,0,0,125,-84.4564
3.175,0,0,125,-84.4574
3.2,0,0,125,-84.4583
3.225,0,0,125,-84.4593
3.25,0,0,125,-84.4602
3.275,0,0,125,-84.4611
3.3,0,0,125,-84.462
3.325,0,0,125,-84.4629
3.35,0,0,125,-84.4638
3.375,0,0,125,-84.4646
3.4,0,0,125,-84.4655
3.425,0,0,125,-84.4663
3.45,0,0,125,-84.4671
3.475,0,0,125,-84.4679
3.5,0,0,125,-84.4687
3.525,0,0,125,-84.4694
3.55,0,0,125,-84.4702
3.575,0,0,125,-84.4709
3.6,0,0,125,-84.4716
3.625,0,0,125,-84.4723
3.65,0,0,125,-84.473
3.675,0,0,125,-84.4737
3.7,0,0,125,-84.4743
3.725,0,0,125,-84.475
3.75,0,0,125,-84.4756
3.775,0,0,125,-84.4762
3.8,0,0,125,-84.4768
3.825,0,0,125,-84.4774
3.85,0,0,125,-84.478
3.875,0,0,125,-84.4785
3.9,0,0,125,-84.479
3.925,0,0,125,-84.4796
3.95,0,0,125,-84.4801
3.975,0,0,125,-84.4806
4,0,0,125,-84.481
4.025,0,0,125,-84.4815
4.05,0,0,125,-84.4819
4.075,0,0,125,-84.4824
4.1,0,0,125,-84.4828
4.125,0,0,125,-84.4832
4.15,0,0,125,-84.4835
4.175,0,0,125,-84.4839
4.2,0,0,125,-84.4843
4.225,0,0,125,-84.4846
4.25,0,0,125,-84.4849
4.275,0,0,125,-84.4852
4.3,0,0,125,-84.4855
4.325,0,0,125,-84.4858
4.35,0,0,125,-84.486
4.375,0,0,125,-84.4863
4.4,0,0,125,-84.4865
4.425,0,0,125,-84.4867
4.45,0,0,125,-84.4869
4.475,0,0,125,-84.4871
4.5,0,0,125,-84.4873
4.525,0,0,125,-84.4874
4.55,0,0,125,-84.4876
4.575,0,0,125,-84.4877
4.6,0,0,125,-84.4878
4.625,0,0,125,-84.4878
4.65,0,0,125,-84.4879
4.675,0,0,125,-84.488
4.7,0,0,125,-84.488
4.725,0,0,125,-84.4881
4.75,0,0,125,-84.4881
4.775,0,0,125,-84.4881
4.8,0,0,125,-84.4881
4.825,0,0,125,-84.4882
4.85,0,0,125,-84.4881
4.875,0,0,125,-84.4881
4.9,0,0,125,-84.4881
4.925,0,0,125,-84.4881
4.95,0,0,125,-84.4881
4.975,0,0,125,-84.488
5,0,0,125,-84.488
