0,0,0,125,7.79131
0.025,0,0,125,7.79518
0.05,0,0,125,7.80276
0.075,0,0,125,7.81368
0.1,0,0,125,7.82739
0.125,0,0,125,7.84326
0.15,0,0,125,7.86066
0.175,0,0,125,7.87908
0.2,0,0,125,7.89818
0.225,0,0,125,7.91773
0.25,0,0,125,7.93755
0.275,0,0,125,7.95748
0.3,0,0,125,7.97737
0.325,0,0,125,7.99709
0.35,0,0,125,8.01652
0.375,0,0,125,8.03554
0.4,0,0,125,8.05405
0.425,0,0,125,8.07196
0.45,0,0,125,8.08915
0.475,0,0,125,8.10556
0.5,0,0,125,8.12108
0.525,0,0,125,8.13565
0.55,0,0,125,8.14918
0.575,0,0,125,8.16159
0.6,0,0,125,8.17282
0.625,0,0,125,8.18279
0.65,0,0,125,8.19144
0.675,0,0,125,8.19869
0.7,0,0,125,8.20447
0.725,0,0,125,8.20871
0.75,0,0,125,8.21136
0.775,0,0,125,8.21233
0.8,0,0,125,8.21155
0.825,0,0,125,8.20897
0.85,0,0,125,8.2045
0.875,0,0,125,8.19807
0.9,0,0,125,8.18961
0.925,0,0,125,8.17904
0.95,0,0,125,8.16629
0.975,0,0,125,8.15128
1,0,0,125,8.13392
1.025,0,0,125,8.11414
1.05,0,0,125,8.09184
1.075,0,0,125,8.06694
1.1,0,0,125,8.03936
1.125,0,0,125,8.009
1.15,0,0,125,7.97578
1.175,0,0,125,7.93958
1.2,0,0,125,7.90032
1.225,0,0,125,7.85791
1.25,0,0,125,7.81223
1.275,0,0,125,7.76319
1.3,0,0,125,7.71069
1.325,0,0,125,7.65462
1.35,0,0,125,7.59488
1.375,0,0,125,7.53137
1.4,0,0,125,7.46396
1.425,0,0,125,7.39257
1.45,0,0,125,7.31708
1.475,0,0,125,7.23739
1.5,0,0,125,7.1534
1.525,0,0,125,7.06499
1.55,0,0,125,6.97207
1.575,0,0,125,6.87454
1.6,0,0,125,6.77229
1.625,0,0,125,6.66523
1.65,0,0,125,6.55326
1.675,0,0,125,6.43628
1.7,0,0,125,6.31421
1.725,0,0,125,6.18696
1.75,0,0,125,6.05443
1.775,0,0,125,5.91654
1.8,0,0,125,5.77321
1.825,0,0,125,5.62435
1.85,0,0,125,5.46988
1.875,0,0,125,5.30973
1.9,0,0,125,5.14381
1.925,0,0,125,4.97204
1.95,0,0,125,4.79435
1.975,0,0,125,4.61065
2,0,0,125,4.42086
2.025,0,0,125,4.22491
2.05,0,0,125,4.02271
2.075,0,0,125,3.81418
2.1,0,0,125,3.59923
2.125,0,0,125,3.37777
2.15,0,0,125,3.14971
2.175,0,0,125,2.91497
2.2,0,0,125,2.67344
2.225,0,0,125,2.42502
2.25,0,0,125,2.16963
2.275,0,0,125,1.90715
2.3,0,0,125,1.63748
2.325,0,0,125,1.36052
2.35,0,0,125,1.07615
2.375,0,0,125,0.784273
2.4,0,0,125,0.484767
2.425,0,0,125,0.177526
2.45,0,0,125,-0.137559
2.475,0,0,125,-0.460599
2.5,0,0,125,-0.791701
2.525,0,0,125,-1.13097
2.55,0,0,125,-1.47851
2.575,0,0,125,-1.83442
2.6,0,0,125,-2.19878
2.625,0,0,125,-2.57168
2.65,0,0,125,-2.95321
2.675,0,0,125,-3.34342
2.7,0,0,125,-3.74236
2.725,0,0,125,-4.1501
2.75,0,0,125,-4.56665
2.775,0,0,125,-4.99202
2.8,0,0,125,-5.42623
2.825,0,0,125,-5.86923
2.85,0,0,125,-6.32101
2.875,0,0,125,-6.78148
2.9,0,0,125,-7.25057
2.925,0,0,125,-7.72817
2.95,0,0,125,-8.21413
2.975,0,0,125,-8.70829
3,0,0,125,-9.21046
3.025,0,0,125,-9.72041
3.05,0,0,125,-10.2379
3.075,0,0,125,-10.7626
3.1,0,0,125,-11.2943
3.125,0,0,125,-11.8325
3.15,0,0,125,-12.377
3.175,0,0,125,-12.9272
3.2,0,0,125,-13.4827
3.225,0,0,125,-14.0432
3.25,0,0,125,-14.6079
3.275,0,0,125,-15.1765
3.3,0,0,125,-15.7483
3.325,0,0,125,-16.3228
3.35,0,0,125,-16.8994
3.375,0,0,125,-17.4773
3.4,0,0,125,-18.0561
3.425,0,0,125,-18.635
3.45,0,0,125,-19.2133
3.475,0,0,125,-19.7903
3.5,0,0,125,-20.3655
3.525,0,0,125,-20.938
3.55,0,0,125,-21.5072
3.575,0,0,125,-22.0724
3.6,0,0,125,-22.6329
3.625,0,0,125,-23.1881
3.65,0,0,125,-23.7373
3.675,0,0,125,-24.2798
3.7,0,0,125,-24.8151
3.725,0,0,125,-25.3425
3.75,0,0,125,-25.8614
3.775,0,0,125,-26.3713
3.8,0,0,125,-26.8717
3.825,0,0,125,-27.3619
3.85,0,0,125,-27.8416
3.875,0,0,125,-28.3103
3.9,0,0,125,-28.7675
3.925,0,0,125,-29.2128
3.95,0,0,125,-29.6458
3.975,0,0,125,-30.0663
4,0,0,125,-30.4739
4.025,0,0,125,-30.8682
4.05,0,0,125,-31.2491
4.075,0,0,125,-31.6163
4.1,0,0,125,-31.9697
4.125,0,0,125,-32.309
4.15,0,0,125,-32.6342
4.175,0,0,125,-32.9452
4.2,0,0,125,-33.242
4.225,0,0,125,-33.5244
4.25,0,0,125,-33.7926
4.275,0,0,125,-34.0467
4.3,0,0,125,-34.2867
4.325,0,0,125,-34.5128
4.35,0,0,125,-34.7251
4.375,0,0,125,-34.924
4.4,0,0,125,-35.1095
4.425,0,0,125,-35.2822
4.45,0,0,125,-35.4422
4.475,0,0,125,-35.59
4.5,0,0,125,-35.7259
4.525,0,0,125,-35.8504
4.55,0,0,125,-35.964
4.575,0,0,125,-36.0671
4.6,0,0,125,-36.1603
4.625,0,0,125,-36.2441
4.65,0,0,125,-36.3191
4.675,0,0,125,-36.3858
4.7,0,0,125,-36.4448
4.725,0,0,125,-36.4967
4.75,0,0,125,-36.542
4.775,0,0,125,-36.5813
4.8,0,0,125,-36.6152
4.825,0,0,125,-36.644
4.85,0,0,125,-36.6683
4.875,0,0,125,-36.6885
4.9,0,0,125,-36.7048
4.925,0,0,125,-36.7175
4.95,0,0,125,-36.7268
4.975,0,0,125,-36.7329
5,0,0,125,-36.736
