0,0,0,125,-83.729
0.025,0,0,125,-83.7293
0.05,0,0,125,-83.7298
0.075,0,0,125,-83.7304
0.1,0,0,125,-83.7313
0.125,0,0,125,-83.7323
0.15,0,0,125,-83.7334
0.175,0,0,125,-83.7345
0.2,0,0,125,-83.7357
0.225,0,0,125,-83.7369
0.25,0,0,125,-83.7381
0.275,0,0,125,-83.7393
0.3,0,0,125,-83.7405
0.325,0,0,125,-83.7417
0.35,0,0,125,-83.7429
0.375,0,0,125,-83.7441
0.4,0,0,125,-83.7452
0.425,0,0,125,-83.7464
0.45,0,0,125,-83.7475
0.475,0,0,125,-83.7486
0.5,0,0,125,-83.7497
0.525,0,0,125,-83.7508
0.55,0,0,125,-83.7518
0.575,0,0,125,-83.7529
0.6,0,0,125,-83.7539
0.625,0,0,125,-83.7549
0.65,0,0,125,-83.7559
0.675,0,0,125,-83.7569
0.7,0,0,125,-83.7579
0.725,0,0,125,-83.7588
0.75,0,0,125,-83.7598
0.775,0,0,125,-83.7608
0.8,0,0,125,-83.7618
0.825,0,0,125,-83.7628
0.85,0,0,125,-83.7638
0.875,0,0,125,-83.7649
0.9,0,0,125,-83.7659
0.925,0,0,125,-83.767
0.95,0,0,125,-83.768
0.975,0,0,125,-83.7691
1,0,0,125,-83.7702
1.025,0,0,125,-83.7712
1.05,0,0,125,-83.7723
1.075,0,0,125,-83.7734
1.1,0,0,125,-83.7746
1.125,0,0,125,-83.7757
1.15,0,0,125,-83.7768
1.175,0,0,125,-83.778
1.2,0,0,125,-83.7791
1.225,0,0,125,-83.7803
1.25,0,0,125,-83.7814
1.275,0,0,125,-83.7826
1.3,0,0,125,-83.7838
1.325,0,0,125,-83.7851
1.35,0,0,125,-83.7864
1.375,0,0,125,-83.7877
1.4,0,0,125,-83.7891
1.425,0,0,125,-83.7905
1.45,0,0,125,-83.7919
1.475,0,0,125,-83.7934
1.5,0,0,125,-83.7949
1.525,0,0,125,-83.7965
1.55,0,0,125,-83.798
1.575,0,0,125,-83.7997
1.6,0,0,125,-83.8013
1.625,0,0,125,-83.803
1.65,0,0,125,-83.8047
1.675,0,0,125,-83.8064
1.7,0,0,125,-83.8082
1.725,0,0,125,-83.81
1.75,0,0,125,-83.8119
1.775,0,0,125,-83.8138
1.8,0,0,125,-83.8157
1.825,0,0,125,-83.8177
1.85,0,0,125,-83.8197
1.875,0,0,125,-83.8217
1.9,0,0,125,-83.8238
1.925,0,0,125,-83.8259
1.95,0,0,125,-83.8281
1.975,0,0,125,-83.8303
2,0,0,125,-83.8326
2.025,0,0,125,-83.835
2.05,0,0,125,-83.8374
2.075,0,0,125,-83.8399
2.1,0,0,125,-83.8424
2.125,0,0,125,-83.845
2.15,0,0,125,-83.8477
2.175,0,0,125,-83.8504
2.2,0,0,125,-83.8532
2.225,0,0,125,-83.8561
2.25,0,0,125,-83.859
2.275,0,0,125,-83.8619
2.3,0,0,125,-83.865
2.325,0,0,125,-83.8681
2.35,0,0,125,-83.8712
2.375,0,0,125,-83.8745
2.4,0,0,125,-83.8777
2.425,0,0,125,-83.8811
2.45,0,0,125,-83.8845
2.475,0,0,125,-83.8881
2.5,0,0,125,-83.8917
2.525,0,0,125,-83.8954
2.55,0,0,125,-83.8991
2.575,0,0,125,-83.9029
2.6,0,0,125,-83.9068
2.625,0,0,125,-83.9107
2.65,0,0,125,-83.9146
2.675,0,0,125,-83.9186
2.7,0,0,125,-83.9226
2.725,0,0,125,-83.9267
2.75,0,0,125,-83.9308
2.775,0,0,125,-83.9349
2.8,0,0,125,-83.9391
2.825,0,0,125,-83.9434
2.85,0,0,125,-83.9476
2.875,0,0,125,-83.9519
2.9,0,0,125,-83.9562
2.925,0,0,125,-83.9606
2.95,0,0,125,-83.965
2.975,0,0,125,-83.9693
3,0,0,125,-83.9737
3.025,0,0,125,-83.9781
3.05,0,0,125,-83.9825
3.075,0,0,125,-83.987
3.1,0,0,125,-83.9914
3.125,0,0,125,-83.9958
3.15,0,0,125,-84.0003
3.175,0,0,125,-84.0047
3.2,0,0,125,-84.0091
3.225,0,0,125,-84.0134
3.25,0,0,125,-84.0177
3.275,0,0,125,-84.022
3.3,0,0,125,-84.0263
3.325,0,0,125,-84.0305
3.35,0,0,125,-84.0347
3.375,0,0,125,-84.0388
3.4,0,0,125,-84.0428
3.425,0,0,125,-84.0468
3.45,0,0,125,-84.0508
3.475,0,0,125,-84.0546
3.5,0,0,125,-84.0584
3.525,0,0,125,-84.0622
3.55,0,0,125,-84.0658
3.575,0,0,125,-84.0694
3.6,0,0,125,-84.073
3.625,0,0,125,-84.0764
3.65,0,0,125,-84.0799
3.675,0,0,125,-84.0832
3.7,0,0,125,-84.0865
3.725,0,0,125,-84.0896
3.75,0,0,125,-84.0927
3.775,0,0,125,-84.0957
3.8,0,0,125,-84.0986
3.825,0,0,125,-84.1014
3.85,0,0,125,-84.1041
3.875,0,0,125,-84.1067
3.9,0,0,125,-84.1093
3.925,0,0,125,-84.1117
3.95,0,0,125,-84.1141
3.975,0,0,125,-84.1164
4,0,0,125,-84.1186
4.025,0,0,125,-84.1207
4.05,0,0,125,-84.1228
4.075,0,0,125,-84.1247
4.1,0,0,125,-84.1266
4.125,0,0,125,-84.1284
4.15,0,0,125,-84.1301
4.175,0,0,125,-84.1317
4.2,0,0,125,-84.1333
4.225,0,0,125,-84.1347
4.25,0,0,125,-84.1361
4.275,0,0,125,-84.1374
4.3,0,0,125,-84.1386
4.325,0,0,125,-84.1397
4.35,0,0,125,-84.1408
4.375,0,0,125,-84.1419
4.4,0,0,125,-84.1428
4.425,0,0,125,-84.1437
4.45,0,0,125,-84.1446
4.475,0,0,125,-84.1454
4.5,0,0,125,-84.1461
4.525,0,0,125,-84.1468
4.55,0,0,125,-84.1474
4.575,0,0,125,-84.1479
4.6,0,0,125,-84.1484
4.625,0,0,125,-84.1488
4.65,0,0,125,-84.1492
4.675,0,0,125,-84.1496
4.7,0,0,125,-84.1499
4.725,0,0,125,-84.1502
4.75,0,0,125,-84.1505
4.775,0,0,125,-84.1507
4.8,0,0,125,-84.1509
4.825,0,0,125,-84.151
4.85,0,0,125,-84.1512
4.875,0,0,125,-84.1512
4.9,0,0,125,-84.1513
4.925,0,0,125,-84.1513
4.95,0,0,125,-84.1514
4.975,0,0,125,-84.1514
5,0,0,125,-84.1514
