0,0,0,125,-84.1877
0.025,0,0,125,-84.1878
0.05,0,0,125,-84.188
0.075,0,0,125,-84.1884
0.1,0,0,125,-84.1888
0.125,0,0,125,-84.1892
0.15,0,0,125,-84.1897
0.175,0,0,125,-84.1903
0.2,0,0,125,-84.1908
0.225,0,0,125,-84.1914
0.25,0,0,125,-84.192
0.275,0,0,125,-84.1925
0.3,0,0,125,-84.1931
0.325,0,0,125,-84.1937
0.35,0,0,125,-84.1943
0.375,0,0,125,-84.1949
0.4,0,0,125,-84.1955
0.425,0,0,125,-84.196
0.45,0,0,125,-84.1966
0.475,0,0,125,-84.1971
0.5,0,0,125,-84.1976
0.525,0,0,125,-84.1981
0.55,0,0,125,-84.1986
0.575,0,0,125,-84.1991
0.6,0,0,125,-84.1995
0.625,0,0,125,-84.2
0.65,0,0,125,-84.2005
0.675,0,0,125,-84.2009
0.7,0,0,125,-84.2013
0.725,0,0,125,-84.2018
0.75,0,0,125,-84.2023
0.775,0,0,125,-84.2027
0.8,0,0,125,-84.2032
0.825,0,0,125,-84.2037
0.85,0,0,125,-84.2042
0.875,0,0,125,-84.2047
0.9,0,0,125,-84.2052
0.925,0,0,125,-84.2058
0.95,0,0,125,-84.2063
0.975,0,0,125,-84.2068
1,0,0,125,-84.2074
1.025,0,0,125,-84.208
1.05,0,0,125,-84.2085
1.075,0,0,125,-84.2091
1.1,0,0,125,-84.2097
1.125,0,0,125,-84.2103
1.15,0,0,125,-84.2109
1.175,0,0,125,-84.2115
1.2,0,0,125,-84.2122
1.225,0,0,125,-84.2128
1.25,0,0,125,-84.2135
1.275,0,0,125,-84.2141
1.3,0,0,125,-84.2148
1.325,0,0,125,-84.2155
1.35,0,0,125,-84.2161
1.375,0,0,125,-84.2168
1.4,0,0,125,-84.2175
1.425,0,0,125,-84.2182
1.45,0,0,125,-84.2189
1.475,0,0,125,-84.2196
1.5,0,0,125,-84.2204
1.525,0,0,125,-84.2211
1.55,0,0,125,-84.2219
1.575,0,0,125,-84.2227
1.6,0,0,125,-84.2235
1.625,0,0,125,-84.2243
1.65,0,0,125,-84.2251
1.675,0,0,125,-84.226
1.7,0,0,125,-84.2268
1.725,0,0,125,-84.2277
1.75,0,0,125,-84.2286
1.775,0,0,125,-84.2295
1.8,0,0,125,-84.2305
1.825,0,0,125,-84.2314
1.85,0,0,125,-84.2324
1.875,0,0,125,-84.2334
1.9,0,0,125,-84.2344
1.925,0,0,125,-84.2354
1.95,0,0,125,-84.2365
1.975,0,0,125,-84.2375
2,0,0,125,-84.2386
2.025,0,0,125,-84.2397
2.05,0,0,125,-84.2408
2.075,0,0,125,-84.2419
2.1,0,0,125,-84.2431
2.125,0,0,125,-84.2442
2.15,0,0,125,-84.2454
2.175,0,0,125,-84.2467
2.2,0,0,125,-84.248
2.225,0,0,125,-84.2493
2.25,0,0,125,-84.2506
2.275,0,0,125,-84.252
2.3,0,0,125,-84.2534
2.325,0,0,125,-84.2549
2.35,0,0,125,-84.2564
2.375,0,0,125,-84.2579
2.4,0,0,125,-84.2594
2.425,0,0,125,-84.261
2.45,0,0,125,-84.2627
2.475,0,0,125,-84.2644
2.5,0,0,125,-84.2661
2.525,0,0,125,-84.2678
2.55,0,0,125,-84.2696
2.575,0,0,125,-84.2714
2.6,0,0,125,-84.2733
2.625,0,0,125,-84.2751
2.65,0,0,125,-84.277
2.675,0,0,125,-84.279
2.7,0,0,125,-84.281
2.725,0,0,125,-84.2829
2.75,0,0,125,-84.2849
2.775,0,0,125,-84.2869
2.8,0,0,125,-84.2889
2.825,0,0,125,-84.2909
2.85,0,0,125,-84.293
2.875,0,0,125,-84.295
2.9,0,0,125,-84.297
2.925,0,0,125,-84.2991
2.95,0,0,125,-84.3012
2.975,0,0,125,-84.3032
3,0,0,125,-84.3053
3.025,0,0,125,-84.3074
3.05,0,0,125,-84.3095
3.075,0,0,125,-84.3116
3.1,0,0,125,-84.3137
3.125,0,0,125,-84.3157
3.15,0,0,125,-84.3178
3.175,0,0,125,-84.3199
3.2,0,0,125,-84.3219
3.225,0,0,125,-84.3239
3.25,0,0,125,-84.326
3.275,0,0,125,-84.328
3.3,0,0,125,-84.33
3.325,0,0,125,-84.332
3.35,0,0,125,-84.334
3.375,0,0,125,-84.3359
3.4,0,0,125,-84.3378
3.425,0,0,125,-84.3397
3.45,0,0,125,-84.3415
3.475,0,0,125,-84.3433
3.5,0,0,125,-84.345
3.525,0,0,125,-84.3468
3.55,0,0,125,-84.3484
3.575,0,0,125,-84.3501
3.6,0,0,125,-84.3517
3.625,0,0,125,-84.3533
3.65,0,0,125,-84.3548
3.675,0,0,125,-84.3563
3.7,0,0,125,-84.3578
3.725,0,0,125,-84.3592
3.75,0,0,125,-84.3606
3.775,0,0,125,-84.3619
3.8,0,0,125,-84.3632
3.825,0,0,125,-84.3645
3.85,0,0,125,-84.3657
3.875,0,0,125,-84.3669
3.9,0,0,125,-84.3681
3.925,0,0,125,-84.3692
3.95,0,0,125,-84.3703
3.975,0,0,125,-84.3713
4,0,0,125,-84.3723
4.025,0,0,125,-84.3733
4.05,0,0,125,-84.3742
4.075,0,0,125,-84.3751
4.1,0,0,125,-84.3759
4.125,0,0,125,-84.3767
4.15,0,0,125,-84.3775
4.175,0,0,125,-84.3782
4.2,0,0,125,-84.3789
4.225,0,0,125,-84.3796
4.25,0,0,125,-84.3802
4.275,0,0,125,-84.3808
4.3,0,0,125,-84.3813
4.325,0,0,125,-84.3818
4.35,0,0,125,-84.3823
4.375,0,0,125,-84.3827
4.4,0,0,125,-84.3831
4.425,0,0,125,-84.3835
4.45,0,0,125,-84.3838
4.475,0,0,125,-84.3841
4.5,0,0,125,-84.3844
4.525,0,0,125,-84.3847
4.55,0,0,125,-84.3849
4.575,0,0,125,-84.3852
4.6,0,0,125,-84.3854
4.625,0,0,125,-84.3856
4.65,0,0,125,-84.3858
4.675,0,0,125,-84.386
4.7,0,0,125,-84.3862
4.725,0,0,125,-84.3863
4.75,0,0,125,-84.3865
4.775,0,0,125,-84.3866
4.8,0,0,125,-84.3867
4.825,0,0,125,-84.3868
4.85,0,0,125,-84.3869
4.875,0,0,125,-84.3869
4.9,0,0,125,-84.387
4.925,0,0,125,-84.387
4.95,0,0,125,-84.387
4.975,0,0,125,-84.387
5,0,0,125,-84.387
