0,0,0,125,-6.56239
0.025,0,0,125,-6.55815
0.05,0,0,125,-6.5498
0.075,0,0,125,-6.53769
0.1,0,0,125,-6.52227
0.125,0,0,125,-6.50413
0.15,0,0,125,-6.48379
0.175,0,0,125,-6.46173
0.2,0,0,125,-6.43828
0.225,0,0,125,-6.41368
0.25,0,0,125,-6.38813
0.275,0,0,125,-6.36181
0.3,0,0,125,-6.33491
0.325,0,0,125,-6.30759
0.35,0,0,125,-6.28001
0.375,0,0,125,-6.25232
0.4,0,0,125,-6.22467
0.425,0,0,125,-6.19721
0.45,0,0,125,-6.17005
0.475,0,0,125,-6.14333
0.5,0,0,125,-6.11718
0.525,0,0,125,-6.09173
0.55,0,0,125,-6.06708
0.575,0,0,125,-6.04337
0.6,0,0,125,-6.02068
0.625,0,0,125,-5.99915
0.65,0,0,125,-5.97886
0.675,0,0,125,-5.95995
0.7,0,0,125,-5.9425
0.725,0,0,125,-5.92664
0.75,0,0,125,-5.91246
0.775,0,0,125,-5.90007
0.8,0,0,125,-5.88957
0.825,0,0,125,-5.88109
0.85,0,0,125,-5.87472
0.875,0,0,125,-5.87058
0.9,0,0,125,-5.86878
0.925,0,0,125,-5.86943
0.95,0,0,125,-5.87265
0.975,0,0,125,-5.87856
1,0,0,125,-5.88726
1.025,0,0,125,-5.89889
1.05,0,0,125,-5.91356
1.075,0,0,125,-5.9314
1.1,0,0,125,-5.95254
1.125,0,0,125,-5.97712
1.15,0,0,125,-6.00526
1.175,0,0,125,-6.03711
1.2,0,0,125,-6.0728
1.225,0,0,125,-6.11248
1.25,0,0,125,-6.15629
1.275,0,0,125,-6.2044
1.3,0,0,125,-6.25694
1.325,0,0,125,-6.31408
1.35,0,0,125,-6.37598
1.375,0,0,125,-6.44282
1.4,0,0,125,-6.51474
1.425,0,0,125,-6.59192
1.45,0,0,125,-6.67453
1.475,0,0,125,-6.76276
1.5,0,0,125,-6.85677
1.525,0,0,125,-6.95676
1.55,0,0,125,-7.0629
1.575,0,0,125,-7.17538
1.6,0,0,125,-7.29441
1.625,0,0,125,-7.42017
1.65,0,0,125,-7.55286
1.675,0,0,125,-7.69269
1.7,0,0,125,-7.83985
1.725,0,0,125,-7.99457
1.75,0,0,125,-8.15705
1.775,0,0,125,-8.32752
1.8,0,0,125,-8.5062
1.825,0,0,125,-8.69333
1.85,0,0,125,-8.88914
1.875,0,0,125,-9.09388
1.9,0,0,125,-9.30781
1.925,0,0,125,-9.53119
1.95,0,0,125,-9.76429
1.975,0,0,125,-10.0074
2,0,0,125,-10.2608
2.025,0,0,125,-10.5248
2.05,0,0,125,-10.7997
2.075,0,0,125,-11.0859
2.1,0,0,125,-11.3837
2.125,0,0,125,-11.6934
2.15,0,0,125,-12.0155
2.175,0,0,125,-12.3502
2.2,0,0,125,-12.6981
2.225,0,0,125,-13.0594
2.25,0,0,125,-13.4347
2.275,0,0,125,-13.8243
2.3,0,0,125,-14.2287
2.325,0,0,125,-14.6484
2.35,0,0,125,-15.0839
2.375,0,0,125,-15.5355
2.4,0,0,125,-16.0038
2.425,0,0,125,-16.4894
2.45,0,0,125,-16.9926
2.475,0,0,125,-17.514
2.5,0,0,125,-18.0541
2.525,0,0,125,-18.6134
2.55,0,0,125,-19.1925
2.575,0,0,125,-19.7917
2.6,0,0,125,-20.4117
2.625,0,0,125,-21.0528
2.65,0,0,125,-21.7157
2.675,0,0,125,-22.4007
2.7,0,0,125,-23.1084
2.725,0,0,125,-23.8391
2.75,0,0,125,-24.5934
2.775,0,0,125,-25.3717
2.8,0,0,125,-26.1743
2.825,0,0,125,-27.0017
2.85,0,0,125,-27.8543
2.875,0,0,125,-28.7324
2.9,0,0,125,-29.6363
2.925,0,0,125,-30.5664
2.95,0,0,125,-31.5228
2.975,0,0,125,-32.5057
3,0,0,125,-33.5153
3.025,0,0,125,-34.5515
3.05,0,0,125,-35.6142
3.075,0,0,125,-36.703
3.1,0,0,125,-37.8175
3.125,0,0,125,-38.9569
3.15,0,0,125,-40.1203
3.175,0,0,125,-41.3065
3.2,0,0,125,-42.5139
3.225,0,0,125,-43.7407
3.25,0,0,125,-44.9846
3.275,0,0,125,-46.2433
3.3,0,0,125,-47.514
3.325,0,0,125,-48.7935
3.35,0,0,125,-50.0786
3.375,0,0,125,-51.3657
3.4,0,0,125,-52.6512
3.425,0,0,125,-53.9312
3.45,0,0,125,-55.2019
3.475,0,0,125,-56.4594
3.5,0,0,125,-57.6999
3.525,0,0,125,-58.9198
3.55,0,0,125,-60.1156
3.575,0,0,125,-61.284
3.6,0,0,125,-62.4221
3.625,0,0,125,-63.5273
3.65,0,0,125,-64.5972
3.675,0,0,125,-65.6299
3.7,0,0,125,-66.6237
3.725,0,0,125,-67.5776
3.75,0,0,125,-68.4905
3.775,0,0,125,-69.3621
3.8,0,0,125,-70.192
3.825,0,0,125,-70.9805
3.85,0,0,125,-71.7279
3.875,0,0,125,-72.4348
3.9,0,0,125,-73.1021
3.925,0,0,125,-73.7308
3.95,0,0,125,-74.322
3.975,0,0,125,-74.8771
4,0,0,125,-75.3974
4.025,0,0,125,-75.8844
4.05,0,0,125,-76.3397
4.075,0,0,125,-76.7646
4.1,0,0,125,-77.1608
4.125,0,0,125,-77.5298
4.15,0,0,125,-77.873
4.175,0,0,125,-78.192
4.2,0,0,125,-78.4882
4.225,0,0,125,-78.763
4.25,0,0,125,-79.0177
4.275,0,0,125,-79.2535
4.3,0,0,125,-79.4717
4.325,0,0,125,-79.6735
4.35,0,0,125,-79.8599
4.375,0,0,125,-80.032
4.4,0,0,125,-80.1907
4.425,0,0,125,-80.3369
4.45,0,0,125,-80.4715
4.475,0,0,125,-80.5954
4.5,0,0,125,-80.7091
4.525,0,0,125,-80.8135
4.55,0,0,125,-80.9092
4.575,0,0,125,-80.9967
4.6,0,0,125,-81.0766
4.625,0,0,125,-81.1494
4.65,0,0,125,-81.2156
4.675,0,0,125,-81.2756
4.7,0,0,125,-81.3298
4.725,0,0,125,-81.3785
4.75,0,0,125,-81.422
4.775,0,0,125,-81.4607
4.8,0,0,125,-81.4948
4.825,0,0,125,-81.5245
4.85,0,0,125,-81.55
4.875,0,0,125,-81.5716
4.9,0,0,125,-81.5893
4.925,0,0,125,-81.6033
4.95,0,0,125,-81.6137
4.975,0,0,125,-81.6206
5,0,0,125,-81.624
