0,0,0,125,-18.7177
0.025,0,0,125,-18.7133
0.05,0,0,125,-18.7046
0.075,0,0,125,-18.6918
0.1,0,0,125,-18.6753
0.125,0,0,125,-18.6554
0.15,0,0,125,-18.6325
0.175,0,0,125,-18.6069
0.2,0,0,125,-18.5789
0.225,0,0,125,-18.5484
0.25,0,0,125,-18.5158
0.275,0,0,125,-18.4811
0.3,0,0,125,-18.4444
0.325,0,0,125,-18.4058
0.35,0,0,125,-18.3654
0.375,0,0,125,-18.3234
0.4,0,0,125,-18.2797
0.425,0,0,125,-18.2345
0.45,0,0,125,-18.1879
0.475,0,0,125,-18.14
0.5,0,0,125,-18.0908
0.525,0,0,125,-18.0404
0.55,0,0,125,-17.9888
0.575,0,0,125,-17.9362
0.6,0,0,125,-17.8825
0.625,0,0,125,-17.8279
0.65,0,0,125,-17.7724
0.675,0,0,125,-17.7161
0.7,0,0,125,-17.6589
0.725,0,0,125,-17.601
0.75,0,0,125,-17.5424
0.775,0,0,125,-17.4831
0.8,0,0,125,-17.4233
0.825,0,0,125,-17.3628
0.85,0,0,125,-17.3018
0.875,0,0,125,-17.2403
0.9,0,0,125,-17.1783
0.925,0,0,125,-17.1159
0.95,0,0,125,-17.053
0.975,0,0,125,-16.9898
1,0,0,125,-16.9262
1.025,0,0,125,-16.8623
1.05,0,0,125,-16.7981
1.075,0,0,125,-16.7337
1.1,0,0,125,-16.669
1.125,0,0,125,-16.604
1.15,0,0,125,-16.5389
1.175,0,0,125,-16.4735
1.2,0,0,125,-16.408
1.225,0,0,125,-16.3424
1.25,0,0,125,-16.2766
1.275,0,0,125,-16.2107
1.3,0,0,125,-16.1447
1.325,0,0,125,-16.0786
1.35,0,0,125,-16.0125
1.375,0,0,125,-15.9463
1.4,0,0,125,-15.88
1.425,0,0,125,-15.8137
1.45,0,0,125,-15.7474
1.475,0,0,125,-15.681
1.5,0,0,125,-15.6147
1.525,0,0,125,-15.5483
1.55,0,0,125,-15.482
1.575,0,0,125,-15.4156
1.6,0,0,125,-15.3494
1.625,0,0,125,-15.2831
1.65,0,0,125,-15.2169
1.675,0,0,125,-15.1507
1.7,0,0,125,-15.0846
1.725,0,0,125,-15.0185
1.75,0,0,125,-14.9525
1.775,0,0,125,-14.8866
1.8,0,0,125,-14.8208
1.825,0,0,125,-14.755
1.85,0,0,125,-14.6893
1.875,0,0,125,-14.6237
1.9,0,0,125,-14.5582
1.925,0,0,125,-14.4928
1.95,0,0,125,-14.4275
1.975,0,0,125,-14.3622
2,0,0,125,-14.2971
2.025,0,0,125,-14.2321
2.05,0,0,125,-14.1672
2.075,0,0,125,-14.1024
2.1,0,0,125,-14.0377
2.125,0,0,125,-13.9732
2.15,0,0,125,-13.9087
2.175,0,0,125,-13.8444
2.2,0,0,125,-13.7802
2.225,0,0,125,-13.7161
2.25,0,0,125,-13.6521
2.275,0,0,125,-13.5883
2.3,0,0,125,-13.5246
2.325,0,0,125,-13.461
2.35,0,0,125,-13.3975
2.375,0,0,125,-13.3342
2.4,0,0,125,-13.271
2.425,0,0,125,-13.2079
2.45,0,0,125,-13.1449
2.475,0,0,125,-13.0821
2.5,0,0,125,-13.0194
2.525,0,0,125,-12.9569
2.55,0,0,125,-12.8945
2.575,0,0,125,-12.8322
2.6,0,0,125,-12.7701
2.625,0,0,125,-12.7081
2.65,0,0,125,-12.6462
2.675,0,0,125,-12.5845
2.7,0,0,125,-12.5229
2.725,0,0,125,-12.4614
2.75,0,0,125,-12.4001
2.775,0,0,125,-12.3389
2.8,0,0,125,-12.2779
2.825,0,0,125,-12.217
2.85,0,0,125,-12.1562
2.875,0,0,125,-12.0956
2.9,0,0,125,-12.0352
2.925,0,0,125,-11.9748
2.95,0,0,125,-11.9146
2.975,0,0,125,-11.8546
3,0,0,125,-11.7947
3.025,0,0,125,-11.7349
3.05,0,0,125,-11.6753
3.075,0,0,125,-11.6158
3.1,0,0,125,-11.5565
3.125,0,0,125,-11.4974
3.15,0,0,125,-11.4383
3.175,0,0,125,-11.3794
3.2,0,0,125,-11.3207
3.225,0,0,125,-11.2621
3.25,0,0,125,-11.2037
3.275,0,0,125,-11.1455
3.3,0,0,125,-11.0874
3.325,0,0,125,-11.0294
3.35,0,0,125,-10.9716
3.375,0,0,125,-10.914
3.4,0,0,125,-10.8566
3.425,0,0,125,-10.7993
3.45,0,0,125,-10.7422
3.475,0,0,125,-10.6852
3.5,0,0,125,-10.6285
3.525,0,0,125,-10.5719
3.55,0,0,125,-10.5155
3.575,0,0,125,-10.4594
3.6,0,0,125,-10.4034
3.625,0,0,125,-10.3476
3.65,0,0,125,-10.292
3.675,0,0,125,-10.2366
3.7,0,0,125,-10.1815
3.725,0,0,125,-10.1265
3.75,0,0,125,-10.0719
3.775,0,0,125,-10.0174
3.8,0,0,125,-9.96321
3.825,0,0,125,-9.90928
3.85,0,0,125,-9.85561
3.875,0,0,125,-9.80223
3.9,0,0,125,-9.74914
3.925,0,0,125,-9.69636
3.95,0,0,125,-9.64389
3.975,0,0,125,-9.59176
4,0,0,125,-9.53997
4.025,0,0,125,-9.48855
4.05,0,0,125,-9.4375
4.075,0,0,125,-9.38685
4.1,0,0,125,-9.33661
4.125,0,0,125,-9.28681
4.15,0,0,125,-9.23746
4.175,0,0,125,-9.1886
4.2,0,0,125,-9.14023
4.225,0,0,125,-9.0924
4.25,0,0,125,-9.04514
4.275,0,0,125,-8.99846
4.3,0,0,125,-8.95242
4.325,0,0,125,-8.90703
4.35,0,0,125,-8.86235
4.375,0,0,125,-8.81841
4.4,0,0,125,-8.77525
4.425,0,0,125,-8.73293
4.45,0,0,125,-8.69149
4.475,0,0,125,-8.65097
4.5,0,0,125,-8.61144
4.525,0,0,125,-8.57295
4.55,0,0,125,-8.53557
4.575,0,0,125,-8.49936
4.6,0,0,125,-8.46439
4.625,0,0,125,-8.43073
4.65,0,0,125,-8.39847
4.675,0,0,125,-8.36767
4.7,0,0,125,-8.33843
4.725,0,0,125,-8.31084
4.75,0,0,125,-8.28498
4.775,0,0,125,-8.26096
4.8,0,0,125,-8.23886
4.825,0,0,125,-8.21881
4.85,0,0,125,-8.2009
4.875,0,0,125,-8.18524
4.9,0,0,125,-8.17195
4.925,0,0,125,-8.16114
4.95,0,0,125,-8.15292
4.975,0,0,125,-8.14738
5,0,0,125,-8.14459
