0,0,0,125,-84.2154
0.025,0,0,125,-84.2155
0.05,0,0,125,-84.2157
0.075,0,0,125,-84.216
0.1,0,0,125,-84.2164
0.125,0,0,125,-84.2169
0.15,0,0,125,-84.2173
0.175,0,0,125,-84.2179
0.2,0,0,125,-84.2184
0.225,0,0,125,-84.2189
0.25,0,0,125,-84.2195
0.275,0,0,125,-84.2201
0.3,0,0,125,-84.2206
0.325,0,0,125,-84.2212
0.35,0,0,125,-84.2218
0.375,0,0,125,-84.2223
0.4,0,0,125,-84.2229
0.425,0,0,125,-84.2234
0.45,0,0,125,-84.224
0.475,0,0,125,-84.2245
0.5,0,0,125,-84.225
0.525,0,0,125,-84.2255
0.55,0,0,125,-84.226
0.575,0,0,125,-84.2265
0.6,0,0,125,-84.227
0.625,0,0,125,-84.2275
0.65,0,0,125,-84.2279
0.675,0,0,125,-84.2284
0.7,0,0,125,-84.2288
0.725,0,0,125,-84.2293
0.75,0,0,125,-84.2297
0.775,0,0,125,-84.2302
0.8,0,0,125,-84.2307
0.825,0,0,125,-84.2312
0.85,0,0,125,-84.2317
0.875,0,0,125,-84.2322
0.9,0,0,125,-84.2327
0.925,0,0,125,-84.2331
0.95,0,0,125,-84.2336
0.975,0,0,125,-84.2341
1,0,0,125,-84.2345
1.025,0,0,125,-84.235
1.05,0,0,125,-84.2354
1.075,0,0,125,-84.2359
1.1,0,0,125,-84.2363
1.125,0,0,125,-84.2368
1.15,0,0,125,-84.2373
1.175,0,0,125,-84.2378
1.2,0,0,125,-84.2383
1.225,0,0,125,-84.2388
1.25,0,0,125,-84.2394
1.275,0,0,125,-84.2399
1.3,0,0,125,-84.2405
1.325,0,0,125,-84.2411
1.35,0,0,125,-84.2417
1.375,0,0,125,-84.2423
1.4,0,0,125,-84.243
1.425,0,0,125,-84.2436
1.45,0,0,125,-84.2443
1.475,0,0,125,-84.245
1.5,0,0,125,-84.2457
1.525,0,0,125,-84.2464
1.55,0,0,125,-84.2471
1.575,0,0,125,-84.2478
1.6,0,0,125,-84.2486
1.625,0,0,125,-84.2494
1.65,0,0,125,-84.2502
1.675,0,0,125,-84.251
1.7,0,0,125,-84.2518
1.725,0,0,125,-84.2526
1.75,0,0,125,-84.2534
1.775,0,0,125,-84.2543
1.8,0,0,125,-84.2552
1.825,0,0,125,-84.2561
1.85,0,0,125,-84.2569
1.875,0,0,125,-84.2578
1.9,0,0,125,-84.2588
1.925,0,0,125,-84.2597
1.95,0,0,125,-84.2606
1.975,0,0,125,-84.2616
2,0,0,125,-84.2625
2.025,0,0,125,-84.2635
2.05,0,0,125,-84.2645
2.075,0,0,125,-84.2655
2.1,0,0,125,-84.2666
2.125,0,0,125,-84.2677
2.15,0,0,125,-84.2688
2.175,0,0,125,-84.2699
2.2,0,0,125,-84.2711
2.225,0,0,125,-84.2723
2.25,0,0,125,-84.2736
2.275,0,0,125,-84.2749
2.3,0,0,125,-84.2762
2.325,0,0,125,-84.2775
2.35,0,0,125,-84.2789
2.375,0,0,125,-84.2804
2.4,0,0,125,-84.2818
2.425,0,0,125,-84.2833
2.45,0,0,125,-84.2848
2.475,0,0,125,-84.2864
2.5,0,0,125,-84.288
2.525,0,0,125,-84.2896
2.55,0,0,125,-84.2913
2.575,0,0,125,-84.2929
2.6,0,0,125,-84.2947
2.625,0,0,125,-84.2964
2.65,0,0,125,-84.2982
2.675,0,0,125,-84.3
2.7,0,0,125,-84.3019
2.725,0,0,125,-84.3038
2.75,0,0,125,-84.3057
2.775,0,0,125,-84.3076
2.8,0,0,125,-84.3095
2.825,0,0,125,-84.3114
2.85,0,0,125,-84.3133
2.875,0,0,125,-84.3153
2.9,0,0,125,-84.3173
2.925,0,0,125,-84.3193
2.95,0,0,125,-84.3212
2.975,0,0,125,-84.3232
3,0,0,125,-84.3251
3.025,0,0,125,-84.327
3.05,0,0,125,-84.329
3.075,0,0,125,-84.3309
3.1,0,0,125,-84.3328
3.125,0,0,125,-84.3347
3.15,0,0,125,-84.3366
3.175,0,0,125,-84.3384
3.2,0,0,125,-84.3403
3.225,0,0,125,-84.3422
3.25,0,0,125,-84.344
3.275,0,0,125,-84.3458
3.3,0,0,125,-84.3477
3.325,0,0,125,-84.3495
3.35,0,0,125,-84.3513
3.375,0,0,125,-84.353
3.4,0,0,125,-84.3548
3.425,0,0,125,-84.3565
3.45,0,0,125,-84.3583
3.475,0,0,125,-84.36
3.5,0,0,125,-84.3616
3.525,0,0,125,-84.3633
3.55,0,0,125,-84.3649
3.575,0,0,125,-84.3664
3.6,0,0,125,-84.368
3.625,0,0,125,-84.3695
3.65,0,0,125,-84.3709
3.675,0,0,125,-84.3723
3.7,0,0,125,-84.3737
3.725,0,0,125,-84.375
3.75,0,0,125,-84.3763
3.775,0,0,125,-84.3776
3.8,0,0,125,-84.3788
3.825,0,0,125,-84.38
3.85,0,0,125,-84.3811
3.875,0,0,125,-84.3822
3.9,0,0,125,-84.3833
3.925,0,0,125,-84.3843
3.95,0,0,125,-84.3853
3.975,0,0,125,-84.3863
4,0,0,125,-84.3872
4.025,0,0,125,-84.3881
4.05,0,0,125,-84.3889
4.075,0,0,125,-84.3897
4.1,0,0,125,-84.3905
4.125,0,0,125,-84.3912
4.15,0,0,125,-84.3919
4.175,0,0,125,-84.3925
4.2,0,0,125,-84.3931
4.225,0,0,125,-84.3937
4.25,0,0,125,-84.3943
4.275,0,0,125,-84.3948
4.3,0,0,125,-84.3953
4.325,0,0,125,-84.3957
4.35,0,0,125,-84.3961
4.375,0,0,125,-84.3965
4.4,0,0,125,-84.3969
4.425,0,0,125,-84.3972
4.45,0,0,125,-84.3976
4.475,0,0,125,-84.3979
4.5,0,0,125,-84.3982
4.525,0,0,125,-84.3984
4.55,0,0,125,-84.3987
4.575,0,0,125,-84.3989
4.6,0,0,125,-84.3992
4.625,0,0,125,-84.3994
4.65,0,0,125,-84.3996
4.675,0,0,125,-84.3998
4.7,0,0,125,-84.3999
4.725,0,0,125,-84.4001
4.75,0,0,125,-84.4002
4.775,0,0,125,-84.4003
4.8,0,0,125,-84.4004
4.825,0,0,125,-84.4005
4.85,0,0,125,-84.4006
4.875,0,0,125,-84.4007
4.9,0,0,125,-84.4007
4.925,0,0,125,-84.4007
4.95,0,0,125,-84.4007
4.975,0,0,125,-84.4008
5,0,0,125,-84.4008
