0,0,0,125,-84.3013
0.025,0,0,125,-84.3014
0.05,0,0,125,-84.3016
0.075,0,0,125,-84.3018
0.1,0,0,125,-84.3021
0.125,0,0,125,-84.3024
0.15,0,0,125,-84.3028
0.175,0,0,125,-84.3032
0.2,0,0,125,-84.3035
0.225,0,0,125,-84.3039
0.25,0,0,125,-84.3043
0.275,0,0,125,-84.3047
0.3,0,0,125,-84.3052
0.325,0,0,125,-84.3056
0.35,0,0,125,-84.306
0.375,0,0,125,-84.3065
0.4,0,0,125,-84.3069
0.425,0,0,125,-84.3073
0.45,0,0,125,-84.3077
0.475,0,0,125,-84.3081
0.5,0,0,125,-84.3085
0.525,0,0,125,-84.3089
0.55,0,0,125,-84.3092
0.575,0,0,125,-84.3096
0.6,0,0,125,-84.3099
0.625,0,0,125,-84.3103
0.65,0,0,125,-84.3106
0.675,0,0,125,-84.311
0.7,0,0,125,-84.3113
0.725,0,0,125,-84.3116
0.75,0,0,125,-84.3119
0.775,0,0,125,-84.3123
0.8,0,0,125,-84.3126
0.825,0,0,125,-84.3129
0.85,0,0,125,-84.3133
0.875,0,0,125,-84.3137
0.9,0,0,125,-84.314
0.925,0,0,125,-84.3144
0.95,0,0,125,-84.3148
0.975,0,0,125,-84.3152
1,0,0,125,-84.3156
1.025,0,0,125,-84.316
1.05,0,0,125,-84.3164
1.075,0,0,125,-84.3169
1.1,0,0,125,-84.3173
1.125,0,0,125,-84.3178
1.15,0,0,125,-84.3182
1.175,0,0,125,-84.3187
1.2,0,0,125,-84.3192
1.225,0,0,125,-84.3197
1.25,0,0,125,-84.3201
1.275,0,0,125,-84.3206
1.3,0,0,125,-84.3211
1.325,0,0,125,-84.3216
1.35,0,0,125,-84.322
1.375,0,0,125,-84.3225
1.4,0,0,125,-84.3229
1.425,0,0,125,-84.3234
1.45,0,0,125,-84.3239
1.475,0,0,125,-84.3244
1.5,0,0,125,-84.3249
1.525,0,0,125,-84.3254
1.55,0,0,125,-84.3259
1.575,0,0,125,-84.3265
1.6,0,0,125,-84.3271
1.625,0,0,125,-84.3277
1.65,0,0,125,-84.3283
1.675,0,0,125,-84.3289
1.7,0,0,125,-84.3295
1.725,0,0,125,-84.3301
1.75,0,0,125,-84.3308
1.775,0,0,125,-84.3315
1.8,0,0,125,-84.3322
1.825,0,0,125,-84.3329
1.85,0,0,125,-84.3336
1.875,0,0,125,-84.3343
1.9,0,0,125,-84.3351
1.925,0,0,125,-84.3359
1.95,0,0,125,-84.3366
1.975,0,0,125,-84.3374
2,0,0,125,-84.3382
2.025,0,0,125,-84.3391
2.05,0,0,125,-84.3399
2.075,0,0,125,-84.3408
2.1,0,0,125,-84.3416
2.125,0,0,125,-84.3425
2.15,0,0,125,-84.3434
2.175,0,0,125,-84.3444
2.2,0,0,125,-84.3453
2.225,0,0,125,-84.3462
2.25,0,0,125,-84.3472
2.275,0,0,125,-84.3482
2.3,0,0,125,-84.3492
2.325,0,0,125,-84.3502
2.35,0,0,125,-84.3513
2.375,0,0,125,-84.3524
2.4,0,0,125,-84.3535
2.425,0,0,125,-84.3546
2.45,0,0,125,-84.3558
2.475,0,0,125,-84.357
2.5,0,0,125,-84.3582
2.525,0,0,125,-84.3594
2.55,0,0,125,-84.3607
2.575,0,0,125,-84.362
2.6,0,0,125,-84.3632
2.625,0,0,125,-84.3645
2.65,0,0,125,-84.3658
2.675,0,0,125,-84.3672
2.7,0,0,125,-84.3685
2.725,0,0,125,-84.3698
2.75,0,0,125,-84.3711
2.775,0,0,125,-84.3725
2.8,0,0,125,-84.3739
2.825,0,0,125,-84.3752
2.85,0,0,125,-84.3766
2.875,0,0,125,-84.378
2.9,0,0,125,-84.3794
2.925,0,0,125,-84.3808
2.95,0,0,125,-84.3822
2.975,0,0,125,-84.3836
3,0,0,125,-84.3851
3.025,0,0,125,-84.3865
3.05,0,0,125,-84.388
3.075,0,0,125,-84.3894
3.1,0,0,125,-84.3909
3.125,0,0,125,-84.3924
3.15,0,0,125,-84.3939
3.175,0,0,125,-84.3954
3.2,0,0,125,-84.3969
3.225,0,0,125,-84.3984
3.25,0,0,125,-84.3998
3.275,0,0,125,-84.4013
3.3,0,0,125,-84.4028
3.325,0,0,125,-84.4042
3.35,0,0,125,-84.4056
3.375,0,0,125,-84.4071
3.4,0,0,125,-84.4084
3.425,0,0,125,-84.4098
3.45,0,0,125,-84.4112
3.475,0,0,125,-84.4125
3.5,0,0,125,-84.4138
3.525,0,0,125,-84.4151
3.55,0,0,125,-84.4163
3.575,0,0,125,-84.4175
3.6,0,0,125,-84.4187
3.625,0,0,125,-84.4199
3.65,0,0,125,-84.421
3.675,0,0,125,-84.4221
3.7,0,0,125,-84.4231
3.725,0,0,125,-84.4241
3.75,0,0,125,-84.4251
3.775,0,0,125,-84.4261
3.8,0,0,125,-84.427
3.825,0,0,125,-84.4279
3.85,0,0,125,-84.4288
3.875,0,0,125,-84.4296
3.9,0,0,125,-84.4304
3.925,0,0,125,-84.4312
3.95,0,0,125,-84.4319
3.975,0,0,125,-84.4326
4,0,0,125,-84.4333
4.025,0,0,125,-84.4339
4.05,0,0,125,-84.4346
4.075,0,0,125,-84.4351
4.1,0,0,125,-84.4357
4.125,0,0,125,-84.4362
4.15,0,0,125,-84.4367
4.175,0,0,125,-84.4372
4.2,0,0,125,-84.4376
4.225,0,0,125,-84.438
4.25,0,0,125,-84.4384
4.275,0,0,125,-84.4388
4.3,0,0,125,-84.4391
4.325,0,0,125,-84.4394
4.35,0,0,125,-84.4398
4.375,0,0,125,-84.4401
4.4,0,0,125,-84.4403
4.425,0,0,125,-84.4406
4.45,0,0,125,-84.4409
4.475,0,0,125,-84.4411
4.5,0,0,125,-84.4413
4.525,0,0,125,-84.4415
4.55,0,0,125,-84.4417
4.575,0,0,125,-84.4419
4.6,0,0,125,-84.4421
4.625,0,0,125,-84.4422
4.65,0,0,125,-84.4424
4.675,0,0,125,-84.4425
4.7,0,0,125,-84.4427
4.725,0,0,125,-84.4428
4.75,0,0,125,-84.4429
4.775,0,0,125,-84.443
4.8,0,0,125,-84.4431
4.825,0,0,125,-84.4432
4.85,0,0,125,-84.4433
4.875,0,0,125,-84.4433
4.9,0,0,125,-84.4434
4.925,0,0,125,-84.4434
4.95,0,0,125,-84.4434
4.975,0,0,125,-84.4435
5,0,0,125,-84.4435
