0,0,0,125,-84.4201
0.025,0,0,125,-84.4201
0.05,0,0,125,-84.4202
0.075,0,0,125,-84.4203
0.1,0,0,125,-84.4205
0.125,0,0,125,-84.4206
0.15,0,0,125,-84.4208
0.175,0,0,125,-84.421
0.2,0,0,125,-84.4213
0.225,0,0,125,-84.4215
0.25,0,0,125,-84.4217
0.275,0,0,125,-84.422
0.3,0,0,125,-84.4223
0.325,0,0,125,-84.4226
0.35,0,0,125,-84.4228
0.375,0,0,125,-84.4231
0.4,0,0,125,-84.4233
0.425,0,0,125,-84.4235
0.45,0,0,125,-84.4238
0.475,0,0,125,-84.424
0.5,0,0,125,-84.4242
0.525,0,0,125,-84.4244
0.55,0,0,125,-84.4246
0.575,0,0,125,-84.4248
0.6,0,0,125,-84.425
0.625,0,0,125,-84.4251
0.65,0,0,125,-84.4253
0.675,0,0,125,-84.4255
0.7,0,0,125,-84.4257
0.725,0,0,125,-84.4259
0.75,0,0,125,-84.426
0.775,0,0,125,-84.4262
0.8,0,0,125,-84.4264
0.825,0,0,125,-84.4266
0.85,0,0,125,-84.4268
0.875,0,0,125,-84.4269
0.9,0,0,125,-84.4271
0.925,0,0,125,-84.4273
0.95,0,0,125,-84.4275
0.975,0,0,125,-84.4277
1,0,0,125,-84.4279
1.025,0,0,125,-84.4281
1.05,0,0,125,-84.4283
1.075,0,0,125,-84.4285
1.1,0,0,125,-84.4287
1.125,0,0,125,-84.4289
1.15,0,0,125,-84.4291
1.175,0,0,125,-84.4293
1.2,0,0,125,-84.4295
1.225,0,0,125,-84.4297
1.25,0,0,125,-84.43
1.275,0,0,125,-84.4302
1.3,0,0,125,-84.4304
1.325,0,0,125,-84.4307
1.35,0,0,125,-84.4309
1.375,0,0,125,-84.4311
1.4,0,0,125,-84.4314
1.425,0,0,125,-84.4317
1.45,0,0,125,-84.4319
1.475,0,0,125,-84.4322
1.5,0,0,125,-84.4324
1.525,0,0,125,-84.4327
1.55,0,0,125,-84.433
1.575,0,0,125,-84.4333
1.6,0,0,125,-84.4336
1.625,0,0,125,-84.4339
1.65,0,0,125,-84.4342
1.675,0,0,125,-84.4345
1.7,0,0,125,-84.4348
1.725,0,0,125,-84.4351
1.75,0,0,125,-84.4354
1.775,0,0,125,-84.4358
1.8,0,0,125,-84.4361
1.825,0,0,125,-84.4365
1.85,0,0,125,-84.4368
1.875,0,0,125,-84.4372
1.9,0,0,125,-84.4376
1.925,0,0,125,-84.438
1.95,0,0,125,-84.4384
1.975,0,0,125,-84.4388
2,0,0,125,-84.4393
2.025,0,0,125,-84.4397
2.05,0,0,125,-84.4402
2.075,0,0,125,-84.4407
2.1,0,0,125,-84.4412
2.125,0,0,125,-84.4417
2.15,0,0,125,-84.4423
2.175,0,0,125,-84.4428
2.2,0,0,125,-84.4434
2.225,0,0,125,-84.4439
2.25,0,0,125,-84.4445
2.275,0,0,125,-84.4451
2.3,0,0,125,-84.4457
2.325,0,0,125,-84.4463
2.35,0,0,125,-84.4469
2.375,0,0,125,-84.4475
2.4,0,0,125,-84.4482
2.425,0,0,125,-84.4488
2.45,0,0,125,-84.4495
2.475,0,0,125,-84.4502
2.5,0,0,125,-84.4508
2.525,0,0,125,-84.4515
2.55,0,0,125,-84.4522
2.575,0,0,125,-84.4529
2.6,0,0,125,-84.4536
2.625,0,0,125,-84.4544
2.65,0,0,125,-84.4551
2.675,0,0,125,-84.4559
2.7,0,0,125,-84.4566
2.725,0,0,125,-84.4574
2.75,0,0,125,-84.4582
2.775,0,0,125,-84.459
2.8,0,0,125,-84.4598
2.825,0,0,125,-84.4606
2.85,0,0,125,-84.4614
2.875,0,0,125,-84.4622
2.9,0,0,125,-84.4631
2.925,0,0,125,-84.4639
2.95,0,0,125,-84.4648
2.975,0,0,125,-84.4657
3,0,0,125,-84.4665
3.025,0,0,125,-84.4674
3.05,0,0,125,-84.4683
3.075,0,0,125,-84.4692
3.1,0,0,125,-84.4701
3.125,0,0,125,-84.4709
3.15,0,0,125,-84.4718
3.175,0,0,125,-84.4727
3.2,0,0,125,-84.4735
3.225,0,0,125,-84.4744
3.25,0,0,125,-84.4752
3.275,0,0,125,-84.4761
3.3,0,0,125,-84.4769
3.325,0,0,125,-84.4777
3.35,0,0,125,-84.4786
3.375,0,0,125,-84.4794
3.4,0,0,125,-84.4802
3.425,0,0,125,-84.4809
3.45,0,0,125,-84.4817
3.475,0,0,125,-84.4824
3.5,0,0,125,-84.4832
3.525,0,0,125,-84.4839
3.55,0,0,125,-84.4846
3.575,0,0,125,-84.4853
3.6,0,0,125,-84.4859
3.625,0,0,125,-84.4866
3.65,0,0,125,-84.4872
3.675,0,0,125,-84.4878
3.7,0,0,125,-84.4885
3.725,0,0,125,-84.489
3.75,0,0,125,-84.4896
3.775,0,0,125,-84.4901
3.8,0,0,125,-84.4907
3.825,0,0,125,-84.4912
3.85,0,0,125,-84.4917
3.875,0,0,125,-84.4921
3.9,0,0,125,-84.4926
3.925,0,0,125,-84.493
3.95,0,0,125,-84.4934
3.975,0,0,125,-84.4938
4,0,0,125,-84.4942
4.025,0,0,125,-84.4946
4.05,0,0,125,-84.4949
4.075,0,0,125,-84.4953
4.1,0,0,125,-84.4956
4.125,0,0,125,-84.4959
4.15,0,0,125,-84.4962
4.175,0,0,125,-84.4965
4.2,0,0,125,-84.4968
4.225,0,0,125,-84.4971
4.25,0,0,125,-84.4973
4.275,0,0,125,-84.4976
4.3,0,0,125,-84.4978
4.325,0,0,125,-84.4981
4.35,0,0,125,-84.4983
4.375,0,0,125,-84.4985
4.4,0,0,125,-84.4987
4.425,0,0,125,-84.4989
4.45,0,0,125,-84.4991
4.475,0,0,125,-84.4993
4.5,0,0,125,-84.4995
4.525,0,0,125,-84.4997
4.55,0,0,125,-84.4998
4.575,0,0,125,-84.5
4.6,0,0,125,-84.5001
4.625,0,0,125,-84.5002
4.65,0,0,125,-84.5003
4.675,0,0,125,-84.5004
4.7,0,0,125,-84.5005
4.725,0,0,125,-84.5006
4.75,0,0,125,-84.5007
4.775,0,0,125,-84.5008
4.8,0,0,125,-84.5008
4.825,0,0,125,-84.5009
4.85,0,0,125,-84.5009
4.875,0,0,125,-84.501
4.9,0,0,125,-84.501
4.925,0,0,125,-84.501
4.95,0,0,125,-84.501
4.975,0,0,125,-84.501
5,0,0,125,-84.501
