0,0,0,125,-84.3709
0.025,0,0,125,-84.371
0.05,0,0,125,-84.3711
0.075,0,0,125,-84.3713
0.1,0,0,125,-84.3715
0.125,0,0,125,-84.3718
0.15,0,0,125,-84.372
0.175,0,0,125,-84.3723
0.2,0,0,125,-84.3726
0.225,0,0,125,-84.3729
0.25,0,0,125,-84.3732
0.275,0,0,125,-84.3735
0.3,0,0,125,-84.3738
0.325,0,0,125,-84.3742
0.35,0,0,125,-84.3745
0.375,0,0,125,-84.3748
0.4,0,0,125,-84.3751
0.425,0,0,125,-84.3754
0.45,0,0,125,-84.3757
0.475,0,0,125,-84.376
0.5,0,0,125,-84.3763
0.525,0,0,125,-84.3765
0.55,0,0,125,-84.3768
0.575,0,0,125,-84.377
0.6,0,0,125,-84.3773
0.625,0,0,125,-84.3775
0.65,0,0,125,-84.3778
0.675,0,0,125,-84.378
0.7,0,0,125,-84.3782
0.725,0,0,125,-84.3785
0.75,0,0,125,-84.3787
0.775,0,0,125,-84.3789
0.8,0,0,125,-84.3792
0.825,0,0,125,-84.3794
0.85,0,0,125,-84.3796
0.875,0,0,125,-84.3799
0.9,0,0,125,-84.3801
0.925,0,0,125,-84.3803
0.95,0,0,125,-84.3806
0.975,0,0,125,-84.3808
1,0,0,125,-84.3811
1.025,0,0,125,-84.3813
1.05,0,0,125,-84.3816
1.075,0,0,125,-84.3818
1.1,0,0,125,-84.3821
1.125,0,0,125,-84.3824
1.15,0,0,125,-84.3827
1.175,0,0,125,-84.383
1.2,0,0,125,-84.3833
1.225,0,0,125,-84.3836
1.25,0,0,125,-84.3839
1.275,0,0,125,-84.3843
1.3,0,0,125,-84.3846
1.325,0,0,125,-84.385
1.35,0,0,125,-84.3853
1.375,0,0,125,-84.3857
1.4,0,0,125,-84.3861
1.425,0,0,125,-84.3865
1.45,0,0,125,-84.3869
1.475,0,0,125,-84.3873
1.5,0,0,125,-84.3877
1.525,0,0,125,-84.3882
1.55,0,0,125,-84.3886
1.575,0,0,125,-84.389
1.6,0,0,125,-84.3895
1.625,0,0,125,-84.39
1.65,0,0,125,-84.3905
1.675,0,0,125,-84.3909
1.7,0,0,125,-84.3914
1.725,0,0,125,-84.3919
1.75,0,0,125,-84.3925
1.775,0,0,125,-84.393
1.8,0,0,125,-84.3935
1.825,0,0,125,-84.3941
1.85,0,0,125,-84.3946
1.875,0,0,125,-84.3952
1.9,0,0,125,-84.3958
1.925,0,0,125,-84.3963
1.95,0,0,125,-84.3969
1.975,0,0,125,-84.3975
2,0,0,125,-84.3981
2.025,0,0,125,-84.3987
2.05,0,0,125,-84.3993
2.075,0,0,125,-84.4
2.1,0,0,125,-84.4006
2.125,0,0,125,-84.4013
2.15,0,0,125,-84.402
2.175,0,0,125,-84.4027
2.2,0,0,125,-84.4034
2.225,0,0,125,-84.4041
2.25,0,0,125,-84.4048
2.275,0,0,125,-84.4056
2.3,0,0,125,-84.4064
2.325,0,0,125,-84.4072
2.35,0,0,125,-84.408
2.375,0,0,125,-84.4088
2.4,0,0,125,-84.4096
2.425,0,0,125,-84.4105
2.45,0,0,125,-84.4113
2.475,0,0,125,-84.4122
2.5,0,0,125,-84.4131
2.525,0,0,125,-84.414
2.55,0,0,125,-84.4149
2.575,0,0,125,-84.4158
2.6,0,0,125,-84.4168
2.625,0,0,125,-84.4178
2.65,0,0,125,-84.4187
2.675,0,0,125,-84.4197
2.7,0,0,125,-84.4207
2.725,0,0,125,-84.4218
2.75,0,0,125,-84.4228
2.775,0,0,125,-84.4239
2.8,0,0,125,-84.4249
2.825,0,0,125,-84.426
2.85,0,0,125,-84.4271
2.875,0,0,125,-84.4283
2.9,0,0,125,-84.4294
2.925,0,0,125,-84.4305
2.95,0,0,125,-84.4317
2.975,0,0,125,-84.4328
3,0,0,125,-84.434
3.025,0,0,125,-84.4351
3.05,0,0,125,-84.4362
3.075,0,0,125,-84.4373
3.1,0,0,125,-84.4384
3.125,0,0,125,-84.4395
3.15,0,0,125,-84.4406
3.175,0,0,125,-84.4416
3.2,0,0,125,-84.4427
3.225,0,0,125,-84.4437
3.25,0,0,125,-84.4447
3.275,0,0,125,-84.4458
3.3,0,0,125,-84.4467
3.325,0,0,125,-84.4477
3.35,0,0,125,-84.4487
3.375,0,0,125,-84.4496
3.4,0,0,125,-84.4506
3.425,0,0,125,-84.4515
3.45,0,0,125,-84.4524
3.475,0,0,125,-84.4533
3.5,0,0,125,-84.4541
3.525,0,0,125,-84.455
3.55,0,0,125,-84.4558
3.575,0,0,125,-84.4567
3.6,0,0,125,-84.4575
3.625,0,0,125,-84.4583
3.65,0,0,125,-84.459
3.675,0,0,125,-84.4598
3.7,0,0,125,-84.4606
3.725,0,0,125,-84.4613
3.75,0,0,125,-84.462
3.775,0,0,125,-84.4627
3.8,0,0,125,-84.4634
3.825,0,0,125,-84.4641
3.85,0,0,125,-84.4647
3.875,0,0,125,-84.4653
3.9,0,0,125,-84.4659
3.925,0,0,125,-84.4665
3.95,0,0,125,-84.467
3.975,0,0,125,-84.4676
4,0,0,125,-84.4681
4.025,0,0,125,-84.4686
4.05,0,0,125,-84.4691
4.075,0,0,125,-84.4695
4.1,0,0,125,-84.47
4.125,0,0,125,-84.4704
4.15,0,0,125,-84.4709
4.175,0,0,125,-84.4713
4.2,0,0,125,-84.4717
4.225,0,0,125,-84.4721
4.25,0,0,125,-84.4724
4.275,0,0,125,-84.4728
4.3,0,0,125,-84.4731
4.325,0,0,125,-84.4734
4.35,0,0,125,-84.4737
4.375,0,0,125,-84.474
4.4,0,0,125,-84.4743
4.425,0,0,125,-84.4746
4.45,0,0,125,-84.4748
4.475,0,0,125,-84.475
4.5,0,0,125,-84.4752
4.525,0,0,125,-84.4754
4.55,0,0,125,-84.4756
4.575,0,0,125,-84.4758
4.6,0,0,125,-84.4759
4.625,0,0,125,-84.4761
4.65,0,0,125,-84.4762
4.675,0,0,125,-84.4763
4.7,0,0,125,-84.4764
4.725,0,0,125,-84.4765
4.75,0,0,125,-84.4765
4.775,0,0,125,-84.4766
4.8,0,0,125,-84.4766
4.825,0,0,125,-84.4766
4.85,0,0,125,-84.4766
4.875,0,0,125,-84.4766
4.9,0,0,125,-84.4766
4.925,0,0,125,-84.4765
4.95,0,0,125,-84.4765
4.975,0,0,125,-84.4765
5,0,0,125,-84.4765
