0,0,0,125,-83.8778
0.025,0,0,125,-83.878
0.05,0,0,125,-83.8784
0.075,0,0,125,-83.8789
0.1,0,0,125,-83.8796
0.125,0,0,125,-83.8805
0.15,0,0,125,-83.8814
0.175,0,0,125,-83.8823
0.2,0,0,125,-83.8833
0.225,0,0,125,-83.8843
0.25,0,0,125,-83.8853
0.275,0,0,125,-83.8863
0.3,0,0,125,-83.8874
0.325,0,0,125,-83.8884
0.35,0,0,125,-83.8894
0.375,0,0,125,-83.8904
0.4,0,0,125,-83.8914
0.425,0,0,125,-83.8924
0.45,0,0,125,-83.8933
0.475,0,0,125,-83.8943
0.5,0,0,125,-83.8952
0.525,0,0,125,-83.8961
0.55,0,0,125,-83.897
0.575,0,0,125,-83.8979
0.6,0,0,125,-83.8987
0.625,0,0,125,-83.8996
0.65,0,0,125,-83.9004
0.675,0,0,125,-83.9012
0.7,0,0,125,-83.9021
0.725,0,0,125,-83.9029
0.75,0,0,125,-83.9038
0.775,0,0,125,-83.9046
0.8,0,0,125,-83.9055
0.825,0,0,125,-83.9064
0.85,0,0,125,-83.9073
0.875,0,0,125,-83.9082
0.9,0,0,125,-83.9091
0.925,0,0,125,-83.91
0.95,0,0,125,-83.9109
0.975,0,0,125,-83.9119
1,0,0,125,-83.9128
1.025,0,0,125,-83.9137
1.05,0,0,125,-83.9147
1.075,0,0,125,-83.9156
1.1,0,0,125,-83.9166
1.125,0,0,125,-83.9176
1.15,0,0,125,-83.9185
1.175,0,0,125,-83.9196
1.2,0,0,125,-83.9206
1.225,0,0,125,-83.9216
1.25,0,0,125,-83.9227
1.275,0,0,125,-83.9238
1.3,0,0,125,-83.9249
1.325,0,0,125,-83.926
1.35,0,0,125,-83.9271
1.375,0,0,125,-83.9282
1.4,0,0,125,-83.9294
1.425,0,0,125,-83.9306
1.45,0,0,125,-83.9318
1.475,0,0,125,-83.933
1.5,0,0,125,-83.9342
1.525,0,0,125,-83.9355
1.55,0,0,125,-83.9367
1.575,0,0,125,-83.938
1.6,0,0,125,-83.9393
1.625,0,0,125,-83.9406
1.65,0,0,125,-83.942
1.675,0,0,125,-83.9434
1.7,0,0,125,-83.9449
1.725,0,0,125,-83.9463
1.75,0,0,125,-83.9479
1.775,0,0,125,-83.9494
1.8,0,0,125,-83.951
1.825,0,0,125,-83.9527
1.85,0,0,125,-83.9543
1.875,0,0,125,-83.956
1.9,0,0,125,-83.9578
1.925,0,0,125,-83.9596
1.95,0,0,125,-83.9614
1.975,0,0,125,-83.9632
2,0,0,125,-83.9651
2.025,0,0,125,-83.967
2.05,0,0,125,-83.969
2.075,0,0,125,-83.971
2.1,0,0,125,-83.973
2.125,0,0,125,-83.9752
2.15,0,0,125,-83.9773
2.175,0,0,125,-83.9796
2.2,0,0,125,-83.9819
2.225,0,0,125,-83.9842
2.25,0,0,125,-83.9867
2.275,0,0,125,-83.9892
2.3,0,0,125,-83.9917
2.325,0,0,125,-83.9943
2.35,0,0,125,-83.997
2.375,0,0,125,-83.9997
2.4,0,0,125,-84.0025
2.425,0,0,125,-84.0054
2.45,0,0,125,-84.0083
2.475,0,0,125,-84.0112
2.5,0,0,125,-84.0143
2.525,0,0,125,-84.0174
2.55,0,0,125,-84.0205
2.575,0,0,125,-84.0237
2.6,0,0,125,-84.0269
2.625,0,0,125,-84.0301
2.65,0,0,125,-84.0334
2.675,0,0,125,-84.0368
2.7,0,0,125,-84.0401
2.725,0,0,125,-84.0435
2.75,0,0,125,-84.047
2.775,0,0,125,-84.0505
2.8,0,0,125,-84.054
2.825,0,0,125,-84.0575
2.85,0,0,125,-84.0611
2.875,0,0,125,-84.0647
2.9,0,0,125,-84.0683
2.925,0,0,125,-84.072
2.95,0,0,125,-84.0756
2.975,0,0,125,-84.0792
3,0,0,125,-84.0829
3.025,0,0,125,-84.0866
3.05,0,0,125,-84.0902
3.075,0,0,125,-84.0939
3.1,0,0,125,-84.0976
3.125,0,0,125,-84.1013
3.15,0,0,125,-84.105
3.175,0,0,125,-84.1087
3.2,0,0,125,-84.1123
3.225,0,0,125,-84.116
3.25,0,0,125,-84.1195
3.275,0,0,125,-84.1231
3.3,0,0,125,-84.1266
3.325,0,0,125,-84.1301
3.35,0,0,125,-84.1335
3.375,0,0,125,-84.1369
3.4,0,0,125,-84.1403
3.425,0,0,125,-84.1436
3.45,0,0,125,-84.1468
3.475,0,0,125,-84.15
3.5,0,0,125,-84.1532
3.525,0,0,125,-84.1562
3.55,0,0,125,-84.1592
3.575,0,0,125,-84.1622
3.6,0,0,125,-84.165
3.625,0,0,125,-84.1678
3.65,0,0,125,-84.1706
3.675,0,0,125,-84.1733
3.7,0,0,125,-84.1759
3.725,0,0,125,-84.1784
3.75,0,0,125,-84.1809
3.775,0,0,125,-84.1833
3.8,0,0,125,-84.1857
3.825,0,0,125,-84.188
3.85,0,0,125,-84.1902
3.875,0,0,125,-84.1923
3.9,0,0,125,-84.1944
3.925,0,0,125,-84.1965
3.95,0,0,125,-84.1984
3.975,0,0,125,-84.2003
4,0,0,125,-84.2022
4.025,0,0,125,-84.2039
4.05,0,0,125,-84.2056
4.075,0,0,125,-84.2073
4.1,0,0,125,-84.2089
4.125,0,0,125,-84.2104
4.15,0,0,125,-84.2118
4.175,0,0,125,-84.2132
4.2,0,0,125,-84.2145
4.225,0,0,125,-84.2157
4.25,0,0,125,-84.2169
4.275,0,0,125,-84.2181
4.3,0,0,125,-84.2191
4.325,0,0,125,-84.2201
4.35,0,0,125,-84.2211
4.375,0,0,125,-84.2219
4.4,0,0,125,-84.2228
4.425,0,0,125,-84.2235
4.45,0,0,125,-84.2242
4.475,0,0,125,-84.2249
4.5,0,0,125,-84.2255
4.525,0,0,125,-84.2261
4.55,0,0,125,-84.2266
4.575,0,0,125,-84.2271
4.6,0,0,125,-84.2275
4.625,0,0,125,-84.2279
4.65,0,0,125,-84.2283
4.675,0,0,125,-84.2287
4.7,0,0,125,-84.229
4.725,0,0,125,-84.2292
4.75,0,0,125,-84.2295
4.775,0,0,125,-84.2297
4.8,0,0,125,-84.2298
4.825,0,0,125,-84.23
4.85,0,0,125,-84.2301
4.875,0,0,125,-84.2301
4.9,0,0,125,-84.2302
4.925,0,0,125,-84.2302
4.95,0,0,125,-84.2302
4.975,0,0,125,-84.2302
5,0,0,125,-84.2302
