0,0,0,125,-1.29351
0.025,0,0,125,-1.29634
0.05,0,0,125,-1.30203
0.075,0,0,125,-1.31062
0.1,0,0,125,-1.32222
0.125,0,0,125,-1.33695
0.15,0,0,125,-1.35494
0.175,0,0,125,-1.3763
0.2,0,0,125,-1.40106
0.225,0,0,125,-1.42921
0.25,0,0,125,-1.46072
0.275,0,0,125,-1.49554
0.3,0,0,125,-1.5336
0.325,0,0,125,-1.57483
0.35,0,0,125,-1.61915
0.375,0,0,125,-1.66649
0.4,0,0,125,-1.71675
0.425,0,0,125,-1.76985
0.45,0,0,125,-1.82571
0.475,0,0,125,-1.88424
0.5,0,0,125,-1.94538
0.525,0,0,125,-2.00904
0.55,0,0,125,-2.07516
0.575,0,0,125,-2.14366
0.6,0,0,125,-2.21449
0.625,0,0,125,-2.28759
0.65,0,0,125,-2.36291
0.675,0,0,125,-2.44041
0.7,0,0,125,-2.52003
0.725,0,0,125,-2.60175
0.75,0,0,125,-2.68554
0.775,0,0,125,-2.77137
0.8,0,0,125,-2.85921
0.825,0,0,125,-2.94906
0.85,0,0,125,-3.0409
0.875,0,0,125,-3.13473
0.9,0,0,125,-3.23055
0.925,0,0,125,-3.32836
0.95,0,0,125,-3.42816
0.975,0,0,125,-3.52998
1,0,0,125,-3.63383
1.025,0,0,125,-3.73973
1.05,0,0,125,-3.8477
1.075,0,0,125,-3.95779
1.1,0,0,125,-4.07001
1.125,0,0,125,-4.18441
1.15,0,0,125,-4.30103
1.175,0,0,125,-4.41992
1.2,0,0,125,-4.54112
1.225,0,0,125,-4.66469
1.25,0,0,125,-4.79068
1.275,0,0,125,-4.91916
1.3,0,0,125,-5.05019
1.325,0,0,125,-5.18384
1.35,0,0,125,-5.32017
1.375,0,0,125,-5.45926
1.4,0,0,125,-5.60119
1.425,0,0,125,-5.74604
1.45,0,0,125,-5.89389
1.475,0,0,125,-6.04483
1.5,0,0,125,-6.19894
1.525,0,0,125,-6.35633
1.55,0,0,125,-6.51709
1.575,0,0,125,-6.68132
1.6,0,0,125,-6.84911
1.625,0,0,125,-7.02058
1.65,0,0,125,-7.19584
1.675,0,0,125,-7.37499
1.7,0,0,125,-7.55814
1.725,0,0,125,-7.74542
1.75,0,0,125,-7.93694
1.775,0,0,125,-8.13283
1.8,0,0,125,-8.3332
1.825,0,0,125,-8.53819
1.85,0,0,125,-8.74792
1.875,0,0,125,-8.96251
1.9,0,0,125,-9.18211
1.925,0,0,125,-9.40684
1.95,0,0,125,-9.63684
1.975,0,0,125,-9.87224
2,0,0,125,-10.1132
2.025,0,0,125,-10.3598
2.05,0,0,125,-10.6122
2.075,0,0,125,-10.8705
2.1,0,0,125,-11.135
2.125,0,0,125,-11.4056
2.15,0,0,125,-11.6826
2.175,0,0,125,-11.9661
2.2,0,0,125,-12.2561
2.225,0,0,125,-12.5529
2.25,0,0,125,-12.8565
2.275,0,0,125,-13.167
2.3,0,0,125,-13.4847
2.325,0,0,125,-13.8094
2.35,0,0,125,-14.1415
2.375,0,0,125,-14.4809
2.4,0,0,125,-14.8277
2.425,0,0,125,-15.182
2.45,0,0,125,-15.5439
2.475,0,0,125,-15.9134
2.5,0,0,125,-16.2906
2.525,0,0,125,-16.6754
2.55,0,0,125,-17.0679
2.575,0,0,125,-17.4682
2.6,0,0,125,-17.8761
2.625,0,0,125,-18.2917
2.65,0,0,125,-18.7149
2.675,0,0,125,-19.1457
2.7,0,0,125,-19.5839
2.725,0,0,125,-20.0295
2.75,0,0,125,-20.4825
2.775,0,0,125,-20.9425
2.8,0,0,125,-21.4096
2.825,0,0,125,-21.8835
2.85,0,0,125,-22.3641
2.875,0,0,125,-22.8512
2.9,0,0,125,-23.3445
2.925,0,0,125,-23.8438
2.95,0,0,125,-24.349
2.975,0,0,125,-24.8596
3,0,0,125,-25.3754
3.025,0,0,125,-25.8962
3.05,0,0,125,-26.4216
3.075,0,0,125,-26.9513
3.1,0,0,125,-27.485
3.125,0,0,125,-28.0223
3.15,0,0,125,-28.5628
3.175,0,0,125,-29.1061
3.2,0,0,125,-29.6519
3.225,0,0,125,-30.1997
3.25,0,0,125,-30.7491
3.275,0,0,125,-31.2996
3.3,0,0,125,-31.8508
3.325,0,0,125,-32.4022
3.35,0,0,125,-32.9532
3.375,0,0,125,-33.5034
3.4,0,0,125,-34.0522
3.425,0,0,125,-34.5989
3.45,0,0,125,-35.1431
3.475,0,0,125,-35.6841
3.5,0,0,125,-36.2213
3.525,0,0,125,-36.754
3.55,0,0,125,-37.2816
3.575,0,0,125,-37.8033
3.6,0,0,125,-38.3185
3.625,0,0,125,-38.8265
3.65,0,0,125,-39.3265
3.675,0,0,125,-39.8179
3.7,0,0,125,-40.2999
3.725,0,0,125,-40.7719
3.75,0,0,125,-41.233
3.775,0,0,125,-41.6827
3.8,0,0,125,-42.1202
3.825,0,0,125,-42.545
3.85,0,0,125,-42.9563
3.875,0,0,125,-43.3536
3.9,0,0,125,-43.7363
3.925,0,0,125,-44.104
3.95,0,0,125,-44.456
3.975,0,0,125,-44.792
4,0,0,125,-45.1116
4.025,0,0,125,-45.4145
4.05,0,0,125,-45.7003
4.075,0,0,125,-45.9689
4.1,0,0,125,-46.22
4.125,0,0,125,-46.4537
4.15,0,0,125,-46.6697
4.175,0,0,125,-46.8682
4.2,0,0,125,-47.0492
4.225,0,0,125,-47.2129
4.25,0,0,125,-47.3595
4.275,0,0,125,-47.4892
4.3,0,0,125,-47.6025
4.325,0,0,125,-47.6998
4.35,0,0,125,-47.7815
4.375,0,0,125,-47.8482
4.4,0,0,125,-47.9005
4.425,0,0,125,-47.9391
4.45,0,0,125,-47.9648
4.475,0,0,125,-47.9783
4.5,0,0,125,-47.9806
4.525,0,0,125,-47.9724
4.55,0,0,125,-47.955
4.575,0,0,125,-47.9292
4.6,0,0,125,-47.8961
4.625,0,0,125,-47.8568
4.65,0,0,125,-47.8125
4.675,0,0,125,-47.7644
4.7,0,0,125,-47.7137
4.725,0,0,125,-47.6615
4.75,0,0,125,-47.6092
4.775,0,0,125,-47.5579
4.8,0,0,125,-47.5089
4.825,0,0,125,-47.4633
4.85,0,0,125,-47.4223
4.875,0,0,125,-47.3865
4.9,0,0,125,-47.3566
4.925,0,0,125,-47.3328
4.95,0,0,125,-47.315
4.975,0,0,125,-47.3032
5,0,0,125,-47.2972
