0,0,0,125,-5.76747
0.025,0,0,125,-5.77198
0.05,0,0,125,-5.78101
0.075,0,0,125,-5.79457
0.1,0,0,125,-5.81271
0.125,0,0,125,-5.83549
0.15,0,0,125,-5.86296
0.175,0,0,125,-5.89515
0.2,0,0,125,-5.93205
0.225,0,0,125,-5.97359
0.25,0,0,125,-6.01971
0.275,0,0,125,-6.07033
0.3,0,0,125,-6.12539
0.325,0,0,125,-6.18479
0.35,0,0,125,-6.24848
0.375,0,0,125,-6.31637
0.4,0,0,125,-6.38839
0.425,0,0,125,-6.4645
0.45,0,0,125,-6.54462
0.475,0,0,125,-6.62871
0.5,0,0,125,-6.71673
0.525,0,0,125,-6.80863
0.55,0,0,125,-6.90438
0.575,0,0,125,-7.00397
0.6,0,0,125,-7.10736
0.625,0,0,125,-7.21456
0.65,0,0,125,-7.32556
0.675,0,0,125,-7.44035
0.7,0,0,125,-7.55896
0.725,0,0,125,-7.6814
0.75,0,0,125,-7.80771
0.775,0,0,125,-7.9379
0.8,0,0,125,-8.07203
0.825,0,0,125,-8.21014
0.85,0,0,125,-8.35229
0.875,0,0,125,-8.49856
0.9,0,0,125,-8.649
0.925,0,0,125,-8.8037
0.95,0,0,125,-8.96275
0.975,0,0,125,-9.12625
1,0,0,125,-9.29431
1.025,0,0,125,-9.46704
1.05,0,0,125,-9.64456
1.075,0,0,125,-9.82701
1.1,0,0,125,-10.0145
1.125,0,0,125,-10.2073
1.15,0,0,125,-10.4054
1.175,0,0,125,-10.609
1.2,0,0,125,-10.8184
1.225,0,0,125,-11.0337
1.25,0,0,125,-11.2551
1.275,0,0,125,-11.4828
1.3,0,0,125,-11.7171
1.325,0,0,125,-11.9581
1.35,0,0,125,-12.2061
1.375,0,0,125,-12.4614
1.4,0,0,125,-12.7242
1.425,0,0,125,-12.9948
1.45,0,0,125,-13.2734
1.475,0,0,125,-13.5603
1.5,0,0,125,-13.8559
1.525,0,0,125,-14.1605
1.55,0,0,125,-14.4743
1.575,0,0,125,-14.7977
1.6,0,0,125,-15.131
1.625,0,0,125,-15.4746
1.65,0,0,125,-15.8288
1.675,0,0,125,-16.194
1.7,0,0,125,-16.5706
1.725,0,0,125,-16.959
1.75,0,0,125,-17.3594
1.775,0,0,125,-17.7724
1.8,0,0,125,-18.1983
1.825,0,0,125,-18.6375
1.85,0,0,125,-19.0904
1.875,0,0,125,-19.5575
1.9,0,0,125,-20.0391
1.925,0,0,125,-20.5357
1.95,0,0,125,-21.0477
1.975,0,0,125,-21.5755
2,0,0,125,-22.1196
2.025,0,0,125,-22.6803
2.05,0,0,125,-23.2581
2.075,0,0,125,-23.8535
2.1,0,0,125,-24.4668
2.125,0,0,125,-25.0985
2.15,0,0,125,-25.7491
2.175,0,0,125,-26.4189
2.2,0,0,125,-27.1084
2.225,0,0,125,-27.818
2.25,0,0,125,-28.5482
2.275,0,0,125,-29.2993
2.3,0,0,125,-30.0718
2.325,0,0,125,-30.866
2.35,0,0,125,-31.6822
2.375,0,0,125,-32.5209
2.4,0,0,125,-33.3823
2.425,0,0,125,-34.2665
2.45,0,0,125,-35.1737
2.475,0,0,125,-36.104
2.5,0,0,125,-37.0572
2.525,0,0,125,-38.0332
2.55,0,0,125,-39.0315
2.575,0,0,125,-40.0517
2.6,0,0,125,-41.093
2.625,0,0,125,-42.1544
2.65,0,0,125,-43.2349
2.675,0,0,125,-44.333
2.7,0,0,125,-45.4471
2.725,0,0,125,-46.5754
2.75,0,0,125,-47.7159
2.775,0,0,125,-48.8661
2.8,0,0,125,-50.0238
2.825,0,0,125,-51.1862
2.85,0,0,125,-52.3505
2.875,0,0,125,-53.5139
2.9,0,0,125,-54.6733
2.925,0,0,125,-55.8258
2.95,0,0,125,-56.9684
2.975,0,0,125,-58.098
3,0,0,125,-59.2118
3.025,0,0,125,-60.307
3.05,0,0,125,-61.3809
3.075,0,0,125,-62.4312
3.1,0,0,125,-63.4554
3.125,0,0,125,-64.4517
3.15,0,0,125,-65.4182
3.175,0,0,125,-66.3534
3.2,0,0,125,-67.2561
3.225,0,0,125,-68.1253
3.25,0,0,125,-68.9602
3.275,0,0,125,-69.7603
3.3,0,0,125,-70.5254
3.325,0,0,125,-71.2555
3.35,0,0,125,-71.9508
3.375,0,0,125,-72.6116
3.4,0,0,125,-73.2385
3.425,0,0,125,-73.8321
3.45,0,0,125,-74.3933
3.475,0,0,125,-74.923
3.5,0,0,125,-75.4223
3.525,0,0,125,-75.8922
3.55,0,0,125,-76.3338
3.575,0,0,125,-76.7484
3.6,0,0,125,-77.1371
3.625,0,0,125,-77.5011
3.65,0,0,125,-77.8417
3.675,0,0,125,-78.16
3.7,0,0,125,-78.4573
3.725,0,0,125,-78.7346
3.75,0,0,125,-78.993
3.775,0,0,125,-79.2338
3.8,0,0,125,-79.4579
3.825,0,0,125,-79.6662
3.85,0,0,125,-79.8599
3.875,0,0,125,-80.0398
3.9,0,0,125,-80.2067
3.925,0,0,125,-80.3615
3.95,0,0,125,-80.505
3.975,0,0,125,-80.6379
4,0,0,125,-80.761
4.025,0,0,125,-80.8747
4.05,0,0,125,-80.9799
4.075,0,0,125,-81.077
4.1,0,0,125,-81.1667
4.125,0,0,125,-81.2493
4.15,0,0,125,-81.3254
4.175,0,0,125,-81.3954
4.2,0,0,125,-81.4598
4.225,0,0,125,-81.5189
4.25,0,0,125,-81.573
4.275,0,0,125,-81.6226
4.3,0,0,125,-81.6679
4.325,0,0,125,-81.7093
4.35,0,0,125,-81.7469
4.375,0,0,125,-81.7811
4.4,0,0,125,-81.8121
4.425,0,0,125,-81.8401
4.45,0,0,125,-81.8654
4.475,0,0,125,-81.888
4.5,0,0,125,-81.9083
4.525,0,0,125,-81.9264
4.55,0,0,125,-81.9424
4.575,0,0,125,-81.9565
4.6,0,0,125,-81.9689
4.625,0,0,125,-81.9796
4.65,0,0,125,-81.9888
4.675,0,0,125,-81.9967
4.7,0,0,125,-82.0033
4.725,0,0,125,-82.0088
4.75,0,0,125,-82.0133
4.775,0,0,125,-82.0168
4.8,0,0,125,-82.0195
4.825,0,0,125,-82.0215
4.85,0,0,125,-82.0228
4.875,0,0,125,-82.0237
4.9,0,0,125,-82.0241
4.925,0,0,125,-82.0243
4.95,0,0,125,-82.0243
4.975,0,0,125,-82.0242
5,0,0,125,-82.0242
