0,0,0,125,-83.1933
0.025,0,0,125,-83.1937
0.05,0,0,125,-83.1945
0.075,0,0,125,-83.1955
0.1,0,0,125,-83.1968
0.125,0,0,125,-83.1984
0.15,0,0,125,-83.2001
0.175,0,0,125,-83.2018
0.2,0,0,125,-83.2036
0.225,0,0,125,-83.2054
0.25,0,0,125,-83.2072
0.275,0,0,125,-83.209
0.3,0,0,125,-83.2108
0.325,0,0,125,-83.2126
0.35,0,0,125,-83.2144
0.375,0,0,125,-83.2161
0.4,0,0,125,-83.2178
0.425,0,0,125,-83.2195
0.45,0,0,125,-83.2212
0.475,0,0,125,-83.2229
0.5,0,0,125,-83.2246
0.525,0,0,125,-83.2262
0.55,0,0,125,-83.2278
0.575,0,0,125,-83.2295
0.6,0,0,125,-83.2311
0.625,0,0,125,-83.2327
0.65,0,0,125,-83.2342
0.675,0,0,125,-83.2358
0.7,0,0,125,-83.2373
0.725,0,0,125,-83.2388
0.75,0,0,125,-83.2403
0.775,0,0,125,-83.2418
0.8,0,0,125,-83.2433
0.825,0,0,125,-83.2449
0.85,0,0,125,-83.2464
0.875,0,0,125,-83.2479
0.9,0,0,125,-83.2495
0.925,0,0,125,-83.251
0.95,0,0,125,-83.2526
0.975,0,0,125,-83.2542
1,0,0,125,-83.2557
1.025,0,0,125,-83.2573
1.05,0,0,125,-83.2589
1.075,0,0,125,-83.2605
1.1,0,0,125,-83.2622
1.125,0,0,125,-83.2638
1.15,0,0,125,-83.2655
1.175,0,0,125,-83.2673
1.2,0,0,125,-83.2691
1.225,0,0,125,-83.2709
1.25,0,0,125,-83.2727
1.275,0,0,125,-83.2746
1.3,0,0,125,-83.2765
1.325,0,0,125,-83.2785
1.35,0,0,125,-83.2805
1.375,0,0,125,-83.2825
1.4,0,0,125,-83.2846
1.425,0,0,125,-83.2866
1.45,0,0,125,-83.2888
1.475,0,0,125,-83.291
1.5,0,0,125,-83.2932
1.525,0,0,125,-83.2954
1.55,0,0,125,-83.2977
1.575,0,0,125,-83.3001
1.6,0,0,125,-83.3025
1.625,0,0,125,-83.305
1.65,0,0,125,-83.3075
1.675,0,0,125,-83.31
1.7,0,0,125,-83.3126
1.725,0,0,125,-83.3153
1.75,0,0,125,-83.318
1.775,0,0,125,-83.3208
1.8,0,0,125,-83.3236
1.825,0,0,125,-83.3265
1.85,0,0,125,-83.3295
1.875,0,0,125,-83.3326
1.9,0,0,125,-83.3357
1.925,0,0,125,-83.3389
1.95,0,0,125,-83.3422
1.975,0,0,125,-83.3455
2,0,0,125,-83.349
2.025,0,0,125,-83.3525
2.05,0,0,125,-83.3562
2.075,0,0,125,-83.3599
2.1,0,0,125,-83.3637
2.125,0,0,125,-83.3676
2.15,0,0,125,-83.3716
2.175,0,0,125,-83.3757
2.2,0,0,125,-83.3799
2.225,0,0,125,-83.3843
2.25,0,0,125,-83.3887
2.275,0,0,125,-83.3933
2.3,0,0,125,-83.3979
2.325,0,0,125,-83.4027
2.35,0,0,125,-83.4076
2.375,0,0,125,-83.4126
2.4,0,0,125,-83.4177
2.425,0,0,125,-83.4229
2.45,0,0,125,-83.4282
2.475,0,0,125,-83.4337
2.5,0,0,125,-83.4392
2.525,0,0,125,-83.4448
2.55,0,0,125,-83.4505
2.575,0,0,125,-83.4563
2.6,0,0,125,-83.4622
2.625,0,0,125,-83.4682
2.65,0,0,125,-83.4742
2.675,0,0,125,-83.4804
2.7,0,0,125,-83.4866
2.725,0,0,125,-83.493
2.75,0,0,125,-83.4994
2.775,0,0,125,-83.5059
2.8,0,0,125,-83.5125
2.825,0,0,125,-83.5191
2.85,0,0,125,-83.5258
2.875,0,0,125,-83.5325
2.9,0,0,125,-83.5393
2.925,0,0,125,-83.5462
2.95,0,0,125,-83.5531
2.975,0,0,125,-83.56
3,0,0,125,-83.567
3.025,0,0,125,-83.5739
3.05,0,0,125,-83.5809
3.075,0,0,125,-83.5879
3.1,0,0,125,-83.5949
3.125,0,0,125,-83.6018
3.15,0,0,125,-83.6088
3.175,0,0,125,-83.6157
3.2,0,0,125,-83.6226
3.225,0,0,125,-83.6295
3.25,0,0,125,-83.6363
3.275,0,0,125,-83.6431
3.3,0,0,125,-83.6499
3.325,0,0,125,-83.6566
3.35,0,0,125,-83.6632
3.375,0,0,125,-83.6697
3.4,0,0,125,-83.6762
3.425,0,0,125,-83.6826
3.45,0,0,125,-83.689
3.475,0,0,125,-83.6952
3.5,0,0,125,-83.7013
3.525,0,0,125,-83.7073
3.55,0,0,125,-83.7131
3.575,0,0,125,-83.7189
3.6,0,0,125,-83.7246
3.625,0,0,125,-83.7301
3.65,0,0,125,-83.7355
3.675,0,0,125,-83.7408
3.7,0,0,125,-83.746
3.725,0,0,125,-83.7511
3.75,0,0,125,-83.756
3.775,0,0,125,-83.7608
3.8,0,0,125,-83.7654
3.825,0,0,125,-83.7699
3.85,0,0,125,-83.7743
3.875,0,0,125,-83.7785
3.9,0,0,125,-83.7826
3.925,0,0,125,-83.7866
3.95,0,0,125,-83.7904
3.975,0,0,125,-83.794
4,0,0,125,-83.7976
4.025,0,0,125,-83.801
4.05,0,0,125,-83.8043
4.075,0,0,125,-83.8074
4.1,0,0,125,-83.8104
4.125,0,0,125,-83.8133
4.15,0,0,125,-83.816
4.175,0,0,125,-83.8187
4.2,0,0,125,-83.8211
4.225,0,0,125,-83.8235
4.25,0,0,125,-83.8257
4.275,0,0,125,-83.8278
4.3,0,0,125,-83.8298
4.325,0,0,125,-83.8317
4.35,0,0,125,-83.8334
4.375,0,0,125,-83.8351
4.4,0,0,125,-83.8367
4.425,0,0,125,-83.8381
4.45,0,0,125,-83.8394
4.475,0,0,125,-83.8407
4.5,0,0,125,-83.8419
4.525,0,0,125,-83.8429
4.55,0,0,125,-83.8439
4.575,0,0,125,-83.8448
4.6,0,0,125,-83.8457
4.625,0,0,125,-83.8464
4.65,0,0,125,-83.847
4.675,0,0,125,-83.8476
4.7,0,0,125,-83.8482
4.725,0,0,125,-83.8486
4.75,0,0,125,-83.849
4.775,0,0,125,-83.8494
4.8,0,0,125,-83.8497
4.825,0,0,125,-83.8499
4.85,0,0,125,-83.85
4.875,0,0,125,-83.8502
4.9,0,0,125,-83.8503
4.925,0,0,125,-83.8503
4.95,0,0,125,-83.8504
4.975,0,0,125,-83.8504
5,0,0,125,-83.8504
