0,0,0,125,16.3705
0.025,0,0,125,16.3729
0.05,0,0,125,16.3776
0.075,0,0,125,16.3842
0.1,0,0,125,16.3924
0.125,0,0,125,16.4015
0.15,0,0,125,16.411
0.175,0,0,125,16.4205
0.2,0,0,125,16.4298
0.225,0,0,125,16.4388
0.25,0,0,125,16.4475
0.275,0,0,125,16.4557
0.3,0,0,125,16.4634
0.325,0,0,125,16.4706
0.35,0,0,125,16.4773
0.375,0,0,125,16.4835
0.4,0,0,125,16.4892
0.425,0,0,125,16.4943
0.45,0,0,125,16.4989
0.475,0,0,125,16.5029
0.5,0,0,125,16.5065
0.525,0,0,125,16.5095
0.55,0,0,125,16.512
0.575,0,0,125,16.514
0.6,0,0,125,16.5155
0.625,0,0,125,16.5166
0.65,0,0,125,16.5172
0.675,0,0,125,16.5173
0.7,0,0,125,16.517
0.725,0,0,125,16.5163
0.75,0,0,125,16.5152
0.775,0,0,125,16.5137
0.8,0,0,125,16.5118
0.825,0,0,125,16.5095
0.85,0,0,125,16.5069
0.875,0,0,125,16.5039
0.9,0,0,125,16.5006
0.925,0,0,125,16.497
0.95,0,0,125,16.493
0.975,0,0,125,16.4887
1,0,0,125,16.4841
1.025,0,0,125,16.4792
1.05,0,0,125,16.474
1.075,0,0,125,16.4685
1.1,0,0,125,16.4628
1.125,0,0,125,16.4567
1.15,0,0,125,16.4504
1.175,0,0,125,16.4438
1.2,0,0,125,16.437
1.225,0,0,125,16.4298
1.25,0,0,125,16.4225
1.275,0,0,125,16.4148
1.3,0,0,125,16.4069
1.325,0,0,125,16.3987
1.35,0,0,125,16.3903
1.375,0,0,125,16.3816
1.4,0,0,125,16.3726
1.425,0,0,125,16.3634
1.45,0,0,125,16.3539
1.475,0,0,125,16.3441
1.5,0,0,125,16.334
1.525,0,0,125,16.3237
1.55,0,0,125,16.3131
1.575,0,0,125,16.3023
1.6,0,0,125,16.2911
1.625,0,0,125,16.2797
1.65,0,0,125,16.268
1.675,0,0,125,16.2559
1.7,0,0,125,16.2436
1.725,0,0,125,16.231
1.75,0,0,125,16.2181
1.775,0,0,125,16.2049
1.8,0,0,125,16.1913
1.825,0,0,125,16.1775
1.85,0,0,125,16.1633
1.875,0,0,125,16.1488
1.9,0,0,125,16.1339
1.925,0,0,125,16.1188
1.95,0,0,125,16.1032
1.975,0,0,125,16.0874
2,0,0,125,16.0712
2.025,0,0,125,16.0546
2.05,0,0,125,16.0377
2.075,0,0,125,16.0204
2.1,0,0,125,16.0028
2.125,0,0,125,15.9847
2.15,0,0,125,15.9663
2.175,0,0,125,15.9475
2.2,0,0,125,15.9284
2.225,0,0,125,15.9088
2.25,0,0,125,15.8888
2.275,0,0,125,15.8685
2.3,0,0,125,15.8477
2.325,0,0,125,15.8265
2.35,0,0,125,15.805
2.375,0,0,125,15.783
2.4,0,0,125,15.7606
2.425,0,0,125,15.7377
2.45,0,0,125,15.7145
2.475,0,0,125,15.6908
2.5,0,0,125,15.6666
2.525,0,0,125,15.6421
2.55,0,0,125,15.6171
2.575,0,0,125,15.5917
2.6,0,0,125,15.5658
2.625,0,0,125,15.5395
2.65,0,0,125,15.5127
2.675,0,0,125,15.4855
2.7,0,0,125,15.4578
2.725,0,0,125,15.4297
2.75,0,0,125,15.4011
2.775,0,0,125,15.3721
2.8,0,0,125,15.3426
2.825,0,0,125,15.3127
2.85,0,0,125,15.2823
2.875,0,0,125,15.2515
2.9,0,0,125,15.2202
2.925,0,0,125,15.1885
2.95,0,0,125,15.1563
2.975,0,0,125,15.1237
3,0,0,125,15.0907
3.025,0,0,125,15.0572
3.05,0,0,125,15.0233
3.075,0,0,125,14.9889
3.1,0,0,125,14.9542
3.125,0,0,125,14.919
3.15,0,0,125,14.8835
3.175,0,0,125,14.8475
3.2,0,0,125,14.8111
3.225,0,0,125,14.7744
3.25,0,0,125,14.7373
3.275,0,0,125,14.6998
3.3,0,0,125,14.662
3.325,0,0,125,14.6239
3.35,0,0,125,14.5854
3.375,0,0,125,14.5467
3.4,0,0,125,14.5076
3.425,0,0,125,14.4683
3.45,0,0,125,14.4287
3.475,0,0,125,14.3889
3.5,0,0,125,14.3488
3.525,0,0,125,14.3086
3.55,0,0,125,14.2682
3.575,0,0,125,14.2276
3.6,0,0,125,14.1869
3.625,0,0,125,14.146
3.65,0,0,125,14.1051
3.675,0,0,125,14.0641
3.7,0,0,125,14.0231
3.725,0,0,125,13.9821
3.75,0,0,125,13.9411
3.775,0,0,125,13.9001
3.8,0,0,125,13.8592
3.825,0,0,125,13.8185
3.85,0,0,125,13.7778
3.875,0,0,125,13.7374
3.9,0,0,125,13.6971
3.925,0,0,125,13.657
3.95,0,0,125,13.6173
3.975,0,0,125,13.5778
4,0,0,125,13.5387
4.025,0,0,125,13.4999
4.05,0,0,125,13.4615
4.075,0,0,125,13.4236
4.1,0,0,125,13.3861
4.125,0,0,125,13.3491
4.15,0,0,125,13.3126
4.175,0,0,125,13.2767
4.2,0,0,125,13.2414
4.225,0,0,125,13.2067
4.25,0,0,125,13.1727
4.275,0,0,125,13.1393
4.3,0,0,125,13.1066
4.325,0,0,125,13.0747
4.35,0,0,125,13.0435
4.375,0,0,125,13.0131
4.4,0,0,125,12.9834
4.425,0,0,125,12.9546
4.45,0,0,125,12.9266
4.475,0,0,125,12.8994
4.5,0,0,125,12.8732
4.525,0,0,125,12.8477
4.55,0,0,125,12.8232
4.575,0,0,125,12.7995
4.6,0,0,125,12.7768
4.625,0,0,125,12.755
4.65,0,0,125,12.7341
4.675,0,0,125,12.7142
4.7,0,0,125,12.6953
4.725,0,0,125,12.6775
4.75,0,0,125,12.6606
4.775,0,0,125,12.6449
4.8,0,0,125,12.6304
4.825,0,0,125,12.6172
4.85,0,0,125,12.6053
4.875,0,0,125,12.5948
4.9,0,0,125,12.586
4.925,0,0,125,12.5788
4.95,0,0,125,12.5734
4.975,0,0,125,12.5697
5,0,0,125,12.5679
