0,0,0,125,-82.8224
0.025,0,0,125,-82.8228
0.05,0,0,125,-82.8237
0.075,0,0,125,-82.825
0.1,0,0,125,-82.8267
0.125,0,0,125,-82.8286
0.15,0,0,125,-82.8306
0.175,0,0,125,-82.8328
0.2,0,0,125,-82.835
0.225,0,0,125,-82.8372
0.25,0,0,125,-82.8395
0.275,0,0,125,-82.8417
0.3,0,0,125,-82.8439
0.325,0,0,125,-82.8461
0.35,0,0,125,-82.8483
0.375,0,0,125,-82.8505
0.4,0,0,125,-82.8526
0.425,0,0,125,-82.8547
0.45,0,0,125,-82.8567
0.475,0,0,125,-82.8587
0.5,0,0,125,-82.8607
0.525,0,0,125,-82.8626
0.55,0,0,125,-82.8645
0.575,0,0,125,-82.8664
0.6,0,0,125,-82.8683
0.625,0,0,125,-82.8702
0.65,0,0,125,-82.872
0.675,0,0,125,-82.8739
0.7,0,0,125,-82.8757
0.725,0,0,125,-82.8775
0.75,0,0,125,-82.8793
0.775,0,0,125,-82.8811
0.8,0,0,125,-82.8828
0.825,0,0,125,-82.8846
0.85,0,0,125,-82.8864
0.875,0,0,125,-82.8883
0.9,0,0,125,-82.8901
0.925,0,0,125,-82.8919
0.95,0,0,125,-82.8938
0.975,0,0,125,-82.8956
1,0,0,125,-82.8975
1.025,0,0,125,-82.8993
1.05,0,0,125,-82.9012
1.075,0,0,125,-82.9032
1.1,0,0,125,-82.9051
1.125,0,0,125,-82.9071
1.15,0,0,125,-82.9091
1.175,0,0,125,-82.9112
1.2,0,0,125,-82.9133
1.225,0,0,125,-82.9154
1.25,0,0,125,-82.9175
1.275,0,0,125,-82.9197
1.3,0,0,125,-82.922
1.325,0,0,125,-82.9242
1.35,0,0,125,-82.9265
1.375,0,0,125,-82.9289
1.4,0,0,125,-82.9313
1.425,0,0,125,-82.9337
1.45,0,0,125,-82.9362
1.475,0,0,125,-82.9387
1.5,0,0,125,-82.9412
1.525,0,0,125,-82.9438
1.55,0,0,125,-82.9464
1.575,0,0,125,-82.9491
1.6,0,0,125,-82.9519
1.625,0,0,125,-82.9547
1.65,0,0,125,-82.9576
1.675,0,0,125,-82.9605
1.7,0,0,125,-82.9635
1.725,0,0,125,-82.9666
1.75,0,0,125,-82.9698
1.775,0,0,125,-82.973
1.8,0,0,125,-82.9763
1.825,0,0,125,-82.9797
1.85,0,0,125,-82.9831
1.875,0,0,125,-82.9867
1.9,0,0,125,-82.9904
1.925,0,0,125,-82.9941
1.95,0,0,125,-82.9979
1.975,0,0,125,-83.0019
2,0,0,125,-83.0059
2.025,0,0,125,-83.0101
2.05,0,0,125,-83.0144
2.075,0,0,125,-83.0188
2.1,0,0,125,-83.0233
2.125,0,0,125,-83.0279
2.15,0,0,125,-83.0326
2.175,0,0,125,-83.0375
2.2,0,0,125,-83.0425
2.225,0,0,125,-83.0476
2.25,0,0,125,-83.0529
2.275,0,0,125,-83.0583
2.3,0,0,125,-83.0639
2.325,0,0,125,-83.0696
2.35,0,0,125,-83.0754
2.375,0,0,125,-83.0813
2.4,0,0,125,-83.0874
2.425,0,0,125,-83.0937
2.45,0,0,125,-83.1
2.475,0,0,125,-83.1065
2.5,0,0,125,-83.1132
2.525,0,0,125,-83.12
2.55,0,0,125,-83.1268
2.575,0,0,125,-83.1338
2.6,0,0,125,-83.141
2.625,0,0,125,-83.1482
2.65,0,0,125,-83.1555
2.675,0,0,125,-83.163
2.7,0,0,125,-83.1706
2.725,0,0,125,-83.1782
2.75,0,0,125,-83.186
2.775,0,0,125,-83.1939
2.8,0,0,125,-83.2019
2.825,0,0,125,-83.21
2.85,0,0,125,-83.2181
2.875,0,0,125,-83.2264
2.9,0,0,125,-83.2347
2.925,0,0,125,-83.243
2.95,0,0,125,-83.2514
2.975,0,0,125,-83.2599
3,0,0,125,-83.2684
3.025,0,0,125,-83.277
3.05,0,0,125,-83.2855
3.075,0,0,125,-83.2941
3.1,0,0,125,-83.3027
3.125,0,0,125,-83.3112
3.15,0,0,125,-83.3198
3.175,0,0,125,-83.3283
3.2,0,0,125,-83.3368
3.225,0,0,125,-83.3453
3.25,0,0,125,-83.3537
3.275,0,0,125,-83.3621
3.3,0,0,125,-83.3704
3.325,0,0,125,-83.3787
3.35,0,0,125,-83.3868
3.375,0,0,125,-83.395
3.4,0,0,125,-83.403
3.425,0,0,125,-83.4109
3.45,0,0,125,-83.4188
3.475,0,0,125,-83.4265
3.5,0,0,125,-83.4341
3.525,0,0,125,-83.4416
3.55,0,0,125,-83.4489
3.575,0,0,125,-83.4561
3.6,0,0,125,-83.4631
3.625,0,0,125,-83.47
3.65,0,0,125,-83.4768
3.675,0,0,125,-83.4833
3.7,0,0,125,-83.4898
3.725,0,0,125,-83.496
3.75,0,0,125,-83.5022
3.775,0,0,125,-83.5081
3.8,0,0,125,-83.5139
3.825,0,0,125,-83.5195
3.85,0,0,125,-83.5249
3.875,0,0,125,-83.5302
3.9,0,0,125,-83.5353
3.925,0,0,125,-83.5403
3.95,0,0,125,-83.545
3.975,0,0,125,-83.5497
4,0,0,125,-83.5541
4.025,0,0,125,-83.5584
4.05,0,0,125,-83.5625
4.075,0,0,125,-83.5665
4.1,0,0,125,-83.5702
4.125,0,0,125,-83.5738
4.15,0,0,125,-83.5773
4.175,0,0,125,-83.5806
4.2,0,0,125,-83.5837
4.225,0,0,125,-83.5867
4.25,0,0,125,-83.5895
4.275,0,0,125,-83.5921
4.3,0,0,125,-83.5946
4.325,0,0,125,-83.597
4.35,0,0,125,-83.5992
4.375,0,0,125,-83.6013
4.4,0,0,125,-83.6032
4.425,0,0,125,-83.6051
4.45,0,0,125,-83.6068
4.475,0,0,125,-83.6083
4.5,0,0,125,-83.6098
4.525,0,0,125,-83.6111
4.55,0,0,125,-83.6124
4.575,0,0,125,-83.6135
4.6,0,0,125,-83.6145
4.625,0,0,125,-83.6154
4.65,0,0,125,-83.6163
4.675,0,0,125,-83.617
4.7,0,0,125,-83.6177
4.725,0,0,125,-83.6182
4.75,0,0,125,-83.6187
4.775,0,0,125,-83.6191
4.8,0,0,125,-83.6194
4.825,0,0,125,-83.6197
4.85,0,0,125,-83.6199
4.875,0,0,125,-83.6201
4.9,0,0,125,-83.6202
4.925,0,0,125,-83.6202
4.95,0,0,125,-83.6203
4.975,0,0,125,-83.6203
5,0,0,125,-83.6203
