0,0,0,125,-84.2245
0.025,0,0,125,-84.2247
0.05,0,0,125,-84.2249
0.075,0,0,125,-84.2252
0.1,0,0,125,-84.2256
0.125,0,0,125,-84.226
0.15,0,0,125,-84.2265
0.175,0,0,125,-84.227
0.2,0,0,125,-84.2276
0.225,0,0,125,-84.2281
0.25,0,0,125,-84.2286
0.275,0,0,125,-84.2292
0.3,0,0,125,-84.2298
0.325,0,0,125,-84.2304
0.35,0,0,125,-84.2309
0.375,0,0,125,-84.2315
0.4,0,0,125,-84.232
0.425,0,0,125,-84.2326
0.45,0,0,125,-84.2331
0.475,0,0,125,-84.2336
0.5,0,0,125,-84.2341
0.525,0,0,125,-84.2346
0.55,0,0,125,-84.2351
0.575,0,0,125,-84.2356
0.6,0,0,125,-84.236
0.625,0,0,125,-84.2365
0.65,0,0,125,-84.237
0.675,0,0,125,-84.2374
0.7,0,0,125,-84.2378
0.725,0,0,125,-84.2382
0.75,0,0,125,-84.2387
0.775,0,0,125,-84.2391
0.8,0,0,125,-84.2394
0.825,0,0,125,-84.2398
0.85,0,0,125,-84.2402
0.875,0,0,125,-84.2406
0.9,0,0,125,-84.241
0.925,0,0,125,-84.2415
0.95,0,0,125,-84.2419
0.975,0,0,125,-84.2423
1,0,0,125,-84.2427
1.025,0,0,125,-84.2431
1.05,0,0,125,-84.2436
1.075,0,0,125,-84.244
1.1,0,0,125,-84.2445
1.125,0,0,125,-84.2449
1.15,0,0,125,-84.2454
1.175,0,0,125,-84.2459
1.2,0,0,125,-84.2464
1.225,0,0,125,-84.247
1.25,0,0,125,-84.2475
1.275,0,0,125,-84.248
1.3,0,0,125,-84.2486
1.325,0,0,125,-84.2492
1.35,0,0,125,-84.2498
1.375,0,0,125,-84.2504
1.4,0,0,125,-84.251
1.425,0,0,125,-84.2517
1.45,0,0,125,-84.2523
1.475,0,0,125,-84.253
1.5,0,0,125,-84.2537
1.525,0,0,125,-84.2544
1.55,0,0,125,-84.2551
1.575,0,0,125,-84.2559
1.6,0,0,125,-84.2566
1.625,0,0,125,-84.2574
1.65,0,0,125,-84.2582
1.675,0,0,125,-84.2589
1.7,0,0,125,-84.2597
1.725,0,0,125,-84.2605
1.75,0,0,125,-84.2614
1.775,0,0,125,-84.2622
1.8,0,0,125,-84.263
1.825,0,0,125,-84.2639
1.85,0,0,125,-84.2647
1.875,0,0,125,-84.2656
1.9,0,0,125,-84.2665
1.925,0,0,125,-84.2674
1.95,0,0,125,-84.2682
1.975,0,0,125,-84.2691
2,0,0,125,-84.2701
2.025,0,0,125,-84.271
2.05,0,0,125,-84.272
2.075,0,0,125,-84.273
2.1,0,0,125,-84.2741
2.125,0,0,125,-84.2751
2.15,0,0,125,-84.2762
2.175,0,0,125,-84.2773
2.2,0,0,125,-84.2785
2.225,0,0,125,-84.2797
2.25,0,0,125,-84.2809
2.275,0,0,125,-84.2822
2.3,0,0,125,-84.2834
2.325,0,0,125,-84.2848
2.35,0,0,125,-84.2861
2.375,0,0,125,-84.2875
2.4,0,0,125,-84.2889
2.425,0,0,125,-84.2904
2.45,0,0,125,-84.2919
2.475,0,0,125,-84.2934
2.5,0,0,125,-84.295
2.525,0,0,125,-84.2966
2.55,0,0,125,-84.2982
2.575,0,0,125,-84.2999
2.6,0,0,125,-84.3016
2.625,0,0,125,-84.3033
2.65,0,0,125,-84.3051
2.675,0,0,125,-84.3068
2.7,0,0,125,-84.3086
2.725,0,0,125,-84.3104
2.75,0,0,125,-84.3123
2.775,0,0,125,-84.3141
2.8,0,0,125,-84.316
2.825,0,0,125,-84.3178
2.85,0,0,125,-84.3197
2.875,0,0,125,-84.3216
2.9,0,0,125,-84.3236
2.925,0,0,125,-84.3255
2.95,0,0,125,-84.3274
2.975,0,0,125,-84.3293
3,0,0,125,-84.3312
3.025,0,0,125,-84.3331
3.05,0,0,125,-84.335
3.075,0,0,125,-84.3369
3.1,0,0,125,-84.3387
3.125,0,0,125,-84.3406
3.15,0,0,125,-84.3424
3.175,0,0,125,-84.3443
3.2,0,0,125,-84.3461
3.225,0,0,125,-84.3479
3.25,0,0,125,-84.3497
3.275,0,0,125,-84.3515
3.3,0,0,125,-84.3532
3.325,0,0,125,-84.355
3.35,0,0,125,-84.3567
3.375,0,0,125,-84.3584
3.4,0,0,125,-84.3601
3.425,0,0,125,-84.3618
3.45,0,0,125,-84.3635
3.475,0,0,125,-84.3652
3.5,0,0,125,-84.3668
3.525,0,0,125,-84.3684
3.55,0,0,125,-84.37
3.575,0,0,125,-84.3715
3.6,0,0,125,-84.3731
3.625,0,0,125,-84.3745
3.65,0,0,125,-84.3759
3.675,0,0,125,-84.3773
3.7,0,0,125,-84.3787
3.725,0,0,125,-84.38
3.75,0,0,125,-84.3813
3.775,0,0,125,-84.3825
3.8,0,0,125,-84.3837
3.825,0,0,125,-84.3849
3.85,0,0,125,-84.386
3.875,0,0,125,-84.3871
3.9,0,0,125,-84.3881
3.925,0,0,125,-84.3891
3.95,0,0,125,-84.3901
3.975,0,0,125,-84.391
4,0,0,125,-84.3919
4.025,0,0,125,-84.3927
4.05,0,0,125,-84.3935
4.075,0,0,125,-84.3943
4.1,0,0,125,-84.3951
4.125,0,0,125,-84.3958
4.15,0,0,125,-84.3965
4.175,0,0,125,-84.3971
4.2,0,0,125,-84.3977
4.225,0,0,125,-84.3983
4.25,0,0,125,-84.3988
4.275,0,0,125,-84.3994
4.3,0,0,125,-84.3998
4.325,0,0,125,-84.4003
4.35,0,0,125,-84.4007
4.375,0,0,125,-84.4011
4.4,0,0,125,-84.4015
4.425,0,0,125,-84.4018
4.45,0,0,125,-84.4021
4.475,0,0,125,-84.4024
4.5,0,0,125,-84.4027
4.525,0,0,125,-84.403
4.55,0,0,125,-84.4033
4.575,0,0,125,-84.4035
4.6,0,0,125,-84.4037
4.625,0,0,125,-84.4039
4.65,0,0,125,-84.4041
4.675,0,0,125,-84.4043
4.7,0,0,125,-84.4045
4.725,0,0,125,-84.4047
4.75,0,0,125,-84.4048
4.775,0,0,125,-84.4049
4.8,0,0,125,-84.405
4.825,0,0,125,-84.4051
4.85,0,0,125,-84.4052
4.875,0,0,125,-84.4052
4.9,0,0,125,-84.4053
4.925,0,0,125,-84.4053
4.95,0,0,125,-84.4053
4.975,0,0,125,-84.4053
5,0,0,125,-84.4053
