0,0,0,125,-68.3808
0.025,0,0,125,-68.3813
0.05,0,0,125,-68.3822
0.075,0,0,125,-68.3837
0.1,0,0,125,-68.386
0.125,0,0,125,-68.3894
0.15,0,0,125,-68.3942
0.175,0,0,125,-68.4006
0.2,0,0,125,-68.4088
0.225,0,0,125,-68.4191
0.25,0,0,125,-68.4317
0.275,0,0,125,-68.4469
0.3,0,0,125,-68.4647
0.325,0,0,125,-68.4856
0.35,0,0,125,-68.5096
0.375,0,0,125,-68.5371
0.4,0,0,125,-68.5682
0.425,0,0,125,-68.6032
0.45,0,0,125,-68.6423
0.475,0,0,125,-68.6858
0.5,0,0,125,-68.7337
0.525,0,0,125,-68.7864
0.55,0,0,125,-68.844
0.575,0,0,125,-68.9068
0.6,0,0,125,-68.9748
0.625,0,0,125,-69.0484
0.65,0,0,125,-69.1277
0.675,0,0,125,-69.2127
0.7,0,0,125,-69.3037
0.725,0,0,125,-69.4007
0.75,0,0,125,-69.504
0.775,0,0,125,-69.6135
0.8,0,0,125,-69.7294
0.825,0,0,125,-69.8516
0.85,0,0,125,-69.9803
0.875,0,0,125,-70.1154
0.9,0,0,125,-70.257
0.925,0,0,125,-70.405
0.95,0,0,125,-70.5594
0.975,0,0,125,-70.7201
1,0,0,125,-70.8869
1.025,0,0,125,-71.0599
1.05,0,0,125,-71.2388
1.075,0,0,125,-71.4235
1.1,0,0,125,-71.6137
1.125,0,0,125,-71.8094
1.15,0,0,125,-72.0102
1.175,0,0,125,-72.2159
1.2,0,0,125,-72.4262
1.225,0,0,125,-72.6408
1.25,0,0,125,-72.8595
1.275,0,0,125,-73.0818
1.3,0,0,125,-73.3074
1.325,0,0,125,-73.5361
1.35,0,0,125,-73.7673
1.375,0,0,125,-74.0007
1.4,0,0,125,-74.236
1.425,0,0,125,-74.4726
1.45,0,0,125,-74.7103
1.475,0,0,125,-74.9485
1.5,0,0,125,-75.187
1.525,0,0,125,-75.4251
1.55,0,0,125,-75.6627
1.575,0,0,125,-75.8991
1.6,0,0,125,-76.1342
1.625,0,0,125,-76.3673
1.65,0,0,125,-76.5983
1.675,0,0,125,-76.8267
1.7,0,0,125,-77.0521
1.725,0,0,125,-77.2743
1.75,0,0,125,-77.4929
1.775,0,0,125,-77.7077
1.8,0,0,125,-77.9183
1.825,0,0,125,-78.1245
1.85,0,0,125,-78.3261
1.875,0,0,125,-78.5229
1.9,0,0,125,-78.7147
1.925,0,0,125,-78.9013
1.95,0,0,125,-79.0827
1.975,0,0,125,-79.2586
2,0,0,125,-79.429
2.025,0,0,125,-79.5939
2.05,0,0,125,-79.7532
2.075,0,0,125,-79.9069
2.1,0,0,125,-80.055
2.125,0,0,125,-80.1975
2.15,0,0,125,-80.3345
2.175,0,0,125,-80.4659
2.2,0,0,125,-80.592
2.225,0,0,125,-80.7127
2.25,0,0,125,-80.8282
2.275,0,0,125,-80.9386
2.3,0,0,125,-81.044
2.325,0,0,125,-81.1445
2.35,0,0,125,-81.2403
2.375,0,0,125,-81.3316
2.4,0,0,125,-81.4184
2.425,0,0,125,-81.501
2.45,0,0,125,-81.5795
2.475,0,0,125,-81.654
2.5,0,0,125,-81.7248
2.525,0,0,125,-81.792
2.55,0,0,125,-81.8557
2.575,0,0,125,-81.9162
2.6,0,0,125,-81.9735
2.625,0,0,125,-82.0279
2.65,0,0,125,-82.0795
2.675,0,0,125,-82.1284
2.7,0,0,125,-82.1748
2.725,0,0,125,-82.2188
2.75,0,0,125,-82.2606
2.775,0,0,125,-82.3003
2.8,0,0,125,-82.338
2.825,0,0,125,-82.3738
2.85,0,0,125,-82.4079
2.875,0,0,125,-82.4403
2.9,0,0,125,-82.4713
2.925,0,0,125,-82.5008
2.95,0,0,125,-82.5289
2.975,0,0,125,-82.5558
3,0,0,125,-82.5815
3.025,0,0,125,-82.6061
3.05,0,0,125,-82.6297
3.075,0,0,125,-82.6523
3.1,0,0,125,-82.674
3.125,0,0,125,-82.6949
3.15,0,0,125,-82.715
3.175,0,0,125,-82.7343
3.2,0,0,125,-82.7529
3.225,0,0,125,-82.7709
3.25,0,0,125,-82.7883
3.275,0,0,125,-82.805
3.3,0,0,125,-82.8212
3.325,0,0,125,-82.8369
3.35,0,0,125,-82.852
3.375,0,0,125,-82.8667
3.4,0,0,125,-82.8809
3.425,0,0,125,-82.8947
3.45,0,0,125,-82.908
3.475,0,0,125,-82.921
3.5,0,0,125,-82.9335
3.525,0,0,125,-82.9457
3.55,0,0,125,-82.9575
3.575,0,0,125,-82.9689
3.6,0,0,125,-82.98
3.625,0,0,125,-82.9907
3.65,0,0,125,-83.0011
3.675,0,0,125,-83.0112
3.7,0,0,125,-83.0209
3.725,0,0,125,-83.0303
3.75,0,0,125,-83.0394
3.775,0,0,125,-83.0482
3.8,0,0,125,-83.0567
3.825,0,0,125,-83.0649
3.85,0,0,125,-83.0728
3.875,0,0,125,-83.0804
3.9,0,0,125,-83.0878
3.925,0,0,125,-83.0948
3.95,0,0,125,-83.1016
3.975,0,0,125,-83.1081
4,0,0,125,-83.1144
4.025,0,0,125,-83.1203
4.05,0,0,125,-83.1261
4.075,0,0,125,-83.1316
4.1,0,0,125,-83.1368
4.125,0,0,125,-83.1417
4.15,0,0,125,-83.1465
4.175,0,0,125,-83.151
4.2,0,0,125,-83.1553
4.225,0,0,125,-83.1593
4.25,0,0,125,-83.1632
4.275,0,0,125,-83.1668
4.3,0,0,125,-83.1702
4.325,0,0,125,-83.1734
4.35,0,0,125,-83.1765
4.375,0,0,125,-83.1793
4.4,0,0,125,-83.182
4.425,0,0,125,-83.1845
4.45,0,0,125,-83.1868
4.475,0,0,125,-83.189
4.5,0,0,125,-83.1909
4.525,0,0,125,-83.1928
4.55,0,0,125,-83.1944
4.575,0,0,125,-83.196
4.6,0,0,125,-83.1973
4.625,0,0,125,-83.1986
4.65,0,0,125,-83.1997
4.675,0,0,125,-83.2007
4.7,0,0,125,-83.2015
4.725,0,0,125,-83.2023
4.75,0,0,125,-83.203
4.775,0,0,125,-83.2035
4.8,0,0,125,-83.2039
4.825,0,0,125,-83.2043
4.85,0,0,125,-83.2045
4.875,0,0,125,-83.2047
4.9,0,0,125,-83.2048
4.925,0,0,125,-83.2049
4.95,0,0,125,-83.205
4.975,0,0,125,-83.205
5,0,0,125,-83.205
