0,0,0,125,-83.2586
0.025,0,0,125,-83.2589
0.05,0,0,125,-83.2596
0.075,0,0,125,-83.2607
0.1,0,0,125,-83.2619
0.125,0,0,125,-83.2634
0.15,0,0,125,-83.265
0.175,0,0,125,-83.2667
0.2,0,0,125,-83.2684
0.225,0,0,125,-83.2701
0.25,0,0,125,-83.2719
0.275,0,0,125,-83.2737
0.3,0,0,125,-83.2754
0.325,0,0,125,-83.2772
0.35,0,0,125,-83.2789
0.375,0,0,125,-83.2806
0.4,0,0,125,-83.2823
0.425,0,0,125,-83.284
0.45,0,0,125,-83.2856
0.475,0,0,125,-83.2873
0.5,0,0,125,-83.2889
0.525,0,0,125,-83.2905
0.55,0,0,125,-83.2921
0.575,0,0,125,-83.2937
0.6,0,0,125,-83.2953
0.625,0,0,125,-83.2968
0.65,0,0,125,-83.2984
0.675,0,0,125,-83.2999
0.7,0,0,125,-83.3014
0.725,0,0,125,-83.3029
0.75,0,0,125,-83.3044
0.775,0,0,125,-83.3059
0.8,0,0,125,-83.3074
0.825,0,0,125,-83.3089
0.85,0,0,125,-83.3104
0.875,0,0,125,-83.3119
0.9,0,0,125,-83.3134
0.925,0,0,125,-83.3149
0.95,0,0,125,-83.3164
0.975,0,0,125,-83.3179
1,0,0,125,-83.3195
1.025,0,0,125,-83.321
1.05,0,0,125,-83.3226
1.075,0,0,125,-83.3242
1.1,0,0,125,-83.3258
1.125,0,0,125,-83.3275
1.15,0,0,125,-83.3291
1.175,0,0,125,-83.3308
1.2,0,0,125,-83.3324
1.225,0,0,125,-83.3341
1.25,0,0,125,-83.3359
1.275,0,0,125,-83.3377
1.3,0,0,125,-83.3395
1.325,0,0,125,-83.3413
1.35,0,0,125,-83.3432
1.375,0,0,125,-83.3452
1.4,0,0,125,-83.3471
1.425,0,0,125,-83.3491
1.45,0,0,125,-83.3512
1.475,0,0,125,-83.3532
1.5,0,0,125,-83.3553
1.525,0,0,125,-83.3575
1.55,0,0,125,-83.3597
1.575,0,0,125,-83.3619
1.6,0,0,125,-83.3641
1.625,0,0,125,-83.3664
1.65,0,0,125,-83.3688
1.675,0,0,125,-83.3713
1.7,0,0,125,-83.3738
1.725,0,0,125,-83.3763
1.75,0,0,125,-83.3789
1.775,0,0,125,-83.3816
1.8,0,0,125,-83.3843
1.825,0,0,125,-83.3871
1.85,0,0,125,-83.39
1.875,0,0,125,-83.3929
1.9,0,0,125,-83.3959
1.925,0,0,125,-83.399
1.95,0,0,125,-83.4022
1.975,0,0,125,-83.4055
2,0,0,125,-83.4088
2.025,0,0,125,-83.4123
2.05,0,0,125,-83.4158
2.075,0,0,125,-83.4194
2.1,0,0,125,-83.4231
2.125,0,0,125,-83.4269
2.15,0,0,125,-83.4308
2.175,0,0,125,-83.4348
2.2,0,0,125,-83.4389
2.225,0,0,125,-83.4431
2.25,0,0,125,-83.4474
2.275,0,0,125,-83.4517
2.3,0,0,125,-83.4562
2.325,0,0,125,-83.4607
2.35,0,0,125,-83.4654
2.375,0,0,125,-83.4701
2.4,0,0,125,-83.475
2.425,0,0,125,-83.48
2.45,0,0,125,-83.485
2.475,0,0,125,-83.4902
2.5,0,0,125,-83.4955
2.525,0,0,125,-83.5009
2.55,0,0,125,-83.5064
2.575,0,0,125,-83.512
2.6,0,0,125,-83.5177
2.625,0,0,125,-83.5235
2.65,0,0,125,-83.5293
2.675,0,0,125,-83.5353
2.7,0,0,125,-83.5413
2.725,0,0,125,-83.5474
2.75,0,0,125,-83.5536
2.775,0,0,125,-83.5598
2.8,0,0,125,-83.5661
2.825,0,0,125,-83.5725
2.85,0,0,125,-83.5789
2.875,0,0,125,-83.5854
2.9,0,0,125,-83.5919
2.925,0,0,125,-83.5984
2.95,0,0,125,-83.605
2.975,0,0,125,-83.6116
3,0,0,125,-83.6183
3.025,0,0,125,-83.6249
3.05,0,0,125,-83.6316
3.075,0,0,125,-83.6382
3.1,0,0,125,-83.6449
3.125,0,0,125,-83.6516
3.15,0,0,125,-83.6582
3.175,0,0,125,-83.6649
3.2,0,0,125,-83.6715
3.225,0,0,125,-83.6781
3.25,0,0,125,-83.6847
3.275,0,0,125,-83.6912
3.3,0,0,125,-83.6976
3.325,0,0,125,-83.704
3.35,0,0,125,-83.7103
3.375,0,0,125,-83.7165
3.4,0,0,125,-83.7227
3.425,0,0,125,-83.7288
3.45,0,0,125,-83.7348
3.475,0,0,125,-83.7407
3.5,0,0,125,-83.7465
3.525,0,0,125,-83.7522
3.55,0,0,125,-83.7579
3.575,0,0,125,-83.7634
3.6,0,0,125,-83.7688
3.625,0,0,125,-83.7741
3.65,0,0,125,-83.7793
3.675,0,0,125,-83.7844
3.7,0,0,125,-83.7893
3.725,0,0,125,-83.7941
3.75,0,0,125,-83.7989
3.775,0,0,125,-83.8035
3.8,0,0,125,-83.8079
3.825,0,0,125,-83.8122
3.85,0,0,125,-83.8164
3.875,0,0,125,-83.8205
3.9,0,0,125,-83.8244
3.925,0,0,125,-83.8282
3.95,0,0,125,-83.8318
3.975,0,0,125,-83.8353
4,0,0,125,-83.8387
4.025,0,0,125,-83.8419
4.05,0,0,125,-83.845
4.075,0,0,125,-83.8479
4.1,0,0,125,-83.8507
4.125,0,0,125,-83.8534
4.15,0,0,125,-83.856
4.175,0,0,125,-83.8585
4.2,0,0,125,-83.8608
4.225,0,0,125,-83.863
4.25,0,0,125,-83.8652
4.275,0,0,125,-83.8672
4.3,0,0,125,-83.8691
4.325,0,0,125,-83.8708
4.35,0,0,125,-83.8725
4.375,0,0,125,-83.874
4.4,0,0,125,-83.8755
4.425,0,0,125,-83.8769
4.45,0,0,125,-83.8782
4.475,0,0,125,-83.8794
4.5,0,0,125,-83.8805
4.525,0,0,125,-83.8815
4.55,0,0,125,-83.8824
4.575,0,0,125,-83.8833
4.6,0,0,125,-83.884
4.625,0,0,125,-83.8847
4.65,0,0,125,-83.8854
4.675,0,0,125,-83.8859
4.7,0,0,125,-83.8864
4.725,0,0,125,-83.8869
4.75,0,0,125,-83.8873
4.775,0,0,125,-83.8876
4.8,0,0,125,-83.8878
4.825,0,0,125,-83.888
4.85,0,0,125,-83.8882
4.875,0,0,125,-83.8883
4.9,0,0,125,-83.8884
4.925,0,0,125,-83.8885
4.95,0,0,125,-83.8885
4.975,0,0,125,-83.8886
5,0,0,125,-83.8886
