0,0,0,125,-62.7727
0.025,0,0,125,-62.7692
0.05,0,0,125,-62.7622
0.075,0,0,125,-62.7515
0.1,0,0,125,-62.7372
0.125,0,0,125,-62.7187
0.15,0,0,125,-62.6954
0.175,0,0,125,-62.6657
0.2,0,0,125,-62.6273
0.225,0,0,125,-62.5778
0.25,0,0,125,-62.5145
0.275,0,0,125,-62.4351
0.3,0,0,125,-62.3372
0.325,0,0,125,-62.2188
0.35,0,0,125,-62.0777
0.375,0,0,125,-61.9122
0.4,0,0,125,-61.7207
0.425,0,0,125,-61.5015
0.45,0,0,125,-61.2533
0.475,0,0,125,-60.9749
0.5,0,0,125,-60.6651
0.525,0,0,125,-60.323
0.55,0,0,125,-59.9476
0.575,0,0,125,-59.5383
0.6,0,0,125,-59.0945
0.625,0,0,125,-58.6158
0.65,0,0,125,-58.1018
0.675,0,0,125,-57.5525
0.7,0,0,125,-56.9679
0.725,0,0,125,-56.3481
0.75,0,0,125,-55.6935
0.775,0,0,125,-55.0047
0.8,0,0,125,-54.2822
0.825,0,0,125,-53.527
0.85,0,0,125,-52.7401
0.875,0,0,125,-51.9226
0.9,0,0,125,-51.076
0.925,0,0,125,-50.2016
0.95,0,0,125,-49.3012
0.975,0,0,125,-48.3765
1,0,0,125,-47.4294
1.025,0,0,125,-46.4618
1.05,0,0,125,-45.4759
1.075,0,0,125,-44.4736
1.1,0,0,125,-43.4573
1.125,0,0,125,-42.4289
1.15,0,0,125,-41.3906
1.175,0,0,125,-40.3447
1.2,0,0,125,-39.293
1.225,0,0,125,-38.2377
1.25,0,0,125,-37.1806
1.275,0,0,125,-36.1235
1.3,0,0,125,-35.0683
1.325,0,0,125,-34.0164
1.35,0,0,125,-32.9696
1.375,0,0,125,-31.9291
1.4,0,0,125,-30.8963
1.425,0,0,125,-29.8726
1.45,0,0,125,-28.8591
1.475,0,0,125,-27.8569
1.5,0,0,125,-26.8671
1.525,0,0,125,-25.8907
1.55,0,0,125,-24.9287
1.575,0,0,125,-23.9818
1.6,0,0,125,-23.0509
1.625,0,0,125,-22.1368
1.65,0,0,125,-21.2402
1.675,0,0,125,-20.3616
1.7,0,0,125,-19.5017
1.725,0,0,125,-18.6608
1.75,0,0,125,-17.8394
1.775,0,0,125,-17.0377
1.8,0,0,125,-16.2561
1.825,0,0,125,-15.4946
1.85,0,0,125,-14.7535
1.875,0,0,125,-14.0327
1.9,0,0,125,-13.3322
1.925,0,0,125,-12.6519
1.95,0,0,125,-11.9916
1.975,0,0,125,-11.3513
2,0,0,125,-10.7306
2.025,0,0,125,-10.1294
2.05,0,0,125,-9.54717
2.075,0,0,125,-8.98373
2.1,0,0,125,-8.43869
2.125,0,0,125,-7.91167
2.15,0,0,125,-7.40226
2.175,0,0,125,-6.91006
2.2,0,0,125,-6.43463
2.225,0,0,125,-5.97556
2.25,0,0,125,-5.5324
2.275,0,0,125,-5.10472
2.3,0,0,125,-4.69207
2.325,0,0,125,-4.29404
2.35,0,0,125,-3.91017
2.375,0,0,125,-3.54005
2.4,0,0,125,-3.18325
2.425,0,0,125,-2.83936
2.45,0,0,125,-2.50799
2.475,0,0,125,-2.18872
2.5,0,0,125,-1.88119
2.525,0,0,125,-1.585
2.55,0,0,125,-1.29981
2.575,0,0,125,-1.02525
2.6,0,0,125,-0.760977
2.625,0,0,125,-0.506669
2.65,0,0,125,-0.261999
2.675,0,0,125,-0.0266598
2.7,0,0,125,0.199649
2.725,0,0,125,0.417216
2.75,0,0,125,0.62632
2.775,0,0,125,0.827228
2.8,0,0,125,1.0202
2.825,0,0,125,1.20548
2.85,0,0,125,1.38332
2.875,0,0,125,1.55394
2.9,0,0,125,1.71756
2.925,0,0,125,1.87441
2.95,0,0,125,2.02469
2.975,0,0,125,2.16859
3,0,0,125,2.30631
3.025,0,0,125,2.43804
3.05,0,0,125,2.56396
3.075,0,0,125,2.68423
3.1,0,0,125,2.79903
3.125,0,0,125,2.90852
3.15,0,0,125,3.01286
3.175,0,0,125,3.11219
3.2,0,0,125,3.20668
3.225,0,0,125,3.29645
3.25,0,0,125,3.38165
3.275,0,0,125,3.46242
3.3,0,0,125,3.53889
3.325,0,0,125,3.61119
3.35,0,0,125,3.67944
3.375,0,0,125,3.74376
3.4,0,0,125,3.80428
3.425,0,0,125,3.86111
3.45,0,0,125,3.91437
3.475,0,0,125,3.96417
3.5,0,0,125,4.01062
3.525,0,0,125,4.05383
3.55,0,0,125,4.09391
3.575,0,0,125,4.13095
3.6,0,0,125,4.16507
3.625,0,0,125,4.19637
3.65,0,0,125,4.22494
3.675,0,0,125,4.25088
3.7,0,0,125,4.27429
3.725,0,0,125,4.29526
3.75,0,0,125,4.3139
3.775,0,0,125,4.33028
3.8,0,0,125,4.34451
3.825,0,0,125,4.35667
3.85,0,0,125,4.36685
3.875,0,0,125,4.37514
3.9,0,0,125,4.38162
3.925,0,0,125,4.38638
3.95,0,0,125,4.3895
3.975,0,0,125,4.39107
4,0,0,125,4.39116
4.025,0,0,125,4.38985
4.05,0,0,125,4.38721
4.075,0,0,125,4.38333
4.1,0,0,125,4.37827
4.125,0,0,125,4.3721
4.15,0,0,125,4.3649
4.175,0,0,125,4.35673
4.2,0,0,125,4.34765
4.225,0,0,125,4.33772
4.25,0,0,125,4.32701
4.275,0,0,125,4.31557
4.3,0,0,125,4.30345
4.325,0,0,125,4.29071
4.35,0,0,125,4.27739
4.375,0,0,125,4.26353
4.4,0,0,125,4.24919
4.425,0,0,125,4.23441
4.45,0,0,125,4.21921
4.475,0,0,125,4.20365
4.5,0,0,125,4.18774
4.525,0,0,125,4.17154
4.55,0,0,125,4.15507
4.575,0,0,125,4.13837
4.6,0,0,125,4.12148
4.625,0,0,125,4.10444
4.65,0,0,125,4.0873
4.675,0,0,125,4.07011
4.7,0,0,125,4.05295
4.725,0,0,125,4.03589
4.75,0,0,125,4.01905
4.775,0,0,125,4.00255
4.8,0,0,125,3.98653
4.825,0,0,125,3.9712
4.85,0,0,125,3.95679
4.875,0,0,125,3.94355
4.9,0,0,125,3.93184
4.925,0,0,125,3.92199
4.95,0,0,125,3.91432
4.975,0,0,125,3.90908
5,0,0,125,3.90642
