0,0,0,125,-84.4414
0.025,0,0,125,-84.4415
0.05,0,0,125,-84.4415
0.075,0,0,125,-84.4416
0.1,0,0,125,-84.4418
0.125,0,0,125,-84.4419
0.15,0,0,125,-84.4421
0.175,0,0,125,-84.4423
0.2,0,0,125,-84.4425
0.225,0,0,125,-84.4427
0.25,0,0,125,-84.4429
0.275,0,0,125,-84.4431
0.3,0,0,125,-84.4433
0.325,0,0,125,-84.4436
0.35,0,0,125,-84.4438
0.375,0,0,125,-84.444
0.4,0,0,125,-84.4442
0.425,0,0,125,-84.4444
0.45,0,0,125,-84.4446
0.475,0,0,125,-84.4448
0.5,0,0,125,-84.445
0.525,0,0,125,-84.4451
0.55,0,0,125,-84.4453
0.575,0,0,125,-84.4455
0.6,0,0,125,-84.4456
0.625,0,0,125,-84.4458
0.65,0,0,125,-84.4459
0.675,0,0,125,-84.4461
0.7,0,0,125,-84.4463
0.725,0,0,125,-84.4464
0.75,0,0,125,-84.4466
0.775,0,0,125,-84.4467
0.8,0,0,125,-84.4469
0.825,0,0,125,-84.447
0.85,0,0,125,-84.4472
0.875,0,0,125,-84.4473
0.9,0,0,125,-84.4475
0.925,0,0,125,-84.4476
0.95,0,0,125,-84.4478
0.975,0,0,125,-84.448
1,0,0,125,-84.4481
1.025,0,0,125,-84.4483
1.05,0,0,125,-84.4485
1.075,0,0,125,-84.4486
1.1,0,0,125,-84.4488
1.125,0,0,125,-84.449
1.15,0,0,125,-84.4492
1.175,0,0,125,-84.4493
1.2,0,0,125,-84.4495
1.225,0,0,125,-84.4497
1.25,0,0,125,-84.4499
1.275,0,0,125,-84.4501
1.3,0,0,125,-84.4503
1.325,0,0,125,-84.4505
1.35,0,0,125,-84.4507
1.375,0,0,125,-84.4509
1.4,0,0,125,-84.4512
1.425,0,0,125,-84.4514
1.45,0,0,125,-84.4516
1.475,0,0,125,-84.4518
1.5,0,0,125,-84.4521
1.525,0,0,125,-84.4523
1.55,0,0,125,-84.4525
1.575,0,0,125,-84.4528
1.6,0,0,125,-84.453
1.625,0,0,125,-84.4533
1.65,0,0,125,-84.4535
1.675,0,0,125,-84.4538
1.7,0,0,125,-84.4541
1.725,0,0,125,-84.4543
1.75,0,0,125,-84.4546
1.775,0,0,125,-84.4549
1.8,0,0,125,-84.4552
1.825,0,0,125,-84.4556
1.85,0,0,125,-84.4559
1.875,0,0,125,-84.4562
1.9,0,0,125,-84.4566
1.925,0,0,125,-84.4569
1.95,0,0,125,-84.4573
1.975,0,0,125,-84.4577
2,0,0,125,-84.458
2.025,0,0,125,-84.4584
2.05,0,0,125,-84.4589
2.075,0,0,125,-84.4593
2.1,0,0,125,-84.4597
2.125,0,0,125,-84.4601
2.15,0,0,125,-84.4606
2.175,0,0,125,-84.461
2.2,0,0,125,-84.4615
2.225,0,0,125,-84.462
2.25,0,0,125,-84.4624
2.275,0,0,125,-84.4629
2.3,0,0,125,-84.4634
2.325,0,0,125,-84.4639
2.35,0,0,125,-84.4645
2.375,0,0,125,-84.465
2.4,0,0,125,-84.4655
2.425,0,0,125,-84.4661
2.45,0,0,125,-84.4666
2.475,0,0,125,-84.4672
2.5,0,0,125,-84.4678
2.525,0,0,125,-84.4684
2.55,0,0,125,-84.469
2.575,0,0,125,-84.4696
2.6,0,0,125,-84.4702
2.625,0,0,125,-84.4708
2.65,0,0,125,-84.4714
2.675,0,0,125,-84.4721
2.7,0,0,125,-84.4727
2.725,0,0,125,-84.4734
2.75,0,0,125,-84.4741
2.775,0,0,125,-84.4748
2.8,0,0,125,-84.4754
2.825,0,0,125,-84.4761
2.85,0,0,125,-84.4769
2.875,0,0,125,-84.4776
2.9,0,0,125,-84.4783
2.925,0,0,125,-84.479
2.95,0,0,125,-84.4798
2.975,0,0,125,-84.4805
3,0,0,125,-84.4813
3.025,0,0,125,-84.4821
3.05,0,0,125,-84.4828
3.075,0,0,125,-84.4836
3.1,0,0,125,-84.4844
3.125,0,0,125,-84.4852
3.15,0,0,125,-84.4859
3.175,0,0,125,-84.4867
3.2,0,0,125,-84.4874
3.225,0,0,125,-84.4881
3.25,0,0,125,-84.4889
3.275,0,0,125,-84.4896
3.3,0,0,125,-84.4903
3.325,0,0,125,-84.491
3.35,0,0,125,-84.4917
3.375,0,0,125,-84.4923
3.4,0,0,125,-84.493
3.425,0,0,125,-84.4937
3.45,0,0,125,-84.4943
3.475,0,0,125,-84.4949
3.5,0,0,125,-84.4956
3.525,0,0,125,-84.4962
3.55,0,0,125,-84.4968
3.575,0,0,125,-84.4974
3.6,0,0,125,-84.4979
3.625,0,0,125,-84.4985
3.65,0,0,125,-84.499
3.675,0,0,125,-84.4996
3.7,0,0,125,-84.5001
3.725,0,0,125,-84.5006
3.75,0,0,125,-84.5011
3.775,0,0,125,-84.5015
3.8,0,0,125,-84.502
3.825,0,0,125,-84.5024
3.85,0,0,125,-84.5028
3.875,0,0,125,-84.5032
3.9,0,0,125,-84.5036
3.925,0,0,125,-84.504
3.95,0,0,125,-84.5044
3.975,0,0,125,-84.5048
4,0,0,125,-84.5051
4.025,0,0,125,-84.5055
4.05,0,0,125,-84.5058
4.075,0,0,125,-84.5061
4.1,0,0,125,-84.5064
4.125,0,0,125,-84.5067
4.15,0,0,125,-84.507
4.175,0,0,125,-84.5073
4.2,0,0,125,-84.5076
4.225,0,0,125,-84.5079
4.25,0,0,125,-84.5081
4.275,0,0,125,-84.5084
4.3,0,0,125,-84.5086
4.325,0,0,125,-84.5088
4.35,0,0,125,-84.5091
4.375,0,0,125,-84.5093
4.4,0,0,125,-84.5095
4.425,0,0,125,-84.5096
4.45,0,0,125,-84.5098
4.475,0,0,125,-84.51
4.5,0,0,125,-84.5102
4.525,0,0,125,-84.5103
4.55,0,0,125,-84.5104
4.575,0,0,125,-84.5106
4.6,0,0,125,-84.5107
4.625,0,0,125,-84.5108
4.65,0,0,125,-84.5109
4.675,0,0,125,-84.511
4.7,0,0,125,-84.5111
4.725,0,0,125,-84.5111
4.75,0,0,125,-84.5112
4.775,0,0,125,-84.5112
4.8,0,0,125,-84.5113
4.825,0,0,125,-84.5113
4.85,0,0,125,-84.5113
4.875,0,0,125,-84.5113
4.9,0,0,125,-84.5113
4.925,0,0,125,-84.5113
4.95,0,0,125,-84.5113
4.975,0,0,125,-84.5112
5,0,0,125,-84.5112
