0,0,0,125,2.36893
0.025,0,0,125,2.24253
0.05,0,0,125,1.99256
0.075,0,0,125,1.6244
0.1,0,0,125,1.1461
0.125,0,0,125,0.568581
0.15,0,0,125,-0.0934765
0.175,0,0,125,-0.819863
0.2,0,0,125,-1.58633
0.225,0,0,125,-2.36671
0.25,0,0,125,-3.13491
0.275,0,0,125,-3.86615
0.3,0,0,125,-4.53792
0.325,0,0,125,-5.13074
0.35,0,0,125,-5.62905
0.375,0,0,125,-6.02224
0.4,0,0,125,-6.30589
0.425,0,0,125,-6.48345
0.45,0,0,125,-6.56847
0.475,0,0,125,-6.58784
0.5,0,0,125,-6.58657
0.525,0,0,125,-6.63483
0.55,0,0,125,-6.8388
0.575,0,0,125,-7.35698
0.6,0,0,125,-8.42473
0.625,0,0,125,-10.3895
0.65,0,0,125,-13.7539
0.675,0,0,125,-19.1934
0.7,0,0,125,-27.3773
0.725,0,0,125,-38.0169
0.75,0,0,125,-48.5895
0.775,0,0,125,-57.1612
0.8,0,0,125,-63.6622
0.825,0,0,125,-68.5134
0.85,0,0,125,-72.1168
0.875,0,0,125,-74.7887
0.9,0,0,125,-76.7688
0.925,0,0,125,-78.2361
0.95,0,0,125,-79.3238
0.975,0,0,125,-80.131
1,0,0,125,-80.7307
1.025,0,0,125,-81.1771
1.05,0,0,125,-81.5102
1.075,0,0,125,-81.7596
1.1,0,0,125,-81.947
1.125,0,0,125,-82.0888
1.15,0,0,125,-82.1967
1.175,0,0,125,-82.2797
1.2,0,0,125,-82.3442
1.225,0,0,125,-82.395
1.25,0,0,125,-82.4358
1.275,0,0,125,-82.469
1.3,0,0,125,-82.4968
1.325,0,0,125,-82.5204
1.35,0,0,125,-82.541
1.375,0,0,125,-82.5594
1.4,0,0,125,-82.576
1.425,0,0,125,-82.5913
1.45,0,0,125,-82.6056
1.475,0,0,125,-82.6192
1.5,0,0,125,-82.6322
1.525,0,0,125,-82.6448
1.55,0,0,125,-82.6569
1.575,0,0,125,-82.6688
1.6,0,0,125,-82.6804
1.625,0,0,125,-82.6918
1.65,0,0,125,-82.703
1.675,0,0,125,-82.714
1.7,0,0,125,-82.7249
1.725,0,0,125,-82.7357
1.75,0,0,125,-82.7463
1.775,0,0,125,-82.7568
1.8,0,0,125,-82.7673
1.825,0,0,125,-82.7776
1.85,0,0,125,-82.7878
1.875,0,0,125,-82.798
1.9,0,0,125,-82.8081
1.925,0,0,125,-82.8182
1.95,0,0,125,-82.8281
1.975,0,0,125,-82.8381
2,0,0,125,-82.8479
2.025,0,0,125,-82.8577
2.05,0,0,125,-82.8675
2.075,0,0,125,-82.8772
2.1,0,0,125,-82.8869
2.125,0,0,125,-82.8966
2.15,0,0,125,-82.9062
2.175,0,0,125,-82.9158
2.2,0,0,125,-82.9253
2.225,0,0,125,-82.9349
2.25,0,0,125,-82.9444
2.275,0,0,125,-82.9538
2.3,0,0,125,-82.9632
2.325,0,0,125,-82.9726
2.35,0,0,125,-82.982
2.375,0,0,125,-82.9913
2.4,0,0,125,-83.0006
2.425,0,0,125,-83.0098
2.45,0,0,125,-83.019
2.475,0,0,125,-83.0282
2.5,0,0,125,-83.0373
2.525,0,0,125,-83.0463
2.55,0,0,125,-83.0554
2.575,0,0,125,-83.0643
2.6,0,0,125,-83.0732
2.625,0,0,125,-83.0821
2.65,0,0,125,-83.0908
2.675,0,0,125,-83.0996
2.7,0,0,125,-83.1082
2.725,0,0,125,-83.1168
2.75,0,0,125,-83.1253
2.775,0,0,125,-83.1337
2.8,0,0,125,-83.142
2.825,0,0,125,-83.1502
2.85,0,0,125,-83.1584
2.875,0,0,125,-83.1664
2.9,0,0,125,-83.1743
2.925,0,0,125,-83.1822
2.95,0,0,125,-83.1899
2.975,0,0,125,-83.1975
3,0,0,125,-83.205
3.025,0,0,125,-83.2124
3.05,0,0,125,-83.2197
3.075,0,0,125,-83.2269
3.1,0,0,125,-83.2339
3.125,0,0,125,-83.2409
3.15,0,0,125,-83.2477
3.175,0,0,125,-83.2543
3.2,0,0,125,-83.2609
3.225,0,0,125,-83.2673
3.25,0,0,125,-83.2735
3.275,0,0,125,-83.2797
3.3,0,0,125,-83.2856
3.325,0,0,125,-83.2915
3.35,0,0,125,-83.2972
3.375,0,0,125,-83.3027
3.4,0,0,125,-83.308
3.425,0,0,125,-83.3132
3.45,0,0,125,-83.3183
3.475,0,0,125,-83.3232
3.5,0,0,125,-83.3279
3.525,0,0,125,-83.3325
3.55,0,0,125,-83.3369
3.575,0,0,125,-83.3411
3.6,0,0,125,-83.3452
3.625,0,0,125,-83.3491
3.65,0,0,125,-83.3529
3.675,0,0,125,-83.3565
3.7,0,0,125,-83.3599
3.725,0,0,125,-83.3632
3.75,0,0,125,-83.3663
3.775,0,0,125,-83.3692
3.8,0,0,125,-83.372
3.825,0,0,125,-83.3746
3.85,0,0,125,-83.3771
3.875,0,0,125,-83.3794
3.9,0,0,125,-83.3815
3.925,0,0,125,-83.3834
3.95,0,0,125,-83.3852
3.975,0,0,125,-83.3869
4,0,0,125,-83.3883
4.025,0,0,125,-83.3896
4.05,0,0,125,-83.3907
4.075,0,0,125,-83.3917
4.1,0,0,125,-83.3925
4.125,0,0,125,-83.3931
4.15,0,0,125,-83.3936
4.175,0,0,125,-83.3939
4.2,0,0,125,-83.394
4.225,0,0,125,-83.394
4.25,0,0,125,-83.3938
4.275,0,0,125,-83.3935
4.3,0,0,125,-83.3931
4.325,0,0,125,-83.3925
4.35,0,0,125,-83.3917
4.375,0,0,125,-83.3908
4.4,0,0,125,-83.3898
4.425,0,0,125,-83.3887
4.45,0,0,125,-83.3874
4.475,0,0,125,-83.3861
4.5,0,0,125,-83.3846
4.525,0,0,125,-83.383
4.55,0,0,125,-83.3813
4.575,0,0,125,-83.3795
4.6,0,0,125,-83.3776
4.625,0,0,125,-83.3757
4.65,0,0,125,-83.3737
4.675,0,0,125,-83.3716
4.7,0,0,125,-83.3695
4.725,0,0,125,-83.3674
4.75,0,0,125,-83.3652
4.775,0,0,125,-83.3631
4.8,0,0,125,-83.3609
4.825,0,0,125,-83.3588
4.85,0,0,125,-83.3568
4.875,0,0,125,-83.3549
4.9,0,0,125,-83.3532
4.925,0,0,125,-83.3517
4.95,0,0,125,-83.3505
4.975,0,0,125,-83.3497
5,0,0,125,-83.3492
