0,0,0,125,-84.4425
0.025,0,0,125,-84.4425
0.05,0,0,125,-84.4426
0.075,0,0,125,-84.4427
0.1,0,0,125,-84.4429
0.125,0,0,125,-84.443
0.15,0,0,125,-84.4432
0.175,0,0,125,-84.4434
0.2,0,0,125,-84.4436
0.225,0,0,125,-84.4438
0.25,0,0,125,-84.444
0.275,0,0,125,-84.4442
0.3,0,0,125,-84.4444
0.325,0,0,125,-84.4446
0.35,0,0,125,-84.4449
0.375,0,0,125,-84.4451
0.4,0,0,125,-84.4453
0.425,0,0,125,-84.4455
0.45,0,0,125,-84.4457
0.475,0,0,125,-84.4458
0.5,0,0,125,-84.446
0.525,0,0,125,-84.4462
0.55,0,0,125,-84.4464
0.575,0,0,125,-84.4465
0.6,0,0,125,-84.4467
0.625,0,0,125,-84.4468
0.65,0,0,125,-84.447
0.675,0,0,125,-84.4472
0.7,0,0,125,-84.4473
0.725,0,0,125,-84.4475
0.75,0,0,125,-84.4476
0.775,0,0,125,-84.4478
0.8,0,0,125,-84.4479
0.825,0,0,125,-84.4481
0.85,0,0,125,-84.4482
0.875,0,0,125,-84.4484
0.9,0,0,125,-84.4485
0.925,0,0,125,-84.4487
0.95,0,0,125,-84.4488
0.975,0,0,125,-84.449
1,0,0,125,-84.4492
1.025,0,0,125,-84.4493
1.05,0,0,125,-84.4495
1.075,0,0,125,-84.4497
1.1,0,0,125,-84.4498
1.125,0,0,125,-84.45
1.15,0,0,125,-84.4502
1.175,0,0,125,-84.4504
1.2,0,0,125,-84.4506
1.225,0,0,125,-84.4507
1.25,0,0,125,-84.4509
1.275,0,0,125,-84.4511
1.3,0,0,125,-84.4513
1.325,0,0,125,-84.4515
1.35,0,0,125,-84.4517
1.375,0,0,125,-84.452
1.4,0,0,125,-84.4522
1.425,0,0,125,-84.4524
1.45,0,0,125,-84.4526
1.475,0,0,125,-84.4528
1.5,0,0,125,-84.4531
1.525,0,0,125,-84.4533
1.55,0,0,125,-84.4535
1.575,0,0,125,-84.4538
1.6,0,0,125,-84.454
1.625,0,0,125,-84.4543
1.65,0,0,125,-84.4545
1.675,0,0,125,-84.4548
1.7,0,0,125,-84.4551
1.725,0,0,125,-84.4553
1.75,0,0,125,-84.4556
1.775,0,0,125,-84.4559
1.8,0,0,125,-84.4562
1.825,0,0,125,-84.4565
1.85,0,0,125,-84.4568
1.875,0,0,125,-84.4572
1.9,0,0,125,-84.4575
1.925,0,0,125,-84.4579
1.95,0,0,125,-84.4582
1.975,0,0,125,-84.4586
2,0,0,125,-84.459
2.025,0,0,125,-84.4594
2.05,0,0,125,-84.4598
2.075,0,0,125,-84.4602
2.1,0,0,125,-84.4606
2.125,0,0,125,-84.461
2.15,0,0,125,-84.4615
2.175,0,0,125,-84.4619
2.2,0,0,125,-84.4624
2.225,0,0,125,-84.4629
2.25,0,0,125,-84.4633
2.275,0,0,125,-84.4638
2.3,0,0,125,-84.4643
2.325,0,0,125,-84.4648
2.35,0,0,125,-84.4653
2.375,0,0,125,-84.4659
2.4,0,0,125,-84.4664
2.425,0,0,125,-84.4669
2.45,0,0,125,-84.4675
2.475,0,0,125,-84.4681
2.5,0,0,125,-84.4686
2.525,0,0,125,-84.4692
2.55,0,0,125,-84.4698
2.575,0,0,125,-84.4704
2.6,0,0,125,-84.471
2.625,0,0,125,-84.4716
2.65,0,0,125,-84.4723
2.675,0,0,125,-84.4729
2.7,0,0,125,-84.4735
2.725,0,0,125,-84.4742
2.75,0,0,125,-84.4749
2.775,0,0,125,-84.4756
2.8,0,0,125,-84.4762
2.825,0,0,125,-84.4769
2.85,0,0,125,-84.4776
2.875,0,0,125,-84.4784
2.9,0,0,125,-84.4791
2.925,0,0,125,-84.4798
2.95,0,0,125,-84.4806
2.975,0,0,125,-84.4813
3,0,0,125,-84.4821
3.025,0,0,125,-84.4828
3.05,0,0,125,-84.4836
3.075,0,0,125,-84.4844
3.1,0,0,125,-84.4851
3.125,0,0,125,-84.4859
3.15,0,0,125,-84.4867
3.175,0,0,125,-84.4874
3.2,0,0,125,-84.4881
3.225,0,0,125,-84.4889
3.25,0,0,125,-84.4896
3.275,0,0,125,-84.4903
3.3,0,0,125,-84.491
3.325,0,0,125,-84.4917
3.35,0,0,125,-84.4923
3.375,0,0,125,-84.493
3.4,0,0,125,-84.4937
3.425,0,0,125,-84.4943
3.45,0,0,125,-84.4949
3.475,0,0,125,-84.4956
3.5,0,0,125,-84.4962
3.525,0,0,125,-84.4968
3.55,0,0,125,-84.4974
3.575,0,0,125,-84.498
3.6,0,0,125,-84.4986
3.625,0,0,125,-84.4991
3.65,0,0,125,-84.4997
3.675,0,0,125,-84.5002
3.7,0,0,125,-84.5007
3.725,0,0,125,-84.5012
3.75,0,0,125,-84.5017
3.775,0,0,125,-84.5021
3.8,0,0,125,-84.5026
3.825,0,0,125,-84.503
3.85,0,0,125,-84.5034
3.875,0,0,125,-84.5038
3.9,0,0,125,-84.5042
3.925,0,0,125,-84.5046
3.95,0,0,125,-84.505
3.975,0,0,125,-84.5053
4,0,0,125,-84.5057
4.025,0,0,125,-84.506
4.05,0,0,125,-84.5064
4.075,0,0,125,-84.5067
4.1,0,0,125,-84.507
4.125,0,0,125,-84.5073
4.15,0,0,125,-84.5076
4.175,0,0,125,-84.5079
4.2,0,0,125,-84.5082
4.225,0,0,125,-84.5084
4.25,0,0,125,-84.5087
4.275,0,0,125,-84.5089
4.3,0,0,125,-84.5092
4.325,0,0,125,-84.5094
4.35,0,0,125,-84.5096
4.375,0,0,125,-84.5098
4.4,0,0,125,-84.51
4.425,0,0,125,-84.5102
4.45,0,0,125,-84.5104
4.475,0,0,125,-84.5106
4.5,0,0,125,-84.5107
4.525,0,0,125,-84.5109
4.55,0,0,125,-84.511
4.575,0,0,125,-84.5111
4.6,0,0,125,-84.5112
4.625,0,0,125,-84.5113
4.65,0,0,125,-84.5114
4.675,0,0,125,-84.5115
4.7,0,0,125,-84.5116
4.725,0,0,125,-84.5117
4.75,0,0,125,-84.5117
4.775,0,0,125,-84.5118
4.8,0,0,125,-84.5118
4.825,0,0,125,-84.5118
4.85,0,0,125,-84.5118
4.875,0,0,125,-84.5118
4.9,0,0,125,-84.5118
4.925,0,0,125,-84.5118
4.95,0,0,125,-84.5118
4.975,0,0,125,-84.5118
5,0,0,125,-84.5117
