0,0,0,125,10.3317
0.025,0,0,125,10.3316
0.05,0,0,125,10.3311
0.075,0,0,125,10.3299
0.1,0,0,125,10.3273
0.125,0,0,125,10.3225
0.15,0,0,125,10.3148
0.175,0,0,125,10.3037
0.2,0,0,125,10.289
0.225,0,0,125,10.2707
0.25,0,0,125,10.2487
0.275,0,0,125,10.2231
0.3,0,0,125,10.194
0.325,0,0,125,10.1614
0.35,0,0,125,10.1254
0.375,0,0,125,10.0861
0.4,0,0,125,10.0435
0.425,0,0,125,9.99772
0.45,0,0,125,9.94885
0.475,0,0,125,9.89696
0.5,0,0,125,9.84209
0.525,0,0,125,9.78432
0.55,0,0,125,9.72371
0.575,0,0,125,9.66031
0.6,0,0,125,9.59419
0.625,0,0,125,9.52537
0.65,0,0,125,9.45391
0.675,0,0,125,9.37984
0.7,0,0,125,9.30319
0.725,0,0,125,9.22399
0.75,0,0,125,9.14225
0.775,0,0,125,9.05798
0.8,0,0,125,8.97119
0.825,0,0,125,8.88188
0.85,0,0,125,8.79005
0.875,0,0,125,8.69567
0.9,0,0,125,8.59873
0.925,0,0,125,8.49921
0.95,0,0,125,8.39708
0.975,0,0,125,8.29229
1,0,0,125,8.18481
1.025,0,0,125,8.0746
1.05,0,0,125,7.96159
1.075,0,0,125,7.84574
1.1,0,0,125,7.72699
1.125,0,0,125,7.60528
1.15,0,0,125,7.48053
1.175,0,0,125,7.35267
1.2,0,0,125,7.22164
1.225,0,0,125,7.08737
1.25,0,0,125,6.94976
1.275,0,0,125,6.80875
1.3,0,0,125,6.66426
1.325,0,0,125,6.51621
1.35,0,0,125,6.36453
1.375,0,0,125,6.20912
1.4,0,0,125,6.04993
1.425,0,0,125,5.88688
1.45,0,0,125,5.7199
1.475,0,0,125,5.54893
1.5,0,0,125,5.37389
1.525,0,0,125,5.19474
1.55,0,0,125,5.01143
1.575,0,0,125,4.82391
1.6,0,0,125,4.63214
1.625,0,0,125,4.43609
1.65,0,0,125,4.23574
1.675,0,0,125,4.03108
1.7,0,0,125,3.82209
1.725,0,0,125,3.60878
1.75,0,0,125,3.39115
1.775,0,0,125,3.16924
1.8,0,0,125,2.94306
1.825,0,0,125,2.71266
1.85,0,0,125,2.47808
1.875,0,0,125,2.23938
1.9,0,0,125,1.99661
1.925,0,0,125,1.74986
1.95,0,0,125,1.49921
1.975,0,0,125,1.24473
2,0,0,125,0.986529
2.025,0,0,125,0.724707
2.05,0,0,125,0.459372
2.075,0,0,125,0.190637
2.1,0,0,125,-0.081375
2.125,0,0,125,-0.356539
2.15,0,0,125,-0.634724
2.175,0,0,125,-0.915796
2.2,0,0,125,-1.19961
2.225,0,0,125,-1.48603
2.25,0,0,125,-1.77491
2.275,0,0,125,-2.06609
2.3,0,0,125,-2.35942
2.325,0,0,125,-2.65475
2.35,0,0,125,-2.95191
2.375,0,0,125,-3.25075
2.4,0,0,125,-3.5511
2.425,0,0,125,-3.8528
2.45,0,0,125,-4.15568
2.475,0,0,125,-4.45958
2.5,0,0,125,-4.76433
2.525,0,0,125,-5.06975
2.55,0,0,125,-5.37568
2.575,0,0,125,-5.68194
2.6,0,0,125,-5.98836
2.625,0,0,125,-6.29477
2.65,0,0,125,-6.601
2.675,0,0,125,-6.90687
2.7,0,0,125,-7.2122
2.725,0,0,125,-7.51681
2.75,0,0,125,-7.82054
2.775,0,0,125,-8.1232
2.8,0,0,125,-8.42462
2.825,0,0,125,-8.72462
2.85,0,0,125,-9.02302
2.875,0,0,125,-9.31964
2.9,0,0,125,-9.61429
2.925,0,0,125,-9.90681
2.95,0,0,125,-10.197
2.975,0,0,125,-10.4847
3,0,0,125,-10.7697
3.025,0,0,125,-11.0518
3.05,0,0,125,-11.3309
3.075,0,0,125,-11.6068
3.1,0,0,125,-11.8792
3.125,0,0,125,-12.148
3.15,0,0,125,-12.413
3.175,0,0,125,-12.6741
3.2,0,0,125,-12.931
3.225,0,0,125,-13.1835
3.25,0,0,125,-13.4314
3.275,0,0,125,-13.6746
3.3,0,0,125,-13.9129
3.325,0,0,125,-14.146
3.35,0,0,125,-14.3738
3.375,0,0,125,-14.596
3.4,0,0,125,-14.8125
3.425,0,0,125,-15.0231
3.45,0,0,125,-15.2274
3.475,0,0,125,-15.4254
3.5,0,0,125,-15.6168
3.525,0,0,125,-15.8014
3.55,0,0,125,-15.9789
3.575,0,0,125,-16.1491
3.6,0,0,125,-16.3118
3.625,0,0,125,-16.4668
3.65,0,0,125,-16.6137
3.675,0,0,125,-16.7524
3.7,0,0,125,-16.8826
3.725,0,0,125,-17.004
3.75,0,0,125,-17.1163
3.775,0,0,125,-17.2193
3.8,0,0,125,-17.3127
3.825,0,0,125,-17.3963
3.85,0,0,125,-17.4697
3.875,0,0,125,-17.5327
3.9,0,0,125,-17.585
3.925,0,0,125,-17.6264
3.95,0,0,125,-17.6566
3.975,0,0,125,-17.6754
4,0,0,125,-17.6824
4.025,0,0,125,-17.6777
4.05,0,0,125,-17.6608
4.075,0,0,125,-17.6318
4.1,0,0,125,-17.5904
4.125,0,0,125,-17.5367
4.15,0,0,125,-17.4705
4.175,0,0,125,-17.3918
4.2,0,0,125,-17.3009
4.225,0,0,125,-17.1977
4.25,0,0,125,-17.0825
4.275,0,0,125,-16.9555
4.3,0,0,125,-16.8172
4.325,0,0,125,-16.6679
4.35,0,0,125,-16.5081
4.375,0,0,125,-16.3386
4.4,0,0,125,-16.1599
4.425,0,0,125,-15.973
4.45,0,0,125,-15.7786
4.475,0,0,125,-15.5779
4.5,0,0,125,-15.3719
4.525,0,0,125,-15.1618
4.55,0,0,125,-14.9489
4.575,0,0,125,-14.7346
4.6,0,0,125,-14.5204
4.625,0,0,125,-14.3077
4.65,0,0,125,-14.0981
4.675,0,0,125,-13.8933
4.7,0,0,125,-13.6949
4.725,0,0,125,-13.5045
4.75,0,0,125,-13.3237
4.775,0,0,125,-13.1541
4.8,0,0,125,-12.9972
4.825,0,0,125,-12.8543
4.85,0,0,125,-12.7268
4.875,0,0,125,-12.6155
4.9,0,0,125,-12.5215
4.925,0,0,125,-12.4453
4.95,0,0,125,-12.3877
4.975,0,0,125,-12.349
5,0,0,125,-12.3296
