0,0,0,125,-5.87245
0.025,0,0,125,-5.87406
0.05,0,0,125,-5.87739
0.075,0,0,125,-5.88258
0.1,0,0,125,-5.88994
0.125,0,0,125,-5.89984
0.15,0,0,125,-5.91267
0.175,0,0,125,-5.92879
0.2,0,0,125,-5.94844
0.225,0,0,125,-5.97177
0.25,0,0,125,-5.99886
0.275,0,0,125,-6.02971
0.3,0,0,125,-6.06427
0.325,0,0,125,-6.10242
0.35,0,0,125,-6.14405
0.375,0,0,125,-6.18896
0.4,0,0,125,-6.23698
0.425,0,0,125,-6.28789
0.45,0,0,125,-6.34148
0.475,0,0,125,-6.39754
0.5,0,0,125,-6.45584
0.525,0,0,125,-6.51618
0.55,0,0,125,-6.57834
0.575,0,0,125,-6.64212
0.6,0,0,125,-6.70733
0.625,0,0,125,-6.77379
0.65,0,0,125,-6.84133
0.675,0,0,125,-6.9098
0.7,0,0,125,-6.97905
0.725,0,0,125,-7.04896
0.75,0,0,125,-7.1194
0.775,0,0,125,-7.19027
0.8,0,0,125,-7.26148
0.825,0,0,125,-7.33295
0.85,0,0,125,-7.40463
0.875,0,0,125,-7.47645
0.9,0,0,125,-7.54838
0.925,0,0,125,-7.62037
0.95,0,0,125,-7.69243
0.975,0,0,125,-7.76452
1,0,0,125,-7.83667
1.025,0,0,125,-7.90886
1.05,0,0,125,-7.98113
1.075,0,0,125,-8.05349
1.1,0,0,125,-8.12597
1.125,0,0,125,-8.19862
1.15,0,0,125,-8.27148
1.175,0,0,125,-8.34459
1.2,0,0,125,-8.41801
1.225,0,0,125,-8.4918
1.25,0,0,125,-8.56602
1.275,0,0,125,-8.64073
1.3,0,0,125,-8.71601
1.325,0,0,125,-8.79192
1.35,0,0,125,-8.86853
1.375,0,0,125,-8.94593
1.4,0,0,125,-9.02418
1.425,0,0,125,-9.10336
1.45,0,0,125,-9.18355
1.475,0,0,125,-9.26483
1.5,0,0,125,-9.34727
1.525,0,0,125,-9.43096
1.55,0,0,125,-9.51598
1.575,0,0,125,-9.6024
1.6,0,0,125,-9.6903
1.625,0,0,125,-9.77976
1.65,0,0,125,-9.87086
1.675,0,0,125,-9.96368
1.7,0,0,125,-10.0583
1.725,0,0,125,-10.1548
1.75,0,0,125,-10.2532
1.775,0,0,125,-10.3537
1.8,0,0,125,-10.4563
1.825,0,0,125,-10.561
1.85,0,0,125,-10.668
1.875,0,0,125,-10.7774
1.9,0,0,125,-10.8891
1.925,0,0,125,-11.0033
1.95,0,0,125,-11.1201
1.975,0,0,125,-11.2394
2,0,0,125,-11.3615
2.025,0,0,125,-11.4864
2.05,0,0,125,-11.614
2.075,0,0,125,-11.7446
2.1,0,0,125,-11.8782
2.125,0,0,125,-12.0148
2.15,0,0,125,-12.1546
2.175,0,0,125,-12.2975
2.2,0,0,125,-12.4437
2.225,0,0,125,-12.5932
2.25,0,0,125,-12.7461
2.275,0,0,125,-12.9024
2.3,0,0,125,-13.0623
2.325,0,0,125,-13.2257
2.35,0,0,125,-13.3928
2.375,0,0,125,-13.5635
2.4,0,0,125,-13.738
2.425,0,0,125,-13.9163
2.45,0,0,125,-14.0985
2.475,0,0,125,-14.2845
2.5,0,0,125,-14.4744
2.525,0,0,125,-14.6684
2.55,0,0,125,-14.8663
2.575,0,0,125,-15.0682
2.6,0,0,125,-15.2742
2.625,0,0,125,-15.4843
2.65,0,0,125,-15.6985
2.675,0,0,125,-15.9167
2.7,0,0,125,-16.1391
2.725,0,0,125,-16.3655
2.75,0,0,125,-16.596
2.775,0,0,125,-16.8305
2.8,0,0,125,-17.069
2.825,0,0,125,-17.3115
2.85,0,0,125,-17.5579
2.875,0,0,125,-17.8081
2.9,0,0,125,-18.0621
2.925,0,0,125,-18.3198
2.95,0,0,125,-18.581
2.975,0,0,125,-18.8457
3,0,0,125,-19.1137
3.025,0,0,125,-19.3849
3.05,0,0,125,-19.6591
3.075,0,0,125,-19.9362
3.1,0,0,125,-20.2159
3.125,0,0,125,-20.4982
3.15,0,0,125,-20.7826
3.175,0,0,125,-21.0691
3.2,0,0,125,-21.3574
3.225,0,0,125,-21.6472
3.25,0,0,125,-21.9382
3.275,0,0,125,-22.2301
3.3,0,0,125,-22.5226
3.325,0,0,125,-22.8154
3.35,0,0,125,-23.1081
3.375,0,0,125,-23.4003
3.4,0,0,125,-23.6917
3.425,0,0,125,-23.9819
3.45,0,0,125,-24.2705
3.475,0,0,125,-24.557
3.5,0,0,125,-24.841
3.525,0,0,125,-25.122
3.55,0,0,125,-25.3997
3.575,0,0,125,-25.6734
3.6,0,0,125,-25.9428
3.625,0,0,125,-26.2074
3.65,0,0,125,-26.4666
3.675,0,0,125,-26.72
3.7,0,0,125,-26.967
3.725,0,0,125,-27.2071
3.75,0,0,125,-27.44
3.775,0,0,125,-27.6649
3.8,0,0,125,-27.8816
3.825,0,0,125,-28.0894
3.85,0,0,125,-28.2879
3.875,0,0,125,-28.4766
3.9,0,0,125,-28.6551
3.925,0,0,125,-28.8229
3.95,0,0,125,-28.9797
3.975,0,0,125,-29.125
4,0,0,125,-29.2585
4.025,0,0,125,-29.3798
4.05,0,0,125,-29.4887
4.075,0,0,125,-29.5849
4.1,0,0,125,-29.6682
4.125,0,0,125,-29.7383
4.15,0,0,125,-29.7952
4.175,0,0,125,-29.8388
4.2,0,0,125,-29.869
4.225,0,0,125,-29.8859
4.25,0,0,125,-29.8896
4.275,0,0,125,-29.8802
4.3,0,0,125,-29.858
4.325,0,0,125,-29.8232
4.35,0,0,125,-29.7762
4.375,0,0,125,-29.7175
4.4,0,0,125,-29.6475
4.425,0,0,125,-29.5668
4.45,0,0,125,-29.4761
4.475,0,0,125,-29.3763
4.5,0,0,125,-29.268
4.525,0,0,125,-29.1523
4.55,0,0,125,-29.0301
4.575,0,0,125,-28.9026
4.6,0,0,125,-28.7709
4.625,0,0,125,-28.6362
4.65,0,0,125,-28.5
4.675,0,0,125,-28.3636
4.7,0,0,125,-28.2285
4.725,0,0,125,-28.0964
4.75,0,0,125,-27.9688
4.775,0,0,125,-27.8474
4.8,0,0,125,-27.734
4.825,0,0,125,-27.6303
4.85,0,0,125,-27.5379
4.875,0,0,125,-27.4583
4.9,0,0,125,-27.392
4.925,0,0,125,-27.3393
4.95,0,0,125,-27.3
4.975,0,0,125,-27.2739
5,0,0,125,-27.2608
