0,0,0,125,-27.3078
0.025,0,0,125,-27.3174
0.05,0,0,125,-27.3367
0.075,0,0,125,-27.3656
0.1,0,0,125,-27.4043
0.125,0,0,125,-27.4528
0.15,0,0,125,-27.5111
0.175,0,0,125,-27.5794
0.2,0,0,125,-27.6576
0.225,0,0,125,-27.7458
0.25,0,0,125,-27.844
0.275,0,0,125,-27.952
0.3,0,0,125,-28.07
0.325,0,0,125,-28.1979
0.35,0,0,125,-28.3358
0.375,0,0,125,-28.4836
0.4,0,0,125,-28.6413
0.425,0,0,125,-28.8092
0.45,0,0,125,-28.987
0.475,0,0,125,-29.1751
0.5,0,0,125,-29.3733
0.525,0,0,125,-29.5819
0.55,0,0,125,-29.801
0.575,0,0,125,-30.0306
0.6,0,0,125,-30.271
0.625,0,0,125,-30.5224
0.65,0,0,125,-30.7848
0.675,0,0,125,-31.0586
0.7,0,0,125,-31.3439
0.725,0,0,125,-31.641
0.75,0,0,125,-31.9503
0.775,0,0,125,-32.2719
0.8,0,0,125,-32.6063
0.825,0,0,125,-32.9536
0.85,0,0,125,-33.3144
0.875,0,0,125,-33.689
0.9,0,0,125,-34.0778
0.925,0,0,125,-34.4811
0.95,0,0,125,-34.8995
0.975,0,0,125,-35.3334
1,0,0,125,-35.7832
1.025,0,0,125,-36.2494
1.05,0,0,125,-36.7325
1.075,0,0,125,-37.2329
1.1,0,0,125,-37.7511
1.125,0,0,125,-38.2876
1.15,0,0,125,-38.8427
1.175,0,0,125,-39.4169
1.2,0,0,125,-40.0107
1.225,0,0,125,-40.6242
1.25,0,0,125,-41.2579
1.275,0,0,125,-41.9119
1.3,0,0,125,-42.5865
1.325,0,0,125,-43.2817
1.35,0,0,125,-43.9975
1.375,0,0,125,-44.7338
1.4,0,0,125,-45.4905
1.425,0,0,125,-46.2671
1.45,0,0,125,-47.0634
1.475,0,0,125,-47.8786
1.5,0,0,125,-48.7121
1.525,0,0,125,-49.5629
1.55,0,0,125,-50.4301
1.575,0,0,125,-51.3125
1.6,0,0,125,-52.2087
1.625,0,0,125,-53.1173
1.65,0,0,125,-54.0365
1.675,0,0,125,-54.9647
1.7,0,0,125,-55.9
1.725,0,0,125,-56.8403
1.75,0,0,125,-57.7836
1.775,0,0,125,-58.7276
1.8,0,0,125,-59.6701
1.825,0,0,125,-60.6088
1.85,0,0,125,-61.5414
1.875,0,0,125,-62.4657
1.9,0,0,125,-63.3793
1.925,0,0,125,-64.2801
1.95,0,0,125,-65.166
1.975,0,0,125,-66.035
2,0,0,125,-66.8852
2.025,0,0,125,-67.7148
2.05,0,0,125,-68.5223
2.075,0,0,125,-69.3062
2.1,0,0,125,-70.0654
2.125,0,0,125,-70.7988
2.15,0,0,125,-71.5056
2.175,0,0,125,-72.1851
2.2,0,0,125,-72.8369
2.225,0,0,125,-73.4606
2.25,0,0,125,-74.0562
2.275,0,0,125,-74.6237
2.3,0,0,125,-75.1634
2.325,0,0,125,-75.6755
2.35,0,0,125,-76.1606
2.375,0,0,125,-76.6192
2.4,0,0,125,-77.0521
2.425,0,0,125,-77.46
2.45,0,0,125,-77.8437
2.475,0,0,125,-78.2042
2.5,0,0,125,-78.5423
2.525,0,0,125,-78.859
2.55,0,0,125,-79.1554
2.575,0,0,125,-79.4324
2.6,0,0,125,-79.6909
2.625,0,0,125,-79.932
2.65,0,0,125,-80.1567
2.675,0,0,125,-80.3658
2.7,0,0,125,-80.5604
2.725,0,0,125,-80.7412
2.75,0,0,125,-80.9092
2.775,0,0,125,-81.0652
2.8,0,0,125,-81.2099
2.825,0,0,125,-81.3442
2.85,0,0,125,-81.4687
2.875,0,0,125,-81.5841
2.9,0,0,125,-81.6911
2.925,0,0,125,-81.7902
2.95,0,0,125,-81.882
2.975,0,0,125,-81.9671
3,0,0,125,-82.0459
3.025,0,0,125,-82.119
3.05,0,0,125,-82.1866
3.075,0,0,125,-82.2493
3.1,0,0,125,-82.3074
3.125,0,0,125,-82.3613
3.15,0,0,125,-82.4113
3.175,0,0,125,-82.4576
3.2,0,0,125,-82.5006
3.225,0,0,125,-82.5405
3.25,0,0,125,-82.5775
3.275,0,0,125,-82.6119
3.3,0,0,125,-82.6439
3.325,0,0,125,-82.6736
3.35,0,0,125,-82.7012
3.375,0,0,125,-82.7269
3.4,0,0,125,-82.7508
3.425,0,0,125,-82.773
3.45,0,0,125,-82.7937
3.475,0,0,125,-82.813
3.5,0,0,125,-82.831
3.525,0,0,125,-82.8477
3.55,0,0,125,-82.8633
3.575,0,0,125,-82.8778
3.6,0,0,125,-82.8913
3.625,0,0,125,-82.9039
3.65,0,0,125,-82.9157
3.675,0,0,125,-82.9266
3.7,0,0,125,-82.9368
3.725,0,0,125,-82.9463
3.75,0,0,125,-82.9551
3.775,0,0,125,-82.9632
3.8,0,0,125,-82.9708
3.825,0,0,125,-82.9778
3.85,0,0,125,-82.9843
3.875,0,0,125,-82.9903
3.9,0,0,125,-82.9958
3.925,0,0,125,-83.0008
3.95,0,0,125,-83.0054
3.975,0,0,125,-83.0096
4,0,0,125,-83.0134
4.025,0,0,125,-83.0168
4.05,0,0,125,-83.0199
4.075,0,0,125,-83.0226
4.1,0,0,125,-83.0249
4.125,0,0,125,-83.027
4.15,0,0,125,-83.0287
4.175,0,0,125,-83.0302
4.2,0,0,125,-83.0313
4.225,0,0,125,-83.0322
4.25,0,0,125,-83.0329
4.275,0,0,125,-83.0332
4.3,0,0,125,-83.0333
4.325,0,0,125,-83.0332
4.35,0,0,125,-83.0328
4.375,0,0,125,-83.0322
4.4,0,0,125,-83.0314
4.425,0,0,125,-83.0304
4.45,0,0,125,-83.0293
4.475,0,0,125,-83.0279
4.5,0,0,125,-83.0264
4.525,0,0,125,-83.0247
4.55,0,0,125,-83.0229
4.575,0,0,125,-83.0209
4.6,0,0,125,-83.0188
4.625,0,0,125,-83.0166
4.65,0,0,125,-83.0143
4.675,0,0,125,-83.0119
4.7,0,0,125,-83.0094
4.725,0,0,125,-83.0069
4.75,0,0,125,-83.0043
4.775,0,0,125,-83.0017
4.8,0,0,125,-82.9991
4.825,0,0,125,-82.9966
4.85,0,0,125,-82.9941
4.875,0,0,125,-82.9917
4.9,0,0,125,-82.9895
4.925,0,0,125,-82.9876
4.95,0,0,125,-82.9861
4.975,0,0,125,-82.9851
5,0,0,125,-82.9846
