0,0,0,125,-83.0677
0.025,0,0,125,-83.0682
0.05,0,0,125,-83.0691
0.075,0,0,125,-83.0704
0.1,0,0,125,-83.0719
0.125,0,0,125,-83.0737
0.15,0,0,125,-83.0755
0.175,0,0,125,-83.0772
0.2,0,0,125,-83.0789
0.225,0,0,125,-83.0804
0.25,0,0,125,-83.0817
0.275,0,0,125,-83.0828
0.3,0,0,125,-83.0836
0.325,0,0,125,-83.0842
0.35,0,0,125,-83.0843
0.375,0,0,125,-83.0841
0.4,0,0,125,-83.0836
0.425,0,0,125,-83.0825
0.45,0,0,125,-83.081
0.475,0,0,125,-83.079
0.5,0,0,125,-83.0764
0.525,0,0,125,-83.0732
0.55,0,0,125,-83.0694
0.575,0,0,125,-83.0649
0.6,0,0,125,-83.0597
0.625,0,0,125,-83.0536
0.65,0,0,125,-83.0467
0.675,0,0,125,-83.0389
0.7,0,0,125,-83.0301
0.725,0,0,125,-83.0202
0.75,0,0,125,-83.0091
0.775,0,0,125,-82.9967
0.8,0,0,125,-82.983
0.825,0,0,125,-82.9678
0.85,0,0,125,-82.9509
0.875,0,0,125,-82.9323
0.9,0,0,125,-82.9118
0.925,0,0,125,-82.8892
0.95,0,0,125,-82.8643
0.975,0,0,125,-82.8369
1,0,0,125,-82.8069
1.025,0,0,125,-82.7739
1.05,0,0,125,-82.7376
1.075,0,0,125,-82.6979
1.1,0,0,125,-82.6542
1.125,0,0,125,-82.6064
1.15,0,0,125,-82.554
1.175,0,0,125,-82.4965
1.2,0,0,125,-82.4334
1.225,0,0,125,-82.3643
1.25,0,0,125,-82.2886
1.275,0,0,125,-82.2055
1.3,0,0,125,-82.1145
1.325,0,0,125,-82.0147
1.35,0,0,125,-81.9054
1.375,0,0,125,-81.7855
1.4,0,0,125,-81.6541
1.425,0,0,125,-81.5101
1.45,0,0,125,-81.3523
1.475,0,0,125,-81.1793
1.5,0,0,125,-80.9898
1.525,0,0,125,-80.7822
1.55,0,0,125,-80.5549
1.575,0,0,125,-80.3059
1.6,0,0,125,-80.0335
1.625,0,0,125,-79.7355
1.65,0,0,125,-79.4097
1.675,0,0,125,-79.0538
1.7,0,0,125,-78.6654
1.725,0,0,125,-78.2417
1.75,0,0,125,-77.7802
1.775,0,0,125,-77.2782
1.8,0,0,125,-76.7329
1.825,0,0,125,-76.1415
1.85,0,0,125,-75.5014
1.875,0,0,125,-74.8099
1.9,0,0,125,-74.0648
1.925,0,0,125,-73.2639
1.95,0,0,125,-72.4055
1.975,0,0,125,-71.4883
2,0,0,125,-70.5114
2.025,0,0,125,-69.4747
2.05,0,0,125,-68.3787
2.075,0,0,125,-67.2246
2.1,0,0,125,-66.0142
2.125,0,0,125,-64.7505
2.15,0,0,125,-63.4369
2.175,0,0,125,-62.0775
2.2,0,0,125,-60.6775
2.225,0,0,125,-59.2421
2.25,0,0,125,-57.7774
2.275,0,0,125,-56.2896
2.3,0,0,125,-54.7852
2.325,0,0,125,-53.2707
2.35,0,0,125,-51.7526
2.375,0,0,125,-50.2369
2.4,0,0,125,-48.7296
2.425,0,0,125,-47.2361
2.45,0,0,125,-45.7613
2.475,0,0,125,-44.3095
2.5,0,0,125,-42.8846
2.525,0,0,125,-41.4896
2.55,0,0,125,-40.1272
2.575,0,0,125,-38.7994
2.6,0,0,125,-37.5077
2.625,0,0,125,-36.2532
2.65,0,0,125,-35.0366
2.675,0,0,125,-33.8583
2.7,0,0,125,-32.7183
2.725,0,0,125,-31.6165
2.75,0,0,125,-30.5526
2.775,0,0,125,-29.5261
2.8,0,0,125,-28.5366
2.825,0,0,125,-27.5833
2.85,0,0,125,-26.6657
2.875,0,0,125,-25.7829
2.9,0,0,125,-24.9342
2.925,0,0,125,-24.1188
2.95,0,0,125,-23.3357
2.975,0,0,125,-22.5843
3,0,0,125,-21.8635
3.025,0,0,125,-21.1725
3.05,0,0,125,-20.5104
3.075,0,0,125,-19.8762
3.1,0,0,125,-19.2691
3.125,0,0,125,-18.688
3.15,0,0,125,-18.1321
3.175,0,0,125,-17.6004
3.2,0,0,125,-17.0921
3.225,0,0,125,-16.6062
3.25,0,0,125,-16.1418
3.275,0,0,125,-15.6981
3.3,0,0,125,-15.2741
3.325,0,0,125,-14.8691
3.35,0,0,125,-14.4823
3.375,0,0,125,-14.1127
3.4,0,0,125,-13.7598
3.425,0,0,125,-13.4226
3.45,0,0,125,-13.1006
3.475,0,0,125,-12.7929
3.5,0,0,125,-12.499
3.525,0,0,125,-12.2182
3.55,0,0,125,-11.9498
3.575,0,0,125,-11.6934
3.6,0,0,125,-11.4482
3.625,0,0,125,-11.2138
3.65,0,0,125,-10.9897
3.675,0,0,125,-10.7753
3.7,0,0,125,-10.5702
3.725,0,0,125,-10.374
3.75,0,0,125,-10.1862
3.775,0,0,125,-10.0064
3.8,0,0,125,-9.83427
3.825,0,0,125,-9.66942
3.85,0,0,125,-9.51151
3.875,0,0,125,-9.36023
3.9,0,0,125,-9.21525
3.925,0,0,125,-9.07629
3.95,0,0,125,-8.94309
3.975,0,0,125,-8.81537
4,0,0,125,-8.69291
4.025,0,0,125,-8.57546
4.05,0,0,125,-8.46282
4.075,0,0,125,-8.35478
4.1,0,0,125,-8.25115
4.125,0,0,125,-8.15175
4.15,0,0,125,-8.05641
4.175,0,0,125,-7.96498
4.2,0,0,125,-7.8773
4.225,0,0,125,-7.79324
4.25,0,0,125,-7.71267
4.275,0,0,125,-7.63548
4.3,0,0,125,-7.56154
4.325,0,0,125,-7.49075
4.35,0,0,125,-7.42303
4.375,0,0,125,-7.35828
4.4,0,0,125,-7.29641
4.425,0,0,125,-7.23737
4.45,0,0,125,-7.18108
4.475,0,0,125,-7.12748
4.5,0,0,125,-7.07651
4.525,0,0,125,-7.02812
4.55,0,0,125,-6.98229
4.575,0,0,125,-6.93896
4.6,0,0,125,-6.89813
4.625,0,0,125,-6.85976
4.65,0,0,125,-6.82383
4.675,0,0,125,-6.79035
4.7,0,0,125,-6.75929
4.725,0,0,125,-6.73066
4.75,0,0,125,-6.70447
4.775,0,0,125,-6.68071
4.8,0,0,125,-6.65941
4.825,0,0,125,-6.64057
4.85,0,0,125,-6.62419
4.875,0,0,125,-6.61026
4.9,0,0,125,-6.59876
4.925,0,0,125,-6.58962
4.95,0,0,125,-6.58281
4.975,0,0,125,-6.57828
5,0,0,125,-6.57602
