0,0,0,125,-83.046
0.025,0,0,125,-83.0464
0.05,0,0,125,-83.0473
0.075,0,0,125,-83.0486
0.1,0,0,125,-83.0501
0.125,0,0,125,-83.0518
0.15,0,0,125,-83.0535
0.175,0,0,125,-83.0552
0.2,0,0,125,-83.0567
0.225,0,0,125,-83.0581
0.25,0,0,125,-83.0592
0.275,0,0,125,-83.0601
0.3,0,0,125,-83.0607
0.325,0,0,125,-83.061
0.35,0,0,125,-83.0608
0.375,0,0,125,-83.0603
0.4,0,0,125,-83.0594
0.425,0,0,125,-83.0579
0.45,0,0,125,-83.0559
0.475,0,0,125,-83.0534
0.5,0,0,125,-83.0502
0.525,0,0,125,-83.0464
0.55,0,0,125,-83.0418
0.575,0,0,125,-83.0365
0.6,0,0,125,-83.0303
0.625,0,0,125,-83.0233
0.65,0,0,125,-83.0152
0.675,0,0,125,-83.0061
0.7,0,0,125,-82.9959
0.725,0,0,125,-82.9845
0.75,0,0,125,-82.9717
0.775,0,0,125,-82.9574
0.8,0,0,125,-82.9416
0.825,0,0,125,-82.924
0.85,0,0,125,-82.9046
0.875,0,0,125,-82.8831
0.9,0,0,125,-82.8594
0.925,0,0,125,-82.8333
0.95,0,0,125,-82.8046
0.975,0,0,125,-82.773
1,0,0,125,-82.7382
1.025,0,0,125,-82.7
1.05,0,0,125,-82.658
1.075,0,0,125,-82.6118
1.1,0,0,125,-82.5612
1.125,0,0,125,-82.5056
1.15,0,0,125,-82.4445
1.175,0,0,125,-82.3776
1.2,0,0,125,-82.304
1.225,0,0,125,-82.2234
1.25,0,0,125,-82.1349
1.275,0,0,125,-82.0377
1.3,0,0,125,-81.9312
1.325,0,0,125,-81.8143
1.35,0,0,125,-81.6861
1.375,0,0,125,-81.5454
1.4,0,0,125,-81.3911
1.425,0,0,125,-81.2219
1.45,0,0,125,-81.0364
1.475,0,0,125,-80.833
1.5,0,0,125,-80.61
1.525,0,0,125,-80.3658
1.55,0,0,125,-80.0983
1.575,0,0,125,-79.8055
1.6,0,0,125,-79.4851
1.625,0,0,125,-79.1349
1.65,0,0,125,-78.7522
1.675,0,0,125,-78.3345
1.7,0,0,125,-77.8792
1.725,0,0,125,-77.3833
1.75,0,0,125,-76.844
1.775,0,0,125,-76.2586
1.8,0,0,125,-75.6241
1.825,0,0,125,-74.9379
1.85,0,0,125,-74.1973
1.875,0,0,125,-73.4002
1.9,0,0,125,-72.5445
1.925,0,0,125,-71.6287
1.95,0,0,125,-70.6517
1.975,0,0,125,-69.6132
2,0,0,125,-68.5133
2.025,0,0,125,-67.353
2.05,0,0,125,-66.1342
2.075,0,0,125,-64.8594
2.1,0,0,125,-63.532
2.125,0,0,125,-62.1562
2.15,0,0,125,-60.737
2.175,0,0,125,-59.2799
2.2,0,0,125,-57.7911
2.225,0,0,125,-56.2768
2.25,0,0,125,-54.744
2.275,0,0,125,-53.1993
2.3,0,0,125,-51.6494
2.325,0,0,125,-50.1009
2.35,0,0,125,-48.56
2.375,0,0,125,-47.0323
2.4,0,0,125,-45.523
2.425,0,0,125,-44.0368
2.45,0,0,125,-42.5776
2.475,0,0,125,-41.1486
2.5,0,0,125,-39.7528
2.525,0,0,125,-38.3921
2.55,0,0,125,-37.0683
2.575,0,0,125,-35.7824
2.6,0,0,125,-34.5353
2.625,0,0,125,-33.3273
2.65,0,0,125,-32.1585
2.675,0,0,125,-31.0289
2.7,0,0,125,-29.9382
2.725,0,0,125,-28.886
2.75,0,0,125,-27.8717
2.775,0,0,125,-26.8948
2.8,0,0,125,-25.9545
2.825,0,0,125,-25.0502
2.85,0,0,125,-24.181
2.875,0,0,125,-23.3463
2.9,0,0,125,-22.545
2.925,0,0,125,-21.7764
2.95,0,0,125,-21.0395
2.975,0,0,125,-20.3334
3,0,0,125,-19.6572
3.025,0,0,125,-19.0099
3.05,0,0,125,-18.3905
3.075,0,0,125,-17.7981
3.1,0,0,125,-17.2317
3.125,0,0,125,-16.6903
3.15,0,0,125,-16.173
3.175,0,0,125,-15.6788
3.2,0,0,125,-15.2068
3.225,0,0,125,-14.756
3.25,0,0,125,-14.3256
3.275,0,0,125,-13.9147
3.3,0,0,125,-13.5224
3.325,0,0,125,-13.1479
3.35,0,0,125,-12.7903
3.375,0,0,125,-12.449
3.4,0,0,125,-12.1231
3.425,0,0,125,-11.8119
3.45,0,0,125,-11.5147
3.475,0,0,125,-11.2309
3.5,0,0,125,-10.9598
3.525,0,0,125,-10.7008
3.55,0,0,125,-10.4533
3.575,0,0,125,-10.2167
3.6,0,0,125,-9.99054
3.625,0,0,125,-9.77427
3.65,0,0,125,-9.56742
3.675,0,0,125,-9.36953
3.7,0,0,125,-9.18016
3.725,0,0,125,-8.9989
3.75,0,0,125,-8.82534
3.775,0,0,125,-8.65913
3.8,0,0,125,-8.49991
3.825,0,0,125,-8.34734
3.85,0,0,125,-8.20112
3.875,0,0,125,-8.06094
3.9,0,0,125,-7.92653
3.925,0,0,125,-7.79762
3.95,0,0,125,-7.67396
3.975,0,0,125,-7.55532
4,0,0,125,-7.44148
4.025,0,0,125,-7.33223
4.05,0,0,125,-7.22737
4.075,0,0,125,-7.12672
4.1,0,0,125,-7.03012
4.125,0,0,125,-6.93739
4.15,0,0,125,-6.84838
4.175,0,0,125,-6.76296
4.2,0,0,125,-6.68098
4.225,0,0,125,-6.60234
4.25,0,0,125,-6.5269
4.275,0,0,125,-6.45457
4.3,0,0,125,-6.38524
4.325,0,0,125,-6.31883
4.35,0,0,125,-6.25524
4.375,0,0,125,-6.1944
4.4,0,0,125,-6.13624
4.425,0,0,125,-6.08069
4.45,0,0,125,-6.0277
4.475,0,0,125,-5.9772
4.5,0,0,125,-5.92916
4.525,0,0,125,-5.88353
4.55,0,0,125,-5.84027
4.575,0,0,125,-5.79937
4.6,0,0,125,-5.76079
4.625,0,0,125,-5.72452
4.65,0,0,125,-5.69055
4.675,0,0,125,-5.65887
4.7,0,0,125,-5.62948
4.725,0,0,125,-5.60237
4.75,0,0,125,-5.57757
4.775,0,0,125,-5.55508
4.8,0,0,125,-5.5349
4.825,0,0,125,-5.51706
4.85,0,0,125,-5.50155
4.875,0,0,125,-5.48837
4.9,0,0,125,-5.47748
4.925,0,0,125,-5.46884
4.95,0,0,125,-5.4624
4.975,0,0,125,-5.45812
5,0,0,125,-5.45598
