0,0,0,125,8.70561
0.025,0,0,125,8.69185
0.05,0,0,125,8.66415
0.075,0,0,125,8.6219
0.1,0,0,125,8.56415
0.125,0,0,125,8.48987
0.15,0,0,125,8.39845
0.175,0,0,125,8.29054
0.2,0,0,125,8.16785
0.225,0,0,125,8.03265
0.25,0,0,125,7.88747
0.275,0,0,125,7.73487
0.3,0,0,125,7.57735
0.325,0,0,125,7.41731
0.35,0,0,125,7.25704
0.375,0,0,125,7.09871
0.4,0,0,125,6.94437
0.425,0,0,125,6.79589
0.45,0,0,125,6.65502
0.475,0,0,125,6.52337
0.5,0,0,125,6.40236
0.525,0,0,125,6.29329
0.55,0,0,125,6.19729
0.575,0,0,125,6.11535
0.6,0,0,125,6.04829
0.625,0,0,125,5.99682
0.65,0,0,125,5.96148
0.675,0,0,125,5.94272
0.7,0,0,125,5.94084
0.725,0,0,125,5.95604
0.75,0,0,125,5.98844
0.775,0,0,125,6.03804
0.8,0,0,125,6.1048
0.825,0,0,125,6.18857
0.85,0,0,125,6.28919
0.875,0,0,125,6.40644
0.9,0,0,125,6.54004
0.925,0,0,125,6.68972
0.95,0,0,125,6.85518
0.975,0,0,125,7.03612
1,0,0,125,7.23222
1.025,0,0,125,7.44317
1.05,0,0,125,7.66869
1.075,0,0,125,7.90847
1.1,0,0,125,8.16223
1.125,0,0,125,8.42969
1.15,0,0,125,8.71058
1.175,0,0,125,9.00459
1.2,0,0,125,9.31141
1.225,0,0,125,9.63064
1.25,0,0,125,9.96182
1.275,0,0,125,10.3043
1.3,0,0,125,10.6573
1.325,0,0,125,11.0197
1.35,0,0,125,11.3899
1.375,0,0,125,11.7656
1.4,0,0,125,12.1439
1.425,0,0,125,12.5204
1.45,0,0,125,12.889
1.475,0,0,125,13.2413
1.5,0,0,125,13.5654
1.525,0,0,125,13.8448
1.55,0,0,125,14.0562
1.575,0,0,125,14.1667
1.6,0,0,125,14.13
1.625,0,0,125,13.8795
1.65,0,0,125,13.3193
1.675,0,0,125,12.3084
1.7,0,0,125,10.6358
1.725,0,0,125,7.97842
1.75,0,0,125,3.8299
1.775,0,0,125,-2.61223
1.8,0,0,125,-12.564
1.825,0,0,125,-27.247
1.85,0,0,125,-43.6768
1.875,0,0,125,-56.3003
1.9,0,0,125,-65.0293
1.925,0,0,125,-70.9603
1.95,0,0,125,-74.9692
1.975,0,0,125,-77.6706
2,0,0,125,-79.4864
2.025,0,0,125,-80.7041
2.05,0,0,125,-81.5185
2.075,0,0,125,-82.0613
2.1,0,0,125,-82.4215
2.125,0,0,125,-82.6589
2.15,0,0,125,-82.8138
2.175,0,0,125,-82.9133
2.2,0,0,125,-82.9756
2.225,0,0,125,-83.0128
2.25,0,0,125,-83.0334
2.275,0,0,125,-83.0427
2.3,0,0,125,-83.0445
2.325,0,0,125,-83.0412
2.35,0,0,125,-83.0347
2.375,0,0,125,-83.0259
2.4,0,0,125,-83.0156
2.425,0,0,125,-83.0044
2.45,0,0,125,-82.9926
2.475,0,0,125,-82.9804
2.5,0,0,125,-82.968
2.525,0,0,125,-82.9555
2.55,0,0,125,-82.943
2.575,0,0,125,-82.9304
2.6,0,0,125,-82.9179
2.625,0,0,125,-82.9055
2.65,0,0,125,-82.8931
2.675,0,0,125,-82.8807
2.7,0,0,125,-82.8684
2.725,0,0,125,-82.8563
2.75,0,0,125,-82.8441
2.775,0,0,125,-82.832
2.8,0,0,125,-82.82
2.825,0,0,125,-82.8081
2.85,0,0,125,-82.7961
2.875,0,0,125,-82.7842
2.9,0,0,125,-82.7724
2.925,0,0,125,-82.7605
2.95,0,0,125,-82.7487
2.975,0,0,125,-82.7368
3,0,0,125,-82.7249
3.025,0,0,125,-82.713
3.05,0,0,125,-82.701
3.075,0,0,125,-82.689
3.1,0,0,125,-82.6769
3.125,0,0,125,-82.6647
3.15,0,0,125,-82.6524
3.175,0,0,125,-82.64
3.2,0,0,125,-82.6274
3.225,0,0,125,-82.6148
3.25,0,0,125,-82.6019
3.275,0,0,125,-82.5889
3.3,0,0,125,-82.5757
3.325,0,0,125,-82.5623
3.35,0,0,125,-82.5487
3.375,0,0,125,-82.5349
3.4,0,0,125,-82.5209
3.425,0,0,125,-82.5066
3.45,0,0,125,-82.4921
3.475,0,0,125,-82.4773
3.5,0,0,125,-82.4622
3.525,0,0,125,-82.4468
3.55,0,0,125,-82.4312
3.575,0,0,125,-82.4152
3.6,0,0,125,-82.399
3.625,0,0,125,-82.3824
3.65,0,0,125,-82.3656
3.675,0,0,125,-82.3484
3.7,0,0,125,-82.331
3.725,0,0,125,-82.3132
3.75,0,0,125,-82.2951
3.775,0,0,125,-82.2768
3.8,0,0,125,-82.2581
3.825,0,0,125,-82.2392
3.85,0,0,125,-82.22
3.875,0,0,125,-82.2005
3.9,0,0,125,-82.1808
3.925,0,0,125,-82.1609
3.95,0,0,125,-82.1408
3.975,0,0,125,-82.1204
4,0,0,125,-82.0999
4.025,0,0,125,-82.0792
4.05,0,0,125,-82.0584
4.075,0,0,125,-82.0375
4.1,0,0,125,-82.0165
4.125,0,0,125,-81.9954
4.15,0,0,125,-81.9743
4.175,0,0,125,-81.9533
4.2,0,0,125,-81.9322
4.225,0,0,125,-81.9113
4.25,0,0,125,-81.8904
4.275,0,0,125,-81.8697
4.3,0,0,125,-81.8491
4.325,0,0,125,-81.8288
4.35,0,0,125,-81.8087
4.375,0,0,125,-81.7889
4.4,0,0,125,-81.7694
4.425,0,0,125,-81.7503
4.45,0,0,125,-81.7317
4.475,0,0,125,-81.7134
4.5,0,0,125,-81.6956
4.525,0,0,125,-81.6784
4.55,0,0,125,-81.6617
4.575,0,0,125,-81.6456
4.6,0,0,125,-81.6301
4.625,0,0,125,-81.6153
4.65,0,0,125,-81.6012
4.675,0,0,125,-81.5878
4.7,0,0,125,-81.5752
4.725,0,0,125,-81.5634
4.75,0,0,125,-81.5524
4.775,0,0,125,-81.5423
4.8,0,0,125,-81.5331
4.825,0,0,125,-81.5247
4.85,0,0,125,-81.5173
4.875,0,0,125,-81.5109
4.9,0,0,125,-81.5055
4.925,0,0,125,-81.5011
4.95,0,0,125,-81.4978
4.975,0,0,125,-81.4955
5,0,0,125,-81.4944
