0,0,0,125,-33.808
0.025,0,0,125,-33.8043
0.05,0,0,125,-33.797
0.075,0,0,125,-33.7865
0.1,0,0,125,-33.7731
0.125,0,0,125,-33.7574
0.15,0,0,125,-33.7399
0.175,0,0,125,-33.7211
0.2,0,0,125,-33.7013
0.225,0,0,125,-33.6809
0.25,0,0,125,-33.6602
0.275,0,0,125,-33.6393
0.3,0,0,125,-33.6186
0.325,0,0,125,-33.5983
0.35,0,0,125,-33.5787
0.375,0,0,125,-33.56
0.4,0,0,125,-33.5425
0.425,0,0,125,-33.5264
0.45,0,0,125,-33.5121
0.475,0,0,125,-33.4996
0.5,0,0,125,-33.4894
0.525,0,0,125,-33.4817
0.55,0,0,125,-33.4767
0.575,0,0,125,-33.4747
0.6,0,0,125,-33.4759
0.625,0,0,125,-33.4806
0.65,0,0,125,-33.4892
0.675,0,0,125,-33.5018
0.7,0,0,125,-33.5187
0.725,0,0,125,-33.5403
0.75,0,0,125,-33.5668
0.775,0,0,125,-33.5985
0.8,0,0,125,-33.6357
0.825,0,0,125,-33.6788
0.85,0,0,125,-33.728
0.875,0,0,125,-33.7837
0.9,0,0,125,-33.8462
0.925,0,0,125,-33.9158
0.95,0,0,125,-33.9929
0.975,0,0,125,-34.0778
1,0,0,125,-34.171
1.025,0,0,125,-34.2727
1.05,0,0,125,-34.3834
1.075,0,0,125,-34.5035
1.1,0,0,125,-34.6334
1.125,0,0,125,-34.7735
1.15,0,0,125,-34.9243
1.175,0,0,125,-35.0861
1.2,0,0,125,-35.2594
1.225,0,0,125,-35.4448
1.25,0,0,125,-35.6426
1.275,0,0,125,-35.8535
1.3,0,0,125,-36.0778
1.325,0,0,125,-36.3161
1.35,0,0,125,-36.5689
1.375,0,0,125,-36.8368
1.4,0,0,125,-37.1202
1.425,0,0,125,-37.4198
1.45,0,0,125,-37.7361
1.475,0,0,125,-38.0696
1.5,0,0,125,-38.4209
1.525,0,0,125,-38.7905
1.55,0,0,125,-39.179
1.575,0,0,125,-39.5869
1.6,0,0,125,-40.0146
1.625,0,0,125,-40.4627
1.65,0,0,125,-40.9317
1.675,0,0,125,-41.422
1.7,0,0,125,-41.9339
1.725,0,0,125,-42.4678
1.75,0,0,125,-43.024
1.775,0,0,125,-43.6027
1.8,0,0,125,-44.2041
1.825,0,0,125,-44.8282
1.85,0,0,125,-45.475
1.875,0,0,125,-46.1444
1.9,0,0,125,-46.8361
1.925,0,0,125,-47.5499
1.95,0,0,125,-48.2851
1.975,0,0,125,-49.0413
2,0,0,125,-49.8177
2.025,0,0,125,-50.6133
2.05,0,0,125,-51.4272
2.075,0,0,125,-52.2582
2.1,0,0,125,-53.1048
2.125,0,0,125,-53.9657
2.15,0,0,125,-54.8391
2.175,0,0,125,-55.7234
2.2,0,0,125,-56.6166
2.225,0,0,125,-57.5167
2.25,0,0,125,-58.4215
2.275,0,0,125,-59.329
2.3,0,0,125,-60.2368
2.325,0,0,125,-61.1426
2.35,0,0,125,-62.0441
2.375,0,0,125,-62.939
2.4,0,0,125,-63.825
2.425,0,0,125,-64.6998
2.45,0,0,125,-65.5613
2.475,0,0,125,-66.4075
2.5,0,0,125,-67.2363
2.525,0,0,125,-68.046
2.55,0,0,125,-68.8349
2.575,0,0,125,-69.6016
2.6,0,0,125,-70.3446
2.625,0,0,125,-71.063
2.65,0,0,125,-71.7557
2.675,0,0,125,-72.422
2.7,0,0,125,-73.0615
2.725,0,0,125,-73.6736
2.75,0,0,125,-74.2582
2.775,0,0,125,-74.8154
2.8,0,0,125,-75.3452
2.825,0,0,125,-75.848
2.85,0,0,125,-76.3242
2.875,0,0,125,-76.7742
2.9,0,0,125,-77.1988
2.925,0,0,125,-77.5987
2.95,0,0,125,-77.9748
2.975,0,0,125,-78.3277
3,0,0,125,-78.6586
3.025,0,0,125,-78.9683
3.05,0,0,125,-79.2578
3.075,0,0,125,-79.5282
3.1,0,0,125,-79.7803
3.125,0,0,125,-80.0151
3.15,0,0,125,-80.2337
3.175,0,0,125,-80.437
3.2,0,0,125,-80.6258
3.225,0,0,125,-80.8012
3.25,0,0,125,-80.9639
3.275,0,0,125,-81.1148
3.3,0,0,125,-81.2547
3.325,0,0,125,-81.3844
3.35,0,0,125,-81.5045
3.375,0,0,125,-81.6157
3.4,0,0,125,-81.7187
3.425,0,0,125,-81.814
3.45,0,0,125,-81.9023
3.475,0,0,125,-81.984
3.5,0,0,125,-82.0597
3.525,0,0,125,-82.1297
3.55,0,0,125,-82.1946
3.575,0,0,125,-82.2547
3.6,0,0,125,-82.3104
3.625,0,0,125,-82.3621
3.65,0,0,125,-82.4099
3.675,0,0,125,-82.4543
3.7,0,0,125,-82.4954
3.725,0,0,125,-82.5336
3.75,0,0,125,-82.5691
3.775,0,0,125,-82.602
3.8,0,0,125,-82.6326
3.825,0,0,125,-82.661
3.85,0,0,125,-82.6874
3.875,0,0,125,-82.712
3.9,0,0,125,-82.7348
3.925,0,0,125,-82.7561
3.95,0,0,125,-82.7759
3.975,0,0,125,-82.7943
4,0,0,125,-82.8114
4.025,0,0,125,-82.8274
4.05,0,0,125,-82.8422
4.075,0,0,125,-82.8561
4.1,0,0,125,-82.8689
4.125,0,0,125,-82.8809
4.15,0,0,125,-82.8921
4.175,0,0,125,-82.9024
4.2,0,0,125,-82.9121
4.225,0,0,125,-82.921
4.25,0,0,125,-82.9294
4.275,0,0,125,-82.9371
4.3,0,0,125,-82.9443
4.325,0,0,125,-82.951
4.35,0,0,125,-82.9571
4.375,0,0,125,-82.9628
4.4,0,0,125,-82.9681
4.425,0,0,125,-82.9729
4.45,0,0,125,-82.9774
4.475,0,0,125,-82.9815
4.5,0,0,125,-82.9853
4.525,0,0,125,-82.9887
4.55,0,0,125,-82.9919
4.575,0,0,125,-82.9947
4.6,0,0,125,-82.9973
4.625,0,0,125,-82.9997
4.65,0,0,125,-83.0018
4.675,0,0,125,-83.0037
4.7,0,0,125,-83.0053
4.725,0,0,125,-83.0068
4.75,0,0,125,-83.0081
4.775,0,0,125,-83.0092
4.8,0,0,125,-83.0101
4.825,0,0,125,-83.0109
4.85,0,0,125,-83.0115
4.875,0,0,125,-83.012
4.9,0,0,125,-83.0123
4.925,0,0,125,-83.0126
4.95,0,0,125,-83.0128
4.975,0,0,125,-83.0129
5,0,0,125,-83.0129
