0,0,0,125,-82.7505
0.025,0,0,125,-82.7508
0.05,0,0,125,-82.7515
0.075,0,0,125,-82.7524
0.1,0,0,125,-82.7535
0.125,0,0,125,-82.7548
0.15,0,0,125,-82.7561
0.175,0,0,125,-82.7575
0.2,0,0,125,-82.7588
0.225,0,0,125,-82.7601
0.25,0,0,125,-82.7614
0.275,0,0,125,-82.7626
0.3,0,0,125,-82.7637
0.325,0,0,125,-82.7647
0.35,0,0,125,-82.7657
0.375,0,0,125,-82.7665
0.4,0,0,125,-82.7673
0.425,0,0,125,-82.768
0.45,0,0,125,-82.7687
0.475,0,0,125,-82.7692
0.5,0,0,125,-82.7697
0.525,0,0,125,-82.7701
0.55,0,0,125,-82.7705
0.575,0,0,125,-82.7707
0.6,0,0,125,-82.771
0.625,0,0,125,-82.7711
0.65,0,0,125,-82.7712
0.675,0,0,125,-82.7713
0.7,0,0,125,-82.7712
0.725,0,0,125,-82.7712
0.75,0,0,125,-82.771
0.775,0,0,125,-82.7708
0.8,0,0,125,-82.7706
0.825,0,0,125,-82.7703
0.85,0,0,125,-82.7699
0.875,0,0,125,-82.7696
0.9,0,0,125,-82.7692
0.925,0,0,125,-82.7687
0.95,0,0,125,-82.7682
0.975,0,0,125,-82.7677
1,0,0,125,-82.7671
1.025,0,0,125,-82.7665
1.05,0,0,125,-82.7659
1.075,0,0,125,-82.7652
1.1,0,0,125,-82.7645
1.125,0,0,125,-82.7638
1.15,0,0,125,-82.763
1.175,0,0,125,-82.7622
1.2,0,0,125,-82.7614
1.225,0,0,125,-82.7605
1.25,0,0,125,-82.7596
1.275,0,0,125,-82.7587
1.3,0,0,125,-82.7577
1.325,0,0,125,-82.7567
1.35,0,0,125,-82.7557
1.375,0,0,125,-82.7547
1.4,0,0,125,-82.7536
1.425,0,0,125,-82.7526
1.45,0,0,125,-82.7515
1.475,0,0,125,-82.7504
1.5,0,0,125,-82.7493
1.525,0,0,125,-82.7481
1.55,0,0,125,-82.747
1.575,0,0,125,-82.7458
1.6,0,0,125,-82.7446
1.625,0,0,125,-82.7433
1.65,0,0,125,-82.7421
1.675,0,0,125,-82.7408
1.7,0,0,125,-82.7396
1.725,0,0,125,-82.7383
1.75,0,0,125,-82.737
1.775,0,0,125,-82.7356
1.8,0,0,125,-82.7343
1.825,0,0,125,-82.7329
1.85,0,0,125,-82.7315
1.875,0,0,125,-82.7302
1.9,0,0,125,-82.7287
1.925,0,0,125,-82.7273
1.95,0,0,125,-82.7259
1.975,0,0,125,-82.7244
2,0,0,125,-82.7229
2.025,0,0,125,-82.7214
2.05,0,0,125,-82.7199
2.075,0,0,125,-82.7184
2.1,0,0,125,-82.7168
2.125,0,0,125,-82.7152
2.15,0,0,125,-82.7137
2.175,0,0,125,-82.7121
2.2,0,0,125,-82.7104
2.225,0,0,125,-82.7088
2.25,0,0,125,-82.7072
2.275,0,0,125,-82.7055
2.3,0,0,125,-82.7038
2.325,0,0,125,-82.7021
2.35,0,0,125,-82.7004
2.375,0,0,125,-82.6987
2.4,0,0,125,-82.6969
2.425,0,0,125,-82.6951
2.45,0,0,125,-82.6934
2.475,0,0,125,-82.6915
2.5,0,0,125,-82.6897
2.525,0,0,125,-82.6879
2.55,0,0,125,-82.686
2.575,0,0,125,-82.6842
2.6,0,0,125,-82.6823
2.625,0,0,125,-82.6804
2.65,0,0,125,-82.6784
2.675,0,0,125,-82.6765
2.7,0,0,125,-82.6745
2.725,0,0,125,-82.6725
2.75,0,0,125,-82.6705
2.775,0,0,125,-82.6685
2.8,0,0,125,-82.6664
2.825,0,0,125,-82.6644
2.85,0,0,125,-82.6623
2.875,0,0,125,-82.6602
2.9,0,0,125,-82.6581
2.925,0,0,125,-82.6559
2.95,0,0,125,-82.6538
2.975,0,0,125,-82.6516
3,0,0,125,-82.6494
3.025,0,0,125,-82.6472
3.05,0,0,125,-82.645
3.075,0,0,125,-82.6427
3.1,0,0,125,-82.6404
3.125,0,0,125,-82.6382
3.15,0,0,125,-82.6358
3.175,0,0,125,-82.6335
3.2,0,0,125,-82.6311
3.225,0,0,125,-82.6288
3.25,0,0,125,-82.6263
3.275,0,0,125,-82.6239
3.3,0,0,125,-82.6214
3.325,0,0,125,-82.6189
3.35,0,0,125,-82.6163
3.375,0,0,125,-82.6137
3.4,0,0,125,-82.6109
3.425,0,0,125,-82.608
3.45,0,0,125,-82.6049
3.475,0,0,125,-82.6016
3.5,0,0,125,-82.5978
3.525,0,0,125,-82.5935
3.55,0,0,125,-82.5884
3.575,0,0,125,-82.5823
3.6,0,0,125,-82.5745
3.625,0,0,125,-82.5644
3.65,0,0,125,-82.5511
3.675,0,0,125,-82.5333
3.7,0,0,125,-82.5088
3.725,0,0,125,-82.4751
3.75,0,0,125,-82.4281
3.775,0,0,125,-82.3624
3.8,0,0,125,-82.2698
3.825,0,0,125,-82.1394
3.85,0,0,125,-81.955
3.875,0,0,125,-81.6942
3.9,0,0,125,-81.3249
3.925,0,0,125,-80.8015
3.95,0,0,125,-80.06
3.975,0,0,125,-79.0091
4,0,0,125,-77.5203
4.025,0,0,125,-75.4128
4.05,0,0,125,-72.4323
4.075,0,0,125,-68.225
4.1,0,0,125,-62.3033
4.125,0,0,125,-54.0262
4.15,0,0,125,-42.7648
4.175,0,0,125,-29.2806
4.2,0,0,125,-17.579
4.225,0,0,125,-9.48438
4.25,0,0,125,-4.26455
4.275,0,0,125,-1.00321
4.3,0,0,125,0.969033
4.325,0,0,125,2.10087
4.35,0,0,125,2.69031
4.375,0,0,125,2.93734
4.4,0,0,125,2.97807
4.425,0,0,125,2.9064
4.45,0,0,125,2.7877
4.475,0,0,125,2.66777
4.5,0,0,125,2.57852
4.525,0,0,125,2.54186
4.55,0,0,125,2.57215
4.575,0,0,125,2.67787
4.6,0,0,125,2.86277
4.625,0,0,125,3.12662
4.65,0,0,125,3.46571
4.675,0,0,125,3.87332
4.7,0,0,125,4.34005
4.725,0,0,125,4.85413
4.75,0,0,125,5.40176
4.775,0,0,125,5.9675
4.8,0,0,125,6.53465
4.825,0,0,125,7.08587
4.85,0,0,125,7.604
4.875,0,0,125,8.07335
4.9,0,0,125,8.48091
4.925,0,0,125,8.81739
4.95,0,0,125,9.07588
4.975,0,0,125,9.25123
5,0,0,125,9.3399
