0,0,0,125,-84.4129
0.025,0,0,125,-84.413
0.05,0,0,125,-84.4131
0.075,0,0,125,-84.4133
0.1,0,0,125,-84.4135
0.125,0,0,125,-84.4137
0.15,0,0,125,-84.4139
0.175,0,0,125,-84.4142
0.2,0,0,125,-84.4144
0.225,0,0,125,-84.4147
0.25,0,0,125,-84.415
0.275,0,0,125,-84.4153
0.3,0,0,125,-84.4156
0.325,0,0,125,-84.4159
0.35,0,0,125,-84.4162
0.375,0,0,125,-84.4164
0.4,0,0,125,-84.4167
0.425,0,0,125,-84.417
0.45,0,0,125,-84.4173
0.475,0,0,125,-84.4175
0.5,0,0,125,-84.4178
0.525,0,0,125,-84.418
0.55,0,0,125,-84.4182
0.575,0,0,125,-84.4184
0.6,0,0,125,-84.4186
0.625,0,0,125,-84.4188
0.65,0,0,125,-84.419
0.675,0,0,125,-84.4192
0.7,0,0,125,-84.4194
0.725,0,0,125,-84.4196
0.75,0,0,125,-84.4198
0.775,0,0,125,-84.4199
0.8,0,0,125,-84.4201
0.825,0,0,125,-84.4203
0.85,0,0,125,-84.4205
0.875,0,0,125,-84.4207
0.9,0,0,125,-84.4209
0.925,0,0,125,-84.4211
0.95,0,0,125,-84.4213
0.975,0,0,125,-84.4215
1,0,0,125,-84.4217
1.025,0,0,125,-84.4219
1.05,0,0,125,-84.4221
1.075,0,0,125,-84.4223
1.1,0,0,125,-84.4225
1.125,0,0,125,-84.4227
1.15,0,0,125,-84.4229
1.175,0,0,125,-84.4232
1.2,0,0,125,-84.4234
1.225,0,0,125,-84.4236
1.25,0,0,125,-84.4238
1.275,0,0,125,-84.4241
1.3,0,0,125,-84.4243
1.325,0,0,125,-84.4246
1.35,0,0,125,-84.4248
1.375,0,0,125,-84.4251
1.4,0,0,125,-84.4253
1.425,0,0,125,-84.4256
1.45,0,0,125,-84.4259
1.475,0,0,125,-84.4262
1.5,0,0,125,-84.4264
1.525,0,0,125,-84.4267
1.55,0,0,125,-84.427
1.575,0,0,125,-84.4273
1.6,0,0,125,-84.4276
1.625,0,0,125,-84.4279
1.65,0,0,125,-84.4283
1.675,0,0,125,-84.4286
1.7,0,0,125,-84.4289
1.725,0,0,125,-84.4292
1.75,0,0,125,-84.4296
1.775,0,0,125,-84.4299
1.8,0,0,125,-84.4303
1.825,0,0,125,-84.4306
1.85,0,0,125,-84.431
1.875,0,0,125,-84.4314
1.9,0,0,125,-84.4318
1.925,0,0,125,-84.4322
1.95,0,0,125,-84.4326
1.975,0,0,125,-84.433
2,0,0,125,-84.4335
2.025,0,0,125,-84.4339
2.05,0,0,125,-84.4344
2.075,0,0,125,-84.4349
2.1,0,0,125,-84.4354
2.125,0,0,125,-84.4359
2.15,0,0,125,-84.4365
2.175,0,0,125,-84.437
2.2,0,0,125,-84.4376
2.225,0,0,125,-84.4382
2.25,0,0,125,-84.4388
2.275,0,0,125,-84.4394
2.3,0,0,125,-84.44
2.325,0,0,125,-84.4407
2.35,0,0,125,-84.4413
2.375,0,0,125,-84.442
2.4,0,0,125,-84.4427
2.425,0,0,125,-84.4434
2.45,0,0,125,-84.4441
2.475,0,0,125,-84.4448
2.5,0,0,125,-84.4455
2.525,0,0,125,-84.4462
2.55,0,0,125,-84.447
2.575,0,0,125,-84.4477
2.6,0,0,125,-84.4485
2.625,0,0,125,-84.4492
2.65,0,0,125,-84.45
2.675,0,0,125,-84.4508
2.7,0,0,125,-84.4516
2.725,0,0,125,-84.4524
2.75,0,0,125,-84.4532
2.775,0,0,125,-84.4541
2.8,0,0,125,-84.4549
2.825,0,0,125,-84.4558
2.85,0,0,125,-84.4566
2.875,0,0,125,-84.4575
2.9,0,0,125,-84.4584
2.925,0,0,125,-84.4593
2.95,0,0,125,-84.4602
2.975,0,0,125,-84.4611
3,0,0,125,-84.462
3.025,0,0,125,-84.4629
3.05,0,0,125,-84.4638
3.075,0,0,125,-84.4648
3.1,0,0,125,-84.4657
3.125,0,0,125,-84.4666
3.15,0,0,125,-84.4675
3.175,0,0,125,-84.4684
3.2,0,0,125,-84.4693
3.225,0,0,125,-84.4702
3.25,0,0,125,-84.4711
3.275,0,0,125,-84.472
3.3,0,0,125,-84.4728
3.325,0,0,125,-84.4737
3.35,0,0,125,-84.4745
3.375,0,0,125,-84.4753
3.4,0,0,125,-84.4761
3.425,0,0,125,-84.4769
3.45,0,0,125,-84.4777
3.475,0,0,125,-84.4784
3.5,0,0,125,-84.4792
3.525,0,0,125,-84.4799
3.55,0,0,125,-84.4806
3.575,0,0,125,-84.4813
3.6,0,0,125,-84.482
3.625,0,0,125,-84.4826
3.65,0,0,125,-84.4833
3.675,0,0,125,-84.4839
3.7,0,0,125,-84.4845
3.725,0,0,125,-84.4851
3.75,0,0,125,-84.4857
3.775,0,0,125,-84.4863
3.8,0,0,125,-84.4869
3.825,0,0,125,-84.4874
3.85,0,0,125,-84.4879
3.875,0,0,125,-84.4884
3.9,0,0,125,-84.4889
3.925,0,0,125,-84.4894
3.95,0,0,125,-84.4899
3.975,0,0,125,-84.4903
4,0,0,125,-84.4907
4.025,0,0,125,-84.4912
4.05,0,0,125,-84.4916
4.075,0,0,125,-84.4919
4.1,0,0,125,-84.4923
4.125,0,0,125,-84.4926
4.15,0,0,125,-84.4929
4.175,0,0,125,-84.4932
4.2,0,0,125,-84.4935
4.225,0,0,125,-84.4937
4.25,0,0,125,-84.494
4.275,0,0,125,-84.4942
4.3,0,0,125,-84.4944
4.325,0,0,125,-84.4947
4.35,0,0,125,-84.4949
4.375,0,0,125,-84.4951
4.4,0,0,125,-84.4953
4.425,0,0,125,-84.4955
4.45,0,0,125,-84.4956
4.475,0,0,125,-84.4958
4.5,0,0,125,-84.496
4.525,0,0,125,-84.4961
4.55,0,0,125,-84.4963
4.575,0,0,125,-84.4964
4.6,0,0,125,-84.4965
4.625,0,0,125,-84.4966
4.65,0,0,125,-84.4967
4.675,0,0,125,-84.4968
4.7,0,0,125,-84.4969
4.725,0,0,125,-84.497
4.75,0,0,125,-84.497
4.775,0,0,125,-84.4971
4.8,0,0,125,-84.4971
4.825,0,0,125,-84.4972
4.85,0,0,125,-84.4972
4.875,0,0,125,-84.4972
4.9,0,0,125,-84.4972
4.925,0,0,125,-84.4972
4.95,0,0,125,-84.4972
4.975,0,0,125,-84.4972
5,0,0,125,-84.4972
