0,0,0,125,-1.65463
0.025,0,0,125,-1.65105
0.05,0,0,125,-1.64401
0.075,0,0,125,-1.63374
0.1,0,0,125,-1.62059
0.125,0,0,125,-1.60497
0.15,0,0,125,-1.58725
0.175,0,0,125,-1.56779
0.2,0,0,125,-1.54676
0.225,0,0,125,-1.52431
0.25,0,0,125,-1.50054
0.275,0,0,125,-1.47555
0.3,0,0,125,-1.44942
0.325,0,0,125,-1.42225
0.35,0,0,125,-1.3941
0.375,0,0,125,-1.36504
0.4,0,0,125,-1.33513
0.425,0,0,125,-1.30444
0.45,0,0,125,-1.27302
0.475,0,0,125,-1.24093
0.5,0,0,125,-1.20822
0.525,0,0,125,-1.17492
0.55,0,0,125,-1.14108
0.575,0,0,125,-1.10673
0.6,0,0,125,-1.07191
0.625,0,0,125,-1.03665
0.65,0,0,125,-1.00099
0.675,0,0,125,-0.964958
0.7,0,0,125,-0.928578
0.725,0,0,125,-0.891877
0.75,0,0,125,-0.854878
0.775,0,0,125,-0.817601
0.8,0,0,125,-0.780067
0.825,0,0,125,-0.742293
0.85,0,0,125,-0.704297
0.875,0,0,125,-0.666099
0.9,0,0,125,-0.627715
0.925,0,0,125,-0.58916
0.95,0,0,125,-0.550448
0.975,0,0,125,-0.511593
1,0,0,125,-0.472606
1.025,0,0,125,-0.4335
1.05,0,0,125,-0.394285
1.075,0,0,125,-0.354971
1.1,0,0,125,-0.315568
1.125,0,0,125,-0.276086
1.15,0,0,125,-0.236533
1.175,0,0,125,-0.196916
1.2,0,0,125,-0.157243
1.225,0,0,125,-0.117521
1.25,0,0,125,-0.0777548
1.275,0,0,125,-0.0379511
1.3,0,0,125,0.00188538
1.325,0,0,125,0.0417492
1.35,0,0,125,0.081636
1.375,0,0,125,0.121541
1.4,0,0,125,0.16146
1.425,0,0,125,0.201389
1.45,0,0,125,0.241324
1.475,0,0,125,0.281262
1.5,0,0,125,0.321199
1.525,0,0,125,0.361134
1.55,0,0,125,0.401062
1.575,0,0,125,0.440981
1.6,0,0,125,0.480888
1.625,0,0,125,0.520782
1.65,0,0,125,0.56066
1.675,0,0,125,0.600519
1.7,0,0,125,0.640359
1.725,0,0,125,0.680177
1.75,0,0,125,0.719972
1.775,0,0,125,0.759742
1.8,0,0,125,0.799486
1.825,0,0,125,0.839202
1.85,0,0,125,0.878889
1.875,0,0,125,0.918546
1.9,0,0,125,0.958173
1.925,0,0,125,0.997768
1.95,0,0,125,1.03733
1.975,0,0,125,1.07686
2,0,0,125,1.11635
2.025,0,0,125,1.15581
2.05,0,0,125,1.19524
2.075,0,0,125,1.23462
2.1,0,0,125,1.27397
2.125,0,0,125,1.31329
2.15,0,0,125,1.35256
2.175,0,0,125,1.3918
2.2,0,0,125,1.431
2.225,0,0,125,1.47016
2.25,0,0,125,1.50928
2.275,0,0,125,1.54836
2.3,0,0,125,1.5874
2.325,0,0,125,1.6264
2.35,0,0,125,1.66537
2.375,0,0,125,1.70429
2.4,0,0,125,1.74317
2.425,0,0,125,1.78201
2.45,0,0,125,1.82082
2.475,0,0,125,1.85958
2.5,0,0,125,1.89829
2.525,0,0,125,1.93697
2.55,0,0,125,1.97561
2.575,0,0,125,2.0142
2.6,0,0,125,2.05276
2.625,0,0,125,2.09127
2.65,0,0,125,2.12974
2.675,0,0,125,2.16817
2.7,0,0,125,2.20655
2.725,0,0,125,2.24489
2.75,0,0,125,2.2832
2.775,0,0,125,2.32145
2.8,0,0,125,2.35967
2.825,0,0,125,2.39784
2.85,0,0,125,2.43597
2.875,0,0,125,2.47405
2.9,0,0,125,2.5121
2.925,0,0,125,2.55009
2.95,0,0,125,2.58805
2.975,0,0,125,2.62596
3,0,0,125,2.66382
3.025,0,0,125,2.70164
3.05,0,0,125,2.73942
3.075,0,0,125,2.77715
3.1,0,0,125,2.81483
3.125,0,0,125,2.85246
3.15,0,0,125,2.89005
3.175,0,0,125,2.9276
3.2,0,0,125,2.96509
3.225,0,0,125,3.00253
3.25,0,0,125,3.03993
3.275,0,0,125,3.07728
3.3,0,0,125,3.11457
3.325,0,0,125,3.15181
3.35,0,0,125,3.189
3.375,0,0,125,3.22614
3.4,0,0,125,3.26322
3.425,0,0,125,3.30024
3.45,0,0,125,3.3372
3.475,0,0,125,3.37411
3.5,0,0,125,3.41095
3.525,0,0,125,3.44774
3.55,0,0,125,3.48445
3.575,0,0,125,3.5211
3.6,0,0,125,3.55768
3.625,0,0,125,3.59419
3.65,0,0,125,3.63063
3.675,0,0,125,3.66698
3.7,0,0,125,3.70326
3.725,0,0,125,3.73945
3.75,0,0,125,3.77555
3.775,0,0,125,3.81157
3.8,0,0,125,3.84748
3.825,0,0,125,3.8833
3.85,0,0,125,3.919
3.875,0,0,125,3.9546
3.9,0,0,125,3.99007
3.925,0,0,125,4.02542
3.95,0,0,125,4.06064
3.975,0,0,125,4.09572
4,0,0,125,4.13064
4.025,0,0,125,4.16541
4.05,0,0,125,4.20001
4.075,0,0,125,4.23443
4.1,0,0,125,4.26866
4.125,0,0,125,4.30268
4.15,0,0,125,4.33649
4.175,0,0,125,4.37006
4.2,0,0,125,4.40338
4.225,0,0,125,4.43644
4.25,0,0,125,4.46922
4.275,0,0,125,4.50169
4.3,0,0,125,4.53383
4.325,0,0,125,4.56561
4.35,0,0,125,4.59702
4.375,0,0,125,4.62801
4.4,0,0,125,4.65855
4.425,0,0,125,4.68863
4.45,0,0,125,4.71819
4.475,0,0,125,4.7472
4.5,0,0,125,4.77562
4.525,0,0,125,4.80341
4.55,0,0,125,4.83051
4.575,0,0,125,4.85687
4.6,0,0,125,4.88244
4.625,0,0,125,4.90716
4.65,0,0,125,4.93097
4.675,0,0,125,4.9538
4.7,0,0,125,4.97557
4.725,0,0,125,4.99622
4.75,0,0,125,5.01566
4.775,0,0,125,5.03381
4.8,0,0,125,5.05058
4.825,0,0,125,5.06588
4.85,0,0,125,5.0796
4.875,0,0,125,5.09166
4.9,0,0,125,5.10194
4.925,0,0,125,5.11033
4.95,0,0,125,5.11674
4.975,0,0,125,5.12106
5,0,0,125,5.12324
