0,0,0,125,-81.9453
0.025,0,0,125,-81.9453
0.05,0,0,125,-81.9453
0.075,0,0,125,-81.9452
0.1,0,0,125,-81.9449
0.125,0,0,125,-81.9445
0.15,0,0,125,-81.9439
0.175,0,0,125,-81.9429
0.2,0,0,125,-81.9416
0.225,0,0,125,-81.94
0.25,0,0,125,-81.9379
0.275,0,0,125,-81.9355
0.3,0,0,125,-81.9327
0.325,0,0,125,-81.9295
0.35,0,0,125,-81.926
0.375,0,0,125,-81.922
0.4,0,0,125,-81.9177
0.425,0,0,125,-81.913
0.45,0,0,125,-81.9079
0.475,0,0,125,-81.9024
0.5,0,0,125,-81.8965
0.525,0,0,125,-81.8903
0.55,0,0,125,-81.8837
0.575,0,0,125,-81.8768
0.6,0,0,125,-81.8694
0.625,0,0,125,-81.8618
0.65,0,0,125,-81.8537
0.675,0,0,125,-81.8453
0.7,0,0,125,-81.8365
0.725,0,0,125,-81.8274
0.75,0,0,125,-81.8179
0.775,0,0,125,-81.808
0.8,0,0,125,-81.7978
0.825,0,0,125,-81.7873
0.85,0,0,125,-81.7763
0.875,0,0,125,-81.7651
0.9,0,0,125,-81.7534
0.925,0,0,125,-81.7414
0.95,0,0,125,-81.7291
0.975,0,0,125,-81.7163
1,0,0,125,-81.7032
1.025,0,0,125,-81.6898
1.05,0,0,125,-81.676
1.075,0,0,125,-81.6618
1.1,0,0,125,-81.6472
1.125,0,0,125,-81.6323
1.15,0,0,125,-81.617
1.175,0,0,125,-81.6013
1.2,0,0,125,-81.5852
1.225,0,0,125,-81.5688
1.25,0,0,125,-81.5519
1.275,0,0,125,-81.5347
1.3,0,0,125,-81.5171
1.325,0,0,125,-81.4991
1.35,0,0,125,-81.4807
1.375,0,0,125,-81.4618
1.4,0,0,125,-81.4426
1.425,0,0,125,-81.4229
1.45,0,0,125,-81.4029
1.475,0,0,125,-81.3824
1.5,0,0,125,-81.3615
1.525,0,0,125,-81.3401
1.55,0,0,125,-81.3183
1.575,0,0,125,-81.2961
1.6,0,0,125,-81.2734
1.625,0,0,125,-81.2503
1.65,0,0,125,-81.2267
1.675,0,0,125,-81.2027
1.7,0,0,125,-81.1782
1.725,0,0,125,-81.1532
1.75,0,0,125,-81.1277
1.775,0,0,125,-81.1018
1.8,0,0,125,-81.0753
1.825,0,0,125,-81.0484
1.85,0,0,125,-81.0209
1.875,0,0,125,-80.993
1.9,0,0,125,-80.9645
1.925,0,0,125,-80.9355
1.95,0,0,125,-80.906
1.975,0,0,125,-80.8759
2,0,0,125,-80.8453
2.025,0,0,125,-80.8141
2.05,0,0,125,-80.7824
2.075,0,0,125,-80.7501
2.1,0,0,125,-80.7173
2.125,0,0,125,-80.6838
2.15,0,0,125,-80.6498
2.175,0,0,125,-80.6152
2.2,0,0,125,-80.58
2.225,0,0,125,-80.5442
2.25,0,0,125,-80.5078
2.275,0,0,125,-80.4708
2.3,0,0,125,-80.4331
2.325,0,0,125,-80.3948
2.35,0,0,125,-80.3558
2.375,0,0,125,-80.3163
2.4,0,0,125,-80.276
2.425,0,0,125,-80.2351
2.45,0,0,125,-80.1935
2.475,0,0,125,-80.1513
2.5,0,0,125,-80.1084
2.525,0,0,125,-80.0648
2.55,0,0,125,-80.0205
2.575,0,0,125,-79.9754
2.6,0,0,125,-79.9297
2.625,0,0,125,-79.8833
2.65,0,0,125,-79.8362
2.675,0,0,125,-79.7883
2.7,0,0,125,-79.7397
2.725,0,0,125,-79.6904
2.75,0,0,125,-79.6404
2.775,0,0,125,-79.5896
2.8,0,0,125,-79.5381
2.825,0,0,125,-79.4858
2.85,0,0,125,-79.4328
2.875,0,0,125,-79.379
2.9,0,0,125,-79.3245
2.925,0,0,125,-79.2692
2.95,0,0,125,-79.2132
2.975,0,0,125,-79.1564
3,0,0,125,-79.0989
3.025,0,0,125,-79.0406
3.05,0,0,125,-78.9816
3.075,0,0,125,-78.9218
3.1,0,0,125,-78.8613
3.125,0,0,125,-78.8
3.15,0,0,125,-78.738
3.175,0,0,125,-78.6752
3.2,0,0,125,-78.6118
3.225,0,0,125,-78.5476
3.25,0,0,125,-78.4827
3.275,0,0,125,-78.4171
3.3,0,0,125,-78.3509
3.325,0,0,125,-78.2839
3.35,0,0,125,-78.2163
3.375,0,0,125,-78.1481
3.4,0,0,125,-78.0792
3.425,0,0,125,-78.0097
3.45,0,0,125,-77.9397
3.475,0,0,125,-77.869
3.5,0,0,125,-77.7978
3.525,0,0,125,-77.726
3.55,0,0,125,-77.6538
3.575,0,0,125,-77.5811
3.6,0,0,125,-77.5079
3.625,0,0,125,-77.4343
3.65,0,0,125,-77.3603
3.675,0,0,125,-77.286
3.7,0,0,125,-77.2114
3.725,0,0,125,-77.1364
3.75,0,0,125,-77.0613
3.775,0,0,125,-76.9859
3.8,0,0,125,-76.9104
3.825,0,0,125,-76.8348
3.85,0,0,125,-76.7591
3.875,0,0,125,-76.6834
3.9,0,0,125,-76.6078
3.925,0,0,125,-76.5322
3.95,0,0,125,-76.4568
3.975,0,0,125,-76.3816
4,0,0,125,-76.3067
4.025,0,0,125,-76.2321
4.05,0,0,125,-76.1579
4.075,0,0,125,-76.0841
4.1,0,0,125,-76.0109
4.125,0,0,125,-75.9383
4.15,0,0,125,-75.8664
4.175,0,0,125,-75.7952
4.2,0,0,125,-75.7248
4.225,0,0,125,-75.6554
4.25,0,0,125,-75.5869
4.275,0,0,125,-75.5195
4.3,0,0,125,-75.4532
4.325,0,0,125,-75.3881
4.35,0,0,125,-75.3243
4.375,0,0,125,-75.2619
4.4,0,0,125,-75.201
4.425,0,0,125,-75.1417
4.45,0,0,125,-75.084
4.475,0,0,125,-75.028
4.5,0,0,125,-74.9738
4.525,0,0,125,-74.9215
4.55,0,0,125,-74.8712
4.575,0,0,125,-74.823
4.6,0,0,125,-74.7769
4.625,0,0,125,-74.733
4.65,0,0,125,-74.6914
4.675,0,0,125,-74.6522
4.7,0,0,125,-74.6154
4.725,0,0,125,-74.5812
4.75,0,0,125,-74.5495
4.775,0,0,125,-74.5205
4.8,0,0,125,-74.4942
4.825,0,0,125,-74.4707
4.85,0,0,125,-74.4499
4.875,0,0,125,-74.4321
4.9,0,0,125,-74.4172
4.925,0,0,125,-74.4052
4.95,0,0,125,-74.3961
4.975,0,0,125,-74.3901
5,0,0,125,-74.3871
