0,0,0,125,-84.3931
0.025,0,0,125,-84.3932
0.05,0,0,125,-84.3933
0.075,0,0,125,-84.3934
0.1,0,0,125,-84.3936
0.125,0,0,125,-84.3939
0.15,0,0,125,-84.3941
0.175,0,0,125,-84.3943
0.2,0,0,125,-84.3946
0.225,0,0,125,-84.3949
0.25,0,0,125,-84.3951
0.275,0,0,125,-84.3954
0.3,0,0,125,-84.3957
0.325,0,0,125,-84.396
0.35,0,0,125,-84.3963
0.375,0,0,125,-84.3966
0.4,0,0,125,-84.3969
0.425,0,0,125,-84.3972
0.45,0,0,125,-84.3975
0.475,0,0,125,-84.3977
0.5,0,0,125,-84.398
0.525,0,0,125,-84.3982
0.55,0,0,125,-84.3985
0.575,0,0,125,-84.3987
0.6,0,0,125,-84.399
0.625,0,0,125,-84.3992
0.65,0,0,125,-84.3994
0.675,0,0,125,-84.3996
0.7,0,0,125,-84.3999
0.725,0,0,125,-84.4001
0.75,0,0,125,-84.4003
0.775,0,0,125,-84.4005
0.8,0,0,125,-84.4007
0.825,0,0,125,-84.401
0.85,0,0,125,-84.4012
0.875,0,0,125,-84.4014
0.9,0,0,125,-84.4016
0.925,0,0,125,-84.4019
0.95,0,0,125,-84.4021
0.975,0,0,125,-84.4023
1,0,0,125,-84.4026
1.025,0,0,125,-84.4028
1.05,0,0,125,-84.4031
1.075,0,0,125,-84.4033
1.1,0,0,125,-84.4036
1.125,0,0,125,-84.4039
1.15,0,0,125,-84.4042
1.175,0,0,125,-84.4044
1.2,0,0,125,-84.4047
1.225,0,0,125,-84.4051
1.25,0,0,125,-84.4054
1.275,0,0,125,-84.4057
1.3,0,0,125,-84.4061
1.325,0,0,125,-84.4064
1.35,0,0,125,-84.4068
1.375,0,0,125,-84.4071
1.4,0,0,125,-84.4075
1.425,0,0,125,-84.4079
1.45,0,0,125,-84.4083
1.475,0,0,125,-84.4087
1.5,0,0,125,-84.4091
1.525,0,0,125,-84.4096
1.55,0,0,125,-84.41
1.575,0,0,125,-84.4104
1.6,0,0,125,-84.4108
1.625,0,0,125,-84.4112
1.65,0,0,125,-84.4116
1.675,0,0,125,-84.412
1.7,0,0,125,-84.4123
1.725,0,0,125,-84.4127
1.75,0,0,125,-84.4131
1.775,0,0,125,-84.4135
1.8,0,0,125,-84.4139
1.825,0,0,125,-84.4143
1.85,0,0,125,-84.4147
1.875,0,0,125,-84.4151
1.9,0,0,125,-84.4156
1.925,0,0,125,-84.416
1.95,0,0,125,-84.4165
1.975,0,0,125,-84.417
2,0,0,125,-84.4175
2.025,0,0,125,-84.418
2.05,0,0,125,-84.4185
2.075,0,0,125,-84.4191
2.1,0,0,125,-84.4196
2.125,0,0,125,-84.4202
2.15,0,0,125,-84.4208
2.175,0,0,125,-84.4214
2.2,0,0,125,-84.422
2.225,0,0,125,-84.4226
2.25,0,0,125,-84.4233
2.275,0,0,125,-84.4239
2.3,0,0,125,-84.4246
2.325,0,0,125,-84.4253
2.35,0,0,125,-84.426
2.375,0,0,125,-84.4267
2.4,0,0,125,-84.4275
2.425,0,0,125,-84.4282
2.45,0,0,125,-84.429
2.475,0,0,125,-84.4298
2.5,0,0,125,-84.4306
2.525,0,0,125,-84.4314
2.55,0,0,125,-84.4322
2.575,0,0,125,-84.433
2.6,0,0,125,-84.4339
2.625,0,0,125,-84.4348
2.65,0,0,125,-84.4357
2.675,0,0,125,-84.4366
2.7,0,0,125,-84.4375
2.725,0,0,125,-84.4384
2.75,0,0,125,-84.4394
2.775,0,0,125,-84.4403
2.8,0,0,125,-84.4413
2.825,0,0,125,-84.4422
2.85,0,0,125,-84.4432
2.875,0,0,125,-84.4442
2.9,0,0,125,-84.4452
2.925,0,0,125,-84.4462
2.95,0,0,125,-84.4473
2.975,0,0,125,-84.4483
3,0,0,125,-84.4493
3.025,0,0,125,-84.4503
3.05,0,0,125,-84.4514
3.075,0,0,125,-84.4524
3.1,0,0,125,-84.4534
3.125,0,0,125,-84.4544
3.15,0,0,125,-84.4554
3.175,0,0,125,-84.4564
3.2,0,0,125,-84.4574
3.225,0,0,125,-84.4583
3.25,0,0,125,-84.4593
3.275,0,0,125,-84.4602
3.3,0,0,125,-84.4611
3.325,0,0,125,-84.462
3.35,0,0,125,-84.4628
3.375,0,0,125,-84.4637
3.4,0,0,125,-84.4646
3.425,0,0,125,-84.4654
3.45,0,0,125,-84.4662
3.475,0,0,125,-84.467
3.5,0,0,125,-84.4678
3.525,0,0,125,-84.4685
3.55,0,0,125,-84.4693
3.575,0,0,125,-84.47
3.6,0,0,125,-84.4708
3.625,0,0,125,-84.4715
3.65,0,0,125,-84.4722
3.675,0,0,125,-84.4728
3.7,0,0,125,-84.4735
3.725,0,0,125,-84.4741
3.75,0,0,125,-84.4748
3.775,0,0,125,-84.4754
3.8,0,0,125,-84.476
3.825,0,0,125,-84.4766
3.85,0,0,125,-84.4771
3.875,0,0,125,-84.4777
3.9,0,0,125,-84.4782
3.925,0,0,125,-84.4788
3.95,0,0,125,-84.4793
3.975,0,0,125,-84.4798
4,0,0,125,-84.4802
4.025,0,0,125,-84.4807
4.05,0,0,125,-84.4812
4.075,0,0,125,-84.4816
4.1,0,0,125,-84.482
4.125,0,0,125,-84.4824
4.15,0,0,125,-84.4828
4.175,0,0,125,-84.4831
4.2,0,0,125,-84.4835
4.225,0,0,125,-84.4838
4.25,0,0,125,-84.4842
4.275,0,0,125,-84.4845
4.3,0,0,125,-84.4848
4.325,0,0,125,-84.485
4.35,0,0,125,-84.4853
4.375,0,0,125,-84.4855
4.4,0,0,125,-84.4858
4.425,0,0,125,-84.486
4.45,0,0,125,-84.4862
4.475,0,0,125,-84.4864
4.5,0,0,125,-84.4865
4.525,0,0,125,-84.4867
4.55,0,0,125,-84.4868
4.575,0,0,125,-84.4869
4.6,0,0,125,-84.487
4.625,0,0,125,-84.4871
4.65,0,0,125,-84.4872
4.675,0,0,125,-84.4872
4.7,0,0,125,-84.4873
4.725,0,0,125,-84.4873
4.75,0,0,125,-84.4874
4.775,0,0,125,-84.4874
4.8,0,0,125,-84.4874
4.825,0,0,125,-84.4874
4.85,0,0,125,-84.4874
4.875,0,0,125,-84.4874
4.9,0,0,125,-84.4873
4.925,0,0,125,-84.4873
4.95,0,0,125,-84.4873
4.975,0,0,125,-84.4873
5,0,0,125,-84.4873
