0,0,0,125,-84.4053
0.025,0,0,125,-84.4054
0.05,0,0,125,-84.4055
0.075,0,0,125,-84.4056
0.1,0,0,125,-84.4058
0.125,0,0,125,-84.4061
0.15,0,0,125,-84.4063
0.175,0,0,125,-84.4066
0.2,0,0,125,-84.4068
0.225,0,0,125,-84.4071
0.25,0,0,125,-84.4074
0.275,0,0,125,-84.4076
0.3,0,0,125,-84.4079
0.325,0,0,125,-84.4082
0.35,0,0,125,-84.4085
0.375,0,0,125,-84.4088
0.4,0,0,125,-84.4091
0.425,0,0,125,-84.4094
0.45,0,0,125,-84.4097
0.475,0,0,125,-84.41
0.5,0,0,125,-84.4102
0.525,0,0,125,-84.4105
0.55,0,0,125,-84.4107
0.575,0,0,125,-84.4109
0.6,0,0,125,-84.4112
0.625,0,0,125,-84.4114
0.65,0,0,125,-84.4116
0.675,0,0,125,-84.4118
0.7,0,0,125,-84.4121
0.725,0,0,125,-84.4123
0.75,0,0,125,-84.4125
0.775,0,0,125,-84.4127
0.8,0,0,125,-84.4129
0.825,0,0,125,-84.4132
0.85,0,0,125,-84.4134
0.875,0,0,125,-84.4136
0.9,0,0,125,-84.4138
0.925,0,0,125,-84.4141
0.95,0,0,125,-84.4143
0.975,0,0,125,-84.4145
1,0,0,125,-84.4148
1.025,0,0,125,-84.415
1.05,0,0,125,-84.4153
1.075,0,0,125,-84.4155
1.1,0,0,125,-84.4158
1.125,0,0,125,-84.4161
1.15,0,0,125,-84.4164
1.175,0,0,125,-84.4166
1.2,0,0,125,-84.4169
1.225,0,0,125,-84.4172
1.25,0,0,125,-84.4175
1.275,0,0,125,-84.4177
1.3,0,0,125,-84.418
1.325,0,0,125,-84.4182
1.35,0,0,125,-84.4185
1.375,0,0,125,-84.4188
1.4,0,0,125,-84.419
1.425,0,0,125,-84.4193
1.45,0,0,125,-84.4196
1.475,0,0,125,-84.4199
1.5,0,0,125,-84.4202
1.525,0,0,125,-84.4205
1.55,0,0,125,-84.4208
1.575,0,0,125,-84.4211
1.6,0,0,125,-84.4214
1.625,0,0,125,-84.4217
1.65,0,0,125,-84.4221
1.675,0,0,125,-84.4224
1.7,0,0,125,-84.4228
1.725,0,0,125,-84.4231
1.75,0,0,125,-84.4235
1.775,0,0,125,-84.4238
1.8,0,0,125,-84.4242
1.825,0,0,125,-84.4246
1.85,0,0,125,-84.425
1.875,0,0,125,-84.4254
1.9,0,0,125,-84.4258
1.925,0,0,125,-84.4262
1.95,0,0,125,-84.4266
1.975,0,0,125,-84.4271
2,0,0,125,-84.4275
2.025,0,0,125,-84.428
2.05,0,0,125,-84.4285
2.075,0,0,125,-84.429
2.1,0,0,125,-84.4295
2.125,0,0,125,-84.4301
2.15,0,0,125,-84.4306
2.175,0,0,125,-84.4312
2.2,0,0,125,-84.4318
2.225,0,0,125,-84.4324
2.25,0,0,125,-84.433
2.275,0,0,125,-84.4336
2.3,0,0,125,-84.4342
2.325,0,0,125,-84.4349
2.35,0,0,125,-84.4356
2.375,0,0,125,-84.4362
2.4,0,0,125,-84.4369
2.425,0,0,125,-84.4377
2.45,0,0,125,-84.4384
2.475,0,0,125,-84.4391
2.5,0,0,125,-84.4399
2.525,0,0,125,-84.4407
2.55,0,0,125,-84.4414
2.575,0,0,125,-84.4422
2.6,0,0,125,-84.443
2.625,0,0,125,-84.4439
2.65,0,0,125,-84.4447
2.675,0,0,125,-84.4455
2.7,0,0,125,-84.4464
2.725,0,0,125,-84.4472
2.75,0,0,125,-84.4481
2.775,0,0,125,-84.449
2.8,0,0,125,-84.4498
2.825,0,0,125,-84.4507
2.85,0,0,125,-84.4516
2.875,0,0,125,-84.4526
2.9,0,0,125,-84.4535
2.925,0,0,125,-84.4544
2.95,0,0,125,-84.4554
2.975,0,0,125,-84.4563
3,0,0,125,-84.4573
3.025,0,0,125,-84.4583
3.05,0,0,125,-84.4592
3.075,0,0,125,-84.4602
3.1,0,0,125,-84.4611
3.125,0,0,125,-84.4621
3.15,0,0,125,-84.463
3.175,0,0,125,-84.464
3.2,0,0,125,-84.4649
3.225,0,0,125,-84.4658
3.25,0,0,125,-84.4667
3.275,0,0,125,-84.4676
3.3,0,0,125,-84.4685
3.325,0,0,125,-84.4694
3.35,0,0,125,-84.4702
3.375,0,0,125,-84.471
3.4,0,0,125,-84.4719
3.425,0,0,125,-84.4727
3.45,0,0,125,-84.4734
3.475,0,0,125,-84.4742
3.5,0,0,125,-84.475
3.525,0,0,125,-84.4757
3.55,0,0,125,-84.4764
3.575,0,0,125,-84.4771
3.6,0,0,125,-84.4778
3.625,0,0,125,-84.4785
3.65,0,0,125,-84.4792
3.675,0,0,125,-84.4798
3.7,0,0,125,-84.4804
3.725,0,0,125,-84.4811
3.75,0,0,125,-84.4817
3.775,0,0,125,-84.4823
3.8,0,0,125,-84.4828
3.825,0,0,125,-84.4834
3.85,0,0,125,-84.4839
3.875,0,0,125,-84.4844
3.9,0,0,125,-84.485
3.925,0,0,125,-84.4854
3.95,0,0,125,-84.4859
3.975,0,0,125,-84.4864
4,0,0,125,-84.4868
4.025,0,0,125,-84.4873
4.05,0,0,125,-84.4877
4.075,0,0,125,-84.4881
4.1,0,0,125,-84.4885
4.125,0,0,125,-84.4888
4.15,0,0,125,-84.4892
4.175,0,0,125,-84.4895
4.2,0,0,125,-84.4899
4.225,0,0,125,-84.4902
4.25,0,0,125,-84.4905
4.275,0,0,125,-84.4907
4.3,0,0,125,-84.491
4.325,0,0,125,-84.4912
4.35,0,0,125,-84.4914
4.375,0,0,125,-84.4916
4.4,0,0,125,-84.4918
4.425,0,0,125,-84.4919
4.45,0,0,125,-84.4921
4.475,0,0,125,-84.4923
4.5,0,0,125,-84.4924
4.525,0,0,125,-84.4926
4.55,0,0,125,-84.4927
4.575,0,0,125,-84.4928
4.6,0,0,125,-84.4929
4.625,0,0,125,-84.493
4.65,0,0,125,-84.4931
4.675,0,0,125,-84.4932
4.7,0,0,125,-84.4932
4.725,0,0,125,-84.4933
4.75,0,0,125,-84.4933
4.775,0,0,125,-84.4934
4.8,0,0,125,-84.4934
4.825,0,0,125,-84.4934
4.85,0,0,125,-84.4934
4.875,0,0,125,-84.4934
4.9,0,0,125,-84.4934
4.925,0,0,125,-84.4934
4.95,0,0,125,-84.4934
4.975,0,0,125,-84.4934
5,0,0,125,-84.4934
