0,0,0,125,-8.89164
0.025,0,0,125,-8.88736
0.05,0,0,125,-8.87895
0.075,0,0,125,-8.86673
0.1,0,0,125,-8.85117
0.125,0,0,125,-8.83282
0.15,0,0,125,-8.81224
0.175,0,0,125,-8.78988
0.2,0,0,125,-8.76608
0.225,0,0,125,-8.74108
0.25,0,0,125,-8.71509
0.275,0,0,125,-8.68831
0.3,0,0,125,-8.66091
0.325,0,0,125,-8.63309
0.35,0,0,125,-8.60498
0.375,0,0,125,-8.57677
0.4,0,0,125,-8.54861
0.425,0,0,125,-8.52065
0.45,0,0,125,-8.49301
0.475,0,0,125,-8.46586
0.5,0,0,125,-8.43931
0.525,0,0,125,-8.41352
0.55,0,0,125,-8.3886
0.575,0,0,125,-8.36467
0.6,0,0,125,-8.34187
0.625,0,0,125,-8.32031
0.65,0,0,125,-8.30011
0.675,0,0,125,-8.2814
0.7,0,0,125,-8.26428
0.725,0,0,125,-8.24888
0.75,0,0,125,-8.23532
0.775,0,0,125,-8.22371
0.8,0,0,125,-8.21418
0.825,0,0,125,-8.20683
0.85,0,0,125,-8.20181
0.875,0,0,125,-8.19922
0.9,0,0,125,-8.1992
0.925,0,0,125,-8.20188
0.95,0,0,125,-8.20738
0.975,0,0,125,-8.21583
1,0,0,125,-8.22736
1.025,0,0,125,-8.24211
1.05,0,0,125,-8.26022
1.075,0,0,125,-8.28184
1.1,0,0,125,-8.3071
1.125,0,0,125,-8.33616
1.15,0,0,125,-8.36917
1.175,0,0,125,-8.40629
1.2,0,0,125,-8.44768
1.225,0,0,125,-8.4935
1.25,0,0,125,-8.54392
1.275,0,0,125,-8.59911
1.3,0,0,125,-8.65925
1.325,0,0,125,-8.72453
1.35,0,0,125,-8.79512
1.375,0,0,125,-8.87122
1.4,0,0,125,-8.95302
1.425,0,0,125,-9.04072
1.45,0,0,125,-9.13452
1.475,0,0,125,-9.23464
1.5,0,0,125,-9.34126
1.525,0,0,125,-9.45462
1.55,0,0,125,-9.57493
1.575,0,0,125,-9.7024
1.6,0,0,125,-9.83729
1.625,0,0,125,-9.97982
1.65,0,0,125,-10.1302
1.675,0,0,125,-10.2887
1.7,0,0,125,-10.4556
1.725,0,0,125,-10.6311
1.75,0,0,125,-10.8154
1.775,0,0,125,-11.0089
1.8,0,0,125,-11.2118
1.825,0,0,125,-11.4244
1.85,0,0,125,-11.647
1.875,0,0,125,-11.8798
1.9,0,0,125,-12.1232
1.925,0,0,125,-12.3776
1.95,0,0,125,-12.6431
1.975,0,0,125,-12.9201
2,0,0,125,-13.2091
2.025,0,0,125,-13.5103
2.05,0,0,125,-13.8241
2.075,0,0,125,-14.1509
2.1,0,0,125,-14.491
2.125,0,0,125,-14.845
2.15,0,0,125,-15.2131
2.175,0,0,125,-15.5959
2.2,0,0,125,-15.9937
2.225,0,0,125,-16.407
2.25,0,0,125,-16.8363
2.275,0,0,125,-17.2821
2.3,0,0,125,-17.7447
2.325,0,0,125,-18.2247
2.35,0,0,125,-18.7226
2.375,0,0,125,-19.2389
2.4,0,0,125,-19.774
2.425,0,0,125,-20.3286
2.45,0,0,125,-20.9031
2.475,0,0,125,-21.4979
2.5,0,0,125,-22.1138
2.525,0,0,125,-22.751
2.55,0,0,125,-23.4102
2.575,0,0,125,-24.092
2.6,0,0,125,-24.7967
2.625,0,0,125,-25.5249
2.65,0,0,125,-26.2771
2.675,0,0,125,-27.0538
2.7,0,0,125,-27.8556
2.725,0,0,125,-28.6828
2.75,0,0,125,-29.536
2.775,0,0,125,-30.4157
2.8,0,0,125,-31.3221
2.825,0,0,125,-32.2557
2.85,0,0,125,-33.2168
2.875,0,0,125,-34.2055
2.9,0,0,125,-35.2221
2.925,0,0,125,-36.2665
2.95,0,0,125,-37.3384
2.975,0,0,125,-38.4375
3,0,0,125,-39.5633
3.025,0,0,125,-40.7147
3.05,0,0,125,-41.8908
3.075,0,0,125,-43.0899
3.1,0,0,125,-44.3104
3.125,0,0,125,-45.55
3.15,0,0,125,-46.8064
3.175,0,0,125,-48.0767
3.2,0,0,125,-49.3578
3.225,0,0,125,-50.6463
3.25,0,0,125,-51.9386
3.275,0,0,125,-53.2309
3.3,0,0,125,-54.5191
3.325,0,0,125,-55.7993
3.35,0,0,125,-57.0673
3.375,0,0,125,-58.3191
3.4,0,0,125,-59.5507
3.425,0,0,125,-60.7586
3.45,0,0,125,-61.939
3.475,0,0,125,-63.0889
3.5,0,0,125,-64.2054
3.525,0,0,125,-65.2858
3.55,0,0,125,-66.3281
3.575,0,0,125,-67.3305
3.6,0,0,125,-68.2917
3.625,0,0,125,-69.2106
3.65,0,0,125,-70.0867
3.675,0,0,125,-70.9198
3.7,0,0,125,-71.71
3.725,0,0,125,-72.4577
3.75,0,0,125,-73.1636
3.775,0,0,125,-73.8285
3.8,0,0,125,-74.4537
3.825,0,0,125,-75.0402
3.85,0,0,125,-75.5897
3.875,0,0,125,-76.1034
3.9,0,0,125,-76.5831
3.925,0,0,125,-77.0304
3.95,0,0,125,-77.4468
3.975,0,0,125,-77.8341
4,0,0,125,-78.1938
4.025,0,0,125,-78.5275
4.05,0,0,125,-78.8369
4.075,0,0,125,-79.1235
4.1,0,0,125,-79.3886
4.125,0,0,125,-79.6338
4.15,0,0,125,-79.8604
4.175,0,0,125,-80.0695
4.2,0,0,125,-80.2625
4.225,0,0,125,-80.4405
4.25,0,0,125,-80.6045
4.275,0,0,125,-80.7556
4.3,0,0,125,-80.8947
4.325,0,0,125,-81.0226
4.35,0,0,125,-81.1402
4.375,0,0,125,-81.2484
4.4,0,0,125,-81.3476
4.425,0,0,125,-81.4387
4.45,0,0,125,-81.5222
4.475,0,0,125,-81.5988
4.5,0,0,125,-81.6688
4.525,0,0,125,-81.7328
4.55,0,0,125,-81.7913
4.575,0,0,125,-81.8446
4.6,0,0,125,-81.8932
4.625,0,0,125,-81.9372
4.65,0,0,125,-81.9772
4.675,0,0,125,-82.0133
4.7,0,0,125,-82.0458
4.725,0,0,125,-82.0749
4.75,0,0,125,-82.1009
4.775,0,0,125,-82.1239
4.8,0,0,125,-82.1441
4.825,0,0,125,-82.1617
4.85,0,0,125,-82.1768
4.875,0,0,125,-82.1895
4.9,0,0,125,-82.1999
4.925,0,0,125,-82.208
4.95,0,0,125,-82.2141
4.975,0,0,125,-82.2181
5,0,0,125,-82.2201
