0,0,0,125,-82.6749
0.025,0,0,125,-82.6754
0.05,0,0,125,-82.6764
0.075,0,0,125,-82.6779
0.1,0,0,125,-82.6797
0.125,0,0,125,-82.6817
0.15,0,0,125,-82.684
0.175,0,0,125,-82.6863
0.2,0,0,125,-82.6887
0.225,0,0,125,-82.6912
0.25,0,0,125,-82.6936
0.275,0,0,125,-82.696
0.3,0,0,125,-82.6985
0.325,0,0,125,-82.7008
0.35,0,0,125,-82.7032
0.375,0,0,125,-82.7055
0.4,0,0,125,-82.7078
0.425,0,0,125,-82.71
0.45,0,0,125,-82.7122
0.475,0,0,125,-82.7144
0.5,0,0,125,-82.7165
0.525,0,0,125,-82.7186
0.55,0,0,125,-82.7207
0.575,0,0,125,-82.7228
0.6,0,0,125,-82.7247
0.625,0,0,125,-82.7267
0.65,0,0,125,-82.7287
0.675,0,0,125,-82.7307
0.7,0,0,125,-82.7326
0.725,0,0,125,-82.7345
0.75,0,0,125,-82.7365
0.775,0,0,125,-82.7384
0.8,0,0,125,-82.7403
0.825,0,0,125,-82.7421
0.85,0,0,125,-82.7441
0.875,0,0,125,-82.746
0.9,0,0,125,-82.7479
0.925,0,0,125,-82.7498
0.95,0,0,125,-82.7518
0.975,0,0,125,-82.7537
1,0,0,125,-82.7557
1.025,0,0,125,-82.7576
1.05,0,0,125,-82.7596
1.075,0,0,125,-82.7616
1.1,0,0,125,-82.7637
1.125,0,0,125,-82.7658
1.15,0,0,125,-82.7679
1.175,0,0,125,-82.7701
1.2,0,0,125,-82.7723
1.225,0,0,125,-82.7745
1.25,0,0,125,-82.7768
1.275,0,0,125,-82.7791
1.3,0,0,125,-82.7814
1.325,0,0,125,-82.7838
1.35,0,0,125,-82.7862
1.375,0,0,125,-82.7886
1.4,0,0,125,-82.7911
1.425,0,0,125,-82.7937
1.45,0,0,125,-82.7963
1.475,0,0,125,-82.7989
1.5,0,0,125,-82.8016
1.525,0,0,125,-82.8043
1.55,0,0,125,-82.8071
1.575,0,0,125,-82.8099
1.6,0,0,125,-82.8128
1.625,0,0,125,-82.8157
1.65,0,0,125,-82.8188
1.675,0,0,125,-82.8218
1.7,0,0,125,-82.825
1.725,0,0,125,-82.8282
1.75,0,0,125,-82.8315
1.775,0,0,125,-82.8348
1.8,0,0,125,-82.8383
1.825,0,0,125,-82.8418
1.85,0,0,125,-82.8454
1.875,0,0,125,-82.8491
1.9,0,0,125,-82.8529
1.925,0,0,125,-82.8568
1.95,0,0,125,-82.8608
1.975,0,0,125,-82.8649
2,0,0,125,-82.8692
2.025,0,0,125,-82.8735
2.05,0,0,125,-82.878
2.075,0,0,125,-82.8825
2.1,0,0,125,-82.8873
2.125,0,0,125,-82.8921
2.15,0,0,125,-82.8971
2.175,0,0,125,-82.9022
2.2,0,0,125,-82.9075
2.225,0,0,125,-82.9129
2.25,0,0,125,-82.9184
2.275,0,0,125,-82.9241
2.3,0,0,125,-82.93
2.325,0,0,125,-82.936
2.35,0,0,125,-82.9421
2.375,0,0,125,-82.9483
2.4,0,0,125,-82.9547
2.425,0,0,125,-82.9613
2.45,0,0,125,-82.968
2.475,0,0,125,-82.9748
2.5,0,0,125,-82.9817
2.525,0,0,125,-82.9888
2.55,0,0,125,-82.9961
2.575,0,0,125,-83.0035
2.6,0,0,125,-83.011
2.625,0,0,125,-83.0186
2.65,0,0,125,-83.0264
2.675,0,0,125,-83.0343
2.7,0,0,125,-83.0424
2.725,0,0,125,-83.0505
2.75,0,0,125,-83.0588
2.775,0,0,125,-83.0671
2.8,0,0,125,-83.0756
2.825,0,0,125,-83.0842
2.85,0,0,125,-83.0929
2.875,0,0,125,-83.1016
2.9,0,0,125,-83.1105
2.925,0,0,125,-83.1194
2.95,0,0,125,-83.1283
2.975,0,0,125,-83.1373
3,0,0,125,-83.1464
3.025,0,0,125,-83.1555
3.05,0,0,125,-83.1646
3.075,0,0,125,-83.1737
3.1,0,0,125,-83.1828
3.125,0,0,125,-83.1919
3.15,0,0,125,-83.201
3.175,0,0,125,-83.2101
3.2,0,0,125,-83.2192
3.225,0,0,125,-83.2283
3.25,0,0,125,-83.2373
3.275,0,0,125,-83.2463
3.3,0,0,125,-83.2552
3.325,0,0,125,-83.264
3.35,0,0,125,-83.2728
3.375,0,0,125,-83.2815
3.4,0,0,125,-83.2901
3.425,0,0,125,-83.2986
3.45,0,0,125,-83.3069
3.475,0,0,125,-83.3152
3.5,0,0,125,-83.3233
3.525,0,0,125,-83.3313
3.55,0,0,125,-83.3391
3.575,0,0,125,-83.3468
3.6,0,0,125,-83.3544
3.625,0,0,125,-83.3618
3.65,0,0,125,-83.369
3.675,0,0,125,-83.3761
3.7,0,0,125,-83.383
3.725,0,0,125,-83.3897
3.75,0,0,125,-83.3963
3.775,0,0,125,-83.4027
3.8,0,0,125,-83.409
3.825,0,0,125,-83.415
3.85,0,0,125,-83.4209
3.875,0,0,125,-83.4266
3.9,0,0,125,-83.4321
3.925,0,0,125,-83.4375
3.95,0,0,125,-83.4426
3.975,0,0,125,-83.4476
4,0,0,125,-83.4524
4.025,0,0,125,-83.457
4.05,0,0,125,-83.4614
4.075,0,0,125,-83.4656
4.1,0,0,125,-83.4696
4.125,0,0,125,-83.4735
4.15,0,0,125,-83.4771
4.175,0,0,125,-83.4806
4.2,0,0,125,-83.484
4.225,0,0,125,-83.4871
4.25,0,0,125,-83.4901
4.275,0,0,125,-83.4929
4.3,0,0,125,-83.4956
4.325,0,0,125,-83.4981
4.35,0,0,125,-83.5005
4.375,0,0,125,-83.5027
4.4,0,0,125,-83.5048
4.425,0,0,125,-83.5067
4.45,0,0,125,-83.5085
4.475,0,0,125,-83.5102
4.5,0,0,125,-83.5118
4.525,0,0,125,-83.5132
4.55,0,0,125,-83.5145
4.575,0,0,125,-83.5158
4.6,0,0,125,-83.5168
4.625,0,0,125,-83.5178
4.65,0,0,125,-83.5187
4.675,0,0,125,-83.5195
4.7,0,0,125,-83.5202
4.725,0,0,125,-83.5208
4.75,0,0,125,-83.5213
4.775,0,0,125,-83.5218
4.8,0,0,125,-83.5221
4.825,0,0,125,-83.5224
4.85,0,0,125,-83.5226
4.875,0,0,125,-83.5228
4.9,0,0,125,-83.5229
4.925,0,0,125,-83.523
4.95,0,0,125,-83.5231
4.975,0,0,125,-83.5231
5,0,0,125,-83.5231
