0,0,0,125,-16.836
0.025,0,0,125,-16.8584
0.05,0,0,125,-16.9034
0.075,0,0,125,-16.9711
0.1,0,0,125,-17.0618
0.125,0,0,125,-17.1754
0.15,0,0,125,-17.3104
0.175,0,0,125,-17.4621
0.2,0,0,125,-17.6238
0.225,0,0,125,-17.7877
0.25,0,0,125,-17.9464
0.275,0,0,125,-18.0928
0.3,0,0,125,-18.2208
0.325,0,0,125,-18.3249
0.35,0,0,125,-18.4006
0.375,0,0,125,-18.4439
0.4,0,0,125,-18.4515
0.425,0,0,125,-18.4207
0.45,0,0,125,-18.3493
0.475,0,0,125,-18.2357
0.5,0,0,125,-18.0789
0.525,0,0,125,-17.8781
0.55,0,0,125,-17.6331
0.575,0,0,125,-17.344
0.6,0,0,125,-17.0112
0.625,0,0,125,-16.6356
0.65,0,0,125,-16.2181
0.675,0,0,125,-15.7601
0.7,0,0,125,-15.2632
0.725,0,0,125,-14.729
0.75,0,0,125,-14.1593
0.775,0,0,125,-13.5562
0.8,0,0,125,-12.9216
0.825,0,0,125,-12.2578
0.85,0,0,125,-11.5667
0.875,0,0,125,-10.8507
0.9,0,0,125,-10.1117
0.925,0,0,125,-9.35185
0.95,0,0,125,-8.57319
0.975,0,0,125,-7.77765
1,0,0,125,-6.96709
1.025,0,0,125,-6.1433
1.05,0,0,125,-5.30795
1.075,0,0,125,-4.46266
1.1,0,0,125,-3.60894
1.125,0,0,125,-2.74828
1.15,0,0,125,-1.88213
1.175,0,0,125,-1.012
1.2,0,0,125,-0.139452
1.225,0,0,125,0.733717
1.25,0,0,125,1.6054
1.275,0,0,125,2.47297
1.3,0,0,125,3.33304
1.325,0,0,125,4.18105
1.35,0,0,125,5.01084
1.375,0,0,125,5.81386
1.4,0,0,125,6.57823
1.425,0,0,125,7.28731
1.45,0,0,125,7.91768
1.475,0,0,125,8.43624
1.5,0,0,125,8.79594
1.525,0,0,125,8.92942
1.55,0,0,125,8.73925
1.575,0,0,125,8.08261
1.6,0,0,125,6.74652
1.625,0,0,125,4.40699
1.65,0,0,125,0.561887
1.675,0,0,125,-5.56976
1.7,0,0,125,-15.1241
1.725,0,0,125,-29.064
1.75,0,0,125,-44.3693
1.775,0,0,125,-56.2509
1.8,0,0,125,-64.5908
1.825,0,0,125,-70.3432
1.85,0,0,125,-74.2937
1.875,0,0,125,-77.0023
1.9,0,0,125,-78.8583
1.925,0,0,125,-80.1305
1.95,0,0,125,-81.0034
1.975,0,0,125,-81.6033
2,0,0,125,-82.0168
2.025,0,0,125,-82.3027
2.05,0,0,125,-82.5016
2.075,0,0,125,-82.6408
2.1,0,0,125,-82.7391
2.125,0,0,125,-82.8096
2.15,0,0,125,-82.8608
2.175,0,0,125,-82.8989
2.2,0,0,125,-82.9279
2.225,0,0,125,-82.9508
2.25,0,0,125,-82.9693
2.275,0,0,125,-82.9848
2.3,0,0,125,-82.9983
2.325,0,0,125,-83.0104
2.35,0,0,125,-83.0215
2.375,0,0,125,-83.032
2.4,0,0,125,-83.0419
2.425,0,0,125,-83.0515
2.45,0,0,125,-83.0608
2.475,0,0,125,-83.0699
2.5,0,0,125,-83.079
2.525,0,0,125,-83.0879
2.55,0,0,125,-83.0967
2.575,0,0,125,-83.1054
2.6,0,0,125,-83.1141
2.625,0,0,125,-83.1228
2.65,0,0,125,-83.1313
2.675,0,0,125,-83.1398
2.7,0,0,125,-83.1483
2.725,0,0,125,-83.1566
2.75,0,0,125,-83.1649
2.775,0,0,125,-83.1731
2.8,0,0,125,-83.1811
2.825,0,0,125,-83.1892
2.85,0,0,125,-83.1971
2.875,0,0,125,-83.2049
2.9,0,0,125,-83.2126
2.925,0,0,125,-83.2203
2.95,0,0,125,-83.2279
2.975,0,0,125,-83.2353
3,0,0,125,-83.2427
3.025,0,0,125,-83.2499
3.05,0,0,125,-83.257
3.075,0,0,125,-83.264
3.1,0,0,125,-83.2709
3.125,0,0,125,-83.2777
3.15,0,0,125,-83.2844
3.175,0,0,125,-83.2909
3.2,0,0,125,-83.2973
3.225,0,0,125,-83.3035
3.25,0,0,125,-83.3096
3.275,0,0,125,-83.3156
3.3,0,0,125,-83.3214
3.325,0,0,125,-83.3271
3.35,0,0,125,-83.3327
3.375,0,0,125,-83.3381
3.4,0,0,125,-83.3434
3.425,0,0,125,-83.3485
3.45,0,0,125,-83.3535
3.475,0,0,125,-83.3584
3.5,0,0,125,-83.363
3.525,0,0,125,-83.3676
3.55,0,0,125,-83.372
3.575,0,0,125,-83.3762
3.6,0,0,125,-83.3802
3.625,0,0,125,-83.3841
3.65,0,0,125,-83.3878
3.675,0,0,125,-83.3913
3.7,0,0,125,-83.3947
3.725,0,0,125,-83.3979
3.75,0,0,125,-83.401
3.775,0,0,125,-83.4038
3.8,0,0,125,-83.4066
3.825,0,0,125,-83.4091
3.85,0,0,125,-83.4115
3.875,0,0,125,-83.4137
3.9,0,0,125,-83.4158
3.925,0,0,125,-83.4177
3.95,0,0,125,-83.4194
3.975,0,0,125,-83.4209
4,0,0,125,-83.4223
4.025,0,0,125,-83.4235
4.05,0,0,125,-83.4246
4.075,0,0,125,-83.4255
4.1,0,0,125,-83.4262
4.125,0,0,125,-83.4268
4.15,0,0,125,-83.4273
4.175,0,0,125,-83.4275
4.2,0,0,125,-83.4276
4.225,0,0,125,-83.4276
4.25,0,0,125,-83.4274
4.275,0,0,125,-83.4271
4.3,0,0,125,-83.4266
4.325,0,0,125,-83.426
4.35,0,0,125,-83.4253
4.375,0,0,125,-83.4244
4.4,0,0,125,-83.4234
4.425,0,0,125,-83.4223
4.45,0,0,125,-83.421
4.475,0,0,125,-83.4197
4.5,0,0,125,-83.4182
4.525,0,0,125,-83.4166
4.55,0,0,125,-83.4149
4.575,0,0,125,-83.4131
4.6,0,0,125,-83.4113
4.625,0,0,125,-83.4093
4.65,0,0,125,-83.4074
4.675,0,0,125,-83.4053
4.7,0,0,125,-83.4033
4.725,0,0,125,-83.4012
4.75,0,0,125,-83.3991
4.775,0,0,125,-83.397
4.8,0,0,125,-83.3949
4.825,0,0,125,-83.3928
4.85,0,0,125,-83.3908
4.875,0,0,125,-83.389
4.9,0,0,125,-83.3873
4.925,0,0,125,-83.3858
4.95,0,0,125,-83.3846
4.975,0,0,125,-83.3838
5,0,0,125,-83.3834
