0,0,0,125,-8.66289
0.025,0,0,125,-8.66795
0.05,0,0,125,-8.67807
0.075,0,0,125,-8.69328
0.1,0,0,125,-8.71361
0.125,0,0,125,-8.73912
0.15,0,0,125,-8.76986
0.175,0,0,125,-8.80586
0.2,0,0,125,-8.84711
0.225,0,0,125,-8.89355
0.25,0,0,125,-8.94511
0.275,0,0,125,-9.00174
0.3,0,0,125,-9.06335
0.325,0,0,125,-9.12988
0.35,0,0,125,-9.20127
0.375,0,0,125,-9.27745
0.4,0,0,125,-9.35836
0.425,0,0,125,-9.44396
0.45,0,0,125,-9.5342
0.475,0,0,125,-9.62905
0.5,0,0,125,-9.72847
0.525,0,0,125,-9.83244
0.55,0,0,125,-9.94095
0.575,0,0,125,-10.054
0.6,0,0,125,-10.1716
0.625,0,0,125,-10.2937
0.65,0,0,125,-10.4204
0.675,0,0,125,-10.5517
0.7,0,0,125,-10.6876
0.725,0,0,125,-10.8281
0.75,0,0,125,-10.9735
0.775,0,0,125,-11.1236
0.8,0,0,125,-11.2785
0.825,0,0,125,-11.4385
0.85,0,0,125,-11.6034
0.875,0,0,125,-11.7735
0.9,0,0,125,-11.9489
0.925,0,0,125,-12.1296
0.95,0,0,125,-12.3159
0.975,0,0,125,-12.5078
1,0,0,125,-12.7055
1.025,0,0,125,-12.9091
1.05,0,0,125,-13.1189
1.075,0,0,125,-13.3351
1.1,0,0,125,-13.5577
1.125,0,0,125,-13.7871
1.15,0,0,125,-14.0233
1.175,0,0,125,-14.2668
1.2,0,0,125,-14.5177
1.225,0,0,125,-14.7762
1.25,0,0,125,-15.0426
1.275,0,0,125,-15.3172
1.3,0,0,125,-15.6003
1.325,0,0,125,-15.8921
1.35,0,0,125,-16.193
1.375,0,0,125,-16.5033
1.4,0,0,125,-16.8233
1.425,0,0,125,-17.1534
1.45,0,0,125,-17.4939
1.475,0,0,125,-17.8451
1.5,0,0,125,-18.2075
1.525,0,0,125,-18.5814
1.55,0,0,125,-18.9672
1.575,0,0,125,-19.3653
1.6,0,0,125,-19.7761
1.625,0,0,125,-20.2001
1.65,0,0,125,-20.6376
1.675,0,0,125,-21.0892
1.7,0,0,125,-21.5552
1.725,0,0,125,-22.0361
1.75,0,0,125,-22.5324
1.775,0,0,125,-23.0446
1.8,0,0,125,-23.5731
1.825,0,0,125,-24.1185
1.85,0,0,125,-24.6811
1.875,0,0,125,-25.2616
1.9,0,0,125,-25.8604
1.925,0,0,125,-26.4781
1.95,0,0,125,-27.1151
1.975,0,0,125,-27.7721
2,0,0,125,-28.4495
2.025,0,0,125,-29.1479
2.05,0,0,125,-29.8677
2.075,0,0,125,-30.6096
2.1,0,0,125,-31.374
2.125,0,0,125,-32.1614
2.15,0,0,125,-32.9723
2.175,0,0,125,-33.807
2.2,0,0,125,-34.6659
2.225,0,0,125,-35.5493
2.25,0,0,125,-36.4573
2.275,0,0,125,-37.39
2.3,0,0,125,-38.3473
2.325,0,0,125,-39.329
2.35,0,0,125,-40.3347
2.375,0,0,125,-41.3638
2.4,0,0,125,-42.4154
2.425,0,0,125,-43.4885
2.45,0,0,125,-44.5819
2.475,0,0,125,-45.6939
2.5,0,0,125,-46.8227
2.525,0,0,125,-47.9664
2.55,0,0,125,-49.1226
2.575,0,0,125,-50.2887
2.6,0,0,125,-51.4621
2.625,0,0,125,-52.6399
2.65,0,0,125,-53.8189
2.675,0,0,125,-54.9961
2.7,0,0,125,-56.1681
2.725,0,0,125,-57.3317
2.75,0,0,125,-58.4836
2.775,0,0,125,-59.6207
2.8,0,0,125,-60.7398
2.825,0,0,125,-61.8379
2.85,0,0,125,-62.9124
2.875,0,0,125,-63.9607
2.9,0,0,125,-64.9804
2.925,0,0,125,-65.9694
2.95,0,0,125,-66.9262
2.975,0,0,125,-67.8491
3,0,0,125,-68.737
3.025,0,0,125,-69.589
3.05,0,0,125,-70.4045
3.075,0,0,125,-71.1832
3.1,0,0,125,-71.925
3.125,0,0,125,-72.6302
3.15,0,0,125,-73.299
3.175,0,0,125,-73.9321
3.2,0,0,125,-74.5303
3.225,0,0,125,-75.0943
3.25,0,0,125,-75.6254
3.275,0,0,125,-76.1246
3.3,0,0,125,-76.593
3.325,0,0,125,-77.032
3.35,0,0,125,-77.4428
3.375,0,0,125,-77.8269
3.4,0,0,125,-78.1854
3.425,0,0,125,-78.5198
3.45,0,0,125,-78.8313
3.475,0,0,125,-79.1213
3.5,0,0,125,-79.391
3.525,0,0,125,-79.6416
3.55,0,0,125,-79.8743
3.575,0,0,125,-80.0902
3.6,0,0,125,-80.2904
3.625,0,0,125,-80.4759
3.65,0,0,125,-80.6478
3.675,0,0,125,-80.8069
3.7,0,0,125,-80.9541
3.725,0,0,125,-81.0902
3.75,0,0,125,-81.216
3.775,0,0,125,-81.3323
3.8,0,0,125,-81.4396
3.825,0,0,125,-81.5387
3.85,0,0,125,-81.6302
3.875,0,0,125,-81.7146
3.9,0,0,125,-81.7923
3.925,0,0,125,-81.864
3.95,0,0,125,-81.93
3.975,0,0,125,-81.9907
4,0,0,125,-82.0466
4.025,0,0,125,-82.098
4.05,0,0,125,-82.1451
4.075,0,0,125,-82.1885
4.1,0,0,125,-82.2282
4.125,0,0,125,-82.2646
4.15,0,0,125,-82.2979
4.175,0,0,125,-82.3283
4.2,0,0,125,-82.3561
4.225,0,0,125,-82.3814
4.25,0,0,125,-82.4044
4.275,0,0,125,-82.4253
4.3,0,0,125,-82.4442
4.325,0,0,125,-82.4612
4.35,0,0,125,-82.4766
4.375,0,0,125,-82.4904
4.4,0,0,125,-82.5027
4.425,0,0,125,-82.5137
4.45,0,0,125,-82.5233
4.475,0,0,125,-82.5319
4.5,0,0,125,-82.5393
4.525,0,0,125,-82.5457
4.55,0,0,125,-82.5512
4.575,0,0,125,-82.5558
4.6,0,0,125,-82.5596
4.625,0,0,125,-82.5627
4.65,0,0,125,-82.5651
4.675,0,0,125,-82.5669
4.7,0,0,125,-82.5681
4.725,0,0,125,-82.5688
4.75,0,0,125,-82.5691
4.775,0,0,125,-82.569
4.8,0,0,125,-82.5685
4.825,0,0,125,-82.5678
4.85,0,0,125,-82.5668
4.875,0,0,125,-82.5657
4.9,0,0,125,-82.5645
4.925,0,0,125,-82.5634
4.95,0,0,125,-82.5625
4.975,0,0,125,-82.5618
5,0,0,125,-82.5615
