0,0,0,125,9.4138
0.025,0,0,125,9.41736
0.05,0,0,125,9.42431
0.075,0,0,125,9.43427
0.1,0,0,125,9.44667
0.125,0,0,125,9.46086
0.15,0,0,125,9.47619
0.175,0,0,125,9.49213
0.2,0,0,125,9.50836
0.225,0,0,125,9.52465
0.25,0,0,125,9.54082
0.275,0,0,125,9.55672
0.3,0,0,125,9.57222
0.325,0,0,125,9.5872
0.35,0,0,125,9.60155
0.375,0,0,125,9.61517
0.4,0,0,125,9.62796
0.425,0,0,125,9.63983
0.45,0,0,125,9.65071
0.475,0,0,125,9.66051
0.5,0,0,125,9.66916
0.525,0,0,125,9.67658
0.55,0,0,125,9.68271
0.575,0,0,125,9.68748
0.6,0,0,125,9.69082
0.625,0,0,125,9.69268
0.65,0,0,125,9.69298
0.675,0,0,125,9.69166
0.7,0,0,125,9.68867
0.725,0,0,125,9.68393
0.75,0,0,125,9.67738
0.775,0,0,125,9.66896
0.8,0,0,125,9.65861
0.825,0,0,125,9.64624
0.85,0,0,125,9.6318
0.875,0,0,125,9.61522
0.9,0,0,125,9.59641
0.925,0,0,125,9.57532
0.95,0,0,125,9.55185
0.975,0,0,125,9.52593
1,0,0,125,9.49749
1.025,0,0,125,9.46643
1.05,0,0,125,9.43268
1.075,0,0,125,9.39613
1.1,0,0,125,9.35671
1.125,0,0,125,9.31433
1.15,0,0,125,9.26887
1.175,0,0,125,9.22026
1.2,0,0,125,9.16839
1.225,0,0,125,9.11315
1.25,0,0,125,9.05445
1.275,0,0,125,8.99218
1.3,0,0,125,8.92624
1.325,0,0,125,8.85652
1.35,0,0,125,8.78291
1.375,0,0,125,8.7053
1.4,0,0,125,8.62358
1.425,0,0,125,8.53765
1.45,0,0,125,8.4474
1.475,0,0,125,8.35271
1.5,0,0,125,8.25349
1.525,0,0,125,8.14962
1.55,0,0,125,8.041
1.575,0,0,125,7.92754
1.6,0,0,125,7.80912
1.625,0,0,125,7.68566
1.65,0,0,125,7.55706
1.675,0,0,125,7.42322
1.7,0,0,125,7.28406
1.725,0,0,125,7.13949
1.75,0,0,125,6.98943
1.775,0,0,125,6.83379
1.8,0,0,125,6.67251
1.825,0,0,125,6.50551
1.85,0,0,125,6.33271
1.875,0,0,125,6.15405
1.9,0,0,125,5.96946
1.925,0,0,125,5.77888
1.95,0,0,125,5.58225
1.975,0,0,125,5.3795
2,0,0,125,5.17057
2.025,0,0,125,4.95542
2.05,0,0,125,4.73398
2.075,0,0,125,4.50619
2.1,0,0,125,4.272
2.125,0,0,125,4.03135
2.15,0,0,125,3.7842
2.175,0,0,125,3.53048
2.2,0,0,125,3.27014
2.225,0,0,125,3.00313
2.25,0,0,125,2.7294
2.275,0,0,125,2.4489
2.3,0,0,125,2.16157
2.325,0,0,125,1.86737
2.35,0,0,125,1.56624
2.375,0,0,125,1.25815
2.4,0,0,125,0.943052
2.425,0,0,125,0.620903
2.45,0,0,125,0.29167
2.475,0,0,125,-0.0446778
2.5,0,0,125,-0.388168
2.525,0,0,125,-0.73882
2.55,0,0,125,-1.09665
2.575,0,0,125,-1.46166
2.6,0,0,125,-1.83386
2.625,0,0,125,-2.21322
2.65,0,0,125,-2.59974
2.675,0,0,125,-2.99337
2.7,0,0,125,-3.39408
2.725,0,0,125,-3.8018
2.75,0,0,125,-4.21648
2.775,0,0,125,-4.63801
2.8,0,0,125,-5.0663
2.825,0,0,125,-5.50123
2.85,0,0,125,-5.94266
2.875,0,0,125,-6.39044
2.9,0,0,125,-6.8444
2.925,0,0,125,-7.30433
2.95,0,0,125,-7.77002
2.975,0,0,125,-8.24124
3,0,0,125,-8.71772
3.025,0,0,125,-9.19919
3.05,0,0,125,-9.68534
3.075,0,0,125,-10.1758
3.1,0,0,125,-10.6704
3.125,0,0,125,-11.1685
3.15,0,0,125,-11.6699
3.175,0,0,125,-12.1742
3.2,0,0,125,-12.6808
3.225,0,0,125,-13.1894
3.25,0,0,125,-13.6995
3.275,0,0,125,-14.2105
3.3,0,0,125,-14.7221
3.325,0,0,125,-15.2337
3.35,0,0,125,-15.7446
3.375,0,0,125,-16.2545
3.4,0,0,125,-16.7628
3.425,0,0,125,-17.2688
3.45,0,0,125,-17.7722
3.475,0,0,125,-18.2721
3.5,0,0,125,-18.7683
3.525,0,0,125,-19.2599
3.55,0,0,125,-19.7466
3.575,0,0,125,-20.2277
3.6,0,0,125,-20.7027
3.625,0,0,125,-21.1711
3.65,0,0,125,-21.6324
3.675,0,0,125,-22.086
3.7,0,0,125,-22.5314
3.725,0,0,125,-22.9682
3.75,0,0,125,-23.396
3.775,0,0,125,-23.8142
3.8,0,0,125,-24.2224
3.825,0,0,125,-24.6204
3.85,0,0,125,-25.0076
3.875,0,0,125,-25.3838
3.9,0,0,125,-25.7486
3.925,0,0,125,-26.1018
3.95,0,0,125,-26.443
3.975,0,0,125,-26.7721
4,0,0,125,-27.0888
4.025,0,0,125,-27.393
4.05,0,0,125,-27.6844
4.075,0,0,125,-27.963
4.1,0,0,125,-28.2288
4.125,0,0,125,-28.4815
4.15,0,0,125,-28.7213
4.175,0,0,125,-28.9481
4.2,0,0,125,-29.162
4.225,0,0,125,-29.3631
4.25,0,0,125,-29.5514
4.275,0,0,125,-29.7272
4.3,0,0,125,-29.8906
4.325,0,0,125,-30.0419
4.35,0,0,125,-30.1812
4.375,0,0,125,-30.309
4.4,0,0,125,-30.4255
4.425,0,0,125,-30.531
4.45,0,0,125,-30.6261
4.475,0,0,125,-30.7111
4.5,0,0,125,-30.7866
4.525,0,0,125,-30.8529
4.55,0,0,125,-30.9106
4.575,0,0,125,-30.9604
4.6,0,0,125,-31.0027
4.625,0,0,125,-31.0382
4.65,0,0,125,-31.0675
4.675,0,0,125,-31.0912
4.7,0,0,125,-31.1099
4.725,0,0,125,-31.1244
4.75,0,0,125,-31.1352
4.775,0,0,125,-31.1429
4.8,0,0,125,-31.1482
4.825,0,0,125,-31.1515
4.85,0,0,125,-31.1533
4.875,0,0,125,-31.1542
4.9,0,0,125,-31.1543
4.925,0,0,125,-31.154
4.95,0,0,125,-31.1536
4.975,0,0,125,-31.1532
5,0,0,125,-31.153
