0,0,0,125,-44.5327
0.025,0,0,125,-44.5492
0.05,0,0,125,-44.5823
0.075,0,0,125,-44.6321
0.1,0,0,125,-44.6985
0.125,0,0,125,-44.7818
0.15,0,0,125,-44.882
0.175,0,0,125,-44.9993
0.2,0,0,125,-45.1337
0.225,0,0,125,-45.2854
0.25,0,0,125,-45.4543
0.275,0,0,125,-45.6405
0.3,0,0,125,-45.8442
0.325,0,0,125,-46.0652
0.35,0,0,125,-46.3037
0.375,0,0,125,-46.5598
0.4,0,0,125,-46.8334
0.425,0,0,125,-47.1246
0.45,0,0,125,-47.4334
0.475,0,0,125,-47.7599
0.5,0,0,125,-48.104
0.525,0,0,125,-48.4657
0.55,0,0,125,-48.845
0.575,0,0,125,-49.2418
0.6,0,0,125,-49.656
0.625,0,0,125,-50.0875
0.65,0,0,125,-50.5361
0.675,0,0,125,-51.0017
0.7,0,0,125,-51.4839
0.725,0,0,125,-51.9825
0.75,0,0,125,-52.4971
0.775,0,0,125,-53.0273
0.8,0,0,125,-53.5727
0.825,0,0,125,-54.1328
0.85,0,0,125,-54.7069
0.875,0,0,125,-55.2944
0.9,0,0,125,-55.8946
0.925,0,0,125,-56.5067
0.95,0,0,125,-57.1298
0.975,0,0,125,-57.7632
1,0,0,125,-58.4057
1.025,0,0,125,-59.0563
1.05,0,0,125,-59.714
1.075,0,0,125,-60.3777
1.1,0,0,125,-61.046
1.125,0,0,125,-61.7179
1.15,0,0,125,-62.392
1.175,0,0,125,-63.067
1.2,0,0,125,-63.7417
1.225,0,0,125,-64.4148
1.25,0,0,125,-65.0849
1.275,0,0,125,-65.7507
1.3,0,0,125,-66.411
1.325,0,0,125,-67.0645
1.35,0,0,125,-67.7099
1.375,0,0,125,-68.3462
1.4,0,0,125,-68.9721
1.425,0,0,125,-69.5867
1.45,0,0,125,-70.189
1.475,0,0,125,-70.7779
1.5,0,0,125,-71.3528
1.525,0,0,125,-71.9129
1.55,0,0,125,-72.4575
1.575,0,0,125,-72.9859
1.6,0,0,125,-73.4979
1.625,0,0,125,-73.9929
1.65,0,0,125,-74.4706
1.675,0,0,125,-74.9309
1.7,0,0,125,-75.3736
1.725,0,0,125,-75.7986
1.75,0,0,125,-76.206
1.775,0,0,125,-76.5959
1.8,0,0,125,-76.9684
1.825,0,0,125,-77.3237
1.85,0,0,125,-77.6623
1.875,0,0,125,-77.9843
1.9,0,0,125,-78.2902
1.925,0,0,125,-78.5804
1.95,0,0,125,-78.8553
1.975,0,0,125,-79.1154
2,0,0,125,-79.3613
2.025,0,0,125,-79.5934
2.05,0,0,125,-79.8123
2.075,0,0,125,-80.0186
2.1,0,0,125,-80.2127
2.125,0,0,125,-80.3952
2.15,0,0,125,-80.5667
2.175,0,0,125,-80.7277
2.2,0,0,125,-80.8787
2.225,0,0,125,-81.0203
2.25,0,0,125,-81.153
2.275,0,0,125,-81.2772
2.3,0,0,125,-81.3935
2.325,0,0,125,-81.5023
2.35,0,0,125,-81.6041
2.375,0,0,125,-81.6992
2.4,0,0,125,-81.7882
2.425,0,0,125,-81.8713
2.45,0,0,125,-81.9491
2.475,0,0,125,-82.0217
2.5,0,0,125,-82.0896
2.525,0,0,125,-82.1531
2.55,0,0,125,-82.2124
2.575,0,0,125,-82.2679
2.6,0,0,125,-82.3199
2.625,0,0,125,-82.3684
2.65,0,0,125,-82.4139
2.675,0,0,125,-82.4566
2.7,0,0,125,-82.4965
2.725,0,0,125,-82.534
2.75,0,0,125,-82.5691
2.775,0,0,125,-82.6022
2.8,0,0,125,-82.6332
2.825,0,0,125,-82.6624
2.85,0,0,125,-82.6899
2.875,0,0,125,-82.7157
2.9,0,0,125,-82.7402
2.925,0,0,125,-82.7632
2.95,0,0,125,-82.7849
2.975,0,0,125,-82.8055
3,0,0,125,-82.825
3.025,0,0,125,-82.8434
3.05,0,0,125,-82.8609
3.075,0,0,125,-82.8774
3.1,0,0,125,-82.8932
3.125,0,0,125,-82.9081
3.15,0,0,125,-82.9223
3.175,0,0,125,-82.9359
3.2,0,0,125,-82.9487
3.225,0,0,125,-82.961
3.25,0,0,125,-82.9727
3.275,0,0,125,-82.9838
3.3,0,0,125,-82.9945
3.325,0,0,125,-83.0046
3.35,0,0,125,-83.0143
3.375,0,0,125,-83.0235
3.4,0,0,125,-83.0324
3.425,0,0,125,-83.0408
3.45,0,0,125,-83.0488
3.475,0,0,125,-83.0565
3.5,0,0,125,-83.0638
3.525,0,0,125,-83.0708
3.55,0,0,125,-83.0775
3.575,0,0,125,-83.0838
3.6,0,0,125,-83.0898
3.625,0,0,125,-83.0955
3.65,0,0,125,-83.101
3.675,0,0,125,-83.1061
3.7,0,0,125,-83.111
3.725,0,0,125,-83.1156
3.75,0,0,125,-83.12
3.775,0,0,125,-83.124
3.8,0,0,125,-83.1279
3.825,0,0,125,-83.1315
3.85,0,0,125,-83.1348
3.875,0,0,125,-83.1379
3.9,0,0,125,-83.1408
3.925,0,0,125,-83.1434
3.95,0,0,125,-83.1458
3.975,0,0,125,-83.148
4,0,0,125,-83.1499
4.025,0,0,125,-83.1516
4.05,0,0,125,-83.1531
4.075,0,0,125,-83.1545
4.1,0,0,125,-83.1555
4.125,0,0,125,-83.1564
4.15,0,0,125,-83.1571
4.175,0,0,125,-83.1577
4.2,0,0,125,-83.158
4.225,0,0,125,-83.1581
4.25,0,0,125,-83.158
4.275,0,0,125,-83.1578
4.3,0,0,125,-83.1574
4.325,0,0,125,-83.1568
4.35,0,0,125,-83.156
4.375,0,0,125,-83.1551
4.4,0,0,125,-83.154
4.425,0,0,125,-83.1527
4.45,0,0,125,-83.1513
4.475,0,0,125,-83.1498
4.5,0,0,125,-83.1481
4.525,0,0,125,-83.1463
4.55,0,0,125,-83.1443
4.575,0,0,125,-83.1422
4.6,0,0,125,-83.1401
4.625,0,0,125,-83.1378
4.65,0,0,125,-83.1354
4.675,0,0,125,-83.133
4.7,0,0,125,-83.1305
4.725,0,0,125,-83.128
4.75,0,0,125,-83.1255
4.775,0,0,125,-83.1229
4.8,0,0,125,-83.1204
4.825,0,0,125,-83.1179
4.85,0,0,125,-83.1154
4.875,0,0,125,-83.1132
4.9,0,0,125,-83.1111
4.925,0,0,125,-83.1093
4.95,0,0,125,-83.1079
4.975,0,0,125,-83.1069
5,0,0,125,-83.1063
