0,0,0,125,-83.4169
0.025,0,0,125,-83.4172
0.05,0,0,125,-83.4179
0.075,0,0,125,-83.4188
0.1,0,0,125,-83.42
0.125,0,0,125,-83.4213
0.15,0,0,125,-83.4227
0.175,0,0,125,-83.4243
0.2,0,0,125,-83.4258
0.225,0,0,125,-83.4275
0.25,0,0,125,-83.4291
0.275,0,0,125,-83.4307
0.3,0,0,125,-83.4323
0.325,0,0,125,-83.4339
0.35,0,0,125,-83.4355
0.375,0,0,125,-83.4371
0.4,0,0,125,-83.4386
0.425,0,0,125,-83.4401
0.45,0,0,125,-83.4417
0.475,0,0,125,-83.4432
0.5,0,0,125,-83.4446
0.525,0,0,125,-83.4461
0.55,0,0,125,-83.4475
0.575,0,0,125,-83.4489
0.6,0,0,125,-83.4503
0.625,0,0,125,-83.4517
0.65,0,0,125,-83.4531
0.675,0,0,125,-83.4545
0.7,0,0,125,-83.4558
0.725,0,0,125,-83.4572
0.75,0,0,125,-83.4585
0.775,0,0,125,-83.4598
0.8,0,0,125,-83.4612
0.825,0,0,125,-83.4625
0.85,0,0,125,-83.4638
0.875,0,0,125,-83.4651
0.9,0,0,125,-83.4664
0.925,0,0,125,-83.4678
0.95,0,0,125,-83.4692
0.975,0,0,125,-83.4706
1,0,0,125,-83.472
1.025,0,0,125,-83.4734
1.05,0,0,125,-83.4748
1.075,0,0,125,-83.4762
1.1,0,0,125,-83.4777
1.125,0,0,125,-83.4792
1.15,0,0,125,-83.4807
1.175,0,0,125,-83.4822
1.2,0,0,125,-83.4837
1.225,0,0,125,-83.4852
1.25,0,0,125,-83.4867
1.275,0,0,125,-83.4883
1.3,0,0,125,-83.4899
1.325,0,0,125,-83.4916
1.35,0,0,125,-83.4933
1.375,0,0,125,-83.495
1.4,0,0,125,-83.4968
1.425,0,0,125,-83.4986
1.45,0,0,125,-83.5005
1.475,0,0,125,-83.5023
1.5,0,0,125,-83.5043
1.525,0,0,125,-83.5062
1.55,0,0,125,-83.5082
1.575,0,0,125,-83.5102
1.6,0,0,125,-83.5123
1.625,0,0,125,-83.5144
1.65,0,0,125,-83.5165
1.675,0,0,125,-83.5187
1.7,0,0,125,-83.5209
1.725,0,0,125,-83.5232
1.75,0,0,125,-83.5256
1.775,0,0,125,-83.528
1.8,0,0,125,-83.5305
1.825,0,0,125,-83.533
1.85,0,0,125,-83.5356
1.875,0,0,125,-83.5383
1.9,0,0,125,-83.541
1.925,0,0,125,-83.5438
1.95,0,0,125,-83.5466
1.975,0,0,125,-83.5496
2,0,0,125,-83.5526
2.025,0,0,125,-83.5557
2.05,0,0,125,-83.5589
2.075,0,0,125,-83.5622
2.1,0,0,125,-83.5656
2.125,0,0,125,-83.569
2.15,0,0,125,-83.5724
2.175,0,0,125,-83.576
2.2,0,0,125,-83.5797
2.225,0,0,125,-83.5834
2.25,0,0,125,-83.5872
2.275,0,0,125,-83.5912
2.3,0,0,125,-83.5952
2.325,0,0,125,-83.5993
2.35,0,0,125,-83.6035
2.375,0,0,125,-83.6078
2.4,0,0,125,-83.6122
2.425,0,0,125,-83.6166
2.45,0,0,125,-83.6212
2.475,0,0,125,-83.6258
2.5,0,0,125,-83.6306
2.525,0,0,125,-83.6354
2.55,0,0,125,-83.6403
2.575,0,0,125,-83.6452
2.6,0,0,125,-83.6503
2.625,0,0,125,-83.6555
2.65,0,0,125,-83.6607
2.675,0,0,125,-83.666
2.7,0,0,125,-83.6714
2.725,0,0,125,-83.6769
2.75,0,0,125,-83.6824
2.775,0,0,125,-83.688
2.8,0,0,125,-83.6937
2.825,0,0,125,-83.6994
2.85,0,0,125,-83.7051
2.875,0,0,125,-83.7108
2.9,0,0,125,-83.7166
2.925,0,0,125,-83.7225
2.95,0,0,125,-83.7284
2.975,0,0,125,-83.7343
3,0,0,125,-83.7402
3.025,0,0,125,-83.7461
3.05,0,0,125,-83.752
3.075,0,0,125,-83.7579
3.1,0,0,125,-83.7639
3.125,0,0,125,-83.7698
3.15,0,0,125,-83.7757
3.175,0,0,125,-83.7816
3.2,0,0,125,-83.7875
3.225,0,0,125,-83.7934
3.25,0,0,125,-83.7992
3.275,0,0,125,-83.805
3.3,0,0,125,-83.8107
3.325,0,0,125,-83.8164
3.35,0,0,125,-83.822
3.375,0,0,125,-83.8275
3.4,0,0,125,-83.833
3.425,0,0,125,-83.8384
3.45,0,0,125,-83.8437
3.475,0,0,125,-83.849
3.5,0,0,125,-83.8541
3.525,0,0,125,-83.8592
3.55,0,0,125,-83.8641
3.575,0,0,125,-83.869
3.6,0,0,125,-83.8738
3.625,0,0,125,-83.8785
3.65,0,0,125,-83.8831
3.675,0,0,125,-83.8876
3.7,0,0,125,-83.892
3.725,0,0,125,-83.8963
3.75,0,0,125,-83.9005
3.775,0,0,125,-83.9046
3.8,0,0,125,-83.9085
3.825,0,0,125,-83.9123
3.85,0,0,125,-83.9159
3.875,0,0,125,-83.9195
3.9,0,0,125,-83.9229
3.925,0,0,125,-83.9262
3.95,0,0,125,-83.9294
3.975,0,0,125,-83.9325
4,0,0,125,-83.9355
4.025,0,0,125,-83.9384
4.05,0,0,125,-83.9411
4.075,0,0,125,-83.9438
4.1,0,0,125,-83.9463
4.125,0,0,125,-83.9487
4.15,0,0,125,-83.951
4.175,0,0,125,-83.9532
4.2,0,0,125,-83.9553
4.225,0,0,125,-83.9573
4.25,0,0,125,-83.9591
4.275,0,0,125,-83.9609
4.3,0,0,125,-83.9625
4.325,0,0,125,-83.9641
4.35,0,0,125,-83.9656
4.375,0,0,125,-83.967
4.4,0,0,125,-83.9683
4.425,0,0,125,-83.9696
4.45,0,0,125,-83.9707
4.475,0,0,125,-83.9717
4.5,0,0,125,-83.9727
4.525,0,0,125,-83.9736
4.55,0,0,125,-83.9744
4.575,0,0,125,-83.9751
4.6,0,0,125,-83.9758
4.625,0,0,125,-83.9765
4.65,0,0,125,-83.977
4.675,0,0,125,-83.9775
4.7,0,0,125,-83.978
4.725,0,0,125,-83.9783
4.75,0,0,125,-83.9786
4.775,0,0,125,-83.9789
4.8,0,0,125,-83.9791
4.825,0,0,125,-83.9793
4.85,0,0,125,-83.9795
4.875,0,0,125,-83.9796
4.9,0,0,125,-83.9796
4.925,0,0,125,-83.9797
4.95,0,0,125,-83.9798
4.975,0,0,125,-83.9798
5,0,0,125,-83.9798
