0,0,0,125,-82.7077
0.025,0,0,125,-82.7081
0.05,0,0,125,-82.7087
0.075,0,0,125,-82.7096
0.1,0,0,125,-82.7107
0.125,0,0,125,-82.712
0.15,0,0,125,-82.7133
0.175,0,0,125,-82.7147
0.2,0,0,125,-82.716
0.225,0,0,125,-82.7172
0.25,0,0,125,-82.7184
0.275,0,0,125,-82.7196
0.3,0,0,125,-82.7206
0.325,0,0,125,-82.7216
0.35,0,0,125,-82.7225
0.375,0,0,125,-82.7233
0.4,0,0,125,-82.724
0.425,0,0,125,-82.7246
0.45,0,0,125,-82.7251
0.475,0,0,125,-82.7256
0.5,0,0,125,-82.726
0.525,0,0,125,-82.7263
0.55,0,0,125,-82.7265
0.575,0,0,125,-82.7266
0.6,0,0,125,-82.7267
0.625,0,0,125,-82.7267
0.65,0,0,125,-82.7267
0.675,0,0,125,-82.7266
0.7,0,0,125,-82.7264
0.725,0,0,125,-82.7261
0.75,0,0,125,-82.7258
0.775,0,0,125,-82.7255
0.8,0,0,125,-82.7251
0.825,0,0,125,-82.7246
0.85,0,0,125,-82.724
0.875,0,0,125,-82.7234
0.9,0,0,125,-82.7228
0.925,0,0,125,-82.7221
0.95,0,0,125,-82.7213
0.975,0,0,125,-82.7205
1,0,0,125,-82.7197
1.025,0,0,125,-82.7189
1.05,0,0,125,-82.718
1.075,0,0,125,-82.717
1.1,0,0,125,-82.7161
1.125,0,0,125,-82.715
1.15,0,0,125,-82.714
1.175,0,0,125,-82.7129
1.2,0,0,125,-82.7118
1.225,0,0,125,-82.7106
1.25,0,0,125,-82.7094
1.275,0,0,125,-82.7082
1.3,0,0,125,-82.7069
1.325,0,0,125,-82.7056
1.35,0,0,125,-82.7043
1.375,0,0,125,-82.7029
1.4,0,0,125,-82.7015
1.425,0,0,125,-82.7001
1.45,0,0,125,-82.6986
1.475,0,0,125,-82.6971
1.5,0,0,125,-82.6956
1.525,0,0,125,-82.694
1.55,0,0,125,-82.6925
1.575,0,0,125,-82.6908
1.6,0,0,125,-82.6892
1.625,0,0,125,-82.6875
1.65,0,0,125,-82.6858
1.675,0,0,125,-82.6841
1.7,0,0,125,-82.6824
1.725,0,0,125,-82.6806
1.75,0,0,125,-82.6788
1.775,0,0,125,-82.6769
1.8,0,0,125,-82.6751
1.825,0,0,125,-82.6732
1.85,0,0,125,-82.6713
1.875,0,0,125,-82.6693
1.9,0,0,125,-82.6673
1.925,0,0,125,-82.6653
1.95,0,0,125,-82.6633
1.975,0,0,125,-82.6612
2,0,0,125,-82.6592
2.025,0,0,125,-82.6571
2.05,0,0,125,-82.6549
2.075,0,0,125,-82.6527
2.1,0,0,125,-82.6505
2.125,0,0,125,-82.6483
2.15,0,0,125,-82.646
2.175,0,0,125,-82.6438
2.2,0,0,125,-82.6414
2.225,0,0,125,-82.6391
2.25,0,0,125,-82.6367
2.275,0,0,125,-82.6343
2.3,0,0,125,-82.6319
2.325,0,0,125,-82.6294
2.35,0,0,125,-82.6269
2.375,0,0,125,-82.6243
2.4,0,0,125,-82.6218
2.425,0,0,125,-82.6192
2.45,0,0,125,-82.6165
2.475,0,0,125,-82.6139
2.5,0,0,125,-82.6112
2.525,0,0,125,-82.6084
2.55,0,0,125,-82.6056
2.575,0,0,125,-82.6028
2.6,0,0,125,-82.6
2.625,0,0,125,-82.5971
2.65,0,0,125,-82.5942
2.675,0,0,125,-82.5913
2.7,0,0,125,-82.5883
2.725,0,0,125,-82.5853
2.75,0,0,125,-82.5822
2.775,0,0,125,-82.5791
2.8,0,0,125,-82.576
2.825,0,0,125,-82.5729
2.85,0,0,125,-82.5697
2.875,0,0,125,-82.5664
2.9,0,0,125,-82.5632
2.925,0,0,125,-82.5599
2.95,0,0,125,-82.5565
2.975,0,0,125,-82.5532
3,0,0,125,-82.5497
3.025,0,0,125,-82.5463
3.05,0,0,125,-82.5428
3.075,0,0,125,-82.5393
3.1,0,0,125,-82.5357
3.125,0,0,125,-82.5322
3.15,0,0,125,-82.5285
3.175,0,0,125,-82.5249
3.2,0,0,125,-82.5212
3.225,0,0,125,-82.5174
3.25,0,0,125,-82.5137
3.275,0,0,125,-82.5099
3.3,0,0,125,-82.506
3.325,0,0,125,-82.5022
3.35,0,0,125,-82.4983
3.375,0,0,125,-82.4943
3.4,0,0,125,-82.4904
3.425,0,0,125,-82.4863
3.45,0,0,125,-82.4823
3.475,0,0,125,-82.4782
3.5,0,0,125,-82.4741
3.525,0,0,125,-82.47
3.55,0,0,125,-82.4658
3.575,0,0,125,-82.4616
3.6,0,0,125,-82.4574
3.625,0,0,125,-82.4532
3.65,0,0,125,-82.4489
3.675,0,0,125,-82.4446
3.7,0,0,125,-82.4404
3.725,0,0,125,-82.4361
3.75,0,0,125,-82.4317
3.775,0,0,125,-82.4274
3.8,0,0,125,-82.4231
3.825,0,0,125,-82.4188
3.85,0,0,125,-82.4144
3.875,0,0,125,-82.4101
3.9,0,0,125,-82.4057
3.925,0,0,125,-82.4014
3.95,0,0,125,-82.397
3.975,0,0,125,-82.3927
4,0,0,125,-82.3884
4.025,0,0,125,-82.3841
4.05,0,0,125,-82.3798
4.075,0,0,125,-82.3756
4.1,0,0,125,-82.3713
4.125,0,0,125,-82.3671
4.15,0,0,125,-82.363
4.175,0,0,125,-82.3589
4.2,0,0,125,-82.3548
4.225,0,0,125,-82.3508
4.25,0,0,125,-82.3468
4.275,0,0,125,-82.3429
4.3,0,0,125,-82.339
4.325,0,0,125,-82.3352
4.35,0,0,125,-82.3315
4.375,0,0,125,-82.3278
4.4,0,0,125,-82.3243
4.425,0,0,125,-82.3208
4.45,0,0,125,-82.3174
4.475,0,0,125,-82.3141
4.5,0,0,125,-82.3109
4.525,0,0,125,-82.3078
4.55,0,0,125,-82.3048
4.575,0,0,125,-82.3019
4.6,0,0,125,-82.2991
4.625,0,0,125,-82.2965
4.65,0,0,125,-82.294
4.675,0,0,125,-82.2916
4.7,0,0,125,-82.2894
4.725,0,0,125,-82.2873
4.75,0,0,125,-82.2854
4.775,0,0,125,-82.2836
4.8,0,0,125,-82.2819
4.825,0,0,125,-82.2805
4.85,0,0,125,-82.2792
4.875,0,0,125,-82.278
4.9,0,0,125,-82.2771
4.925,0,0,125,-82.2763
4.95,0,0,125,-82.2757
4.975,0,0,125,-82.2753
5,0,0,125,-82.2751
