0,0,0,125,-13.5843
0.025,0,0,125,-13.5905
0.05,0,0,125,-13.6028
0.075,0,0,125,-13.6214
0.1,0,0,125,-13.6462
0.125,0,0,125,-13.6773
0.15,0,0,125,-13.7147
0.175,0,0,125,-13.7586
0.2,0,0,125,-13.8088
0.225,0,0,125,-13.8653
0.25,0,0,125,-13.9282
0.275,0,0,125,-13.9972
0.3,0,0,125,-14.0725
0.325,0,0,125,-14.1538
0.35,0,0,125,-14.2412
0.375,0,0,125,-14.3347
0.4,0,0,125,-14.4341
0.425,0,0,125,-14.5395
0.45,0,0,125,-14.6509
0.475,0,0,125,-14.7682
0.5,0,0,125,-14.8914
0.525,0,0,125,-15.0205
0.55,0,0,125,-15.1556
0.575,0,0,125,-15.2967
0.6,0,0,125,-15.4438
0.625,0,0,125,-15.597
0.65,0,0,125,-15.7563
0.675,0,0,125,-15.9218
0.7,0,0,125,-16.0935
0.725,0,0,125,-16.2716
0.75,0,0,125,-16.4562
0.775,0,0,125,-16.6473
0.8,0,0,125,-16.8452
0.825,0,0,125,-17.0498
0.85,0,0,125,-17.2615
0.875,0,0,125,-17.4802
0.9,0,0,125,-17.7063
0.925,0,0,125,-17.9399
0.95,0,0,125,-18.1811
0.975,0,0,125,-18.4302
1,0,0,125,-18.6874
1.025,0,0,125,-18.953
1.05,0,0,125,-19.2271
1.075,0,0,125,-19.51
1.1,0,0,125,-19.802
1.125,0,0,125,-20.1034
1.15,0,0,125,-20.4145
1.175,0,0,125,-20.7355
1.2,0,0,125,-21.0668
1.225,0,0,125,-21.4087
1.25,0,0,125,-21.7615
1.275,0,0,125,-22.1257
1.3,0,0,125,-22.5015
1.325,0,0,125,-22.8894
1.35,0,0,125,-23.2898
1.375,0,0,125,-23.703
1.4,0,0,125,-24.1296
1.425,0,0,125,-24.5699
1.45,0,0,125,-25.0243
1.475,0,0,125,-25.4935
1.5,0,0,125,-25.9778
1.525,0,0,125,-26.4779
1.55,0,0,125,-26.9941
1.575,0,0,125,-27.527
1.6,0,0,125,-28.0772
1.625,0,0,125,-28.6452
1.65,0,0,125,-29.2317
1.675,0,0,125,-29.8372
1.7,0,0,125,-30.4623
1.725,0,0,125,-31.1077
1.75,0,0,125,-31.7738
1.775,0,0,125,-32.4614
1.8,0,0,125,-33.171
1.825,0,0,125,-33.9031
1.85,0,0,125,-34.6584
1.875,0,0,125,-35.4372
1.9,0,0,125,-36.24
1.925,0,0,125,-37.0672
1.95,0,0,125,-37.919
1.975,0,0,125,-38.7956
2,0,0,125,-39.6969
2.025,0,0,125,-40.623
2.05,0,0,125,-41.5733
2.075,0,0,125,-42.5476
2.1,0,0,125,-43.545
2.125,0,0,125,-44.5647
2.15,0,0,125,-45.6055
2.175,0,0,125,-46.6661
2.2,0,0,125,-47.7448
2.225,0,0,125,-48.8397
2.25,0,0,125,-49.9488
2.275,0,0,125,-51.0696
2.3,0,0,125,-52.1997
2.325,0,0,125,-53.3362
2.35,0,0,125,-54.4763
2.375,0,0,125,-55.6168
2.4,0,0,125,-56.7548
2.425,0,0,125,-57.8869
2.45,0,0,125,-59.0098
2.475,0,0,125,-60.1206
2.5,0,0,125,-61.2159
2.525,0,0,125,-62.2928
2.55,0,0,125,-63.3484
2.575,0,0,125,-64.3801
2.6,0,0,125,-65.3853
2.625,0,0,125,-66.362
2.65,0,0,125,-67.308
2.675,0,0,125,-68.2219
2.7,0,0,125,-69.1021
2.725,0,0,125,-69.9476
2.75,0,0,125,-70.7577
2.775,0,0,125,-71.5319
2.8,0,0,125,-72.2698
2.825,0,0,125,-72.9715
2.85,0,0,125,-73.6373
2.875,0,0,125,-74.2676
2.9,0,0,125,-74.8631
2.925,0,0,125,-75.4246
2.95,0,0,125,-75.953
2.975,0,0,125,-76.4495
3,0,0,125,-76.9151
3.025,0,0,125,-77.3511
3.05,0,0,125,-77.7588
3.075,0,0,125,-78.1396
3.1,0,0,125,-78.4946
3.125,0,0,125,-78.8254
3.15,0,0,125,-79.1332
3.175,0,0,125,-79.4192
3.2,0,0,125,-79.6849
3.225,0,0,125,-79.9315
3.25,0,0,125,-80.16
3.275,0,0,125,-80.3718
3.3,0,0,125,-80.5679
3.325,0,0,125,-80.7494
3.35,0,0,125,-80.9172
3.375,0,0,125,-81.0723
3.4,0,0,125,-81.2156
3.425,0,0,125,-81.348
3.45,0,0,125,-81.4702
3.475,0,0,125,-81.583
3.5,0,0,125,-81.6871
3.525,0,0,125,-81.7832
3.55,0,0,125,-81.8717
3.575,0,0,125,-81.9533
3.6,0,0,125,-82.0286
3.625,0,0,125,-82.0979
3.65,0,0,125,-82.1618
3.675,0,0,125,-82.2207
3.7,0,0,125,-82.2749
3.725,0,0,125,-82.3248
3.75,0,0,125,-82.3708
3.775,0,0,125,-82.413
3.8,0,0,125,-82.4519
3.825,0,0,125,-82.4877
3.85,0,0,125,-82.5206
3.875,0,0,125,-82.5507
3.9,0,0,125,-82.5785
3.925,0,0,125,-82.6039
3.95,0,0,125,-82.6272
3.975,0,0,125,-82.6485
4,0,0,125,-82.6681
4.025,0,0,125,-82.6859
4.05,0,0,125,-82.7022
4.075,0,0,125,-82.717
4.1,0,0,125,-82.7305
4.125,0,0,125,-82.7427
4.15,0,0,125,-82.7538
4.175,0,0,125,-82.7638
4.2,0,0,125,-82.7727
4.225,0,0,125,-82.7808
4.25,0,0,125,-82.7879
4.275,0,0,125,-82.7942
4.3,0,0,125,-82.7998
4.325,0,0,125,-82.8046
4.35,0,0,125,-82.8088
4.375,0,0,125,-82.8123
4.4,0,0,125,-82.8153
4.425,0,0,125,-82.8177
4.45,0,0,125,-82.8196
4.475,0,0,125,-82.8211
4.5,0,0,125,-82.8221
4.525,0,0,125,-82.8227
4.55,0,0,125,-82.8229
4.575,0,0,125,-82.8228
4.6,0,0,125,-82.8223
4.625,0,0,125,-82.8215
4.65,0,0,125,-82.8205
4.675,0,0,125,-82.8192
4.7,0,0,125,-82.8177
4.725,0,0,125,-82.8161
4.75,0,0,125,-82.8142
4.775,0,0,125,-82.8122
4.8,0,0,125,-82.8102
4.825,0,0,125,-82.8081
4.85,0,0,125,-82.8059
4.875,0,0,125,-82.8039
4.9,0,0,125,-82.8019
4.925,0,0,125,-82.8002
4.95,0,0,125,-82.7988
4.975,0,0,125,-82.7979
5,0,0,125,-82.7974
