0,0,0,125,-73.0929
0.025,0,0,125,-73.1034
0.05,0,0,125,-73.1245
0.075,0,0,125,-73.156
0.1,0,0,125,-73.1978
0.125,0,0,125,-73.2499
0.15,0,0,125,-73.312
0.175,0,0,125,-73.384
0.2,0,0,125,-73.4656
0.225,0,0,125,-73.5566
0.25,0,0,125,-73.6566
0.275,0,0,125,-73.7653
0.3,0,0,125,-73.8824
0.325,0,0,125,-74.0075
0.35,0,0,125,-74.1401
0.375,0,0,125,-74.2798
0.4,0,0,125,-74.4263
0.425,0,0,125,-74.579
0.45,0,0,125,-74.7374
0.475,0,0,125,-74.9011
0.5,0,0,125,-75.0696
0.525,0,0,125,-75.2424
0.55,0,0,125,-75.4189
0.575,0,0,125,-75.5988
0.6,0,0,125,-75.7815
0.625,0,0,125,-75.9666
0.65,0,0,125,-76.1534
0.675,0,0,125,-76.3417
0.7,0,0,125,-76.5309
0.725,0,0,125,-76.7205
0.75,0,0,125,-76.9102
0.775,0,0,125,-77.0995
0.8,0,0,125,-77.288
0.825,0,0,125,-77.4753
0.85,0,0,125,-77.6612
0.875,0,0,125,-77.8451
0.9,0,0,125,-78.0269
0.925,0,0,125,-78.2062
0.95,0,0,125,-78.3828
0.975,0,0,125,-78.5563
1,0,0,125,-78.7267
1.025,0,0,125,-78.8935
1.05,0,0,125,-79.0568
1.075,0,0,125,-79.2163
1.1,0,0,125,-79.3718
1.125,0,0,125,-79.5233
1.15,0,0,125,-79.6707
1.175,0,0,125,-79.8138
1.2,0,0,125,-79.9526
1.225,0,0,125,-80.0871
1.25,0,0,125,-80.2172
1.275,0,0,125,-80.343
1.3,0,0,125,-80.4644
1.325,0,0,125,-80.5815
1.35,0,0,125,-80.6943
1.375,0,0,125,-80.8028
1.4,0,0,125,-80.9071
1.425,0,0,125,-81.0073
1.45,0,0,125,-81.1034
1.475,0,0,125,-81.1955
1.5,0,0,125,-81.2837
1.525,0,0,125,-81.3681
1.55,0,0,125,-81.4489
1.575,0,0,125,-81.526
1.6,0,0,125,-81.5997
1.625,0,0,125,-81.67
1.65,0,0,125,-81.7371
1.675,0,0,125,-81.8011
1.7,0,0,125,-81.8621
1.725,0,0,125,-81.9201
1.75,0,0,125,-81.9754
1.775,0,0,125,-82.0281
1.8,0,0,125,-82.0782
1.825,0,0,125,-82.1259
1.85,0,0,125,-82.1713
1.875,0,0,125,-82.2145
1.9,0,0,125,-82.2556
1.925,0,0,125,-82.2947
1.95,0,0,125,-82.332
1.975,0,0,125,-82.3674
2,0,0,125,-82.4012
2.025,0,0,125,-82.4334
2.05,0,0,125,-82.4641
2.075,0,0,125,-82.4934
2.1,0,0,125,-82.5213
2.125,0,0,125,-82.548
2.15,0,0,125,-82.5735
2.175,0,0,125,-82.5979
2.2,0,0,125,-82.6213
2.225,0,0,125,-82.6436
2.25,0,0,125,-82.6651
2.275,0,0,125,-82.6857
2.3,0,0,125,-82.7055
2.325,0,0,125,-82.7245
2.35,0,0,125,-82.7428
2.375,0,0,125,-82.7605
2.4,0,0,125,-82.7775
2.425,0,0,125,-82.794
2.45,0,0,125,-82.8099
2.475,0,0,125,-82.8252
2.5,0,0,125,-82.8401
2.525,0,0,125,-82.8546
2.55,0,0,125,-82.8686
2.575,0,0,125,-82.8822
2.6,0,0,125,-82.8955
2.625,0,0,125,-82.9084
2.65,0,0,125,-82.9209
2.675,0,0,125,-82.9331
2.7,0,0,125,-82.945
2.725,0,0,125,-82.9566
2.75,0,0,125,-82.968
2.775,0,0,125,-82.979
2.8,0,0,125,-82.9898
2.825,0,0,125,-83.0004
2.85,0,0,125,-83.0107
2.875,0,0,125,-83.0208
2.9,0,0,125,-83.0306
2.925,0,0,125,-83.0403
2.95,0,0,125,-83.0497
2.975,0,0,125,-83.0589
3,0,0,125,-83.0679
3.025,0,0,125,-83.0767
3.05,0,0,125,-83.0853
3.075,0,0,125,-83.0937
3.1,0,0,125,-83.1019
3.125,0,0,125,-83.11
3.15,0,0,125,-83.1178
3.175,0,0,125,-83.1255
3.2,0,0,125,-83.1329
3.225,0,0,125,-83.1402
3.25,0,0,125,-83.1473
3.275,0,0,125,-83.1542
3.3,0,0,125,-83.1609
3.325,0,0,125,-83.1675
3.35,0,0,125,-83.1738
3.375,0,0,125,-83.18
3.4,0,0,125,-83.186
3.425,0,0,125,-83.1918
3.45,0,0,125,-83.1974
3.475,0,0,125,-83.2028
3.5,0,0,125,-83.2081
3.525,0,0,125,-83.2132
3.55,0,0,125,-83.2181
3.575,0,0,125,-83.2228
3.6,0,0,125,-83.2273
3.625,0,0,125,-83.2317
3.65,0,0,125,-83.2358
3.675,0,0,125,-83.2398
3.7,0,0,125,-83.2436
3.725,0,0,125,-83.2472
3.75,0,0,125,-83.2506
3.775,0,0,125,-83.2538
3.8,0,0,125,-83.2568
3.825,0,0,125,-83.2597
3.85,0,0,125,-83.2623
3.875,0,0,125,-83.2648
3.9,0,0,125,-83.2671
3.925,0,0,125,-83.2691
3.95,0,0,125,-83.2711
3.975,0,0,125,-83.2728
4,0,0,125,-83.2743
4.025,0,0,125,-83.2757
4.05,0,0,125,-83.2769
4.075,0,0,125,-83.2779
4.1,0,0,125,-83.2787
4.125,0,0,125,-83.2794
4.15,0,0,125,-83.2799
4.175,0,0,125,-83.2802
4.2,0,0,125,-83.2804
4.225,0,0,125,-83.2804
4.25,0,0,125,-83.2802
4.275,0,0,125,-83.2798
4.3,0,0,125,-83.2793
4.325,0,0,125,-83.2787
4.35,0,0,125,-83.2778
4.375,0,0,125,-83.2769
4.4,0,0,125,-83.2758
4.425,0,0,125,-83.2745
4.45,0,0,125,-83.2731
4.475,0,0,125,-83.2716
4.5,0,0,125,-83.27
4.525,0,0,125,-83.2682
4.55,0,0,125,-83.2664
4.575,0,0,125,-83.2644
4.6,0,0,125,-83.2624
4.625,0,0,125,-83.2603
4.65,0,0,125,-83.2581
4.675,0,0,125,-83.2558
4.7,0,0,125,-83.2535
4.725,0,0,125,-83.2512
4.75,0,0,125,-83.2488
4.775,0,0,125,-83.2465
4.8,0,0,125,-83.2441
4.825,0,0,125,-83.2419
4.85,0,0,125,-83.2397
4.875,0,0,125,-83.2376
4.9,0,0,125,-83.2357
4.925,0,0,125,-83.2341
4.95,0,0,125,-83.2328
4.975,0,0,125,-83.2319
5,0,0,125,-83.2315
