0,0,0,125,-46.0882
0.025,0,0,125,-46.097
0.05,0,0,125,-46.1146
0.075,0,0,125,-46.1411
0.1,0,0,125,-46.1764
0.125,0,0,125,-46.2204
0.15,0,0,125,-46.2719
0.175,0,0,125,-46.3287
0.2,0,0,125,-46.3871
0.225,0,0,125,-46.4431
0.25,0,0,125,-46.4926
0.275,0,0,125,-46.5318
0.3,0,0,125,-46.5574
0.325,0,0,125,-46.5662
0.35,0,0,125,-46.5556
0.375,0,0,125,-46.5232
0.4,0,0,125,-46.4669
0.425,0,0,125,-46.385
0.45,0,0,125,-46.2759
0.475,0,0,125,-46.1385
0.5,0,0,125,-45.9717
0.525,0,0,125,-45.7749
0.55,0,0,125,-45.5475
0.575,0,0,125,-45.2892
0.6,0,0,125,-44.9999
0.625,0,0,125,-44.6796
0.65,0,0,125,-44.3288
0.675,0,0,125,-43.9477
0.7,0,0,125,-43.537
0.725,0,0,125,-43.0974
0.75,0,0,125,-42.6297
0.775,0,0,125,-42.135
0.8,0,0,125,-41.6144
0.825,0,0,125,-41.069
0.85,0,0,125,-40.5001
0.875,0,0,125,-39.9091
0.9,0,0,125,-39.2973
0.925,0,0,125,-38.6664
0.95,0,0,125,-38.0176
0.975,0,0,125,-37.3526
1,0,0,125,-36.6729
1.025,0,0,125,-35.9801
1.05,0,0,125,-35.2756
1.075,0,0,125,-34.561
1.1,0,0,125,-33.8379
1.125,0,0,125,-33.1076
1.15,0,0,125,-32.3717
1.175,0,0,125,-31.6314
1.2,0,0,125,-30.8883
1.225,0,0,125,-30.1437
1.25,0,0,125,-29.3987
1.275,0,0,125,-28.6548
1.3,0,0,125,-27.9129
1.325,0,0,125,-27.1744
1.35,0,0,125,-26.4402
1.375,0,0,125,-25.7114
1.4,0,0,125,-24.989
1.425,0,0,125,-24.2739
1.45,0,0,125,-23.5669
1.475,0,0,125,-22.8689
1.5,0,0,125,-22.1805
1.525,0,0,125,-21.5025
1.55,0,0,125,-20.8355
1.575,0,0,125,-20.18
1.6,0,0,125,-19.5365
1.625,0,0,125,-18.9054
1.65,0,0,125,-18.2871
1.675,0,0,125,-17.6819
1.7,0,0,125,-17.0901
1.725,0,0,125,-16.5118
1.75,0,0,125,-15.9472
1.775,0,0,125,-15.3964
1.8,0,0,125,-14.8595
1.825,0,0,125,-14.3364
1.85,0,0,125,-13.8272
1.875,0,0,125,-13.3317
1.9,0,0,125,-12.8499
1.925,0,0,125,-12.3818
1.95,0,0,125,-11.927
1.975,0,0,125,-11.4855
2,0,0,125,-11.0571
2.025,0,0,125,-10.6415
2.05,0,0,125,-10.2386
2.075,0,0,125,-9.84813
2.1,0,0,125,-9.46981
2.125,0,0,125,-9.10341
2.15,0,0,125,-8.74868
2.175,0,0,125,-8.40535
2.2,0,0,125,-8.07316
2.225,0,0,125,-7.75183
2.25,0,0,125,-7.4411
2.275,0,0,125,-7.14069
2.3,0,0,125,-6.85035
2.325,0,0,125,-6.56981
2.35,0,0,125,-6.29879
2.375,0,0,125,-6.03705
2.4,0,0,125,-5.78433
2.425,0,0,125,-5.54037
2.45,0,0,125,-5.30492
2.475,0,0,125,-5.07776
2.5,0,0,125,-4.85863
2.525,0,0,125,-4.64731
2.55,0,0,125,-4.44356
2.575,0,0,125,-4.24718
2.6,0,0,125,-4.05795
2.625,0,0,125,-3.87564
2.65,0,0,125,-3.70007
2.675,0,0,125,-3.53102
2.7,0,0,125,-3.36831
2.725,0,0,125,-3.21175
2.75,0,0,125,-3.06115
2.775,0,0,125,-2.91633
2.8,0,0,125,-2.77712
2.825,0,0,125,-2.64334
2.85,0,0,125,-2.51483
2.875,0,0,125,-2.39143
2.9,0,0,125,-2.27298
2.925,0,0,125,-2.15932
2.95,0,0,125,-2.05031
2.975,0,0,125,-1.94579
3,0,0,125,-1.84561
3.025,0,0,125,-1.74965
3.05,0,0,125,-1.65776
3.075,0,0,125,-1.56979
3.1,0,0,125,-1.48563
3.125,0,0,125,-1.40513
3.15,0,0,125,-1.32817
3.175,0,0,125,-1.25461
3.2,0,0,125,-1.18433
3.225,0,0,125,-1.1172
3.25,0,0,125,-1.0531
3.275,0,0,125,-0.991905
3.3,0,0,125,-0.933487
3.325,0,0,125,-0.877723
3.35,0,0,125,-0.824488
3.375,0,0,125,-0.773656
3.4,0,0,125,-0.725099
3.425,0,0,125,-0.678689
3.45,0,0,125,-0.634295
3.475,0,0,125,-0.591781
3.5,0,0,125,-0.55101
3.525,0,0,125,-0.511841
3.55,0,0,125,-0.474125
3.575,0,0,125,-0.437711
3.6,0,0,125,-0.40244
3.625,0,0,125,-0.368146
3.65,0,0,125,-0.334655
3.675,0,0,125,-0.301786
3.7,0,0,125,-0.269348
3.725,0,0,125,-0.23714
3.75,0,0,125,-0.204952
3.775,0,0,125,-0.172561
3.8,0,0,125,-0.139735
3.825,0,0,125,-0.106231
3.85,0,0,125,-0.0717946
3.875,0,0,125,-0.0361617
3.9,0,0,125,0.000942155
3.925,0,0,125,0.0397996
3.95,0,0,125,0.0807004
3.975,0,0,125,0.12394
4,0,0,125,0.169815
4.025,0,0,125,0.218626
4.05,0,0,125,0.270664
4.075,0,0,125,0.326219
4.1,0,0,125,0.385567
4.125,0,0,125,0.448967
4.15,0,0,125,0.51666
4.175,0,0,125,0.588855
4.2,0,0,125,0.665733
4.225,0,0,125,0.747432
4.25,0,0,125,0.834046
4.275,0,0,125,0.925617
4.3,0,0,125,1.02213
4.325,0,0,125,1.1235
4.35,0,0,125,1.22957
4.375,0,0,125,1.34013
4.4,0,0,125,1.45487
4.425,0,0,125,1.5734
4.45,0,0,125,1.69524
4.475,0,0,125,1.81985
4.5,0,0,125,1.94658
4.525,0,0,125,2.07472
4.55,0,0,125,2.20347
4.575,0,0,125,2.33198
4.6,0,0,125,2.45932
4.625,0,0,125,2.58454
4.65,0,0,125,2.70665
4.675,0,0,125,2.82464
4.7,0,0,125,2.93754
4.725,0,0,125,3.04437
4.75,0,0,125,3.14424
4.775,0,0,125,3.23635
4.8,0,0,125,3.32001
4.825,0,0,125,3.39466
4.85,0,0,125,3.45992
4.875,0,0,125,3.5156
4.9,0,0,125,3.56169
4.925,0,0,125,3.59829
4.95,0,0,125,3.62559
4.975,0,0,125,3.64373
5,0,0,125,3.65279
