0,0,0,125,16.5292
0.025,0,0,125,16.5313
0.05,0,0,125,16.5352
0.075,0,0,125,16.5408
0.1,0,0,125,16.5474
0.125,0,0,125,16.5546
0.15,0,0,125,16.5619
0.175,0,0,125,16.5687
0.2,0,0,125,16.575
0.225,0,0,125,16.5806
0.25,0,0,125,16.5854
0.275,0,0,125,16.5894
0.3,0,0,125,16.5927
0.325,0,0,125,16.5952
0.35,0,0,125,16.5968
0.375,0,0,125,16.5977
0.4,0,0,125,16.5977
0.425,0,0,125,16.597
0.45,0,0,125,16.5955
0.475,0,0,125,16.5932
0.5,0,0,125,16.5902
0.525,0,0,125,16.5865
0.55,0,0,125,16.5821
0.575,0,0,125,16.5771
0.6,0,0,125,16.5713
0.625,0,0,125,16.565
0.65,0,0,125,16.558
0.675,0,0,125,16.5505
0.7,0,0,125,16.5424
0.725,0,0,125,16.5338
0.75,0,0,125,16.5246
0.775,0,0,125,16.515
0.8,0,0,125,16.5048
0.825,0,0,125,16.4942
0.85,0,0,125,16.4831
0.875,0,0,125,16.4716
0.9,0,0,125,16.4597
0.925,0,0,125,16.4474
0.95,0,0,125,16.4347
0.975,0,0,125,16.4216
1,0,0,125,16.4082
1.025,0,0,125,16.3943
1.05,0,0,125,16.3802
1.075,0,0,125,16.3657
1.1,0,0,125,16.3508
1.125,0,0,125,16.3357
1.15,0,0,125,16.3202
1.175,0,0,125,16.3044
1.2,0,0,125,16.2882
1.225,0,0,125,16.2718
1.25,0,0,125,16.2551
1.275,0,0,125,16.238
1.3,0,0,125,16.2207
1.325,0,0,125,16.2031
1.35,0,0,125,16.1851
1.375,0,0,125,16.1669
1.4,0,0,125,16.1483
1.425,0,0,125,16.1294
1.45,0,0,125,16.1103
1.475,0,0,125,16.0908
1.5,0,0,125,16.071
1.525,0,0,125,16.0509
1.55,0,0,125,16.0305
1.575,0,0,125,16.0098
1.6,0,0,125,15.9887
1.625,0,0,125,15.9674
1.65,0,0,125,15.9456
1.675,0,0,125,15.9236
1.7,0,0,125,15.9012
1.725,0,0,125,15.8785
1.75,0,0,125,15.8554
1.775,0,0,125,15.832
1.8,0,0,125,15.8082
1.825,0,0,125,15.784
1.85,0,0,125,15.7595
1.875,0,0,125,15.7346
1.9,0,0,125,15.7093
1.925,0,0,125,15.6836
1.95,0,0,125,15.6575
1.975,0,0,125,15.6311
2,0,0,125,15.6042
2.025,0,0,125,15.5769
2.05,0,0,125,15.5493
2.075,0,0,125,15.5212
2.1,0,0,125,15.4927
2.125,0,0,125,15.4637
2.15,0,0,125,15.4343
2.175,0,0,125,15.4045
2.2,0,0,125,15.3742
2.225,0,0,125,15.3435
2.25,0,0,125,15.3124
2.275,0,0,125,15.2808
2.3,0,0,125,15.2487
2.325,0,0,125,15.2162
2.35,0,0,125,15.1832
2.375,0,0,125,15.1497
2.4,0,0,125,15.1157
2.425,0,0,125,15.0813
2.45,0,0,125,15.0464
2.475,0,0,125,15.011
2.5,0,0,125,14.9751
2.525,0,0,125,14.9387
2.55,0,0,125,14.9018
2.575,0,0,125,14.8644
2.6,0,0,125,14.8266
2.625,0,0,125,14.7882
2.65,0,0,125,14.7493
2.675,0,0,125,14.7099
2.7,0,0,125,14.67
2.725,0,0,125,14.6297
2.75,0,0,125,14.5888
2.775,0,0,125,14.5474
2.8,0,0,125,14.5055
2.825,0,0,125,14.4631
2.85,0,0,125,14.4202
2.875,0,0,125,14.3768
2.9,0,0,125,14.3329
2.925,0,0,125,14.2885
2.95,0,0,125,14.2436
2.975,0,0,125,14.1983
3,0,0,125,14.1525
3.025,0,0,125,14.1062
3.05,0,0,125,14.0594
3.075,0,0,125,14.0122
3.1,0,0,125,13.9645
3.125,0,0,125,13.9165
3.15,0,0,125,13.8679
3.175,0,0,125,13.819
3.2,0,0,125,13.7697
3.225,0,0,125,13.72
3.25,0,0,125,13.6699
3.275,0,0,125,13.6195
3.3,0,0,125,13.5687
3.325,0,0,125,13.5176
3.35,0,0,125,13.4662
3.375,0,0,125,13.4146
3.4,0,0,125,13.3627
3.425,0,0,125,13.3105
3.45,0,0,125,13.2582
3.475,0,0,125,13.2056
3.5,0,0,125,13.1529
3.525,0,0,125,13.1001
3.55,0,0,125,13.0472
3.575,0,0,125,12.9943
3.6,0,0,125,12.9413
3.625,0,0,125,12.8883
3.65,0,0,125,12.8354
3.675,0,0,125,12.7825
3.7,0,0,125,12.7297
3.725,0,0,125,12.6771
3.75,0,0,125,12.6247
3.775,0,0,125,12.5725
3.8,0,0,125,12.5205
3.825,0,0,125,12.4689
3.85,0,0,125,12.4176
3.875,0,0,125,12.3667
3.9,0,0,125,12.3163
3.925,0,0,125,12.2663
3.95,0,0,125,12.2168
3.975,0,0,125,12.1679
4,0,0,125,12.1195
4.025,0,0,125,12.0718
4.05,0,0,125,12.0247
4.075,0,0,125,11.9784
4.1,0,0,125,11.9328
4.125,0,0,125,11.8879
4.15,0,0,125,11.8438
4.175,0,0,125,11.8006
4.2,0,0,125,11.7583
4.225,0,0,125,11.7168
4.25,0,0,125,11.6762
4.275,0,0,125,11.6365
4.3,0,0,125,11.5978
4.325,0,0,125,11.5601
4.35,0,0,125,11.5233
4.375,0,0,125,11.4875
4.4,0,0,125,11.4527
4.425,0,0,125,11.4189
4.45,0,0,125,11.3861
4.475,0,0,125,11.3542
4.5,0,0,125,11.3234
4.525,0,0,125,11.2936
4.55,0,0,125,11.2647
4.575,0,0,125,11.2369
4.6,0,0,125,11.2101
4.625,0,0,125,11.1842
4.65,0,0,125,11.1594
4.675,0,0,125,11.1356
4.7,0,0,125,11.1128
4.725,0,0,125,11.0912
4.75,0,0,125,11.0707
4.775,0,0,125,11.0514
4.8,0,0,125,11.0334
4.825,0,0,125,11.0169
4.85,0,0,125,11.002
4.875,0,0,125,10.9888
4.9,0,0,125,10.9775
4.925,0,0,125,10.9683
4.95,0,0,125,10.9612
4.975,0,0,125,10.9565
5,0,0,125,10.9541
