0,0,0,125,-22.2968
0.025,0,0,125,-22.2922
0.05,0,0,125,-22.2831
0.075,0,0,125,-22.2698
0.1,0,0,125,-22.2525
0.125,0,0,125,-22.2316
0.15,0,0,125,-22.2075
0.175,0,0,125,-22.1806
0.2,0,0,125,-22.1509
0.225,0,0,125,-22.1187
0.25,0,0,125,-22.084
0.275,0,0,125,-22.0471
0.3,0,0,125,-22.008
0.325,0,0,125,-21.9668
0.35,0,0,125,-21.9237
0.375,0,0,125,-21.8787
0.4,0,0,125,-21.832
0.425,0,0,125,-21.7835
0.45,0,0,125,-21.7335
0.475,0,0,125,-21.6819
0.5,0,0,125,-21.6289
0.525,0,0,125,-21.5746
0.55,0,0,125,-21.5189
0.575,0,0,125,-21.4621
0.6,0,0,125,-21.404
0.625,0,0,125,-21.3449
0.65,0,0,125,-21.2848
0.675,0,0,125,-21.2236
0.7,0,0,125,-21.1616
0.725,0,0,125,-21.0986
0.75,0,0,125,-21.0349
0.775,0,0,125,-20.9704
0.8,0,0,125,-20.9051
0.825,0,0,125,-20.8392
0.85,0,0,125,-20.7726
0.875,0,0,125,-20.7054
0.9,0,0,125,-20.6377
0.925,0,0,125,-20.5694
0.95,0,0,125,-20.5006
0.975,0,0,125,-20.4314
1,0,0,125,-20.3618
1.025,0,0,125,-20.2917
1.05,0,0,125,-20.2213
1.075,0,0,125,-20.1506
1.1,0,0,125,-20.0795
1.125,0,0,125,-20.0081
1.15,0,0,125,-19.9365
1.175,0,0,125,-19.8647
1.2,0,0,125,-19.7926
1.225,0,0,125,-19.7203
1.25,0,0,125,-19.6479
1.275,0,0,125,-19.5753
1.3,0,0,125,-19.5025
1.325,0,0,125,-19.4297
1.35,0,0,125,-19.3567
1.375,0,0,125,-19.2836
1.4,0,0,125,-19.2105
1.425,0,0,125,-19.1373
1.45,0,0,125,-19.064
1.475,0,0,125,-18.9908
1.5,0,0,125,-18.9174
1.525,0,0,125,-18.8441
1.55,0,0,125,-18.7708
1.575,0,0,125,-18.6974
1.6,0,0,125,-18.6241
1.625,0,0,125,-18.5508
1.65,0,0,125,-18.4776
1.675,0,0,125,-18.4044
1.7,0,0,125,-18.3312
1.725,0,0,125,-18.2581
1.75,0,0,125,-18.185
1.775,0,0,125,-18.112
1.8,0,0,125,-18.0391
1.825,0,0,125,-17.9663
1.85,0,0,125,-17.8935
1.875,0,0,125,-17.8209
1.9,0,0,125,-17.7483
1.925,0,0,125,-17.6758
1.95,0,0,125,-17.6035
1.975,0,0,125,-17.5312
2,0,0,125,-17.4591
2.025,0,0,125,-17.387
2.05,0,0,125,-17.3151
2.075,0,0,125,-17.2433
2.1,0,0,125,-17.1717
2.125,0,0,125,-17.1001
2.15,0,0,125,-17.0287
2.175,0,0,125,-16.9574
2.2,0,0,125,-16.8863
2.225,0,0,125,-16.8153
2.25,0,0,125,-16.7444
2.275,0,0,125,-16.6737
2.3,0,0,125,-16.6031
2.325,0,0,125,-16.5326
2.35,0,0,125,-16.4623
2.375,0,0,125,-16.3922
2.4,0,0,125,-16.3221
2.425,0,0,125,-16.2523
2.45,0,0,125,-16.1826
2.475,0,0,125,-16.113
2.5,0,0,125,-16.0436
2.525,0,0,125,-15.9744
2.55,0,0,125,-15.9053
2.575,0,0,125,-15.8363
2.6,0,0,125,-15.7675
2.625,0,0,125,-15.6989
2.65,0,0,125,-15.6304
2.675,0,0,125,-15.5621
2.7,0,0,125,-15.494
2.725,0,0,125,-15.426
2.75,0,0,125,-15.3582
2.775,0,0,125,-15.2905
2.8,0,0,125,-15.223
2.825,0,0,125,-15.1557
2.85,0,0,125,-15.0885
2.875,0,0,125,-15.0215
2.9,0,0,125,-14.9547
2.925,0,0,125,-14.888
2.95,0,0,125,-14.8215
2.975,0,0,125,-14.7552
3,0,0,125,-14.6891
3.025,0,0,125,-14.6231
3.05,0,0,125,-14.5573
3.075,0,0,125,-14.4916
3.1,0,0,125,-14.4261
3.125,0,0,125,-14.3608
3.15,0,0,125,-14.2957
3.175,0,0,125,-14.2308
3.2,0,0,125,-14.166
3.225,0,0,125,-14.1015
3.25,0,0,125,-14.0371
3.275,0,0,125,-13.9729
3.3,0,0,125,-13.9089
3.325,0,0,125,-13.845
3.35,0,0,125,-13.7814
3.375,0,0,125,-13.718
3.4,0,0,125,-13.6548
3.425,0,0,125,-13.5917
3.45,0,0,125,-13.5289
3.475,0,0,125,-13.4663
3.5,0,0,125,-13.4039
3.525,0,0,125,-13.3418
3.55,0,0,125,-13.2798
3.575,0,0,125,-13.2181
3.6,0,0,125,-13.1566
3.625,0,0,125,-13.0954
3.65,0,0,125,-13.0344
3.675,0,0,125,-12.9737
3.7,0,0,125,-12.9132
3.725,0,0,125,-12.853
3.75,0,0,125,-12.7931
3.775,0,0,125,-12.7335
3.8,0,0,125,-12.6741
3.825,0,0,125,-12.6151
3.85,0,0,125,-12.5564
3.875,0,0,125,-12.4981
3.9,0,0,125,-12.44
3.925,0,0,125,-12.3824
3.95,0,0,125,-12.3251
3.975,0,0,125,-12.2682
4,0,0,125,-12.2117
4.025,0,0,125,-12.1557
4.05,0,0,125,-12.1001
4.075,0,0,125,-12.0449
4.1,0,0,125,-11.9903
4.125,0,0,125,-11.9361
4.15,0,0,125,-11.8825
4.175,0,0,125,-11.8294
4.2,0,0,125,-11.7769
4.225,0,0,125,-11.725
4.25,0,0,125,-11.6738
4.275,0,0,125,-11.6232
4.3,0,0,125,-11.5734
4.325,0,0,125,-11.5243
4.35,0,0,125,-11.476
4.375,0,0,125,-11.4286
4.4,0,0,125,-11.382
4.425,0,0,125,-11.3364
4.45,0,0,125,-11.2918
4.475,0,0,125,-11.2482
4.5,0,0,125,-11.2057
4.525,0,0,125,-11.1643
4.55,0,0,125,-11.1242
4.575,0,0,125,-11.0854
4.6,0,0,125,-11.048
4.625,0,0,125,-11.012
4.65,0,0,125,-10.9775
4.675,0,0,125,-10.9446
4.7,0,0,125,-10.9134
4.725,0,0,125,-10.884
4.75,0,0,125,-10.8565
4.775,0,0,125,-10.831
4.8,0,0,125,-10.8075
4.825,0,0,125,-10.7863
4.85,0,0,125,-10.7673
4.875,0,0,125,-10.7507
4.9,0,0,125,-10.7367
4.925,0,0,125,-10.7252
4.95,0,0,125,-10.7166
4.975,0,0,125,-10.7107
5,0,0,125,-10.7078
