0,0,0,125,-83.1102
0.025,0,0,125,-83.1107
0.05,0,0,125,-83.1116
0.075,0,0,125,-83.113
0.1,0,0,125,-83.1146
0.125,0,0,125,-83.1164
0.15,0,0,125,-83.1183
0.175,0,0,125,-83.1201
0.2,0,0,125,-83.122
0.225,0,0,125,-83.1237
0.25,0,0,125,-83.1252
0.275,0,0,125,-83.1266
0.3,0,0,125,-83.1278
0.325,0,0,125,-83.1287
0.35,0,0,125,-83.1293
0.375,0,0,125,-83.1297
0.4,0,0,125,-83.1297
0.425,0,0,125,-83.1293
0.45,0,0,125,-83.1286
0.475,0,0,125,-83.1274
0.5,0,0,125,-83.1258
0.525,0,0,125,-83.1237
0.55,0,0,125,-83.1211
0.575,0,0,125,-83.1179
0.6,0,0,125,-83.1141
0.625,0,0,125,-83.1097
0.65,0,0,125,-83.1047
0.675,0,0,125,-83.0989
0.7,0,0,125,-83.0923
0.725,0,0,125,-83.0848
0.75,0,0,125,-83.0765
0.775,0,0,125,-83.0672
0.8,0,0,125,-83.0568
0.825,0,0,125,-83.0453
0.85,0,0,125,-83.0326
0.875,0,0,125,-83.0185
0.9,0,0,125,-83.003
0.925,0,0,125,-82.986
0.95,0,0,125,-82.9673
0.975,0,0,125,-82.9468
1,0,0,125,-82.9242
1.025,0,0,125,-82.8995
1.05,0,0,125,-82.8725
1.075,0,0,125,-82.8429
1.1,0,0,125,-82.8105
1.125,0,0,125,-82.7751
1.15,0,0,125,-82.7363
1.175,0,0,125,-82.6939
1.2,0,0,125,-82.6476
1.225,0,0,125,-82.597
1.25,0,0,125,-82.5416
1.275,0,0,125,-82.481
1.3,0,0,125,-82.4148
1.325,0,0,125,-82.3423
1.35,0,0,125,-82.2631
1.375,0,0,125,-82.1765
1.4,0,0,125,-82.0817
1.425,0,0,125,-81.978
1.45,0,0,125,-81.8646
1.475,0,0,125,-81.7405
1.5,0,0,125,-81.6046
1.525,0,0,125,-81.456
1.55,0,0,125,-81.2934
1.575,0,0,125,-81.1155
1.6,0,0,125,-80.9209
1.625,0,0,125,-80.708
1.65,0,0,125,-80.4751
1.675,0,0,125,-80.2206
1.7,0,0,125,-79.9425
1.725,0,0,125,-79.6388
1.75,0,0,125,-79.3073
1.775,0,0,125,-78.9457
1.8,0,0,125,-78.5518
1.825,0,0,125,-78.1229
1.85,0,0,125,-77.6567
1.875,0,0,125,-77.1506
1.9,0,0,125,-76.602
1.925,0,0,125,-76.0084
1.95,0,0,125,-75.3674
1.975,0,0,125,-74.6768
2,0,0,125,-73.9346
2.025,0,0,125,-73.1391
2.05,0,0,125,-72.2887
2.075,0,0,125,-71.3828
2.1,0,0,125,-70.4208
2.125,0,0,125,-69.4028
2.15,0,0,125,-68.3298
2.175,0,0,125,-67.2031
2.2,0,0,125,-66.0249
2.225,0,0,125,-64.798
2.25,0,0,125,-63.5258
2.275,0,0,125,-62.2126
2.3,0,0,125,-60.8629
2.325,0,0,125,-59.482
2.35,0,0,125,-58.0753
2.375,0,0,125,-56.6486
2.4,0,0,125,-55.2079
2.425,0,0,125,-53.7591
2.45,0,0,125,-52.3081
2.475,0,0,125,-50.8603
2.5,0,0,125,-49.4213
2.525,0,0,125,-47.9959
2.55,0,0,125,-46.5887
2.575,0,0,125,-45.2035
2.6,0,0,125,-43.8439
2.625,0,0,125,-42.5128
2.65,0,0,125,-41.2127
2.675,0,0,125,-39.9454
2.7,0,0,125,-38.7124
2.725,0,0,125,-37.5148
2.75,0,0,125,-36.3532
2.775,0,0,125,-35.228
2.8,0,0,125,-34.1393
2.825,0,0,125,-33.0869
2.85,0,0,125,-32.0705
2.875,0,0,125,-31.0896
2.9,0,0,125,-30.1438
2.925,0,0,125,-29.2323
2.95,0,0,125,-28.3544
2.975,0,0,125,-27.5095
3,0,0,125,-26.6966
3.025,0,0,125,-25.915
3.05,0,0,125,-25.1639
3.075,0,0,125,-24.4424
3.1,0,0,125,-23.7497
3.125,0,0,125,-23.085
3.15,0,0,125,-22.4473
3.175,0,0,125,-21.8358
3.2,0,0,125,-21.2496
3.225,0,0,125,-20.688
3.25,0,0,125,-20.1499
3.275,0,0,125,-19.6347
3.3,0,0,125,-19.1414
3.325,0,0,125,-18.6693
3.35,0,0,125,-18.2175
3.375,0,0,125,-17.7853
3.4,0,0,125,-17.3718
3.425,0,0,125,-16.9763
3.45,0,0,125,-16.598
3.475,0,0,125,-16.2363
3.5,0,0,125,-15.8904
3.525,0,0,125,-15.5596
3.55,0,0,125,-15.2433
3.575,0,0,125,-14.9409
3.6,0,0,125,-14.6517
3.625,0,0,125,-14.3751
3.65,0,0,125,-14.1106
3.675,0,0,125,-13.8576
3.7,0,0,125,-13.6156
3.725,0,0,125,-13.3841
3.75,0,0,125,-13.1626
3.775,0,0,125,-12.9507
3.8,0,0,125,-12.7479
3.825,0,0,125,-12.5538
3.85,0,0,125,-12.368
3.875,0,0,125,-12.1901
3.9,0,0,125,-12.0198
3.925,0,0,125,-11.8567
3.95,0,0,125,-11.7005
3.975,0,0,125,-11.551
4,0,0,125,-11.4077
4.025,0,0,125,-11.2704
4.05,0,0,125,-11.1389
4.075,0,0,125,-11.013
4.1,0,0,125,-10.8923
4.125,0,0,125,-10.7767
4.15,0,0,125,-10.666
4.175,0,0,125,-10.5599
4.2,0,0,125,-10.4584
4.225,0,0,125,-10.3612
4.25,0,0,125,-10.2681
4.275,0,0,125,-10.1791
4.3,0,0,125,-10.0939
4.325,0,0,125,-10.0124
4.35,0,0,125,-9.93465
4.375,0,0,125,-9.86036
4.4,0,0,125,-9.78949
4.425,0,0,125,-9.72193
4.45,0,0,125,-9.65761
4.475,0,0,125,-9.59644
4.5,0,0,125,-9.53835
4.525,0,0,125,-9.48328
4.55,0,0,125,-9.43117
4.575,0,0,125,-9.38198
4.6,0,0,125,-9.33567
4.625,0,0,125,-9.29219
4.65,0,0,125,-9.25153
4.675,0,0,125,-9.21366
4.7,0,0,125,-9.17857
4.725,0,0,125,-9.14625
4.75,0,0,125,-9.1167
4.775,0,0,125,-9.0899
4.8,0,0,125,-9.06588
4.825,0,0,125,-9.04463
4.85,0,0,125,-9.02615
4.875,0,0,125,-9.01044
4.9,0,0,125,-8.99744
4.925,0,0,125,-8.98711
4.95,0,0,125,-8.97941
4.975,0,0,125,-8.97429
5,0,0,125,-8.97173
