0,0,0,125,-82.8545
0.025,0,0,125,-82.8548
0.05,0,0,125,-82.8554
0.075,0,0,125,-82.8563
0.1,0,0,125,-82.8574
0.125,0,0,125,-82.8586
0.15,0,0,125,-82.8599
0.175,0,0,125,-82.8612
0.2,0,0,125,-82.8625
0.225,0,0,125,-82.8638
0.25,0,0,125,-82.865
0.275,0,0,125,-82.8662
0.3,0,0,125,-82.8673
0.325,0,0,125,-82.8683
0.35,0,0,125,-82.8693
0.375,0,0,125,-82.8702
0.4,0,0,125,-82.871
0.425,0,0,125,-82.8718
0.45,0,0,125,-82.8725
0.475,0,0,125,-82.8732
0.5,0,0,125,-82.8737
0.525,0,0,125,-82.8743
0.55,0,0,125,-82.8747
0.575,0,0,125,-82.8751
0.6,0,0,125,-82.8754
0.625,0,0,125,-82.8757
0.65,0,0,125,-82.8758
0.675,0,0,125,-82.876
0.7,0,0,125,-82.8761
0.725,0,0,125,-82.8761
0.75,0,0,125,-82.8761
0.775,0,0,125,-82.8761
0.8,0,0,125,-82.8761
0.825,0,0,125,-82.876
0.85,0,0,125,-82.8758
0.875,0,0,125,-82.8756
0.9,0,0,125,-82.8754
0.925,0,0,125,-82.8751
0.95,0,0,125,-82.8747
0.975,0,0,125,-82.8743
1,0,0,125,-82.8737
1.025,0,0,125,-82.873
1.05,0,0,125,-82.8721
1.075,0,0,125,-82.8709
1.1,0,0,125,-82.8694
1.125,0,0,125,-82.8673
1.15,0,0,125,-82.8644
1.175,0,0,125,-82.8605
1.2,0,0,125,-82.8548
1.225,0,0,125,-82.8468
1.25,0,0,125,-82.8351
1.275,0,0,125,-82.8181
1.3,0,0,125,-82.7933
1.325,0,0,125,-82.757
1.35,0,0,125,-82.7034
1.375,0,0,125,-82.6246
1.4,0,0,125,-82.5084
1.425,0,0,125,-82.3368
1.45,0,0,125,-82.0833
1.475,0,0,125,-81.7087
1.5,0,0,125,-81.1551
1.525,0,0,125,-80.3371
1.55,0,0,125,-79.1286
1.575,0,0,125,-77.3443
1.6,0,0,125,-74.7126
1.625,0,0,125,-70.837
1.65,0,0,125,-65.1435
1.675,0,0,125,-56.819
1.7,0,0,125,-44.844
1.725,0,0,125,-29.1552
1.75,0,0,125,-14.6152
1.775,0,0,125,-4.61261
1.8,0,0,125,1.86175
1.825,0,0,125,5.99773
1.85,0,0,125,8.60468
1.875,0,0,125,10.199
1.9,0,0,125,11.112
1.925,0,0,125,11.5605
1.95,0,0,125,11.6896
1.975,0,0,125,11.598
2,0,0,125,11.3539
2.025,0,0,125,11.0051
2.05,0,0,125,10.5849
2.075,0,0,125,10.1173
2.1,0,0,125,9.61888
2.125,0,0,125,9.10172
2.15,0,0,125,8.57424
2.175,0,0,125,8.04241
2.2,0,0,125,7.51041
2.225,0,0,125,6.98118
2.25,0,0,125,6.45671
2.275,0,0,125,5.93834
2.3,0,0,125,5.42696
2.325,0,0,125,4.92309
2.35,0,0,125,4.42703
2.375,0,0,125,3.93891
2.4,0,0,125,3.45874
2.425,0,0,125,2.98642
2.45,0,0,125,2.52182
2.475,0,0,125,2.06475
2.5,0,0,125,1.61501
2.525,0,0,125,1.17236
2.55,0,0,125,0.736569
2.575,0,0,125,0.307384
2.6,0,0,125,-0.115441
2.625,0,0,125,-0.532155
2.65,0,0,125,-0.943004
2.675,0,0,125,-1.34823
2.7,0,0,125,-1.74808
2.725,0,0,125,-2.14278
2.75,0,0,125,-2.53256
2.775,0,0,125,-2.91765
2.8,0,0,125,-3.29826
2.825,0,0,125,-3.6746
2.85,0,0,125,-4.04688
2.875,0,0,125,-4.4153
2.9,0,0,125,-4.78003
2.925,0,0,125,-5.14127
2.95,0,0,125,-5.49919
2.975,0,0,125,-5.85395
3,0,0,125,-6.2057
3.025,0,0,125,-6.5546
3.05,0,0,125,-6.90077
3.075,0,0,125,-7.24434
3.1,0,0,125,-7.58544
3.125,0,0,125,-7.92414
3.15,0,0,125,-8.26056
3.175,0,0,125,-8.59476
3.2,0,0,125,-8.9268
3.225,0,0,125,-9.25674
3.25,0,0,125,-9.5846
3.275,0,0,125,-9.9104
3.3,0,0,125,-10.2341
3.325,0,0,125,-10.5558
3.35,0,0,125,-10.8753
3.375,0,0,125,-11.1927
3.4,0,0,125,-11.5077
3.425,0,0,125,-11.8204
3.45,0,0,125,-12.1307
3.475,0,0,125,-12.4383
3.5,0,0,125,-12.743
3.525,0,0,125,-13.0448
3.55,0,0,125,-13.3434
3.575,0,0,125,-13.6385
3.6,0,0,125,-13.9298
3.625,0,0,125,-14.2171
3.65,0,0,125,-14.5001
3.675,0,0,125,-14.7783
3.7,0,0,125,-15.0515
3.725,0,0,125,-15.3192
3.75,0,0,125,-15.5809
3.775,0,0,125,-15.8364
3.8,0,0,125,-16.085
3.825,0,0,125,-16.3263
3.85,0,0,125,-16.5598
3.875,0,0,125,-16.7849
3.9,0,0,125,-17.0012
3.925,0,0,125,-17.208
3.95,0,0,125,-17.4049
3.975,0,0,125,-17.5912
4,0,0,125,-17.7663
4.025,0,0,125,-17.9298
4.05,0,0,125,-18.0811
4.075,0,0,125,-18.2196
4.1,0,0,125,-18.3447
4.125,0,0,125,-18.4561
4.15,0,0,125,-18.5532
4.175,0,0,125,-18.6355
4.2,0,0,125,-18.7028
4.225,0,0,125,-18.7545
4.25,0,0,125,-18.7905
4.275,0,0,125,-18.8106
4.3,0,0,125,-18.8144
4.325,0,0,125,-18.8021
4.35,0,0,125,-18.7736
4.375,0,0,125,-18.7291
4.4,0,0,125,-18.6686
4.425,0,0,125,-18.5927
4.45,0,0,125,-18.5017
4.475,0,0,125,-18.3963
4.5,0,0,125,-18.2772
4.525,0,0,125,-18.1453
4.55,0,0,125,-18.0017
4.575,0,0,125,-17.8475
4.6,0,0,125,-17.6843
4.625,0,0,125,-17.5135
4.65,0,0,125,-17.3371
4.675,0,0,125,-17.157
4.7,0,0,125,-16.9754
4.725,0,0,125,-16.7947
4.75,0,0,125,-16.6177
4.775,0,0,125,-16.4471
4.8,0,0,125,-16.2862
4.825,0,0,125,-16.1379
4.85,0,0,125,-16.0054
4.875,0,0,125,-15.8911
4.9,0,0,125,-15.7964
4.925,0,0,125,-15.7214
4.95,0,0,125,-15.6657
4.975,0,0,125,-15.6288
5,0,0,125,-15.6104
