0,0,0,125,-84.0562
0.025,0,0,125,-84.0564
0.05,0,0,125,-84.0567
0.075,0,0,125,-84.0571
0.1,0,0,125,-84.0577
0.125,0,0,125,-84.0583
0.15,0,0,125,-84.059
0.175,0,0,125,-84.0597
0.2,0,0,125,-84.0605
0.225,0,0,125,-84.0612
0.25,0,0,125,-84.062
0.275,0,0,125,-84.0628
0.3,0,0,125,-84.0635
0.325,0,0,125,-84.0643
0.35,0,0,125,-84.0651
0.375,0,0,125,-84.0659
0.4,0,0,125,-84.0666
0.425,0,0,125,-84.0674
0.45,0,0,125,-84.0681
0.475,0,0,125,-84.0688
0.5,0,0,125,-84.0695
0.525,0,0,125,-84.0702
0.55,0,0,125,-84.0708
0.575,0,0,125,-84.0715
0.6,0,0,125,-84.0721
0.625,0,0,125,-84.0727
0.65,0,0,125,-84.0733
0.675,0,0,125,-84.0739
0.7,0,0,125,-84.0745
0.725,0,0,125,-84.0751
0.75,0,0,125,-84.0757
0.775,0,0,125,-84.0763
0.8,0,0,125,-84.0769
0.825,0,0,125,-84.0776
0.85,0,0,125,-84.0782
0.875,0,0,125,-84.0789
0.9,0,0,125,-84.0795
0.925,0,0,125,-84.0802
0.95,0,0,125,-84.0809
0.975,0,0,125,-84.0816
1,0,0,125,-84.0823
1.025,0,0,125,-84.083
1.05,0,0,125,-84.0837
1.075,0,0,125,-84.0845
1.1,0,0,125,-84.0852
1.125,0,0,125,-84.086
1.15,0,0,125,-84.0867
1.175,0,0,125,-84.0875
1.2,0,0,125,-84.0883
1.225,0,0,125,-84.0891
1.25,0,0,125,-84.0899
1.275,0,0,125,-84.0907
1.3,0,0,125,-84.0915
1.325,0,0,125,-84.0923
1.35,0,0,125,-84.0932
1.375,0,0,125,-84.094
1.4,0,0,125,-84.0949
1.425,0,0,125,-84.0957
1.45,0,0,125,-84.0966
1.475,0,0,125,-84.0975
1.5,0,0,125,-84.0984
1.525,0,0,125,-84.0993
1.55,0,0,125,-84.1002
1.575,0,0,125,-84.1012
1.6,0,0,125,-84.1021
1.625,0,0,125,-84.1031
1.65,0,0,125,-84.1042
1.675,0,0,125,-84.1052
1.7,0,0,125,-84.1063
1.725,0,0,125,-84.1075
1.75,0,0,125,-84.1086
1.775,0,0,125,-84.1099
1.8,0,0,125,-84.1111
1.825,0,0,125,-84.1124
1.85,0,0,125,-84.1137
1.875,0,0,125,-84.1151
1.9,0,0,125,-84.1165
1.925,0,0,125,-84.1179
1.95,0,0,125,-84.1193
1.975,0,0,125,-84.1208
2,0,0,125,-84.1223
2.025,0,0,125,-84.1238
2.05,0,0,125,-84.1254
2.075,0,0,125,-84.127
2.1,0,0,125,-84.1286
2.125,0,0,125,-84.1303
2.15,0,0,125,-84.132
2.175,0,0,125,-84.1337
2.2,0,0,125,-84.1355
2.225,0,0,125,-84.1373
2.25,0,0,125,-84.1391
2.275,0,0,125,-84.141
2.3,0,0,125,-84.143
2.325,0,0,125,-84.1449
2.35,0,0,125,-84.1469
2.375,0,0,125,-84.149
2.4,0,0,125,-84.1511
2.425,0,0,125,-84.1532
2.45,0,0,125,-84.1554
2.475,0,0,125,-84.1575
2.5,0,0,125,-84.1598
2.525,0,0,125,-84.1621
2.55,0,0,125,-84.1644
2.575,0,0,125,-84.1667
2.6,0,0,125,-84.1691
2.625,0,0,125,-84.1715
2.65,0,0,125,-84.1739
2.675,0,0,125,-84.1764
2.7,0,0,125,-84.179
2.725,0,0,125,-84.1815
2.75,0,0,125,-84.1841
2.775,0,0,125,-84.1867
2.8,0,0,125,-84.1894
2.825,0,0,125,-84.1921
2.85,0,0,125,-84.1948
2.875,0,0,125,-84.1976
2.9,0,0,125,-84.2003
2.925,0,0,125,-84.2031
2.95,0,0,125,-84.2059
2.975,0,0,125,-84.2087
3,0,0,125,-84.2114
3.025,0,0,125,-84.2142
3.05,0,0,125,-84.217
3.075,0,0,125,-84.2198
3.1,0,0,125,-84.2225
3.125,0,0,125,-84.2253
3.15,0,0,125,-84.228
3.175,0,0,125,-84.2307
3.2,0,0,125,-84.2335
3.225,0,0,125,-84.2362
3.25,0,0,125,-84.2389
3.275,0,0,125,-84.2415
3.3,0,0,125,-84.2442
3.325,0,0,125,-84.2467
3.35,0,0,125,-84.2493
3.375,0,0,125,-84.2518
3.4,0,0,125,-84.2543
3.425,0,0,125,-84.2567
3.45,0,0,125,-84.2591
3.475,0,0,125,-84.2615
3.5,0,0,125,-84.2638
3.525,0,0,125,-84.2661
3.55,0,0,125,-84.2683
3.575,0,0,125,-84.2706
3.6,0,0,125,-84.2727
3.625,0,0,125,-84.2749
3.65,0,0,125,-84.2769
3.675,0,0,125,-84.279
3.7,0,0,125,-84.281
3.725,0,0,125,-84.283
3.75,0,0,125,-84.2849
3.775,0,0,125,-84.2867
3.8,0,0,125,-84.2885
3.825,0,0,125,-84.2902
3.85,0,0,125,-84.2918
3.875,0,0,125,-84.2934
3.9,0,0,125,-84.295
3.925,0,0,125,-84.2965
3.95,0,0,125,-84.298
3.975,0,0,125,-84.2993
4,0,0,125,-84.3007
4.025,0,0,125,-84.302
4.05,0,0,125,-84.3032
4.075,0,0,125,-84.3044
4.1,0,0,125,-84.3055
4.125,0,0,125,-84.3066
4.15,0,0,125,-84.3076
4.175,0,0,125,-84.3086
4.2,0,0,125,-84.3096
4.225,0,0,125,-84.3105
4.25,0,0,125,-84.3114
4.275,0,0,125,-84.3122
4.3,0,0,125,-84.313
4.325,0,0,125,-84.3138
4.35,0,0,125,-84.3145
4.375,0,0,125,-84.3152
4.4,0,0,125,-84.3158
4.425,0,0,125,-84.3164
4.45,0,0,125,-84.317
4.475,0,0,125,-84.3175
4.5,0,0,125,-84.318
4.525,0,0,125,-84.3184
4.55,0,0,125,-84.3189
4.575,0,0,125,-84.3192
4.6,0,0,125,-84.3196
4.625,0,0,125,-84.3199
4.65,0,0,125,-84.3202
4.675,0,0,125,-84.3204
4.7,0,0,125,-84.3206
4.725,0,0,125,-84.3208
4.75,0,0,125,-84.321
4.775,0,0,125,-84.3211
4.8,0,0,125,-84.3212
4.825,0,0,125,-84.3213
4.85,0,0,125,-84.3214
4.875,0,0,125,-84.3215
4.9,0,0,125,-84.3215
4.925,0,0,125,-84.3215
4.95,0,0,125,-84.3216
4.975,0,0,125,-84.3216
5,0,0,125,-84.3216
