0,0,0,125,6.71242
0.025,0,0,125,6.70589
0.05,0,0,125,6.69263
0.075,0,0,125,6.67207
0.1,0,0,125,6.64341
0.125,0,0,125,6.60568
0.15,0,0,125,6.55811
0.175,0,0,125,6.50044
0.2,0,0,125,6.43293
0.225,0,0,125,6.35614
0.25,0,0,125,6.27073
0.275,0,0,125,6.17741
0.3,0,0,125,6.07688
0.325,0,0,125,5.96982
0.35,0,0,125,5.8569
0.375,0,0,125,5.73874
0.4,0,0,125,5.61596
0.425,0,0,125,5.48912
0.45,0,0,125,5.35878
0.475,0,0,125,5.22546
0.5,0,0,125,5.08966
0.525,0,0,125,4.95184
0.55,0,0,125,4.81243
0.575,0,0,125,4.67183
0.6,0,0,125,4.53044
0.625,0,0,125,4.38858
0.65,0,0,125,4.2466
0.675,0,0,125,4.10478
0.7,0,0,125,3.96338
0.725,0,0,125,3.82266
0.75,0,0,125,3.68283
0.775,0,0,125,3.54408
0.8,0,0,125,3.40658
0.825,0,0,125,3.27049
0.85,0,0,125,3.13593
0.875,0,0,125,3.00301
0.9,0,0,125,2.87182
0.925,0,0,125,2.74243
0.95,0,0,125,2.61491
0.975,0,0,125,2.48928
1,0,0,125,2.36559
1.025,0,0,125,2.24385
1.05,0,0,125,2.12406
1.075,0,0,125,2.00622
1.1,0,0,125,1.89032
1.125,0,0,125,1.77633
1.15,0,0,125,1.66423
1.175,0,0,125,1.55399
1.2,0,0,125,1.44556
1.225,0,0,125,1.33892
1.25,0,0,125,1.23402
1.275,0,0,125,1.13081
1.3,0,0,125,1.02927
1.325,0,0,125,0.929338
1.35,0,0,125,0.830988
1.375,0,0,125,0.734182
1.4,0,0,125,0.63889
1.425,0,0,125,0.545086
1.45,0,0,125,0.452751
1.475,0,0,125,0.361869
1.5,0,0,125,0.272435
1.525,0,0,125,0.18445
1.55,0,0,125,0.0979234
1.575,0,0,125,0.0128728
1.6,0,0,125,-0.0706749
1.625,0,0,125,-0.152682
1.65,0,0,125,-0.233103
1.675,0,0,125,-0.311882
1.7,0,0,125,-0.388952
1.725,0,0,125,-0.464238
1.75,0,0,125,-0.537655
1.775,0,0,125,-0.609106
1.8,0,0,125,-0.678489
1.825,0,0,125,-0.745689
1.85,0,0,125,-0.810586
1.875,0,0,125,-0.87305
1.9,0,0,125,-0.932944
1.925,0,0,125,-0.990124
1.95,0,0,125,-1.04444
1.975,0,0,125,-1.09574
2,0,0,125,-1.14386
2.025,0,0,125,-1.18863
2.05,0,0,125,-1.2299
2.075,0,0,125,-1.26748
2.1,0,0,125,-1.3012
2.125,0,0,125,-1.3309
2.15,0,0,125,-1.35638
2.175,0,0,125,-1.37747
2.2,0,0,125,-1.39401
2.225,0,0,125,-1.40579
2.25,0,0,125,-1.41266
2.275,0,0,125,-1.41442
2.3,0,0,125,-1.4109
2.325,0,0,125,-1.40194
2.35,0,0,125,-1.38734
2.375,0,0,125,-1.36694
2.4,0,0,125,-1.34057
2.425,0,0,125,-1.30805
2.45,0,0,125,-1.26922
2.475,0,0,125,-1.2239
2.5,0,0,125,-1.17192
2.525,0,0,125,-1.11313
2.55,0,0,125,-1.04735
2.575,0,0,125,-0.974413
2.6,0,0,125,-0.89416
2.625,0,0,125,-0.80642
2.65,0,0,125,-0.711027
2.675,0,0,125,-0.607813
2.7,0,0,125,-0.496607
2.725,0,0,125,-0.377239
2.75,0,0,125,-0.249535
2.775,0,0,125,-0.113319
2.8,0,0,125,0.0315883
2.825,0,0,125,0.18537
2.85,0,0,125,0.348211
2.875,0,0,125,0.520303
2.9,0,0,125,0.70184
2.925,0,0,125,0.893022
2.95,0,0,125,1.09405
2.975,0,0,125,1.30514
3,0,0,125,1.52648
3.025,0,0,125,1.75831
3.05,0,0,125,2.00082
3.075,0,0,125,2.25422
3.1,0,0,125,2.51872
3.125,0,0,125,2.79449
3.15,0,0,125,3.08169
3.175,0,0,125,3.38043
3.2,0,0,125,3.69078
3.225,0,0,125,4.01269
3.25,0,0,125,4.346
3.275,0,0,125,4.69035
3.3,0,0,125,5.04513
3.325,0,0,125,5.40932
3.35,0,0,125,5.78136
3.375,0,0,125,6.15894
3.4,0,0,125,6.53861
3.425,0,0,125,6.9154
3.45,0,0,125,7.28212
3.475,0,0,125,7.62845
3.5,0,0,125,7.93963
3.525,0,0,125,8.1945
3.55,0,0,125,8.36275
3.575,0,0,125,8.40079
3.6,0,0,125,8.24558
3.625,0,0,125,7.80522
3.65,0,0,125,6.94426
3.675,0,0,125,5.46027
3.7,0,0,125,3.04594
3.725,0,0,125,-0.771656
3.75,0,0,125,-6.7176
3.775,0,0,125,-15.8216
3.8,0,0,125,-28.9354
3.825,0,0,125,-43.6024
3.85,0,0,125,-55.3109
3.875,0,0,125,-63.6678
3.9,0,0,125,-69.5036
3.925,0,0,125,-73.552
3.95,0,0,125,-76.3501
3.975,0,0,125,-78.2787
4,0,0,125,-79.605
4.025,0,0,125,-80.515
4.05,0,0,125,-81.1381
4.075,0,0,125,-81.5636
4.1,0,0,125,-81.8534
4.125,0,0,125,-82.0498
4.15,0,0,125,-82.1822
4.175,0,0,125,-82.2707
4.2,0,0,125,-82.3292
4.225,0,0,125,-82.3671
4.25,0,0,125,-82.3909
4.275,0,0,125,-82.4051
4.3,0,0,125,-82.4127
4.325,0,0,125,-82.416
4.35,0,0,125,-82.4162
4.375,0,0,125,-82.4144
4.4,0,0,125,-82.4113
4.425,0,0,125,-82.4074
4.45,0,0,125,-82.4029
4.475,0,0,125,-82.398
4.5,0,0,125,-82.3931
4.525,0,0,125,-82.388
4.55,0,0,125,-82.383
4.575,0,0,125,-82.3781
4.6,0,0,125,-82.3732
4.625,0,0,125,-82.3686
4.65,0,0,125,-82.364
4.675,0,0,125,-82.3597
4.7,0,0,125,-82.3556
4.725,0,0,125,-82.3517
4.75,0,0,125,-82.3481
4.775,0,0,125,-82.3446
4.8,0,0,125,-82.3415
4.825,0,0,125,-82.3386
4.85,0,0,125,-82.336
4.875,0,0,125,-82.3337
4.9,0,0,125,-82.3317
4.925,0,0,125,-82.33
4.95,0,0,125,-82.3288
4.975,0,0,125,-82.328
5,0,0,125,-82.3275
