0,0,0,125,-83.057
0.025,0,0,125,-83.0574
0.05,0,0,125,-83.0583
0.075,0,0,125,-83.0596
0.1,0,0,125,-83.0611
0.125,0,0,125,-83.0628
0.15,0,0,125,-83.0645
0.175,0,0,125,-83.0663
0.2,0,0,125,-83.0679
0.225,0,0,125,-83.0693
0.25,0,0,125,-83.0706
0.275,0,0,125,-83.0715
0.3,0,0,125,-83.0722
0.325,0,0,125,-83.0726
0.35,0,0,125,-83.0727
0.375,0,0,125,-83.0723
0.4,0,0,125,-83.0715
0.425,0,0,125,-83.0703
0.45,0,0,125,-83.0685
0.475,0,0,125,-83.0663
0.5,0,0,125,-83.0634
0.525,0,0,125,-83.0599
0.55,0,0,125,-83.0558
0.575,0,0,125,-83.0509
0.6,0,0,125,-83.0452
0.625,0,0,125,-83.0387
0.65,0,0,125,-83.0312
0.675,0,0,125,-83.0228
0.7,0,0,125,-83.0133
0.725,0,0,125,-83.0026
0.75,0,0,125,-82.9907
0.775,0,0,125,-82.9775
0.8,0,0,125,-82.9627
0.825,0,0,125,-82.9464
0.85,0,0,125,-82.9283
0.875,0,0,125,-82.9083
0.9,0,0,125,-82.8862
0.925,0,0,125,-82.862
0.95,0,0,125,-82.8352
0.975,0,0,125,-82.8058
1,0,0,125,-82.7735
1.025,0,0,125,-82.7379
1.05,0,0,125,-82.6989
1.075,0,0,125,-82.6561
1.1,0,0,125,-82.6091
1.125,0,0,125,-82.5575
1.15,0,0,125,-82.5009
1.175,0,0,125,-82.4389
1.2,0,0,125,-82.3708
1.225,0,0,125,-82.2961
1.25,0,0,125,-82.2142
1.275,0,0,125,-82.1244
1.3,0,0,125,-82.0259
1.325,0,0,125,-81.9179
1.35,0,0,125,-81.7995
1.375,0,0,125,-81.6696
1.4,0,0,125,-81.5272
1.425,0,0,125,-81.371
1.45,0,0,125,-81.1998
1.475,0,0,125,-81.0122
1.5,0,0,125,-80.8066
1.525,0,0,125,-80.5813
1.55,0,0,125,-80.3346
1.575,0,0,125,-80.0645
1.6,0,0,125,-79.7689
1.625,0,0,125,-79.4456
1.65,0,0,125,-79.0923
1.675,0,0,125,-78.7065
1.7,0,0,125,-78.2856
1.725,0,0,125,-77.8269
1.75,0,0,125,-77.3277
1.775,0,0,125,-76.785
1.8,0,0,125,-76.1962
1.825,0,0,125,-75.5585
1.85,0,0,125,-74.8692
1.875,0,0,125,-74.1259
1.9,0,0,125,-73.3264
1.925,0,0,125,-72.4688
1.95,0,0,125,-71.5517
1.975,0,0,125,-70.5742
2,0,0,125,-69.5359
2.025,0,0,125,-68.4373
2.05,0,0,125,-67.2795
2.075,0,0,125,-66.0642
2.1,0,0,125,-64.7943
2.125,0,0,125,-63.4732
2.15,0,0,125,-62.1051
2.175,0,0,125,-60.6949
2.2,0,0,125,-59.2482
2.225,0,0,125,-57.771
2.25,0,0,125,-56.2696
2.275,0,0,125,-54.7506
2.3,0,0,125,-53.2208
2.325,0,0,125,-51.6866
2.35,0,0,125,-50.1544
2.375,0,0,125,-48.6302
2.4,0,0,125,-47.1196
2.425,0,0,125,-45.6276
2.45,0,0,125,-44.1587
2.475,0,0,125,-42.7168
2.5,0,0,125,-41.305
2.525,0,0,125,-39.926
2.55,0,0,125,-38.582
2.575,0,0,125,-37.2745
2.6,0,0,125,-36.0045
2.625,0,0,125,-34.7729
2.65,0,0,125,-33.58
2.675,0,0,125,-32.4259
2.7,0,0,125,-31.3104
2.725,0,0,125,-30.2334
2.75,0,0,125,-29.1943
2.775,0,0,125,-28.1927
2.8,0,0,125,-27.2278
2.825,0,0,125,-26.2991
2.85,0,0,125,-25.4057
2.875,0,0,125,-24.547
2.9,0,0,125,-23.7221
2.925,0,0,125,-22.9302
2.95,0,0,125,-22.1704
2.975,0,0,125,-21.4417
3,0,0,125,-20.7433
3.025,0,0,125,-20.0743
3.05,0,0,125,-19.4337
3.075,0,0,125,-18.8206
3.1,0,0,125,-18.234
3.125,0,0,125,-17.673
3.15,0,0,125,-17.1367
3.175,0,0,125,-16.624
3.2,0,0,125,-16.134
3.225,0,0,125,-15.666
3.25,0,0,125,-15.2188
3.275,0,0,125,-14.7918
3.3,0,0,125,-14.3839
3.325,0,0,125,-13.9944
3.35,0,0,125,-13.6225
3.375,0,0,125,-13.2674
3.4,0,0,125,-12.9282
3.425,0,0,125,-12.6043
3.45,0,0,125,-12.295
3.475,0,0,125,-11.9995
3.5,0,0,125,-11.7173
3.525,0,0,125,-11.4476
3.55,0,0,125,-11.19
3.575,0,0,125,-10.9437
3.6,0,0,125,-10.7083
3.625,0,0,125,-10.4832
3.65,0,0,125,-10.2679
3.675,0,0,125,-10.062
3.7,0,0,125,-9.86501
3.725,0,0,125,-9.67648
3.75,0,0,125,-9.49601
3.775,0,0,125,-9.32322
3.8,0,0,125,-9.15773
3.825,0,0,125,-8.99921
3.85,0,0,125,-8.84732
3.875,0,0,125,-8.70175
3.9,0,0,125,-8.56222
3.925,0,0,125,-8.42845
3.95,0,0,125,-8.30016
3.975,0,0,125,-8.17713
4,0,0,125,-8.05912
4.025,0,0,125,-7.9459
4.05,0,0,125,-7.83727
4.075,0,0,125,-7.73305
4.1,0,0,125,-7.63304
4.125,0,0,125,-7.53708
4.15,0,0,125,-7.44501
4.175,0,0,125,-7.35668
4.2,0,0,125,-7.27195
4.225,0,0,125,-7.19069
4.25,0,0,125,-7.11277
4.275,0,0,125,-7.03808
4.3,0,0,125,-6.96653
4.325,0,0,125,-6.898
4.35,0,0,125,-6.83241
4.375,0,0,125,-6.76967
4.4,0,0,125,-6.70972
4.425,0,0,125,-6.65248
4.45,0,0,125,-6.59789
4.475,0,0,125,-6.5459
4.5,0,0,125,-6.49644
4.525,0,0,125,-6.44947
4.55,0,0,125,-6.40497
4.575,0,0,125,-6.36289
4.6,0,0,125,-6.32322
4.625,0,0,125,-6.28594
4.65,0,0,125,-6.25102
4.675,0,0,125,-6.21846
4.7,0,0,125,-6.18826
4.725,0,0,125,-6.16042
4.75,0,0,125,-6.13495
4.775,0,0,125,-6.11184
4.8,0,0,125,-6.09111
4.825,0,0,125,-6.07279
4.85,0,0,125,-6.05685
4.875,0,0,125,-6.04332
4.9,0,0,125,-6.03213
4.925,0,0,125,-6.02325
4.95,0,0,125,-6.01662
4.975,0,0,125,-6.01222
5,0,0,125,-6.01003
