0,0,0,125,-30.2141
0.025,0,0,125,-30.2101
0.05,0,0,125,-30.2024
0.075,0,0,125,-30.1912
0.1,0,0,125,-30.177
0.125,0,0,125,-30.1603
0.15,0,0,125,-30.1416
0.175,0,0,125,-30.1213
0.2,0,0,125,-30.0999
0.225,0,0,125,-30.0777
0.25,0,0,125,-30.0548
0.275,0,0,125,-30.0317
0.3,0,0,125,-30.0085
0.325,0,0,125,-29.9854
0.35,0,0,125,-29.9628
0.375,0,0,125,-29.9408
0.4,0,0,125,-29.9197
0.425,0,0,125,-29.8997
0.45,0,0,125,-29.8812
0.475,0,0,125,-29.8642
0.5,0,0,125,-29.8491
0.525,0,0,125,-29.8361
0.55,0,0,125,-29.8255
0.575,0,0,125,-29.8174
0.6,0,0,125,-29.8121
0.625,0,0,125,-29.8099
0.65,0,0,125,-29.811
0.675,0,0,125,-29.8156
0.7,0,0,125,-29.8241
0.725,0,0,125,-29.8366
0.75,0,0,125,-29.8535
0.775,0,0,125,-29.8749
0.8,0,0,125,-29.9012
0.825,0,0,125,-29.9326
0.85,0,0,125,-29.9694
0.875,0,0,125,-30.012
0.9,0,0,125,-30.0605
0.925,0,0,125,-30.1153
0.95,0,0,125,-30.1766
0.975,0,0,125,-30.2449
1,0,0,125,-30.3204
1.025,0,0,125,-30.4034
1.05,0,0,125,-30.4943
1.075,0,0,125,-30.5933
1.1,0,0,125,-30.701
1.125,0,0,125,-30.8175
1.15,0,0,125,-30.9434
1.175,0,0,125,-31.0789
1.2,0,0,125,-31.2244
1.225,0,0,125,-31.3804
1.25,0,0,125,-31.5473
1.275,0,0,125,-31.7255
1.3,0,0,125,-31.9154
1.325,0,0,125,-32.1174
1.35,0,0,125,-32.3321
1.375,0,0,125,-32.5598
1.4,0,0,125,-32.8012
1.425,0,0,125,-33.0566
1.45,0,0,125,-33.3265
1.475,0,0,125,-33.6116
1.5,0,0,125,-33.9122
1.525,0,0,125,-34.229
1.55,0,0,125,-34.5625
1.575,0,0,125,-34.9132
1.6,0,0,125,-35.2817
1.625,0,0,125,-35.6685
1.65,0,0,125,-36.0742
1.675,0,0,125,-36.4994
1.7,0,0,125,-36.9446
1.725,0,0,125,-37.4103
1.75,0,0,125,-37.8971
1.775,0,0,125,-38.4055
1.8,0,0,125,-38.9359
1.825,0,0,125,-39.4888
1.85,0,0,125,-40.0646
1.875,0,0,125,-40.6637
1.9,0,0,125,-41.2863
1.925,0,0,125,-41.9327
1.95,0,0,125,-42.603
1.975,0,0,125,-43.2973
2,0,0,125,-44.0155
2.025,0,0,125,-44.7575
2.05,0,0,125,-45.523
2.075,0,0,125,-46.3115
2.1,0,0,125,-47.1226
2.125,0,0,125,-47.9554
2.15,0,0,125,-48.8091
2.175,0,0,125,-49.6826
2.2,0,0,125,-50.5747
2.225,0,0,125,-51.484
2.25,0,0,125,-52.4088
2.275,0,0,125,-53.3476
2.3,0,0,125,-54.2983
2.325,0,0,125,-55.2588
2.35,0,0,125,-56.2269
2.375,0,0,125,-57.2004
2.4,0,0,125,-58.1767
2.425,0,0,125,-59.1533
2.45,0,0,125,-60.1277
2.475,0,0,125,-61.0972
2.5,0,0,125,-62.0593
2.525,0,0,125,-63.0113
2.55,0,0,125,-63.9507
2.575,0,0,125,-64.875
2.6,0,0,125,-65.782
2.625,0,0,125,-66.6694
2.65,0,0,125,-67.5353
2.675,0,0,125,-68.3778
2.7,0,0,125,-69.1952
2.725,0,0,125,-69.9862
2.75,0,0,125,-70.7494
2.775,0,0,125,-71.484
2.8,0,0,125,-72.1891
2.825,0,0,125,-72.8643
2.85,0,0,125,-73.5091
2.875,0,0,125,-74.1235
2.9,0,0,125,-74.7076
2.925,0,0,125,-75.2617
2.95,0,0,125,-75.786
2.975,0,0,125,-76.2813
3,0,0,125,-76.7481
3.025,0,0,125,-77.1874
3.05,0,0,125,-77.6
3.075,0,0,125,-77.9868
3.1,0,0,125,-78.3489
3.125,0,0,125,-78.6874
3.15,0,0,125,-79.0034
3.175,0,0,125,-79.298
3.2,0,0,125,-79.5723
3.225,0,0,125,-79.8274
3.25,0,0,125,-80.0645
3.275,0,0,125,-80.2845
3.3,0,0,125,-80.4886
3.325,0,0,125,-80.6778
3.35,0,0,125,-80.853
3.375,0,0,125,-81.0152
3.4,0,0,125,-81.1653
3.425,0,0,125,-81.3041
3.45,0,0,125,-81.4324
3.475,0,0,125,-81.551
3.5,0,0,125,-81.6606
3.525,0,0,125,-81.7619
3.55,0,0,125,-81.8554
3.575,0,0,125,-81.9418
3.6,0,0,125,-82.0216
3.625,0,0,125,-82.0953
3.65,0,0,125,-82.1635
3.675,0,0,125,-82.2264
3.7,0,0,125,-82.2846
3.725,0,0,125,-82.3383
3.75,0,0,125,-82.388
3.775,0,0,125,-82.4339
3.8,0,0,125,-82.4764
3.825,0,0,125,-82.5157
3.85,0,0,125,-82.5521
3.875,0,0,125,-82.5857
3.9,0,0,125,-82.6169
3.925,0,0,125,-82.6457
3.95,0,0,125,-82.6725
3.975,0,0,125,-82.6972
4,0,0,125,-82.7201
4.025,0,0,125,-82.7414
4.05,0,0,125,-82.761
4.075,0,0,125,-82.7793
4.1,0,0,125,-82.7961
4.125,0,0,125,-82.8118
4.15,0,0,125,-82.8263
4.175,0,0,125,-82.8397
4.2,0,0,125,-82.8522
4.225,0,0,125,-82.8637
4.25,0,0,125,-82.8743
4.275,0,0,125,-82.8842
4.3,0,0,125,-82.8933
4.325,0,0,125,-82.9017
4.35,0,0,125,-82.9095
4.375,0,0,125,-82.9166
4.4,0,0,125,-82.9232
4.425,0,0,125,-82.9293
4.45,0,0,125,-82.9349
4.475,0,0,125,-82.94
4.5,0,0,125,-82.9447
4.525,0,0,125,-82.9489
4.55,0,0,125,-82.9528
4.575,0,0,125,-82.9564
4.6,0,0,125,-82.9596
4.625,0,0,125,-82.9625
4.65,0,0,125,-82.9651
4.675,0,0,125,-82.9674
4.7,0,0,125,-82.9695
4.725,0,0,125,-82.9713
4.75,0,0,125,-82.9729
4.775,0,0,125,-82.9743
4.8,0,0,125,-82.9754
4.825,0,0,125,-82.9764
4.85,0,0,125,-82.9772
4.875,0,0,125,-82.9778
4.9,0,0,125,-82.9783
4.925,0,0,125,-82.9786
4.95,0,0,125,-82.9789
4.975,0,0,125,-82.979
5,0,0,125,-82.9791
