0,0,0,125,-2.86814
0.025,0,0,125,-2.87214
0.05,0,0,125,-2.88016
0.075,0,0,125,-2.89221
0.1,0,0,125,-2.90834
0.125,0,0,125,-2.92862
0.15,0,0,125,-2.95311
0.175,0,0,125,-2.98186
0.2,0,0,125,-3.01484
0.225,0,0,125,-3.052
0.25,0,0,125,-3.09328
0.275,0,0,125,-3.13859
0.3,0,0,125,-3.18786
0.325,0,0,125,-3.241
0.35,0,0,125,-3.29794
0.375,0,0,125,-3.35859
0.4,0,0,125,-3.42288
0.425,0,0,125,-3.49074
0.45,0,0,125,-3.5621
0.475,0,0,125,-3.63689
0.5,0,0,125,-3.71506
0.525,0,0,125,-3.79656
0.55,0,0,125,-3.88133
0.575,0,0,125,-3.96934
0.6,0,0,125,-4.06055
0.625,0,0,125,-4.15493
0.65,0,0,125,-4.25245
0.675,0,0,125,-4.35311
0.7,0,0,125,-4.45688
0.725,0,0,125,-4.56377
0.75,0,0,125,-4.67377
0.775,0,0,125,-4.78689
0.8,0,0,125,-4.90314
0.825,0,0,125,-5.02254
0.85,0,0,125,-5.14512
0.875,0,0,125,-5.27092
0.9,0,0,125,-5.39995
0.925,0,0,125,-5.53228
0.95,0,0,125,-5.66794
0.975,0,0,125,-5.807
1,0,0,125,-5.94952
1.025,0,0,125,-6.09557
1.05,0,0,125,-6.24522
1.075,0,0,125,-6.39855
1.1,0,0,125,-6.55566
1.125,0,0,125,-6.71663
1.15,0,0,125,-6.88158
1.175,0,0,125,-7.0506
1.2,0,0,125,-7.22382
1.225,0,0,125,-7.40136
1.25,0,0,125,-7.58334
1.275,0,0,125,-7.76991
1.3,0,0,125,-7.9612
1.325,0,0,125,-8.15738
1.35,0,0,125,-8.35859
1.375,0,0,125,-8.56501
1.4,0,0,125,-8.7768
1.425,0,0,125,-8.99416
1.45,0,0,125,-9.21726
1.475,0,0,125,-9.44631
1.5,0,0,125,-9.68151
1.525,0,0,125,-9.92308
1.55,0,0,125,-10.1712
1.575,0,0,125,-10.4262
1.6,0,0,125,-10.6882
1.625,0,0,125,-10.9575
1.65,0,0,125,-11.2343
1.675,0,0,125,-11.5189
1.7,0,0,125,-11.8116
1.725,0,0,125,-12.1126
1.75,0,0,125,-12.4222
1.775,0,0,125,-12.7407
1.8,0,0,125,-13.0684
1.825,0,0,125,-13.4055
1.85,0,0,125,-13.7525
1.875,0,0,125,-14.1094
1.9,0,0,125,-14.4768
1.925,0,0,125,-14.8548
1.95,0,0,125,-15.2439
1.975,0,0,125,-15.6442
2,0,0,125,-16.0562
2.025,0,0,125,-16.4801
2.05,0,0,125,-16.9162
2.075,0,0,125,-17.3649
2.1,0,0,125,-17.8264
2.125,0,0,125,-18.3012
2.15,0,0,125,-18.7894
2.175,0,0,125,-19.2913
2.2,0,0,125,-19.8074
2.225,0,0,125,-20.3377
2.25,0,0,125,-20.8827
2.275,0,0,125,-21.4426
2.3,0,0,125,-22.0177
2.325,0,0,125,-22.6082
2.35,0,0,125,-23.2144
2.375,0,0,125,-23.8365
2.4,0,0,125,-24.4748
2.425,0,0,125,-25.1294
2.45,0,0,125,-25.8007
2.475,0,0,125,-26.4889
2.5,0,0,125,-27.1941
2.525,0,0,125,-27.9166
2.55,0,0,125,-28.6566
2.575,0,0,125,-29.4142
2.6,0,0,125,-30.1897
2.625,0,0,125,-30.9831
2.65,0,0,125,-31.7946
2.675,0,0,125,-32.6243
2.7,0,0,125,-33.4721
2.725,0,0,125,-34.3381
2.75,0,0,125,-35.2222
2.775,0,0,125,-36.1243
2.8,0,0,125,-37.0439
2.825,0,0,125,-37.9808
2.85,0,0,125,-38.9344
2.875,0,0,125,-39.9041
2.9,0,0,125,-40.8891
2.925,0,0,125,-41.8885
2.95,0,0,125,-42.9011
2.975,0,0,125,-43.9257
3,0,0,125,-44.9609
3.025,0,0,125,-46.005
3.05,0,0,125,-47.0564
3.075,0,0,125,-48.1132
3.1,0,0,125,-49.1734
3.125,0,0,125,-50.2349
3.15,0,0,125,-51.2955
3.175,0,0,125,-52.353
3.2,0,0,125,-53.4052
3.225,0,0,125,-54.4498
3.25,0,0,125,-55.4845
3.275,0,0,125,-56.5071
3.3,0,0,125,-57.5154
3.325,0,0,125,-58.5074
3.35,0,0,125,-59.4811
3.375,0,0,125,-60.4348
3.4,0,0,125,-61.3667
3.425,0,0,125,-62.2753
3.45,0,0,125,-63.1593
3.475,0,0,125,-64.0174
3.5,0,0,125,-64.8487
3.525,0,0,125,-65.6524
3.55,0,0,125,-66.4278
3.575,0,0,125,-67.1745
3.6,0,0,125,-67.8921
3.625,0,0,125,-68.5804
3.65,0,0,125,-69.2396
3.675,0,0,125,-69.8698
3.7,0,0,125,-70.4711
3.725,0,0,125,-71.044
3.75,0,0,125,-71.589
3.775,0,0,125,-72.1067
3.8,0,0,125,-72.5976
3.825,0,0,125,-73.0625
3.85,0,0,125,-73.5022
3.875,0,0,125,-73.9174
3.9,0,0,125,-74.309
3.925,0,0,125,-74.6778
3.95,0,0,125,-75.0247
3.975,0,0,125,-75.3507
4,0,0,125,-75.6565
4.025,0,0,125,-75.943
4.05,0,0,125,-76.2111
4.075,0,0,125,-76.4618
4.1,0,0,125,-76.6957
4.125,0,0,125,-76.9136
4.15,0,0,125,-77.1165
4.175,0,0,125,-77.3051
4.2,0,0,125,-77.48
4.225,0,0,125,-77.6421
4.25,0,0,125,-77.792
4.275,0,0,125,-77.9303
4.3,0,0,125,-78.0578
4.325,0,0,125,-78.175
4.35,0,0,125,-78.2825
4.375,0,0,125,-78.3809
4.4,0,0,125,-78.4707
4.425,0,0,125,-78.5524
4.45,0,0,125,-78.6267
4.475,0,0,125,-78.6938
4.5,0,0,125,-78.7544
4.525,0,0,125,-78.8087
4.55,0,0,125,-78.8574
4.575,0,0,125,-78.9007
4.6,0,0,125,-78.9391
4.625,0,0,125,-78.9729
4.65,0,0,125,-79.0026
4.675,0,0,125,-79.0284
4.7,0,0,125,-79.0507
4.725,0,0,125,-79.0699
4.75,0,0,125,-79.0862
4.775,0,0,125,-79.1
4.8,0,0,125,-79.1115
4.825,0,0,125,-79.121
4.85,0,0,125,-79.1288
4.875,0,0,125,-79.135
4.9,0,0,125,-79.1399
4.925,0,0,125,-79.1436
4.95,0,0,125,-79.1463
4.975,0,0,125,-79.148
5,0,0,125,-79.1489
