0,0,0,125,-84.0843
0.025,0,0,125,-84.0845
0.05,0,0,125,-84.0847
0.075,0,0,125,-84.0851
0.1,0,0,125,-84.0856
0.125,0,0,125,-84.0862
0.15,0,0,125,-84.0869
0.175,0,0,125,-84.0876
0.2,0,0,125,-84.0883
0.225,0,0,125,-84.089
0.25,0,0,125,-84.0897
0.275,0,0,125,-84.0904
0.3,0,0,125,-84.0912
0.325,0,0,125,-84.0919
0.35,0,0,125,-84.0927
0.375,0,0,125,-84.0934
0.4,0,0,125,-84.0941
0.425,0,0,125,-84.0948
0.45,0,0,125,-84.0955
0.475,0,0,125,-84.0962
0.5,0,0,125,-84.0968
0.525,0,0,125,-84.0974
0.55,0,0,125,-84.0981
0.575,0,0,125,-84.0987
0.6,0,0,125,-84.0992
0.625,0,0,125,-84.0998
0.65,0,0,125,-84.1004
0.675,0,0,125,-84.101
0.7,0,0,125,-84.1015
0.725,0,0,125,-84.1021
0.75,0,0,125,-84.1027
0.775,0,0,125,-84.1033
0.8,0,0,125,-84.104
0.825,0,0,125,-84.1046
0.85,0,0,125,-84.1052
0.875,0,0,125,-84.1059
0.9,0,0,125,-84.1065
0.925,0,0,125,-84.1072
0.95,0,0,125,-84.1079
0.975,0,0,125,-84.1085
1,0,0,125,-84.1092
1.025,0,0,125,-84.1099
1.05,0,0,125,-84.1106
1.075,0,0,125,-84.1114
1.1,0,0,125,-84.1121
1.125,0,0,125,-84.1128
1.15,0,0,125,-84.1136
1.175,0,0,125,-84.1143
1.2,0,0,125,-84.1151
1.225,0,0,125,-84.1159
1.25,0,0,125,-84.1166
1.275,0,0,125,-84.1174
1.3,0,0,125,-84.1182
1.325,0,0,125,-84.119
1.35,0,0,125,-84.1198
1.375,0,0,125,-84.1206
1.4,0,0,125,-84.1215
1.425,0,0,125,-84.1224
1.45,0,0,125,-84.1232
1.475,0,0,125,-84.1241
1.5,0,0,125,-84.125
1.525,0,0,125,-84.126
1.55,0,0,125,-84.1269
1.575,0,0,125,-84.1278
1.6,0,0,125,-84.1288
1.625,0,0,125,-84.1298
1.65,0,0,125,-84.1309
1.675,0,0,125,-84.1319
1.7,0,0,125,-84.133
1.725,0,0,125,-84.1341
1.75,0,0,125,-84.1352
1.775,0,0,125,-84.1364
1.8,0,0,125,-84.1375
1.825,0,0,125,-84.1387
1.85,0,0,125,-84.1399
1.875,0,0,125,-84.141
1.9,0,0,125,-84.1423
1.925,0,0,125,-84.1435
1.95,0,0,125,-84.1448
1.975,0,0,125,-84.1462
2,0,0,125,-84.1475
2.025,0,0,125,-84.149
2.05,0,0,125,-84.1504
2.075,0,0,125,-84.1519
2.1,0,0,125,-84.1534
2.125,0,0,125,-84.155
2.15,0,0,125,-84.1566
2.175,0,0,125,-84.1582
2.2,0,0,125,-84.1599
2.225,0,0,125,-84.1616
2.25,0,0,125,-84.1634
2.275,0,0,125,-84.1652
2.3,0,0,125,-84.167
2.325,0,0,125,-84.1689
2.35,0,0,125,-84.1707
2.375,0,0,125,-84.1727
2.4,0,0,125,-84.1747
2.425,0,0,125,-84.1767
2.45,0,0,125,-84.1787
2.475,0,0,125,-84.1808
2.5,0,0,125,-84.1829
2.525,0,0,125,-84.185
2.55,0,0,125,-84.1872
2.575,0,0,125,-84.1895
2.6,0,0,125,-84.1917
2.625,0,0,125,-84.194
2.65,0,0,125,-84.1963
2.675,0,0,125,-84.1987
2.7,0,0,125,-84.2011
2.725,0,0,125,-84.2035
2.75,0,0,125,-84.206
2.775,0,0,125,-84.2085
2.8,0,0,125,-84.2111
2.825,0,0,125,-84.2136
2.85,0,0,125,-84.2162
2.875,0,0,125,-84.2188
2.9,0,0,125,-84.2214
2.925,0,0,125,-84.224
2.95,0,0,125,-84.2267
2.975,0,0,125,-84.2293
3,0,0,125,-84.2319
3.025,0,0,125,-84.2345
3.05,0,0,125,-84.2372
3.075,0,0,125,-84.2398
3.1,0,0,125,-84.2423
3.125,0,0,125,-84.2449
3.15,0,0,125,-84.2475
3.175,0,0,125,-84.25
3.2,0,0,125,-84.2526
3.225,0,0,125,-84.2551
3.25,0,0,125,-84.2576
3.275,0,0,125,-84.2601
3.3,0,0,125,-84.2626
3.325,0,0,125,-84.2651
3.35,0,0,125,-84.2675
3.375,0,0,125,-84.2699
3.4,0,0,125,-84.2722
3.425,0,0,125,-84.2745
3.45,0,0,125,-84.2768
3.475,0,0,125,-84.279
3.5,0,0,125,-84.2812
3.525,0,0,125,-84.2834
3.55,0,0,125,-84.2855
3.575,0,0,125,-84.2876
3.6,0,0,125,-84.2896
3.625,0,0,125,-84.2916
3.65,0,0,125,-84.2936
3.675,0,0,125,-84.2955
3.7,0,0,125,-84.2974
3.725,0,0,125,-84.2992
3.75,0,0,125,-84.301
3.775,0,0,125,-84.3028
3.8,0,0,125,-84.3045
3.825,0,0,125,-84.3062
3.85,0,0,125,-84.3079
3.875,0,0,125,-84.3095
3.9,0,0,125,-84.311
3.925,0,0,125,-84.3125
3.95,0,0,125,-84.314
3.975,0,0,125,-84.3154
4,0,0,125,-84.3167
4.025,0,0,125,-84.318
4.05,0,0,125,-84.3192
4.075,0,0,125,-84.3204
4.1,0,0,125,-84.3215
4.125,0,0,125,-84.3226
4.15,0,0,125,-84.3235
4.175,0,0,125,-84.3245
4.2,0,0,125,-84.3254
4.225,0,0,125,-84.3262
4.25,0,0,125,-84.327
4.275,0,0,125,-84.3278
4.3,0,0,125,-84.3285
4.325,0,0,125,-84.3292
4.35,0,0,125,-84.3299
4.375,0,0,125,-84.3305
4.4,0,0,125,-84.3311
4.425,0,0,125,-84.3316
4.45,0,0,125,-84.3321
4.475,0,0,125,-84.3326
4.5,0,0,125,-84.3331
4.525,0,0,125,-84.3335
4.55,0,0,125,-84.3338
4.575,0,0,125,-84.3342
4.6,0,0,125,-84.3345
4.625,0,0,125,-84.3347
4.65,0,0,125,-84.3349
4.675,0,0,125,-84.3351
4.7,0,0,125,-84.3353
4.725,0,0,125,-84.3354
4.75,0,0,125,-84.3355
4.775,0,0,125,-84.3356
4.8,0,0,125,-84.3357
4.825,0,0,125,-84.3358
4.85,0,0,125,-84.3359
4.875,0,0,125,-84.3359
4.9,0,0,125,-84.336
4.925,0,0,125,-84.336
4.95,0,0,125,-84.336
4.975,0,0,125,-84.3361
5,0,0,125,-84.3361
