0,0,0,125,-84.4007
0.025,0,0,125,-84.4008
0.05,0,0,125,-84.4009
0.075,0,0,125,-84.4011
0.1,0,0,125,-84.4013
0.125,0,0,125,-84.4015
0.15,0,0,125,-84.4017
0.175,0,0,125,-84.402
0.2,0,0,125,-84.4022
0.225,0,0,125,-84.4025
0.25,0,0,125,-84.4028
0.275,0,0,125,-84.4031
0.3,0,0,125,-84.4034
0.325,0,0,125,-84.4037
0.35,0,0,125,-84.404
0.375,0,0,125,-84.4043
0.4,0,0,125,-84.4046
0.425,0,0,125,-84.4048
0.45,0,0,125,-84.4051
0.475,0,0,125,-84.4054
0.5,0,0,125,-84.4056
0.525,0,0,125,-84.4059
0.55,0,0,125,-84.4061
0.575,0,0,125,-84.4064
0.6,0,0,125,-84.4066
0.625,0,0,125,-84.4068
0.65,0,0,125,-84.407
0.675,0,0,125,-84.4073
0.7,0,0,125,-84.4075
0.725,0,0,125,-84.4077
0.75,0,0,125,-84.4079
0.775,0,0,125,-84.4081
0.8,0,0,125,-84.4084
0.825,0,0,125,-84.4086
0.85,0,0,125,-84.4088
0.875,0,0,125,-84.409
0.9,0,0,125,-84.4093
0.925,0,0,125,-84.4095
0.95,0,0,125,-84.4097
0.975,0,0,125,-84.41
1,0,0,125,-84.4102
1.025,0,0,125,-84.4104
1.05,0,0,125,-84.4107
1.075,0,0,125,-84.411
1.1,0,0,125,-84.4112
1.125,0,0,125,-84.4115
1.15,0,0,125,-84.4118
1.175,0,0,125,-84.4121
1.2,0,0,125,-84.4124
1.225,0,0,125,-84.4127
1.25,0,0,125,-84.413
1.275,0,0,125,-84.4133
1.3,0,0,125,-84.4137
1.325,0,0,125,-84.414
1.35,0,0,125,-84.4144
1.375,0,0,125,-84.4147
1.4,0,0,125,-84.4151
1.425,0,0,125,-84.4154
1.45,0,0,125,-84.4157
1.475,0,0,125,-84.416
1.5,0,0,125,-84.4163
1.525,0,0,125,-84.4166
1.55,0,0,125,-84.4169
1.575,0,0,125,-84.4172
1.6,0,0,125,-84.4176
1.625,0,0,125,-84.4179
1.65,0,0,125,-84.4182
1.675,0,0,125,-84.4186
1.7,0,0,125,-84.4189
1.725,0,0,125,-84.4193
1.75,0,0,125,-84.4197
1.775,0,0,125,-84.42
1.8,0,0,125,-84.4204
1.825,0,0,125,-84.4208
1.85,0,0,125,-84.4212
1.875,0,0,125,-84.4216
1.9,0,0,125,-84.422
1.925,0,0,125,-84.4225
1.95,0,0,125,-84.4229
1.975,0,0,125,-84.4234
2,0,0,125,-84.4238
2.025,0,0,125,-84.4243
2.05,0,0,125,-84.4248
2.075,0,0,125,-84.4253
2.1,0,0,125,-84.4259
2.125,0,0,125,-84.4264
2.15,0,0,125,-84.427
2.175,0,0,125,-84.4275
2.2,0,0,125,-84.4281
2.225,0,0,125,-84.4287
2.25,0,0,125,-84.4294
2.275,0,0,125,-84.43
2.3,0,0,125,-84.4307
2.325,0,0,125,-84.4313
2.35,0,0,125,-84.432
2.375,0,0,125,-84.4327
2.4,0,0,125,-84.4334
2.425,0,0,125,-84.4341
2.45,0,0,125,-84.4349
2.475,0,0,125,-84.4356
2.5,0,0,125,-84.4364
2.525,0,0,125,-84.4372
2.55,0,0,125,-84.438
2.575,0,0,125,-84.4388
2.6,0,0,125,-84.4397
2.625,0,0,125,-84.4405
2.65,0,0,125,-84.4414
2.675,0,0,125,-84.4422
2.7,0,0,125,-84.4431
2.725,0,0,125,-84.444
2.75,0,0,125,-84.4449
2.775,0,0,125,-84.4458
2.8,0,0,125,-84.4467
2.825,0,0,125,-84.4476
2.85,0,0,125,-84.4486
2.875,0,0,125,-84.4495
2.9,0,0,125,-84.4505
2.925,0,0,125,-84.4514
2.95,0,0,125,-84.4524
2.975,0,0,125,-84.4534
3,0,0,125,-84.4544
3.025,0,0,125,-84.4553
3.05,0,0,125,-84.4563
3.075,0,0,125,-84.4573
3.1,0,0,125,-84.4583
3.125,0,0,125,-84.4593
3.15,0,0,125,-84.4602
3.175,0,0,125,-84.4612
3.2,0,0,125,-84.4622
3.225,0,0,125,-84.4631
3.25,0,0,125,-84.464
3.275,0,0,125,-84.4649
3.3,0,0,125,-84.4658
3.325,0,0,125,-84.4667
3.35,0,0,125,-84.4675
3.375,0,0,125,-84.4684
3.4,0,0,125,-84.4692
3.425,0,0,125,-84.47
3.45,0,0,125,-84.4708
3.475,0,0,125,-84.4716
3.5,0,0,125,-84.4723
3.525,0,0,125,-84.4731
3.55,0,0,125,-84.4738
3.575,0,0,125,-84.4745
3.6,0,0,125,-84.4752
3.625,0,0,125,-84.4759
3.65,0,0,125,-84.4766
3.675,0,0,125,-84.4772
3.7,0,0,125,-84.4779
3.725,0,0,125,-84.4785
3.75,0,0,125,-84.4791
3.775,0,0,125,-84.4797
3.8,0,0,125,-84.4803
3.825,0,0,125,-84.4809
3.85,0,0,125,-84.4814
3.875,0,0,125,-84.4819
3.9,0,0,125,-84.4825
3.925,0,0,125,-84.483
3.95,0,0,125,-84.4834
3.975,0,0,125,-84.4839
4,0,0,125,-84.4844
4.025,0,0,125,-84.4848
4.05,0,0,125,-84.4852
4.075,0,0,125,-84.4857
4.1,0,0,125,-84.4861
4.125,0,0,125,-84.4864
4.15,0,0,125,-84.4868
4.175,0,0,125,-84.4872
4.2,0,0,125,-84.4875
4.225,0,0,125,-84.4878
4.25,0,0,125,-84.4881
4.275,0,0,125,-84.4884
4.3,0,0,125,-84.4887
4.325,0,0,125,-84.4889
4.35,0,0,125,-84.4892
4.375,0,0,125,-84.4894
4.4,0,0,125,-84.4896
4.425,0,0,125,-84.4898
4.45,0,0,125,-84.49
4.475,0,0,125,-84.4901
4.5,0,0,125,-84.4903
4.525,0,0,125,-84.4904
4.55,0,0,125,-84.4905
4.575,0,0,125,-84.4906
4.6,0,0,125,-84.4907
4.625,0,0,125,-84.4908
4.65,0,0,125,-84.4909
4.675,0,0,125,-84.4909
4.7,0,0,125,-84.491
4.725,0,0,125,-84.4911
4.75,0,0,125,-84.4911
4.775,0,0,125,-84.4911
4.8,0,0,125,-84.4912
4.825,0,0,125,-84.4912
4.85,0,0,125,-84.4912
4.875,0,0,125,-84.4912
4.9,0,0,125,-84.4912
4.925,0,0,125,-84.4911
4.95,0,0,125,-84.4911
4.975,0,0,125,-84.4911
5,0,0,125,-84.4911
