0,0,0,125,-83.5147
0.025,0,0,125,-83.515
0.05,0,0,125,-83.5155
0.075,0,0,125,-83.5164
0.1,0,0,125,-83.5174
0.125,0,0,125,-83.5186
0.15,0,0,125,-83.5199
0.175,0,0,125,-83.5213
0.2,0,0,125,-83.5227
0.225,0,0,125,-83.5242
0.25,0,0,125,-83.5256
0.275,0,0,125,-83.5271
0.3,0,0,125,-83.5286
0.325,0,0,125,-83.53
0.35,0,0,125,-83.5314
0.375,0,0,125,-83.5328
0.4,0,0,125,-83.5342
0.425,0,0,125,-83.5356
0.45,0,0,125,-83.537
0.475,0,0,125,-83.5383
0.5,0,0,125,-83.5397
0.525,0,0,125,-83.541
0.55,0,0,125,-83.5423
0.575,0,0,125,-83.5436
0.6,0,0,125,-83.5448
0.625,0,0,125,-83.5461
0.65,0,0,125,-83.5474
0.675,0,0,125,-83.5486
0.7,0,0,125,-83.5498
0.725,0,0,125,-83.551
0.75,0,0,125,-83.5523
0.775,0,0,125,-83.5535
0.8,0,0,125,-83.5547
0.825,0,0,125,-83.556
0.85,0,0,125,-83.5572
0.875,0,0,125,-83.5585
0.9,0,0,125,-83.5598
0.925,0,0,125,-83.5611
0.95,0,0,125,-83.5624
0.975,0,0,125,-83.5637
1,0,0,125,-83.565
1.025,0,0,125,-83.5663
1.05,0,0,125,-83.5676
1.075,0,0,125,-83.569
1.1,0,0,125,-83.5704
1.125,0,0,125,-83.5717
1.15,0,0,125,-83.5731
1.175,0,0,125,-83.5745
1.2,0,0,125,-83.576
1.225,0,0,125,-83.5775
1.25,0,0,125,-83.579
1.275,0,0,125,-83.5806
1.3,0,0,125,-83.5821
1.325,0,0,125,-83.5837
1.35,0,0,125,-83.5853
1.375,0,0,125,-83.5869
1.4,0,0,125,-83.5886
1.425,0,0,125,-83.5902
1.45,0,0,125,-83.592
1.475,0,0,125,-83.5937
1.5,0,0,125,-83.5955
1.525,0,0,125,-83.5973
1.55,0,0,125,-83.5992
1.575,0,0,125,-83.6011
1.6,0,0,125,-83.603
1.625,0,0,125,-83.605
1.65,0,0,125,-83.607
1.675,0,0,125,-83.6091
1.7,0,0,125,-83.6112
1.725,0,0,125,-83.6133
1.75,0,0,125,-83.6155
1.775,0,0,125,-83.6177
1.8,0,0,125,-83.62
1.825,0,0,125,-83.6223
1.85,0,0,125,-83.6247
1.875,0,0,125,-83.6272
1.9,0,0,125,-83.6297
1.925,0,0,125,-83.6323
1.95,0,0,125,-83.635
1.975,0,0,125,-83.6377
2,0,0,125,-83.6405
2.025,0,0,125,-83.6433
2.05,0,0,125,-83.6462
2.075,0,0,125,-83.6492
2.1,0,0,125,-83.6523
2.125,0,0,125,-83.6555
2.15,0,0,125,-83.6587
2.175,0,0,125,-83.6621
2.2,0,0,125,-83.6655
2.225,0,0,125,-83.669
2.25,0,0,125,-83.6726
2.275,0,0,125,-83.6763
2.3,0,0,125,-83.68
2.325,0,0,125,-83.6838
2.35,0,0,125,-83.6876
2.375,0,0,125,-83.6916
2.4,0,0,125,-83.6956
2.425,0,0,125,-83.6998
2.45,0,0,125,-83.704
2.475,0,0,125,-83.7083
2.5,0,0,125,-83.7127
2.525,0,0,125,-83.7172
2.55,0,0,125,-83.7218
2.575,0,0,125,-83.7264
2.6,0,0,125,-83.7311
2.625,0,0,125,-83.7359
2.65,0,0,125,-83.7407
2.675,0,0,125,-83.7456
2.7,0,0,125,-83.7505
2.725,0,0,125,-83.7555
2.75,0,0,125,-83.7606
2.775,0,0,125,-83.7657
2.8,0,0,125,-83.7709
2.825,0,0,125,-83.7761
2.85,0,0,125,-83.7814
2.875,0,0,125,-83.7868
2.9,0,0,125,-83.7922
2.925,0,0,125,-83.7976
2.95,0,0,125,-83.803
2.975,0,0,125,-83.8084
3,0,0,125,-83.8139
3.025,0,0,125,-83.8194
3.05,0,0,125,-83.8248
3.075,0,0,125,-83.8303
3.1,0,0,125,-83.8358
3.125,0,0,125,-83.8412
3.15,0,0,125,-83.8467
3.175,0,0,125,-83.8521
3.2,0,0,125,-83.8575
3.225,0,0,125,-83.8629
3.25,0,0,125,-83.8682
3.275,0,0,125,-83.8735
3.3,0,0,125,-83.8787
3.325,0,0,125,-83.884
3.35,0,0,125,-83.8891
3.375,0,0,125,-83.8943
3.4,0,0,125,-83.8994
3.425,0,0,125,-83.9044
3.45,0,0,125,-83.9093
3.475,0,0,125,-83.9141
3.5,0,0,125,-83.9189
3.525,0,0,125,-83.9236
3.55,0,0,125,-83.9281
3.575,0,0,125,-83.9326
3.6,0,0,125,-83.9371
3.625,0,0,125,-83.9414
3.65,0,0,125,-83.9456
3.675,0,0,125,-83.9498
3.7,0,0,125,-83.9538
3.725,0,0,125,-83.9578
3.75,0,0,125,-83.9616
3.775,0,0,125,-83.9653
3.8,0,0,125,-83.9689
3.825,0,0,125,-83.9723
3.85,0,0,125,-83.9757
3.875,0,0,125,-83.9789
3.9,0,0,125,-83.9821
3.925,0,0,125,-83.9851
3.95,0,0,125,-83.988
3.975,0,0,125,-83.9908
4,0,0,125,-83.9934
4.025,0,0,125,-83.996
4.05,0,0,125,-83.9985
4.075,0,0,125,-84.0009
4.1,0,0,125,-84.0032
4.125,0,0,125,-84.0054
4.15,0,0,125,-84.0076
4.175,0,0,125,-84.0096
4.2,0,0,125,-84.0115
4.225,0,0,125,-84.0134
4.25,0,0,125,-84.0151
4.275,0,0,125,-84.0168
4.3,0,0,125,-84.0183
4.325,0,0,125,-84.0198
4.35,0,0,125,-84.0212
4.375,0,0,125,-84.0225
4.4,0,0,125,-84.0237
4.425,0,0,125,-84.0249
4.45,0,0,125,-84.0259
4.475,0,0,125,-84.0269
4.5,0,0,125,-84.0279
4.525,0,0,125,-84.0287
4.55,0,0,125,-84.0295
4.575,0,0,125,-84.0302
4.6,0,0,125,-84.0309
4.625,0,0,125,-84.0315
4.65,0,0,125,-84.032
4.675,0,0,125,-84.0325
4.7,0,0,125,-84.0329
4.725,0,0,125,-84.0333
4.75,0,0,125,-84.0336
4.775,0,0,125,-84.0338
4.8,0,0,125,-84.034
4.825,0,0,125,-84.0342
4.85,0,0,125,-84.0344
4.875,0,0,125,-84.0345
4.9,0,0,125,-84.0345
4.925,0,0,125,-84.0346
4.95,0,0,125,-84.0346
4.975,0,0,125,-84.0346
5,0,0,125,-84.0346
