0,0,0,125,-84.1112
0.025,0,0,125,-84.1113
0.05,0,0,125,-84.1116
0.075,0,0,125,-84.112
0.1,0,0,125,-84.1125
0.125,0,0,125,-84.1131
0.15,0,0,125,-84.1137
0.175,0,0,125,-84.1144
0.2,0,0,125,-84.1151
0.225,0,0,125,-84.1158
0.25,0,0,125,-84.1165
0.275,0,0,125,-84.1172
0.3,0,0,125,-84.1179
0.325,0,0,125,-84.1186
0.35,0,0,125,-84.1193
0.375,0,0,125,-84.12
0.4,0,0,125,-84.1207
0.425,0,0,125,-84.1214
0.45,0,0,125,-84.1221
0.475,0,0,125,-84.1227
0.5,0,0,125,-84.1234
0.525,0,0,125,-84.124
0.55,0,0,125,-84.1246
0.575,0,0,125,-84.1253
0.6,0,0,125,-84.1259
0.625,0,0,125,-84.1265
0.65,0,0,125,-84.1271
0.675,0,0,125,-84.1277
0.7,0,0,125,-84.1282
0.725,0,0,125,-84.1288
0.75,0,0,125,-84.1294
0.775,0,0,125,-84.13
0.8,0,0,125,-84.1307
0.825,0,0,125,-84.1313
0.85,0,0,125,-84.1319
0.875,0,0,125,-84.1325
0.9,0,0,125,-84.1332
0.925,0,0,125,-84.1338
0.95,0,0,125,-84.1344
0.975,0,0,125,-84.135
1,0,0,125,-84.1355
1.025,0,0,125,-84.1361
1.05,0,0,125,-84.1367
1.075,0,0,125,-84.1374
1.1,0,0,125,-84.138
1.125,0,0,125,-84.1386
1.15,0,0,125,-84.1393
1.175,0,0,125,-84.14
1.2,0,0,125,-84.1407
1.225,0,0,125,-84.1414
1.25,0,0,125,-84.1421
1.275,0,0,125,-84.1428
1.3,0,0,125,-84.1436
1.325,0,0,125,-84.1443
1.35,0,0,125,-84.1451
1.375,0,0,125,-84.1459
1.4,0,0,125,-84.1467
1.425,0,0,125,-84.1476
1.45,0,0,125,-84.1484
1.475,0,0,125,-84.1493
1.5,0,0,125,-84.1501
1.525,0,0,125,-84.151
1.55,0,0,125,-84.1519
1.575,0,0,125,-84.1529
1.6,0,0,125,-84.1538
1.625,0,0,125,-84.1547
1.65,0,0,125,-84.1557
1.675,0,0,125,-84.1567
1.7,0,0,125,-84.1577
1.725,0,0,125,-84.1587
1.75,0,0,125,-84.1597
1.775,0,0,125,-84.1607
1.8,0,0,125,-84.1617
1.825,0,0,125,-84.1628
1.85,0,0,125,-84.1639
1.875,0,0,125,-84.165
1.9,0,0,125,-84.1662
1.925,0,0,125,-84.1674
1.95,0,0,125,-84.1686
1.975,0,0,125,-84.1699
2,0,0,125,-84.1712
2.025,0,0,125,-84.1726
2.05,0,0,125,-84.1739
2.075,0,0,125,-84.1754
2.1,0,0,125,-84.1768
2.125,0,0,125,-84.1783
2.15,0,0,125,-84.1799
2.175,0,0,125,-84.1814
2.2,0,0,125,-84.183
2.225,0,0,125,-84.1847
2.25,0,0,125,-84.1863
2.275,0,0,125,-84.1881
2.3,0,0,125,-84.1898
2.325,0,0,125,-84.1916
2.35,0,0,125,-84.1934
2.375,0,0,125,-84.1952
2.4,0,0,125,-84.1971
2.425,0,0,125,-84.1991
2.45,0,0,125,-84.201
2.475,0,0,125,-84.203
2.5,0,0,125,-84.205
2.525,0,0,125,-84.2071
2.55,0,0,125,-84.2092
2.575,0,0,125,-84.2113
2.6,0,0,125,-84.2135
2.625,0,0,125,-84.2157
2.65,0,0,125,-84.218
2.675,0,0,125,-84.2202
2.7,0,0,125,-84.2225
2.725,0,0,125,-84.2248
2.75,0,0,125,-84.2271
2.775,0,0,125,-84.2295
2.8,0,0,125,-84.2318
2.825,0,0,125,-84.2342
2.85,0,0,125,-84.2366
2.875,0,0,125,-84.239
2.9,0,0,125,-84.2414
2.925,0,0,125,-84.2438
2.95,0,0,125,-84.2463
2.975,0,0,125,-84.2487
3,0,0,125,-84.2512
3.025,0,0,125,-84.2537
3.05,0,0,125,-84.2562
3.075,0,0,125,-84.2587
3.1,0,0,125,-84.2611
3.125,0,0,125,-84.2636
3.15,0,0,125,-84.266
3.175,0,0,125,-84.2684
3.2,0,0,125,-84.2708
3.225,0,0,125,-84.2732
3.25,0,0,125,-84.2756
3.275,0,0,125,-84.2779
3.3,0,0,125,-84.2802
3.325,0,0,125,-84.2826
3.35,0,0,125,-84.2849
3.375,0,0,125,-84.2872
3.4,0,0,125,-84.2894
3.425,0,0,125,-84.2917
3.45,0,0,125,-84.2939
3.475,0,0,125,-84.296
3.5,0,0,125,-84.2982
3.525,0,0,125,-84.3003
3.55,0,0,125,-84.3023
3.575,0,0,125,-84.3043
3.6,0,0,125,-84.3063
3.625,0,0,125,-84.3082
3.65,0,0,125,-84.3101
3.675,0,0,125,-84.312
3.7,0,0,125,-84.3138
3.725,0,0,125,-84.3156
3.75,0,0,125,-84.3173
3.775,0,0,125,-84.319
3.8,0,0,125,-84.3206
3.825,0,0,125,-84.3222
3.85,0,0,125,-84.3238
3.875,0,0,125,-84.3252
3.9,0,0,125,-84.3266
3.925,0,0,125,-84.328
3.95,0,0,125,-84.3293
3.975,0,0,125,-84.3305
4,0,0,125,-84.3316
4.025,0,0,125,-84.3327
4.05,0,0,125,-84.3338
4.075,0,0,125,-84.3348
4.1,0,0,125,-84.3358
4.125,0,0,125,-84.3368
4.15,0,0,125,-84.3377
4.175,0,0,125,-84.3386
4.2,0,0,125,-84.3394
4.225,0,0,125,-84.3402
4.25,0,0,125,-84.341
4.275,0,0,125,-84.3417
4.3,0,0,125,-84.3424
4.325,0,0,125,-84.3431
4.35,0,0,125,-84.3437
4.375,0,0,125,-84.3443
4.4,0,0,125,-84.3449
4.425,0,0,125,-84.3454
4.45,0,0,125,-84.3459
4.475,0,0,125,-84.3463
4.5,0,0,125,-84.3467
4.525,0,0,125,-84.3471
4.55,0,0,125,-84.3474
4.575,0,0,125,-84.3477
4.6,0,0,125,-84.348
4.625,0,0,125,-84.3482
4.65,0,0,125,-84.3483
4.675,0,0,125,-84.3485
4.7,0,0,125,-84.3487
4.725,0,0,125,-84.3488
4.75,0,0,125,-84.3489
4.775,0,0,125,-84.349
4.8,0,0,125,-84.3491
4.825,0,0,125,-84.3492
4.85,0,0,125,-84.3493
4.875,0,0,125,-84.3494
4.9,0,0,125,-84.3494
4.925,0,0,125,-84.3494
4.95,0,0,125,-84.3495
4.975,0,0,125,-84.3495
5,0,0,125,-84.3495
