0,0,0,125,-13.5203
0.025,0,0,125,-13.5159
0.05,0,0,125,-13.5074
0.075,0,0,125,-13.495
0.1,0,0,125,-13.4792
0.125,0,0,125,-13.4605
0.15,0,0,125,-13.4396
0.175,0,0,125,-13.4167
0.2,0,0,125,-13.3924
0.225,0,0,125,-13.3668
0.25,0,0,125,-13.3401
0.275,0,0,125,-13.3127
0.3,0,0,125,-13.2846
0.325,0,0,125,-13.2561
0.35,0,0,125,-13.2273
0.375,0,0,125,-13.1985
0.4,0,0,125,-13.1697
0.425,0,0,125,-13.1413
0.45,0,0,125,-13.1133
0.475,0,0,125,-13.0858
0.5,0,0,125,-13.0592
0.525,0,0,125,-13.0334
0.55,0,0,125,-13.0087
0.575,0,0,125,-12.9853
0.6,0,0,125,-12.9632
0.625,0,0,125,-12.9426
0.65,0,0,125,-12.9236
0.675,0,0,125,-12.9065
0.7,0,0,125,-12.8913
0.725,0,0,125,-12.8782
0.75,0,0,125,-12.8673
0.775,0,0,125,-12.8588
0.8,0,0,125,-12.8529
0.825,0,0,125,-12.8496
0.85,0,0,125,-12.8492
0.875,0,0,125,-12.8517
0.9,0,0,125,-12.8574
0.925,0,0,125,-12.8665
0.95,0,0,125,-12.879
0.975,0,0,125,-12.8951
1,0,0,125,-12.9151
1.025,0,0,125,-12.939
1.05,0,0,125,-12.9672
1.075,0,0,125,-12.9996
1.1,0,0,125,-13.0366
1.125,0,0,125,-13.0783
1.15,0,0,125,-13.125
1.175,0,0,125,-13.1768
1.2,0,0,125,-13.2339
1.225,0,0,125,-13.2965
1.25,0,0,125,-13.3649
1.275,0,0,125,-13.4394
1.3,0,0,125,-13.52
1.325,0,0,125,-13.6071
1.35,0,0,125,-13.7009
1.375,0,0,125,-13.8016
1.4,0,0,125,-13.9096
1.425,0,0,125,-14.025
1.45,0,0,125,-14.1481
1.475,0,0,125,-14.2793
1.5,0,0,125,-14.4187
1.525,0,0,125,-14.5667
1.55,0,0,125,-14.7235
1.575,0,0,125,-14.8894
1.6,0,0,125,-15.0648
1.625,0,0,125,-15.2499
1.65,0,0,125,-15.4451
1.675,0,0,125,-15.6506
1.7,0,0,125,-15.8669
1.725,0,0,125,-16.0941
1.75,0,0,125,-16.3327
1.775,0,0,125,-16.583
1.8,0,0,125,-16.8453
1.825,0,0,125,-17.12
1.85,0,0,125,-17.4075
1.875,0,0,125,-17.7081
1.9,0,0,125,-18.0221
1.925,0,0,125,-18.3501
1.95,0,0,125,-18.6922
1.975,0,0,125,-19.0491
2,0,0,125,-19.4209
2.025,0,0,125,-19.8083
2.05,0,0,125,-20.2115
2.075,0,0,125,-20.6311
2.1,0,0,125,-21.0674
2.125,0,0,125,-21.5209
2.15,0,0,125,-21.992
2.175,0,0,125,-22.4813
2.2,0,0,125,-22.9891
2.225,0,0,125,-23.516
2.25,0,0,125,-24.0625
2.275,0,0,125,-24.6291
2.3,0,0,125,-25.2162
2.325,0,0,125,-25.8244
2.35,0,0,125,-26.4543
2.375,0,0,125,-27.1063
2.4,0,0,125,-27.7811
2.425,0,0,125,-28.4792
2.45,0,0,125,-29.2011
2.475,0,0,125,-29.9474
2.5,0,0,125,-30.7188
2.525,0,0,125,-31.5156
2.55,0,0,125,-32.3386
2.575,0,0,125,-33.1881
2.6,0,0,125,-34.0647
2.625,0,0,125,-34.9687
2.65,0,0,125,-35.9004
2.675,0,0,125,-36.8601
2.7,0,0,125,-37.8478
2.725,0,0,125,-38.8634
2.75,0,0,125,-39.9066
2.775,0,0,125,-40.9769
2.8,0,0,125,-42.0736
2.825,0,0,125,-43.1957
2.85,0,0,125,-44.3418
2.875,0,0,125,-45.5103
2.9,0,0,125,-46.6993
2.925,0,0,125,-47.9064
2.95,0,0,125,-49.1292
2.975,0,0,125,-50.3645
3,0,0,125,-51.6094
3.025,0,0,125,-52.8603
3.05,0,0,125,-54.1135
3.075,0,0,125,-55.3652
3.1,0,0,125,-56.6114
3.125,0,0,125,-57.8481
3.15,0,0,125,-59.0714
3.175,0,0,125,-60.2772
3.2,0,0,125,-61.4617
3.225,0,0,125,-62.6214
3.25,0,0,125,-63.7529
3.275,0,0,125,-64.8531
3.3,0,0,125,-65.9192
3.325,0,0,125,-66.9489
3.35,0,0,125,-67.9402
3.375,0,0,125,-68.8914
3.4,0,0,125,-69.8015
3.425,0,0,125,-70.6696
3.45,0,0,125,-71.4953
3.475,0,0,125,-72.2785
3.5,0,0,125,-73.0194
3.525,0,0,125,-73.7186
3.55,0,0,125,-74.3769
3.575,0,0,125,-74.9953
3.6,0,0,125,-75.5751
3.625,0,0,125,-76.1175
3.65,0,0,125,-76.6241
3.675,0,0,125,-77.0965
3.7,0,0,125,-77.5362
3.725,0,0,125,-77.9449
3.75,0,0,125,-78.3243
3.775,0,0,125,-78.6761
3.8,0,0,125,-79.002
3.825,0,0,125,-79.3034
3.85,0,0,125,-79.582
3.875,0,0,125,-79.8393
3.9,0,0,125,-80.0767
3.925,0,0,125,-80.2957
3.95,0,0,125,-80.4974
3.975,0,0,125,-80.6832
4,0,0,125,-80.8542
4.025,0,0,125,-81.0116
4.05,0,0,125,-81.1562
4.075,0,0,125,-81.2892
4.1,0,0,125,-81.4114
4.125,0,0,125,-81.5236
4.15,0,0,125,-81.6267
4.175,0,0,125,-81.7213
4.2,0,0,125,-81.8081
4.225,0,0,125,-81.8877
4.25,0,0,125,-81.9607
4.275,0,0,125,-82.0276
4.3,0,0,125,-82.0889
4.325,0,0,125,-82.1451
4.35,0,0,125,-82.1965
4.375,0,0,125,-82.2436
4.4,0,0,125,-82.2866
4.425,0,0,125,-82.326
4.45,0,0,125,-82.362
4.475,0,0,125,-82.3948
4.5,0,0,125,-82.4247
4.525,0,0,125,-82.452
4.55,0,0,125,-82.4769
4.575,0,0,125,-82.4994
4.6,0,0,125,-82.5199
4.625,0,0,125,-82.5384
4.65,0,0,125,-82.5551
4.675,0,0,125,-82.5702
4.7,0,0,125,-82.5837
4.725,0,0,125,-82.5957
4.75,0,0,125,-82.6064
4.775,0,0,125,-82.6159
4.8,0,0,125,-82.6241
4.825,0,0,125,-82.6312
4.85,0,0,125,-82.6373
4.875,0,0,125,-82.6424
4.9,0,0,125,-82.6465
4.925,0,0,125,-82.6498
4.95,0,0,125,-82.6522
4.975,0,0,125,-82.6537
5,0,0,125,-82.6545
