0,0,0,125,-49.9557
0.025,0,0,125,-49.9615
0.05,0,0,125,-49.9733
0.075,0,0,125,-49.991
0.1,0,0,125,-50.0145
0.125,0,0,125,-50.0436
0.15,0,0,125,-50.0773
0.175,0,0,125,-50.1134
0.2,0,0,125,-50.1486
0.225,0,0,125,-50.1791
0.25,0,0,125,-50.2013
0.275,0,0,125,-50.2116
0.3,0,0,125,-50.207
0.325,0,0,125,-50.1845
0.35,0,0,125,-50.1415
0.375,0,0,125,-50.0759
0.4,0,0,125,-49.9857
0.425,0,0,125,-49.869
0.45,0,0,125,-49.7246
0.475,0,0,125,-49.5511
0.5,0,0,125,-49.3476
0.525,0,0,125,-49.1132
0.55,0,0,125,-48.8475
0.575,0,0,125,-48.5501
0.6,0,0,125,-48.2208
0.625,0,0,125,-47.8595
0.65,0,0,125,-47.4666
0.675,0,0,125,-47.0424
0.7,0,0,125,-46.5873
0.725,0,0,125,-46.1021
0.75,0,0,125,-45.5875
0.775,0,0,125,-45.0445
0.8,0,0,125,-44.4742
0.825,0,0,125,-43.8777
0.85,0,0,125,-43.2563
0.875,0,0,125,-42.6113
0.9,0,0,125,-41.9442
0.925,0,0,125,-41.2565
0.95,0,0,125,-40.5498
0.975,0,0,125,-39.8256
1,0,0,125,-39.0854
1.025,0,0,125,-38.3311
1.05,0,0,125,-37.5641
1.075,0,0,125,-36.7861
1.1,0,0,125,-35.9986
1.125,0,0,125,-35.2033
1.15,0,0,125,-34.4017
1.175,0,0,125,-33.5953
1.2,0,0,125,-32.7855
1.225,0,0,125,-31.9737
1.25,0,0,125,-31.1613
1.275,0,0,125,-30.3495
1.3,0,0,125,-29.5398
1.325,0,0,125,-28.7331
1.35,0,0,125,-27.9308
1.375,0,0,125,-27.1338
1.4,0,0,125,-26.3433
1.425,0,0,125,-25.5603
1.45,0,0,125,-24.7856
1.475,0,0,125,-24.0201
1.5,0,0,125,-23.2648
1.525,0,0,125,-22.5203
1.55,0,0,125,-21.7873
1.575,0,0,125,-21.0664
1.6,0,0,125,-20.3583
1.625,0,0,125,-19.6635
1.65,0,0,125,-18.9823
1.675,0,0,125,-18.3153
1.7,0,0,125,-17.6626
1.725,0,0,125,-17.0246
1.75,0,0,125,-16.4015
1.775,0,0,125,-15.7934
1.8,0,0,125,-15.2005
1.825,0,0,125,-14.6227
1.85,0,0,125,-14.0601
1.875,0,0,125,-13.5127
1.9,0,0,125,-12.9804
1.925,0,0,125,-12.4631
1.95,0,0,125,-11.9606
1.975,0,0,125,-11.4728
2,0,0,125,-10.9995
2.025,0,0,125,-10.5405
2.05,0,0,125,-10.0955
2.075,0,0,125,-9.66439
2.1,0,0,125,-9.24681
2.125,0,0,125,-8.84251
2.15,0,0,125,-8.45122
2.175,0,0,125,-8.07264
2.2,0,0,125,-7.7065
2.225,0,0,125,-7.35249
2.25,0,0,125,-7.01033
2.275,0,0,125,-6.67971
2.3,0,0,125,-6.36034
2.325,0,0,125,-6.05192
2.35,0,0,125,-5.75417
2.375,0,0,125,-5.4668
2.4,0,0,125,-5.18952
2.425,0,0,125,-4.92206
2.45,0,0,125,-4.66414
2.475,0,0,125,-4.4155
2.5,0,0,125,-4.17588
2.525,0,0,125,-3.94501
2.55,0,0,125,-3.72266
2.575,0,0,125,-3.50858
2.6,0,0,125,-3.30253
2.625,0,0,125,-3.10428
2.65,0,0,125,-2.91361
2.675,0,0,125,-2.73031
2.7,0,0,125,-2.55416
2.725,0,0,125,-2.38495
2.75,0,0,125,-2.2225
2.775,0,0,125,-2.0666
2.8,0,0,125,-1.91707
2.825,0,0,125,-1.77372
2.85,0,0,125,-1.63638
2.875,0,0,125,-1.50489
2.9,0,0,125,-1.37906
2.925,0,0,125,-1.25873
2.95,0,0,125,-1.14376
2.975,0,0,125,-1.03397
3,0,0,125,-0.929227
3.025,0,0,125,-0.829376
3.05,0,0,125,-0.734272
3.075,0,0,125,-0.643773
3.1,0,0,125,-0.557741
3.125,0,0,125,-0.476037
3.15,0,0,125,-0.398526
3.175,0,0,125,-0.325075
3.2,0,0,125,-0.255552
3.225,0,0,125,-0.189824
3.25,0,0,125,-0.127763
3.275,0,0,125,-0.0692389
3.3,0,0,125,-0.0141215
3.325,0,0,125,0.0377185
3.35,0,0,125,0.0864113
3.375,0,0,125,0.132088
3.4,0,0,125,0.17488
3.425,0,0,125,0.21492
3.45,0,0,125,0.252343
3.475,0,0,125,0.287286
3.5,0,0,125,0.319887
3.525,0,0,125,0.350287
3.55,0,0,125,0.378631
3.575,0,0,125,0.405063
3.6,0,0,125,0.429735
3.625,0,0,125,0.452797
3.65,0,0,125,0.474405
3.675,0,0,125,0.494716
3.7,0,0,125,0.513889
3.725,0,0,125,0.532089
3.75,0,0,125,0.54948
3.775,0,0,125,0.566229
3.8,0,0,125,0.582503
3.825,0,0,125,0.598472
3.85,0,0,125,0.614303
3.875,0,0,125,0.630164
3.9,0,0,125,0.646221
3.925,0,0,125,0.662637
3.95,0,0,125,0.67957
3.975,0,0,125,0.697172
4,0,0,125,0.715591
4.025,0,0,125,0.734963
4.05,0,0,125,0.755415
4.075,0,0,125,0.777063
4.1,0,0,125,0.80001
4.125,0,0,125,0.82434
4.15,0,0,125,0.850126
4.175,0,0,125,0.877417
4.2,0,0,125,0.906244
4.225,0,0,125,0.936614
4.25,0,0,125,0.968513
4.275,0,0,125,1.0019
4.3,0,0,125,1.03671
4.325,0,0,125,1.07284
4.35,0,0,125,1.11019
4.375,0,0,125,1.14859
4.4,0,0,125,1.18787
4.425,0,0,125,1.22783
4.45,0,0,125,1.26824
4.475,0,0,125,1.30884
4.5,0,0,125,1.34936
4.525,0,0,125,1.3895
4.55,0,0,125,1.42895
4.575,0,0,125,1.46738
4.6,0,0,125,1.50448
4.625,0,0,125,1.53991
4.65,0,0,125,1.57336
4.675,0,0,125,1.60453
4.7,0,0,125,1.63314
4.725,0,0,125,1.65896
4.75,0,0,125,1.68181
4.775,0,0,125,1.70159
4.8,0,0,125,1.71825
4.825,0,0,125,1.73186
4.85,0,0,125,1.74257
4.875,0,0,125,1.75067
4.9,0,0,125,1.75653
4.925,0,0,125,1.76059
4.95,0,0,125,1.76326
4.975,0,0,125,1.76487
5,0,0,125,1.76563
