0,0,0,125,-77.2816
0.025,0,0,125,-77.2746
0.05,0,0,125,-77.2605
0.075,0,0,125,-77.2393
0.1,0,0,125,-77.2105
0.125,0,0,125,-77.174
0.15,0,0,125,-77.1292
0.175,0,0,125,-77.0754
0.2,0,0,125,-77.0116
0.225,0,0,125,-76.9369
0.25,0,0,125,-76.85
0.275,0,0,125,-76.75
0.3,0,0,125,-76.6356
0.325,0,0,125,-76.5057
0.35,0,0,125,-76.359
0.375,0,0,125,-76.1944
0.4,0,0,125,-76.0106
0.425,0,0,125,-75.8063
0.45,0,0,125,-75.5802
0.475,0,0,125,-75.3308
0.5,0,0,125,-75.0568
0.525,0,0,125,-74.7567
0.55,0,0,125,-74.429
0.575,0,0,125,-74.0722
0.6,0,0,125,-73.6848
0.625,0,0,125,-73.2651
0.65,0,0,125,-72.8115
0.675,0,0,125,-72.3226
0.7,0,0,125,-71.7967
0.725,0,0,125,-71.2323
0.75,0,0,125,-70.628
0.775,0,0,125,-69.9822
0.8,0,0,125,-69.2938
0.825,0,0,125,-68.5616
0.85,0,0,125,-67.7846
0.875,0,0,125,-66.9619
0.9,0,0,125,-66.093
0.925,0,0,125,-65.1774
0.95,0,0,125,-64.2151
0.975,0,0,125,-63.2064
1,0,0,125,-62.1517
1.025,0,0,125,-61.052
1.05,0,0,125,-59.9085
1.075,0,0,125,-58.7229
1.1,0,0,125,-57.4972
1.125,0,0,125,-56.2338
1.15,0,0,125,-54.9353
1.175,0,0,125,-53.6049
1.2,0,0,125,-52.246
1.225,0,0,125,-50.862
1.25,0,0,125,-49.4567
1.275,0,0,125,-48.0341
1.3,0,0,125,-46.5982
1.325,0,0,125,-45.1528
1.35,0,0,125,-43.7021
1.375,0,0,125,-42.2496
1.4,0,0,125,-40.7992
1.425,0,0,125,-39.3541
1.45,0,0,125,-37.9175
1.475,0,0,125,-36.4923
1.5,0,0,125,-35.0811
1.525,0,0,125,-33.6862
1.55,0,0,125,-32.3097
1.575,0,0,125,-30.9535
1.6,0,0,125,-29.6191
1.625,0,0,125,-28.3081
1.65,0,0,125,-27.0217
1.675,0,0,125,-25.7614
1.7,0,0,125,-24.528
1.725,0,0,125,-23.3226
1.75,0,0,125,-22.1462
1.775,0,0,125,-20.9994
1.8,0,0,125,-19.8828
1.825,0,0,125,-18.797
1.85,0,0,125,-17.7424
1.875,0,0,125,-16.7192
1.9,0,0,125,-15.7276
1.925,0,0,125,-14.7674
1.95,0,0,125,-13.8387
1.975,0,0,125,-12.9412
2,0,0,125,-12.0745
2.025,0,0,125,-11.2383
2.05,0,0,125,-10.432
2.075,0,0,125,-9.65509
2.1,0,0,125,-8.90693
2.125,0,0,125,-8.18682
2.15,0,0,125,-7.49405
2.175,0,0,125,-6.82784
2.2,0,0,125,-6.18741
2.225,0,0,125,-5.57196
2.25,0,0,125,-4.98066
2.275,0,0,125,-4.4127
2.3,0,0,125,-3.86726
2.325,0,0,125,-3.34352
2.35,0,0,125,-2.84066
2.375,0,0,125,-2.3579
2.4,0,0,125,-1.89445
2.425,0,0,125,-1.44956
2.45,0,0,125,-1.02246
2.475,0,0,125,-0.612451
2.5,0,0,125,-0.218822
2.525,0,0,125,0.159101
2.55,0,0,125,0.521972
2.575,0,0,125,0.870419
2.6,0,0,125,1.20505
2.625,0,0,125,1.52644
2.65,0,0,125,1.83514
2.675,0,0,125,2.1317
2.7,0,0,125,2.41662
2.725,0,0,125,2.69038
2.75,0,0,125,2.95345
2.775,0,0,125,3.20628
2.8,0,0,125,3.44929
2.825,0,0,125,3.68287
2.85,0,0,125,3.90743
2.875,0,0,125,4.12331
2.9,0,0,125,4.33086
2.925,0,0,125,4.53043
2.95,0,0,125,4.72232
2.975,0,0,125,4.90683
3,0,0,125,5.08426
3.025,0,0,125,5.25486
3.05,0,0,125,5.41891
3.075,0,0,125,5.57664
3.1,0,0,125,5.72829
3.125,0,0,125,5.87409
3.15,0,0,125,6.01424
3.175,0,0,125,6.14895
3.2,0,0,125,6.27842
3.225,0,0,125,6.40283
3.25,0,0,125,6.52235
3.275,0,0,125,6.63715
3.3,0,0,125,6.7474
3.325,0,0,125,6.85324
3.35,0,0,125,6.95483
3.375,0,0,125,7.05231
3.4,0,0,125,7.1458
3.425,0,0,125,7.23545
3.45,0,0,125,7.32138
3.475,0,0,125,7.4037
3.5,0,0,125,7.48253
3.525,0,0,125,7.55798
3.55,0,0,125,7.63016
3.575,0,0,125,7.69917
3.6,0,0,125,7.76512
3.625,0,0,125,7.82809
3.65,0,0,125,7.88818
3.675,0,0,125,7.94548
3.7,0,0,125,8.00007
3.725,0,0,125,8.05205
3.75,0,0,125,8.10149
3.775,0,0,125,8.14847
3.8,0,0,125,8.19308
3.825,0,0,125,8.23538
3.85,0,0,125,8.27546
3.875,0,0,125,8.31338
3.9,0,0,125,8.34921
3.925,0,0,125,8.38303
3.95,0,0,125,8.4149
3.975,0,0,125,8.4449
4,0,0,125,8.47307
4.025,0,0,125,8.4995
4.05,0,0,125,8.52423
4.075,0,0,125,8.54734
4.1,0,0,125,8.56889
4.125,0,0,125,8.58893
4.15,0,0,125,8.60753
4.175,0,0,125,8.62473
4.2,0,0,125,8.64061
4.225,0,0,125,8.65521
4.25,0,0,125,8.66858
4.275,0,0,125,8.68079
4.3,0,0,125,8.69188
4.325,0,0,125,8.70191
4.35,0,0,125,8.71092
4.375,0,0,125,8.71896
4.4,0,0,125,8.72608
4.425,0,0,125,8.73232
4.45,0,0,125,8.73773
4.475,0,0,125,8.74235
4.5,0,0,125,8.74622
4.525,0,0,125,8.74937
4.55,0,0,125,8.75185
4.575,0,0,125,8.75369
4.6,0,0,125,8.75493
4.625,0,0,125,8.75559
4.65,0,0,125,8.75571
4.675,0,0,125,8.75533
4.7,0,0,125,8.75448
4.725,0,0,125,8.75319
4.75,0,0,125,8.75151
4.775,0,0,125,8.74949
4.8,0,0,125,8.74717
4.825,0,0,125,8.74463
4.85,0,0,125,8.74194
4.875,0,0,125,8.73923
4.9,0,0,125,8.73663
4.925,0,0,125,8.73431
4.95,0,0,125,8.73244
4.975,0,0,125,8.73113
5,0,0,125,8.73047
