0,0,0,125,-84.3499
0.025,0,0,125,-84.35
0.05,0,0,125,-84.3501
0.075,0,0,125,-84.3503
0.1,0,0,125,-84.3505
0.125,0,0,125,-84.3508
0.15,0,0,125,-84.3511
0.175,0,0,125,-84.3514
0.2,0,0,125,-84.3517
0.225,0,0,125,-84.352
0.25,0,0,125,-84.3524
0.275,0,0,125,-84.3527
0.3,0,0,125,-84.3531
0.325,0,0,125,-84.3534
0.35,0,0,125,-84.3538
0.375,0,0,125,-84.3542
0.4,0,0,125,-84.3545
0.425,0,0,125,-84.3548
0.45,0,0,125,-84.3552
0.475,0,0,125,-84.3555
0.5,0,0,125,-84.3558
0.525,0,0,125,-84.3561
0.55,0,0,125,-84.3563
0.575,0,0,125,-84.3566
0.6,0,0,125,-84.3569
0.625,0,0,125,-84.3572
0.65,0,0,125,-84.3574
0.675,0,0,125,-84.3577
0.7,0,0,125,-84.3579
0.725,0,0,125,-84.3582
0.75,0,0,125,-84.3585
0.775,0,0,125,-84.3587
0.8,0,0,125,-84.359
0.825,0,0,125,-84.3592
0.85,0,0,125,-84.3595
0.875,0,0,125,-84.3597
0.9,0,0,125,-84.36
0.925,0,0,125,-84.3603
0.95,0,0,125,-84.3605
0.975,0,0,125,-84.3608
1,0,0,125,-84.3611
1.025,0,0,125,-84.3614
1.05,0,0,125,-84.3616
1.075,0,0,125,-84.3619
1.1,0,0,125,-84.3622
1.125,0,0,125,-84.3625
1.15,0,0,125,-84.3629
1.175,0,0,125,-84.3632
1.2,0,0,125,-84.3635
1.225,0,0,125,-84.3639
1.25,0,0,125,-84.3642
1.275,0,0,125,-84.3646
1.3,0,0,125,-84.365
1.325,0,0,125,-84.3654
1.35,0,0,125,-84.3658
1.375,0,0,125,-84.3662
1.4,0,0,125,-84.3666
1.425,0,0,125,-84.367
1.45,0,0,125,-84.3675
1.475,0,0,125,-84.3679
1.5,0,0,125,-84.3684
1.525,0,0,125,-84.3688
1.55,0,0,125,-84.3693
1.575,0,0,125,-84.3698
1.6,0,0,125,-84.3703
1.625,0,0,125,-84.3708
1.65,0,0,125,-84.3713
1.675,0,0,125,-84.3718
1.7,0,0,125,-84.3724
1.725,0,0,125,-84.3729
1.75,0,0,125,-84.3735
1.775,0,0,125,-84.374
1.8,0,0,125,-84.3746
1.825,0,0,125,-84.3752
1.85,0,0,125,-84.3758
1.875,0,0,125,-84.3764
1.9,0,0,125,-84.377
1.925,0,0,125,-84.3776
1.95,0,0,125,-84.3782
1.975,0,0,125,-84.3789
2,0,0,125,-84.3795
2.025,0,0,125,-84.3802
2.05,0,0,125,-84.3809
2.075,0,0,125,-84.3815
2.1,0,0,125,-84.3822
2.125,0,0,125,-84.3829
2.15,0,0,125,-84.3836
2.175,0,0,125,-84.3844
2.2,0,0,125,-84.3851
2.225,0,0,125,-84.3859
2.25,0,0,125,-84.3867
2.275,0,0,125,-84.3875
2.3,0,0,125,-84.3883
2.325,0,0,125,-84.3892
2.35,0,0,125,-84.3901
2.375,0,0,125,-84.391
2.4,0,0,125,-84.3919
2.425,0,0,125,-84.3928
2.45,0,0,125,-84.3938
2.475,0,0,125,-84.3948
2.5,0,0,125,-84.3958
2.525,0,0,125,-84.3969
2.55,0,0,125,-84.3979
2.575,0,0,125,-84.399
2.6,0,0,125,-84.4001
2.625,0,0,125,-84.4012
2.65,0,0,125,-84.4023
2.675,0,0,125,-84.4034
2.7,0,0,125,-84.4046
2.725,0,0,125,-84.4057
2.75,0,0,125,-84.4069
2.775,0,0,125,-84.4081
2.8,0,0,125,-84.4093
2.825,0,0,125,-84.4105
2.85,0,0,125,-84.4117
2.875,0,0,125,-84.413
2.9,0,0,125,-84.4142
2.925,0,0,125,-84.4155
2.95,0,0,125,-84.4167
2.975,0,0,125,-84.4179
3,0,0,125,-84.4192
3.025,0,0,125,-84.4204
3.05,0,0,125,-84.4216
3.075,0,0,125,-84.4228
3.1,0,0,125,-84.4239
3.125,0,0,125,-84.4251
3.15,0,0,125,-84.4263
3.175,0,0,125,-84.4274
3.2,0,0,125,-84.4286
3.225,0,0,125,-84.4297
3.25,0,0,125,-84.4308
3.275,0,0,125,-84.4319
3.3,0,0,125,-84.433
3.325,0,0,125,-84.4341
3.35,0,0,125,-84.4352
3.375,0,0,125,-84.4363
3.4,0,0,125,-84.4373
3.425,0,0,125,-84.4384
3.45,0,0,125,-84.4394
3.475,0,0,125,-84.4404
3.5,0,0,125,-84.4414
3.525,0,0,125,-84.4424
3.55,0,0,125,-84.4434
3.575,0,0,125,-84.4443
3.6,0,0,125,-84.4453
3.625,0,0,125,-84.4462
3.65,0,0,125,-84.4471
3.675,0,0,125,-84.448
3.7,0,0,125,-84.4489
3.725,0,0,125,-84.4498
3.75,0,0,125,-84.4506
3.775,0,0,125,-84.4514
3.8,0,0,125,-84.4521
3.825,0,0,125,-84.4529
3.85,0,0,125,-84.4536
3.875,0,0,125,-84.4543
3.9,0,0,125,-84.4549
3.925,0,0,125,-84.4555
3.95,0,0,125,-84.4562
3.975,0,0,125,-84.4567
4,0,0,125,-84.4573
4.025,0,0,125,-84.4578
4.05,0,0,125,-84.4583
4.075,0,0,125,-84.4588
4.1,0,0,125,-84.4593
4.125,0,0,125,-84.4597
4.15,0,0,125,-84.4602
4.175,0,0,125,-84.4606
4.2,0,0,125,-84.461
4.225,0,0,125,-84.4614
4.25,0,0,125,-84.4618
4.275,0,0,125,-84.4622
4.3,0,0,125,-84.4625
4.325,0,0,125,-84.4629
4.35,0,0,125,-84.4632
4.375,0,0,125,-84.4635
4.4,0,0,125,-84.4638
4.425,0,0,125,-84.4641
4.45,0,0,125,-84.4643
4.475,0,0,125,-84.4646
4.5,0,0,125,-84.4648
4.525,0,0,125,-84.465
4.55,0,0,125,-84.4652
4.575,0,0,125,-84.4654
4.6,0,0,125,-84.4656
4.625,0,0,125,-84.4657
4.65,0,0,125,-84.4659
4.675,0,0,125,-84.466
4.7,0,0,125,-84.4661
4.725,0,0,125,-84.4662
4.75,0,0,125,-84.4663
4.775,0,0,125,-84.4663
4.8,0,0,125,-84.4664
4.825,0,0,125,-84.4664
4.85,0,0,125,-84.4664
4.875,0,0,125,-84.4664
4.9,0,0,125,-84.4664
4.925,0,0,125,-84.4664
4.95,0,0,125,-84.4663
4.975,0,0,125,-84.4663
5,0,0,125,-84.4663
