0,0,0,125,-84.0686
0.025,0,0,125,-84.0687
0.05,0,0,125,-84.069
0.075,0,0,125,-84.0694
0.1,0,0,125,-84.0699
0.125,0,0,125,-84.0705
0.15,0,0,125,-84.0712
0.175,0,0,125,-84.0719
0.2,0,0,125,-84.0726
0.225,0,0,125,-84.0734
0.25,0,0,125,-84.0741
0.275,0,0,125,-84.0748
0.3,0,0,125,-84.0756
0.325,0,0,125,-84.0764
0.35,0,0,125,-84.0771
0.375,0,0,125,-84.0779
0.4,0,0,125,-84.0786
0.425,0,0,125,-84.0793
0.45,0,0,125,-84.08
0.475,0,0,125,-84.0807
0.5,0,0,125,-84.0814
0.525,0,0,125,-84.082
0.55,0,0,125,-84.0827
0.575,0,0,125,-84.0833
0.6,0,0,125,-84.0839
0.625,0,0,125,-84.0845
0.65,0,0,125,-84.0851
0.675,0,0,125,-84.0856
0.7,0,0,125,-84.0862
0.725,0,0,125,-84.0868
0.75,0,0,125,-84.0874
0.775,0,0,125,-84.088
0.8,0,0,125,-84.0886
0.825,0,0,125,-84.0893
0.85,0,0,125,-84.0899
0.875,0,0,125,-84.0905
0.9,0,0,125,-84.0912
0.925,0,0,125,-84.0919
0.95,0,0,125,-84.0925
0.975,0,0,125,-84.0932
1,0,0,125,-84.0939
1.025,0,0,125,-84.0946
1.05,0,0,125,-84.0953
1.075,0,0,125,-84.0961
1.1,0,0,125,-84.0968
1.125,0,0,125,-84.0975
1.15,0,0,125,-84.0983
1.175,0,0,125,-84.0991
1.2,0,0,125,-84.0998
1.225,0,0,125,-84.1006
1.25,0,0,125,-84.1014
1.275,0,0,125,-84.1022
1.3,0,0,125,-84.103
1.325,0,0,125,-84.1038
1.35,0,0,125,-84.1047
1.375,0,0,125,-84.1055
1.4,0,0,125,-84.1063
1.425,0,0,125,-84.1072
1.45,0,0,125,-84.1081
1.475,0,0,125,-84.1089
1.5,0,0,125,-84.1098
1.525,0,0,125,-84.1107
1.55,0,0,125,-84.1117
1.575,0,0,125,-84.1126
1.6,0,0,125,-84.1136
1.625,0,0,125,-84.1146
1.65,0,0,125,-84.1156
1.675,0,0,125,-84.1167
1.7,0,0,125,-84.1178
1.725,0,0,125,-84.1189
1.75,0,0,125,-84.1201
1.775,0,0,125,-84.1213
1.8,0,0,125,-84.1226
1.825,0,0,125,-84.1238
1.85,0,0,125,-84.1251
1.875,0,0,125,-84.1265
1.9,0,0,125,-84.1278
1.925,0,0,125,-84.1292
1.95,0,0,125,-84.1305
1.975,0,0,125,-84.1319
2,0,0,125,-84.1333
2.025,0,0,125,-84.1348
2.05,0,0,125,-84.1363
2.075,0,0,125,-84.1378
2.1,0,0,125,-84.1394
2.125,0,0,125,-84.141
2.15,0,0,125,-84.1427
2.175,0,0,125,-84.1444
2.2,0,0,125,-84.1461
2.225,0,0,125,-84.1479
2.25,0,0,125,-84.1497
2.275,0,0,125,-84.1515
2.3,0,0,125,-84.1534
2.325,0,0,125,-84.1553
2.35,0,0,125,-84.1573
2.375,0,0,125,-84.1593
2.4,0,0,125,-84.1613
2.425,0,0,125,-84.1634
2.45,0,0,125,-84.1655
2.475,0,0,125,-84.1676
2.5,0,0,125,-84.1698
2.525,0,0,125,-84.172
2.55,0,0,125,-84.1743
2.575,0,0,125,-84.1766
2.6,0,0,125,-84.1789
2.625,0,0,125,-84.1813
2.65,0,0,125,-84.1837
2.675,0,0,125,-84.1861
2.7,0,0,125,-84.1885
2.725,0,0,125,-84.1911
2.75,0,0,125,-84.1936
2.775,0,0,125,-84.1962
2.8,0,0,125,-84.1988
2.825,0,0,125,-84.2014
2.85,0,0,125,-84.2041
2.875,0,0,125,-84.2068
2.9,0,0,125,-84.2095
2.925,0,0,125,-84.2123
2.95,0,0,125,-84.215
2.975,0,0,125,-84.2177
3,0,0,125,-84.2204
3.025,0,0,125,-84.2231
3.05,0,0,125,-84.2258
3.075,0,0,125,-84.2285
3.1,0,0,125,-84.2312
3.125,0,0,125,-84.2338
3.15,0,0,125,-84.2365
3.175,0,0,125,-84.2391
3.2,0,0,125,-84.2418
3.225,0,0,125,-84.2444
3.25,0,0,125,-84.247
3.275,0,0,125,-84.2496
3.3,0,0,125,-84.2522
3.325,0,0,125,-84.2547
3.35,0,0,125,-84.2572
3.375,0,0,125,-84.2596
3.4,0,0,125,-84.262
3.425,0,0,125,-84.2644
3.45,0,0,125,-84.2667
3.475,0,0,125,-84.269
3.5,0,0,125,-84.2713
3.525,0,0,125,-84.2735
3.55,0,0,125,-84.2757
3.575,0,0,125,-84.2778
3.6,0,0,125,-84.2799
3.625,0,0,125,-84.282
3.65,0,0,125,-84.284
3.675,0,0,125,-84.286
3.7,0,0,125,-84.288
3.725,0,0,125,-84.2899
3.75,0,0,125,-84.2917
3.775,0,0,125,-84.2936
3.8,0,0,125,-84.2953
3.825,0,0,125,-84.297
3.85,0,0,125,-84.2987
3.875,0,0,125,-84.3003
3.9,0,0,125,-84.3019
3.925,0,0,125,-84.3034
3.95,0,0,125,-84.3048
3.975,0,0,125,-84.3062
4,0,0,125,-84.3075
4.025,0,0,125,-84.3088
4.05,0,0,125,-84.3101
4.075,0,0,125,-84.3112
4.1,0,0,125,-84.3123
4.125,0,0,125,-84.3134
4.15,0,0,125,-84.3145
4.175,0,0,125,-84.3155
4.2,0,0,125,-84.3164
4.225,0,0,125,-84.3173
4.25,0,0,125,-84.3182
4.275,0,0,125,-84.3191
4.3,0,0,125,-84.3199
4.325,0,0,125,-84.3206
4.35,0,0,125,-84.3213
4.375,0,0,125,-84.3219
4.4,0,0,125,-84.3226
4.425,0,0,125,-84.3231
4.45,0,0,125,-84.3237
4.475,0,0,125,-84.3242
4.5,0,0,125,-84.3247
4.525,0,0,125,-84.3251
4.55,0,0,125,-84.3255
4.575,0,0,125,-84.3259
4.6,0,0,125,-84.3263
4.625,0,0,125,-84.3265
4.65,0,0,125,-84.3268
4.675,0,0,125,-84.327
4.7,0,0,125,-84.3272
4.725,0,0,125,-84.3274
4.75,0,0,125,-84.3275
4.775,0,0,125,-84.3276
4.8,0,0,125,-84.3277
4.825,0,0,125,-84.3278
4.85,0,0,125,-84.3278
4.875,0,0,125,-84.3279
4.9,0,0,125,-84.328
4.925,0,0,125,-84.328
4.95,0,0,125,-84.328
4.975,0,0,125,-84.328
5,0,0,125,-84.3281
