0,0,0,125,-3.48797
0.025,0,0,125,-3.49208
0.05,0,0,125,-3.50032
0.075,0,0,125,-3.5127
0.1,0,0,125,-3.52927
0.125,0,0,125,-3.5501
0.15,0,0,125,-3.57524
0.175,0,0,125,-3.60473
0.2,0,0,125,-3.63856
0.225,0,0,125,-3.67666
0.25,0,0,125,-3.71897
0.275,0,0,125,-3.76541
0.3,0,0,125,-3.81591
0.325,0,0,125,-3.87038
0.35,0,0,125,-3.92875
0.375,0,0,125,-3.99093
0.4,0,0,125,-4.05685
0.425,0,0,125,-4.12644
0.45,0,0,125,-4.19964
0.475,0,0,125,-4.27638
0.5,0,0,125,-4.35661
0.525,0,0,125,-4.44028
0.55,0,0,125,-4.52734
0.575,0,0,125,-4.61777
0.6,0,0,125,-4.71151
0.625,0,0,125,-4.80856
0.65,0,0,125,-4.90889
0.675,0,0,125,-5.01249
0.7,0,0,125,-5.11935
0.725,0,0,125,-5.22947
0.75,0,0,125,-5.34286
0.775,0,0,125,-5.45953
0.8,0,0,125,-5.57949
0.825,0,0,125,-5.70278
0.85,0,0,125,-5.82943
0.875,0,0,125,-5.95947
0.9,0,0,125,-6.09295
0.925,0,0,125,-6.22992
0.95,0,0,125,-6.37043
0.975,0,0,125,-6.51456
1,0,0,125,-6.66238
1.025,0,0,125,-6.81396
1.05,0,0,125,-6.96938
1.075,0,0,125,-7.12875
1.1,0,0,125,-7.29217
1.125,0,0,125,-7.45973
1.15,0,0,125,-7.63155
1.175,0,0,125,-7.80775
1.2,0,0,125,-7.98847
1.225,0,0,125,-8.17383
1.25,0,0,125,-8.36399
1.275,0,0,125,-8.5591
1.3,0,0,125,-8.75931
1.325,0,0,125,-8.9648
1.35,0,0,125,-9.17573
1.375,0,0,125,-9.39229
1.4,0,0,125,-9.61469
1.425,0,0,125,-9.8431
1.45,0,0,125,-10.0778
1.475,0,0,125,-10.3189
1.5,0,0,125,-10.5667
1.525,0,0,125,-10.8214
1.55,0,0,125,-11.0832
1.575,0,0,125,-11.3525
1.6,0,0,125,-11.6294
1.625,0,0,125,-11.9143
1.65,0,0,125,-12.2073
1.675,0,0,125,-12.5089
1.7,0,0,125,-12.8192
1.725,0,0,125,-13.1386
1.75,0,0,125,-13.4674
1.775,0,0,125,-13.8059
1.8,0,0,125,-14.1543
1.825,0,0,125,-14.5131
1.85,0,0,125,-14.8826
1.875,0,0,125,-15.263
1.9,0,0,125,-15.6547
1.925,0,0,125,-16.0581
1.95,0,0,125,-16.4734
1.975,0,0,125,-16.9011
2,0,0,125,-17.3415
2.025,0,0,125,-17.7948
2.05,0,0,125,-18.2615
2.075,0,0,125,-18.7419
2.1,0,0,125,-19.2363
2.125,0,0,125,-19.7451
2.15,0,0,125,-20.2685
2.175,0,0,125,-20.807
2.2,0,0,125,-21.3608
2.225,0,0,125,-21.9302
2.25,0,0,125,-22.5156
2.275,0,0,125,-23.1173
2.3,0,0,125,-23.7356
2.325,0,0,125,-24.3707
2.35,0,0,125,-25.023
2.375,0,0,125,-25.6928
2.4,0,0,125,-26.3803
2.425,0,0,125,-27.0858
2.45,0,0,125,-27.8096
2.475,0,0,125,-28.552
2.5,0,0,125,-29.3131
2.525,0,0,125,-30.0933
2.55,0,0,125,-30.8927
2.575,0,0,125,-31.7115
2.6,0,0,125,-32.5499
2.625,0,0,125,-33.408
2.65,0,0,125,-34.2858
2.675,0,0,125,-35.1832
2.7,0,0,125,-36.1002
2.725,0,0,125,-37.0365
2.75,0,0,125,-37.9917
2.775,0,0,125,-38.9655
2.8,0,0,125,-39.9571
2.825,0,0,125,-40.9657
2.85,0,0,125,-41.9905
2.875,0,0,125,-43.0302
2.9,0,0,125,-44.0836
2.925,0,0,125,-45.1492
2.95,0,0,125,-46.2251
2.975,0,0,125,-47.3097
3,0,0,125,-48.4009
3.025,0,0,125,-49.4966
3.05,0,0,125,-50.5944
3.075,0,0,125,-51.692
3.1,0,0,125,-52.7871
3.125,0,0,125,-53.877
3.15,0,0,125,-54.9593
3.175,0,0,125,-56.0316
3.2,0,0,125,-57.0913
3.225,0,0,125,-58.1362
3.25,0,0,125,-59.1639
3.275,0,0,125,-60.1723
3.3,0,0,125,-61.1594
3.325,0,0,125,-62.1233
3.35,0,0,125,-63.0624
3.375,0,0,125,-63.9753
3.4,0,0,125,-64.8606
3.425,0,0,125,-65.7173
3.45,0,0,125,-66.5446
3.475,0,0,125,-67.3417
3.5,0,0,125,-68.1082
3.525,0,0,125,-68.8439
3.55,0,0,125,-69.5485
3.575,0,0,125,-70.2223
3.6,0,0,125,-70.8653
3.625,0,0,125,-71.478
3.65,0,0,125,-72.0607
3.675,0,0,125,-72.6142
3.7,0,0,125,-73.1391
3.725,0,0,125,-73.6361
3.75,0,0,125,-74.1061
3.775,0,0,125,-74.5499
3.8,0,0,125,-74.9684
3.825,0,0,125,-75.3627
3.85,0,0,125,-75.7336
3.875,0,0,125,-76.0821
3.9,0,0,125,-76.4092
3.925,0,0,125,-76.7159
3.95,0,0,125,-77.0031
3.975,0,0,125,-77.2718
4,0,0,125,-77.5228
4.025,0,0,125,-77.7572
4.05,0,0,125,-77.9757
4.075,0,0,125,-78.1792
4.1,0,0,125,-78.3685
4.125,0,0,125,-78.5444
4.15,0,0,125,-78.7077
4.175,0,0,125,-78.859
4.2,0,0,125,-78.9991
4.225,0,0,125,-79.1285
4.25,0,0,125,-79.2479
4.275,0,0,125,-79.358
4.3,0,0,125,-79.4592
4.325,0,0,125,-79.5521
4.35,0,0,125,-79.6372
4.375,0,0,125,-79.715
4.4,0,0,125,-79.786
4.425,0,0,125,-79.8506
4.45,0,0,125,-79.9091
4.475,0,0,125,-79.9621
4.5,0,0,125,-80.0098
4.525,0,0,125,-80.0527
4.55,0,0,125,-80.0911
4.575,0,0,125,-80.1252
4.6,0,0,125,-80.1555
4.625,0,0,125,-80.1822
4.65,0,0,125,-80.2057
4.675,0,0,125,-80.226
4.7,0,0,125,-80.2437
4.725,0,0,125,-80.2588
4.75,0,0,125,-80.2717
4.775,0,0,125,-80.2825
4.8,0,0,125,-80.2914
4.825,0,0,125,-80.2988
4.85,0,0,125,-80.3047
4.875,0,0,125,-80.3094
4.9,0,0,125,-80.3131
4.925,0,0,125,-80.3158
4.95,0,0,125,-80.3177
4.975,0,0,125,-80.3189
5,0,0,125,-80.3195
