0,0,0,125,10.5958
0.025,0,0,125,10.5993
0.05,0,0,125,10.606
0.075,0,0,125,10.6159
0.1,0,0,125,10.6284
0.125,0,0,125,10.6431
0.15,0,0,125,10.6596
0.175,0,0,125,10.6774
0.2,0,0,125,10.6964
0.225,0,0,125,10.7164
0.25,0,0,125,10.7372
0.275,0,0,125,10.7589
0.3,0,0,125,10.7813
0.325,0,0,125,10.8044
0.35,0,0,125,10.8281
0.375,0,0,125,10.8522
0.4,0,0,125,10.8769
0.425,0,0,125,10.902
0.45,0,0,125,10.9275
0.475,0,0,125,10.9533
0.5,0,0,125,10.9795
0.525,0,0,125,11.0059
0.55,0,0,125,11.0326
0.575,0,0,125,11.0596
0.6,0,0,125,11.0867
0.625,0,0,125,11.114
0.65,0,0,125,11.1415
0.675,0,0,125,11.1692
0.7,0,0,125,11.1969
0.725,0,0,125,11.2249
0.75,0,0,125,11.2529
0.775,0,0,125,11.281
0.8,0,0,125,11.3092
0.825,0,0,125,11.3374
0.85,0,0,125,11.3658
0.875,0,0,125,11.3942
0.9,0,0,125,11.4226
0.925,0,0,125,11.4511
0.95,0,0,125,11.4796
0.975,0,0,125,11.5081
1,0,0,125,11.5367
1.025,0,0,125,11.5653
1.05,0,0,125,11.5939
1.075,0,0,125,11.6225
1.1,0,0,125,11.6511
1.125,0,0,125,11.6797
1.15,0,0,125,11.7084
1.175,0,0,125,11.737
1.2,0,0,125,11.7656
1.225,0,0,125,11.7942
1.25,0,0,125,11.8227
1.275,0,0,125,11.8513
1.3,0,0,125,11.8798
1.325,0,0,125,11.9084
1.35,0,0,125,11.9369
1.375,0,0,125,11.9653
1.4,0,0,125,11.9938
1.425,0,0,125,12.0222
1.45,0,0,125,12.0506
1.475,0,0,125,12.079
1.5,0,0,125,12.1074
1.525,0,0,125,12.1357
1.55,0,0,125,12.164
1.575,0,0,125,12.1922
1.6,0,0,125,12.2205
1.625,0,0,125,12.2486
1.65,0,0,125,12.2768
1.675,0,0,125,12.3049
1.7,0,0,125,12.333
1.725,0,0,125,12.361
1.75,0,0,125,12.389
1.775,0,0,125,12.417
1.8,0,0,125,12.4449
1.825,0,0,125,12.4728
1.85,0,0,125,12.5006
1.875,0,0,125,12.5284
1.9,0,0,125,12.5562
1.925,0,0,125,12.5839
1.95,0,0,125,12.6116
1.975,0,0,125,12.6392
2,0,0,125,12.6668
2.025,0,0,125,12.6944
2.05,0,0,125,12.7219
2.075,0,0,125,12.7493
2.1,0,0,125,12.7767
2.125,0,0,125,12.8041
2.15,0,0,125,12.8314
2.175,0,0,125,12.8587
2.2,0,0,125,12.8859
2.225,0,0,125,12.9131
2.25,0,0,125,12.9402
2.275,0,0,125,12.9673
2.3,0,0,125,12.9943
2.325,0,0,125,13.0213
2.35,0,0,125,13.0482
2.375,0,0,125,13.0751
2.4,0,0,125,13.1019
2.425,0,0,125,13.1287
2.45,0,0,125,13.1555
2.475,0,0,125,13.1821
2.5,0,0,125,13.2088
2.525,0,0,125,13.2354
2.55,0,0,125,13.2619
2.575,0,0,125,13.2884
2.6,0,0,125,13.3148
2.625,0,0,125,13.3412
2.65,0,0,125,13.3675
2.675,0,0,125,13.3938
2.7,0,0,125,13.42
2.725,0,0,125,13.4462
2.75,0,0,125,13.4723
2.775,0,0,125,13.4984
2.8,0,0,125,13.5244
2.825,0,0,125,13.5504
2.85,0,0,125,13.5763
2.875,0,0,125,13.6022
2.9,0,0,125,13.628
2.925,0,0,125,13.6537
2.95,0,0,125,13.6794
2.975,0,0,125,13.7051
3,0,0,125,13.7307
3.025,0,0,125,13.7563
3.05,0,0,125,13.7818
3.075,0,0,125,13.8073
3.1,0,0,125,13.8327
3.125,0,0,125,13.858
3.15,0,0,125,13.8833
3.175,0,0,125,13.9086
3.2,0,0,125,13.9338
3.225,0,0,125,13.959
3.25,0,0,125,13.9841
3.275,0,0,125,14.0092
3.3,0,0,125,14.0342
3.325,0,0,125,14.0592
3.35,0,0,125,14.0841
3.375,0,0,125,14.109
3.4,0,0,125,14.1339
3.425,0,0,125,14.1587
3.45,0,0,125,14.1834
3.475,0,0,125,14.2081
3.5,0,0,125,14.2328
3.525,0,0,125,14.2574
3.55,0,0,125,14.282
3.575,0,0,125,14.3065
3.6,0,0,125,14.331
3.625,0,0,125,14.3555
3.65,0,0,125,14.3799
3.675,0,0,125,14.4043
3.7,0,0,125,14.4286
3.725,0,0,125,14.4529
3.75,0,0,125,14.4771
3.775,0,0,125,14.5013
3.8,0,0,125,14.5255
3.825,0,0,125,14.5496
3.85,0,0,125,14.5737
3.875,0,0,125,14.5977
3.9,0,0,125,14.6217
3.925,0,0,125,14.6456
3.95,0,0,125,14.6694
3.975,0,0,125,14.6933
4,0,0,125,14.717
4.025,0,0,125,14.7407
4.05,0,0,125,14.7643
4.075,0,0,125,14.7878
4.1,0,0,125,14.8113
4.125,0,0,125,14.8347
4.15,0,0,125,14.858
4.175,0,0,125,14.8812
4.2,0,0,125,14.9042
4.225,0,0,125,14.9272
4.25,0,0,125,14.95
4.275,0,0,125,14.9727
4.3,0,0,125,14.9952
4.325,0,0,125,15.0175
4.35,0,0,125,15.0396
4.375,0,0,125,15.0615
4.4,0,0,125,15.0832
4.425,0,0,125,15.1046
4.45,0,0,125,15.1257
4.475,0,0,125,15.1465
4.5,0,0,125,15.1669
4.525,0,0,125,15.187
4.55,0,0,125,15.2066
4.575,0,0,125,15.2258
4.6,0,0,125,15.2444
4.625,0,0,125,15.2625
4.65,0,0,125,15.28
4.675,0,0,125,15.2968
4.7,0,0,125,15.3129
4.725,0,0,125,15.3283
4.75,0,0,125,15.3427
4.775,0,0,125,15.3563
4.8,0,0,125,15.3688
4.825,0,0,125,15.3803
4.85,0,0,125,15.3907
4.875,0,0,125,15.3998
4.9,0,0,125,15.4075
4.925,0,0,125,15.4139
4.95,0,0,125,15.4188
4.975,0,0,125,15.4221
5,0,0,125,15.4238
