0,0,0,125,-1.66856
0.025,0,0,125,-1.67116
0.05,0,0,125,-1.67641
0.075,0,0,125,-1.68434
0.1,0,0,125,-1.69508
0.125,0,0,125,-1.70877
0.15,0,0,125,-1.72555
0.175,0,0,125,-1.74554
0.2,0,0,125,-1.76879
0.225,0,0,125,-1.79531
0.25,0,0,125,-1.82507
0.275,0,0,125,-1.85803
0.3,0,0,125,-1.89413
0.325,0,0,125,-1.93331
0.35,0,0,125,-1.97549
0.375,0,0,125,-2.02057
0.4,0,0,125,-2.06849
0.425,0,0,125,-2.11916
0.45,0,0,125,-2.17249
0.475,0,0,125,-2.22839
0.5,0,0,125,-2.2868
0.525,0,0,125,-2.34763
0.55,0,0,125,-2.4108
0.575,0,0,125,-2.47626
0.6,0,0,125,-2.54393
0.625,0,0,125,-2.61376
0.65,0,0,125,-2.68569
0.675,0,0,125,-2.75968
0.7,0,0,125,-2.83568
0.725,0,0,125,-2.91365
0.75,0,0,125,-2.99356
0.775,0,0,125,-3.07538
0.8,0,0,125,-3.15909
0.825,0,0,125,-3.24467
0.85,0,0,125,-3.33211
0.875,0,0,125,-3.4214
0.9,0,0,125,-3.51254
0.925,0,0,125,-3.60553
0.95,0,0,125,-3.70038
0.975,0,0,125,-3.7971
1,0,0,125,-3.8957
1.025,0,0,125,-3.9962
1.05,0,0,125,-4.09864
1.075,0,0,125,-4.20302
1.1,0,0,125,-4.3094
1.125,0,0,125,-4.41779
1.15,0,0,125,-4.52825
1.175,0,0,125,-4.64081
1.2,0,0,125,-4.75552
1.225,0,0,125,-4.87243
1.25,0,0,125,-4.9916
1.275,0,0,125,-5.11308
1.3,0,0,125,-5.23693
1.325,0,0,125,-5.36322
1.35,0,0,125,-5.492
1.375,0,0,125,-5.62335
1.4,0,0,125,-5.75734
1.425,0,0,125,-5.89406
1.45,0,0,125,-6.03356
1.475,0,0,125,-6.17594
1.5,0,0,125,-6.32128
1.525,0,0,125,-6.46967
1.55,0,0,125,-6.62119
1.575,0,0,125,-6.77594
1.6,0,0,125,-6.93402
1.625,0,0,125,-7.09551
1.65,0,0,125,-7.26052
1.675,0,0,125,-7.42915
1.7,0,0,125,-7.60151
1.725,0,0,125,-7.7777
1.75,0,0,125,-7.95783
1.775,0,0,125,-8.14201
1.8,0,0,125,-8.33036
1.825,0,0,125,-8.52299
1.85,0,0,125,-8.72002
1.875,0,0,125,-8.92156
1.9,0,0,125,-9.12773
1.925,0,0,125,-9.33866
1.95,0,0,125,-9.55447
1.975,0,0,125,-9.77528
2,0,0,125,-10.0012
2.025,0,0,125,-10.2324
2.05,0,0,125,-10.4689
2.075,0,0,125,-10.711
2.1,0,0,125,-10.9586
2.125,0,0,125,-11.212
2.15,0,0,125,-11.4713
2.175,0,0,125,-11.7365
2.2,0,0,125,-12.0078
2.225,0,0,125,-12.2853
2.25,0,0,125,-12.5691
2.275,0,0,125,-12.8594
2.3,0,0,125,-13.1561
2.325,0,0,125,-13.4595
2.35,0,0,125,-13.7696
2.375,0,0,125,-14.0864
2.4,0,0,125,-14.4102
2.425,0,0,125,-14.7408
2.45,0,0,125,-15.0784
2.475,0,0,125,-15.4231
2.5,0,0,125,-15.7749
2.525,0,0,125,-16.1337
2.55,0,0,125,-16.4997
2.575,0,0,125,-16.8728
2.6,0,0,125,-17.253
2.625,0,0,125,-17.6404
2.65,0,0,125,-18.0348
2.675,0,0,125,-18.4362
2.7,0,0,125,-18.8445
2.725,0,0,125,-19.2597
2.75,0,0,125,-19.6817
2.775,0,0,125,-20.1103
2.8,0,0,125,-20.5454
2.825,0,0,125,-20.9869
2.85,0,0,125,-21.4345
2.875,0,0,125,-21.8882
2.9,0,0,125,-22.3476
2.925,0,0,125,-22.8126
2.95,0,0,125,-23.283
2.975,0,0,125,-23.7584
3,0,0,125,-24.2387
3.025,0,0,125,-24.7234
3.05,0,0,125,-25.2124
3.075,0,0,125,-25.7052
3.1,0,0,125,-26.2016
3.125,0,0,125,-26.7012
3.15,0,0,125,-27.2035
3.175,0,0,125,-27.7084
3.2,0,0,125,-28.2152
3.225,0,0,125,-28.7237
3.25,0,0,125,-29.2334
3.275,0,0,125,-29.7439
3.3,0,0,125,-30.2546
3.325,0,0,125,-30.7652
3.35,0,0,125,-31.2751
3.375,0,0,125,-31.7838
3.4,0,0,125,-32.2908
3.425,0,0,125,-32.7956
3.45,0,0,125,-33.2976
3.475,0,0,125,-33.7962
3.5,0,0,125,-34.2909
3.525,0,0,125,-34.7811
3.55,0,0,125,-35.2661
3.575,0,0,125,-35.7454
3.6,0,0,125,-36.2182
3.625,0,0,125,-36.684
3.65,0,0,125,-37.1421
3.675,0,0,125,-37.5918
3.7,0,0,125,-38.0326
3.725,0,0,125,-38.4637
3.75,0,0,125,-38.8845
3.775,0,0,125,-39.2944
3.8,0,0,125,-39.6927
3.825,0,0,125,-40.0789
3.85,0,0,125,-40.4524
3.875,0,0,125,-40.8126
3.9,0,0,125,-41.159
3.925,0,0,125,-41.4911
3.95,0,0,125,-41.8084
3.975,0,0,125,-42.1106
4,0,0,125,-42.3972
4.025,0,0,125,-42.6679
4.05,0,0,125,-42.9225
4.075,0,0,125,-43.1606
4.1,0,0,125,-43.3822
4.125,0,0,125,-43.5872
4.15,0,0,125,-43.7754
4.175,0,0,125,-43.9468
4.2,0,0,125,-44.1017
4.225,0,0,125,-44.24
4.25,0,0,125,-44.3619
4.275,0,0,125,-44.4679
4.3,0,0,125,-44.5581
4.325,0,0,125,-44.633
4.35,0,0,125,-44.693
4.375,0,0,125,-44.7388
4.4,0,0,125,-44.7709
4.425,0,0,125,-44.7899
4.45,0,0,125,-44.7967
4.475,0,0,125,-44.7919
4.5,0,0,125,-44.7766
4.525,0,0,125,-44.7516
4.55,0,0,125,-44.7178
4.575,0,0,125,-44.6764
4.6,0,0,125,-44.6283
4.625,0,0,125,-44.5748
4.65,0,0,125,-44.5169
4.675,0,0,125,-44.456
4.7,0,0,125,-44.3931
4.725,0,0,125,-44.3296
4.75,0,0,125,-44.2667
4.775,0,0,125,-44.2057
4.8,0,0,125,-44.1479
4.825,0,0,125,-44.0944
4.85,0,0,125,-44.0464
4.875,0,0,125,-44.0048
4.9,0,0,125,-43.97
4.925,0,0,125,-43.9423
4.95,0,0,125,-43.9217
4.975,0,0,125,-43.908
5,0,0,125,-43.9011
