0,0,0,125,2.44253
0.025,0,0,125,2.44665
0.05,0,0,125,2.45474
0.075,0,0,125,2.46646
0.1,0,0,125,2.48129
0.125,0,0,125,2.49864
0.15,0,0,125,2.51794
0.175,0,0,125,2.53868
0.2,0,0,125,2.56055
0.225,0,0,125,2.58331
0.25,0,0,125,2.60678
0.275,0,0,125,2.63077
0.3,0,0,125,2.65514
0.325,0,0,125,2.67974
0.35,0,0,125,2.70444
0.375,0,0,125,2.7291
0.4,0,0,125,2.7536
0.425,0,0,125,2.77783
0.45,0,0,125,2.80169
0.475,0,0,125,2.82506
0.5,0,0,125,2.84785
0.525,0,0,125,2.86997
0.55,0,0,125,2.89132
0.575,0,0,125,2.91181
0.6,0,0,125,2.93137
0.625,0,0,125,2.94991
0.65,0,0,125,2.96735
0.675,0,0,125,2.9836
0.7,0,0,125,2.99859
0.725,0,0,125,3.01224
0.75,0,0,125,3.02447
0.775,0,0,125,3.0352
0.8,0,0,125,3.04437
0.825,0,0,125,3.05188
0.85,0,0,125,3.05766
0.875,0,0,125,3.06163
0.9,0,0,125,3.0637
0.925,0,0,125,3.0638
0.95,0,0,125,3.06184
0.975,0,0,125,3.05775
1,0,0,125,3.05144
1.025,0,0,125,3.04281
1.05,0,0,125,3.03178
1.075,0,0,125,3.01826
1.1,0,0,125,3.00216
1.125,0,0,125,2.98339
1.15,0,0,125,2.96184
1.175,0,0,125,2.93743
1.2,0,0,125,2.91005
1.225,0,0,125,2.8796
1.25,0,0,125,2.84599
1.275,0,0,125,2.80911
1.3,0,0,125,2.76885
1.325,0,0,125,2.7251
1.35,0,0,125,2.67777
1.375,0,0,125,2.62674
1.4,0,0,125,2.57189
1.425,0,0,125,2.51314
1.45,0,0,125,2.45035
1.475,0,0,125,2.38343
1.5,0,0,125,2.31227
1.525,0,0,125,2.23674
1.55,0,0,125,2.15675
1.575,0,0,125,2.07219
1.6,0,0,125,1.98294
1.625,0,0,125,1.8889
1.65,0,0,125,1.78995
1.675,0,0,125,1.68601
1.7,0,0,125,1.57695
1.725,0,0,125,1.46268
1.75,0,0,125,1.34309
1.775,0,0,125,1.21807
1.8,0,0,125,1.08752
1.825,0,0,125,0.95133
1.85,0,0,125,0.809397
1.875,0,0,125,0.661612
1.9,0,0,125,0.507863
1.925,0,0,125,0.348036
1.95,0,0,125,0.182015
1.975,0,0,125,0.00967971
2,0,0,125,-0.169096
2.025,0,0,125,-0.354441
2.05,0,0,125,-0.546491
2.075,0,0,125,-0.745389
2.1,0,0,125,-0.951281
2.125,0,0,125,-1.16432
2.15,0,0,125,-1.38468
2.175,0,0,125,-1.61251
2.2,0,0,125,-1.84801
2.225,0,0,125,-2.09136
2.25,0,0,125,-2.34275
2.275,0,0,125,-2.60239
2.3,0,0,125,-2.87049
2.325,0,0,125,-3.14728
2.35,0,0,125,-3.43299
2.375,0,0,125,-3.72786
2.4,0,0,125,-4.03213
2.425,0,0,125,-4.34608
2.45,0,0,125,-4.66994
2.475,0,0,125,-5.00401
2.5,0,0,125,-5.34855
2.525,0,0,125,-5.70386
2.55,0,0,125,-6.0702
2.575,0,0,125,-6.44787
2.6,0,0,125,-6.83717
2.625,0,0,125,-7.23836
2.65,0,0,125,-7.65176
2.675,0,0,125,-8.07762
2.7,0,0,125,-8.51623
2.725,0,0,125,-8.96786
2.75,0,0,125,-9.43275
2.775,0,0,125,-9.91114
2.8,0,0,125,-10.4033
2.825,0,0,125,-10.9093
2.85,0,0,125,-11.4295
2.875,0,0,125,-11.9639
2.9,0,0,125,-12.5127
2.925,0,0,125,-13.0759
2.95,0,0,125,-13.6537
2.975,0,0,125,-14.246
3,0,0,125,-14.8529
3.025,0,0,125,-15.4742
3.05,0,0,125,-16.1098
3.075,0,0,125,-16.7596
3.1,0,0,125,-17.4234
3.125,0,0,125,-18.1008
3.15,0,0,125,-18.7917
3.175,0,0,125,-19.4957
3.2,0,0,125,-20.2123
3.225,0,0,125,-20.9411
3.25,0,0,125,-21.6816
3.275,0,0,125,-22.4333
3.3,0,0,125,-23.1958
3.325,0,0,125,-23.9682
3.35,0,0,125,-24.7502
3.375,0,0,125,-25.541
3.4,0,0,125,-26.34
3.425,0,0,125,-27.1466
3.45,0,0,125,-27.96
3.475,0,0,125,-28.7796
3.5,0,0,125,-29.6048
3.525,0,0,125,-30.4348
3.55,0,0,125,-31.2689
3.575,0,0,125,-32.1064
3.6,0,0,125,-32.9465
3.625,0,0,125,-33.7884
3.65,0,0,125,-34.6315
3.675,0,0,125,-35.4748
3.7,0,0,125,-36.3174
3.725,0,0,125,-37.1584
3.75,0,0,125,-37.9969
3.775,0,0,125,-38.8319
3.8,0,0,125,-39.6623
3.825,0,0,125,-40.4871
3.85,0,0,125,-41.3052
3.875,0,0,125,-42.1155
3.9,0,0,125,-42.9168
3.925,0,0,125,-43.708
3.95,0,0,125,-44.4881
3.975,0,0,125,-45.2558
4,0,0,125,-46.0102
4.025,0,0,125,-46.7503
4.05,0,0,125,-47.4749
4.075,0,0,125,-48.1833
4.1,0,0,125,-48.8745
4.125,0,0,125,-49.5477
4.15,0,0,125,-50.2023
4.175,0,0,125,-50.8375
4.2,0,0,125,-51.4527
4.225,0,0,125,-52.0476
4.25,0,0,125,-52.6216
4.275,0,0,125,-53.1744
4.3,0,0,125,-53.7058
4.325,0,0,125,-54.2156
4.35,0,0,125,-54.7037
4.375,0,0,125,-55.17
4.4,0,0,125,-55.6146
4.425,0,0,125,-56.0376
4.45,0,0,125,-56.439
4.475,0,0,125,-56.8192
4.5,0,0,125,-57.1784
4.525,0,0,125,-57.5168
4.55,0,0,125,-57.8348
4.575,0,0,125,-58.1327
4.6,0,0,125,-58.411
4.625,0,0,125,-58.6699
4.65,0,0,125,-58.9101
4.675,0,0,125,-59.1318
4.7,0,0,125,-59.3356
4.725,0,0,125,-59.5217
4.75,0,0,125,-59.6908
4.775,0,0,125,-59.8431
4.8,0,0,125,-59.9791
4.825,0,0,125,-60.0991
4.85,0,0,125,-60.2034
4.875,0,0,125,-60.2923
4.9,0,0,125,-60.366
4.925,0,0,125,-60.4248
4.95,0,0,125,-60.4687
4.975,0,0,125,-60.4979
5,0,0,125,-60.5125
