0,0,0,125,-83.0951
0.025,0,0,125,-83.0955
0.05,0,0,125,-83.0963
0.075,0,0,125,-83.0974
0.1,0,0,125,-83.0988
0.125,0,0,125,-83.1004
0.15,0,0,125,-83.1022
0.175,0,0,125,-83.1041
0.2,0,0,125,-83.106
0.225,0,0,125,-83.1079
0.25,0,0,125,-83.1099
0.275,0,0,125,-83.1118
0.3,0,0,125,-83.1138
0.325,0,0,125,-83.1157
0.35,0,0,125,-83.1176
0.375,0,0,125,-83.1195
0.4,0,0,125,-83.1213
0.425,0,0,125,-83.1232
0.45,0,0,125,-83.125
0.475,0,0,125,-83.1268
0.5,0,0,125,-83.1286
0.525,0,0,125,-83.1304
0.55,0,0,125,-83.1321
0.575,0,0,125,-83.1339
0.6,0,0,125,-83.1356
0.625,0,0,125,-83.1373
0.65,0,0,125,-83.139
0.675,0,0,125,-83.1406
0.7,0,0,125,-83.1423
0.725,0,0,125,-83.1439
0.75,0,0,125,-83.1456
0.775,0,0,125,-83.1472
0.8,0,0,125,-83.1489
0.825,0,0,125,-83.1505
0.85,0,0,125,-83.1521
0.875,0,0,125,-83.1537
0.9,0,0,125,-83.1553
0.925,0,0,125,-83.157
0.95,0,0,125,-83.1586
0.975,0,0,125,-83.1603
1,0,0,125,-83.162
1.025,0,0,125,-83.1637
1.05,0,0,125,-83.1654
1.075,0,0,125,-83.1671
1.1,0,0,125,-83.1688
1.125,0,0,125,-83.1706
1.15,0,0,125,-83.1724
1.175,0,0,125,-83.1742
1.2,0,0,125,-83.176
1.225,0,0,125,-83.1779
1.25,0,0,125,-83.1798
1.275,0,0,125,-83.1817
1.3,0,0,125,-83.1837
1.325,0,0,125,-83.1857
1.35,0,0,125,-83.1878
1.375,0,0,125,-83.1899
1.4,0,0,125,-83.192
1.425,0,0,125,-83.1942
1.45,0,0,125,-83.1964
1.475,0,0,125,-83.1986
1.5,0,0,125,-83.2009
1.525,0,0,125,-83.2032
1.55,0,0,125,-83.2056
1.575,0,0,125,-83.208
1.6,0,0,125,-83.2105
1.625,0,0,125,-83.213
1.65,0,0,125,-83.2156
1.675,0,0,125,-83.2183
1.7,0,0,125,-83.221
1.725,0,0,125,-83.2238
1.75,0,0,125,-83.2266
1.775,0,0,125,-83.2295
1.8,0,0,125,-83.2324
1.825,0,0,125,-83.2355
1.85,0,0,125,-83.2386
1.875,0,0,125,-83.2418
1.9,0,0,125,-83.2451
1.925,0,0,125,-83.2485
1.95,0,0,125,-83.2519
1.975,0,0,125,-83.2555
2,0,0,125,-83.2591
2.025,0,0,125,-83.2628
2.05,0,0,125,-83.2667
2.075,0,0,125,-83.2706
2.1,0,0,125,-83.2747
2.125,0,0,125,-83.2789
2.15,0,0,125,-83.2831
2.175,0,0,125,-83.2875
2.2,0,0,125,-83.2919
2.225,0,0,125,-83.2965
2.25,0,0,125,-83.3012
2.275,0,0,125,-83.306
2.3,0,0,125,-83.3109
2.325,0,0,125,-83.3159
2.35,0,0,125,-83.321
2.375,0,0,125,-83.3263
2.4,0,0,125,-83.3316
2.425,0,0,125,-83.3371
2.45,0,0,125,-83.3427
2.475,0,0,125,-83.3484
2.5,0,0,125,-83.3542
2.525,0,0,125,-83.3601
2.55,0,0,125,-83.3662
2.575,0,0,125,-83.3723
2.6,0,0,125,-83.3786
2.625,0,0,125,-83.3849
2.65,0,0,125,-83.3914
2.675,0,0,125,-83.398
2.7,0,0,125,-83.4046
2.725,0,0,125,-83.4114
2.75,0,0,125,-83.4182
2.775,0,0,125,-83.4252
2.8,0,0,125,-83.4321
2.825,0,0,125,-83.4392
2.85,0,0,125,-83.4463
2.875,0,0,125,-83.4535
2.9,0,0,125,-83.4607
2.925,0,0,125,-83.468
2.95,0,0,125,-83.4752
2.975,0,0,125,-83.4826
3,0,0,125,-83.4899
3.025,0,0,125,-83.4973
3.05,0,0,125,-83.5047
3.075,0,0,125,-83.5121
3.1,0,0,125,-83.5195
3.125,0,0,125,-83.5269
3.15,0,0,125,-83.5343
3.175,0,0,125,-83.5417
3.2,0,0,125,-83.5491
3.225,0,0,125,-83.5564
3.25,0,0,125,-83.5637
3.275,0,0,125,-83.571
3.3,0,0,125,-83.5781
3.325,0,0,125,-83.5852
3.35,0,0,125,-83.5923
3.375,0,0,125,-83.5992
3.4,0,0,125,-83.6061
3.425,0,0,125,-83.6129
3.45,0,0,125,-83.6196
3.475,0,0,125,-83.6262
3.5,0,0,125,-83.6327
3.525,0,0,125,-83.6391
3.55,0,0,125,-83.6453
3.575,0,0,125,-83.6515
3.6,0,0,125,-83.6575
3.625,0,0,125,-83.6635
3.65,0,0,125,-83.6693
3.675,0,0,125,-83.675
3.7,0,0,125,-83.6805
3.725,0,0,125,-83.6859
3.75,0,0,125,-83.6912
3.775,0,0,125,-83.6963
3.8,0,0,125,-83.7013
3.825,0,0,125,-83.7061
3.85,0,0,125,-83.7107
3.875,0,0,125,-83.7152
3.9,0,0,125,-83.7195
3.925,0,0,125,-83.7237
3.95,0,0,125,-83.7277
3.975,0,0,125,-83.7316
4,0,0,125,-83.7353
4.025,0,0,125,-83.7389
4.05,0,0,125,-83.7424
4.075,0,0,125,-83.7457
4.1,0,0,125,-83.7489
4.125,0,0,125,-83.7519
4.15,0,0,125,-83.7548
4.175,0,0,125,-83.7576
4.2,0,0,125,-83.7602
4.225,0,0,125,-83.7627
4.25,0,0,125,-83.765
4.275,0,0,125,-83.7673
4.3,0,0,125,-83.7694
4.325,0,0,125,-83.7714
4.35,0,0,125,-83.7733
4.375,0,0,125,-83.7751
4.4,0,0,125,-83.7767
4.425,0,0,125,-83.7783
4.45,0,0,125,-83.7797
4.475,0,0,125,-83.781
4.5,0,0,125,-83.7823
4.525,0,0,125,-83.7834
4.55,0,0,125,-83.7845
4.575,0,0,125,-83.7855
4.6,0,0,125,-83.7863
4.625,0,0,125,-83.7871
4.65,0,0,125,-83.7878
4.675,0,0,125,-83.7885
4.7,0,0,125,-83.789
4.725,0,0,125,-83.7895
4.75,0,0,125,-83.79
4.775,0,0,125,-83.7903
4.8,0,0,125,-83.7906
4.825,0,0,125,-83.7909
4.85,0,0,125,-83.791
4.875,0,0,125,-83.7912
4.9,0,0,125,-83.7913
4.925,0,0,125,-83.7913
4.95,0,0,125,-83.7914
4.975,0,0,125,-83.7914
5,0,0,125,-83.7914
