0,0,0,125,-84.4588
0.025,0,0,125,-84.4589
0.05,0,0,125,-84.4589
0.075,0,0,125,-84.459
0.1,0,0,125,-84.4592
0.125,0,0,125,-84.4593
0.15,0,0,125,-84.4594
0.175,0,0,125,-84.4596
0.2,0,0,125,-84.4597
0.225,0,0,125,-84.4599
0.25,0,0,125,-84.4601
0.275,0,0,125,-84.4603
0.3,0,0,125,-84.4605
0.325,0,0,125,-84.4607
0.35,0,0,125,-84.4609
0.375,0,0,125,-84.4611
0.4,0,0,125,-84.4612
0.425,0,0,125,-84.4614
0.45,0,0,125,-84.4616
0.475,0,0,125,-84.4617
0.5,0,0,125,-84.4619
0.525,0,0,125,-84.462
0.55,0,0,125,-84.4622
0.575,0,0,125,-84.4623
0.6,0,0,125,-84.4625
0.625,0,0,125,-84.4626
0.65,0,0,125,-84.4627
0.675,0,0,125,-84.4629
0.7,0,0,125,-84.463
0.725,0,0,125,-84.4631
0.75,0,0,125,-84.4633
0.775,0,0,125,-84.4634
0.8,0,0,125,-84.4635
0.825,0,0,125,-84.4637
0.85,0,0,125,-84.4638
0.875,0,0,125,-84.4639
0.9,0,0,125,-84.4641
0.925,0,0,125,-84.4642
0.95,0,0,125,-84.4643
0.975,0,0,125,-84.4645
1,0,0,125,-84.4646
1.025,0,0,125,-84.4648
1.05,0,0,125,-84.4649
1.075,0,0,125,-84.465
1.1,0,0,125,-84.4652
1.125,0,0,125,-84.4654
1.15,0,0,125,-84.4655
1.175,0,0,125,-84.4657
1.2,0,0,125,-84.4658
1.225,0,0,125,-84.466
1.25,0,0,125,-84.4662
1.275,0,0,125,-84.4663
1.3,0,0,125,-84.4665
1.325,0,0,125,-84.4667
1.35,0,0,125,-84.4669
1.375,0,0,125,-84.467
1.4,0,0,125,-84.4672
1.425,0,0,125,-84.4674
1.45,0,0,125,-84.4676
1.475,0,0,125,-84.4678
1.5,0,0,125,-84.468
1.525,0,0,125,-84.4682
1.55,0,0,125,-84.4684
1.575,0,0,125,-84.4686
1.6,0,0,125,-84.4689
1.625,0,0,125,-84.4691
1.65,0,0,125,-84.4693
1.675,0,0,125,-84.4695
1.7,0,0,125,-84.4698
1.725,0,0,125,-84.47
1.75,0,0,125,-84.4702
1.775,0,0,125,-84.4705
1.8,0,0,125,-84.4707
1.825,0,0,125,-84.471
1.85,0,0,125,-84.4713
1.875,0,0,125,-84.4716
1.9,0,0,125,-84.4719
1.925,0,0,125,-84.4722
1.95,0,0,125,-84.4725
1.975,0,0,125,-84.4728
2,0,0,125,-84.4731
2.025,0,0,125,-84.4735
2.05,0,0,125,-84.4738
2.075,0,0,125,-84.4742
2.1,0,0,125,-84.4746
2.125,0,0,125,-84.4749
2.15,0,0,125,-84.4753
2.175,0,0,125,-84.4757
2.2,0,0,125,-84.4761
2.225,0,0,125,-84.4766
2.25,0,0,125,-84.477
2.275,0,0,125,-84.4774
2.3,0,0,125,-84.4779
2.325,0,0,125,-84.4783
2.35,0,0,125,-84.4788
2.375,0,0,125,-84.4793
2.4,0,0,125,-84.4798
2.425,0,0,125,-84.4803
2.45,0,0,125,-84.4808
2.475,0,0,125,-84.4813
2.5,0,0,125,-84.4818
2.525,0,0,125,-84.4823
2.55,0,0,125,-84.4829
2.575,0,0,125,-84.4834
2.6,0,0,125,-84.484
2.625,0,0,125,-84.4846
2.65,0,0,125,-84.4851
2.675,0,0,125,-84.4857
2.7,0,0,125,-84.4863
2.725,0,0,125,-84.4869
2.75,0,0,125,-84.4876
2.775,0,0,125,-84.4882
2.8,0,0,125,-84.4888
2.825,0,0,125,-84.4895
2.85,0,0,125,-84.4901
2.875,0,0,125,-84.4908
2.9,0,0,125,-84.4915
2.925,0,0,125,-84.4922
2.95,0,0,125,-84.4929
2.975,0,0,125,-84.4936
3,0,0,125,-84.4943
3.025,0,0,125,-84.495
3.05,0,0,125,-84.4956
3.075,0,0,125,-84.4963
3.1,0,0,125,-84.497
3.125,0,0,125,-84.4976
3.15,0,0,125,-84.4983
3.175,0,0,125,-84.4989
3.2,0,0,125,-84.4996
3.225,0,0,125,-84.5002
3.25,0,0,125,-84.5008
3.275,0,0,125,-84.5014
3.3,0,0,125,-84.502
3.325,0,0,125,-84.5026
3.35,0,0,125,-84.5031
3.375,0,0,125,-84.5037
3.4,0,0,125,-84.5042
3.425,0,0,125,-84.5048
3.45,0,0,125,-84.5053
3.475,0,0,125,-84.5058
3.5,0,0,125,-84.5064
3.525,0,0,125,-84.5069
3.55,0,0,125,-84.5074
3.575,0,0,125,-84.5078
3.6,0,0,125,-84.5083
3.625,0,0,125,-84.5088
3.65,0,0,125,-84.5092
3.675,0,0,125,-84.5097
3.7,0,0,125,-84.5101
3.725,0,0,125,-84.5106
3.75,0,0,125,-84.511
3.775,0,0,125,-84.5114
3.8,0,0,125,-84.5118
3.825,0,0,125,-84.5122
3.85,0,0,125,-84.5125
3.875,0,0,125,-84.5129
3.9,0,0,125,-84.5133
3.925,0,0,125,-84.5136
3.95,0,0,125,-84.514
3.975,0,0,125,-84.5143
4,0,0,125,-84.5146
4.025,0,0,125,-84.5149
4.05,0,0,125,-84.5152
4.075,0,0,125,-84.5155
4.1,0,0,125,-84.5158
4.125,0,0,125,-84.5161
4.15,0,0,125,-84.5164
4.175,0,0,125,-84.5166
4.2,0,0,125,-84.5169
4.225,0,0,125,-84.5171
4.25,0,0,125,-84.5173
4.275,0,0,125,-84.5175
4.3,0,0,125,-84.5177
4.325,0,0,125,-84.5179
4.35,0,0,125,-84.5181
4.375,0,0,125,-84.5183
4.4,0,0,125,-84.5185
4.425,0,0,125,-84.5186
4.45,0,0,125,-84.5188
4.475,0,0,125,-84.5189
4.5,0,0,125,-84.519
4.525,0,0,125,-84.5191
4.55,0,0,125,-84.5192
4.575,0,0,125,-84.5193
4.6,0,0,125,-84.5194
4.625,0,0,125,-84.5195
4.65,0,0,125,-84.5195
4.675,0,0,125,-84.5196
4.7,0,0,125,-84.5196
4.725,0,0,125,-84.5197
4.75,0,0,125,-84.5197
4.775,0,0,125,-84.5197
4.8,0,0,125,-84.5197
4.825,0,0,125,-84.5197
4.85,0,0,125,-84.5197
4.875,0,0,125,-84.5196
4.9,0,0,125,-84.5196
4.925,0,0,125,-84.5195
4.95,0,0,125,-84.5195
4.975,0,0,125,-84.5195
5,0,0,125,-84.5195
