0,0,0,125,-83.3927
0.025,0,0,125,-83.3932
0.05,0,0,125,-83.3941
0.075,0,0,125,-83.3953
0.1,0,0,125,-83.3969
0.125,0,0,125,-83.3987
0.15,0,0,125,-83.4006
0.175,0,0,125,-83.4026
0.2,0,0,125,-83.4045
0.225,0,0,125,-83.4065
0.25,0,0,125,-83.4084
0.275,0,0,125,-83.4103
0.3,0,0,125,-83.4121
0.325,0,0,125,-83.4137
0.35,0,0,125,-83.4153
0.375,0,0,125,-83.4167
0.4,0,0,125,-83.4179
0.425,0,0,125,-83.419
0.45,0,0,125,-83.4199
0.475,0,0,125,-83.4207
0.5,0,0,125,-83.4212
0.525,0,0,125,-83.4216
0.55,0,0,125,-83.4218
0.575,0,0,125,-83.4217
0.6,0,0,125,-83.4214
0.625,0,0,125,-83.4209
0.65,0,0,125,-83.4201
0.675,0,0,125,-83.4191
0.7,0,0,125,-83.4179
0.725,0,0,125,-83.4164
0.75,0,0,125,-83.4146
0.775,0,0,125,-83.4126
0.8,0,0,125,-83.4103
0.825,0,0,125,-83.4077
0.85,0,0,125,-83.4047
0.875,0,0,125,-83.4015
0.9,0,0,125,-83.3979
0.925,0,0,125,-83.3941
0.95,0,0,125,-83.3898
0.975,0,0,125,-83.3853
1,0,0,125,-83.3804
1.025,0,0,125,-83.3752
1.05,0,0,125,-83.3695
1.075,0,0,125,-83.3635
1.1,0,0,125,-83.3571
1.125,0,0,125,-83.3503
1.15,0,0,125,-83.3431
1.175,0,0,125,-83.3355
1.2,0,0,125,-83.3274
1.225,0,0,125,-83.3188
1.25,0,0,125,-83.3098
1.275,0,0,125,-83.3003
1.3,0,0,125,-83.2902
1.325,0,0,125,-83.2797
1.35,0,0,125,-83.2686
1.375,0,0,125,-83.257
1.4,0,0,125,-83.2448
1.425,0,0,125,-83.232
1.45,0,0,125,-83.2186
1.475,0,0,125,-83.2045
1.5,0,0,125,-83.1897
1.525,0,0,125,-83.1743
1.55,0,0,125,-83.1582
1.575,0,0,125,-83.1413
1.6,0,0,125,-83.1236
1.625,0,0,125,-83.105
1.65,0,0,125,-83.0856
1.675,0,0,125,-83.0653
1.7,0,0,125,-83.044
1.725,0,0,125,-83.0217
1.75,0,0,125,-82.9983
1.775,0,0,125,-82.9738
1.8,0,0,125,-82.9481
1.825,0,0,125,-82.9211
1.85,0,0,125,-82.8927
1.875,0,0,125,-82.8628
1.9,0,0,125,-82.8313
1.925,0,0,125,-82.7981
1.95,0,0,125,-82.7631
1.975,0,0,125,-82.7262
2,0,0,125,-82.687
2.025,0,0,125,-82.6456
2.05,0,0,125,-82.6017
2.075,0,0,125,-82.555
2.1,0,0,125,-82.5055
2.125,0,0,125,-82.4527
2.15,0,0,125,-82.3965
2.175,0,0,125,-82.3366
2.2,0,0,125,-82.2725
2.225,0,0,125,-82.2041
2.25,0,0,125,-82.1309
2.275,0,0,125,-82.0525
2.3,0,0,125,-81.9685
2.325,0,0,125,-81.8784
2.35,0,0,125,-81.7818
2.375,0,0,125,-81.678
2.4,0,0,125,-81.5666
2.425,0,0,125,-81.447
2.45,0,0,125,-81.3186
2.475,0,0,125,-81.1806
2.5,0,0,125,-81.0325
2.525,0,0,125,-80.8736
2.55,0,0,125,-80.703
2.575,0,0,125,-80.5201
2.6,0,0,125,-80.3241
2.625,0,0,125,-80.1142
2.65,0,0,125,-79.8896
2.675,0,0,125,-79.6495
2.7,0,0,125,-79.3931
2.725,0,0,125,-79.1197
2.75,0,0,125,-78.8284
2.775,0,0,125,-78.5186
2.8,0,0,125,-78.1895
2.825,0,0,125,-77.8404
2.85,0,0,125,-77.4708
2.875,0,0,125,-77.08
2.9,0,0,125,-76.6676
2.925,0,0,125,-76.2333
2.95,0,0,125,-75.7766
2.975,0,0,125,-75.2975
3,0,0,125,-74.7957
3.025,0,0,125,-74.2714
3.05,0,0,125,-73.7247
3.075,0,0,125,-73.1559
3.1,0,0,125,-72.5654
3.125,0,0,125,-71.9537
3.15,0,0,125,-71.3217
3.175,0,0,125,-70.6701
3.2,0,0,125,-69.9998
3.225,0,0,125,-69.3121
3.25,0,0,125,-68.6081
3.275,0,0,125,-67.8892
3.3,0,0,125,-67.1568
3.325,0,0,125,-66.4125
3.35,0,0,125,-65.6578
3.375,0,0,125,-64.8945
3.4,0,0,125,-64.1243
3.425,0,0,125,-63.3488
3.45,0,0,125,-62.57
3.475,0,0,125,-61.7895
3.5,0,0,125,-61.0092
3.525,0,0,125,-60.2307
3.55,0,0,125,-59.4556
3.575,0,0,125,-58.6858
3.6,0,0,125,-57.9226
3.625,0,0,125,-57.1675
3.65,0,0,125,-56.422
3.675,0,0,125,-55.6873
3.7,0,0,125,-54.9646
3.725,0,0,125,-54.255
3.75,0,0,125,-53.5595
3.775,0,0,125,-52.8789
3.8,0,0,125,-52.214
3.825,0,0,125,-51.5654
3.85,0,0,125,-50.9338
3.875,0,0,125,-50.3195
3.9,0,0,125,-49.7229
3.925,0,0,125,-49.1443
3.95,0,0,125,-48.5839
3.975,0,0,125,-48.0418
4,0,0,125,-47.518
4.025,0,0,125,-47.0124
4.05,0,0,125,-46.5251
4.075,0,0,125,-46.0558
4.1,0,0,125,-45.6044
4.125,0,0,125,-45.1707
4.15,0,0,125,-44.7543
4.175,0,0,125,-44.3549
4.2,0,0,125,-43.9724
4.225,0,0,125,-43.6062
4.25,0,0,125,-43.2561
4.275,0,0,125,-42.9217
4.3,0,0,125,-42.6027
4.325,0,0,125,-42.2986
4.35,0,0,125,-42.009
4.375,0,0,125,-41.7337
4.4,0,0,125,-41.4722
4.425,0,0,125,-41.2241
4.45,0,0,125,-40.9892
4.475,0,0,125,-40.767
4.5,0,0,125,-40.5573
4.525,0,0,125,-40.3597
4.55,0,0,125,-40.1739
4.575,0,0,125,-39.9996
4.6,0,0,125,-39.8366
4.625,0,0,125,-39.6845
4.65,0,0,125,-39.5432
4.675,0,0,125,-39.4125
4.7,0,0,125,-39.292
4.725,0,0,125,-39.1817
4.75,0,0,125,-39.0812
4.775,0,0,125,-38.9906
4.8,0,0,125,-38.9096
4.825,0,0,125,-38.838
4.85,0,0,125,-38.7758
4.875,0,0,125,-38.7229
4.9,0,0,125,-38.679
4.925,0,0,125,-38.6441
4.95,0,0,125,-38.618
4.975,0,0,125,-38.6007
5,0,0,125,-38.592
