0,0,0,125,12.9021
0.025,0,0,125,12.9055
0.05,0,0,125,12.9122
0.075,0,0,125,12.9218
0.1,0,0,125,12.934
0.125,0,0,125,12.9483
0.15,0,0,125,12.9642
0.175,0,0,125,12.9813
0.2,0,0,125,12.9995
0.225,0,0,125,13.0184
0.25,0,0,125,13.0381
0.275,0,0,125,13.0584
0.3,0,0,125,13.0794
0.325,0,0,125,13.1008
0.35,0,0,125,13.1227
0.375,0,0,125,13.1449
0.4,0,0,125,13.1675
0.425,0,0,125,13.1904
0.45,0,0,125,13.2136
0.475,0,0,125,13.237
0.5,0,0,125,13.2606
0.525,0,0,125,13.2844
0.55,0,0,125,13.3083
0.575,0,0,125,13.3323
0.6,0,0,125,13.3565
0.625,0,0,125,13.3808
0.65,0,0,125,13.4051
0.675,0,0,125,13.4295
0.7,0,0,125,13.454
0.725,0,0,125,13.4785
0.75,0,0,125,13.503
0.775,0,0,125,13.5275
0.8,0,0,125,13.5521
0.825,0,0,125,13.5767
0.85,0,0,125,13.6012
0.875,0,0,125,13.6258
0.9,0,0,125,13.6504
0.925,0,0,125,13.6749
0.95,0,0,125,13.6995
0.975,0,0,125,13.724
1,0,0,125,13.7485
1.025,0,0,125,13.7729
1.05,0,0,125,13.7973
1.075,0,0,125,13.8217
1.1,0,0,125,13.846
1.125,0,0,125,13.8703
1.15,0,0,125,13.8946
1.175,0,0,125,13.9188
1.2,0,0,125,13.943
1.225,0,0,125,13.9671
1.25,0,0,125,13.9912
1.275,0,0,125,14.0152
1.3,0,0,125,14.0391
1.325,0,0,125,14.0631
1.35,0,0,125,14.0869
1.375,0,0,125,14.1107
1.4,0,0,125,14.1345
1.425,0,0,125,14.1581
1.45,0,0,125,14.1818
1.475,0,0,125,14.2053
1.5,0,0,125,14.2288
1.525,0,0,125,14.2523
1.55,0,0,125,14.2757
1.575,0,0,125,14.299
1.6,0,0,125,14.3222
1.625,0,0,125,14.3454
1.65,0,0,125,14.3685
1.675,0,0,125,14.3916
1.7,0,0,125,14.4145
1.725,0,0,125,14.4374
1.75,0,0,125,14.4603
1.775,0,0,125,14.483
1.8,0,0,125,14.5057
1.825,0,0,125,14.5283
1.85,0,0,125,14.5509
1.875,0,0,125,14.5733
1.9,0,0,125,14.5957
1.925,0,0,125,14.618
1.95,0,0,125,14.6403
1.975,0,0,125,14.6624
2,0,0,125,14.6845
2.025,0,0,125,14.7065
2.05,0,0,125,14.7284
2.075,0,0,125,14.7502
2.1,0,0,125,14.7719
2.125,0,0,125,14.7936
2.15,0,0,125,14.8152
2.175,0,0,125,14.8367
2.2,0,0,125,14.8581
2.225,0,0,125,14.8794
2.25,0,0,125,14.9006
2.275,0,0,125,14.9217
2.3,0,0,125,14.9428
2.325,0,0,125,14.9638
2.35,0,0,125,14.9846
2.375,0,0,125,15.0054
2.4,0,0,125,15.0261
2.425,0,0,125,15.0467
2.45,0,0,125,15.0672
2.475,0,0,125,15.0876
2.5,0,0,125,15.1079
2.525,0,0,125,15.1281
2.55,0,0,125,15.1482
2.575,0,0,125,15.1683
2.6,0,0,125,15.1882
2.625,0,0,125,15.208
2.65,0,0,125,15.2278
2.675,0,0,125,15.2474
2.7,0,0,125,15.267
2.725,0,0,125,15.2864
2.75,0,0,125,15.3057
2.775,0,0,125,15.325
2.8,0,0,125,15.3442
2.825,0,0,125,15.3632
2.85,0,0,125,15.3822
2.875,0,0,125,15.401
2.9,0,0,125,15.4198
2.925,0,0,125,15.4384
2.95,0,0,125,15.457
2.975,0,0,125,15.4755
3,0,0,125,15.4939
3.025,0,0,125,15.5121
3.05,0,0,125,15.5303
3.075,0,0,125,15.5484
3.1,0,0,125,15.5664
3.125,0,0,125,15.5843
3.15,0,0,125,15.6021
3.175,0,0,125,15.6198
3.2,0,0,125,15.6375
3.225,0,0,125,15.655
3.25,0,0,125,15.6725
3.275,0,0,125,15.6898
3.3,0,0,125,15.7071
3.325,0,0,125,15.7243
3.35,0,0,125,15.7414
3.375,0,0,125,15.7585
3.4,0,0,125,15.7755
3.425,0,0,125,15.7924
3.45,0,0,125,15.8092
3.475,0,0,125,15.8259
3.5,0,0,125,15.8426
3.525,0,0,125,15.8592
3.55,0,0,125,15.8758
3.575,0,0,125,15.8923
3.6,0,0,125,15.9087
3.625,0,0,125,15.9251
3.65,0,0,125,15.9415
3.675,0,0,125,15.9577
3.7,0,0,125,15.974
3.725,0,0,125,15.9902
3.75,0,0,125,16.0064
3.775,0,0,125,16.0225
3.8,0,0,125,16.0386
3.825,0,0,125,16.0546
3.85,0,0,125,16.0707
3.875,0,0,125,16.0867
3.9,0,0,125,16.1027
3.925,0,0,125,16.1186
3.95,0,0,125,16.1346
3.975,0,0,125,16.1505
4,0,0,125,16.1665
4.025,0,0,125,16.1824
4.05,0,0,125,16.1983
4.075,0,0,125,16.2142
4.1,0,0,125,16.23
4.125,0,0,125,16.2459
4.15,0,0,125,16.2617
4.175,0,0,125,16.2776
4.2,0,0,125,16.2934
4.225,0,0,125,16.3092
4.25,0,0,125,16.3249
4.275,0,0,125,16.3406
4.3,0,0,125,16.3563
4.325,0,0,125,16.3719
4.35,0,0,125,16.3874
4.375,0,0,125,16.4029
4.4,0,0,125,16.4182
4.425,0,0,125,16.4334
4.45,0,0,125,16.4485
4.475,0,0,125,16.4635
4.5,0,0,125,16.4782
4.525,0,0,125,16.4928
4.55,0,0,125,16.5071
4.575,0,0,125,16.5211
4.6,0,0,125,16.5348
4.625,0,0,125,16.5481
4.65,0,0,125,16.5611
4.675,0,0,125,16.5736
4.7,0,0,125,16.5856
4.725,0,0,125,16.5971
4.75,0,0,125,16.608
4.775,0,0,125,16.6182
4.8,0,0,125,16.6277
4.825,0,0,125,16.6364
4.85,0,0,125,16.6443
4.875,0,0,125,16.6513
4.9,0,0,125,16.6572
4.925,0,0,125,16.6621
4.95,0,0,125,16.6659
4.975,0,0,125,16.6684
5,0,0,125,16.6697
