0,0,0,125,-84.1188
0.025,0,0,125,-84.119
0.05,0,0,125,-84.1192
0.075,0,0,125,-84.1196
0.1,0,0,125,-84.1201
0.125,0,0,125,-84.1207
0.15,0,0,125,-84.1213
0.175,0,0,125,-84.122
0.2,0,0,125,-84.1227
0.225,0,0,125,-84.1234
0.25,0,0,125,-84.1241
0.275,0,0,125,-84.1248
0.3,0,0,125,-84.1255
0.325,0,0,125,-84.1263
0.35,0,0,125,-84.127
0.375,0,0,125,-84.1277
0.4,0,0,125,-84.1283
0.425,0,0,125,-84.129
0.45,0,0,125,-84.1297
0.475,0,0,125,-84.1304
0.5,0,0,125,-84.131
0.525,0,0,125,-84.1316
0.55,0,0,125,-84.1323
0.575,0,0,125,-84.1329
0.6,0,0,125,-84.1335
0.625,0,0,125,-84.1341
0.65,0,0,125,-84.1347
0.675,0,0,125,-84.1353
0.7,0,0,125,-84.1359
0.725,0,0,125,-84.1365
0.75,0,0,125,-84.1371
0.775,0,0,125,-84.1376
0.8,0,0,125,-84.1382
0.825,0,0,125,-84.1388
0.85,0,0,125,-84.1393
0.875,0,0,125,-84.1398
0.9,0,0,125,-84.1404
0.925,0,0,125,-84.1409
0.95,0,0,125,-84.1414
0.975,0,0,125,-84.142
1,0,0,125,-84.1426
1.025,0,0,125,-84.1431
1.05,0,0,125,-84.1437
1.075,0,0,125,-84.1444
1.1,0,0,125,-84.145
1.125,0,0,125,-84.1456
1.15,0,0,125,-84.1463
1.175,0,0,125,-84.147
1.2,0,0,125,-84.1477
1.225,0,0,125,-84.1484
1.25,0,0,125,-84.1491
1.275,0,0,125,-84.1498
1.3,0,0,125,-84.1505
1.325,0,0,125,-84.1513
1.35,0,0,125,-84.1521
1.375,0,0,125,-84.1529
1.4,0,0,125,-84.1537
1.425,0,0,125,-84.1545
1.45,0,0,125,-84.1553
1.475,0,0,125,-84.1562
1.5,0,0,125,-84.157
1.525,0,0,125,-84.1579
1.55,0,0,125,-84.1588
1.575,0,0,125,-84.1597
1.6,0,0,125,-84.1606
1.625,0,0,125,-84.1616
1.65,0,0,125,-84.1625
1.675,0,0,125,-84.1634
1.7,0,0,125,-84.1644
1.725,0,0,125,-84.1654
1.75,0,0,125,-84.1663
1.775,0,0,125,-84.1673
1.8,0,0,125,-84.1683
1.825,0,0,125,-84.1694
1.85,0,0,125,-84.1705
1.875,0,0,125,-84.1716
1.9,0,0,125,-84.1727
1.925,0,0,125,-84.1739
1.95,0,0,125,-84.1752
1.975,0,0,125,-84.1764
2,0,0,125,-84.1777
2.025,0,0,125,-84.1791
2.05,0,0,125,-84.1804
2.075,0,0,125,-84.1819
2.1,0,0,125,-84.1833
2.125,0,0,125,-84.1848
2.15,0,0,125,-84.1863
2.175,0,0,125,-84.1878
2.2,0,0,125,-84.1894
2.225,0,0,125,-84.191
2.25,0,0,125,-84.1927
2.275,0,0,125,-84.1944
2.3,0,0,125,-84.1961
2.325,0,0,125,-84.1979
2.35,0,0,125,-84.1997
2.375,0,0,125,-84.2015
2.4,0,0,125,-84.2034
2.425,0,0,125,-84.2053
2.45,0,0,125,-84.2072
2.475,0,0,125,-84.2092
2.5,0,0,125,-84.2112
2.525,0,0,125,-84.2133
2.55,0,0,125,-84.2154
2.575,0,0,125,-84.2175
2.6,0,0,125,-84.2196
2.625,0,0,125,-84.2218
2.65,0,0,125,-84.224
2.675,0,0,125,-84.2262
2.7,0,0,125,-84.2285
2.725,0,0,125,-84.2307
2.75,0,0,125,-84.233
2.775,0,0,125,-84.2353
2.8,0,0,125,-84.2376
2.825,0,0,125,-84.2399
2.85,0,0,125,-84.2422
2.875,0,0,125,-84.2446
2.9,0,0,125,-84.247
2.925,0,0,125,-84.2493
2.95,0,0,125,-84.2517
2.975,0,0,125,-84.2541
3,0,0,125,-84.2565
3.025,0,0,125,-84.259
3.05,0,0,125,-84.2614
3.075,0,0,125,-84.2639
3.1,0,0,125,-84.2663
3.125,0,0,125,-84.2687
3.15,0,0,125,-84.2711
3.175,0,0,125,-84.2734
3.2,0,0,125,-84.2758
3.225,0,0,125,-84.2781
3.25,0,0,125,-84.2804
3.275,0,0,125,-84.2828
3.3,0,0,125,-84.2851
3.325,0,0,125,-84.2873
3.35,0,0,125,-84.2896
3.375,0,0,125,-84.2919
3.4,0,0,125,-84.2941
3.425,0,0,125,-84.2963
3.45,0,0,125,-84.2985
3.475,0,0,125,-84.3007
3.5,0,0,125,-84.3028
3.525,0,0,125,-84.3049
3.55,0,0,125,-84.3069
3.575,0,0,125,-84.3089
3.6,0,0,125,-84.3109
3.625,0,0,125,-84.3128
3.65,0,0,125,-84.3147
3.675,0,0,125,-84.3166
3.7,0,0,125,-84.3184
3.725,0,0,125,-84.3201
3.75,0,0,125,-84.3218
3.775,0,0,125,-84.3234
3.8,0,0,125,-84.325
3.825,0,0,125,-84.3265
3.85,0,0,125,-84.328
3.875,0,0,125,-84.3294
3.9,0,0,125,-84.3307
3.925,0,0,125,-84.332
3.95,0,0,125,-84.3332
3.975,0,0,125,-84.3344
4,0,0,125,-84.3355
4.025,0,0,125,-84.3366
4.05,0,0,125,-84.3377
4.075,0,0,125,-84.3387
4.1,0,0,125,-84.3397
4.125,0,0,125,-84.3407
4.15,0,0,125,-84.3416
4.175,0,0,125,-84.3424
4.2,0,0,125,-84.3433
4.225,0,0,125,-84.3441
4.25,0,0,125,-84.3449
4.275,0,0,125,-84.3456
4.3,0,0,125,-84.3463
4.325,0,0,125,-84.3469
4.35,0,0,125,-84.3476
4.375,0,0,125,-84.3481
4.4,0,0,125,-84.3487
4.425,0,0,125,-84.3492
4.45,0,0,125,-84.3497
4.475,0,0,125,-84.3501
4.5,0,0,125,-84.3505
4.525,0,0,125,-84.3508
4.55,0,0,125,-84.3511
4.575,0,0,125,-84.3514
4.6,0,0,125,-84.3517
4.625,0,0,125,-84.3519
4.65,0,0,125,-84.3521
4.675,0,0,125,-84.3522
4.7,0,0,125,-84.3524
4.725,0,0,125,-84.3526
4.75,0,0,125,-84.3527
4.775,0,0,125,-84.3528
4.8,0,0,125,-84.3529
4.825,0,0,125,-84.353
4.85,0,0,125,-84.3531
4.875,0,0,125,-84.3532
4.9,0,0,125,-84.3532
4.925,0,0,125,-84.3533
4.95,0,0,125,-84.3533
4.975,0,0,125,-84.3533
5,0,0,125,-84.3533
