0,0,0,125,-82.7785
0.025,0,0,125,-82.779
0.05,0,0,125,-82.7799
0.075,0,0,125,-82.7813
0.1,0,0,125,-82.783
0.125,0,0,125,-82.7849
0.15,0,0,125,-82.7871
0.175,0,0,125,-82.7892
0.2,0,0,125,-82.7915
0.225,0,0,125,-82.7938
0.25,0,0,125,-82.7961
0.275,0,0,125,-82.7984
0.3,0,0,125,-82.8007
0.325,0,0,125,-82.803
0.35,0,0,125,-82.8052
0.375,0,0,125,-82.8074
0.4,0,0,125,-82.8095
0.425,0,0,125,-82.8116
0.45,0,0,125,-82.8137
0.475,0,0,125,-82.8157
0.5,0,0,125,-82.8177
0.525,0,0,125,-82.8197
0.55,0,0,125,-82.8216
0.575,0,0,125,-82.8235
0.6,0,0,125,-82.8254
0.625,0,0,125,-82.8273
0.65,0,0,125,-82.8292
0.675,0,0,125,-82.831
0.7,0,0,125,-82.8329
0.725,0,0,125,-82.8347
0.75,0,0,125,-82.8365
0.775,0,0,125,-82.8383
0.8,0,0,125,-82.8401
0.825,0,0,125,-82.8419
0.85,0,0,125,-82.8437
0.875,0,0,125,-82.8455
0.9,0,0,125,-82.8473
0.925,0,0,125,-82.8492
0.95,0,0,125,-82.851
0.975,0,0,125,-82.8529
1,0,0,125,-82.8548
1.025,0,0,125,-82.8566
1.05,0,0,125,-82.8585
1.075,0,0,125,-82.8604
1.1,0,0,125,-82.8624
1.125,0,0,125,-82.8644
1.15,0,0,125,-82.8664
1.175,0,0,125,-82.8684
1.2,0,0,125,-82.8705
1.225,0,0,125,-82.8727
1.25,0,0,125,-82.8748
1.275,0,0,125,-82.877
1.3,0,0,125,-82.8793
1.325,0,0,125,-82.8815
1.35,0,0,125,-82.8838
1.375,0,0,125,-82.8862
1.4,0,0,125,-82.8886
1.425,0,0,125,-82.891
1.45,0,0,125,-82.8935
1.475,0,0,125,-82.896
1.5,0,0,125,-82.8986
1.525,0,0,125,-82.9012
1.55,0,0,125,-82.9039
1.575,0,0,125,-82.9067
1.6,0,0,125,-82.9096
1.625,0,0,125,-82.9125
1.65,0,0,125,-82.9154
1.675,0,0,125,-82.9184
1.7,0,0,125,-82.9215
1.725,0,0,125,-82.9247
1.75,0,0,125,-82.9279
1.775,0,0,125,-82.9312
1.8,0,0,125,-82.9346
1.825,0,0,125,-82.938
1.85,0,0,125,-82.9415
1.875,0,0,125,-82.9452
1.9,0,0,125,-82.9489
1.925,0,0,125,-82.9527
1.95,0,0,125,-82.9566
1.975,0,0,125,-82.9606
2,0,0,125,-82.9647
2.025,0,0,125,-82.969
2.05,0,0,125,-82.9733
2.075,0,0,125,-82.9777
2.1,0,0,125,-82.9823
2.125,0,0,125,-82.987
2.15,0,0,125,-82.9918
2.175,0,0,125,-82.9967
2.2,0,0,125,-83.0018
2.225,0,0,125,-83.007
2.25,0,0,125,-83.0123
2.275,0,0,125,-83.0178
2.3,0,0,125,-83.0234
2.325,0,0,125,-83.0292
2.35,0,0,125,-83.0351
2.375,0,0,125,-83.0411
2.4,0,0,125,-83.0473
2.425,0,0,125,-83.0536
2.45,0,0,125,-83.06
2.475,0,0,125,-83.0666
2.5,0,0,125,-83.0733
2.525,0,0,125,-83.0802
2.55,0,0,125,-83.0872
2.575,0,0,125,-83.0943
2.6,0,0,125,-83.1016
2.625,0,0,125,-83.109
2.65,0,0,125,-83.1165
2.675,0,0,125,-83.1241
2.7,0,0,125,-83.1318
2.725,0,0,125,-83.1397
2.75,0,0,125,-83.1477
2.775,0,0,125,-83.1557
2.8,0,0,125,-83.1638
2.825,0,0,125,-83.172
2.85,0,0,125,-83.1803
2.875,0,0,125,-83.1887
2.9,0,0,125,-83.1972
2.925,0,0,125,-83.2057
2.95,0,0,125,-83.2142
2.975,0,0,125,-83.2229
3,0,0,125,-83.2315
3.025,0,0,125,-83.2402
3.05,0,0,125,-83.249
3.075,0,0,125,-83.2577
3.1,0,0,125,-83.2665
3.125,0,0,125,-83.2753
3.15,0,0,125,-83.2841
3.175,0,0,125,-83.2928
3.2,0,0,125,-83.3015
3.225,0,0,125,-83.3101
3.25,0,0,125,-83.3187
3.275,0,0,125,-83.3273
3.3,0,0,125,-83.3358
3.325,0,0,125,-83.3442
3.35,0,0,125,-83.3526
3.375,0,0,125,-83.3608
3.4,0,0,125,-83.369
3.425,0,0,125,-83.3771
3.45,0,0,125,-83.3851
3.475,0,0,125,-83.393
3.5,0,0,125,-83.4007
3.525,0,0,125,-83.4084
3.55,0,0,125,-83.4159
3.575,0,0,125,-83.4232
3.6,0,0,125,-83.4305
3.625,0,0,125,-83.4375
3.65,0,0,125,-83.4444
3.675,0,0,125,-83.4511
3.7,0,0,125,-83.4577
3.725,0,0,125,-83.4641
3.75,0,0,125,-83.4703
3.775,0,0,125,-83.4764
3.8,0,0,125,-83.4823
3.825,0,0,125,-83.4881
3.85,0,0,125,-83.4937
3.875,0,0,125,-83.499
3.9,0,0,125,-83.5042
3.925,0,0,125,-83.5093
3.95,0,0,125,-83.5141
3.975,0,0,125,-83.5188
4,0,0,125,-83.5233
4.025,0,0,125,-83.5277
4.05,0,0,125,-83.5319
4.075,0,0,125,-83.5359
4.1,0,0,125,-83.5398
4.125,0,0,125,-83.5435
4.15,0,0,125,-83.547
4.175,0,0,125,-83.5504
4.2,0,0,125,-83.5536
4.225,0,0,125,-83.5566
4.25,0,0,125,-83.5595
4.275,0,0,125,-83.5623
4.3,0,0,125,-83.5648
4.325,0,0,125,-83.5673
4.35,0,0,125,-83.5696
4.375,0,0,125,-83.5718
4.4,0,0,125,-83.5738
4.425,0,0,125,-83.5757
4.45,0,0,125,-83.5775
4.475,0,0,125,-83.5791
4.5,0,0,125,-83.5806
4.525,0,0,125,-83.582
4.55,0,0,125,-83.5832
4.575,0,0,125,-83.5844
4.6,0,0,125,-83.5855
4.625,0,0,125,-83.5864
4.65,0,0,125,-83.5873
4.675,0,0,125,-83.588
4.7,0,0,125,-83.5887
4.725,0,0,125,-83.5893
4.75,0,0,125,-83.5898
4.775,0,0,125,-83.5903
4.8,0,0,125,-83.5906
4.825,0,0,125,-83.5909
4.85,0,0,125,-83.5911
4.875,0,0,125,-83.5912
4.9,0,0,125,-83.5913
4.925,0,0,125,-83.5914
4.95,0,0,125,-83.5914
4.975,0,0,125,-83.5915
5,0,0,125,-83.5915
