0,0,0,125,10.4006
0.025,0,0,125,10.4036
0.05,0,0,125,10.4096
0.075,0,0,125,10.4181
0.1,0,0,125,10.4284
0.125,0,0,125,10.44
0.15,0,0,125,10.4522
0.175,0,0,125,10.4644
0.2,0,0,125,10.4764
0.225,0,0,125,10.4878
0.25,0,0,125,10.4986
0.275,0,0,125,10.5086
0.3,0,0,125,10.5177
0.325,0,0,125,10.5259
0.35,0,0,125,10.5329
0.375,0,0,125,10.5387
0.4,0,0,125,10.5434
0.425,0,0,125,10.5467
0.45,0,0,125,10.5486
0.475,0,0,125,10.549
0.5,0,0,125,10.548
0.525,0,0,125,10.5454
0.55,0,0,125,10.5412
0.575,0,0,125,10.5353
0.6,0,0,125,10.5277
0.625,0,0,125,10.5183
0.65,0,0,125,10.5071
0.675,0,0,125,10.494
0.7,0,0,125,10.4789
0.725,0,0,125,10.4619
0.75,0,0,125,10.4428
0.775,0,0,125,10.4216
0.8,0,0,125,10.3982
0.825,0,0,125,10.3726
0.85,0,0,125,10.3447
0.875,0,0,125,10.3144
0.9,0,0,125,10.2818
0.925,0,0,125,10.2466
0.95,0,0,125,10.2088
0.975,0,0,125,10.1684
1,0,0,125,10.1252
1.025,0,0,125,10.0793
1.05,0,0,125,10.0304
1.075,0,0,125,9.97857
1.1,0,0,125,9.92364
1.125,0,0,125,9.86555
1.15,0,0,125,9.80418
1.175,0,0,125,9.73946
1.2,0,0,125,9.67126
1.225,0,0,125,9.5995
1.25,0,0,125,9.52407
1.275,0,0,125,9.44486
1.3,0,0,125,9.36177
1.325,0,0,125,9.27468
1.35,0,0,125,9.18349
1.375,0,0,125,9.08809
1.4,0,0,125,8.98837
1.425,0,0,125,8.88422
1.45,0,0,125,8.77553
1.475,0,0,125,8.66219
1.5,0,0,125,8.54411
1.525,0,0,125,8.42116
1.55,0,0,125,8.29326
1.575,0,0,125,8.16031
1.6,0,0,125,8.0222
1.625,0,0,125,7.87885
1.65,0,0,125,7.73016
1.675,0,0,125,7.57606
1.7,0,0,125,7.41646
1.725,0,0,125,7.25128
1.75,0,0,125,7.08046
1.775,0,0,125,6.90392
1.8,0,0,125,6.72161
1.825,0,0,125,6.53346
1.85,0,0,125,6.33942
1.875,0,0,125,6.13944
1.9,0,0,125,5.93348
1.925,0,0,125,5.7215
1.95,0,0,125,5.50345
1.975,0,0,125,5.27932
2,0,0,125,5.04905
2.025,0,0,125,4.81264
2.05,0,0,125,4.57006
2.075,0,0,125,4.32128
2.1,0,0,125,4.0663
2.125,0,0,125,3.80509
2.15,0,0,125,3.53765
2.175,0,0,125,3.26397
2.2,0,0,125,2.98404
2.225,0,0,125,2.69788
2.25,0,0,125,2.40546
2.275,0,0,125,2.10681
2.3,0,0,125,1.80194
2.325,0,0,125,1.49085
2.35,0,0,125,1.17356
2.375,0,0,125,0.850094
2.4,0,0,125,0.520482
2.425,0,0,125,0.184753
2.45,0,0,125,-0.157055
2.475,0,0,125,-0.504897
2.5,0,0,125,-0.858722
2.525,0,0,125,-1.21848
2.55,0,0,125,-1.58409
2.575,0,0,125,-1.95549
2.6,0,0,125,-2.3326
2.625,0,0,125,-2.71532
2.65,0,0,125,-3.10356
2.675,0,0,125,-3.49719
2.7,0,0,125,-3.8961
2.725,0,0,125,-4.30016
2.75,0,0,125,-4.70921
2.775,0,0,125,-5.1231
2.8,0,0,125,-5.54166
2.825,0,0,125,-5.9647
2.85,0,0,125,-6.39202
2.875,0,0,125,-6.82341
2.9,0,0,125,-7.25864
2.925,0,0,125,-7.69747
2.95,0,0,125,-8.13965
2.975,0,0,125,-8.5849
3,0,0,125,-9.03293
3.025,0,0,125,-9.48345
3.05,0,0,125,-9.93615
3.075,0,0,125,-10.3907
3.1,0,0,125,-10.8467
3.125,0,0,125,-11.3039
3.15,0,0,125,-11.7619
3.175,0,0,125,-12.2203
3.2,0,0,125,-12.6786
3.225,0,0,125,-13.1366
3.25,0,0,125,-13.5938
3.275,0,0,125,-14.0498
3.3,0,0,125,-14.5041
3.325,0,0,125,-14.9563
3.35,0,0,125,-15.406
3.375,0,0,125,-15.8527
3.4,0,0,125,-16.296
3.425,0,0,125,-16.7355
3.45,0,0,125,-17.1706
3.475,0,0,125,-17.6011
3.5,0,0,125,-18.0263
3.525,0,0,125,-18.4459
3.55,0,0,125,-18.8594
3.575,0,0,125,-19.2664
3.6,0,0,125,-19.6665
3.625,0,0,125,-20.0593
3.65,0,0,125,-20.4444
3.675,0,0,125,-20.8214
3.7,0,0,125,-21.1899
3.725,0,0,125,-21.5495
3.75,0,0,125,-21.9
3.775,0,0,125,-22.241
3.8,0,0,125,-22.5722
3.825,0,0,125,-22.8932
3.85,0,0,125,-23.2039
3.875,0,0,125,-23.504
3.9,0,0,125,-23.7932
3.925,0,0,125,-24.0713
3.95,0,0,125,-24.3382
3.975,0,0,125,-24.5937
4,0,0,125,-24.8377
4.025,0,0,125,-25.07
4.05,0,0,125,-25.2906
4.075,0,0,125,-25.4994
4.1,0,0,125,-25.6965
4.125,0,0,125,-25.8817
4.15,0,0,125,-26.0551
4.175,0,0,125,-26.2169
4.2,0,0,125,-26.367
4.225,0,0,125,-26.5056
4.25,0,0,125,-26.6329
4.275,0,0,125,-26.7491
4.3,0,0,125,-26.8544
4.325,0,0,125,-26.949
4.35,0,0,125,-27.0333
4.375,0,0,125,-27.1076
4.4,0,0,125,-27.1721
4.425,0,0,125,-27.2275
4.45,0,0,125,-27.274
4.475,0,0,125,-27.3121
4.5,0,0,125,-27.3423
4.525,0,0,125,-27.3653
4.55,0,0,125,-27.3815
4.575,0,0,125,-27.3915
4.6,0,0,125,-27.3959
4.625,0,0,125,-27.3955
4.65,0,0,125,-27.3908
4.675,0,0,125,-27.3825
4.7,0,0,125,-27.3714
4.725,0,0,125,-27.3581
4.75,0,0,125,-27.3432
4.775,0,0,125,-27.3276
4.8,0,0,125,-27.3116
4.825,0,0,125,-27.296
4.85,0,0,125,-27.2813
4.875,0,0,125,-27.2678
4.9,0,0,125,-27.2561
4.925,0,0,125,-27.2463
4.95,0,0,125,-27.2387
4.975,0,0,125,-27.2335
5,0,0,125,-27.2309
