0,0,0,125,-82.8979
0.025,0,0,125,-82.8984
0.05,0,0,125,-82.8993
0.075,0,0,125,-82.9006
0.1,0,0,125,-82.9022
0.125,0,0,125,-82.904
0.15,0,0,125,-82.906
0.175,0,0,125,-82.9081
0.2,0,0,125,-82.9102
0.225,0,0,125,-82.9124
0.25,0,0,125,-82.9146
0.275,0,0,125,-82.9168
0.3,0,0,125,-82.9189
0.325,0,0,125,-82.9211
0.35,0,0,125,-82.9232
0.375,0,0,125,-82.9254
0.4,0,0,125,-82.9275
0.425,0,0,125,-82.9295
0.45,0,0,125,-82.9315
0.475,0,0,125,-82.9335
0.5,0,0,125,-82.9355
0.525,0,0,125,-82.9374
0.55,0,0,125,-82.9393
0.575,0,0,125,-82.9412
0.6,0,0,125,-82.943
0.625,0,0,125,-82.9448
0.65,0,0,125,-82.9466
0.675,0,0,125,-82.9484
0.7,0,0,125,-82.9502
0.725,0,0,125,-82.952
0.75,0,0,125,-82.9537
0.775,0,0,125,-82.9555
0.8,0,0,125,-82.9572
0.825,0,0,125,-82.959
0.85,0,0,125,-82.9607
0.875,0,0,125,-82.9624
0.9,0,0,125,-82.9642
0.925,0,0,125,-82.966
0.95,0,0,125,-82.9678
0.975,0,0,125,-82.9696
1,0,0,125,-82.9714
1.025,0,0,125,-82.9732
1.05,0,0,125,-82.975
1.075,0,0,125,-82.9769
1.1,0,0,125,-82.9788
1.125,0,0,125,-82.9807
1.15,0,0,125,-82.9826
1.175,0,0,125,-82.9846
1.2,0,0,125,-82.9866
1.225,0,0,125,-82.9886
1.25,0,0,125,-82.9907
1.275,0,0,125,-82.9928
1.3,0,0,125,-82.995
1.325,0,0,125,-82.9971
1.35,0,0,125,-82.9994
1.375,0,0,125,-83.0016
1.4,0,0,125,-83.0039
1.425,0,0,125,-83.0063
1.45,0,0,125,-83.0086
1.475,0,0,125,-83.0111
1.5,0,0,125,-83.0135
1.525,0,0,125,-83.016
1.55,0,0,125,-83.0186
1.575,0,0,125,-83.0212
1.6,0,0,125,-83.0239
1.625,0,0,125,-83.0267
1.65,0,0,125,-83.0295
1.675,0,0,125,-83.0324
1.7,0,0,125,-83.0353
1.725,0,0,125,-83.0383
1.75,0,0,125,-83.0414
1.775,0,0,125,-83.0445
1.8,0,0,125,-83.0477
1.825,0,0,125,-83.0511
1.85,0,0,125,-83.0545
1.875,0,0,125,-83.0579
1.9,0,0,125,-83.0615
1.925,0,0,125,-83.0651
1.95,0,0,125,-83.0689
1.975,0,0,125,-83.0727
2,0,0,125,-83.0767
2.025,0,0,125,-83.0808
2.05,0,0,125,-83.0849
2.075,0,0,125,-83.0892
2.1,0,0,125,-83.0936
2.125,0,0,125,-83.0981
2.15,0,0,125,-83.1028
2.175,0,0,125,-83.1076
2.2,0,0,125,-83.1125
2.225,0,0,125,-83.1175
2.25,0,0,125,-83.1227
2.275,0,0,125,-83.128
2.3,0,0,125,-83.1334
2.325,0,0,125,-83.1389
2.35,0,0,125,-83.1445
2.375,0,0,125,-83.1502
2.4,0,0,125,-83.1561
2.425,0,0,125,-83.1621
2.45,0,0,125,-83.1683
2.475,0,0,125,-83.1745
2.5,0,0,125,-83.181
2.525,0,0,125,-83.1875
2.55,0,0,125,-83.1942
2.575,0,0,125,-83.201
2.6,0,0,125,-83.2079
2.625,0,0,125,-83.2148
2.65,0,0,125,-83.222
2.675,0,0,125,-83.2292
2.7,0,0,125,-83.2365
2.725,0,0,125,-83.2439
2.75,0,0,125,-83.2515
2.775,0,0,125,-83.2592
2.8,0,0,125,-83.2669
2.825,0,0,125,-83.2747
2.85,0,0,125,-83.2826
2.875,0,0,125,-83.2906
2.9,0,0,125,-83.2986
2.925,0,0,125,-83.3066
2.95,0,0,125,-83.3147
2.975,0,0,125,-83.3229
3,0,0,125,-83.3311
3.025,0,0,125,-83.3393
3.05,0,0,125,-83.3475
3.075,0,0,125,-83.3558
3.1,0,0,125,-83.364
3.125,0,0,125,-83.3723
3.15,0,0,125,-83.3805
3.175,0,0,125,-83.3887
3.2,0,0,125,-83.397
3.225,0,0,125,-83.4051
3.25,0,0,125,-83.4133
3.275,0,0,125,-83.4213
3.3,0,0,125,-83.4293
3.325,0,0,125,-83.4373
3.35,0,0,125,-83.4452
3.375,0,0,125,-83.4529
3.4,0,0,125,-83.4606
3.425,0,0,125,-83.4683
3.45,0,0,125,-83.4757
3.475,0,0,125,-83.4831
3.5,0,0,125,-83.4904
3.525,0,0,125,-83.4976
3.55,0,0,125,-83.5046
3.575,0,0,125,-83.5115
3.6,0,0,125,-83.5183
3.625,0,0,125,-83.5249
3.65,0,0,125,-83.5314
3.675,0,0,125,-83.5377
3.7,0,0,125,-83.5439
3.725,0,0,125,-83.55
3.75,0,0,125,-83.5558
3.775,0,0,125,-83.5615
3.8,0,0,125,-83.5671
3.825,0,0,125,-83.5725
3.85,0,0,125,-83.5777
3.875,0,0,125,-83.5828
3.9,0,0,125,-83.5877
3.925,0,0,125,-83.5924
3.95,0,0,125,-83.597
3.975,0,0,125,-83.6015
4,0,0,125,-83.6057
4.025,0,0,125,-83.6098
4.05,0,0,125,-83.6138
4.075,0,0,125,-83.6175
4.1,0,0,125,-83.6211
4.125,0,0,125,-83.6246
4.15,0,0,125,-83.6278
4.175,0,0,125,-83.6309
4.2,0,0,125,-83.6339
4.225,0,0,125,-83.6367
4.25,0,0,125,-83.6393
4.275,0,0,125,-83.6419
4.3,0,0,125,-83.6442
4.325,0,0,125,-83.6465
4.35,0,0,125,-83.6486
4.375,0,0,125,-83.6506
4.4,0,0,125,-83.6524
4.425,0,0,125,-83.6542
4.45,0,0,125,-83.6558
4.475,0,0,125,-83.6573
4.5,0,0,125,-83.6587
4.525,0,0,125,-83.66
4.55,0,0,125,-83.6611
4.575,0,0,125,-83.6622
4.6,0,0,125,-83.6632
4.625,0,0,125,-83.6641
4.65,0,0,125,-83.6649
4.675,0,0,125,-83.6656
4.7,0,0,125,-83.6662
4.725,0,0,125,-83.6667
4.75,0,0,125,-83.6672
4.775,0,0,125,-83.6676
4.8,0,0,125,-83.6679
4.825,0,0,125,-83.6682
4.85,0,0,125,-83.6684
4.875,0,0,125,-83.6685
4.9,0,0,125,-83.6686
4.925,0,0,125,-83.6687
4.95,0,0,125,-83.6687
4.975,0,0,125,-83.6688
5,0,0,125,-83.6688
