0,0,0,125,-84.2474
0.025,0,0,125,-84.2475
0.05,0,0,125,-84.2477
0.075,0,0,125,-84.248
0.1,0,0,125,-84.2483
0.125,0,0,125,-84.2487
0.15,0,0,125,-84.2491
0.175,0,0,125,-84.2496
0.2,0,0,125,-84.25
0.225,0,0,125,-84.2505
0.25,0,0,125,-84.251
0.275,0,0,125,-84.2515
0.3,0,0,125,-84.252
0.325,0,0,125,-84.2526
0.35,0,0,125,-84.2531
0.375,0,0,125,-84.2536
0.4,0,0,125,-84.2541
0.425,0,0,125,-84.2546
0.45,0,0,125,-84.255
0.475,0,0,125,-84.2555
0.5,0,0,125,-84.2559
0.525,0,0,125,-84.2563
0.55,0,0,125,-84.2567
0.575,0,0,125,-84.2571
0.6,0,0,125,-84.2575
0.625,0,0,125,-84.2579
0.65,0,0,125,-84.2583
0.675,0,0,125,-84.2587
0.7,0,0,125,-84.259
0.725,0,0,125,-84.2594
0.75,0,0,125,-84.2598
0.775,0,0,125,-84.2602
0.8,0,0,125,-84.2605
0.825,0,0,125,-84.2609
0.85,0,0,125,-84.2613
0.875,0,0,125,-84.2617
0.9,0,0,125,-84.2621
0.925,0,0,125,-84.2625
0.95,0,0,125,-84.2629
0.975,0,0,125,-84.2633
1,0,0,125,-84.2637
1.025,0,0,125,-84.2642
1.05,0,0,125,-84.2646
1.075,0,0,125,-84.2651
1.1,0,0,125,-84.2656
1.125,0,0,125,-84.2661
1.15,0,0,125,-84.2666
1.175,0,0,125,-84.2671
1.2,0,0,125,-84.2676
1.225,0,0,125,-84.2681
1.25,0,0,125,-84.2687
1.275,0,0,125,-84.2692
1.3,0,0,125,-84.2698
1.325,0,0,125,-84.2703
1.35,0,0,125,-84.2709
1.375,0,0,125,-84.2715
1.4,0,0,125,-84.2721
1.425,0,0,125,-84.2727
1.45,0,0,125,-84.2733
1.475,0,0,125,-84.2739
1.5,0,0,125,-84.2746
1.525,0,0,125,-84.2752
1.55,0,0,125,-84.2759
1.575,0,0,125,-84.2765
1.6,0,0,125,-84.2772
1.625,0,0,125,-84.2779
1.65,0,0,125,-84.2786
1.675,0,0,125,-84.2793
1.7,0,0,125,-84.28
1.725,0,0,125,-84.2807
1.75,0,0,125,-84.2815
1.775,0,0,125,-84.2822
1.8,0,0,125,-84.2829
1.825,0,0,125,-84.2837
1.85,0,0,125,-84.2845
1.875,0,0,125,-84.2853
1.9,0,0,125,-84.286
1.925,0,0,125,-84.2868
1.95,0,0,125,-84.2877
1.975,0,0,125,-84.2885
2,0,0,125,-84.2894
2.025,0,0,125,-84.2903
2.05,0,0,125,-84.2912
2.075,0,0,125,-84.2921
2.1,0,0,125,-84.2931
2.125,0,0,125,-84.2941
2.15,0,0,125,-84.2951
2.175,0,0,125,-84.2962
2.2,0,0,125,-84.2973
2.225,0,0,125,-84.2985
2.25,0,0,125,-84.2996
2.275,0,0,125,-84.3008
2.3,0,0,125,-84.3021
2.325,0,0,125,-84.3034
2.35,0,0,125,-84.3047
2.375,0,0,125,-84.306
2.4,0,0,125,-84.3074
2.425,0,0,125,-84.3089
2.45,0,0,125,-84.3103
2.475,0,0,125,-84.3118
2.5,0,0,125,-84.3133
2.525,0,0,125,-84.3149
2.55,0,0,125,-84.3164
2.575,0,0,125,-84.318
2.6,0,0,125,-84.3196
2.625,0,0,125,-84.3211
2.65,0,0,125,-84.3228
2.675,0,0,125,-84.3244
2.7,0,0,125,-84.326
2.725,0,0,125,-84.3277
2.75,0,0,125,-84.3293
2.775,0,0,125,-84.331
2.8,0,0,125,-84.3327
2.825,0,0,125,-84.3344
2.85,0,0,125,-84.3361
2.875,0,0,125,-84.3379
2.9,0,0,125,-84.3397
2.925,0,0,125,-84.3414
2.95,0,0,125,-84.3432
2.975,0,0,125,-84.345
3,0,0,125,-84.3468
3.025,0,0,125,-84.3486
3.05,0,0,125,-84.3504
3.075,0,0,125,-84.3522
3.1,0,0,125,-84.3539
3.125,0,0,125,-84.3557
3.15,0,0,125,-84.3574
3.175,0,0,125,-84.3591
3.2,0,0,125,-84.3608
3.225,0,0,125,-84.3625
3.25,0,0,125,-84.3641
3.275,0,0,125,-84.3658
3.3,0,0,125,-84.3674
3.325,0,0,125,-84.369
3.35,0,0,125,-84.3706
3.375,0,0,125,-84.3722
3.4,0,0,125,-84.3738
3.425,0,0,125,-84.3753
3.45,0,0,125,-84.3768
3.475,0,0,125,-84.3784
3.5,0,0,125,-84.3799
3.525,0,0,125,-84.3814
3.55,0,0,125,-84.3829
3.575,0,0,125,-84.3843
3.6,0,0,125,-84.3857
3.625,0,0,125,-84.3871
3.65,0,0,125,-84.3885
3.675,0,0,125,-84.3898
3.7,0,0,125,-84.3911
3.725,0,0,125,-84.3924
3.75,0,0,125,-84.3936
3.775,0,0,125,-84.3948
3.8,0,0,125,-84.396
3.825,0,0,125,-84.3971
3.85,0,0,125,-84.3982
3.875,0,0,125,-84.3993
3.9,0,0,125,-84.4003
3.925,0,0,125,-84.4013
3.95,0,0,125,-84.4023
3.975,0,0,125,-84.4032
4,0,0,125,-84.4041
4.025,0,0,125,-84.4049
4.05,0,0,125,-84.4057
4.075,0,0,125,-84.4065
4.1,0,0,125,-84.4073
4.125,0,0,125,-84.408
4.15,0,0,125,-84.4087
4.175,0,0,125,-84.4093
4.2,0,0,125,-84.4099
4.225,0,0,125,-84.4105
4.25,0,0,125,-84.411
4.275,0,0,125,-84.4116
4.3,0,0,125,-84.412
4.325,0,0,125,-84.4125
4.35,0,0,125,-84.4129
4.375,0,0,125,-84.4133
4.4,0,0,125,-84.4137
4.425,0,0,125,-84.414
4.45,0,0,125,-84.4143
4.475,0,0,125,-84.4146
4.5,0,0,125,-84.4149
4.525,0,0,125,-84.4151
4.55,0,0,125,-84.4153
4.575,0,0,125,-84.4154
4.6,0,0,125,-84.4156
4.625,0,0,125,-84.4157
4.65,0,0,125,-84.4159
4.675,0,0,125,-84.416
4.7,0,0,125,-84.4161
4.725,0,0,125,-84.4163
4.75,0,0,125,-84.4164
4.775,0,0,125,-84.4165
4.8,0,0,125,-84.4165
4.825,0,0,125,-84.4166
4.85,0,0,125,-84.4167
4.875,0,0,125,-84.4167
4.9,0,0,125,-84.4168
4.925,0,0,125,-84.4168
4.95,0,0,125,-84.4169
4.975,0,0,125,-84.4169
5,0,0,125,-84.4169
