0,0,0,125,-83.1911
0.025,0,0,125,-83.1916
0.05,0,0,125,-83.1925
0.075,0,0,125,-83.1939
0.1,0,0,125,-83.1955
0.125,0,0,125,-83.1974
0.15,0,0,125,-83.1994
0.175,0,0,125,-83.2015
0.2,0,0,125,-83.2035
0.225,0,0,125,-83.2055
0.25,0,0,125,-83.2073
0.275,0,0,125,-83.2091
0.3,0,0,125,-83.2106
0.325,0,0,125,-83.2121
0.35,0,0,125,-83.2133
0.375,0,0,125,-83.2143
0.4,0,0,125,-83.215
0.425,0,0,125,-83.2155
0.45,0,0,125,-83.2158
0.475,0,0,125,-83.2157
0.5,0,0,125,-83.2152
0.525,0,0,125,-83.2145
0.55,0,0,125,-83.2134
0.575,0,0,125,-83.2119
0.6,0,0,125,-83.21
0.625,0,0,125,-83.2077
0.65,0,0,125,-83.2049
0.675,0,0,125,-83.2017
0.7,0,0,125,-83.1979
0.725,0,0,125,-83.1937
0.75,0,0,125,-83.1888
0.775,0,0,125,-83.1834
0.8,0,0,125,-83.1773
0.825,0,0,125,-83.1705
0.85,0,0,125,-83.163
0.875,0,0,125,-83.1547
0.9,0,0,125,-83.1456
0.925,0,0,125,-83.1357
0.95,0,0,125,-83.1247
0.975,0,0,125,-83.1128
1,0,0,125,-83.0998
1.025,0,0,125,-83.0856
1.05,0,0,125,-83.0701
1.075,0,0,125,-83.0533
1.1,0,0,125,-83.0351
1.125,0,0,125,-83.0152
1.15,0,0,125,-82.9936
1.175,0,0,125,-82.9702
1.2,0,0,125,-82.9448
1.225,0,0,125,-82.9173
1.25,0,0,125,-82.8873
1.275,0,0,125,-82.8548
1.3,0,0,125,-82.8196
1.325,0,0,125,-82.7813
1.35,0,0,125,-82.7398
1.375,0,0,125,-82.6947
1.4,0,0,125,-82.6457
1.425,0,0,125,-82.5924
1.45,0,0,125,-82.5346
1.475,0,0,125,-82.4717
1.5,0,0,125,-82.4033
1.525,0,0,125,-82.3288
1.55,0,0,125,-82.2478
1.575,0,0,125,-82.1597
1.6,0,0,125,-82.0637
1.625,0,0,125,-81.9591
1.65,0,0,125,-81.8451
1.675,0,0,125,-81.721
1.7,0,0,125,-81.5856
1.725,0,0,125,-81.4381
1.75,0,0,125,-81.2772
1.775,0,0,125,-81.1018
1.8,0,0,125,-80.9106
1.825,0,0,125,-80.7022
1.85,0,0,125,-80.475
1.875,0,0,125,-80.2275
1.9,0,0,125,-79.958
1.925,0,0,125,-79.6647
1.95,0,0,125,-79.3457
1.975,0,0,125,-78.999
2,0,0,125,-78.6226
2.025,0,0,125,-78.2145
2.05,0,0,125,-77.7726
2.075,0,0,125,-77.2947
2.1,0,0,125,-76.7788
2.125,0,0,125,-76.223
2.15,0,0,125,-75.6253
2.175,0,0,125,-74.9841
2.2,0,0,125,-74.2979
2.225,0,0,125,-73.5654
2.25,0,0,125,-72.7857
2.275,0,0,125,-71.9582
2.3,0,0,125,-71.0829
2.325,0,0,125,-70.1599
2.35,0,0,125,-69.1901
2.375,0,0,125,-68.1747
2.4,0,0,125,-67.1155
2.425,0,0,125,-66.0148
2.45,0,0,125,-64.8755
2.475,0,0,125,-63.7008
2.5,0,0,125,-62.4944
2.525,0,0,125,-61.2604
2.55,0,0,125,-60.003
2.575,0,0,125,-58.727
2.6,0,0,125,-57.437
2.625,0,0,125,-56.1379
2.65,0,0,125,-54.8343
2.675,0,0,125,-53.531
2.7,0,0,125,-52.2325
2.725,0,0,125,-50.943
2.75,0,0,125,-49.6665
2.775,0,0,125,-48.4066
2.8,0,0,125,-47.1665
2.825,0,0,125,-45.9492
2.85,0,0,125,-44.7571
2.875,0,0,125,-43.5923
2.9,0,0,125,-42.4564
2.925,0,0,125,-41.3508
2.95,0,0,125,-40.2765
2.975,0,0,125,-39.2342
3,0,0,125,-38.2241
3.025,0,0,125,-37.2466
3.05,0,0,125,-36.3014
3.075,0,0,125,-35.3884
3.1,0,0,125,-34.5072
3.125,0,0,125,-33.6572
3.15,0,0,125,-32.8378
3.175,0,0,125,-32.0484
3.2,0,0,125,-31.2882
3.225,0,0,125,-30.5564
3.25,0,0,125,-29.8523
3.275,0,0,125,-29.175
3.3,0,0,125,-28.5237
3.325,0,0,125,-27.8976
3.35,0,0,125,-27.2959
3.375,0,0,125,-26.7178
3.4,0,0,125,-26.1625
3.425,0,0,125,-25.6293
3.45,0,0,125,-25.1173
3.475,0,0,125,-24.6258
3.5,0,0,125,-24.1542
3.525,0,0,125,-23.7017
3.55,0,0,125,-23.2675
3.575,0,0,125,-22.8511
3.6,0,0,125,-22.4517
3.625,0,0,125,-22.0688
3.65,0,0,125,-21.7017
3.675,0,0,125,-21.3497
3.7,0,0,125,-21.0124
3.725,0,0,125,-20.689
3.75,0,0,125,-20.3792
3.775,0,0,125,-20.0823
3.8,0,0,125,-19.7979
3.825,0,0,125,-19.5253
3.85,0,0,125,-19.2643
3.875,0,0,125,-19.0142
3.9,0,0,125,-18.7747
3.925,0,0,125,-18.5452
3.95,0,0,125,-18.3255
3.975,0,0,125,-18.1152
4,0,0,125,-17.9137
4.025,0,0,125,-17.7209
4.05,0,0,125,-17.5362
4.075,0,0,125,-17.3595
4.1,0,0,125,-17.1904
4.125,0,0,125,-17.0286
4.15,0,0,125,-16.8738
4.175,0,0,125,-16.7257
4.2,0,0,125,-16.5841
4.225,0,0,125,-16.4488
4.25,0,0,125,-16.3195
4.275,0,0,125,-16.196
4.3,0,0,125,-16.0781
4.325,0,0,125,-15.9656
4.35,0,0,125,-15.8583
4.375,0,0,125,-15.7561
4.4,0,0,125,-15.6588
4.425,0,0,125,-15.5662
4.45,0,0,125,-15.4783
4.475,0,0,125,-15.3949
4.5,0,0,125,-15.3158
4.525,0,0,125,-15.2411
4.55,0,0,125,-15.1705
4.575,0,0,125,-15.104
4.6,0,0,125,-15.0415
4.625,0,0,125,-14.983
4.65,0,0,125,-14.9284
4.675,0,0,125,-14.8776
4.7,0,0,125,-14.8306
4.725,0,0,125,-14.7874
4.75,0,0,125,-14.748
4.775,0,0,125,-14.7123
4.8,0,0,125,-14.6803
4.825,0,0,125,-14.652
4.85,0,0,125,-14.6274
4.875,0,0,125,-14.6064
4.9,0,0,125,-14.5891
4.925,0,0,125,-14.5753
4.95,0,0,125,-14.5649
4.975,0,0,125,-14.5581
5,0,0,125,-14.5547
