0,0,0,125,-83.779
0.025,0,0,125,-83.7792
0.05,0,0,125,-83.7797
0.075,0,0,125,-83.7803
0.1,0,0,125,-83.7812
0.125,0,0,125,-83.7821
0.15,0,0,125,-83.7831
0.175,0,0,125,-83.7842
0.2,0,0,125,-83.7854
0.225,0,0,125,-83.7865
0.25,0,0,125,-83.7877
0.275,0,0,125,-83.7888
0.3,0,0,125,-83.79
0.325,0,0,125,-83.7912
0.35,0,0,125,-83.7923
0.375,0,0,125,-83.7934
0.4,0,0,125,-83.7946
0.425,0,0,125,-83.7957
0.45,0,0,125,-83.7967
0.475,0,0,125,-83.7978
0.5,0,0,125,-83.7988
0.525,0,0,125,-83.7998
0.55,0,0,125,-83.8009
0.575,0,0,125,-83.8019
0.6,0,0,125,-83.8029
0.625,0,0,125,-83.8039
0.65,0,0,125,-83.8049
0.675,0,0,125,-83.8058
0.7,0,0,125,-83.8068
0.725,0,0,125,-83.8078
0.75,0,0,125,-83.8087
0.775,0,0,125,-83.8097
0.8,0,0,125,-83.8107
0.825,0,0,125,-83.8117
0.85,0,0,125,-83.8127
0.875,0,0,125,-83.8137
0.9,0,0,125,-83.8147
0.925,0,0,125,-83.8157
0.95,0,0,125,-83.8167
0.975,0,0,125,-83.8177
1,0,0,125,-83.8187
1.025,0,0,125,-83.8197
1.05,0,0,125,-83.8208
1.075,0,0,125,-83.8219
1.1,0,0,125,-83.8229
1.125,0,0,125,-83.824
1.15,0,0,125,-83.8252
1.175,0,0,125,-83.8263
1.2,0,0,125,-83.8274
1.225,0,0,125,-83.8286
1.25,0,0,125,-83.8298
1.275,0,0,125,-83.831
1.3,0,0,125,-83.8322
1.325,0,0,125,-83.8334
1.35,0,0,125,-83.8346
1.375,0,0,125,-83.8359
1.4,0,0,125,-83.8372
1.425,0,0,125,-83.8384
1.45,0,0,125,-83.8397
1.475,0,0,125,-83.841
1.5,0,0,125,-83.8424
1.525,0,0,125,-83.8438
1.55,0,0,125,-83.8452
1.575,0,0,125,-83.8467
1.6,0,0,125,-83.8482
1.625,0,0,125,-83.8497
1.65,0,0,125,-83.8513
1.675,0,0,125,-83.8529
1.7,0,0,125,-83.8545
1.725,0,0,125,-83.8562
1.75,0,0,125,-83.8579
1.775,0,0,125,-83.8597
1.8,0,0,125,-83.8615
1.825,0,0,125,-83.8633
1.85,0,0,125,-83.8652
1.875,0,0,125,-83.8671
1.9,0,0,125,-83.869
1.925,0,0,125,-83.871
1.95,0,0,125,-83.873
1.975,0,0,125,-83.8751
2,0,0,125,-83.8773
2.025,0,0,125,-83.8795
2.05,0,0,125,-83.8818
2.075,0,0,125,-83.8842
2.1,0,0,125,-83.8866
2.125,0,0,125,-83.889
2.15,0,0,125,-83.8916
2.175,0,0,125,-83.8942
2.2,0,0,125,-83.8968
2.225,0,0,125,-83.8995
2.25,0,0,125,-83.9023
2.275,0,0,125,-83.9051
2.3,0,0,125,-83.9079
2.325,0,0,125,-83.9109
2.35,0,0,125,-83.9139
2.375,0,0,125,-83.9169
2.4,0,0,125,-83.92
2.425,0,0,125,-83.9232
2.45,0,0,125,-83.9265
2.475,0,0,125,-83.9298
2.5,0,0,125,-83.9332
2.525,0,0,125,-83.9366
2.55,0,0,125,-83.9401
2.575,0,0,125,-83.9437
2.6,0,0,125,-83.9473
2.625,0,0,125,-83.951
2.65,0,0,125,-83.9548
2.675,0,0,125,-83.9586
2.7,0,0,125,-83.9624
2.725,0,0,125,-83.9662
2.75,0,0,125,-83.9701
2.775,0,0,125,-83.974
2.8,0,0,125,-83.978
2.825,0,0,125,-83.982
2.85,0,0,125,-83.986
2.875,0,0,125,-83.9901
2.9,0,0,125,-83.9942
2.925,0,0,125,-83.9984
2.95,0,0,125,-84.0025
2.975,0,0,125,-84.0068
3,0,0,125,-84.011
3.025,0,0,125,-84.0151
3.05,0,0,125,-84.0193
3.075,0,0,125,-84.0235
3.1,0,0,125,-84.0277
3.125,0,0,125,-84.0318
3.15,0,0,125,-84.0359
3.175,0,0,125,-84.0401
3.2,0,0,125,-84.0442
3.225,0,0,125,-84.0483
3.25,0,0,125,-84.0523
3.275,0,0,125,-84.0563
3.3,0,0,125,-84.0603
3.325,0,0,125,-84.0643
3.35,0,0,125,-84.0682
3.375,0,0,125,-84.072
3.4,0,0,125,-84.0758
3.425,0,0,125,-84.0796
3.45,0,0,125,-84.0833
3.475,0,0,125,-84.087
3.5,0,0,125,-84.0906
3.525,0,0,125,-84.0941
3.55,0,0,125,-84.0976
3.575,0,0,125,-84.101
3.6,0,0,125,-84.1043
3.625,0,0,125,-84.1076
3.65,0,0,125,-84.1108
3.675,0,0,125,-84.1139
3.7,0,0,125,-84.117
3.725,0,0,125,-84.12
3.75,0,0,125,-84.1229
3.775,0,0,125,-84.1257
3.8,0,0,125,-84.1285
3.825,0,0,125,-84.1311
3.85,0,0,125,-84.1337
3.875,0,0,125,-84.1362
3.9,0,0,125,-84.1386
3.925,0,0,125,-84.1409
3.95,0,0,125,-84.1432
3.975,0,0,125,-84.1453
4,0,0,125,-84.1474
4.025,0,0,125,-84.1494
4.05,0,0,125,-84.1513
4.075,0,0,125,-84.1531
4.1,0,0,125,-84.1548
4.125,0,0,125,-84.1565
4.15,0,0,125,-84.158
4.175,0,0,125,-84.1595
4.2,0,0,125,-84.1609
4.225,0,0,125,-84.1623
4.25,0,0,125,-84.1636
4.275,0,0,125,-84.1648
4.3,0,0,125,-84.166
4.325,0,0,125,-84.1671
4.35,0,0,125,-84.1681
4.375,0,0,125,-84.1691
4.4,0,0,125,-84.17
4.425,0,0,125,-84.1708
4.45,0,0,125,-84.1716
4.475,0,0,125,-84.1723
4.5,0,0,125,-84.173
4.525,0,0,125,-84.1736
4.55,0,0,125,-84.1742
4.575,0,0,125,-84.1747
4.6,0,0,125,-84.1752
4.625,0,0,125,-84.1756
4.65,0,0,125,-84.176
4.675,0,0,125,-84.1764
4.7,0,0,125,-84.1767
4.725,0,0,125,-84.177
4.75,0,0,125,-84.1772
4.775,0,0,125,-84.1775
4.8,0,0,125,-84.1776
4.825,0,0,125,-84.1778
4.85,0,0,125,-84.1779
4.875,0,0,125,-84.178
4.9,0,0,125,-84.178
4.925,0,0,125,-84.1781
4.95,0,0,125,-84.1781
4.975,0,0,125,-84.1782
5,0,0,125,-84.1782
