0,0,0,125,16.5638
0.025,0,0,125,16.5656
0.05,0,0,125,16.5691
0.075,0,0,125,16.574
0.1,0,0,125,16.5797
0.125,0,0,125,16.5858
0.15,0,0,125,16.5917
0.175,0,0,125,16.5969
0.2,0,0,125,16.6013
0.225,0,0,125,16.6048
0.25,0,0,125,16.6073
0.275,0,0,125,16.6089
0.3,0,0,125,16.6095
0.325,0,0,125,16.6091
0.35,0,0,125,16.6077
0.375,0,0,125,16.6053
0.4,0,0,125,16.602
0.425,0,0,125,16.5978
0.45,0,0,125,16.5926
0.475,0,0,125,16.5866
0.5,0,0,125,16.5797
0.525,0,0,125,16.572
0.55,0,0,125,16.5635
0.575,0,0,125,16.5542
0.6,0,0,125,16.5442
0.625,0,0,125,16.5335
0.65,0,0,125,16.522
0.675,0,0,125,16.5099
0.7,0,0,125,16.4972
0.725,0,0,125,16.4839
0.75,0,0,125,16.47
0.775,0,0,125,16.4555
0.8,0,0,125,16.4405
0.825,0,0,125,16.425
0.85,0,0,125,16.4089
0.875,0,0,125,16.3925
0.9,0,0,125,16.3755
0.925,0,0,125,16.3581
0.95,0,0,125,16.3403
0.975,0,0,125,16.322
1,0,0,125,16.3034
1.025,0,0,125,16.2844
1.05,0,0,125,16.265
1.075,0,0,125,16.2452
1.1,0,0,125,16.2251
1.125,0,0,125,16.2046
1.15,0,0,125,16.1838
1.175,0,0,125,16.1627
1.2,0,0,125,16.1412
1.225,0,0,125,16.1194
1.25,0,0,125,16.0973
1.275,0,0,125,16.0748
1.3,0,0,125,16.052
1.325,0,0,125,16.0289
1.35,0,0,125,16.0055
1.375,0,0,125,15.9818
1.4,0,0,125,15.9577
1.425,0,0,125,15.9334
1.45,0,0,125,15.9087
1.475,0,0,125,15.8837
1.5,0,0,125,15.8583
1.525,0,0,125,15.8326
1.55,0,0,125,15.8066
1.575,0,0,125,15.7803
1.6,0,0,125,15.7536
1.625,0,0,125,15.7266
1.65,0,0,125,15.6992
1.675,0,0,125,15.6715
1.7,0,0,125,15.6434
1.725,0,0,125,15.615
1.75,0,0,125,15.5862
1.775,0,0,125,15.557
1.8,0,0,125,15.5274
1.825,0,0,125,15.4974
1.85,0,0,125,15.4671
1.875,0,0,125,15.4364
1.9,0,0,125,15.4052
1.925,0,0,125,15.3737
1.95,0,0,125,15.3417
1.975,0,0,125,15.3094
2,0,0,125,15.2766
2.025,0,0,125,15.2434
2.05,0,0,125,15.2097
2.075,0,0,125,15.1756
2.1,0,0,125,15.1411
2.125,0,0,125,15.1061
2.15,0,0,125,15.0707
2.175,0,0,125,15.0348
2.2,0,0,125,14.9984
2.225,0,0,125,14.9616
2.25,0,0,125,14.9243
2.275,0,0,125,14.8865
2.3,0,0,125,14.8483
2.325,0,0,125,14.8096
2.35,0,0,125,14.7703
2.375,0,0,125,14.7306
2.4,0,0,125,14.6904
2.425,0,0,125,14.6497
2.45,0,0,125,14.6085
2.475,0,0,125,14.5667
2.5,0,0,125,14.5245
2.525,0,0,125,14.4818
2.55,0,0,125,14.4385
2.575,0,0,125,14.3947
2.6,0,0,125,14.3505
2.625,0,0,125,14.3057
2.65,0,0,125,14.2603
2.675,0,0,125,14.2145
2.7,0,0,125,14.1681
2.725,0,0,125,14.1213
2.75,0,0,125,14.0739
2.775,0,0,125,14.026
2.8,0,0,125,13.9776
2.825,0,0,125,13.9286
2.85,0,0,125,13.8792
2.875,0,0,125,13.8292
2.9,0,0,125,13.7788
2.925,0,0,125,13.7278
2.95,0,0,125,13.6764
2.975,0,0,125,13.6245
3,0,0,125,13.5721
3.025,0,0,125,13.5192
3.05,0,0,125,13.4659
3.075,0,0,125,13.4121
3.1,0,0,125,13.3579
3.125,0,0,125,13.3032
3.15,0,0,125,13.2481
3.175,0,0,125,13.1927
3.2,0,0,125,13.1368
3.225,0,0,125,13.0806
3.25,0,0,125,13.024
3.275,0,0,125,12.9671
3.3,0,0,125,12.9099
3.325,0,0,125,12.8524
3.35,0,0,125,12.7946
3.375,0,0,125,12.7366
3.4,0,0,125,12.6784
3.425,0,0,125,12.62
3.45,0,0,125,12.5615
3.475,0,0,125,12.5028
3.5,0,0,125,12.4441
3.525,0,0,125,12.3853
3.55,0,0,125,12.3265
3.575,0,0,125,12.2677
3.6,0,0,125,12.209
3.625,0,0,125,12.1504
3.65,0,0,125,12.0919
3.675,0,0,125,12.0337
3.7,0,0,125,11.9756
3.725,0,0,125,11.9179
3.75,0,0,125,11.8605
3.775,0,0,125,11.8035
3.8,0,0,125,11.7469
3.825,0,0,125,11.6908
3.85,0,0,125,11.6352
3.875,0,0,125,11.5802
3.9,0,0,125,11.5258
3.925,0,0,125,11.4721
3.95,0,0,125,11.4191
3.975,0,0,125,11.3668
4,0,0,125,11.3154
4.025,0,0,125,11.2648
4.05,0,0,125,11.215
4.075,0,0,125,11.1663
4.1,0,0,125,11.1184
4.125,0,0,125,11.0716
4.15,0,0,125,11.0258
4.175,0,0,125,10.9811
4.2,0,0,125,10.9374
4.225,0,0,125,10.8948
4.25,0,0,125,10.8533
4.275,0,0,125,10.813
4.3,0,0,125,10.7737
4.325,0,0,125,10.7356
4.35,0,0,125,10.6987
4.375,0,0,125,10.6628
4.4,0,0,125,10.6281
4.425,0,0,125,10.5945
4.45,0,0,125,10.5619
4.475,0,0,125,10.5305
4.5,0,0,125,10.5001
4.525,0,0,125,10.4707
4.55,0,0,125,10.4423
4.575,0,0,125,10.4149
4.6,0,0,125,10.3885
4.625,0,0,125,10.363
4.65,0,0,125,10.3384
4.675,0,0,125,10.3149
4.7,0,0,125,10.2922
4.725,0,0,125,10.2706
4.75,0,0,125,10.25
4.775,0,0,125,10.2306
4.8,0,0,125,10.2124
4.825,0,0,125,10.1955
4.85,0,0,125,10.1802
4.875,0,0,125,10.1666
4.9,0,0,125,10.1549
4.925,0,0,125,10.1453
4.95,0,0,125,10.138
4.975,0,0,125,10.133
5,0,0,125,10.1305
