0,0,0,125,-82.9514
0.025,0,0,125,-82.9519
0.05,0,0,125,-82.9528
0.075,0,0,125,-82.954
0.1,0,0,125,-82.9556
0.125,0,0,125,-82.9574
0.15,0,0,125,-82.9594
0.175,0,0,125,-82.9615
0.2,0,0,125,-82.9636
0.225,0,0,125,-82.9657
0.25,0,0,125,-82.9678
0.275,0,0,125,-82.97
0.3,0,0,125,-82.9721
0.325,0,0,125,-82.9742
0.35,0,0,125,-82.9763
0.375,0,0,125,-82.9783
0.4,0,0,125,-82.9803
0.425,0,0,125,-82.9823
0.45,0,0,125,-82.9842
0.475,0,0,125,-82.9861
0.5,0,0,125,-82.988
0.525,0,0,125,-82.9898
0.55,0,0,125,-82.9916
0.575,0,0,125,-82.9934
0.6,0,0,125,-82.9952
0.625,0,0,125,-82.9969
0.65,0,0,125,-82.9987
0.675,0,0,125,-83.0004
0.7,0,0,125,-83.0021
0.725,0,0,125,-83.0039
0.75,0,0,125,-83.0056
0.775,0,0,125,-83.0073
0.8,0,0,125,-83.0089
0.825,0,0,125,-83.0106
0.85,0,0,125,-83.0123
0.875,0,0,125,-83.014
0.9,0,0,125,-83.0158
0.925,0,0,125,-83.0175
0.95,0,0,125,-83.0192
0.975,0,0,125,-83.021
1,0,0,125,-83.0227
1.025,0,0,125,-83.0245
1.05,0,0,125,-83.0263
1.075,0,0,125,-83.0281
1.1,0,0,125,-83.0299
1.125,0,0,125,-83.0318
1.15,0,0,125,-83.0336
1.175,0,0,125,-83.0356
1.2,0,0,125,-83.0375
1.225,0,0,125,-83.0395
1.25,0,0,125,-83.0416
1.275,0,0,125,-83.0436
1.3,0,0,125,-83.0457
1.325,0,0,125,-83.0479
1.35,0,0,125,-83.05
1.375,0,0,125,-83.0523
1.4,0,0,125,-83.0545
1.425,0,0,125,-83.0568
1.45,0,0,125,-83.0591
1.475,0,0,125,-83.0615
1.5,0,0,125,-83.0639
1.525,0,0,125,-83.0663
1.55,0,0,125,-83.0689
1.575,0,0,125,-83.0715
1.6,0,0,125,-83.0741
1.625,0,0,125,-83.0768
1.65,0,0,125,-83.0796
1.675,0,0,125,-83.0824
1.7,0,0,125,-83.0853
1.725,0,0,125,-83.0883
1.75,0,0,125,-83.0913
1.775,0,0,125,-83.0944
1.8,0,0,125,-83.0976
1.825,0,0,125,-83.1009
1.85,0,0,125,-83.1043
1.875,0,0,125,-83.1077
1.9,0,0,125,-83.1112
1.925,0,0,125,-83.1148
1.95,0,0,125,-83.1185
1.975,0,0,125,-83.1224
2,0,0,125,-83.1263
2.025,0,0,125,-83.1303
2.05,0,0,125,-83.1344
2.075,0,0,125,-83.1386
2.1,0,0,125,-83.1429
2.125,0,0,125,-83.1474
2.15,0,0,125,-83.1519
2.175,0,0,125,-83.1566
2.2,0,0,125,-83.1613
2.225,0,0,125,-83.1662
2.25,0,0,125,-83.1712
2.275,0,0,125,-83.1763
2.3,0,0,125,-83.1816
2.325,0,0,125,-83.1869
2.35,0,0,125,-83.1924
2.375,0,0,125,-83.198
2.4,0,0,125,-83.2037
2.425,0,0,125,-83.2096
2.45,0,0,125,-83.2156
2.475,0,0,125,-83.2217
2.5,0,0,125,-83.228
2.525,0,0,125,-83.2344
2.55,0,0,125,-83.2409
2.575,0,0,125,-83.2476
2.6,0,0,125,-83.2543
2.625,0,0,125,-83.2612
2.65,0,0,125,-83.2682
2.675,0,0,125,-83.2752
2.7,0,0,125,-83.2824
2.725,0,0,125,-83.2897
2.75,0,0,125,-83.297
2.775,0,0,125,-83.3045
2.8,0,0,125,-83.312
2.825,0,0,125,-83.3196
2.85,0,0,125,-83.3273
2.875,0,0,125,-83.335
2.9,0,0,125,-83.3428
2.925,0,0,125,-83.3506
2.95,0,0,125,-83.3585
2.975,0,0,125,-83.3664
3,0,0,125,-83.3744
3.025,0,0,125,-83.3824
3.05,0,0,125,-83.3904
3.075,0,0,125,-83.3985
3.1,0,0,125,-83.4065
3.125,0,0,125,-83.4146
3.15,0,0,125,-83.4226
3.175,0,0,125,-83.4306
3.2,0,0,125,-83.4386
3.225,0,0,125,-83.4466
3.25,0,0,125,-83.4545
3.275,0,0,125,-83.4623
3.3,0,0,125,-83.4701
3.325,0,0,125,-83.4778
3.35,0,0,125,-83.4854
3.375,0,0,125,-83.493
3.4,0,0,125,-83.5005
3.425,0,0,125,-83.5079
3.45,0,0,125,-83.5152
3.475,0,0,125,-83.5224
3.5,0,0,125,-83.5294
3.525,0,0,125,-83.5364
3.55,0,0,125,-83.5433
3.575,0,0,125,-83.55
3.6,0,0,125,-83.5566
3.625,0,0,125,-83.5631
3.65,0,0,125,-83.5694
3.675,0,0,125,-83.5756
3.7,0,0,125,-83.5817
3.725,0,0,125,-83.5876
3.75,0,0,125,-83.5933
3.775,0,0,125,-83.5988
3.8,0,0,125,-83.6042
3.825,0,0,125,-83.6094
3.85,0,0,125,-83.6145
3.875,0,0,125,-83.6194
3.9,0,0,125,-83.6242
3.925,0,0,125,-83.6287
3.95,0,0,125,-83.6331
3.975,0,0,125,-83.6374
4,0,0,125,-83.6415
4.025,0,0,125,-83.6454
4.05,0,0,125,-83.6491
4.075,0,0,125,-83.6527
4.1,0,0,125,-83.6562
4.125,0,0,125,-83.6595
4.15,0,0,125,-83.6626
4.175,0,0,125,-83.6657
4.2,0,0,125,-83.6686
4.225,0,0,125,-83.6713
4.25,0,0,125,-83.6739
4.275,0,0,125,-83.6764
4.3,0,0,125,-83.6787
4.325,0,0,125,-83.6809
4.35,0,0,125,-83.683
4.375,0,0,125,-83.685
4.4,0,0,125,-83.6868
4.425,0,0,125,-83.6885
4.45,0,0,125,-83.6901
4.475,0,0,125,-83.6916
4.5,0,0,125,-83.693
4.525,0,0,125,-83.6943
4.55,0,0,125,-83.6955
4.575,0,0,125,-83.6965
4.6,0,0,125,-83.6975
4.625,0,0,125,-83.6984
4.65,0,0,125,-83.6992
4.675,0,0,125,-83.6999
4.7,0,0,125,-83.7005
4.725,0,0,125,-83.7011
4.75,0,0,125,-83.7015
4.775,0,0,125,-83.7019
4.8,0,0,125,-83.7022
4.825,0,0,125,-83.7025
4.85,0,0,125,-83.7027
4.875,0,0,125,-83.7028
4.9,0,0,125,-83.7029
4.925,0,0,125,-83.703
4.95,0,0,125,-83.703
4.975,0,0,125,-83.703
5,0,0,125,-83.703
