0,0,0,125,-84.1036
0.025,0,0,125,-84.1037
0.05,0,0,125,-84.104
0.075,0,0,125,-84.1044
0.1,0,0,125,-84.1049
0.125,0,0,125,-84.1054
0.15,0,0,125,-84.1061
0.175,0,0,125,-84.1067
0.2,0,0,125,-84.1074
0.225,0,0,125,-84.1081
0.25,0,0,125,-84.1088
0.275,0,0,125,-84.1096
0.3,0,0,125,-84.1103
0.325,0,0,125,-84.111
0.35,0,0,125,-84.1117
0.375,0,0,125,-84.1124
0.4,0,0,125,-84.1131
0.425,0,0,125,-84.1138
0.45,0,0,125,-84.1144
0.475,0,0,125,-84.1151
0.5,0,0,125,-84.1157
0.525,0,0,125,-84.1164
0.55,0,0,125,-84.117
0.575,0,0,125,-84.1176
0.6,0,0,125,-84.1183
0.625,0,0,125,-84.1189
0.65,0,0,125,-84.1194
0.675,0,0,125,-84.12
0.7,0,0,125,-84.1206
0.725,0,0,125,-84.1212
0.75,0,0,125,-84.1218
0.775,0,0,125,-84.1224
0.8,0,0,125,-84.123
0.825,0,0,125,-84.1237
0.85,0,0,125,-84.1243
0.875,0,0,125,-84.1249
0.9,0,0,125,-84.1256
0.925,0,0,125,-84.1263
0.95,0,0,125,-84.1269
0.975,0,0,125,-84.1276
1,0,0,125,-84.1283
1.025,0,0,125,-84.1289
1.05,0,0,125,-84.1296
1.075,0,0,125,-84.1302
1.1,0,0,125,-84.1308
1.125,0,0,125,-84.1315
1.15,0,0,125,-84.1322
1.175,0,0,125,-84.1329
1.2,0,0,125,-84.1336
1.225,0,0,125,-84.1343
1.25,0,0,125,-84.135
1.275,0,0,125,-84.1358
1.3,0,0,125,-84.1365
1.325,0,0,125,-84.1373
1.35,0,0,125,-84.1381
1.375,0,0,125,-84.1389
1.4,0,0,125,-84.1397
1.425,0,0,125,-84.1406
1.45,0,0,125,-84.1414
1.475,0,0,125,-84.1423
1.5,0,0,125,-84.1432
1.525,0,0,125,-84.1441
1.55,0,0,125,-84.145
1.575,0,0,125,-84.146
1.6,0,0,125,-84.1469
1.625,0,0,125,-84.1479
1.65,0,0,125,-84.1488
1.675,0,0,125,-84.1498
1.7,0,0,125,-84.1508
1.725,0,0,125,-84.1518
1.75,0,0,125,-84.1529
1.775,0,0,125,-84.1539
1.8,0,0,125,-84.155
1.825,0,0,125,-84.1561
1.85,0,0,125,-84.1572
1.875,0,0,125,-84.1583
1.9,0,0,125,-84.1595
1.925,0,0,125,-84.1607
1.95,0,0,125,-84.162
1.975,0,0,125,-84.1633
2,0,0,125,-84.1646
2.025,0,0,125,-84.166
2.05,0,0,125,-84.1674
2.075,0,0,125,-84.1688
2.1,0,0,125,-84.1703
2.125,0,0,125,-84.1718
2.15,0,0,125,-84.1733
2.175,0,0,125,-84.1749
2.2,0,0,125,-84.1765
2.225,0,0,125,-84.1782
2.25,0,0,125,-84.1799
2.275,0,0,125,-84.1816
2.3,0,0,125,-84.1834
2.325,0,0,125,-84.1852
2.35,0,0,125,-84.187
2.375,0,0,125,-84.1889
2.4,0,0,125,-84.1908
2.425,0,0,125,-84.1928
2.45,0,0,125,-84.1947
2.475,0,0,125,-84.1967
2.5,0,0,125,-84.1988
2.525,0,0,125,-84.2009
2.55,0,0,125,-84.203
2.575,0,0,125,-84.2052
2.6,0,0,125,-84.2073
2.625,0,0,125,-84.2096
2.65,0,0,125,-84.2118
2.675,0,0,125,-84.2141
2.7,0,0,125,-84.2165
2.725,0,0,125,-84.2188
2.75,0,0,125,-84.2212
2.775,0,0,125,-84.2236
2.8,0,0,125,-84.226
2.825,0,0,125,-84.2284
2.85,0,0,125,-84.2308
2.875,0,0,125,-84.2333
2.9,0,0,125,-84.2358
2.925,0,0,125,-84.2382
2.95,0,0,125,-84.2407
2.975,0,0,125,-84.2433
3,0,0,125,-84.2458
3.025,0,0,125,-84.2483
3.05,0,0,125,-84.2508
3.075,0,0,125,-84.2534
3.1,0,0,125,-84.2559
3.125,0,0,125,-84.2583
3.15,0,0,125,-84.2608
3.175,0,0,125,-84.2633
3.2,0,0,125,-84.2657
3.225,0,0,125,-84.2681
3.25,0,0,125,-84.2705
3.275,0,0,125,-84.2729
3.3,0,0,125,-84.2753
3.325,0,0,125,-84.2777
3.35,0,0,125,-84.28
3.375,0,0,125,-84.2823
3.4,0,0,125,-84.2846
3.425,0,0,125,-84.2869
3.45,0,0,125,-84.2891
3.475,0,0,125,-84.2913
3.5,0,0,125,-84.2934
3.525,0,0,125,-84.2955
3.55,0,0,125,-84.2976
3.575,0,0,125,-84.2996
3.6,0,0,125,-84.3016
3.625,0,0,125,-84.3035
3.65,0,0,125,-84.3054
3.675,0,0,125,-84.3073
3.7,0,0,125,-84.3091
3.725,0,0,125,-84.3109
3.75,0,0,125,-84.3127
3.775,0,0,125,-84.3144
3.8,0,0,125,-84.3161
3.825,0,0,125,-84.3177
3.85,0,0,125,-84.3193
3.875,0,0,125,-84.3208
3.9,0,0,125,-84.3223
3.925,0,0,125,-84.3237
3.95,0,0,125,-84.3251
3.975,0,0,125,-84.3263
4,0,0,125,-84.3276
4.025,0,0,125,-84.3287
4.05,0,0,125,-84.3298
4.075,0,0,125,-84.3309
4.1,0,0,125,-84.3319
4.125,0,0,125,-84.3328
4.15,0,0,125,-84.3338
4.175,0,0,125,-84.3347
4.2,0,0,125,-84.3355
4.225,0,0,125,-84.3363
4.25,0,0,125,-84.3371
4.275,0,0,125,-84.3378
4.3,0,0,125,-84.3386
4.325,0,0,125,-84.3392
4.35,0,0,125,-84.3399
4.375,0,0,125,-84.3405
4.4,0,0,125,-84.341
4.425,0,0,125,-84.3415
4.45,0,0,125,-84.342
4.475,0,0,125,-84.3425
4.5,0,0,125,-84.3429
4.525,0,0,125,-84.3433
4.55,0,0,125,-84.3436
4.575,0,0,125,-84.3439
4.6,0,0,125,-84.3442
4.625,0,0,125,-84.3444
4.65,0,0,125,-84.3446
4.675,0,0,125,-84.3447
4.7,0,0,125,-84.3449
4.725,0,0,125,-84.345
4.75,0,0,125,-84.3451
4.775,0,0,125,-84.3452
4.8,0,0,125,-84.3453
4.825,0,0,125,-84.3454
4.85,0,0,125,-84.3455
4.875,0,0,125,-84.3455
4.9,0,0,125,-84.3456
4.925,0,0,125,-84.3456
4.95,0,0,125,-84.3457
4.975,0,0,125,-84.3457
5,0,0,125,-84.3457
