0,0,0,125,-20.9889
0.025,0,0,125,-20.997
0.05,0,0,125,-21.0132
0.075,0,0,125,-21.0375
0.1,0,0,125,-21.07
0.125,0,0,125,-21.1107
0.15,0,0,125,-21.1597
0.175,0,0,125,-21.217
0.2,0,0,125,-21.2826
0.225,0,0,125,-21.3566
0.25,0,0,125,-21.4389
0.275,0,0,125,-21.5294
0.3,0,0,125,-21.6281
0.325,0,0,125,-21.7349
0.35,0,0,125,-21.8499
0.375,0,0,125,-21.973
0.4,0,0,125,-22.1043
0.425,0,0,125,-22.2436
0.45,0,0,125,-22.3911
0.475,0,0,125,-22.5467
0.5,0,0,125,-22.7105
0.525,0,0,125,-22.8825
0.55,0,0,125,-23.0627
0.575,0,0,125,-23.2513
0.6,0,0,125,-23.4482
0.625,0,0,125,-23.6537
0.65,0,0,125,-23.8677
0.675,0,0,125,-24.0905
0.7,0,0,125,-24.322
0.725,0,0,125,-24.5626
0.75,0,0,125,-24.8123
0.775,0,0,125,-25.0713
0.8,0,0,125,-25.3399
0.825,0,0,125,-25.6181
0.85,0,0,125,-25.9063
0.875,0,0,125,-26.2047
0.9,0,0,125,-26.5135
0.925,0,0,125,-26.833
0.95,0,0,125,-27.1635
0.975,0,0,125,-27.5054
1,0,0,125,-27.8589
1.025,0,0,125,-28.2244
1.05,0,0,125,-28.6023
1.075,0,0,125,-28.993
1.1,0,0,125,-29.3969
1.125,0,0,125,-29.8144
1.15,0,0,125,-30.246
1.175,0,0,125,-30.6921
1.2,0,0,125,-31.1534
1.225,0,0,125,-31.6302
1.25,0,0,125,-32.1231
1.275,0,0,125,-32.6327
1.3,0,0,125,-33.1595
1.325,0,0,125,-33.7041
1.35,0,0,125,-34.2671
1.375,0,0,125,-34.849
1.4,0,0,125,-35.4504
1.425,0,0,125,-36.0718
1.45,0,0,125,-36.7139
1.475,0,0,125,-37.377
1.5,0,0,125,-38.0617
1.525,0,0,125,-38.7683
1.55,0,0,125,-39.4972
1.575,0,0,125,-40.2486
1.6,0,0,125,-41.0227
1.625,0,0,125,-41.8196
1.65,0,0,125,-42.6392
1.675,0,0,125,-43.4814
1.7,0,0,125,-44.3457
1.725,0,0,125,-45.2317
1.75,0,0,125,-46.1386
1.775,0,0,125,-47.0658
1.8,0,0,125,-48.012
1.825,0,0,125,-48.9761
1.85,0,0,125,-49.9565
1.875,0,0,125,-50.9518
1.9,0,0,125,-51.96
1.925,0,0,125,-52.979
1.95,0,0,125,-54.0069
1.975,0,0,125,-55.0411
2,0,0,125,-56.0792
2.025,0,0,125,-57.1186
2.05,0,0,125,-58.1567
2.075,0,0,125,-59.1907
2.1,0,0,125,-60.2178
2.125,0,0,125,-61.2354
2.15,0,0,125,-62.2406
2.175,0,0,125,-63.2309
2.2,0,0,125,-64.2038
2.225,0,0,125,-65.1569
2.25,0,0,125,-66.0879
2.275,0,0,125,-66.9948
2.3,0,0,125,-67.8757
2.325,0,0,125,-68.7292
2.35,0,0,125,-69.5537
2.375,0,0,125,-70.3482
2.4,0,0,125,-71.1118
2.425,0,0,125,-71.8438
2.45,0,0,125,-72.5438
2.475,0,0,125,-73.2116
2.5,0,0,125,-73.8472
2.525,0,0,125,-74.4508
2.55,0,0,125,-75.0229
2.575,0,0,125,-75.5639
2.6,0,0,125,-76.0746
2.625,0,0,125,-76.5557
2.65,0,0,125,-77.0082
2.675,0,0,125,-77.4331
2.7,0,0,125,-77.8315
2.725,0,0,125,-78.2044
2.75,0,0,125,-78.553
2.775,0,0,125,-78.8785
2.8,0,0,125,-79.182
2.825,0,0,125,-79.4647
2.85,0,0,125,-79.7278
2.875,0,0,125,-79.9723
2.9,0,0,125,-80.1995
2.925,0,0,125,-80.4104
2.95,0,0,125,-80.6059
2.975,0,0,125,-80.7872
3,0,0,125,-80.9551
3.025,0,0,125,-81.1105
3.05,0,0,125,-81.2544
3.075,0,0,125,-81.3875
3.1,0,0,125,-81.5106
3.125,0,0,125,-81.6244
3.15,0,0,125,-81.7295
3.175,0,0,125,-81.8268
3.2,0,0,125,-81.9166
3.225,0,0,125,-81.9996
3.25,0,0,125,-82.0762
3.275,0,0,125,-82.1471
3.3,0,0,125,-82.2125
3.325,0,0,125,-82.273
3.35,0,0,125,-82.3288
3.375,0,0,125,-82.3805
3.4,0,0,125,-82.4281
3.425,0,0,125,-82.4722
3.45,0,0,125,-82.513
3.475,0,0,125,-82.5506
3.5,0,0,125,-82.5854
3.525,0,0,125,-82.6176
3.55,0,0,125,-82.6474
3.575,0,0,125,-82.6749
3.6,0,0,125,-82.7003
3.625,0,0,125,-82.7238
3.65,0,0,125,-82.7456
3.675,0,0,125,-82.7657
3.7,0,0,125,-82.7842
3.725,0,0,125,-82.8014
3.75,0,0,125,-82.8172
3.775,0,0,125,-82.8318
3.8,0,0,125,-82.8453
3.825,0,0,125,-82.8577
3.85,0,0,125,-82.8692
3.875,0,0,125,-82.8797
3.9,0,0,125,-82.8893
3.925,0,0,125,-82.8982
3.95,0,0,125,-82.9062
3.975,0,0,125,-82.9136
4,0,0,125,-82.9203
4.025,0,0,125,-82.9264
4.05,0,0,125,-82.9319
4.075,0,0,125,-82.9368
4.1,0,0,125,-82.9412
4.125,0,0,125,-82.9452
4.15,0,0,125,-82.9486
4.175,0,0,125,-82.9516
4.2,0,0,125,-82.9542
4.225,0,0,125,-82.9564
4.25,0,0,125,-82.9582
4.275,0,0,125,-82.9596
4.3,0,0,125,-82.9607
4.325,0,0,125,-82.9615
4.35,0,0,125,-82.9619
4.375,0,0,125,-82.9621
4.4,0,0,125,-82.9619
4.425,0,0,125,-82.9615
4.45,0,0,125,-82.9609
4.475,0,0,125,-82.96
4.5,0,0,125,-82.9589
4.525,0,0,125,-82.9576
4.55,0,0,125,-82.9561
4.575,0,0,125,-82.9544
4.6,0,0,125,-82.9526
4.625,0,0,125,-82.9506
4.65,0,0,125,-82.9485
4.675,0,0,125,-82.9462
4.7,0,0,125,-82.9439
4.725,0,0,125,-82.9414
4.75,0,0,125,-82.939
4.775,0,0,125,-82.9364
4.8,0,0,125,-82.9339
4.825,0,0,125,-82.9313
4.85,0,0,125,-82.9289
4.875,0,0,125,-82.9265
4.9,0,0,125,-82.9244
4.925,0,0,125,-82.9225
4.95,0,0,125,-82.921
4.975,0,0,125,-82.9199
5,0,0,125,-82.9194
