0,0,0,125,-5.34495
0.025,0,0,125,-5.34938
0.05,0,0,125,-5.35827
0.075,0,0,125,-5.37161
0.1,0,0,125,-5.38945
0.125,0,0,125,-5.41186
0.15,0,0,125,-5.43889
0.175,0,0,125,-5.47057
0.2,0,0,125,-5.50688
0.225,0,0,125,-5.54777
0.25,0,0,125,-5.59316
0.275,0,0,125,-5.64298
0.3,0,0,125,-5.69716
0.325,0,0,125,-5.75562
0.35,0,0,125,-5.81828
0.375,0,0,125,-5.88508
0.4,0,0,125,-5.95593
0.425,0,0,125,-6.03078
0.45,0,0,125,-6.10956
0.475,0,0,125,-6.19223
0.5,0,0,125,-6.27875
0.525,0,0,125,-6.36906
0.55,0,0,125,-6.46313
0.575,0,0,125,-6.56094
0.6,0,0,125,-6.66247
0.625,0,0,125,-6.7677
0.65,0,0,125,-6.87663
0.675,0,0,125,-6.98925
0.7,0,0,125,-7.10558
0.725,0,0,125,-7.22564
0.75,0,0,125,-7.34943
0.775,0,0,125,-7.477
0.8,0,0,125,-7.60838
0.825,0,0,125,-7.74362
0.85,0,0,125,-7.88277
0.875,0,0,125,-8.02588
0.9,0,0,125,-8.17303
0.925,0,0,125,-8.3243
0.95,0,0,125,-8.47975
0.975,0,0,125,-8.6395
1,0,0,125,-8.80363
1.025,0,0,125,-8.97226
1.05,0,0,125,-9.1455
1.075,0,0,125,-9.32347
1.1,0,0,125,-9.50632
1.125,0,0,125,-9.69417
1.15,0,0,125,-9.88719
1.175,0,0,125,-10.0855
1.2,0,0,125,-10.2894
1.225,0,0,125,-10.4989
1.25,0,0,125,-10.7142
1.275,0,0,125,-10.9357
1.3,0,0,125,-11.1633
1.325,0,0,125,-11.3975
1.35,0,0,125,-11.6384
1.375,0,0,125,-11.8862
1.4,0,0,125,-12.1412
1.425,0,0,125,-12.4036
1.45,0,0,125,-12.6738
1.475,0,0,125,-12.952
1.5,0,0,125,-13.2384
1.525,0,0,125,-13.5334
1.55,0,0,125,-13.8372
1.575,0,0,125,-14.1503
1.6,0,0,125,-14.4728
1.625,0,0,125,-14.8052
1.65,0,0,125,-15.1478
1.675,0,0,125,-15.5009
1.7,0,0,125,-15.8649
1.725,0,0,125,-16.2402
1.75,0,0,125,-16.6271
1.775,0,0,125,-17.026
1.8,0,0,125,-17.4373
1.825,0,0,125,-17.8613
1.85,0,0,125,-18.2986
1.875,0,0,125,-18.7494
1.9,0,0,125,-19.2142
1.925,0,0,125,-19.6933
1.95,0,0,125,-20.1873
1.975,0,0,125,-20.6964
2,0,0,125,-21.2212
2.025,0,0,125,-21.762
2.05,0,0,125,-22.3192
2.075,0,0,125,-22.8932
2.1,0,0,125,-23.4845
2.125,0,0,125,-24.0935
2.15,0,0,125,-24.7206
2.175,0,0,125,-25.3662
2.2,0,0,125,-26.0307
2.225,0,0,125,-26.7145
2.25,0,0,125,-27.4181
2.275,0,0,125,-28.1418
2.3,0,0,125,-28.886
2.325,0,0,125,-29.6511
2.35,0,0,125,-30.4375
2.375,0,0,125,-31.2455
2.4,0,0,125,-32.0754
2.425,0,0,125,-32.9275
2.45,0,0,125,-33.802
2.475,0,0,125,-34.6991
2.5,0,0,125,-35.6188
2.525,0,0,125,-36.561
2.55,0,0,125,-37.5257
2.575,0,0,125,-38.5124
2.6,0,0,125,-39.5207
2.625,0,0,125,-40.55
2.65,0,0,125,-41.5994
2.675,0,0,125,-42.6678
2.7,0,0,125,-43.7541
2.725,0,0,125,-44.8566
2.75,0,0,125,-45.9737
2.775,0,0,125,-47.1034
2.8,0,0,125,-48.2436
2.825,0,0,125,-49.3919
2.85,0,0,125,-50.5459
2.875,0,0,125,-51.7028
2.9,0,0,125,-52.8599
2.925,0,0,125,-54.0142
2.95,0,0,125,-55.1629
2.975,0,0,125,-56.303
3,0,0,125,-57.4315
3.025,0,0,125,-58.5456
3.05,0,0,125,-59.6426
3.075,0,0,125,-60.7197
3.1,0,0,125,-61.7745
3.125,0,0,125,-62.8047
3.15,0,0,125,-63.8082
3.175,0,0,125,-64.7832
3.2,0,0,125,-65.7281
3.225,0,0,125,-66.6415
3.25,0,0,125,-67.5223
3.275,0,0,125,-68.3697
3.3,0,0,125,-69.183
3.325,0,0,125,-69.962
3.35,0,0,125,-70.7064
3.375,0,0,125,-71.4164
3.4,0,0,125,-72.0923
3.425,0,0,125,-72.7343
3.45,0,0,125,-73.3433
3.475,0,0,125,-73.9198
3.5,0,0,125,-74.4648
3.525,0,0,125,-74.9792
3.55,0,0,125,-75.464
3.575,0,0,125,-75.9202
3.6,0,0,125,-76.349
3.625,0,0,125,-76.7516
3.65,0,0,125,-77.1291
3.675,0,0,125,-77.4828
3.7,0,0,125,-77.8137
3.725,0,0,125,-78.123
3.75,0,0,125,-78.4119
3.775,0,0,125,-78.6815
3.8,0,0,125,-78.9329
3.825,0,0,125,-79.1671
3.85,0,0,125,-79.3851
3.875,0,0,125,-79.5879
3.9,0,0,125,-79.7764
3.925,0,0,125,-79.9515
3.95,0,0,125,-80.114
3.975,0,0,125,-80.2647
4,0,0,125,-80.4044
4.025,0,0,125,-80.5337
4.05,0,0,125,-80.6534
4.075,0,0,125,-80.7641
4.1,0,0,125,-80.8664
4.125,0,0,125,-80.9608
4.15,0,0,125,-81.0478
4.175,0,0,125,-81.128
4.2,0,0,125,-81.2018
4.225,0,0,125,-81.2696
4.25,0,0,125,-81.3318
4.275,0,0,125,-81.3888
4.3,0,0,125,-81.441
4.325,0,0,125,-81.4886
4.35,0,0,125,-81.5321
4.375,0,0,125,-81.5716
4.4,0,0,125,-81.6075
4.425,0,0,125,-81.64
4.45,0,0,125,-81.6693
4.475,0,0,125,-81.6957
4.5,0,0,125,-81.7193
4.525,0,0,125,-81.7405
4.55,0,0,125,-81.7592
4.575,0,0,125,-81.7758
4.6,0,0,125,-81.7904
4.625,0,0,125,-81.8031
4.65,0,0,125,-81.8141
4.675,0,0,125,-81.8235
4.7,0,0,125,-81.8316
4.725,0,0,125,-81.8383
4.75,0,0,125,-81.8438
4.775,0,0,125,-81.8483
4.8,0,0,125,-81.8518
4.825,0,0,125,-81.8544
4.85,0,0,125,-81.8564
4.875,0,0,125,-81.8577
4.9,0,0,125,-81.8586
4.925,0,0,125,-81.8591
4.95,0,0,125,-81.8593
4.975,0,0,125,-81.8594
5,0,0,125,-81.8595
