0,0,0,125,-64.0869
0.025,0,0,125,-64.0868
0.05,0,0,125,-64.0868
0.075,0,0,125,-64.087
0.1,0,0,125,-64.0877
0.125,0,0,125,-64.0892
0.15,0,0,125,-64.0919
0.175,0,0,125,-64.0961
0.2,0,0,125,-64.1021
0.225,0,0,125,-64.1102
0.25,0,0,125,-64.1208
0.275,0,0,125,-64.134
0.3,0,0,125,-64.1501
0.325,0,0,125,-64.1695
0.35,0,0,125,-64.1925
0.375,0,0,125,-64.2193
0.4,0,0,125,-64.2502
0.425,0,0,125,-64.2855
0.45,0,0,125,-64.3255
0.475,0,0,125,-64.3705
0.5,0,0,125,-64.4208
0.525,0,0,125,-64.4766
0.55,0,0,125,-64.5383
0.575,0,0,125,-64.6061
0.6,0,0,125,-64.6802
0.625,0,0,125,-64.761
0.65,0,0,125,-64.8486
0.675,0,0,125,-64.9433
0.7,0,0,125,-65.0454
0.725,0,0,125,-65.1549
0.75,0,0,125,-65.2722
0.775,0,0,125,-65.3973
0.8,0,0,125,-65.5305
0.825,0,0,125,-65.6718
0.85,0,0,125,-65.8214
0.875,0,0,125,-65.9793
0.9,0,0,125,-66.1457
0.925,0,0,125,-66.3205
0.95,0,0,125,-66.5038
0.975,0,0,125,-66.6955
1,0,0,125,-66.8957
1.025,0,0,125,-67.1042
1.05,0,0,125,-67.3209
1.075,0,0,125,-67.5457
1.1,0,0,125,-67.7785
1.125,0,0,125,-68.019
1.15,0,0,125,-68.2669
1.175,0,0,125,-68.5222
1.2,0,0,125,-68.7844
1.225,0,0,125,-69.0532
1.25,0,0,125,-69.3283
1.275,0,0,125,-69.6093
1.3,0,0,125,-69.8959
1.325,0,0,125,-70.1875
1.35,0,0,125,-70.4837
1.375,0,0,125,-70.784
1.4,0,0,125,-71.088
1.425,0,0,125,-71.3951
1.45,0,0,125,-71.7048
1.475,0,0,125,-72.0165
1.5,0,0,125,-72.3297
1.525,0,0,125,-72.6438
1.55,0,0,125,-72.9583
1.575,0,0,125,-73.2726
1.6,0,0,125,-73.5861
1.625,0,0,125,-73.8983
1.65,0,0,125,-74.2087
1.675,0,0,125,-74.5166
1.7,0,0,125,-74.8215
1.725,0,0,125,-75.1231
1.75,0,0,125,-75.4207
1.775,0,0,125,-75.7139
1.8,0,0,125,-76.0023
1.825,0,0,125,-76.2855
1.85,0,0,125,-76.563
1.875,0,0,125,-76.8346
1.9,0,0,125,-77.1
1.925,0,0,125,-77.3587
1.95,0,0,125,-77.6107
1.975,0,0,125,-77.8557
2,0,0,125,-78.0934
2.025,0,0,125,-78.3238
2.05,0,0,125,-78.5468
2.075,0,0,125,-78.7622
2.1,0,0,125,-78.97
2.125,0,0,125,-79.1702
2.15,0,0,125,-79.3628
2.175,0,0,125,-79.5478
2.2,0,0,125,-79.7253
2.225,0,0,125,-79.8954
2.25,0,0,125,-80.0581
2.275,0,0,125,-80.2137
2.3,0,0,125,-80.3622
2.325,0,0,125,-80.5039
2.35,0,0,125,-80.6388
2.375,0,0,125,-80.7672
2.4,0,0,125,-80.8893
2.425,0,0,125,-81.0053
2.45,0,0,125,-81.1154
2.475,0,0,125,-81.2198
2.5,0,0,125,-81.3188
2.525,0,0,125,-81.4125
2.55,0,0,125,-81.5012
2.575,0,0,125,-81.5851
2.6,0,0,125,-81.6645
2.625,0,0,125,-81.7396
2.65,0,0,125,-81.8105
2.675,0,0,125,-81.8775
2.7,0,0,125,-81.9409
2.725,0,0,125,-82.0007
2.75,0,0,125,-82.0572
2.775,0,0,125,-82.1106
2.8,0,0,125,-82.1611
2.825,0,0,125,-82.2089
2.85,0,0,125,-82.254
2.875,0,0,125,-82.2968
2.9,0,0,125,-82.3372
2.925,0,0,125,-82.3755
2.95,0,0,125,-82.4119
2.975,0,0,125,-82.4463
3,0,0,125,-82.4791
3.025,0,0,125,-82.5102
3.05,0,0,125,-82.5397
3.075,0,0,125,-82.5679
3.1,0,0,125,-82.5947
3.125,0,0,125,-82.6203
3.15,0,0,125,-82.6448
3.175,0,0,125,-82.6681
3.2,0,0,125,-82.6904
3.225,0,0,125,-82.7118
3.25,0,0,125,-82.7323
3.275,0,0,125,-82.752
3.3,0,0,125,-82.7708
3.325,0,0,125,-82.789
3.35,0,0,125,-82.8064
3.375,0,0,125,-82.8232
3.4,0,0,125,-82.8393
3.425,0,0,125,-82.8548
3.45,0,0,125,-82.8698
3.475,0,0,125,-82.8843
3.5,0,0,125,-82.8982
3.525,0,0,125,-82.9116
3.55,0,0,125,-82.9246
3.575,0,0,125,-82.9371
3.6,0,0,125,-82.9491
3.625,0,0,125,-82.9608
3.65,0,0,125,-82.972
3.675,0,0,125,-82.9829
3.7,0,0,125,-82.9933
3.725,0,0,125,-83.0034
3.75,0,0,125,-83.0131
3.775,0,0,125,-83.0225
3.8,0,0,125,-83.0315
3.825,0,0,125,-83.0402
3.85,0,0,125,-83.0486
3.875,0,0,125,-83.0566
3.9,0,0,125,-83.0643
3.925,0,0,125,-83.0717
3.95,0,0,125,-83.0788
3.975,0,0,125,-83.0857
4,0,0,125,-83.0922
4.025,0,0,125,-83.0984
4.05,0,0,125,-83.1044
4.075,0,0,125,-83.1101
4.1,0,0,125,-83.1155
4.125,0,0,125,-83.1207
4.15,0,0,125,-83.1256
4.175,0,0,125,-83.1303
4.2,0,0,125,-83.1347
4.225,0,0,125,-83.1389
4.25,0,0,125,-83.1428
4.275,0,0,125,-83.1466
4.3,0,0,125,-83.1501
4.325,0,0,125,-83.1534
4.35,0,0,125,-83.1565
4.375,0,0,125,-83.1594
4.4,0,0,125,-83.1622
4.425,0,0,125,-83.1647
4.45,0,0,125,-83.1671
4.475,0,0,125,-83.1693
4.5,0,0,125,-83.1713
4.525,0,0,125,-83.1732
4.55,0,0,125,-83.1749
4.575,0,0,125,-83.1765
4.6,0,0,125,-83.178
4.625,0,0,125,-83.1793
4.65,0,0,125,-83.1804
4.675,0,0,125,-83.1815
4.7,0,0,125,-83.1824
4.725,0,0,125,-83.1831
4.75,0,0,125,-83.1838
4.775,0,0,125,-83.1844
4.8,0,0,125,-83.1848
4.825,0,0,125,-83.1852
4.85,0,0,125,-83.1855
4.875,0,0,125,-83.1857
4.9,0,0,125,-83.1858
4.925,0,0,125,-83.1859
4.95,0,0,125,-83.1859
4.975,0,0,125,-83.186
5,0,0,125,-83.186
