0,0,0,125,15.6968
0.025,0,0,125,15.696
0.05,0,0,125,15.6942
0.075,0,0,125,15.6911
0.1,0,0,125,15.6861
0.125,0,0,125,15.6787
0.15,0,0,125,15.6682
0.175,0,0,125,15.6543
0.2,0,0,125,15.6369
0.225,0,0,125,15.616
0.25,0,0,125,15.5918
0.275,0,0,125,15.5643
0.3,0,0,125,15.5337
0.325,0,0,125,15.5002
0.35,0,0,125,15.4639
0.375,0,0,125,15.4248
0.4,0,0,125,15.3833
0.425,0,0,125,15.3393
0.45,0,0,125,15.293
0.475,0,0,125,15.2447
0.5,0,0,125,15.1943
0.525,0,0,125,15.142
0.55,0,0,125,15.088
0.575,0,0,125,15.0323
0.6,0,0,125,14.9751
0.625,0,0,125,14.9165
0.65,0,0,125,14.8565
0.675,0,0,125,14.7954
0.7,0,0,125,14.7331
0.725,0,0,125,14.6698
0.75,0,0,125,14.6055
0.775,0,0,125,14.5404
0.8,0,0,125,14.4745
0.825,0,0,125,14.4078
0.85,0,0,125,14.3405
0.875,0,0,125,14.2726
0.9,0,0,125,14.2041
0.925,0,0,125,14.1351
0.95,0,0,125,14.0657
0.975,0,0,125,13.9959
1,0,0,125,13.9257
1.025,0,0,125,13.8552
1.05,0,0,125,13.7844
1.075,0,0,125,13.7133
1.1,0,0,125,13.642
1.125,0,0,125,13.5705
1.15,0,0,125,13.4988
1.175,0,0,125,13.427
1.2,0,0,125,13.3549
1.225,0,0,125,13.2828
1.25,0,0,125,13.2105
1.275,0,0,125,13.1381
1.3,0,0,125,13.0656
1.325,0,0,125,12.993
1.35,0,0,125,12.9202
1.375,0,0,125,12.8474
1.4,0,0,125,12.7745
1.425,0,0,125,12.7016
1.45,0,0,125,12.6285
1.475,0,0,125,12.5553
1.5,0,0,125,12.4821
1.525,0,0,125,12.4088
1.55,0,0,125,12.3353
1.575,0,0,125,12.2618
1.6,0,0,125,12.1882
1.625,0,0,125,12.1145
1.65,0,0,125,12.0407
1.675,0,0,125,11.9668
1.7,0,0,125,11.8928
1.725,0,0,125,11.8186
1.75,0,0,125,11.7444
1.775,0,0,125,11.67
1.8,0,0,125,11.5956
1.825,0,0,125,11.521
1.85,0,0,125,11.4462
1.875,0,0,125,11.3714
1.9,0,0,125,11.2965
1.925,0,0,125,11.2214
1.95,0,0,125,11.1462
1.975,0,0,125,11.0708
2,0,0,125,10.9954
2.025,0,0,125,10.9198
2.05,0,0,125,10.8442
2.075,0,0,125,10.7684
2.1,0,0,125,10.6925
2.125,0,0,125,10.6165
2.15,0,0,125,10.5404
2.175,0,0,125,10.4642
2.2,0,0,125,10.3879
2.225,0,0,125,10.3115
2.25,0,0,125,10.2351
2.275,0,0,125,10.1586
2.3,0,0,125,10.0821
2.325,0,0,125,10.0055
2.35,0,0,125,9.92888
2.375,0,0,125,9.85226
2.4,0,0,125,9.77563
2.425,0,0,125,9.69901
2.45,0,0,125,9.62241
2.475,0,0,125,9.54586
2.5,0,0,125,9.46935
2.525,0,0,125,9.39292
2.55,0,0,125,9.31658
2.575,0,0,125,9.24035
2.6,0,0,125,9.16424
2.625,0,0,125,9.08828
2.65,0,0,125,9.01249
2.675,0,0,125,8.93688
2.7,0,0,125,8.86149
2.725,0,0,125,8.78633
2.75,0,0,125,8.71143
2.775,0,0,125,8.63681
2.8,0,0,125,8.56249
2.825,0,0,125,8.48851
2.85,0,0,125,8.41489
2.875,0,0,125,8.34166
2.9,0,0,125,8.26884
2.925,0,0,125,8.19647
2.95,0,0,125,8.12457
2.975,0,0,125,8.05318
3,0,0,125,7.98233
3.025,0,0,125,7.91205
3.05,0,0,125,7.84238
3.075,0,0,125,7.77334
3.1,0,0,125,7.70498
3.125,0,0,125,7.63732
3.15,0,0,125,7.57042
3.175,0,0,125,7.5043
3.2,0,0,125,7.439
3.225,0,0,125,7.37457
3.25,0,0,125,7.31104
3.275,0,0,125,7.24846
3.3,0,0,125,7.18687
3.325,0,0,125,7.12631
3.35,0,0,125,7.06684
3.375,0,0,125,7.00849
3.4,0,0,125,6.95132
3.425,0,0,125,6.89538
3.45,0,0,125,6.84072
3.475,0,0,125,6.78739
3.5,0,0,125,6.73546
3.525,0,0,125,6.68499
3.55,0,0,125,6.63603
3.575,0,0,125,6.58866
3.6,0,0,125,6.54296
3.625,0,0,125,6.499
3.65,0,0,125,6.45687
3.675,0,0,125,6.41667
3.7,0,0,125,6.37851
3.725,0,0,125,6.3425
3.75,0,0,125,6.30877
3.775,0,0,125,6.27747
3.8,0,0,125,6.24877
3.825,0,0,125,6.22285
3.85,0,0,125,6.19991
3.875,0,0,125,6.18019
3.9,0,0,125,6.16396
3.925,0,0,125,6.1515
3.95,0,0,125,6.14314
3.975,0,0,125,6.13926
4,0,0,125,6.14025
4.025,0,0,125,6.14655
4.05,0,0,125,6.15866
4.075,0,0,125,6.17709
4.1,0,0,125,6.20241
4.125,0,0,125,6.23523
4.15,0,0,125,6.27618
4.175,0,0,125,6.32591
4.2,0,0,125,6.3851
4.225,0,0,125,6.45442
4.25,0,0,125,6.53454
4.275,0,0,125,6.6261
4.3,0,0,125,6.72969
4.325,0,0,125,6.84584
4.35,0,0,125,6.97498
4.375,0,0,125,7.11743
4.4,0,0,125,7.27336
4.425,0,0,125,7.44278
4.45,0,0,125,7.62549
4.475,0,0,125,7.82109
4.5,0,0,125,8.02892
4.525,0,0,125,8.24807
4.55,0,0,125,8.47734
4.575,0,0,125,8.71526
4.6,0,0,125,8.96009
4.625,0,0,125,9.2098
4.65,0,0,125,9.46213
4.675,0,0,125,9.71459
4.7,0,0,125,9.9645
4.725,0,0,125,10.2091
4.75,0,0,125,10.4454
4.775,0,0,125,10.6707
4.8,0,0,125,10.882
4.825,0,0,125,11.0769
4.85,0,0,125,11.2527
4.875,0,0,125,11.4075
4.9,0,0,125,11.5393
4.925,0,0,125,11.6467
4.95,0,0,125,11.7283
4.975,0,0,125,11.7833
5,0,0,125,11.8109
