0,0,0,125,-84.1688
0.025,0,0,125,-84.1689
0.05,0,0,125,-84.1691
0.075,0,0,125,-84.1694
0.1,0,0,125,-84.1699
0.125,0,0,125,-84.1703
0.15,0,0,125,-84.1708
0.175,0,0,125,-84.1714
0.2,0,0,125,-84.172
0.225,0,0,125,-84.1725
0.25,0,0,125,-84.1731
0.275,0,0,125,-84.1737
0.3,0,0,125,-84.1743
0.325,0,0,125,-84.1749
0.35,0,0,125,-84.1756
0.375,0,0,125,-84.1762
0.4,0,0,125,-84.1768
0.425,0,0,125,-84.1773
0.45,0,0,125,-84.1779
0.475,0,0,125,-84.1785
0.5,0,0,125,-84.179
0.525,0,0,125,-84.1795
0.55,0,0,125,-84.18
0.575,0,0,125,-84.1805
0.6,0,0,125,-84.181
0.625,0,0,125,-84.1815
0.65,0,0,125,-84.1819
0.675,0,0,125,-84.1824
0.7,0,0,125,-84.1829
0.725,0,0,125,-84.1833
0.75,0,0,125,-84.1838
0.775,0,0,125,-84.1843
0.8,0,0,125,-84.1847
0.825,0,0,125,-84.1852
0.85,0,0,125,-84.1857
0.875,0,0,125,-84.1863
0.9,0,0,125,-84.1868
0.925,0,0,125,-84.1873
0.95,0,0,125,-84.1878
0.975,0,0,125,-84.1884
1,0,0,125,-84.189
1.025,0,0,125,-84.1895
1.05,0,0,125,-84.1901
1.075,0,0,125,-84.1907
1.1,0,0,125,-84.1913
1.125,0,0,125,-84.1919
1.15,0,0,125,-84.1925
1.175,0,0,125,-84.1932
1.2,0,0,125,-84.1938
1.225,0,0,125,-84.1944
1.25,0,0,125,-84.1951
1.275,0,0,125,-84.1958
1.3,0,0,125,-84.1964
1.325,0,0,125,-84.1971
1.35,0,0,125,-84.1978
1.375,0,0,125,-84.1985
1.4,0,0,125,-84.1992
1.425,0,0,125,-84.1999
1.45,0,0,125,-84.2007
1.475,0,0,125,-84.2014
1.5,0,0,125,-84.2022
1.525,0,0,125,-84.2029
1.55,0,0,125,-84.2037
1.575,0,0,125,-84.2045
1.6,0,0,125,-84.2053
1.625,0,0,125,-84.2061
1.65,0,0,125,-84.2069
1.675,0,0,125,-84.2077
1.7,0,0,125,-84.2085
1.725,0,0,125,-84.2094
1.75,0,0,125,-84.2103
1.775,0,0,125,-84.2112
1.8,0,0,125,-84.2122
1.825,0,0,125,-84.2132
1.85,0,0,125,-84.2142
1.875,0,0,125,-84.2153
1.9,0,0,125,-84.2164
1.925,0,0,125,-84.2175
1.95,0,0,125,-84.2187
1.975,0,0,125,-84.2199
2,0,0,125,-84.2211
2.025,0,0,125,-84.2224
2.05,0,0,125,-84.2236
2.075,0,0,125,-84.2249
2.1,0,0,125,-84.2262
2.125,0,0,125,-84.2275
2.15,0,0,125,-84.2288
2.175,0,0,125,-84.2302
2.2,0,0,125,-84.2315
2.225,0,0,125,-84.2329
2.25,0,0,125,-84.2343
2.275,0,0,125,-84.2358
2.3,0,0,125,-84.2373
2.325,0,0,125,-84.2388
2.35,0,0,125,-84.2404
2.375,0,0,125,-84.242
2.4,0,0,125,-84.2436
2.425,0,0,125,-84.2453
2.45,0,0,125,-84.247
2.475,0,0,125,-84.2488
2.5,0,0,125,-84.2506
2.525,0,0,125,-84.2524
2.55,0,0,125,-84.2543
2.575,0,0,125,-84.2562
2.6,0,0,125,-84.2581
2.625,0,0,125,-84.2601
2.65,0,0,125,-84.2621
2.675,0,0,125,-84.2641
2.7,0,0,125,-84.2661
2.725,0,0,125,-84.2682
2.75,0,0,125,-84.2702
2.775,0,0,125,-84.2723
2.8,0,0,125,-84.2744
2.825,0,0,125,-84.2765
2.85,0,0,125,-84.2786
2.875,0,0,125,-84.2807
2.9,0,0,125,-84.2828
2.925,0,0,125,-84.2849
2.95,0,0,125,-84.287
2.975,0,0,125,-84.2892
3,0,0,125,-84.2913
3.025,0,0,125,-84.2935
3.05,0,0,125,-84.2957
3.075,0,0,125,-84.2978
3.1,0,0,125,-84.3
3.125,0,0,125,-84.3022
3.15,0,0,125,-84.3044
3.175,0,0,125,-84.3067
3.2,0,0,125,-84.3089
3.225,0,0,125,-84.3111
3.25,0,0,125,-84.3132
3.275,0,0,125,-84.3154
3.3,0,0,125,-84.3174
3.325,0,0,125,-84.3195
3.35,0,0,125,-84.3215
3.375,0,0,125,-84.3235
3.4,0,0,125,-84.3255
3.425,0,0,125,-84.3274
3.45,0,0,125,-84.3293
3.475,0,0,125,-84.3311
3.5,0,0,125,-84.3329
3.525,0,0,125,-84.3347
3.55,0,0,125,-84.3364
3.575,0,0,125,-84.3381
3.6,0,0,125,-84.3398
3.625,0,0,125,-84.3414
3.65,0,0,125,-84.343
3.675,0,0,125,-84.3445
3.7,0,0,125,-84.3461
3.725,0,0,125,-84.3475
3.75,0,0,125,-84.349
3.775,0,0,125,-84.3504
3.8,0,0,125,-84.3518
3.825,0,0,125,-84.3531
3.85,0,0,125,-84.3544
3.875,0,0,125,-84.3557
3.9,0,0,125,-84.3569
3.925,0,0,125,-84.3581
3.95,0,0,125,-84.3592
3.975,0,0,125,-84.3603
4,0,0,125,-84.3614
4.025,0,0,125,-84.3624
4.05,0,0,125,-84.3634
4.075,0,0,125,-84.3644
4.1,0,0,125,-84.3653
4.125,0,0,125,-84.3662
4.15,0,0,125,-84.367
4.175,0,0,125,-84.3678
4.2,0,0,125,-84.3686
4.225,0,0,125,-84.3693
4.25,0,0,125,-84.37
4.275,0,0,125,-84.3707
4.3,0,0,125,-84.3713
4.325,0,0,125,-84.3719
4.35,0,0,125,-84.3724
4.375,0,0,125,-84.3729
4.4,0,0,125,-84.3733
4.425,0,0,125,-84.3738
4.45,0,0,125,-84.3741
4.475,0,0,125,-84.3745
4.5,0,0,125,-84.3748
4.525,0,0,125,-84.3751
4.55,0,0,125,-84.3753
4.575,0,0,125,-84.3756
4.6,0,0,125,-84.3758
4.625,0,0,125,-84.3761
4.65,0,0,125,-84.3763
4.675,0,0,125,-84.3765
4.7,0,0,125,-84.3766
4.725,0,0,125,-84.3768
4.75,0,0,125,-84.3769
4.775,0,0,125,-84.3771
4.8,0,0,125,-84.3772
4.825,0,0,125,-84.3773
4.85,0,0,125,-84.3774
4.875,0,0,125,-84.3774
4.9,0,0,125,-84.3775
4.925,0,0,125,-84.3775
4.95,0,0,125,-84.3775
4.975,0,0,125,-84.3775
5,0,0,125,-84.3775
