0,0,0,125,-78.864
0.025,0,0,125,-78.8579
0.05,0,0,125,-78.8456
0.075,0,0,125,-78.827
0.1,0,0,125,-78.8018
0.125,0,0,125,-78.7696
0.15,0,0,125,-78.7302
0.175,0,0,125,-78.6828
0.2,0,0,125,-78.6266
0.225,0,0,125,-78.5609
0.25,0,0,125,-78.4847
0.275,0,0,125,-78.3972
0.3,0,0,125,-78.2973
0.325,0,0,125,-78.184
0.35,0,0,125,-78.0563
0.375,0,0,125,-77.913
0.4,0,0,125,-77.7532
0.425,0,0,125,-77.5755
0.45,0,0,125,-77.3787
0.475,0,0,125,-77.1615
0.5,0,0,125,-76.9225
0.525,0,0,125,-76.6603
0.55,0,0,125,-76.3735
0.575,0,0,125,-76.0603
0.6,0,0,125,-75.7193
0.625,0,0,125,-75.3487
0.65,0,0,125,-74.9469
0.675,0,0,125,-74.512
0.7,0,0,125,-74.0423
0.725,0,0,125,-73.536
0.75,0,0,125,-72.9914
0.775,0,0,125,-72.4065
0.8,0,0,125,-71.7799
0.825,0,0,125,-71.1097
0.85,0,0,125,-70.3944
0.875,0,0,125,-69.6327
0.9,0,0,125,-68.8233
0.925,0,0,125,-67.9652
0.95,0,0,125,-67.0576
0.975,0,0,125,-66.0999
1,0,0,125,-65.092
1.025,0,0,125,-64.0341
1.05,0,0,125,-62.9266
1.075,0,0,125,-61.7706
1.1,0,0,125,-60.5673
1.125,0,0,125,-59.3187
1.15,0,0,125,-58.0269
1.175,0,0,125,-56.6947
1.2,0,0,125,-55.3251
1.225,0,0,125,-53.9216
1.25,0,0,125,-52.488
1.275,0,0,125,-51.0285
1.3,0,0,125,-49.5473
1.325,0,0,125,-48.0488
1.35,0,0,125,-46.5375
1.375,0,0,125,-45.018
1.4,0,0,125,-43.4946
1.425,0,0,125,-41.9716
1.45,0,0,125,-40.4528
1.475,0,0,125,-38.9421
1.5,0,0,125,-37.4429
1.525,0,0,125,-35.9581
1.55,0,0,125,-34.4906
1.575,0,0,125,-33.0427
1.6,0,0,125,-31.6167
1.625,0,0,125,-30.2143
1.65,0,0,125,-28.8374
1.675,0,0,125,-27.4874
1.7,0,0,125,-26.1656
1.725,0,0,125,-24.8734
1.75,0,0,125,-23.6117
1.775,0,0,125,-22.3815
1.8,0,0,125,-21.1836
1.825,0,0,125,-20.0187
1.85,0,0,125,-18.8874
1.875,0,0,125,-17.7899
1.9,0,0,125,-16.7266
1.925,0,0,125,-15.6975
1.95,0,0,125,-14.7026
1.975,0,0,125,-13.7416
2,0,0,125,-12.8143
2.025,0,0,125,-11.9203
2.05,0,0,125,-11.0591
2.075,0,0,125,-10.2299
2.1,0,0,125,-9.4323
2.125,0,0,125,-8.66537
2.15,0,0,125,-7.92836
2.175,0,0,125,-7.22043
2.2,0,0,125,-6.5407
2.225,0,0,125,-5.88827
2.25,0,0,125,-5.26223
2.275,0,0,125,-4.66165
2.3,0,0,125,-4.08561
2.325,0,0,125,-3.53318
2.35,0,0,125,-3.00347
2.375,0,0,125,-2.49556
2.4,0,0,125,-2.00859
2.425,0,0,125,-1.54168
2.45,0,0,125,-1.094
2.475,0,0,125,-0.664732
2.5,0,0,125,-0.253095
2.525,0,0,125,0.141675
2.55,0,0,125,0.520314
2.575,0,0,125,0.883524
2.6,0,0,125,1.23199
2.625,0,0,125,1.56635
2.65,0,0,125,1.88723
2.675,0,0,125,2.19523
2.7,0,0,125,2.49092
2.725,0,0,125,2.77482
2.75,0,0,125,3.04748
2.775,0,0,125,3.30936
2.8,0,0,125,3.56094
2.825,0,0,125,3.80267
2.85,0,0,125,4.03497
2.875,0,0,125,4.25824
2.9,0,0,125,4.47286
2.925,0,0,125,4.67919
2.95,0,0,125,4.87759
2.975,0,0,125,5.06837
3,0,0,125,5.25185
3.025,0,0,125,5.42832
3.05,0,0,125,5.59807
3.075,0,0,125,5.76135
3.1,0,0,125,5.91843
3.125,0,0,125,6.06954
3.15,0,0,125,6.21491
3.175,0,0,125,6.35475
3.2,0,0,125,6.48928
3.225,0,0,125,6.61869
3.25,0,0,125,6.74317
3.275,0,0,125,6.8629
3.3,0,0,125,6.97804
3.325,0,0,125,7.08875
3.35,0,0,125,7.1952
3.375,0,0,125,7.29753
3.4,0,0,125,7.39588
3.425,0,0,125,7.49039
3.45,0,0,125,7.58118
3.475,0,0,125,7.66837
3.5,0,0,125,7.7521
3.525,0,0,125,7.83246
3.55,0,0,125,7.90957
3.575,0,0,125,7.98354
3.6,0,0,125,8.05446
3.625,0,0,125,8.12243
3.65,0,0,125,8.18754
3.675,0,0,125,8.2499
3.7,0,0,125,8.30957
3.725,0,0,125,8.36664
3.75,0,0,125,8.42121
3.775,0,0,125,8.47334
3.8,0,0,125,8.52311
3.825,0,0,125,8.5706
3.85,0,0,125,8.61587
3.875,0,0,125,8.65901
3.9,0,0,125,8.70007
3.925,0,0,125,8.73913
3.95,0,0,125,8.77625
3.975,0,0,125,8.81148
4,0,0,125,8.84491
4.025,0,0,125,8.87658
4.05,0,0,125,8.90655
4.075,0,0,125,8.93489
4.1,0,0,125,8.96164
4.125,0,0,125,8.98687
4.15,0,0,125,9.01063
4.175,0,0,125,9.03297
4.2,0,0,125,9.05395
4.225,0,0,125,9.07361
4.25,0,0,125,9.09201
4.275,0,0,125,9.1092
4.3,0,0,125,9.12521
4.325,0,0,125,9.14011
4.35,0,0,125,9.15392
4.375,0,0,125,9.1667
4.4,0,0,125,9.17848
4.425,0,0,125,9.18932
4.45,0,0,125,9.19923
4.475,0,0,125,9.20827
4.5,0,0,125,9.21645
4.525,0,0,125,9.22383
4.55,0,0,125,9.23043
4.575,0,0,125,9.23627
4.6,0,0,125,9.2414
4.625,0,0,125,9.24582
4.65,0,0,125,9.24957
4.675,0,0,125,9.25268
4.7,0,0,125,9.25517
4.725,0,0,125,9.25706
4.75,0,0,125,9.25838
4.775,0,0,125,9.25918
4.8,0,0,125,9.25948
4.825,0,0,125,9.25934
4.85,0,0,125,9.25883
4.875,0,0,125,9.25802
4.9,0,0,125,9.25706
4.925,0,0,125,9.25608
4.95,0,0,125,9.25523
4.975,0,0,125,9.2546
5,0,0,125,9.25428
