0,0,0,125,16.3352
0.025,0,0,125,16.3358
0.05,0,0,125,16.3369
0.075,0,0,125,16.338
0.1,0,0,125,16.3387
0.125,0,0,125,16.3385
0.15,0,0,125,16.3366
0.175,0,0,125,16.3329
0.2,0,0,125,16.3271
0.225,0,0,125,16.3191
0.25,0,0,125,16.309
0.275,0,0,125,16.2969
0.3,0,0,125,16.2828
0.325,0,0,125,16.2667
0.35,0,0,125,16.2487
0.375,0,0,125,16.2289
0.4,0,0,125,16.2074
0.425,0,0,125,16.1841
0.45,0,0,125,16.1593
0.475,0,0,125,16.133
0.5,0,0,125,16.1052
0.525,0,0,125,16.076
0.55,0,0,125,16.0455
0.575,0,0,125,16.0137
0.6,0,0,125,15.9807
0.625,0,0,125,15.9467
0.65,0,0,125,15.9116
0.675,0,0,125,15.8754
0.7,0,0,125,15.8384
0.725,0,0,125,15.8004
0.75,0,0,125,15.7616
0.775,0,0,125,15.722
0.8,0,0,125,15.6817
0.825,0,0,125,15.6407
0.85,0,0,125,15.599
0.875,0,0,125,15.5567
0.9,0,0,125,15.5138
0.925,0,0,125,15.4703
0.95,0,0,125,15.4263
0.975,0,0,125,15.3818
1,0,0,125,15.3369
1.025,0,0,125,15.2915
1.05,0,0,125,15.2457
1.075,0,0,125,15.1994
1.1,0,0,125,15.1528
1.125,0,0,125,15.1058
1.15,0,0,125,15.0584
1.175,0,0,125,15.0107
1.2,0,0,125,14.9627
1.225,0,0,125,14.9143
1.25,0,0,125,14.8656
1.275,0,0,125,14.8165
1.3,0,0,125,14.7672
1.325,0,0,125,14.7175
1.35,0,0,125,14.6676
1.375,0,0,125,14.6173
1.4,0,0,125,14.5667
1.425,0,0,125,14.5158
1.45,0,0,125,14.4647
1.475,0,0,125,14.4132
1.5,0,0,125,14.3614
1.525,0,0,125,14.3092
1.55,0,0,125,14.2568
1.575,0,0,125,14.2041
1.6,0,0,125,14.151
1.625,0,0,125,14.0976
1.65,0,0,125,14.0438
1.675,0,0,125,13.9898
1.7,0,0,125,13.9354
1.725,0,0,125,13.8806
1.75,0,0,125,13.8255
1.775,0,0,125,13.77
1.8,0,0,125,13.7142
1.825,0,0,125,13.658
1.85,0,0,125,13.6014
1.875,0,0,125,13.5445
1.9,0,0,125,13.4872
1.925,0,0,125,13.4294
1.95,0,0,125,13.3713
1.975,0,0,125,13.3129
2,0,0,125,13.254
2.025,0,0,125,13.1947
2.05,0,0,125,13.135
2.075,0,0,125,13.0749
2.1,0,0,125,13.0143
2.125,0,0,125,12.9534
2.15,0,0,125,12.8921
2.175,0,0,125,12.8303
2.2,0,0,125,12.7681
2.225,0,0,125,12.7055
2.25,0,0,125,12.6425
2.275,0,0,125,12.579
2.3,0,0,125,12.5151
2.325,0,0,125,12.4508
2.35,0,0,125,12.3861
2.375,0,0,125,12.321
2.4,0,0,125,12.2555
2.425,0,0,125,12.1895
2.45,0,0,125,12.1231
2.475,0,0,125,12.0563
2.5,0,0,125,11.9891
2.525,0,0,125,11.9215
2.55,0,0,125,11.8535
2.575,0,0,125,11.7852
2.6,0,0,125,11.7164
2.625,0,0,125,11.6472
2.65,0,0,125,11.5777
2.675,0,0,125,11.5078
2.7,0,0,125,11.4375
2.725,0,0,125,11.3669
2.75,0,0,125,11.2959
2.775,0,0,125,11.2246
2.8,0,0,125,11.153
2.825,0,0,125,11.081
2.85,0,0,125,11.0088
2.875,0,0,125,10.9362
2.9,0,0,125,10.8633
2.925,0,0,125,10.7902
2.95,0,0,125,10.7168
2.975,0,0,125,10.6432
3,0,0,125,10.5693
3.025,0,0,125,10.4952
3.05,0,0,125,10.421
3.075,0,0,125,10.3465
3.1,0,0,125,10.2719
3.125,0,0,125,10.1971
3.15,0,0,125,10.1222
3.175,0,0,125,10.0473
3.2,0,0,125,9.97221
3.225,0,0,125,9.89712
3.25,0,0,125,9.82203
3.275,0,0,125,9.74695
3.3,0,0,125,9.67193
3.325,0,0,125,9.597
3.35,0,0,125,9.52221
3.375,0,0,125,9.44759
3.4,0,0,125,9.3732
3.425,0,0,125,9.29909
3.45,0,0,125,9.22531
3.475,0,0,125,9.15192
3.5,0,0,125,9.079
3.525,0,0,125,9.0066
3.55,0,0,125,8.93481
3.575,0,0,125,8.86371
3.6,0,0,125,8.79338
3.625,0,0,125,8.72392
3.65,0,0,125,8.65543
3.675,0,0,125,8.58801
3.7,0,0,125,8.52178
3.725,0,0,125,8.45685
3.75,0,0,125,8.39335
3.775,0,0,125,8.33141
3.8,0,0,125,8.27117
3.825,0,0,125,8.21276
3.85,0,0,125,8.15633
3.875,0,0,125,8.10203
3.9,0,0,125,8.05001
3.925,0,0,125,8.00041
3.95,0,0,125,7.95339
3.975,0,0,125,7.90909
4,0,0,125,7.86767
4.025,0,0,125,7.82926
4.05,0,0,125,7.79399
4.075,0,0,125,7.76199
4.1,0,0,125,7.73336
4.125,0,0,125,7.7082
4.15,0,0,125,7.6866
4.175,0,0,125,7.66862
4.2,0,0,125,7.65429
4.225,0,0,125,7.64363
4.25,0,0,125,7.63663
4.275,0,0,125,7.63325
4.3,0,0,125,7.63343
4.325,0,0,125,7.63707
4.35,0,0,125,7.64403
4.375,0,0,125,7.65415
4.4,0,0,125,7.66722
4.425,0,0,125,7.68303
4.45,0,0,125,7.70129
4.475,0,0,125,7.72172
4.5,0,0,125,7.74399
4.525,0,0,125,7.76775
4.55,0,0,125,7.79262
4.575,0,0,125,7.81821
4.6,0,0,125,7.84413
4.625,0,0,125,7.86996
4.65,0,0,125,7.8953
4.675,0,0,125,7.91978
4.7,0,0,125,7.94302
4.725,0,0,125,7.96471
4.75,0,0,125,7.98456
4.775,0,0,125,8.00235
4.8,0,0,125,8.01796
4.825,0,0,125,8.03131
4.85,0,0,125,8.04245
4.875,0,0,125,8.05147
4.9,0,0,125,8.05857
4.925,0,0,125,8.06396
4.95,0,0,125,8.06782
4.975,0,0,125,8.07033
5,0,0,125,8.07156
