0,0,0,125,-1.0084
0.025,0,0,125,-1.00423
0.05,0,0,125,-0.996039
0.075,0,0,125,-0.984164
0.1,0,0,125,-0.969096
0.125,0,0,125,-0.951416
0.15,0,0,125,-0.931684
0.175,0,0,125,-0.91038
0.2,0,0,125,-0.887827
0.225,0,0,125,-0.864255
0.25,0,0,125,-0.839867
0.275,0,0,125,-0.814828
0.3,0,0,125,-0.789312
0.325,0,0,125,-0.763465
0.35,0,0,125,-0.737429
0.375,0,0,125,-0.711343
0.4,0,0,125,-0.685339
0.425,0,0,125,-0.659536
0.45,0,0,125,-0.634045
0.475,0,0,125,-0.608985
0.5,0,0,125,-0.584462
0.525,0,0,125,-0.560582
0.55,0,0,125,-0.537445
0.575,0,0,125,-0.515145
0.6,0,0,125,-0.493774
0.625,0,0,125,-0.473422
0.65,0,0,125,-0.454179
0.675,0,0,125,-0.436136
0.7,0,0,125,-0.419381
0.725,0,0,125,-0.404001
0.75,0,0,125,-0.39008
0.775,0,0,125,-0.377704
0.8,0,0,125,-0.366957
0.825,0,0,125,-0.357929
0.85,0,0,125,-0.350708
0.875,0,0,125,-0.345382
0.9,0,0,125,-0.34204
0.925,0,0,125,-0.340774
0.95,0,0,125,-0.341673
0.975,0,0,125,-0.344828
1,0,0,125,-0.350332
1.025,0,0,125,-0.358283
1.05,0,0,125,-0.368775
1.075,0,0,125,-0.381908
1.1,0,0,125,-0.397787
1.125,0,0,125,-0.41651
1.15,0,0,125,-0.438182
1.175,0,0,125,-0.462915
1.2,0,0,125,-0.490812
1.225,0,0,125,-0.521987
1.25,0,0,125,-0.55655
1.275,0,0,125,-0.594619
1.3,0,0,125,-0.636307
1.325,0,0,125,-0.681736
1.35,0,0,125,-0.731022
1.375,0,0,125,-0.784295
1.4,0,0,125,-0.841671
1.425,0,0,125,-0.903272
1.45,0,0,125,-0.969228
1.475,0,0,125,-1.03967
1.5,0,0,125,-1.1147
1.525,0,0,125,-1.19447
1.55,0,0,125,-1.2791
1.575,0,0,125,-1.36871
1.6,0,0,125,-1.46345
1.625,0,0,125,-1.56343
1.65,0,0,125,-1.66879
1.675,0,0,125,-1.77965
1.7,0,0,125,-1.89615
1.725,0,0,125,-2.01842
1.75,0,0,125,-2.14659
1.775,0,0,125,-2.28079
1.8,0,0,125,-2.42117
1.825,0,0,125,-2.56785
1.85,0,0,125,-2.72099
1.875,0,0,125,-2.88073
1.9,0,0,125,-3.04722
1.925,0,0,125,-3.22061
1.95,0,0,125,-3.40106
1.975,0,0,125,-3.58874
2,0,0,125,-3.78383
2.025,0,0,125,-3.9865
2.05,0,0,125,-4.19694
2.075,0,0,125,-4.41535
2.1,0,0,125,-4.64194
2.125,0,0,125,-4.87692
2.15,0,0,125,-5.12053
2.175,0,0,125,-5.37299
2.2,0,0,125,-5.63457
2.225,0,0,125,-5.90552
2.25,0,0,125,-6.18611
2.275,0,0,125,-6.47664
2.3,0,0,125,-6.7774
2.325,0,0,125,-7.0887
2.35,0,0,125,-7.41087
2.375,0,0,125,-7.74423
2.4,0,0,125,-8.08914
2.425,0,0,125,-8.44594
2.45,0,0,125,-8.81502
2.475,0,0,125,-9.19673
2.5,0,0,125,-9.59147
2.525,0,0,125,-9.99962
2.55,0,0,125,-10.4216
2.575,0,0,125,-10.8577
2.6,0,0,125,-11.3085
2.625,0,0,125,-11.7743
2.65,0,0,125,-12.2555
2.675,0,0,125,-12.7525
2.7,0,0,125,-13.2656
2.725,0,0,125,-13.7953
2.75,0,0,125,-14.342
2.775,0,0,125,-14.9058
2.8,0,0,125,-15.4873
2.825,0,0,125,-16.0866
2.85,0,0,125,-16.7041
2.875,0,0,125,-17.34
2.9,0,0,125,-17.9945
2.925,0,0,125,-18.6678
2.95,0,0,125,-19.36
2.975,0,0,125,-20.0713
3,0,0,125,-20.8016
3.025,0,0,125,-21.5511
3.05,0,0,125,-22.3198
3.075,0,0,125,-23.1076
3.1,0,0,125,-23.9143
3.125,0,0,125,-24.74
3.15,0,0,125,-25.5844
3.175,0,0,125,-26.4474
3.2,0,0,125,-27.3288
3.225,0,0,125,-28.2282
3.25,0,0,125,-29.1455
3.275,0,0,125,-30.0804
3.3,0,0,125,-31.0324
3.325,0,0,125,-32.0011
3.35,0,0,125,-32.9862
3.375,0,0,125,-33.987
3.4,0,0,125,-35.0029
3.425,0,0,125,-36.0333
3.45,0,0,125,-37.0771
3.475,0,0,125,-38.1335
3.5,0,0,125,-39.2012
3.525,0,0,125,-40.2791
3.55,0,0,125,-41.3656
3.575,0,0,125,-42.4592
3.6,0,0,125,-43.558
3.625,0,0,125,-44.6602
3.65,0,0,125,-45.7637
3.675,0,0,125,-46.8664
3.7,0,0,125,-47.9661
3.725,0,0,125,-49.0604
3.75,0,0,125,-50.1471
3.775,0,0,125,-51.2238
3.8,0,0,125,-52.2882
3.825,0,0,125,-53.3381
3.85,0,0,125,-54.3713
3.875,0,0,125,-55.3856
3.9,0,0,125,-56.3793
3.925,0,0,125,-57.3505
3.95,0,0,125,-58.2976
3.975,0,0,125,-59.219
4,0,0,125,-60.1136
4.025,0,0,125,-60.9803
4.05,0,0,125,-61.8181
4.075,0,0,125,-62.6263
4.1,0,0,125,-63.4044
4.125,0,0,125,-64.1521
4.15,0,0,125,-64.8691
4.175,0,0,125,-65.5555
4.2,0,0,125,-66.2112
4.225,0,0,125,-66.8366
4.25,0,0,125,-67.432
4.275,0,0,125,-67.9979
4.3,0,0,125,-68.5347
4.325,0,0,125,-69.0432
4.35,0,0,125,-69.524
4.375,0,0,125,-69.9778
4.4,0,0,125,-70.4054
4.425,0,0,125,-70.8077
4.45,0,0,125,-71.1854
4.475,0,0,125,-71.5394
4.5,0,0,125,-71.8706
4.525,0,0,125,-72.1798
4.55,0,0,125,-72.4677
4.575,0,0,125,-72.7353
4.6,0,0,125,-72.9833
4.625,0,0,125,-73.2124
4.65,0,0,125,-73.4235
4.675,0,0,125,-73.6171
4.7,0,0,125,-73.7941
4.725,0,0,125,-73.955
4.75,0,0,125,-74.1003
4.775,0,0,125,-74.2308
4.8,0,0,125,-74.3467
4.825,0,0,125,-74.4486
4.85,0,0,125,-74.5369
4.875,0,0,125,-74.612
4.9,0,0,125,-74.6741
4.925,0,0,125,-74.7234
4.95,0,0,125,-74.7603
4.975,0,0,125,-74.7848
5,0,0,125,-74.797
