0,0,0,125,-84.1554
0.025,0,0,125,-84.1555
0.05,0,0,125,-84.1557
0.075,0,0,125,-84.1561
0.1,0,0,125,-84.1565
0.125,0,0,125,-84.157
0.15,0,0,125,-84.1576
0.175,0,0,125,-84.1581
0.2,0,0,125,-84.1587
0.225,0,0,125,-84.1593
0.25,0,0,125,-84.1599
0.275,0,0,125,-84.1606
0.3,0,0,125,-84.1612
0.325,0,0,125,-84.1618
0.35,0,0,125,-84.1625
0.375,0,0,125,-84.1631
0.4,0,0,125,-84.1637
0.425,0,0,125,-84.1643
0.45,0,0,125,-84.1649
0.475,0,0,125,-84.1655
0.5,0,0,125,-84.1661
0.525,0,0,125,-84.1666
0.55,0,0,125,-84.1671
0.575,0,0,125,-84.1677
0.6,0,0,125,-84.1681
0.625,0,0,125,-84.1686
0.65,0,0,125,-84.1691
0.675,0,0,125,-84.1696
0.7,0,0,125,-84.1701
0.725,0,0,125,-84.1705
0.75,0,0,125,-84.171
0.775,0,0,125,-84.1715
0.8,0,0,125,-84.172
0.825,0,0,125,-84.1725
0.85,0,0,125,-84.173
0.875,0,0,125,-84.1736
0.9,0,0,125,-84.1741
0.925,0,0,125,-84.1747
0.95,0,0,125,-84.1752
0.975,0,0,125,-84.1758
1,0,0,125,-84.1763
1.025,0,0,125,-84.1769
1.05,0,0,125,-84.1775
1.075,0,0,125,-84.1781
1.1,0,0,125,-84.1788
1.125,0,0,125,-84.1794
1.15,0,0,125,-84.18
1.175,0,0,125,-84.1807
1.2,0,0,125,-84.1813
1.225,0,0,125,-84.182
1.25,0,0,125,-84.1826
1.275,0,0,125,-84.1833
1.3,0,0,125,-84.184
1.325,0,0,125,-84.1847
1.35,0,0,125,-84.1854
1.375,0,0,125,-84.1861
1.4,0,0,125,-84.1869
1.425,0,0,125,-84.1876
1.45,0,0,125,-84.1883
1.475,0,0,125,-84.1891
1.5,0,0,125,-84.1899
1.525,0,0,125,-84.1906
1.55,0,0,125,-84.1914
1.575,0,0,125,-84.1922
1.6,0,0,125,-84.193
1.625,0,0,125,-84.1938
1.65,0,0,125,-84.1947
1.675,0,0,125,-84.1955
1.7,0,0,125,-84.1963
1.725,0,0,125,-84.1972
1.75,0,0,125,-84.1981
1.775,0,0,125,-84.199
1.8,0,0,125,-84.2
1.825,0,0,125,-84.201
1.85,0,0,125,-84.202
1.875,0,0,125,-84.2031
1.9,0,0,125,-84.2042
1.925,0,0,125,-84.2053
1.95,0,0,125,-84.2065
1.975,0,0,125,-84.2077
2,0,0,125,-84.2089
2.025,0,0,125,-84.2102
2.05,0,0,125,-84.2116
2.075,0,0,125,-84.2129
2.1,0,0,125,-84.2143
2.125,0,0,125,-84.2157
2.15,0,0,125,-84.2171
2.175,0,0,125,-84.2186
2.2,0,0,125,-84.2201
2.225,0,0,125,-84.2215
2.25,0,0,125,-84.223
2.275,0,0,125,-84.2245
2.3,0,0,125,-84.2261
2.325,0,0,125,-84.2276
2.35,0,0,125,-84.2293
2.375,0,0,125,-84.2309
2.4,0,0,125,-84.2326
2.425,0,0,125,-84.2344
2.45,0,0,125,-84.2361
2.475,0,0,125,-84.2379
2.5,0,0,125,-84.2398
2.525,0,0,125,-84.2417
2.55,0,0,125,-84.2436
2.575,0,0,125,-84.2456
2.6,0,0,125,-84.2476
2.625,0,0,125,-84.2496
2.65,0,0,125,-84.2517
2.675,0,0,125,-84.2538
2.7,0,0,125,-84.2559
2.725,0,0,125,-84.258
2.75,0,0,125,-84.2601
2.775,0,0,125,-84.2622
2.8,0,0,125,-84.2643
2.825,0,0,125,-84.2665
2.85,0,0,125,-84.2686
2.875,0,0,125,-84.2708
2.9,0,0,125,-84.273
2.925,0,0,125,-84.2752
2.95,0,0,125,-84.2774
2.975,0,0,125,-84.2796
3,0,0,125,-84.2818
3.025,0,0,125,-84.284
3.05,0,0,125,-84.2862
3.075,0,0,125,-84.2885
3.1,0,0,125,-84.2907
3.125,0,0,125,-84.293
3.15,0,0,125,-84.2952
3.175,0,0,125,-84.2975
3.2,0,0,125,-84.2997
3.225,0,0,125,-84.3019
3.25,0,0,125,-84.3041
3.275,0,0,125,-84.3063
3.3,0,0,125,-84.3084
3.325,0,0,125,-84.3106
3.35,0,0,125,-84.3127
3.375,0,0,125,-84.3147
3.4,0,0,125,-84.3168
3.425,0,0,125,-84.3188
3.45,0,0,125,-84.3207
3.475,0,0,125,-84.3226
3.5,0,0,125,-84.3245
3.525,0,0,125,-84.3264
3.55,0,0,125,-84.3282
3.575,0,0,125,-84.33
3.6,0,0,125,-84.3317
3.625,0,0,125,-84.3334
3.65,0,0,125,-84.3351
3.675,0,0,125,-84.3367
3.7,0,0,125,-84.3383
3.725,0,0,125,-84.3399
3.75,0,0,125,-84.3414
3.775,0,0,125,-84.3429
3.8,0,0,125,-84.3443
3.825,0,0,125,-84.3457
3.85,0,0,125,-84.347
3.875,0,0,125,-84.3483
3.9,0,0,125,-84.3496
3.925,0,0,125,-84.3508
3.95,0,0,125,-84.352
3.975,0,0,125,-84.3531
4,0,0,125,-84.3542
4.025,0,0,125,-84.3553
4.05,0,0,125,-84.3563
4.075,0,0,125,-84.3573
4.1,0,0,125,-84.3582
4.125,0,0,125,-84.3591
4.15,0,0,125,-84.36
4.175,0,0,125,-84.3608
4.2,0,0,125,-84.3616
4.225,0,0,125,-84.3624
4.25,0,0,125,-84.3631
4.275,0,0,125,-84.3638
4.3,0,0,125,-84.3644
4.325,0,0,125,-84.365
4.35,0,0,125,-84.3656
4.375,0,0,125,-84.3661
4.4,0,0,125,-84.3666
4.425,0,0,125,-84.367
4.45,0,0,125,-84.3675
4.475,0,0,125,-84.3678
4.5,0,0,125,-84.3682
4.525,0,0,125,-84.3685
4.55,0,0,125,-84.3687
4.575,0,0,125,-84.369
4.6,0,0,125,-84.3692
4.625,0,0,125,-84.3695
4.65,0,0,125,-84.3697
4.675,0,0,125,-84.3699
4.7,0,0,125,-84.37
4.725,0,0,125,-84.3702
4.75,0,0,125,-84.3703
4.775,0,0,125,-84.3705
4.8,0,0,125,-84.3706
4.825,0,0,125,-84.3707
4.85,0,0,125,-84.3708
4.875,0,0,125,-84.3709
4.9,0,0,125,-84.3709
4.925,0,0,125,-84.3709
4.95,0,0,125,-84.371
4.975,0,0,125,-84.371
5,0,0,125,-84.371
