0,0,0,125,16.4535
0.025,0,0,125,16.4544
0.05,0,0,125,16.4562
0.075,0,0,125,16.4585
0.1,0,0,125,16.4607
0.125,0,0,125,16.4623
0.15,0,0,125,16.4628
0.175,0,0,125,16.4617
0.2,0,0,125,16.4589
0.225,0,0,125,16.4544
0.25,0,0,125,16.4481
0.275,0,0,125,16.44
0.3,0,0,125,16.4302
0.325,0,0,125,16.4188
0.35,0,0,125,16.4057
0.375,0,0,125,16.391
0.4,0,0,125,16.3749
0.425,0,0,125,16.3572
0.45,0,0,125,16.3382
0.475,0,0,125,16.3178
0.5,0,0,125,16.2961
0.525,0,0,125,16.2732
0.55,0,0,125,16.2492
0.575,0,0,125,16.2239
0.6,0,0,125,16.1977
0.625,0,0,125,16.1704
0.65,0,0,125,16.1422
0.675,0,0,125,16.113
0.7,0,0,125,16.083
0.725,0,0,125,16.0521
0.75,0,0,125,16.0205
0.775,0,0,125,15.9882
0.8,0,0,125,15.9551
0.825,0,0,125,15.9214
0.85,0,0,125,15.887
0.875,0,0,125,15.8521
0.9,0,0,125,15.8166
0.925,0,0,125,15.7806
0.95,0,0,125,15.744
0.975,0,0,125,15.707
1,0,0,125,15.6695
1.025,0,0,125,15.6315
1.05,0,0,125,15.5931
1.075,0,0,125,15.5543
1.1,0,0,125,15.5151
1.125,0,0,125,15.4755
1.15,0,0,125,15.4356
1.175,0,0,125,15.3953
1.2,0,0,125,15.3546
1.225,0,0,125,15.3136
1.25,0,0,125,15.2722
1.275,0,0,125,15.2305
1.3,0,0,125,15.1885
1.325,0,0,125,15.1461
1.35,0,0,125,15.1034
1.375,0,0,125,15.0604
1.4,0,0,125,15.0171
1.425,0,0,125,14.9734
1.45,0,0,125,14.9294
1.475,0,0,125,14.8851
1.5,0,0,125,14.8404
1.525,0,0,125,14.7954
1.55,0,0,125,14.75
1.575,0,0,125,14.7044
1.6,0,0,125,14.6583
1.625,0,0,125,14.612
1.65,0,0,125,14.5652
1.675,0,0,125,14.5181
1.7,0,0,125,14.4706
1.725,0,0,125,14.4228
1.75,0,0,125,14.3746
1.775,0,0,125,14.326
1.8,0,0,125,14.277
1.825,0,0,125,14.2276
1.85,0,0,125,14.1779
1.875,0,0,125,14.1277
1.9,0,0,125,14.0771
1.925,0,0,125,14.0261
1.95,0,0,125,13.9747
1.975,0,0,125,13.9228
2,0,0,125,13.8705
2.025,0,0,125,13.8178
2.05,0,0,125,13.7647
2.075,0,0,125,13.7111
2.1,0,0,125,13.6571
2.125,0,0,125,13.6026
2.15,0,0,125,13.5476
2.175,0,0,125,13.4923
2.2,0,0,125,13.4364
2.225,0,0,125,13.3801
2.25,0,0,125,13.3233
2.275,0,0,125,13.2661
2.3,0,0,125,13.2084
2.325,0,0,125,13.1502
2.35,0,0,125,13.0915
2.375,0,0,125,13.0324
2.4,0,0,125,12.9728
2.425,0,0,125,12.9127
2.45,0,0,125,12.8522
2.475,0,0,125,12.7912
2.5,0,0,125,12.7297
2.525,0,0,125,12.6677
2.55,0,0,125,12.6053
2.575,0,0,125,12.5424
2.6,0,0,125,12.4791
2.625,0,0,125,12.4153
2.65,0,0,125,12.351
2.675,0,0,125,12.2863
2.7,0,0,125,12.2212
2.725,0,0,125,12.1555
2.75,0,0,125,12.0895
2.775,0,0,125,12.023
2.8,0,0,125,11.9561
2.825,0,0,125,11.8888
2.85,0,0,125,11.821
2.875,0,0,125,11.7529
2.9,0,0,125,11.6844
2.925,0,0,125,11.6154
2.95,0,0,125,11.5461
2.975,0,0,125,11.4765
3,0,0,125,11.4065
3.025,0,0,125,11.3361
3.05,0,0,125,11.2654
3.075,0,0,125,11.1944
3.1,0,0,125,11.1232
3.125,0,0,125,11.0516
3.15,0,0,125,10.9798
3.175,0,0,125,10.9078
3.2,0,0,125,10.8356
3.225,0,0,125,10.7631
3.25,0,0,125,10.6906
3.275,0,0,125,10.6179
3.3,0,0,125,10.5451
3.325,0,0,125,10.4723
3.35,0,0,125,10.3994
3.375,0,0,125,10.3266
3.4,0,0,125,10.2538
3.425,0,0,125,10.1812
3.45,0,0,125,10.1087
3.475,0,0,125,10.0365
3.5,0,0,125,9.96455
3.525,0,0,125,9.89294
3.55,0,0,125,9.82174
3.575,0,0,125,9.75102
3.6,0,0,125,9.68087
3.625,0,0,125,9.61135
3.65,0,0,125,9.54256
3.675,0,0,125,9.47458
3.7,0,0,125,9.40749
3.725,0,0,125,9.3414
3.75,0,0,125,9.27641
3.775,0,0,125,9.2126
3.8,0,0,125,9.1501
3.825,0,0,125,9.089
3.85,0,0,125,9.0294
3.875,0,0,125,8.97142
3.9,0,0,125,8.91516
3.925,0,0,125,8.86072
3.95,0,0,125,8.80822
3.975,0,0,125,8.75774
4,0,0,125,8.70939
4.025,0,0,125,8.66325
4.05,0,0,125,8.6194
4.075,0,0,125,8.57793
4.1,0,0,125,8.53889
4.125,0,0,125,8.50235
4.15,0,0,125,8.46833
4.175,0,0,125,8.43688
4.2,0,0,125,8.40801
4.225,0,0,125,8.38171
4.25,0,0,125,8.35797
4.275,0,0,125,8.33675
4.3,0,0,125,8.31801
4.325,0,0,125,8.30165
4.35,0,0,125,8.28761
4.375,0,0,125,8.27575
4.4,0,0,125,8.26596
4.425,0,0,125,8.25807
4.45,0,0,125,8.25194
4.475,0,0,125,8.24736
4.5,0,0,125,8.24415
4.525,0,0,125,8.2421
4.55,0,0,125,8.24099
4.575,0,0,125,8.2406
4.6,0,0,125,8.2407
4.625,0,0,125,8.24107
4.65,0,0,125,8.2415
4.675,0,0,125,8.24179
4.7,0,0,125,8.24178
4.725,0,0,125,8.24132
4.75,0,0,125,8.24032
4.775,0,0,125,8.23872
4.8,0,0,125,8.23653
4.825,0,0,125,8.23383
4.85,0,0,125,8.23075
4.875,0,0,125,8.22748
4.9,0,0,125,8.22427
4.925,0,0,125,8.22137
4.95,0,0,125,8.219
4.975,0,0,125,8.21734
5,0,0,125,8.21648
