0,0,0,125,-12.2266
0.025,0,0,125,-12.2324
0.05,0,0,125,-12.2441
0.075,0,0,125,-12.2617
0.1,0,0,125,-12.2852
0.125,0,0,125,-12.3146
0.15,0,0,125,-12.3501
0.175,0,0,125,-12.3916
0.2,0,0,125,-12.4392
0.225,0,0,125,-12.4927
0.25,0,0,125,-12.5522
0.275,0,0,125,-12.6176
0.3,0,0,125,-12.6888
0.325,0,0,125,-12.7657
0.35,0,0,125,-12.8484
0.375,0,0,125,-12.9367
0.4,0,0,125,-13.0307
0.425,0,0,125,-13.1302
0.45,0,0,125,-13.2353
0.475,0,0,125,-13.346
0.5,0,0,125,-13.4621
0.525,0,0,125,-13.5838
0.55,0,0,125,-13.7111
0.575,0,0,125,-13.8439
0.6,0,0,125,-13.9823
0.625,0,0,125,-14.1263
0.65,0,0,125,-14.276
0.675,0,0,125,-14.4314
0.7,0,0,125,-14.5926
0.725,0,0,125,-14.7596
0.75,0,0,125,-14.9327
0.775,0,0,125,-15.1118
0.8,0,0,125,-15.2971
0.825,0,0,125,-15.4887
0.85,0,0,125,-15.6867
0.875,0,0,125,-15.8913
0.9,0,0,125,-16.1026
0.925,0,0,125,-16.3209
0.95,0,0,125,-16.5461
0.975,0,0,125,-16.7787
1,0,0,125,-17.0187
1.025,0,0,125,-17.2664
1.05,0,0,125,-17.5221
1.075,0,0,125,-17.7858
1.1,0,0,125,-18.0579
1.125,0,0,125,-18.3387
1.15,0,0,125,-18.6284
1.175,0,0,125,-18.9274
1.2,0,0,125,-19.2358
1.225,0,0,125,-19.554
1.25,0,0,125,-19.8824
1.275,0,0,125,-20.2212
1.3,0,0,125,-20.5709
1.325,0,0,125,-20.9317
1.35,0,0,125,-21.3041
1.375,0,0,125,-21.6884
1.4,0,0,125,-22.085
1.425,0,0,125,-22.4944
1.45,0,0,125,-22.9169
1.475,0,0,125,-23.353
1.5,0,0,125,-23.8031
1.525,0,0,125,-24.2678
1.55,0,0,125,-24.7475
1.575,0,0,125,-25.2426
1.6,0,0,125,-25.7537
1.625,0,0,125,-26.2813
1.65,0,0,125,-26.8259
1.675,0,0,125,-27.3881
1.7,0,0,125,-27.9685
1.725,0,0,125,-28.5676
1.75,0,0,125,-29.1859
1.775,0,0,125,-29.8242
1.8,0,0,125,-30.4829
1.825,0,0,125,-31.1626
1.85,0,0,125,-31.8641
1.875,0,0,125,-32.5877
1.9,0,0,125,-33.3342
1.925,0,0,125,-34.1039
1.95,0,0,125,-34.8975
1.975,0,0,125,-35.7152
2,0,0,125,-36.5575
2.025,0,0,125,-37.4245
2.05,0,0,125,-38.3165
2.075,0,0,125,-39.2335
2.1,0,0,125,-40.1753
2.125,0,0,125,-41.1416
2.15,0,0,125,-42.1318
2.175,0,0,125,-43.1454
2.2,0,0,125,-44.1813
2.225,0,0,125,-45.2384
2.25,0,0,125,-46.3153
2.275,0,0,125,-47.4103
2.3,0,0,125,-48.5214
2.325,0,0,125,-49.6466
2.35,0,0,125,-50.7833
2.375,0,0,125,-51.929
2.4,0,0,125,-53.0809
2.425,0,0,125,-54.236
2.45,0,0,125,-55.3911
2.475,0,0,125,-56.5431
2.5,0,0,125,-57.6888
2.525,0,0,125,-58.8247
2.55,0,0,125,-59.9478
2.575,0,0,125,-61.0547
2.6,0,0,125,-62.1426
2.625,0,0,125,-63.2085
2.65,0,0,125,-64.2497
2.675,0,0,125,-65.2638
2.7,0,0,125,-66.2485
2.725,0,0,125,-67.202
2.75,0,0,125,-68.1226
2.775,0,0,125,-69.0089
2.8,0,0,125,-69.86
2.825,0,0,125,-70.6751
2.85,0,0,125,-71.4537
2.875,0,0,125,-72.1956
2.9,0,0,125,-72.9009
2.925,0,0,125,-73.5699
2.95,0,0,125,-74.203
2.975,0,0,125,-74.8011
3,0,0,125,-75.3648
3.025,0,0,125,-75.8953
3.05,0,0,125,-76.3936
3.075,0,0,125,-76.8609
3.1,0,0,125,-77.2984
3.125,0,0,125,-77.7075
3.15,0,0,125,-78.0895
3.175,0,0,125,-78.4458
3.2,0,0,125,-78.7777
3.225,0,0,125,-79.0865
3.25,0,0,125,-79.3736
3.275,0,0,125,-79.6402
3.3,0,0,125,-79.8876
3.325,0,0,125,-80.1171
3.35,0,0,125,-80.3296
3.375,0,0,125,-80.5265
3.4,0,0,125,-80.7087
3.425,0,0,125,-80.8772
3.45,0,0,125,-81.033
3.475,0,0,125,-81.1769
3.5,0,0,125,-81.3099
3.525,0,0,125,-81.4326
3.55,0,0,125,-81.5459
3.575,0,0,125,-81.6505
3.6,0,0,125,-81.7469
3.625,0,0,125,-81.8359
3.65,0,0,125,-81.9179
3.675,0,0,125,-81.9934
3.7,0,0,125,-82.063
3.725,0,0,125,-82.1272
3.75,0,0,125,-82.1862
3.775,0,0,125,-82.2406
3.8,0,0,125,-82.2906
3.825,0,0,125,-82.3367
3.85,0,0,125,-82.379
3.875,0,0,125,-82.4179
3.9,0,0,125,-82.4536
3.925,0,0,125,-82.4865
3.95,0,0,125,-82.5166
3.975,0,0,125,-82.5442
4,0,0,125,-82.5694
4.025,0,0,125,-82.5926
4.05,0,0,125,-82.6137
4.075,0,0,125,-82.633
4.1,0,0,125,-82.6506
4.125,0,0,125,-82.6666
4.15,0,0,125,-82.6811
4.175,0,0,125,-82.6943
4.2,0,0,125,-82.7061
4.225,0,0,125,-82.7168
4.25,0,0,125,-82.7264
4.275,0,0,125,-82.735
4.3,0,0,125,-82.7426
4.325,0,0,125,-82.7493
4.35,0,0,125,-82.7552
4.375,0,0,125,-82.7603
4.4,0,0,125,-82.7648
4.425,0,0,125,-82.7685
4.45,0,0,125,-82.7716
4.475,0,0,125,-82.7741
4.5,0,0,125,-82.7761
4.525,0,0,125,-82.7776
4.55,0,0,125,-82.7786
4.575,0,0,125,-82.7792
4.6,0,0,125,-82.7794
4.625,0,0,125,-82.7792
4.65,0,0,125,-82.7787
4.675,0,0,125,-82.7779
4.7,0,0,125,-82.7768
4.725,0,0,125,-82.7755
4.75,0,0,125,-82.774
4.775,0,0,125,-82.7723
4.8,0,0,125,-82.7704
4.825,0,0,125,-82.7685
4.85,0,0,125,-82.7666
4.875,0,0,125,-82.7646
4.9,0,0,125,-82.7628
4.925,0,0,125,-82.7612
4.95,0,0,125,-82.7599
4.975,0,0,125,-82.7589
5,0,0,125,-82.7585
