0,0,0,125,-84.2276
0.025,0,0,125,-84.2277
0.05,0,0,125,-84.2279
0.075,0,0,125,-84.2282
0.1,0,0,125,-84.2286
0.125,0,0,125,-84.2291
0.15,0,0,125,-84.2296
0.175,0,0,125,-84.2301
0.2,0,0,125,-84.2306
0.225,0,0,125,-84.2311
0.25,0,0,125,-84.2317
0.275,0,0,125,-84.2323
0.3,0,0,125,-84.2328
0.325,0,0,125,-84.2334
0.35,0,0,125,-84.2339
0.375,0,0,125,-84.2345
0.4,0,0,125,-84.235
0.425,0,0,125,-84.2355
0.45,0,0,125,-84.236
0.475,0,0,125,-84.2365
0.5,0,0,125,-84.237
0.525,0,0,125,-84.2375
0.55,0,0,125,-84.238
0.575,0,0,125,-84.2384
0.6,0,0,125,-84.2389
0.625,0,0,125,-84.2393
0.65,0,0,125,-84.2398
0.675,0,0,125,-84.2402
0.7,0,0,125,-84.2406
0.725,0,0,125,-84.241
0.75,0,0,125,-84.2414
0.775,0,0,125,-84.2418
0.8,0,0,125,-84.2422
0.825,0,0,125,-84.2426
0.85,0,0,125,-84.243
0.875,0,0,125,-84.2433
0.9,0,0,125,-84.2437
0.925,0,0,125,-84.2442
0.95,0,0,125,-84.2446
0.975,0,0,125,-84.245
1,0,0,125,-84.2454
1.025,0,0,125,-84.2458
1.05,0,0,125,-84.2463
1.075,0,0,125,-84.2467
1.1,0,0,125,-84.2471
1.125,0,0,125,-84.2476
1.15,0,0,125,-84.2481
1.175,0,0,125,-84.2486
1.2,0,0,125,-84.2491
1.225,0,0,125,-84.2496
1.25,0,0,125,-84.2502
1.275,0,0,125,-84.2507
1.3,0,0,125,-84.2513
1.325,0,0,125,-84.2519
1.35,0,0,125,-84.2525
1.375,0,0,125,-84.2531
1.4,0,0,125,-84.2537
1.425,0,0,125,-84.2544
1.45,0,0,125,-84.255
1.475,0,0,125,-84.2557
1.5,0,0,125,-84.2564
1.525,0,0,125,-84.2571
1.55,0,0,125,-84.2578
1.575,0,0,125,-84.2585
1.6,0,0,125,-84.2593
1.625,0,0,125,-84.26
1.65,0,0,125,-84.2608
1.675,0,0,125,-84.2616
1.7,0,0,125,-84.2623
1.725,0,0,125,-84.2631
1.75,0,0,125,-84.2639
1.775,0,0,125,-84.2648
1.8,0,0,125,-84.2656
1.825,0,0,125,-84.2664
1.85,0,0,125,-84.2673
1.875,0,0,125,-84.2681
1.9,0,0,125,-84.269
1.925,0,0,125,-84.2699
1.95,0,0,125,-84.2707
1.975,0,0,125,-84.2716
2,0,0,125,-84.2726
2.025,0,0,125,-84.2735
2.05,0,0,125,-84.2745
2.075,0,0,125,-84.2755
2.1,0,0,125,-84.2765
2.125,0,0,125,-84.2776
2.15,0,0,125,-84.2786
2.175,0,0,125,-84.2798
2.2,0,0,125,-84.2809
2.225,0,0,125,-84.2821
2.25,0,0,125,-84.2833
2.275,0,0,125,-84.2845
2.3,0,0,125,-84.2858
2.325,0,0,125,-84.2871
2.35,0,0,125,-84.2885
2.375,0,0,125,-84.2898
2.4,0,0,125,-84.2913
2.425,0,0,125,-84.2927
2.45,0,0,125,-84.2942
2.475,0,0,125,-84.2957
2.5,0,0,125,-84.2973
2.525,0,0,125,-84.2989
2.55,0,0,125,-84.3005
2.575,0,0,125,-84.3022
2.6,0,0,125,-84.3039
2.625,0,0,125,-84.3056
2.65,0,0,125,-84.3073
2.675,0,0,125,-84.3091
2.7,0,0,125,-84.3109
2.725,0,0,125,-84.3127
2.75,0,0,125,-84.3145
2.775,0,0,125,-84.3163
2.8,0,0,125,-84.3181
2.825,0,0,125,-84.32
2.85,0,0,125,-84.3218
2.875,0,0,125,-84.3237
2.9,0,0,125,-84.3256
2.925,0,0,125,-84.3275
2.95,0,0,125,-84.3294
2.975,0,0,125,-84.3313
3,0,0,125,-84.3332
3.025,0,0,125,-84.3351
3.05,0,0,125,-84.337
3.075,0,0,125,-84.3388
3.1,0,0,125,-84.3407
3.125,0,0,125,-84.3425
3.15,0,0,125,-84.3444
3.175,0,0,125,-84.3462
3.2,0,0,125,-84.348
3.225,0,0,125,-84.3498
3.25,0,0,125,-84.3515
3.275,0,0,125,-84.3533
3.3,0,0,125,-84.3551
3.325,0,0,125,-84.3568
3.35,0,0,125,-84.3585
3.375,0,0,125,-84.3602
3.4,0,0,125,-84.3619
3.425,0,0,125,-84.3636
3.45,0,0,125,-84.3652
3.475,0,0,125,-84.3669
3.5,0,0,125,-84.3685
3.525,0,0,125,-84.3701
3.55,0,0,125,-84.3717
3.575,0,0,125,-84.3732
3.6,0,0,125,-84.3747
3.625,0,0,125,-84.3761
3.65,0,0,125,-84.3776
3.675,0,0,125,-84.3789
3.7,0,0,125,-84.3803
3.725,0,0,125,-84.3816
3.75,0,0,125,-84.3829
3.775,0,0,125,-84.3841
3.8,0,0,125,-84.3853
3.825,0,0,125,-84.3864
3.85,0,0,125,-84.3875
3.875,0,0,125,-84.3886
3.9,0,0,125,-84.3896
3.925,0,0,125,-84.3906
3.95,0,0,125,-84.3916
3.975,0,0,125,-84.3925
4,0,0,125,-84.3934
4.025,0,0,125,-84.3942
4.05,0,0,125,-84.3951
4.075,0,0,125,-84.3958
4.1,0,0,125,-84.3966
4.125,0,0,125,-84.3973
4.15,0,0,125,-84.398
4.175,0,0,125,-84.3986
4.2,0,0,125,-84.3992
4.225,0,0,125,-84.3998
4.25,0,0,125,-84.4004
4.275,0,0,125,-84.4009
4.3,0,0,125,-84.4014
4.325,0,0,125,-84.4018
4.35,0,0,125,-84.4022
4.375,0,0,125,-84.4026
4.4,0,0,125,-84.403
4.425,0,0,125,-84.4033
4.45,0,0,125,-84.4037
4.475,0,0,125,-84.404
4.5,0,0,125,-84.4043
4.525,0,0,125,-84.4045
4.55,0,0,125,-84.4048
4.575,0,0,125,-84.405
4.6,0,0,125,-84.4053
4.625,0,0,125,-84.4055
4.65,0,0,125,-84.4057
4.675,0,0,125,-84.4059
4.7,0,0,125,-84.406
4.725,0,0,125,-84.4062
4.75,0,0,125,-84.4063
4.775,0,0,125,-84.4064
4.8,0,0,125,-84.4065
4.825,0,0,125,-84.4066
4.85,0,0,125,-84.4067
4.875,0,0,125,-84.4067
4.9,0,0,125,-84.4068
4.925,0,0,125,-84.4068
4.95,0,0,125,-84.4068
4.975,0,0,125,-84.4068
5,0,0,125,-84.4069
