0,0,0,125,-40.4088
0.025,0,0,125,-40.4033
0.05,0,0,125,-40.3925
0.075,0,0,125,-40.3766
0.1,0,0,125,-40.3557
0.125,0,0,125,-40.3303
0.15,0,0,125,-40.3008
0.175,0,0,125,-40.2674
0.2,0,0,125,-40.2303
0.225,0,0,125,-40.1898
0.25,0,0,125,-40.146
0.275,0,0,125,-40.099
0.3,0,0,125,-40.0489
0.325,0,0,125,-39.996
0.35,0,0,125,-39.9403
0.375,0,0,125,-39.8819
0.4,0,0,125,-39.8209
0.425,0,0,125,-39.7575
0.45,0,0,125,-39.6918
0.475,0,0,125,-39.6238
0.5,0,0,125,-39.5537
0.525,0,0,125,-39.4815
0.55,0,0,125,-39.4074
0.575,0,0,125,-39.3314
0.6,0,0,125,-39.2537
0.625,0,0,125,-39.1742
0.65,0,0,125,-39.0932
0.675,0,0,125,-39.0106
0.7,0,0,125,-38.9266
0.725,0,0,125,-38.8412
0.75,0,0,125,-38.7544
0.775,0,0,125,-38.6665
0.8,0,0,125,-38.5773
0.825,0,0,125,-38.487
0.85,0,0,125,-38.3957
0.875,0,0,125,-38.3034
0.9,0,0,125,-38.2101
0.925,0,0,125,-38.1159
0.95,0,0,125,-38.0209
0.975,0,0,125,-37.9251
1,0,0,125,-37.8286
1.025,0,0,125,-37.7314
1.05,0,0,125,-37.6335
1.075,0,0,125,-37.535
1.1,0,0,125,-37.4359
1.125,0,0,125,-37.3364
1.15,0,0,125,-37.2363
1.175,0,0,125,-37.1358
1.2,0,0,125,-37.0348
1.225,0,0,125,-36.9335
1.25,0,0,125,-36.8318
1.275,0,0,125,-36.7297
1.3,0,0,125,-36.6274
1.325,0,0,125,-36.5248
1.35,0,0,125,-36.4219
1.375,0,0,125,-36.3188
1.4,0,0,125,-36.2156
1.425,0,0,125,-36.1121
1.45,0,0,125,-36.0085
1.475,0,0,125,-35.9047
1.5,0,0,125,-35.8008
1.525,0,0,125,-35.6968
1.55,0,0,125,-35.5927
1.575,0,0,125,-35.4886
1.6,0,0,125,-35.3844
1.625,0,0,125,-35.2801
1.65,0,0,125,-35.1758
1.675,0,0,125,-35.0715
1.7,0,0,125,-34.9672
1.725,0,0,125,-34.8629
1.75,0,0,125,-34.7587
1.775,0,0,125,-34.6544
1.8,0,0,125,-34.5502
1.825,0,0,125,-34.4461
1.85,0,0,125,-34.342
1.875,0,0,125,-34.2379
1.9,0,0,125,-34.134
1.925,0,0,125,-34.0301
1.95,0,0,125,-33.9263
1.975,0,0,125,-33.8226
2,0,0,125,-33.719
2.025,0,0,125,-33.6155
2.05,0,0,125,-33.5121
2.075,0,0,125,-33.4089
2.1,0,0,125,-33.3057
2.125,0,0,125,-33.2027
2.15,0,0,125,-33.0998
2.175,0,0,125,-32.9971
2.2,0,0,125,-32.8945
2.225,0,0,125,-32.792
2.25,0,0,125,-32.6897
2.275,0,0,125,-32.5875
2.3,0,0,125,-32.4854
2.325,0,0,125,-32.3836
2.35,0,0,125,-32.2818
2.375,0,0,125,-32.1803
2.4,0,0,125,-32.0789
2.425,0,0,125,-31.9777
2.45,0,0,125,-31.8766
2.475,0,0,125,-31.7757
2.5,0,0,125,-31.675
2.525,0,0,125,-31.5744
2.55,0,0,125,-31.4741
2.575,0,0,125,-31.3739
2.6,0,0,125,-31.2739
2.625,0,0,125,-31.174
2.65,0,0,125,-31.0744
2.675,0,0,125,-30.975
2.7,0,0,125,-30.8757
2.725,0,0,125,-30.7767
2.75,0,0,125,-30.6778
2.775,0,0,125,-30.5791
2.8,0,0,125,-30.4807
2.825,0,0,125,-30.3824
2.85,0,0,125,-30.2843
2.875,0,0,125,-30.1865
2.9,0,0,125,-30.0889
2.925,0,0,125,-29.9914
2.95,0,0,125,-29.8942
2.975,0,0,125,-29.7973
3,0,0,125,-29.7005
3.025,0,0,125,-29.604
3.05,0,0,125,-29.5077
3.075,0,0,125,-29.4116
3.1,0,0,125,-29.3158
3.125,0,0,125,-29.2202
3.15,0,0,125,-29.1248
3.175,0,0,125,-29.0298
3.2,0,0,125,-28.9349
3.225,0,0,125,-28.8404
3.25,0,0,125,-28.7461
3.275,0,0,125,-28.6521
3.3,0,0,125,-28.5583
3.325,0,0,125,-28.4649
3.35,0,0,125,-28.3717
3.375,0,0,125,-28.2789
3.4,0,0,125,-28.1863
3.425,0,0,125,-28.0941
3.45,0,0,125,-28.0022
3.475,0,0,125,-27.9107
3.5,0,0,125,-27.8195
3.525,0,0,125,-27.7287
3.55,0,0,125,-27.6382
3.575,0,0,125,-27.5481
3.6,0,0,125,-27.4584
3.625,0,0,125,-27.3692
3.65,0,0,125,-27.2803
3.675,0,0,125,-27.1919
3.7,0,0,125,-27.104
3.725,0,0,125,-27.0165
3.75,0,0,125,-26.9295
3.775,0,0,125,-26.843
3.8,0,0,125,-26.7571
3.825,0,0,125,-26.6716
3.85,0,0,125,-26.5868
3.875,0,0,125,-26.5026
3.9,0,0,125,-26.4189
3.925,0,0,125,-26.3359
3.95,0,0,125,-26.2536
3.975,0,0,125,-26.172
4,0,0,125,-26.0911
4.025,0,0,125,-26.0109
4.05,0,0,125,-25.9316
4.075,0,0,125,-25.853
4.1,0,0,125,-25.7753
4.125,0,0,125,-25.6985
4.15,0,0,125,-25.6227
4.175,0,0,125,-25.5478
4.2,0,0,125,-25.4739
4.225,0,0,125,-25.4011
4.25,0,0,125,-25.3294
4.275,0,0,125,-25.2588
4.3,0,0,125,-25.1895
4.325,0,0,125,-25.1214
4.35,0,0,125,-25.0546
4.375,0,0,125,-24.9892
4.4,0,0,125,-24.9253
4.425,0,0,125,-24.8629
4.45,0,0,125,-24.802
4.475,0,0,125,-24.7428
4.5,0,0,125,-24.6853
4.525,0,0,125,-24.6297
4.55,0,0,125,-24.5759
4.575,0,0,125,-24.524
4.6,0,0,125,-24.4742
4.625,0,0,125,-24.4266
4.65,0,0,125,-24.3812
4.675,0,0,125,-24.3381
4.7,0,0,125,-24.2974
4.725,0,0,125,-24.2592
4.75,0,0,125,-24.2237
4.775,0,0,125,-24.1908
4.8,0,0,125,-24.1608
4.825,0,0,125,-24.1338
4.85,0,0,125,-24.1098
4.875,0,0,125,-24.0889
4.9,0,0,125,-24.0713
4.925,0,0,125,-24.057
4.95,0,0,125,-24.0463
4.975,0,0,125,-24.039
5,0,0,125,-24.0354
