0,0,0,125,-21.8053
0.025,0,0,125,-21.8011
0.05,0,0,125,-21.7926
0.075,0,0,125,-21.7804
0.1,0,0,125,-21.7647
0.125,0,0,125,-21.7463
0.15,0,0,125,-21.7255
0.175,0,0,125,-21.7029
0.2,0,0,125,-21.6789
0.225,0,0,125,-21.6536
0.25,0,0,125,-21.6274
0.275,0,0,125,-21.6005
0.3,0,0,125,-21.5731
0.325,0,0,125,-21.5454
0.35,0,0,125,-21.5178
0.375,0,0,125,-21.4903
0.4,0,0,125,-21.4632
0.425,0,0,125,-21.4366
0.45,0,0,125,-21.4109
0.475,0,0,125,-21.3862
0.5,0,0,125,-21.3627
0.525,0,0,125,-21.3407
0.55,0,0,125,-21.3202
0.575,0,0,125,-21.3015
0.6,0,0,125,-21.2849
0.625,0,0,125,-21.2705
0.65,0,0,125,-21.2584
0.675,0,0,125,-21.249
0.7,0,0,125,-21.2424
0.725,0,0,125,-21.2388
0.75,0,0,125,-21.2384
0.775,0,0,125,-21.2414
0.8,0,0,125,-21.2481
0.825,0,0,125,-21.2586
0.85,0,0,125,-21.2731
0.875,0,0,125,-21.292
0.9,0,0,125,-21.3154
0.925,0,0,125,-21.3435
0.95,0,0,125,-21.3766
0.975,0,0,125,-21.4149
1,0,0,125,-21.4586
1.025,0,0,125,-21.5081
1.05,0,0,125,-21.5635
1.075,0,0,125,-21.6251
1.1,0,0,125,-21.6932
1.125,0,0,125,-21.768
1.15,0,0,125,-21.8499
1.175,0,0,125,-21.9391
1.2,0,0,125,-22.0359
1.225,0,0,125,-22.1406
1.25,0,0,125,-22.2534
1.275,0,0,125,-22.3748
1.3,0,0,125,-22.505
1.325,0,0,125,-22.6443
1.35,0,0,125,-22.7931
1.375,0,0,125,-22.9517
1.4,0,0,125,-23.1205
1.425,0,0,125,-23.2997
1.45,0,0,125,-23.4898
1.475,0,0,125,-23.6911
1.5,0,0,125,-23.904
1.525,0,0,125,-24.1288
1.55,0,0,125,-24.3659
1.575,0,0,125,-24.6157
1.6,0,0,125,-24.8786
1.625,0,0,125,-25.1551
1.65,0,0,125,-25.4454
1.675,0,0,125,-25.75
1.7,0,0,125,-26.0694
1.725,0,0,125,-26.4039
1.75,0,0,125,-26.7539
1.775,0,0,125,-27.1201
1.8,0,0,125,-27.5027
1.825,0,0,125,-27.9022
1.85,0,0,125,-28.3192
1.875,0,0,125,-28.7542
1.9,0,0,125,-29.2075
1.925,0,0,125,-29.6797
1.95,0,0,125,-30.1714
1.975,0,0,125,-30.6831
2,0,0,125,-31.2153
2.025,0,0,125,-31.7686
2.05,0,0,125,-32.3436
2.075,0,0,125,-32.9407
2.1,0,0,125,-33.5606
2.125,0,0,125,-34.2038
2.15,0,0,125,-34.8709
2.175,0,0,125,-35.5623
2.2,0,0,125,-36.2786
2.225,0,0,125,-37.0201
2.25,0,0,125,-37.7873
2.275,0,0,125,-38.5804
2.3,0,0,125,-39.3996
2.325,0,0,125,-40.2451
2.35,0,0,125,-41.1167
2.375,0,0,125,-42.0144
2.4,0,0,125,-42.9377
2.425,0,0,125,-43.8862
2.45,0,0,125,-44.859
2.475,0,0,125,-45.8553
2.5,0,0,125,-46.8738
2.525,0,0,125,-47.9131
2.55,0,0,125,-48.9716
2.575,0,0,125,-50.0472
2.6,0,0,125,-51.1379
2.625,0,0,125,-52.2413
2.65,0,0,125,-53.3546
2.675,0,0,125,-54.4752
2.7,0,0,125,-55.5999
2.725,0,0,125,-56.7256
2.75,0,0,125,-57.8492
2.775,0,0,125,-58.9672
2.8,0,0,125,-60.0763
2.825,0,0,125,-61.1732
2.85,0,0,125,-62.2546
2.875,0,0,125,-63.3174
2.9,0,0,125,-64.3585
2.925,0,0,125,-65.3753
2.95,0,0,125,-66.365
2.975,0,0,125,-67.3254
3,0,0,125,-68.2545
3.025,0,0,125,-69.1504
3.05,0,0,125,-70.0119
3.075,0,0,125,-70.8377
3.1,0,0,125,-71.6271
3.125,0,0,125,-72.3796
3.15,0,0,125,-73.095
3.175,0,0,125,-73.7733
3.2,0,0,125,-74.415
3.225,0,0,125,-75.0205
3.25,0,0,125,-75.5905
3.275,0,0,125,-76.1262
3.3,0,0,125,-76.6284
3.325,0,0,125,-77.0984
3.35,0,0,125,-77.5374
3.375,0,0,125,-77.9469
3.4,0,0,125,-78.3283
3.425,0,0,125,-78.6829
3.45,0,0,125,-79.0122
3.475,0,0,125,-79.3176
3.5,0,0,125,-79.6006
3.525,0,0,125,-79.8625
3.55,0,0,125,-80.1048
3.575,0,0,125,-80.3286
3.6,0,0,125,-80.5352
3.625,0,0,125,-80.7258
3.65,0,0,125,-80.9017
3.675,0,0,125,-81.0637
3.7,0,0,125,-81.2129
3.725,0,0,125,-81.3504
3.75,0,0,125,-81.4769
3.775,0,0,125,-81.5934
3.8,0,0,125,-81.7005
3.825,0,0,125,-81.799
3.85,0,0,125,-81.8897
3.875,0,0,125,-81.973
3.9,0,0,125,-82.0496
3.925,0,0,125,-82.1201
3.95,0,0,125,-82.1849
3.975,0,0,125,-82.2444
4,0,0,125,-82.2991
4.025,0,0,125,-82.3494
4.05,0,0,125,-82.3957
4.075,0,0,125,-82.4382
4.1,0,0,125,-82.4773
4.125,0,0,125,-82.5132
4.15,0,0,125,-82.5461
4.175,0,0,125,-82.5765
4.2,0,0,125,-82.6043
4.225,0,0,125,-82.6299
4.25,0,0,125,-82.6533
4.275,0,0,125,-82.6749
4.3,0,0,125,-82.6947
4.325,0,0,125,-82.7128
4.35,0,0,125,-82.7295
4.375,0,0,125,-82.7447
4.4,0,0,125,-82.7587
4.425,0,0,125,-82.7715
4.45,0,0,125,-82.7832
4.475,0,0,125,-82.7938
4.5,0,0,125,-82.8036
4.525,0,0,125,-82.8124
4.55,0,0,125,-82.8205
4.575,0,0,125,-82.8278
4.6,0,0,125,-82.8344
4.625,0,0,125,-82.8404
4.65,0,0,125,-82.8458
4.675,0,0,125,-82.8506
4.7,0,0,125,-82.855
4.725,0,0,125,-82.8588
4.75,0,0,125,-82.8622
4.775,0,0,125,-82.8651
4.8,0,0,125,-82.8676
4.825,0,0,125,-82.8698
4.85,0,0,125,-82.8716
4.875,0,0,125,-82.8731
4.9,0,0,125,-82.8743
4.925,0,0,125,-82.8752
4.95,0,0,125,-82.8759
4.975,0,0,125,-82.8763
5,0,0,125,-82.8765
