0,0,0,125,-83.8095
0.025,0,0,125,-83.8098
0.05,0,0,125,-83.8102
0.075,0,0,125,-83.8109
0.1,0,0,125,-83.8117
0.125,0,0,125,-83.8126
0.15,0,0,125,-83.8137
0.175,0,0,125,-83.8147
0.2,0,0,125,-83.8158
0.225,0,0,125,-83.8169
0.25,0,0,125,-83.818
0.275,0,0,125,-83.8191
0.3,0,0,125,-83.8202
0.325,0,0,125,-83.8213
0.35,0,0,125,-83.8224
0.375,0,0,125,-83.8234
0.4,0,0,125,-83.8245
0.425,0,0,125,-83.8255
0.45,0,0,125,-83.8266
0.475,0,0,125,-83.8276
0.5,0,0,125,-83.8286
0.525,0,0,125,-83.8296
0.55,0,0,125,-83.8306
0.575,0,0,125,-83.8316
0.6,0,0,125,-83.8326
0.625,0,0,125,-83.8335
0.65,0,0,125,-83.8345
0.675,0,0,125,-83.8354
0.7,0,0,125,-83.8364
0.725,0,0,125,-83.8373
0.75,0,0,125,-83.8382
0.775,0,0,125,-83.8391
0.8,0,0,125,-83.84
0.825,0,0,125,-83.8409
0.85,0,0,125,-83.8418
0.875,0,0,125,-83.8428
0.9,0,0,125,-83.8437
0.925,0,0,125,-83.8447
0.95,0,0,125,-83.8456
0.975,0,0,125,-83.8466
1,0,0,125,-83.8476
1.025,0,0,125,-83.8486
1.05,0,0,125,-83.8497
1.075,0,0,125,-83.8507
1.1,0,0,125,-83.8517
1.125,0,0,125,-83.8528
1.15,0,0,125,-83.8539
1.175,0,0,125,-83.8549
1.2,0,0,125,-83.856
1.225,0,0,125,-83.8571
1.25,0,0,125,-83.8582
1.275,0,0,125,-83.8593
1.3,0,0,125,-83.8605
1.325,0,0,125,-83.8616
1.35,0,0,125,-83.8627
1.375,0,0,125,-83.8639
1.4,0,0,125,-83.8651
1.425,0,0,125,-83.8663
1.45,0,0,125,-83.8675
1.475,0,0,125,-83.8688
1.5,0,0,125,-83.8701
1.525,0,0,125,-83.8715
1.55,0,0,125,-83.8728
1.575,0,0,125,-83.8743
1.6,0,0,125,-83.8757
1.625,0,0,125,-83.8772
1.65,0,0,125,-83.8787
1.675,0,0,125,-83.8803
1.7,0,0,125,-83.8819
1.725,0,0,125,-83.8835
1.75,0,0,125,-83.8852
1.775,0,0,125,-83.8869
1.8,0,0,125,-83.8887
1.825,0,0,125,-83.8904
1.85,0,0,125,-83.8922
1.875,0,0,125,-83.8941
1.9,0,0,125,-83.896
1.925,0,0,125,-83.8979
1.95,0,0,125,-83.9
1.975,0,0,125,-83.902
2,0,0,125,-83.9042
2.025,0,0,125,-83.9064
2.05,0,0,125,-83.9086
2.075,0,0,125,-83.9109
2.1,0,0,125,-83.9133
2.125,0,0,125,-83.9156
2.15,0,0,125,-83.918
2.175,0,0,125,-83.9205
2.2,0,0,125,-83.923
2.225,0,0,125,-83.9255
2.25,0,0,125,-83.9282
2.275,0,0,125,-83.9308
2.3,0,0,125,-83.9336
2.325,0,0,125,-83.9364
2.35,0,0,125,-83.9393
2.375,0,0,125,-83.9422
2.4,0,0,125,-83.9452
2.425,0,0,125,-83.9483
2.45,0,0,125,-83.9514
2.475,0,0,125,-83.9546
2.5,0,0,125,-83.9579
2.525,0,0,125,-83.9612
2.55,0,0,125,-83.9646
2.575,0,0,125,-83.968
2.6,0,0,125,-83.9715
2.625,0,0,125,-83.9751
2.65,0,0,125,-83.9787
2.675,0,0,125,-83.9824
2.7,0,0,125,-83.9861
2.725,0,0,125,-83.9898
2.75,0,0,125,-83.9936
2.775,0,0,125,-83.9975
2.8,0,0,125,-84.0013
2.825,0,0,125,-84.0052
2.85,0,0,125,-84.0092
2.875,0,0,125,-84.0131
2.9,0,0,125,-84.0171
2.925,0,0,125,-84.021
2.95,0,0,125,-84.025
2.975,0,0,125,-84.029
3,0,0,125,-84.0331
3.025,0,0,125,-84.0371
3.05,0,0,125,-84.0411
3.075,0,0,125,-84.0451
3.1,0,0,125,-84.0492
3.125,0,0,125,-84.0532
3.15,0,0,125,-84.0571
3.175,0,0,125,-84.0611
3.2,0,0,125,-84.0651
3.225,0,0,125,-84.069
3.25,0,0,125,-84.0729
3.275,0,0,125,-84.0768
3.3,0,0,125,-84.0806
3.325,0,0,125,-84.0844
3.35,0,0,125,-84.0882
3.375,0,0,125,-84.0919
3.4,0,0,125,-84.0956
3.425,0,0,125,-84.0992
3.45,0,0,125,-84.1028
3.475,0,0,125,-84.1064
3.5,0,0,125,-84.1099
3.525,0,0,125,-84.1134
3.55,0,0,125,-84.1168
3.575,0,0,125,-84.1202
3.6,0,0,125,-84.1235
3.625,0,0,125,-84.1267
3.65,0,0,125,-84.1298
3.675,0,0,125,-84.1328
3.7,0,0,125,-84.1358
3.725,0,0,125,-84.1386
3.75,0,0,125,-84.1414
3.775,0,0,125,-84.1441
3.8,0,0,125,-84.1467
3.825,0,0,125,-84.1493
3.85,0,0,125,-84.1517
3.875,0,0,125,-84.1541
3.9,0,0,125,-84.1563
3.925,0,0,125,-84.1585
3.95,0,0,125,-84.1606
3.975,0,0,125,-84.1626
4,0,0,125,-84.1645
4.025,0,0,125,-84.1663
4.05,0,0,125,-84.1681
4.075,0,0,125,-84.1698
4.1,0,0,125,-84.1714
4.125,0,0,125,-84.173
4.15,0,0,125,-84.1745
4.175,0,0,125,-84.1759
4.2,0,0,125,-84.1773
4.225,0,0,125,-84.1786
4.25,0,0,125,-84.1799
4.275,0,0,125,-84.181
4.3,0,0,125,-84.1822
4.325,0,0,125,-84.1832
4.35,0,0,125,-84.1842
4.375,0,0,125,-84.1851
4.4,0,0,125,-84.186
4.425,0,0,125,-84.1867
4.45,0,0,125,-84.1875
4.475,0,0,125,-84.1881
4.5,0,0,125,-84.1887
4.525,0,0,125,-84.1893
4.55,0,0,125,-84.1899
4.575,0,0,125,-84.1904
4.6,0,0,125,-84.1908
4.625,0,0,125,-84.1913
4.65,0,0,125,-84.1917
4.675,0,0,125,-84.192
4.7,0,0,125,-84.1923
4.725,0,0,125,-84.1926
4.75,0,0,125,-84.1928
4.775,0,0,125,-84.193
4.8,0,0,125,-84.1932
4.825,0,0,125,-84.1933
4.85,0,0,125,-84.1934
4.875,0,0,125,-84.1935
4.9,0,0,125,-84.1936
4.925,0,0,125,-84.1936
4.95,0,0,125,-84.1937
4.975,0,0,125,-84.1937
5,0,0,125,-84.1937
