0,0,0,125,-83.341
0.025,0,0,125,-83.3415
0.05,0,0,125,-83.3424
0.075,0,0,125,-83.3437
0.1,0,0,125,-83.3453
0.125,0,0,125,-83.3471
0.15,0,0,125,-83.3491
0.175,0,0,125,-83.3511
0.2,0,0,125,-83.3531
0.225,0,0,125,-83.3551
0.25,0,0,125,-83.3571
0.275,0,0,125,-83.359
0.3,0,0,125,-83.3607
0.325,0,0,125,-83.3624
0.35,0,0,125,-83.3639
0.375,0,0,125,-83.3653
0.4,0,0,125,-83.3665
0.425,0,0,125,-83.3675
0.45,0,0,125,-83.3684
0.475,0,0,125,-83.3691
0.5,0,0,125,-83.3695
0.525,0,0,125,-83.3697
0.55,0,0,125,-83.3697
0.575,0,0,125,-83.3695
0.6,0,0,125,-83.369
0.625,0,0,125,-83.3683
0.65,0,0,125,-83.3673
0.675,0,0,125,-83.366
0.7,0,0,125,-83.3644
0.725,0,0,125,-83.3626
0.75,0,0,125,-83.3604
0.775,0,0,125,-83.358
0.8,0,0,125,-83.3552
0.825,0,0,125,-83.3521
0.85,0,0,125,-83.3487
0.875,0,0,125,-83.3449
0.9,0,0,125,-83.3407
0.925,0,0,125,-83.3361
0.95,0,0,125,-83.3312
0.975,0,0,125,-83.3258
1,0,0,125,-83.32
1.025,0,0,125,-83.3138
1.05,0,0,125,-83.3071
1.075,0,0,125,-83.2999
1.1,0,0,125,-83.2922
1.125,0,0,125,-83.284
1.15,0,0,125,-83.2752
1.175,0,0,125,-83.2659
1.2,0,0,125,-83.2559
1.225,0,0,125,-83.2454
1.25,0,0,125,-83.2342
1.275,0,0,125,-83.2223
1.3,0,0,125,-83.2097
1.325,0,0,125,-83.1963
1.35,0,0,125,-83.1821
1.375,0,0,125,-83.1671
1.4,0,0,125,-83.1512
1.425,0,0,125,-83.1344
1.45,0,0,125,-83.1166
1.475,0,0,125,-83.0977
1.5,0,0,125,-83.0777
1.525,0,0,125,-83.0565
1.55,0,0,125,-83.0341
1.575,0,0,125,-83.0103
1.6,0,0,125,-82.9851
1.625,0,0,125,-82.9583
1.65,0,0,125,-82.9299
1.675,0,0,125,-82.8998
1.7,0,0,125,-82.8677
1.725,0,0,125,-82.8336
1.75,0,0,125,-82.7973
1.775,0,0,125,-82.7586
1.8,0,0,125,-82.7174
1.825,0,0,125,-82.6734
1.85,0,0,125,-82.6264
1.875,0,0,125,-82.5762
1.9,0,0,125,-82.5224
1.925,0,0,125,-82.4648
1.95,0,0,125,-82.403
1.975,0,0,125,-82.3367
2,0,0,125,-82.2655
2.025,0,0,125,-82.1889
2.05,0,0,125,-82.1065
2.075,0,0,125,-82.0178
2.1,0,0,125,-81.9222
2.125,0,0,125,-81.8191
2.15,0,0,125,-81.708
2.175,0,0,125,-81.588
2.2,0,0,125,-81.4586
2.225,0,0,125,-81.3188
2.25,0,0,125,-81.168
2.275,0,0,125,-81.0051
2.3,0,0,125,-80.8294
2.325,0,0,125,-80.6397
2.35,0,0,125,-80.4352
2.375,0,0,125,-80.2147
2.4,0,0,125,-79.9772
2.425,0,0,125,-79.7216
2.45,0,0,125,-79.4468
2.475,0,0,125,-79.1516
2.5,0,0,125,-78.8348
2.525,0,0,125,-78.4955
2.55,0,0,125,-78.1324
2.575,0,0,125,-77.7445
2.6,0,0,125,-77.3308
2.625,0,0,125,-76.8904
2.65,0,0,125,-76.4224
2.675,0,0,125,-75.926
2.7,0,0,125,-75.4008
2.725,0,0,125,-74.8462
2.75,0,0,125,-74.2618
2.775,0,0,125,-73.6476
2.8,0,0,125,-73.0037
2.825,0,0,125,-72.3302
2.85,0,0,125,-71.6277
2.875,0,0,125,-70.8968
2.9,0,0,125,-70.1386
2.925,0,0,125,-69.354
2.95,0,0,125,-68.5445
2.975,0,0,125,-67.7117
3,0,0,125,-66.8573
3.025,0,0,125,-65.9832
3.05,0,0,125,-65.0916
3.075,0,0,125,-64.1847
3.1,0,0,125,-63.2649
3.125,0,0,125,-62.3346
3.15,0,0,125,-61.3964
3.175,0,0,125,-60.4527
3.2,0,0,125,-59.5062
3.225,0,0,125,-58.5592
3.25,0,0,125,-57.6144
3.275,0,0,125,-56.674
3.3,0,0,125,-55.7404
3.325,0,0,125,-54.8157
3.35,0,0,125,-53.9019
3.375,0,0,125,-53.001
3.4,0,0,125,-52.1146
3.425,0,0,125,-51.2443
3.45,0,0,125,-50.3915
3.475,0,0,125,-49.5574
3.5,0,0,125,-48.743
3.525,0,0,125,-47.9491
3.55,0,0,125,-47.1766
3.575,0,0,125,-46.4259
3.6,0,0,125,-45.6974
3.625,0,0,125,-44.9914
3.65,0,0,125,-44.3081
3.675,0,0,125,-43.6474
3.7,0,0,125,-43.0094
3.725,0,0,125,-42.3938
3.75,0,0,125,-41.8003
3.775,0,0,125,-41.2287
3.8,0,0,125,-40.6785
3.825,0,0,125,-40.1494
3.85,0,0,125,-39.6409
3.875,0,0,125,-39.1524
3.9,0,0,125,-38.6834
3.925,0,0,125,-38.2334
3.95,0,0,125,-37.8018
3.975,0,0,125,-37.3881
4,0,0,125,-36.9916
4.025,0,0,125,-36.6119
4.05,0,0,125,-36.2482
4.075,0,0,125,-35.9002
4.1,0,0,125,-35.5672
4.125,0,0,125,-35.2488
4.15,0,0,125,-34.9443
4.175,0,0,125,-34.6533
4.2,0,0,125,-34.3754
4.225,0,0,125,-34.1101
4.25,0,0,125,-33.8569
4.275,0,0,125,-33.6154
4.3,0,0,125,-33.3853
4.325,0,0,125,-33.166
4.35,0,0,125,-32.9574
4.375,0,0,125,-32.759
4.4,0,0,125,-32.5705
4.425,0,0,125,-32.3916
4.45,0,0,125,-32.222
4.475,0,0,125,-32.0615
4.5,0,0,125,-31.9098
4.525,0,0,125,-31.7666
4.55,0,0,125,-31.6319
4.575,0,0,125,-31.5052
4.6,0,0,125,-31.3866
4.625,0,0,125,-31.2758
4.65,0,0,125,-31.1726
4.675,0,0,125,-31.0769
4.7,0,0,125,-30.9887
4.725,0,0,125,-30.9077
4.75,0,0,125,-30.8339
4.775,0,0,125,-30.7672
4.8,0,0,125,-30.7075
4.825,0,0,125,-30.6547
4.85,0,0,125,-30.6088
4.875,0,0,125,-30.5697
4.9,0,0,125,-30.5373
4.925,0,0,125,-30.5116
4.95,0,0,125,-30.4923
4.975,0,0,125,-30.4795
5,0,0,125,-30.4731
