0,0,0,125,-80.2373
0.025,0,0,125,-80.2379
0.05,0,0,125,-80.2393
0.075,0,0,125,-80.2412
0.1,0,0,125,-80.2437
0.125,0,0,125,-80.2468
0.15,0,0,125,-80.2504
0.175,0,0,125,-80.2544
0.2,0,0,125,-80.2589
0.225,0,0,125,-80.264
0.25,0,0,125,-80.2695
0.275,0,0,125,-80.2755
0.3,0,0,125,-80.282
0.325,0,0,125,-80.2892
0.35,0,0,125,-80.2969
0.375,0,0,125,-80.3053
0.4,0,0,125,-80.3143
0.425,0,0,125,-80.324
0.45,0,0,125,-80.3344
0.475,0,0,125,-80.3456
0.5,0,0,125,-80.3576
0.525,0,0,125,-80.3704
0.55,0,0,125,-80.3839
0.575,0,0,125,-80.3984
0.6,0,0,125,-80.4137
0.625,0,0,125,-80.43
0.65,0,0,125,-80.4471
0.675,0,0,125,-80.4652
0.7,0,0,125,-80.4842
0.725,0,0,125,-80.5042
0.75,0,0,125,-80.5252
0.775,0,0,125,-80.5471
0.8,0,0,125,-80.5699
0.825,0,0,125,-80.5938
0.85,0,0,125,-80.6186
0.875,0,0,125,-80.6443
0.9,0,0,125,-80.671
0.925,0,0,125,-80.6987
0.95,0,0,125,-80.7272
0.975,0,0,125,-80.7566
1,0,0,125,-80.7868
1.025,0,0,125,-80.8179
1.05,0,0,125,-80.8498
1.075,0,0,125,-80.8824
1.1,0,0,125,-80.9158
1.125,0,0,125,-80.9498
1.15,0,0,125,-80.9844
1.175,0,0,125,-81.0197
1.2,0,0,125,-81.0554
1.225,0,0,125,-81.0917
1.25,0,0,125,-81.1283
1.275,0,0,125,-81.1654
1.3,0,0,125,-81.2028
1.325,0,0,125,-81.2404
1.35,0,0,125,-81.2783
1.375,0,0,125,-81.3163
1.4,0,0,125,-81.3544
1.425,0,0,125,-81.3925
1.45,0,0,125,-81.4306
1.475,0,0,125,-81.4686
1.5,0,0,125,-81.5065
1.525,0,0,125,-81.5442
1.55,0,0,125,-81.5816
1.575,0,0,125,-81.6188
1.6,0,0,125,-81.6556
1.625,0,0,125,-81.692
1.65,0,0,125,-81.728
1.675,0,0,125,-81.7635
1.7,0,0,125,-81.7985
1.725,0,0,125,-81.8329
1.75,0,0,125,-81.8668
1.775,0,0,125,-81.9001
1.8,0,0,125,-81.9327
1.825,0,0,125,-81.9647
1.85,0,0,125,-81.996
1.875,0,0,125,-82.0267
1.9,0,0,125,-82.0566
1.925,0,0,125,-82.0858
1.95,0,0,125,-82.1143
1.975,0,0,125,-82.1421
2,0,0,125,-82.1691
2.025,0,0,125,-82.1955
2.05,0,0,125,-82.2211
2.075,0,0,125,-82.246
2.1,0,0,125,-82.2703
2.125,0,0,125,-82.2938
2.15,0,0,125,-82.3167
2.175,0,0,125,-82.339
2.2,0,0,125,-82.3606
2.225,0,0,125,-82.3816
2.25,0,0,125,-82.402
2.275,0,0,125,-82.4218
2.3,0,0,125,-82.4411
2.325,0,0,125,-82.4599
2.35,0,0,125,-82.4782
2.375,0,0,125,-82.496
2.4,0,0,125,-82.5134
2.425,0,0,125,-82.5303
2.45,0,0,125,-82.5468
2.475,0,0,125,-82.5629
2.5,0,0,125,-82.5787
2.525,0,0,125,-82.5942
2.55,0,0,125,-82.6093
2.575,0,0,125,-82.6241
2.6,0,0,125,-82.6387
2.625,0,0,125,-82.653
2.65,0,0,125,-82.6671
2.675,0,0,125,-82.6809
2.7,0,0,125,-82.6945
2.725,0,0,125,-82.708
2.75,0,0,125,-82.7213
2.775,0,0,125,-82.7344
2.8,0,0,125,-82.7474
2.825,0,0,125,-82.7602
2.85,0,0,125,-82.7729
2.875,0,0,125,-82.7854
2.9,0,0,125,-82.7979
2.925,0,0,125,-82.8102
2.95,0,0,125,-82.8225
2.975,0,0,125,-82.8346
3,0,0,125,-82.8467
3.025,0,0,125,-82.8586
3.05,0,0,125,-82.8705
3.075,0,0,125,-82.8822
3.1,0,0,125,-82.8939
3.125,0,0,125,-82.9054
3.15,0,0,125,-82.9169
3.175,0,0,125,-82.9282
3.2,0,0,125,-82.9395
3.225,0,0,125,-82.9506
3.25,0,0,125,-82.9616
3.275,0,0,125,-82.9725
3.3,0,0,125,-82.9833
3.325,0,0,125,-82.994
3.35,0,0,125,-83.0045
3.375,0,0,125,-83.0149
3.4,0,0,125,-83.0251
3.425,0,0,125,-83.0352
3.45,0,0,125,-83.0451
3.475,0,0,125,-83.0549
3.5,0,0,125,-83.0645
3.525,0,0,125,-83.0739
3.55,0,0,125,-83.0832
3.575,0,0,125,-83.0923
3.6,0,0,125,-83.1012
3.625,0,0,125,-83.1099
3.65,0,0,125,-83.1184
3.675,0,0,125,-83.1267
3.7,0,0,125,-83.1348
3.725,0,0,125,-83.1427
3.75,0,0,125,-83.1504
3.775,0,0,125,-83.1578
3.8,0,0,125,-83.1651
3.825,0,0,125,-83.1721
3.85,0,0,125,-83.1789
3.875,0,0,125,-83.1855
3.9,0,0,125,-83.1919
3.925,0,0,125,-83.1981
3.95,0,0,125,-83.204
3.975,0,0,125,-83.2097
4,0,0,125,-83.2153
4.025,0,0,125,-83.2206
4.05,0,0,125,-83.2257
4.075,0,0,125,-83.2305
4.1,0,0,125,-83.2352
4.125,0,0,125,-83.2397
4.15,0,0,125,-83.2439
4.175,0,0,125,-83.248
4.2,0,0,125,-83.2518
4.225,0,0,125,-83.2555
4.25,0,0,125,-83.259
4.275,0,0,125,-83.2622
4.3,0,0,125,-83.2653
4.325,0,0,125,-83.2683
4.35,0,0,125,-83.271
4.375,0,0,125,-83.2736
4.4,0,0,125,-83.2761
4.425,0,0,125,-83.2783
4.45,0,0,125,-83.2804
4.475,0,0,125,-83.2824
4.5,0,0,125,-83.2842
4.525,0,0,125,-83.2859
4.55,0,0,125,-83.2874
4.575,0,0,125,-83.2889
4.6,0,0,125,-83.2901
4.625,0,0,125,-83.2913
4.65,0,0,125,-83.2923
4.675,0,0,125,-83.2933
4.7,0,0,125,-83.2941
4.725,0,0,125,-83.2948
4.75,0,0,125,-83.2954
4.775,0,0,125,-83.2959
4.8,0,0,125,-83.2963
4.825,0,0,125,-83.2967
4.85,0,0,125,-83.2969
4.875,0,0,125,-83.2971
4.9,0,0,125,-83.2972
4.925,0,0,125,-83.2973
4.95,0,0,125,-83.2974
4.975,0,0,125,-83.2974
5,0,0,125,-83.2974
