0,0,0,125,-75.9811
0.025,0,0,125,-75.9886
0.05,0,0,125,-76.0038
0.075,0,0,125,-76.0264
0.1,0,0,125,-76.0564
0.125,0,0,125,-76.0937
0.15,0,0,125,-76.1381
0.175,0,0,125,-76.1896
0.2,0,0,125,-76.2479
0.225,0,0,125,-76.3129
0.25,0,0,125,-76.3843
0.275,0,0,125,-76.4617
0.3,0,0,125,-76.5451
0.325,0,0,125,-76.6341
0.35,0,0,125,-76.7284
0.375,0,0,125,-76.8276
0.4,0,0,125,-76.9315
0.425,0,0,125,-77.0397
0.45,0,0,125,-77.1519
0.475,0,0,125,-77.2677
0.5,0,0,125,-77.3868
0.525,0,0,125,-77.5088
0.55,0,0,125,-77.6333
0.575,0,0,125,-77.7601
0.6,0,0,125,-77.8886
0.625,0,0,125,-78.0188
0.65,0,0,125,-78.15
0.675,0,0,125,-78.2822
0.7,0,0,125,-78.4148
0.725,0,0,125,-78.5476
0.75,0,0,125,-78.6804
0.775,0,0,125,-78.8128
0.8,0,0,125,-78.9445
0.825,0,0,125,-79.0753
0.85,0,0,125,-79.2049
0.875,0,0,125,-79.3332
0.9,0,0,125,-79.4598
0.925,0,0,125,-79.5846
0.95,0,0,125,-79.7075
0.975,0,0,125,-79.8282
1,0,0,125,-79.9466
1.025,0,0,125,-80.0625
1.05,0,0,125,-80.1759
1.075,0,0,125,-80.2867
1.1,0,0,125,-80.3946
1.125,0,0,125,-80.4998
1.15,0,0,125,-80.6021
1.175,0,0,125,-80.7015
1.2,0,0,125,-80.7978
1.225,0,0,125,-80.8913
1.25,0,0,125,-80.9817
1.275,0,0,125,-81.0691
1.3,0,0,125,-81.1535
1.325,0,0,125,-81.235
1.35,0,0,125,-81.3135
1.375,0,0,125,-81.3892
1.4,0,0,125,-81.4619
1.425,0,0,125,-81.5319
1.45,0,0,125,-81.5991
1.475,0,0,125,-81.6636
1.5,0,0,125,-81.7255
1.525,0,0,125,-81.7848
1.55,0,0,125,-81.8417
1.575,0,0,125,-81.8961
1.6,0,0,125,-81.9482
1.625,0,0,125,-81.998
1.65,0,0,125,-82.0457
1.675,0,0,125,-82.0913
1.7,0,0,125,-82.1349
1.725,0,0,125,-82.1765
1.75,0,0,125,-82.2163
1.775,0,0,125,-82.2544
1.8,0,0,125,-82.2907
1.825,0,0,125,-82.3254
1.85,0,0,125,-82.3586
1.875,0,0,125,-82.3903
1.9,0,0,125,-82.4207
1.925,0,0,125,-82.4497
1.95,0,0,125,-82.4775
1.975,0,0,125,-82.5042
2,0,0,125,-82.5297
2.025,0,0,125,-82.5541
2.05,0,0,125,-82.5776
2.075,0,0,125,-82.6001
2.1,0,0,125,-82.6217
2.125,0,0,125,-82.6425
2.15,0,0,125,-82.6625
2.175,0,0,125,-82.6818
2.2,0,0,125,-82.7005
2.225,0,0,125,-82.7184
2.25,0,0,125,-82.7358
2.275,0,0,125,-82.7526
2.3,0,0,125,-82.7688
2.325,0,0,125,-82.7845
2.35,0,0,125,-82.7998
2.375,0,0,125,-82.8146
2.4,0,0,125,-82.8291
2.425,0,0,125,-82.8431
2.45,0,0,125,-82.8567
2.475,0,0,125,-82.87
2.5,0,0,125,-82.883
2.525,0,0,125,-82.8957
2.55,0,0,125,-82.908
2.575,0,0,125,-82.9201
2.6,0,0,125,-82.9319
2.625,0,0,125,-82.9435
2.65,0,0,125,-82.9548
2.675,0,0,125,-82.9659
2.7,0,0,125,-82.9768
2.725,0,0,125,-82.9874
2.75,0,0,125,-82.9978
2.775,0,0,125,-83.0081
2.8,0,0,125,-83.0181
2.825,0,0,125,-83.0279
2.85,0,0,125,-83.0376
2.875,0,0,125,-83.0471
2.9,0,0,125,-83.0563
2.925,0,0,125,-83.0654
2.95,0,0,125,-83.0744
2.975,0,0,125,-83.0831
3,0,0,125,-83.0917
3.025,0,0,125,-83.1001
3.05,0,0,125,-83.1084
3.075,0,0,125,-83.1164
3.1,0,0,125,-83.1243
3.125,0,0,125,-83.132
3.15,0,0,125,-83.1396
3.175,0,0,125,-83.147
3.2,0,0,125,-83.1542
3.225,0,0,125,-83.1612
3.25,0,0,125,-83.1681
3.275,0,0,125,-83.1748
3.3,0,0,125,-83.1814
3.325,0,0,125,-83.1877
3.35,0,0,125,-83.1939
3.375,0,0,125,-83.2
3.4,0,0,125,-83.2059
3.425,0,0,125,-83.2116
3.45,0,0,125,-83.2171
3.475,0,0,125,-83.2224
3.5,0,0,125,-83.2276
3.525,0,0,125,-83.2325
3.55,0,0,125,-83.2373
3.575,0,0,125,-83.2419
3.6,0,0,125,-83.2463
3.625,0,0,125,-83.2505
3.65,0,0,125,-83.2546
3.675,0,0,125,-83.2584
3.7,0,0,125,-83.2621
3.725,0,0,125,-83.2657
3.75,0,0,125,-83.269
3.775,0,0,125,-83.2722
3.8,0,0,125,-83.2752
3.825,0,0,125,-83.278
3.85,0,0,125,-83.2806
3.875,0,0,125,-83.2831
3.9,0,0,125,-83.2854
3.925,0,0,125,-83.2875
3.95,0,0,125,-83.2894
3.975,0,0,125,-83.2911
4,0,0,125,-83.2926
4.025,0,0,125,-83.294
4.05,0,0,125,-83.2952
4.075,0,0,125,-83.2962
4.1,0,0,125,-83.297
4.125,0,0,125,-83.2977
4.15,0,0,125,-83.2982
4.175,0,0,125,-83.2985
4.2,0,0,125,-83.2987
4.225,0,0,125,-83.2986
4.25,0,0,125,-83.2985
4.275,0,0,125,-83.2981
4.3,0,0,125,-83.2976
4.325,0,0,125,-83.297
4.35,0,0,125,-83.2961
4.375,0,0,125,-83.2952
4.4,0,0,125,-83.2941
4.425,0,0,125,-83.2928
4.45,0,0,125,-83.2914
4.475,0,0,125,-83.2899
4.5,0,0,125,-83.2883
4.525,0,0,125,-83.2865
4.55,0,0,125,-83.2847
4.575,0,0,125,-83.2827
4.6,0,0,125,-83.2807
4.625,0,0,125,-83.2786
4.65,0,0,125,-83.2764
4.675,0,0,125,-83.2741
4.7,0,0,125,-83.2718
4.725,0,0,125,-83.2695
4.75,0,0,125,-83.2671
4.775,0,0,125,-83.2648
4.8,0,0,125,-83.2625
4.825,0,0,125,-83.2602
4.85,0,0,125,-83.258
4.875,0,0,125,-83.2559
4.9,0,0,125,-83.254
4.925,0,0,125,-83.2524
4.95,0,0,125,-83.2511
4.975,0,0,125,-83.2502
5,0,0,125,-83.2498
