0,0,0,125,-80.9973
0.025,0,0,125,-80.998
0.05,0,0,125,-80.9992
0.075,0,0,125,-81.001
0.1,0,0,125,-81.0034
0.125,0,0,125,-81.0062
0.15,0,0,125,-81.0094
0.175,0,0,125,-81.0129
0.2,0,0,125,-81.0168
0.225,0,0,125,-81.0211
0.25,0,0,125,-81.0256
0.275,0,0,125,-81.0305
0.3,0,0,125,-81.0357
0.325,0,0,125,-81.0413
0.35,0,0,125,-81.0473
0.375,0,0,125,-81.0536
0.4,0,0,125,-81.0604
0.425,0,0,125,-81.0676
0.45,0,0,125,-81.0753
0.475,0,0,125,-81.0835
0.5,0,0,125,-81.0921
0.525,0,0,125,-81.1013
0.55,0,0,125,-81.111
0.575,0,0,125,-81.1213
0.6,0,0,125,-81.1321
0.625,0,0,125,-81.1435
0.65,0,0,125,-81.1555
0.675,0,0,125,-81.1681
0.7,0,0,125,-81.1813
0.725,0,0,125,-81.1951
0.75,0,0,125,-81.2096
0.775,0,0,125,-81.2247
0.8,0,0,125,-81.2404
0.825,0,0,125,-81.2568
0.85,0,0,125,-81.2738
0.875,0,0,125,-81.2914
0.9,0,0,125,-81.3096
0.925,0,0,125,-81.3284
0.95,0,0,125,-81.3478
0.975,0,0,125,-81.3678
1,0,0,125,-81.3884
1.025,0,0,125,-81.4095
1.05,0,0,125,-81.4312
1.075,0,0,125,-81.4533
1.1,0,0,125,-81.4759
1.125,0,0,125,-81.499
1.15,0,0,125,-81.5224
1.175,0,0,125,-81.5463
1.2,0,0,125,-81.5705
1.225,0,0,125,-81.5951
1.25,0,0,125,-81.62
1.275,0,0,125,-81.6451
1.3,0,0,125,-81.6704
1.325,0,0,125,-81.6959
1.35,0,0,125,-81.7215
1.375,0,0,125,-81.7473
1.4,0,0,125,-81.7731
1.425,0,0,125,-81.799
1.45,0,0,125,-81.8248
1.475,0,0,125,-81.8506
1.5,0,0,125,-81.8764
1.525,0,0,125,-81.902
1.55,0,0,125,-81.9275
1.575,0,0,125,-81.9528
1.6,0,0,125,-81.9779
1.625,0,0,125,-82.0028
1.65,0,0,125,-82.0274
1.675,0,0,125,-82.0517
1.7,0,0,125,-82.0757
1.725,0,0,125,-82.0993
1.75,0,0,125,-82.1226
1.775,0,0,125,-82.1456
1.8,0,0,125,-82.1681
1.825,0,0,125,-82.1902
1.85,0,0,125,-82.212
1.875,0,0,125,-82.2333
1.9,0,0,125,-82.2542
1.925,0,0,125,-82.2746
1.95,0,0,125,-82.2946
1.975,0,0,125,-82.3142
2,0,0,125,-82.3334
2.025,0,0,125,-82.3521
2.05,0,0,125,-82.3704
2.075,0,0,125,-82.3883
2.1,0,0,125,-82.4058
2.125,0,0,125,-82.4229
2.15,0,0,125,-82.4396
2.175,0,0,125,-82.4559
2.2,0,0,125,-82.4718
2.225,0,0,125,-82.4875
2.25,0,0,125,-82.5027
2.275,0,0,125,-82.5177
2.3,0,0,125,-82.5324
2.325,0,0,125,-82.5468
2.35,0,0,125,-82.5609
2.375,0,0,125,-82.5747
2.4,0,0,125,-82.5883
2.425,0,0,125,-82.6017
2.45,0,0,125,-82.6149
2.475,0,0,125,-82.6279
2.5,0,0,125,-82.6408
2.525,0,0,125,-82.6534
2.55,0,0,125,-82.6659
2.575,0,0,125,-82.6783
2.6,0,0,125,-82.6906
2.625,0,0,125,-82.7027
2.65,0,0,125,-82.7147
2.675,0,0,125,-82.7267
2.7,0,0,125,-82.7386
2.725,0,0,125,-82.7504
2.75,0,0,125,-82.7621
2.775,0,0,125,-82.7738
2.8,0,0,125,-82.7854
2.825,0,0,125,-82.7969
2.85,0,0,125,-82.8084
2.875,0,0,125,-82.8199
2.9,0,0,125,-82.8313
2.925,0,0,125,-82.8427
2.95,0,0,125,-82.8541
2.975,0,0,125,-82.8654
3,0,0,125,-82.8766
3.025,0,0,125,-82.8878
3.05,0,0,125,-82.899
3.075,0,0,125,-82.9101
3.1,0,0,125,-82.9212
3.125,0,0,125,-82.9322
3.15,0,0,125,-82.9431
3.175,0,0,125,-82.954
3.2,0,0,125,-82.9648
3.225,0,0,125,-82.9755
3.25,0,0,125,-82.9861
3.275,0,0,125,-82.9966
3.3,0,0,125,-83.0071
3.325,0,0,125,-83.0174
3.35,0,0,125,-83.0276
3.375,0,0,125,-83.0377
3.4,0,0,125,-83.0476
3.425,0,0,125,-83.0575
3.45,0,0,125,-83.0671
3.475,0,0,125,-83.0766
3.5,0,0,125,-83.086
3.525,0,0,125,-83.0953
3.55,0,0,125,-83.1043
3.575,0,0,125,-83.1132
3.6,0,0,125,-83.1219
3.625,0,0,125,-83.1304
3.65,0,0,125,-83.1387
3.675,0,0,125,-83.1468
3.7,0,0,125,-83.1548
3.725,0,0,125,-83.1625
3.75,0,0,125,-83.1701
3.775,0,0,125,-83.1774
3.8,0,0,125,-83.1846
3.825,0,0,125,-83.1915
3.85,0,0,125,-83.1982
3.875,0,0,125,-83.2047
3.9,0,0,125,-83.211
3.925,0,0,125,-83.2171
3.95,0,0,125,-83.223
3.975,0,0,125,-83.2286
4,0,0,125,-83.2341
4.025,0,0,125,-83.2393
4.05,0,0,125,-83.2444
4.075,0,0,125,-83.2492
4.1,0,0,125,-83.2538
4.125,0,0,125,-83.2582
4.15,0,0,125,-83.2624
4.175,0,0,125,-83.2664
4.2,0,0,125,-83.2702
4.225,0,0,125,-83.2739
4.25,0,0,125,-83.2773
4.275,0,0,125,-83.2806
4.3,0,0,125,-83.2837
4.325,0,0,125,-83.2866
4.35,0,0,125,-83.2894
4.375,0,0,125,-83.292
4.4,0,0,125,-83.2944
4.425,0,0,125,-83.2966
4.45,0,0,125,-83.2987
4.475,0,0,125,-83.3007
4.5,0,0,125,-83.3025
4.525,0,0,125,-83.3042
4.55,0,0,125,-83.3057
4.575,0,0,125,-83.3071
4.6,0,0,125,-83.3084
4.625,0,0,125,-83.3095
4.65,0,0,125,-83.3105
4.675,0,0,125,-83.3114
4.7,0,0,125,-83.3122
4.725,0,0,125,-83.3129
4.75,0,0,125,-83.3135
4.775,0,0,125,-83.314
4.8,0,0,125,-83.3144
4.825,0,0,125,-83.3147
4.85,0,0,125,-83.3149
4.875,0,0,125,-83.3151
4.9,0,0,125,-83.3152
4.925,0,0,125,-83.3153
4.95,0,0,125,-83.3153
4.975,0,0,125,-83.3153
5,0,0,125,-83.3153
