0,0,0,125,7.52915
0.025,0,0,125,7.52411
0.05,0,0,125,7.51382
0.075,0,0,125,7.49777
0.1,0,0,125,7.47518
0.125,0,0,125,7.44516
0.15,0,0,125,7.40696
0.175,0,0,125,7.36023
0.2,0,0,125,7.30508
0.225,0,0,125,7.24187
0.25,0,0,125,7.17106
0.275,0,0,125,7.09314
0.3,0,0,125,7.00861
0.325,0,0,125,6.91796
0.35,0,0,125,6.82166
0.375,0,0,125,6.72017
0.4,0,0,125,6.61393
0.425,0,0,125,6.50337
0.45,0,0,125,6.38889
0.475,0,0,125,6.27087
0.5,0,0,125,6.1497
0.525,0,0,125,6.0257
0.55,0,0,125,5.89921
0.575,0,0,125,5.77054
0.6,0,0,125,5.63997
0.625,0,0,125,5.50777
0.65,0,0,125,5.37418
0.675,0,0,125,5.23943
0.7,0,0,125,5.10374
0.725,0,0,125,4.96728
0.75,0,0,125,4.83023
0.775,0,0,125,4.69274
0.8,0,0,125,4.55495
0.825,0,0,125,4.41698
0.85,0,0,125,4.27893
0.875,0,0,125,4.14088
0.9,0,0,125,4.00292
0.925,0,0,125,3.86509
0.95,0,0,125,3.72746
0.975,0,0,125,3.59004
1,0,0,125,3.45288
1.025,0,0,125,3.31597
1.05,0,0,125,3.17933
1.075,0,0,125,3.04295
1.1,0,0,125,2.90682
1.125,0,0,125,2.77092
1.15,0,0,125,2.63522
1.175,0,0,125,2.4997
1.2,0,0,125,2.36433
1.225,0,0,125,2.22906
1.25,0,0,125,2.09385
1.275,0,0,125,1.95867
1.3,0,0,125,1.82348
1.325,0,0,125,1.68824
1.35,0,0,125,1.5529
1.375,0,0,125,1.41743
1.4,0,0,125,1.2818
1.425,0,0,125,1.14597
1.45,0,0,125,1.00992
1.475,0,0,125,0.873631
1.5,0,0,125,0.737084
1.525,0,0,125,0.600272
1.55,0,0,125,0.463196
1.575,0,0,125,0.32586
1.6,0,0,125,0.188281
1.625,0,0,125,0.0504809
1.65,0,0,125,-0.0875071
1.675,0,0,125,-0.225642
1.7,0,0,125,-0.363872
1.725,0,0,125,-0.502139
1.75,0,0,125,-0.640372
1.775,0,0,125,-0.778494
1.8,0,0,125,-0.916416
1.825,0,0,125,-1.05404
1.85,0,0,125,-1.19127
1.875,0,0,125,-1.32798
1.9,0,0,125,-1.46406
1.925,0,0,125,-1.59938
1.95,0,0,125,-1.7338
1.975,0,0,125,-1.86719
2,0,0,125,-1.9994
2.025,0,0,125,-2.13028
2.05,0,0,125,-2.25969
2.075,0,0,125,-2.38745
2.1,0,0,125,-2.51342
2.125,0,0,125,-2.63743
2.15,0,0,125,-2.75932
2.175,0,0,125,-2.87893
2.2,0,0,125,-2.99608
2.225,0,0,125,-3.11061
2.25,0,0,125,-3.22236
2.275,0,0,125,-3.33117
2.3,0,0,125,-3.43686
2.325,0,0,125,-3.53927
2.35,0,0,125,-3.63825
2.375,0,0,125,-3.73364
2.4,0,0,125,-3.82526
2.425,0,0,125,-3.91297
2.45,0,0,125,-3.99662
2.475,0,0,125,-4.07604
2.5,0,0,125,-4.15109
2.525,0,0,125,-4.22162
2.55,0,0,125,-4.28748
2.575,0,0,125,-4.34853
2.6,0,0,125,-4.40461
2.625,0,0,125,-4.4556
2.65,0,0,125,-4.50134
2.675,0,0,125,-4.54169
2.7,0,0,125,-4.57652
2.725,0,0,125,-4.60569
2.75,0,0,125,-4.62905
2.775,0,0,125,-4.64647
2.8,0,0,125,-4.65782
2.825,0,0,125,-4.66294
2.85,0,0,125,-4.6617
2.875,0,0,125,-4.65396
2.9,0,0,125,-4.63958
2.925,0,0,125,-4.61841
2.95,0,0,125,-4.5903
2.975,0,0,125,-4.5551
3,0,0,125,-4.51267
3.025,0,0,125,-4.46285
3.05,0,0,125,-4.40548
3.075,0,0,125,-4.3404
3.1,0,0,125,-4.26744
3.125,0,0,125,-4.18643
3.15,0,0,125,-4.0972
3.175,0,0,125,-3.99957
3.2,0,0,125,-3.89335
3.225,0,0,125,-3.77836
3.25,0,0,125,-3.6544
3.275,0,0,125,-3.52125
3.3,0,0,125,-3.37873
3.325,0,0,125,-3.2266
3.35,0,0,125,-3.06465
3.375,0,0,125,-2.89264
3.4,0,0,125,-2.71035
3.425,0,0,125,-2.51753
3.45,0,0,125,-2.31392
3.475,0,0,125,-2.09927
3.5,0,0,125,-1.87331
3.525,0,0,125,-1.63578
3.55,0,0,125,-1.3864
3.575,0,0,125,-1.12491
3.6,0,0,125,-0.851021
3.625,0,0,125,-0.564475
3.65,0,0,125,-0.26502
3.675,0,0,125,0.0475756
3.7,0,0,125,0.373503
3.725,0,0,125,0.712898
3.75,0,0,125,1.06581
3.775,0,0,125,1.43218
3.8,0,0,125,1.81175
3.825,0,0,125,2.20402
3.85,0,0,125,2.60811
3.875,0,0,125,3.02262
3.9,0,0,125,3.44539
3.925,0,0,125,3.87321
3.95,0,0,125,4.30132
3.975,0,0,125,4.72279
4,0,0,125,5.12758
4.025,0,0,125,5.50117
4.05,0,0,125,5.82264
4.075,0,0,125,6.06181
4.1,0,0,125,6.17501
4.125,0,0,125,6.0988
4.15,0,0,125,5.74034
4.175,0,0,125,4.96248
4.2,0,0,125,3.5601
4.225,0,0,125,1.22227
4.25,0,0,125,-2.52703
4.275,0,0,125,-8.40934
4.3,0,0,125,-17.4194
4.325,0,0,125,-30.2608
4.35,0,0,125,-44.3476
4.375,0,0,125,-55.5938
4.4,0,0,125,-63.6833
4.425,0,0,125,-69.3811
4.45,0,0,125,-73.3689
4.475,0,0,125,-76.1503
4.5,0,0,125,-78.0855
4.525,0,0,125,-79.4293
4.55,0,0,125,-80.361
4.575,0,0,125,-81.0061
4.6,0,0,125,-81.452
4.625,0,0,125,-81.7598
4.65,0,0,125,-81.9718
4.675,0,0,125,-82.1176
4.7,0,0,125,-82.2175
4.725,0,0,125,-82.2857
4.75,0,0,125,-82.3321
4.775,0,0,125,-82.3634
4.8,0,0,125,-82.3843
4.825,0,0,125,-82.3982
4.85,0,0,125,-82.4072
4.875,0,0,125,-82.413
4.9,0,0,125,-82.4166
4.925,0,0,125,-82.4187
4.95,0,0,125,-82.4199
4.975,0,0,125,-82.4206
5,0,0,125,-82.4209
