0,0,0,125,-30.5226
0.025,0,0,125,-30.5177
0.05,0,0,125,-30.508
0.075,0,0,125,-30.4937
0.1,0,0,125,-30.475
0.125,0,0,125,-30.4525
0.15,0,0,125,-30.4264
0.175,0,0,125,-30.3969
0.2,0,0,125,-30.3645
0.225,0,0,125,-30.3291
0.25,0,0,125,-30.291
0.275,0,0,125,-30.2502
0.3,0,0,125,-30.2069
0.325,0,0,125,-30.1612
0.35,0,0,125,-30.1132
0.375,0,0,125,-30.063
0.4,0,0,125,-30.0107
0.425,0,0,125,-29.9564
0.45,0,0,125,-29.9002
0.475,0,0,125,-29.8422
0.5,0,0,125,-29.7824
0.525,0,0,125,-29.7209
0.55,0,0,125,-29.6579
0.575,0,0,125,-29.5933
0.6,0,0,125,-29.5273
0.625,0,0,125,-29.4599
0.65,0,0,125,-29.3912
0.675,0,0,125,-29.3213
0.7,0,0,125,-29.2502
0.725,0,0,125,-29.1779
0.75,0,0,125,-29.1046
0.775,0,0,125,-29.0303
0.8,0,0,125,-28.9549
0.825,0,0,125,-28.8787
0.85,0,0,125,-28.8016
0.875,0,0,125,-28.7237
0.9,0,0,125,-28.645
0.925,0,0,125,-28.5656
0.95,0,0,125,-28.4855
0.975,0,0,125,-28.4047
1,0,0,125,-28.3233
1.025,0,0,125,-28.2413
1.05,0,0,125,-28.1588
1.075,0,0,125,-28.0758
1.1,0,0,125,-27.9923
1.125,0,0,125,-27.9083
1.15,0,0,125,-27.8239
1.175,0,0,125,-27.7391
1.2,0,0,125,-27.654
1.225,0,0,125,-27.5685
1.25,0,0,125,-27.4828
1.275,0,0,125,-27.3967
1.3,0,0,125,-27.3104
1.325,0,0,125,-27.2238
1.35,0,0,125,-27.137
1.375,0,0,125,-27.05
1.4,0,0,125,-26.9628
1.425,0,0,125,-26.8755
1.45,0,0,125,-26.788
1.475,0,0,125,-26.7004
1.5,0,0,125,-26.6126
1.525,0,0,125,-26.5248
1.55,0,0,125,-26.4368
1.575,0,0,125,-26.3488
1.6,0,0,125,-26.2608
1.625,0,0,125,-26.1726
1.65,0,0,125,-26.0845
1.675,0,0,125,-25.9963
1.7,0,0,125,-25.9081
1.725,0,0,125,-25.8199
1.75,0,0,125,-25.7318
1.775,0,0,125,-25.6436
1.8,0,0,125,-25.5554
1.825,0,0,125,-25.4673
1.85,0,0,125,-25.3793
1.875,0,0,125,-25.2913
1.9,0,0,125,-25.2033
1.925,0,0,125,-25.1154
1.95,0,0,125,-25.0276
1.975,0,0,125,-24.9398
2,0,0,125,-24.8522
2.025,0,0,125,-24.7646
2.05,0,0,125,-24.6771
2.075,0,0,125,-24.5897
2.1,0,0,125,-24.5025
2.125,0,0,125,-24.4153
2.15,0,0,125,-24.3282
2.175,0,0,125,-24.2413
2.2,0,0,125,-24.1545
2.225,0,0,125,-24.0678
2.25,0,0,125,-23.9813
2.275,0,0,125,-23.8949
2.3,0,0,125,-23.8086
2.325,0,0,125,-23.7225
2.35,0,0,125,-23.6365
2.375,0,0,125,-23.5507
2.4,0,0,125,-23.465
2.425,0,0,125,-23.3795
2.45,0,0,125,-23.2941
2.475,0,0,125,-23.2089
2.5,0,0,125,-23.1238
2.525,0,0,125,-23.039
2.55,0,0,125,-22.9543
2.575,0,0,125,-22.8697
2.6,0,0,125,-22.7853
2.625,0,0,125,-22.7012
2.65,0,0,125,-22.6171
2.675,0,0,125,-22.5333
2.7,0,0,125,-22.4497
2.725,0,0,125,-22.3662
2.75,0,0,125,-22.2829
2.775,0,0,125,-22.1998
2.8,0,0,125,-22.1169
2.825,0,0,125,-22.0342
2.85,0,0,125,-21.9517
2.875,0,0,125,-21.8694
2.9,0,0,125,-21.7873
2.925,0,0,125,-21.7054
2.95,0,0,125,-21.6237
2.975,0,0,125,-21.5422
3,0,0,125,-21.4609
3.025,0,0,125,-21.3798
3.05,0,0,125,-21.2989
3.075,0,0,125,-21.2183
3.1,0,0,125,-21.1379
3.125,0,0,125,-21.0577
3.15,0,0,125,-20.9777
3.175,0,0,125,-20.8979
3.2,0,0,125,-20.8184
3.225,0,0,125,-20.7391
3.25,0,0,125,-20.6601
3.275,0,0,125,-20.5813
3.3,0,0,125,-20.5027
3.325,0,0,125,-20.4244
3.35,0,0,125,-20.3464
3.375,0,0,125,-20.2686
3.4,0,0,125,-20.1911
3.425,0,0,125,-20.1138
3.45,0,0,125,-20.0369
3.475,0,0,125,-19.9602
3.5,0,0,125,-19.8838
3.525,0,0,125,-19.8077
3.55,0,0,125,-19.732
3.575,0,0,125,-19.6565
3.6,0,0,125,-19.5814
3.625,0,0,125,-19.5066
3.65,0,0,125,-19.4321
3.675,0,0,125,-19.358
3.7,0,0,125,-19.2843
3.725,0,0,125,-19.2109
3.75,0,0,125,-19.1379
3.775,0,0,125,-19.0654
3.8,0,0,125,-18.9932
3.825,0,0,125,-18.9215
3.85,0,0,125,-18.8502
3.875,0,0,125,-18.7794
3.9,0,0,125,-18.709
3.925,0,0,125,-18.6392
3.95,0,0,125,-18.5699
3.975,0,0,125,-18.5011
4,0,0,125,-18.4328
4.025,0,0,125,-18.3652
4.05,0,0,125,-18.2982
4.075,0,0,125,-18.2318
4.1,0,0,125,-18.166
4.125,0,0,125,-18.101
4.15,0,0,125,-18.0367
4.175,0,0,125,-17.9731
4.2,0,0,125,-17.9103
4.225,0,0,125,-17.8483
4.25,0,0,125,-17.7872
4.275,0,0,125,-17.727
4.3,0,0,125,-17.6677
4.325,0,0,125,-17.6095
4.35,0,0,125,-17.5522
4.375,0,0,125,-17.4961
4.4,0,0,125,-17.4411
4.425,0,0,125,-17.3873
4.45,0,0,125,-17.3348
4.475,0,0,125,-17.2836
4.5,0,0,125,-17.2338
4.525,0,0,125,-17.1854
4.55,0,0,125,-17.1386
4.575,0,0,125,-17.0934
4.6,0,0,125,-17.0499
4.625,0,0,125,-17.0082
4.65,0,0,125,-16.9683
4.675,0,0,125,-16.9303
4.7,0,0,125,-16.8944
4.725,0,0,125,-16.8607
4.75,0,0,125,-16.8291
4.775,0,0,125,-16.7999
4.8,0,0,125,-16.7732
4.825,0,0,125,-16.749
4.85,0,0,125,-16.7275
4.875,0,0,125,-16.7087
4.9,0,0,125,-16.6929
4.925,0,0,125,-16.68
4.95,0,0,125,-16.6702
4.975,0,0,125,-16.6637
5,0,0,125,-16.6604
