0,0,0,125,-83.2678
0.025,0,0,125,-83.2681
0.05,0,0,125,-83.2688
0.075,0,0,125,-83.2698
0.1,0,0,125,-83.2711
0.125,0,0,125,-83.2726
0.15,0,0,125,-83.2742
0.175,0,0,125,-83.2758
0.2,0,0,125,-83.2775
0.225,0,0,125,-83.2793
0.25,0,0,125,-83.2811
0.275,0,0,125,-83.2828
0.3,0,0,125,-83.2846
0.325,0,0,125,-83.2863
0.35,0,0,125,-83.2881
0.375,0,0,125,-83.2898
0.4,0,0,125,-83.2915
0.425,0,0,125,-83.2931
0.45,0,0,125,-83.2948
0.475,0,0,125,-83.2965
0.5,0,0,125,-83.2981
0.525,0,0,125,-83.2997
0.55,0,0,125,-83.3013
0.575,0,0,125,-83.3029
0.6,0,0,125,-83.3044
0.625,0,0,125,-83.306
0.65,0,0,125,-83.3075
0.675,0,0,125,-83.309
0.7,0,0,125,-83.3105
0.725,0,0,125,-83.312
0.75,0,0,125,-83.3135
0.775,0,0,125,-83.315
0.8,0,0,125,-83.3164
0.825,0,0,125,-83.3179
0.85,0,0,125,-83.3194
0.875,0,0,125,-83.3208
0.9,0,0,125,-83.3223
0.925,0,0,125,-83.3238
0.95,0,0,125,-83.3253
0.975,0,0,125,-83.3268
1,0,0,125,-83.3284
1.025,0,0,125,-83.3299
1.05,0,0,125,-83.3315
1.075,0,0,125,-83.3331
1.1,0,0,125,-83.3347
1.125,0,0,125,-83.3363
1.15,0,0,125,-83.3379
1.175,0,0,125,-83.3395
1.2,0,0,125,-83.3412
1.225,0,0,125,-83.3429
1.25,0,0,125,-83.3446
1.275,0,0,125,-83.3464
1.3,0,0,125,-83.3482
1.325,0,0,125,-83.35
1.35,0,0,125,-83.3519
1.375,0,0,125,-83.3538
1.4,0,0,125,-83.3558
1.425,0,0,125,-83.3578
1.45,0,0,125,-83.3598
1.475,0,0,125,-83.3619
1.5,0,0,125,-83.3639
1.525,0,0,125,-83.3661
1.55,0,0,125,-83.3682
1.575,0,0,125,-83.3704
1.6,0,0,125,-83.3727
1.625,0,0,125,-83.375
1.65,0,0,125,-83.3774
1.675,0,0,125,-83.3798
1.7,0,0,125,-83.3823
1.725,0,0,125,-83.3848
1.75,0,0,125,-83.3874
1.775,0,0,125,-83.3901
1.8,0,0,125,-83.3928
1.825,0,0,125,-83.3956
1.85,0,0,125,-83.3984
1.875,0,0,125,-83.4013
1.9,0,0,125,-83.4043
1.925,0,0,125,-83.4074
1.95,0,0,125,-83.4106
1.975,0,0,125,-83.4139
2,0,0,125,-83.4172
2.025,0,0,125,-83.4206
2.05,0,0,125,-83.4242
2.075,0,0,125,-83.4277
2.1,0,0,125,-83.4314
2.125,0,0,125,-83.4352
2.15,0,0,125,-83.4391
2.175,0,0,125,-83.4431
2.2,0,0,125,-83.4471
2.225,0,0,125,-83.4513
2.25,0,0,125,-83.4555
2.275,0,0,125,-83.4599
2.3,0,0,125,-83.4643
2.325,0,0,125,-83.4688
2.35,0,0,125,-83.4734
2.375,0,0,125,-83.4781
2.4,0,0,125,-83.4829
2.425,0,0,125,-83.4879
2.45,0,0,125,-83.4929
2.475,0,0,125,-83.4981
2.5,0,0,125,-83.5034
2.525,0,0,125,-83.5087
2.55,0,0,125,-83.5142
2.575,0,0,125,-83.5198
2.6,0,0,125,-83.5255
2.625,0,0,125,-83.5312
2.65,0,0,125,-83.537
2.675,0,0,125,-83.5429
2.7,0,0,125,-83.5489
2.725,0,0,125,-83.555
2.75,0,0,125,-83.5611
2.775,0,0,125,-83.5673
2.8,0,0,125,-83.5735
2.825,0,0,125,-83.5799
2.85,0,0,125,-83.5863
2.875,0,0,125,-83.5927
2.9,0,0,125,-83.5991
2.925,0,0,125,-83.6056
2.95,0,0,125,-83.6122
2.975,0,0,125,-83.6187
3,0,0,125,-83.6253
3.025,0,0,125,-83.6319
3.05,0,0,125,-83.6386
3.075,0,0,125,-83.6452
3.1,0,0,125,-83.6518
3.125,0,0,125,-83.6585
3.15,0,0,125,-83.6651
3.175,0,0,125,-83.6717
3.2,0,0,125,-83.6783
3.225,0,0,125,-83.6849
3.25,0,0,125,-83.6914
3.275,0,0,125,-83.6978
3.3,0,0,125,-83.7042
3.325,0,0,125,-83.7106
3.35,0,0,125,-83.7168
3.375,0,0,125,-83.723
3.4,0,0,125,-83.7292
3.425,0,0,125,-83.7352
3.45,0,0,125,-83.7412
3.475,0,0,125,-83.7471
3.5,0,0,125,-83.7528
3.525,0,0,125,-83.7585
3.55,0,0,125,-83.7641
3.575,0,0,125,-83.7696
3.6,0,0,125,-83.775
3.625,0,0,125,-83.7803
3.65,0,0,125,-83.7855
3.675,0,0,125,-83.7905
3.7,0,0,125,-83.7954
3.725,0,0,125,-83.8003
3.75,0,0,125,-83.805
3.775,0,0,125,-83.8095
3.8,0,0,125,-83.8139
3.825,0,0,125,-83.8182
3.85,0,0,125,-83.8224
3.875,0,0,125,-83.8264
3.9,0,0,125,-83.8303
3.925,0,0,125,-83.834
3.95,0,0,125,-83.8376
3.975,0,0,125,-83.8411
4,0,0,125,-83.8444
4.025,0,0,125,-83.8476
4.05,0,0,125,-83.8506
4.075,0,0,125,-83.8535
4.1,0,0,125,-83.8563
4.125,0,0,125,-83.859
4.15,0,0,125,-83.8616
4.175,0,0,125,-83.864
4.2,0,0,125,-83.8663
4.225,0,0,125,-83.8686
4.25,0,0,125,-83.8707
4.275,0,0,125,-83.8727
4.3,0,0,125,-83.8745
4.325,0,0,125,-83.8763
4.35,0,0,125,-83.8779
4.375,0,0,125,-83.8795
4.4,0,0,125,-83.8809
4.425,0,0,125,-83.8823
4.45,0,0,125,-83.8836
4.475,0,0,125,-83.8848
4.5,0,0,125,-83.8859
4.525,0,0,125,-83.8869
4.55,0,0,125,-83.8878
4.575,0,0,125,-83.8886
4.6,0,0,125,-83.8894
4.625,0,0,125,-83.8901
4.65,0,0,125,-83.8907
4.675,0,0,125,-83.8913
4.7,0,0,125,-83.8918
4.725,0,0,125,-83.8922
4.75,0,0,125,-83.8926
4.775,0,0,125,-83.8929
4.8,0,0,125,-83.8932
4.825,0,0,125,-83.8934
4.85,0,0,125,-83.8935
4.875,0,0,125,-83.8937
4.9,0,0,125,-83.8938
4.925,0,0,125,-83.8938
4.95,0,0,125,-83.8939
4.975,0,0,125,-83.8939
5,0,0,125,-83.8939
