0,0,0,125,-15.4855
0.025,0,0,125,-15.4812
0.05,0,0,125,-15.4729
0.075,0,0,125,-15.4607
0.1,0,0,125,-15.445
0.125,0,0,125,-15.426
0.15,0,0,125,-15.4043
0.175,0,0,125,-15.3801
0.2,0,0,125,-15.3535
0.225,0,0,125,-15.3249
0.25,0,0,125,-15.2942
0.275,0,0,125,-15.2616
0.3,0,0,125,-15.2272
0.325,0,0,125,-15.1911
0.35,0,0,125,-15.1534
0.375,0,0,125,-15.1142
0.4,0,0,125,-15.0735
0.425,0,0,125,-15.0315
0.45,0,0,125,-14.9883
0.475,0,0,125,-14.9438
0.5,0,0,125,-14.8982
0.525,0,0,125,-14.8515
0.55,0,0,125,-14.8039
0.575,0,0,125,-14.7553
0.6,0,0,125,-14.7058
0.625,0,0,125,-14.6554
0.65,0,0,125,-14.6043
0.675,0,0,125,-14.5524
0.7,0,0,125,-14.4999
0.725,0,0,125,-14.4467
0.75,0,0,125,-14.3929
0.775,0,0,125,-14.3386
0.8,0,0,125,-14.2837
0.825,0,0,125,-14.2283
0.85,0,0,125,-14.1724
0.875,0,0,125,-14.1162
0.9,0,0,125,-14.0595
0.925,0,0,125,-14.0024
0.95,0,0,125,-13.945
0.975,0,0,125,-13.8873
1,0,0,125,-13.8293
1.025,0,0,125,-13.7711
1.05,0,0,125,-13.7126
1.075,0,0,125,-13.6538
1.1,0,0,125,-13.5949
1.125,0,0,125,-13.5357
1.15,0,0,125,-13.4764
1.175,0,0,125,-13.417
1.2,0,0,125,-13.3574
1.225,0,0,125,-13.2977
1.25,0,0,125,-13.2379
1.275,0,0,125,-13.178
1.3,0,0,125,-13.1181
1.325,0,0,125,-13.058
1.35,0,0,125,-12.9979
1.375,0,0,125,-12.9378
1.4,0,0,125,-12.8777
1.425,0,0,125,-12.8175
1.45,0,0,125,-12.7573
1.475,0,0,125,-12.6971
1.5,0,0,125,-12.6369
1.525,0,0,125,-12.5767
1.55,0,0,125,-12.5165
1.575,0,0,125,-12.4563
1.6,0,0,125,-12.3962
1.625,0,0,125,-12.3361
1.65,0,0,125,-12.2761
1.675,0,0,125,-12.2161
1.7,0,0,125,-12.1561
1.725,0,0,125,-12.0962
1.75,0,0,125,-12.0363
1.775,0,0,125,-11.9766
1.8,0,0,125,-11.9169
1.825,0,0,125,-11.8572
1.85,0,0,125,-11.7977
1.875,0,0,125,-11.7382
1.9,0,0,125,-11.6788
1.925,0,0,125,-11.6194
1.95,0,0,125,-11.5602
1.975,0,0,125,-11.501
2,0,0,125,-11.442
2.025,0,0,125,-11.383
2.05,0,0,125,-11.3241
2.075,0,0,125,-11.2653
2.1,0,0,125,-11.2066
2.125,0,0,125,-11.148
2.15,0,0,125,-11.0896
2.175,0,0,125,-11.0312
2.2,0,0,125,-10.9729
2.225,0,0,125,-10.9147
2.25,0,0,125,-10.8566
2.275,0,0,125,-10.7987
2.3,0,0,125,-10.7408
2.325,0,0,125,-10.683
2.35,0,0,125,-10.6254
2.375,0,0,125,-10.5678
2.4,0,0,125,-10.5104
2.425,0,0,125,-10.4531
2.45,0,0,125,-10.3959
2.475,0,0,125,-10.3388
2.5,0,0,125,-10.2818
2.525,0,0,125,-10.2249
2.55,0,0,125,-10.1682
2.575,0,0,125,-10.1115
2.6,0,0,125,-10.055
2.625,0,0,125,-9.99855
2.65,0,0,125,-9.94225
2.675,0,0,125,-9.88606
2.7,0,0,125,-9.82999
2.725,0,0,125,-9.77403
2.75,0,0,125,-9.71819
2.775,0,0,125,-9.66246
2.8,0,0,125,-9.60686
2.825,0,0,125,-9.55137
2.85,0,0,125,-9.496
2.875,0,0,125,-9.44074
2.9,0,0,125,-9.38561
2.925,0,0,125,-9.33059
2.95,0,0,125,-9.27569
2.975,0,0,125,-9.22091
3,0,0,125,-9.16624
3.025,0,0,125,-9.1117
3.05,0,0,125,-9.05728
3.075,0,0,125,-9.00298
3.1,0,0,125,-8.94879
3.125,0,0,125,-8.89473
3.15,0,0,125,-8.8408
3.175,0,0,125,-8.78699
3.2,0,0,125,-8.7333
3.225,0,0,125,-8.67974
3.25,0,0,125,-8.62631
3.275,0,0,125,-8.57301
3.3,0,0,125,-8.51983
3.325,0,0,125,-8.46679
3.35,0,0,125,-8.41389
3.375,0,0,125,-8.36112
3.4,0,0,125,-8.30849
3.425,0,0,125,-8.256
3.45,0,0,125,-8.20365
3.475,0,0,125,-8.15145
3.5,0,0,125,-8.0994
3.525,0,0,125,-8.0475
3.55,0,0,125,-7.99576
3.575,0,0,125,-7.94417
3.6,0,0,125,-7.89276
3.625,0,0,125,-7.8415
3.65,0,0,125,-7.79043
3.675,0,0,125,-7.73953
3.7,0,0,125,-7.68881
3.725,0,0,125,-7.63829
3.75,0,0,125,-7.58796
3.775,0,0,125,-7.53784
3.8,0,0,125,-7.48793
3.825,0,0,125,-7.43824
3.85,0,0,125,-7.38877
3.875,0,0,125,-7.33955
3.9,0,0,125,-7.29057
3.925,0,0,125,-7.24185
3.95,0,0,125,-7.19341
3.975,0,0,125,-7.14525
4,0,0,125,-7.09739
4.025,0,0,125,-7.04984
4.05,0,0,125,-7.00261
4.075,0,0,125,-6.95572
4.1,0,0,125,-6.9092
4.125,0,0,125,-6.86304
4.15,0,0,125,-6.81729
4.175,0,0,125,-6.77195
4.2,0,0,125,-6.72705
4.225,0,0,125,-6.68262
4.25,0,0,125,-6.63868
4.275,0,0,125,-6.59527
4.3,0,0,125,-6.55241
4.325,0,0,125,-6.51014
4.35,0,0,125,-6.46849
4.375,0,0,125,-6.4275
4.4,0,0,125,-6.38721
4.425,0,0,125,-6.34767
4.45,0,0,125,-6.30893
4.475,0,0,125,-6.27101
4.5,0,0,125,-6.23399
4.525,0,0,125,-6.19792
4.55,0,0,125,-6.16285
4.575,0,0,125,-6.12885
4.6,0,0,125,-6.09599
4.625,0,0,125,-6.06432
4.65,0,0,125,-6.03395
4.675,0,0,125,-6.00492
4.7,0,0,125,-5.97734
4.725,0,0,125,-5.95129
4.75,0,0,125,-5.92684
4.775,0,0,125,-5.90411
4.8,0,0,125,-5.88319
4.825,0,0,125,-5.86417
4.85,0,0,125,-5.84718
4.875,0,0,125,-5.8323
4.9,0,0,125,-5.81967
4.925,0,0,125,-5.80938
4.95,0,0,125,-5.80156
4.975,0,0,125,-5.79628
5,0,0,125,-5.79362
