0,0,0,125,8.81176
0.025,0,0,125,8.81524
0.05,0,0,125,8.82205
0.075,0,0,125,8.83195
0.1,0,0,125,8.84454
0.125,0,0,125,8.85937
0.15,0,0,125,8.87601
0.175,0,0,125,8.89408
0.2,0,0,125,8.91337
0.225,0,0,125,8.93375
0.25,0,0,125,8.95509
0.275,0,0,125,8.97732
0.3,0,0,125,9.00035
0.325,0,0,125,9.02411
0.35,0,0,125,9.04852
0.375,0,0,125,9.07354
0.4,0,0,125,9.0991
0.425,0,0,125,9.12515
0.45,0,0,125,9.15166
0.475,0,0,125,9.17858
0.5,0,0,125,9.20587
0.525,0,0,125,9.2335
0.55,0,0,125,9.26144
0.575,0,0,125,9.28967
0.6,0,0,125,9.31816
0.625,0,0,125,9.34688
0.65,0,0,125,9.37581
0.675,0,0,125,9.40494
0.7,0,0,125,9.43424
0.725,0,0,125,9.4637
0.75,0,0,125,9.4933
0.775,0,0,125,9.52304
0.8,0,0,125,9.5529
0.825,0,0,125,9.58287
0.85,0,0,125,9.61293
0.875,0,0,125,9.64309
0.9,0,0,125,9.67332
0.925,0,0,125,9.70361
0.95,0,0,125,9.73397
0.975,0,0,125,9.76438
1,0,0,125,9.79484
1.025,0,0,125,9.82534
1.05,0,0,125,9.85587
1.075,0,0,125,9.88644
1.1,0,0,125,9.91702
1.125,0,0,125,9.94763
1.15,0,0,125,9.97826
1.175,0,0,125,10.0089
1.2,0,0,125,10.0395
1.225,0,0,125,10.0702
1.25,0,0,125,10.1009
1.275,0,0,125,10.1315
1.3,0,0,125,10.1622
1.325,0,0,125,10.1928
1.35,0,0,125,10.2235
1.375,0,0,125,10.2541
1.4,0,0,125,10.2847
1.425,0,0,125,10.3153
1.45,0,0,125,10.3459
1.475,0,0,125,10.3765
1.5,0,0,125,10.4071
1.525,0,0,125,10.4376
1.55,0,0,125,10.4682
1.575,0,0,125,10.4987
1.6,0,0,125,10.5291
1.625,0,0,125,10.5596
1.65,0,0,125,10.59
1.675,0,0,125,10.6205
1.7,0,0,125,10.6509
1.725,0,0,125,10.6812
1.75,0,0,125,10.7116
1.775,0,0,125,10.7419
1.8,0,0,125,10.7721
1.825,0,0,125,10.8024
1.85,0,0,125,10.8326
1.875,0,0,125,10.8628
1.9,0,0,125,10.893
1.925,0,0,125,10.9231
1.95,0,0,125,10.9532
1.975,0,0,125,10.9833
2,0,0,125,11.0133
2.025,0,0,125,11.0433
2.05,0,0,125,11.0733
2.075,0,0,125,11.1032
2.1,0,0,125,11.1331
2.125,0,0,125,11.163
2.15,0,0,125,11.1928
2.175,0,0,125,11.2226
2.2,0,0,125,11.2524
2.225,0,0,125,11.2821
2.25,0,0,125,11.3118
2.275,0,0,125,11.3415
2.3,0,0,125,11.3711
2.325,0,0,125,11.4007
2.35,0,0,125,11.4303
2.375,0,0,125,11.4598
2.4,0,0,125,11.4893
2.425,0,0,125,11.5187
2.45,0,0,125,11.5481
2.475,0,0,125,11.5775
2.5,0,0,125,11.6068
2.525,0,0,125,11.6361
2.55,0,0,125,11.6654
2.575,0,0,125,11.6946
2.6,0,0,125,11.7238
2.625,0,0,125,11.753
2.65,0,0,125,11.7821
2.675,0,0,125,11.8112
2.7,0,0,125,11.8402
2.725,0,0,125,11.8692
2.75,0,0,125,11.8982
2.775,0,0,125,11.9271
2.8,0,0,125,11.956
2.825,0,0,125,11.9849
2.85,0,0,125,12.0137
2.875,0,0,125,12.0425
2.9,0,0,125,12.0712
2.925,0,0,125,12.0999
2.95,0,0,125,12.1286
2.975,0,0,125,12.1572
3,0,0,125,12.1858
3.025,0,0,125,12.2144
3.05,0,0,125,12.2429
3.075,0,0,125,12.2714
3.1,0,0,125,12.2998
3.125,0,0,125,12.3282
3.15,0,0,125,12.3566
3.175,0,0,125,12.3849
3.2,0,0,125,12.4132
3.225,0,0,125,12.4415
3.25,0,0,125,12.4697
3.275,0,0,125,12.4979
3.3,0,0,125,12.526
3.325,0,0,125,12.5542
3.35,0,0,125,12.5822
3.375,0,0,125,12.6103
3.4,0,0,125,12.6383
3.425,0,0,125,12.6662
3.45,0,0,125,12.6941
3.475,0,0,125,12.722
3.5,0,0,125,12.7499
3.525,0,0,125,12.7777
3.55,0,0,125,12.8054
3.575,0,0,125,12.8331
3.6,0,0,125,12.8608
3.625,0,0,125,12.8885
3.65,0,0,125,12.9161
3.675,0,0,125,12.9436
3.7,0,0,125,12.9711
3.725,0,0,125,12.9986
3.75,0,0,125,13.026
3.775,0,0,125,13.0534
3.8,0,0,125,13.0807
3.825,0,0,125,13.1079
3.85,0,0,125,13.1351
3.875,0,0,125,13.1623
3.9,0,0,125,13.1893
3.925,0,0,125,13.2163
3.95,0,0,125,13.2433
3.975,0,0,125,13.2701
4,0,0,125,13.2969
4.025,0,0,125,13.3236
4.05,0,0,125,13.3502
4.075,0,0,125,13.3767
4.1,0,0,125,13.4031
4.125,0,0,125,13.4294
4.15,0,0,125,13.4555
4.175,0,0,125,13.4815
4.2,0,0,125,13.5074
4.225,0,0,125,13.5331
4.25,0,0,125,13.5586
4.275,0,0,125,13.5839
4.3,0,0,125,13.6091
4.325,0,0,125,13.634
4.35,0,0,125,13.6586
4.375,0,0,125,13.683
4.4,0,0,125,13.7071
4.425,0,0,125,13.7309
4.45,0,0,125,13.7543
4.475,0,0,125,13.7773
4.5,0,0,125,13.7999
4.525,0,0,125,13.8221
4.55,0,0,125,13.8438
4.575,0,0,125,13.8649
4.6,0,0,125,13.8855
4.625,0,0,125,13.9054
4.65,0,0,125,13.9246
4.675,0,0,125,13.9431
4.7,0,0,125,13.9607
4.725,0,0,125,13.9775
4.75,0,0,125,13.9933
4.775,0,0,125,14.0082
4.8,0,0,125,14.0219
4.825,0,0,125,14.0344
4.85,0,0,125,14.0457
4.875,0,0,125,14.0556
4.9,0,0,125,14.0641
4.925,0,0,125,14.071
4.95,0,0,125,14.0764
4.975,0,0,125,14.0799
5,0,0,125,14.0817
