0,0,0,125,-83.5078
0.025,0,0,125,-83.5082
0.05,0,0,125,-83.509
0.075,0,0,125,-83.5101
0.1,0,0,125,-83.5116
0.125,0,0,125,-83.5132
0.15,0,0,125,-83.5149
0.175,0,0,125,-83.5168
0.2,0,0,125,-83.5186
0.225,0,0,125,-83.5204
0.25,0,0,125,-83.5222
0.275,0,0,125,-83.5239
0.3,0,0,125,-83.5255
0.325,0,0,125,-83.5271
0.35,0,0,125,-83.5285
0.375,0,0,125,-83.5298
0.4,0,0,125,-83.531
0.425,0,0,125,-83.5321
0.45,0,0,125,-83.533
0.475,0,0,125,-83.5337
0.5,0,0,125,-83.5343
0.525,0,0,125,-83.5347
0.55,0,0,125,-83.5349
0.575,0,0,125,-83.5349
0.6,0,0,125,-83.5348
0.625,0,0,125,-83.5344
0.65,0,0,125,-83.5338
0.675,0,0,125,-83.5331
0.7,0,0,125,-83.5321
0.725,0,0,125,-83.5308
0.75,0,0,125,-83.5294
0.775,0,0,125,-83.5278
0.8,0,0,125,-83.5258
0.825,0,0,125,-83.5237
0.85,0,0,125,-83.5213
0.875,0,0,125,-83.5187
0.9,0,0,125,-83.5158
0.925,0,0,125,-83.5126
0.95,0,0,125,-83.5092
0.975,0,0,125,-83.5055
1,0,0,125,-83.5015
1.025,0,0,125,-83.4973
1.05,0,0,125,-83.4927
1.075,0,0,125,-83.4879
1.1,0,0,125,-83.4827
1.125,0,0,125,-83.4772
1.15,0,0,125,-83.4715
1.175,0,0,125,-83.4654
1.2,0,0,125,-83.459
1.225,0,0,125,-83.4522
1.25,0,0,125,-83.4452
1.275,0,0,125,-83.4378
1.3,0,0,125,-83.4301
1.325,0,0,125,-83.422
1.35,0,0,125,-83.4137
1.375,0,0,125,-83.4049
1.4,0,0,125,-83.3959
1.425,0,0,125,-83.3865
1.45,0,0,125,-83.3767
1.475,0,0,125,-83.3666
1.5,0,0,125,-83.3561
1.525,0,0,125,-83.3454
1.55,0,0,125,-83.3342
1.575,0,0,125,-83.3228
1.6,0,0,125,-83.311
1.625,0,0,125,-83.2988
1.65,0,0,125,-83.2863
1.675,0,0,125,-83.2735
1.7,0,0,125,-83.2604
1.725,0,0,125,-83.2469
1.75,0,0,125,-83.2332
1.775,0,0,125,-83.2191
1.8,0,0,125,-83.2047
1.825,0,0,125,-83.19
1.85,0,0,125,-83.175
1.875,0,0,125,-83.1598
1.9,0,0,125,-83.1442
1.925,0,0,125,-83.1284
1.95,0,0,125,-83.1123
1.975,0,0,125,-83.0959
2,0,0,125,-83.0792
2.025,0,0,125,-83.0622
2.05,0,0,125,-83.045
2.075,0,0,125,-83.0274
2.1,0,0,125,-83.0096
2.125,0,0,125,-82.9914
2.15,0,0,125,-82.973
2.175,0,0,125,-82.9542
2.2,0,0,125,-82.9351
2.225,0,0,125,-82.9156
2.25,0,0,125,-82.8957
2.275,0,0,125,-82.8754
2.3,0,0,125,-82.8547
2.325,0,0,125,-82.8335
2.35,0,0,125,-82.8118
2.375,0,0,125,-82.7895
2.4,0,0,125,-82.7666
2.425,0,0,125,-82.743
2.45,0,0,125,-82.7188
2.475,0,0,125,-82.6937
2.5,0,0,125,-82.6678
2.525,0,0,125,-82.641
2.55,0,0,125,-82.6133
2.575,0,0,125,-82.5844
2.6,0,0,125,-82.5544
2.625,0,0,125,-82.5231
2.65,0,0,125,-82.4904
2.675,0,0,125,-82.4563
2.7,0,0,125,-82.4206
2.725,0,0,125,-82.3832
2.75,0,0,125,-82.344
2.775,0,0,125,-82.3028
2.8,0,0,125,-82.2595
2.825,0,0,125,-82.214
2.85,0,0,125,-82.1661
2.875,0,0,125,-82.1157
2.9,0,0,125,-82.0626
2.925,0,0,125,-82.0066
2.95,0,0,125,-81.9476
2.975,0,0,125,-81.8854
3,0,0,125,-81.8198
3.025,0,0,125,-81.7507
3.05,0,0,125,-81.6779
3.075,0,0,125,-81.6011
3.1,0,0,125,-81.5203
3.125,0,0,125,-81.4353
3.15,0,0,125,-81.3458
3.175,0,0,125,-81.2517
3.2,0,0,125,-81.1529
3.225,0,0,125,-81.0491
3.25,0,0,125,-80.9402
3.275,0,0,125,-80.826
3.3,0,0,125,-80.7065
3.325,0,0,125,-80.5814
3.35,0,0,125,-80.4506
3.375,0,0,125,-80.314
3.4,0,0,125,-80.1715
3.425,0,0,125,-80.0231
3.45,0,0,125,-79.8686
3.475,0,0,125,-79.7079
3.5,0,0,125,-79.5411
3.525,0,0,125,-79.3681
3.55,0,0,125,-79.1889
3.575,0,0,125,-79.0035
3.6,0,0,125,-78.812
3.625,0,0,125,-78.6144
3.65,0,0,125,-78.4108
3.675,0,0,125,-78.2012
3.7,0,0,125,-77.9859
3.725,0,0,125,-77.765
3.75,0,0,125,-77.5386
3.775,0,0,125,-77.3069
3.8,0,0,125,-77.0703
3.825,0,0,125,-76.8288
3.85,0,0,125,-76.5829
3.875,0,0,125,-76.3327
3.9,0,0,125,-76.0787
3.925,0,0,125,-75.8211
3.95,0,0,125,-75.5604
3.975,0,0,125,-75.2968
4,0,0,125,-75.0309
4.025,0,0,125,-74.7629
4.05,0,0,125,-74.4934
4.075,0,0,125,-74.2229
4.1,0,0,125,-73.9516
4.125,0,0,125,-73.6803
4.15,0,0,125,-73.4092
4.175,0,0,125,-73.139
4.2,0,0,125,-72.87
4.225,0,0,125,-72.6028
4.25,0,0,125,-72.338
4.275,0,0,125,-72.0759
4.3,0,0,125,-71.8172
4.325,0,0,125,-71.5622
4.35,0,0,125,-71.3116
4.375,0,0,125,-71.0657
4.4,0,0,125,-70.825
4.425,0,0,125,-70.5901
4.45,0,0,125,-70.3614
4.475,0,0,125,-70.1393
4.5,0,0,125,-69.9243
4.525,0,0,125,-69.7167
4.55,0,0,125,-69.517
4.575,0,0,125,-69.3256
4.6,0,0,125,-69.1427
4.625,0,0,125,-68.9689
4.65,0,0,125,-68.8044
4.675,0,0,125,-68.6495
4.7,0,0,125,-68.5045
4.725,0,0,125,-68.3697
4.75,0,0,125,-68.2453
4.775,0,0,125,-68.1316
4.8,0,0,125,-68.0287
4.825,0,0,125,-67.9369
4.85,0,0,125,-67.8562
4.875,0,0,125,-67.7869
4.9,0,0,125,-67.7291
4.925,0,0,125,-67.6827
4.95,0,0,125,-67.6479
4.975,0,0,125,-67.6247
5,0,0,125,-67.613
