0,0,0,125,-84.2681
0.025,0,0,125,-84.2682
0.05,0,0,125,-84.2683
0.075,0,0,125,-84.2686
0.1,0,0,125,-84.2689
0.125,0,0,125,-84.2693
0.15,0,0,125,-84.2697
0.175,0,0,125,-84.2701
0.2,0,0,125,-84.2705
0.225,0,0,125,-84.271
0.25,0,0,125,-84.2714
0.275,0,0,125,-84.2719
0.3,0,0,125,-84.2724
0.325,0,0,125,-84.2728
0.35,0,0,125,-84.2733
0.375,0,0,125,-84.2738
0.4,0,0,125,-84.2743
0.425,0,0,125,-84.2747
0.45,0,0,125,-84.2751
0.475,0,0,125,-84.2756
0.5,0,0,125,-84.276
0.525,0,0,125,-84.2764
0.55,0,0,125,-84.2767
0.575,0,0,125,-84.2771
0.6,0,0,125,-84.2775
0.625,0,0,125,-84.2778
0.65,0,0,125,-84.2782
0.675,0,0,125,-84.2786
0.7,0,0,125,-84.2789
0.725,0,0,125,-84.2793
0.75,0,0,125,-84.2796
0.775,0,0,125,-84.2799
0.8,0,0,125,-84.2803
0.825,0,0,125,-84.2806
0.85,0,0,125,-84.281
0.875,0,0,125,-84.2814
0.9,0,0,125,-84.2817
0.925,0,0,125,-84.2821
0.95,0,0,125,-84.2825
0.975,0,0,125,-84.2829
1,0,0,125,-84.2833
1.025,0,0,125,-84.2837
1.05,0,0,125,-84.2842
1.075,0,0,125,-84.2846
1.1,0,0,125,-84.2851
1.125,0,0,125,-84.2855
1.15,0,0,125,-84.286
1.175,0,0,125,-84.2865
1.2,0,0,125,-84.287
1.225,0,0,125,-84.2874
1.25,0,0,125,-84.288
1.275,0,0,125,-84.2885
1.3,0,0,125,-84.289
1.325,0,0,125,-84.2895
1.35,0,0,125,-84.2901
1.375,0,0,125,-84.2906
1.4,0,0,125,-84.2912
1.425,0,0,125,-84.2918
1.45,0,0,125,-84.2924
1.475,0,0,125,-84.2929
1.5,0,0,125,-84.2935
1.525,0,0,125,-84.2942
1.55,0,0,125,-84.2948
1.575,0,0,125,-84.2954
1.6,0,0,125,-84.296
1.625,0,0,125,-84.2967
1.65,0,0,125,-84.2974
1.675,0,0,125,-84.298
1.7,0,0,125,-84.2987
1.725,0,0,125,-84.2994
1.75,0,0,125,-84.3001
1.775,0,0,125,-84.3008
1.8,0,0,125,-84.3015
1.825,0,0,125,-84.3022
1.85,0,0,125,-84.303
1.875,0,0,125,-84.3037
1.9,0,0,125,-84.3045
1.925,0,0,125,-84.3053
1.95,0,0,125,-84.3061
1.975,0,0,125,-84.3069
2,0,0,125,-84.3078
2.025,0,0,125,-84.3086
2.05,0,0,125,-84.3095
2.075,0,0,125,-84.3105
2.1,0,0,125,-84.3114
2.125,0,0,125,-84.3124
2.15,0,0,125,-84.3135
2.175,0,0,125,-84.3145
2.2,0,0,125,-84.3156
2.225,0,0,125,-84.3168
2.25,0,0,125,-84.318
2.275,0,0,125,-84.3192
2.3,0,0,125,-84.3204
2.325,0,0,125,-84.3217
2.35,0,0,125,-84.323
2.375,0,0,125,-84.3243
2.4,0,0,125,-84.3256
2.425,0,0,125,-84.3269
2.45,0,0,125,-84.3282
2.475,0,0,125,-84.3296
2.5,0,0,125,-84.331
2.525,0,0,125,-84.3324
2.55,0,0,125,-84.3338
2.575,0,0,125,-84.3352
2.6,0,0,125,-84.3366
2.625,0,0,125,-84.3381
2.65,0,0,125,-84.3395
2.675,0,0,125,-84.341
2.7,0,0,125,-84.3425
2.725,0,0,125,-84.344
2.75,0,0,125,-84.3455
2.775,0,0,125,-84.347
2.8,0,0,125,-84.3486
2.825,0,0,125,-84.3502
2.85,0,0,125,-84.3518
2.875,0,0,125,-84.3533
2.9,0,0,125,-84.355
2.925,0,0,125,-84.3566
2.95,0,0,125,-84.3582
2.975,0,0,125,-84.3598
3,0,0,125,-84.3615
3.025,0,0,125,-84.3631
3.05,0,0,125,-84.3648
3.075,0,0,125,-84.3665
3.1,0,0,125,-84.3681
3.125,0,0,125,-84.3698
3.15,0,0,125,-84.3714
3.175,0,0,125,-84.373
3.2,0,0,125,-84.3746
3.225,0,0,125,-84.3762
3.25,0,0,125,-84.3778
3.275,0,0,125,-84.3793
3.3,0,0,125,-84.3808
3.325,0,0,125,-84.3824
3.35,0,0,125,-84.3839
3.375,0,0,125,-84.3853
3.4,0,0,125,-84.3868
3.425,0,0,125,-84.3883
3.45,0,0,125,-84.3897
3.475,0,0,125,-84.3911
3.5,0,0,125,-84.3926
3.525,0,0,125,-84.394
3.55,0,0,125,-84.3953
3.575,0,0,125,-84.3967
3.6,0,0,125,-84.3981
3.625,0,0,125,-84.3994
3.65,0,0,125,-84.4007
3.675,0,0,125,-84.402
3.7,0,0,125,-84.4033
3.725,0,0,125,-84.4045
3.75,0,0,125,-84.4057
3.775,0,0,125,-84.4068
3.8,0,0,125,-84.4079
3.825,0,0,125,-84.409
3.85,0,0,125,-84.4101
3.875,0,0,125,-84.4111
3.9,0,0,125,-84.412
3.925,0,0,125,-84.413
3.95,0,0,125,-84.4139
3.975,0,0,125,-84.4148
4,0,0,125,-84.4156
4.025,0,0,125,-84.4164
4.05,0,0,125,-84.4171
4.075,0,0,125,-84.4179
4.1,0,0,125,-84.4186
4.125,0,0,125,-84.4192
4.15,0,0,125,-84.4198
4.175,0,0,125,-84.4204
4.2,0,0,125,-84.421
4.225,0,0,125,-84.4215
4.25,0,0,125,-84.4219
4.275,0,0,125,-84.4224
4.3,0,0,125,-84.4228
4.325,0,0,125,-84.4231
4.35,0,0,125,-84.4235
4.375,0,0,125,-84.4238
4.4,0,0,125,-84.4241
4.425,0,0,125,-84.4243
4.45,0,0,125,-84.4246
4.475,0,0,125,-84.4248
4.5,0,0,125,-84.425
4.525,0,0,125,-84.4252
4.55,0,0,125,-84.4254
4.575,0,0,125,-84.4256
4.6,0,0,125,-84.4258
4.625,0,0,125,-84.4259
4.65,0,0,125,-84.4261
4.675,0,0,125,-84.4262
4.7,0,0,125,-84.4263
4.725,0,0,125,-84.4265
4.75,0,0,125,-84.4266
4.775,0,0,125,-84.4267
4.8,0,0,125,-84.4268
4.825,0,0,125,-84.4268
4.85,0,0,125,-84.4269
4.875,0,0,125,-84.427
4.9,0,0,125,-84.427
4.925,0,0,125,-84.4271
4.95,0,0,125,-84.4271
4.975,0,0,125,-84.4271
5,0,0,125,-84.4271
