0,0,0,125,-40.5664
0.025,0,0,125,-40.5632
0.05,0,0,125,-40.5569
0.075,0,0,125,-40.5478
0.1,0,0,125,-40.5362
0.125,0,0,125,-40.5229
0.15,0,0,125,-40.5081
0.175,0,0,125,-40.4925
0.2,0,0,125,-40.4765
0.225,0,0,125,-40.4602
0.25,0,0,125,-40.4442
0.275,0,0,125,-40.4285
0.3,0,0,125,-40.4137
0.325,0,0,125,-40.3999
0.35,0,0,125,-40.3874
0.375,0,0,125,-40.3766
0.4,0,0,125,-40.3677
0.425,0,0,125,-40.361
0.45,0,0,125,-40.3569
0.475,0,0,125,-40.3556
0.5,0,0,125,-40.3575
0.525,0,0,125,-40.3629
0.55,0,0,125,-40.372
0.575,0,0,125,-40.3853
0.6,0,0,125,-40.403
0.625,0,0,125,-40.4255
0.65,0,0,125,-40.4531
0.675,0,0,125,-40.4862
0.7,0,0,125,-40.5251
0.725,0,0,125,-40.5702
0.75,0,0,125,-40.6219
0.775,0,0,125,-40.6805
0.8,0,0,125,-40.7464
0.825,0,0,125,-40.8201
0.85,0,0,125,-40.9019
0.875,0,0,125,-40.9922
0.9,0,0,125,-41.0915
0.925,0,0,125,-41.2002
0.95,0,0,125,-41.3187
0.975,0,0,125,-41.4475
1,0,0,125,-41.5871
1.025,0,0,125,-41.7379
1.05,0,0,125,-41.9003
1.075,0,0,125,-42.0749
1.1,0,0,125,-42.2622
1.125,0,0,125,-42.4627
1.15,0,0,125,-42.6768
1.175,0,0,125,-42.905
1.2,0,0,125,-43.1478
1.225,0,0,125,-43.4058
1.25,0,0,125,-43.6794
1.275,0,0,125,-43.9691
1.3,0,0,125,-44.2753
1.325,0,0,125,-44.5986
1.35,0,0,125,-44.9394
1.375,0,0,125,-45.298
1.4,0,0,125,-45.6748
1.425,0,0,125,-46.0703
1.45,0,0,125,-46.4847
1.475,0,0,125,-46.9183
1.5,0,0,125,-47.3713
1.525,0,0,125,-47.8439
1.55,0,0,125,-48.3363
1.575,0,0,125,-48.8483
1.6,0,0,125,-49.3801
1.625,0,0,125,-49.9315
1.65,0,0,125,-50.5023
1.675,0,0,125,-51.0922
1.7,0,0,125,-51.7008
1.725,0,0,125,-52.3277
1.75,0,0,125,-52.9722
1.775,0,0,125,-53.6336
1.8,0,0,125,-54.3111
1.825,0,0,125,-55.0038
1.85,0,0,125,-55.7107
1.875,0,0,125,-56.4306
1.9,0,0,125,-57.1622
1.925,0,0,125,-57.9042
1.95,0,0,125,-58.6551
1.975,0,0,125,-59.4135
2,0,0,125,-60.1776
2.025,0,0,125,-60.9459
2.05,0,0,125,-61.7165
2.075,0,0,125,-62.4877
2.1,0,0,125,-63.2577
2.125,0,0,125,-64.0248
2.15,0,0,125,-64.787
2.175,0,0,125,-65.5426
2.2,0,0,125,-66.2898
2.225,0,0,125,-67.0271
2.25,0,0,125,-67.7527
2.275,0,0,125,-68.4651
2.3,0,0,125,-69.163
2.325,0,0,125,-69.8448
2.35,0,0,125,-70.5095
2.375,0,0,125,-71.1559
2.4,0,0,125,-71.7831
2.425,0,0,125,-72.3903
2.45,0,0,125,-72.9767
2.475,0,0,125,-73.5419
2.5,0,0,125,-74.0854
2.525,0,0,125,-74.6069
2.55,0,0,125,-75.1064
2.575,0,0,125,-75.5837
2.6,0,0,125,-76.039
2.625,0,0,125,-76.4724
2.65,0,0,125,-76.8842
2.675,0,0,125,-77.2749
2.7,0,0,125,-77.6449
2.725,0,0,125,-77.9947
2.75,0,0,125,-78.3249
2.775,0,0,125,-78.6362
2.8,0,0,125,-78.9291
2.825,0,0,125,-79.2045
2.85,0,0,125,-79.463
2.875,0,0,125,-79.7055
2.9,0,0,125,-79.9325
2.925,0,0,125,-80.145
2.95,0,0,125,-80.3436
2.975,0,0,125,-80.5292
3,0,0,125,-80.7023
3.025,0,0,125,-80.8638
3.05,0,0,125,-81.0143
3.075,0,0,125,-81.1545
3.1,0,0,125,-81.285
3.125,0,0,125,-81.4065
3.15,0,0,125,-81.5196
3.175,0,0,125,-81.6247
3.2,0,0,125,-81.7225
3.225,0,0,125,-81.8135
3.25,0,0,125,-81.898
3.275,0,0,125,-81.9767
3.3,0,0,125,-82.0498
3.325,0,0,125,-82.1179
3.35,0,0,125,-82.1812
3.375,0,0,125,-82.2401
3.4,0,0,125,-82.2949
3.425,0,0,125,-82.346
3.45,0,0,125,-82.3937
3.475,0,0,125,-82.438
3.5,0,0,125,-82.4794
3.525,0,0,125,-82.5181
3.55,0,0,125,-82.5541
3.575,0,0,125,-82.5878
3.6,0,0,125,-82.6193
3.625,0,0,125,-82.6487
3.65,0,0,125,-82.6763
3.675,0,0,125,-82.7021
3.7,0,0,125,-82.7263
3.725,0,0,125,-82.7489
3.75,0,0,125,-82.7701
3.775,0,0,125,-82.7901
3.8,0,0,125,-82.8088
3.825,0,0,125,-82.8263
3.85,0,0,125,-82.8428
3.875,0,0,125,-82.8583
3.9,0,0,125,-82.8728
3.925,0,0,125,-82.8865
3.95,0,0,125,-82.8994
3.975,0,0,125,-82.9114
4,0,0,125,-82.9228
4.025,0,0,125,-82.9334
4.05,0,0,125,-82.9435
4.075,0,0,125,-82.9529
4.1,0,0,125,-82.9617
4.125,0,0,125,-82.97
4.15,0,0,125,-82.9778
4.175,0,0,125,-82.9851
4.2,0,0,125,-82.9919
4.225,0,0,125,-82.9983
4.25,0,0,125,-83.0043
4.275,0,0,125,-83.0099
4.3,0,0,125,-83.0151
4.325,0,0,125,-83.02
4.35,0,0,125,-83.0246
4.375,0,0,125,-83.0288
4.4,0,0,125,-83.0327
4.425,0,0,125,-83.0363
4.45,0,0,125,-83.0397
4.475,0,0,125,-83.0428
4.5,0,0,125,-83.0456
4.525,0,0,125,-83.0482
4.55,0,0,125,-83.0506
4.575,0,0,125,-83.0528
4.6,0,0,125,-83.0547
4.625,0,0,125,-83.0565
4.65,0,0,125,-83.058
4.675,0,0,125,-83.0595
4.7,0,0,125,-83.0607
4.725,0,0,125,-83.0618
4.75,0,0,125,-83.0628
4.775,0,0,125,-83.0636
4.8,0,0,125,-83.0643
4.825,0,0,125,-83.0648
4.85,0,0,125,-83.0653
4.875,0,0,125,-83.0656
4.9,0,0,125,-83.0659
4.925,0,0,125,-83.0661
4.95,0,0,125,-83.0662
4.975,0,0,125,-83.0662
5,0,0,125,-83.0663
