0,0,0,125,-83.7479
0.025,0,0,125,-83.7482
0.05,0,0,125,-83.7487
0.075,0,0,125,-83.7493
0.1,0,0,125,-83.7502
0.125,0,0,125,-83.7512
0.15,0,0,125,-83.7522
0.175,0,0,125,-83.7534
0.2,0,0,125,-83.7545
0.225,0,0,125,-83.7557
0.25,0,0,125,-83.7569
0.275,0,0,125,-83.758
0.3,0,0,125,-83.7592
0.325,0,0,125,-83.7604
0.35,0,0,125,-83.7616
0.375,0,0,125,-83.7627
0.4,0,0,125,-83.7639
0.425,0,0,125,-83.765
0.45,0,0,125,-83.7661
0.475,0,0,125,-83.7672
0.5,0,0,125,-83.7683
0.525,0,0,125,-83.7693
0.55,0,0,125,-83.7704
0.575,0,0,125,-83.7714
0.6,0,0,125,-83.7724
0.625,0,0,125,-83.7734
0.65,0,0,125,-83.7744
0.675,0,0,125,-83.7753
0.7,0,0,125,-83.7763
0.725,0,0,125,-83.7772
0.75,0,0,125,-83.7782
0.775,0,0,125,-83.7792
0.8,0,0,125,-83.7802
0.825,0,0,125,-83.7812
0.85,0,0,125,-83.7822
0.875,0,0,125,-83.7832
0.9,0,0,125,-83.7843
0.925,0,0,125,-83.7853
0.95,0,0,125,-83.7864
0.975,0,0,125,-83.7874
1,0,0,125,-83.7885
1.025,0,0,125,-83.7896
1.05,0,0,125,-83.7907
1.075,0,0,125,-83.7918
1.1,0,0,125,-83.7929
1.125,0,0,125,-83.794
1.15,0,0,125,-83.7951
1.175,0,0,125,-83.7962
1.2,0,0,125,-83.7974
1.225,0,0,125,-83.7986
1.25,0,0,125,-83.7997
1.275,0,0,125,-83.8009
1.3,0,0,125,-83.8022
1.325,0,0,125,-83.8034
1.35,0,0,125,-83.8047
1.375,0,0,125,-83.806
1.4,0,0,125,-83.8074
1.425,0,0,125,-83.8088
1.45,0,0,125,-83.8102
1.475,0,0,125,-83.8117
1.5,0,0,125,-83.8132
1.525,0,0,125,-83.8147
1.55,0,0,125,-83.8163
1.575,0,0,125,-83.8178
1.6,0,0,125,-83.8194
1.625,0,0,125,-83.821
1.65,0,0,125,-83.8226
1.675,0,0,125,-83.8243
1.7,0,0,125,-83.826
1.725,0,0,125,-83.8278
1.75,0,0,125,-83.8296
1.775,0,0,125,-83.8314
1.8,0,0,125,-83.8333
1.825,0,0,125,-83.8352
1.85,0,0,125,-83.8371
1.875,0,0,125,-83.8391
1.9,0,0,125,-83.8411
1.925,0,0,125,-83.8432
1.95,0,0,125,-83.8453
1.975,0,0,125,-83.8475
2,0,0,125,-83.8497
2.025,0,0,125,-83.852
2.05,0,0,125,-83.8544
2.075,0,0,125,-83.8568
2.1,0,0,125,-83.8593
2.125,0,0,125,-83.8618
2.15,0,0,125,-83.8644
2.175,0,0,125,-83.8671
2.2,0,0,125,-83.8698
2.225,0,0,125,-83.8726
2.25,0,0,125,-83.8755
2.275,0,0,125,-83.8784
2.3,0,0,125,-83.8813
2.325,0,0,125,-83.8844
2.35,0,0,125,-83.8874
2.375,0,0,125,-83.8906
2.4,0,0,125,-83.8938
2.425,0,0,125,-83.8972
2.45,0,0,125,-83.9006
2.475,0,0,125,-83.904
2.5,0,0,125,-83.9075
2.525,0,0,125,-83.9111
2.55,0,0,125,-83.9148
2.575,0,0,125,-83.9185
2.6,0,0,125,-83.9223
2.625,0,0,125,-83.9261
2.65,0,0,125,-83.93
2.675,0,0,125,-83.9339
2.7,0,0,125,-83.9378
2.725,0,0,125,-83.9418
2.75,0,0,125,-83.9458
2.775,0,0,125,-83.9499
2.8,0,0,125,-83.954
2.825,0,0,125,-83.9581
2.85,0,0,125,-83.9623
2.875,0,0,125,-83.9665
2.9,0,0,125,-83.9708
2.925,0,0,125,-83.975
2.95,0,0,125,-83.9793
2.975,0,0,125,-83.9836
3,0,0,125,-83.9879
3.025,0,0,125,-83.9923
3.05,0,0,125,-83.9966
3.075,0,0,125,-84.0009
3.1,0,0,125,-84.0053
3.125,0,0,125,-84.0096
3.15,0,0,125,-84.014
3.175,0,0,125,-84.0183
3.2,0,0,125,-84.0226
3.225,0,0,125,-84.0268
3.25,0,0,125,-84.031
3.275,0,0,125,-84.0352
3.3,0,0,125,-84.0393
3.325,0,0,125,-84.0434
3.35,0,0,125,-84.0474
3.375,0,0,125,-84.0515
3.4,0,0,125,-84.0554
3.425,0,0,125,-84.0593
3.45,0,0,125,-84.0631
3.475,0,0,125,-84.0669
3.5,0,0,125,-84.0706
3.525,0,0,125,-84.0742
3.55,0,0,125,-84.0778
3.575,0,0,125,-84.0813
3.6,0,0,125,-84.0847
3.625,0,0,125,-84.0881
3.65,0,0,125,-84.0914
3.675,0,0,125,-84.0947
3.7,0,0,125,-84.0979
3.725,0,0,125,-84.1009
3.75,0,0,125,-84.104
3.775,0,0,125,-84.1069
3.8,0,0,125,-84.1097
3.825,0,0,125,-84.1125
3.85,0,0,125,-84.1152
3.875,0,0,125,-84.1178
3.9,0,0,125,-84.1203
3.925,0,0,125,-84.1227
3.95,0,0,125,-84.125
3.975,0,0,125,-84.1273
4,0,0,125,-84.1295
4.025,0,0,125,-84.1316
4.05,0,0,125,-84.1336
4.075,0,0,125,-84.1355
4.1,0,0,125,-84.1373
4.125,0,0,125,-84.1391
4.15,0,0,125,-84.1407
4.175,0,0,125,-84.1423
4.2,0,0,125,-84.1438
4.225,0,0,125,-84.1452
4.25,0,0,125,-84.1466
4.275,0,0,125,-84.1478
4.3,0,0,125,-84.149
4.325,0,0,125,-84.1502
4.35,0,0,125,-84.1512
4.375,0,0,125,-84.1523
4.4,0,0,125,-84.1532
4.425,0,0,125,-84.1541
4.45,0,0,125,-84.1549
4.475,0,0,125,-84.1557
4.5,0,0,125,-84.1564
4.525,0,0,125,-84.1571
4.55,0,0,125,-84.1576
4.575,0,0,125,-84.1582
4.6,0,0,125,-84.1586
4.625,0,0,125,-84.1591
4.65,0,0,125,-84.1595
4.675,0,0,125,-84.1599
4.7,0,0,125,-84.1602
4.725,0,0,125,-84.1605
4.75,0,0,125,-84.1608
4.775,0,0,125,-84.161
4.8,0,0,125,-84.1612
4.825,0,0,125,-84.1613
4.85,0,0,125,-84.1615
4.875,0,0,125,-84.1615
4.9,0,0,125,-84.1616
4.925,0,0,125,-84.1616
4.95,0,0,125,-84.1617
4.975,0,0,125,-84.1617
5,0,0,125,-84.1617
