0,0,0,125,15.9592
0.025,0,0,125,15.9589
0.05,0,0,125,15.9582
0.075,0,0,125,15.9566
0.1,0,0,125,15.9538
0.125,0,0,125,15.949
0.15,0,0,125,15.9417
0.175,0,0,125,15.9316
0.2,0,0,125,15.9185
0.225,0,0,125,15.9024
0.25,0,0,125,15.8834
0.275,0,0,125,15.8616
0.3,0,0,125,15.8371
0.325,0,0,125,15.81
0.35,0,0,125,15.7805
0.375,0,0,125,15.7485
0.4,0,0,125,15.7143
0.425,0,0,125,15.6779
0.45,0,0,125,15.6395
0.475,0,0,125,15.5992
0.5,0,0,125,15.5571
0.525,0,0,125,15.5132
0.55,0,0,125,15.4678
0.575,0,0,125,15.4208
0.6,0,0,125,15.3724
0.625,0,0,125,15.3226
0.65,0,0,125,15.2717
0.675,0,0,125,15.2195
0.7,0,0,125,15.1663
0.725,0,0,125,15.1121
0.75,0,0,125,15.057
0.775,0,0,125,15.001
0.8,0,0,125,14.9442
0.825,0,0,125,14.8866
0.85,0,0,125,14.8284
0.875,0,0,125,14.7695
0.9,0,0,125,14.7101
0.925,0,0,125,14.6501
0.95,0,0,125,14.5896
0.975,0,0,125,14.5286
1,0,0,125,14.4672
1.025,0,0,125,14.4054
1.05,0,0,125,14.3433
1.075,0,0,125,14.2808
1.1,0,0,125,14.218
1.125,0,0,125,14.1549
1.15,0,0,125,14.0915
1.175,0,0,125,14.0279
1.2,0,0,125,13.964
1.225,0,0,125,13.8999
1.25,0,0,125,13.8355
1.275,0,0,125,13.771
1.3,0,0,125,13.7062
1.325,0,0,125,13.6412
1.35,0,0,125,13.576
1.375,0,0,125,13.5107
1.4,0,0,125,13.4451
1.425,0,0,125,13.3794
1.45,0,0,125,13.3134
1.475,0,0,125,13.2473
1.5,0,0,125,13.1809
1.525,0,0,125,13.1144
1.55,0,0,125,13.0477
1.575,0,0,125,12.9807
1.6,0,0,125,12.9136
1.625,0,0,125,12.8463
1.65,0,0,125,12.7787
1.675,0,0,125,12.7109
1.7,0,0,125,12.643
1.725,0,0,125,12.5747
1.75,0,0,125,12.5063
1.775,0,0,125,12.4376
1.8,0,0,125,12.3687
1.825,0,0,125,12.2996
1.85,0,0,125,12.2302
1.875,0,0,125,12.1606
1.9,0,0,125,12.0907
1.925,0,0,125,12.0206
1.95,0,0,125,11.9502
1.975,0,0,125,11.8796
2,0,0,125,11.8088
2.025,0,0,125,11.7376
2.05,0,0,125,11.6663
2.075,0,0,125,11.5946
2.1,0,0,125,11.5228
2.125,0,0,125,11.4506
2.15,0,0,125,11.3783
2.175,0,0,125,11.3057
2.2,0,0,125,11.2328
2.225,0,0,125,11.1597
2.25,0,0,125,11.0864
2.275,0,0,125,11.0128
2.3,0,0,125,10.939
2.325,0,0,125,10.8651
2.35,0,0,125,10.7909
2.375,0,0,125,10.7165
2.4,0,0,125,10.6419
2.425,0,0,125,10.5671
2.45,0,0,125,10.4921
2.475,0,0,125,10.417
2.5,0,0,125,10.3418
2.525,0,0,125,10.2663
2.55,0,0,125,10.1908
2.575,0,0,125,10.1151
2.6,0,0,125,10.0394
2.625,0,0,125,9.96352
2.65,0,0,125,9.88759
2.675,0,0,125,9.81161
2.7,0,0,125,9.73557
2.725,0,0,125,9.65951
2.75,0,0,125,9.58344
2.775,0,0,125,9.50738
2.8,0,0,125,9.43134
2.825,0,0,125,9.35535
2.85,0,0,125,9.27943
2.875,0,0,125,9.20359
2.9,0,0,125,9.12786
2.925,0,0,125,9.05226
2.95,0,0,125,8.97681
2.975,0,0,125,8.90153
3,0,0,125,8.82646
3.025,0,0,125,8.75161
3.05,0,0,125,8.67702
3.075,0,0,125,8.6027
3.1,0,0,125,8.52869
3.125,0,0,125,8.45501
3.15,0,0,125,8.3817
3.175,0,0,125,8.30878
3.2,0,0,125,8.23629
3.225,0,0,125,8.16426
3.25,0,0,125,8.09272
3.275,0,0,125,8.02171
3.3,0,0,125,7.95127
3.325,0,0,125,7.88143
3.35,0,0,125,7.81224
3.375,0,0,125,7.74374
3.4,0,0,125,7.67598
3.425,0,0,125,7.609
3.45,0,0,125,7.54287
3.475,0,0,125,7.47764
3.5,0,0,125,7.41336
3.525,0,0,125,7.35012
3.55,0,0,125,7.28797
3.575,0,0,125,7.22701
3.6,0,0,125,7.16732
3.625,0,0,125,7.10899
3.65,0,0,125,7.05213
3.675,0,0,125,6.99687
3.7,0,0,125,6.94332
3.725,0,0,125,6.89163
3.75,0,0,125,6.84195
3.775,0,0,125,6.79446
3.8,0,0,125,6.74934
3.825,0,0,125,6.70681
3.85,0,0,125,6.66707
3.875,0,0,125,6.63038
3.9,0,0,125,6.59698
3.925,0,0,125,6.56718
3.95,0,0,125,6.54125
3.975,0,0,125,6.51952
4,0,0,125,6.50232
4.025,0,0,125,6.49
4.05,0,0,125,6.4829
4.075,0,0,125,6.4814
4.1,0,0,125,6.48586
4.125,0,0,125,6.49664
4.15,0,0,125,6.51411
4.175,0,0,125,6.53859
4.2,0,0,125,6.57041
4.225,0,0,125,6.60985
4.25,0,0,125,6.65714
4.275,0,0,125,6.71248
4.3,0,0,125,6.77599
4.325,0,0,125,6.84773
4.35,0,0,125,6.92766
4.375,0,0,125,7.01566
4.4,0,0,125,7.11151
4.425,0,0,125,7.21487
4.45,0,0,125,7.32529
4.475,0,0,125,7.44221
4.5,0,0,125,7.56493
4.525,0,0,125,7.69263
4.55,0,0,125,7.82437
4.575,0,0,125,7.95911
4.6,0,0,125,8.09569
4.625,0,0,125,8.23288
4.65,0,0,125,8.36935
4.675,0,0,125,8.50376
4.7,0,0,125,8.63472
4.725,0,0,125,8.76085
4.75,0,0,125,8.88081
4.775,0,0,125,8.99336
4.8,0,0,125,9.09732
4.825,0,0,125,9.19171
4.85,0,0,125,9.27567
4.875,0,0,125,9.34855
4.9,0,0,125,9.40987
4.925,0,0,125,9.4593
4.95,0,0,125,9.49659
4.975,0,0,125,9.52156
5,0,0,125,9.53409
