0,0,0,125,0.228595
0.025,0,0,125,0.232135
0.05,0,0,125,0.239087
0.075,0,0,125,0.249222
0.1,0,0,125,0.262187
0.125,0,0,125,0.277568
0.15,0,0,125,0.294969
0.175,0,0,125,0.31406
0.2,0,0,125,0.334642
0.225,0,0,125,0.356578
0.25,0,0,125,0.37976
0.275,0,0,125,0.404096
0.3,0,0,125,0.429501
0.325,0,0,125,0.455894
0.35,0,0,125,0.483201
0.375,0,0,125,0.511356
0.4,0,0,125,0.540295
0.425,0,0,125,0.569962
0.45,0,0,125,0.600302
0.475,0,0,125,0.631265
0.5,0,0,125,0.662807
0.525,0,0,125,0.694886
0.55,0,0,125,0.727465
0.575,0,0,125,0.760507
0.6,0,0,125,0.793977
0.625,0,0,125,0.827843
0.65,0,0,125,0.862076
0.675,0,0,125,0.896649
0.7,0,0,125,0.931537
0.725,0,0,125,0.966718
0.75,0,0,125,1.00217
0.775,0,0,125,1.03787
0.8,0,0,125,1.07381
0.825,0,0,125,1.10996
0.85,0,0,125,1.14631
0.875,0,0,125,1.18284
0.9,0,0,125,1.21953
0.925,0,0,125,1.25638
0.95,0,0,125,1.29337
0.975,0,0,125,1.33048
1,0,0,125,1.36771
1.025,0,0,125,1.40505
1.05,0,0,125,1.44248
1.075,0,0,125,1.48
1.1,0,0,125,1.5176
1.125,0,0,125,1.55527
1.15,0,0,125,1.593
1.175,0,0,125,1.63079
1.2,0,0,125,1.66863
1.225,0,0,125,1.70651
1.25,0,0,125,1.74443
1.275,0,0,125,1.78239
1.3,0,0,125,1.82037
1.325,0,0,125,1.85838
1.35,0,0,125,1.8964
1.375,0,0,125,1.93444
1.4,0,0,125,1.9725
1.425,0,0,125,2.01056
1.45,0,0,125,2.04863
1.475,0,0,125,2.0867
1.5,0,0,125,2.12476
1.525,0,0,125,2.16283
1.55,0,0,125,2.20089
1.575,0,0,125,2.23894
1.6,0,0,125,2.27698
1.625,0,0,125,2.315
1.65,0,0,125,2.35302
1.675,0,0,125,2.39101
1.7,0,0,125,2.42899
1.725,0,0,125,2.46695
1.75,0,0,125,2.50489
1.775,0,0,125,2.54281
1.8,0,0,125,2.5807
1.825,0,0,125,2.61857
1.85,0,0,125,2.65642
1.875,0,0,125,2.69424
1.9,0,0,125,2.73203
1.925,0,0,125,2.76979
1.95,0,0,125,2.80753
1.975,0,0,125,2.84524
2,0,0,125,2.88291
2.025,0,0,125,2.92056
2.05,0,0,125,2.95817
2.075,0,0,125,2.99575
2.1,0,0,125,3.0333
2.125,0,0,125,3.07082
2.15,0,0,125,3.1083
2.175,0,0,125,3.14576
2.2,0,0,125,3.18317
2.225,0,0,125,3.22055
2.25,0,0,125,3.2579
2.275,0,0,125,3.29522
2.3,0,0,125,3.3325
2.325,0,0,125,3.36974
2.35,0,0,125,3.40695
2.375,0,0,125,3.44413
2.4,0,0,125,3.48127
2.425,0,0,125,3.51837
2.45,0,0,125,3.55544
2.475,0,0,125,3.59248
2.5,0,0,125,3.62947
2.525,0,0,125,3.66643
2.55,0,0,125,3.70336
2.575,0,0,125,3.74025
2.6,0,0,125,3.7771
2.625,0,0,125,3.81391
2.65,0,0,125,3.85069
2.675,0,0,125,3.88743
2.7,0,0,125,3.92414
2.725,0,0,125,3.96081
2.75,0,0,125,3.99744
2.775,0,0,125,4.03403
2.8,0,0,125,4.07059
2.825,0,0,125,4.10711
2.85,0,0,125,4.14359
2.875,0,0,125,4.18004
2.9,0,0,125,4.21644
2.925,0,0,125,4.25281
2.95,0,0,125,4.28914
2.975,0,0,125,4.32543
3,0,0,125,4.36168
3.025,0,0,125,4.39789
3.05,0,0,125,4.43406
3.075,0,0,125,4.47019
3.1,0,0,125,4.50628
3.125,0,0,125,4.54233
3.15,0,0,125,4.57834
3.175,0,0,125,4.6143
3.2,0,0,125,4.65023
3.225,0,0,125,4.68611
3.25,0,0,125,4.72194
3.275,0,0,125,4.75774
3.3,0,0,125,4.79349
3.325,0,0,125,4.82919
3.35,0,0,125,4.86485
3.375,0,0,125,4.90045
3.4,0,0,125,4.93601
3.425,0,0,125,4.97152
3.45,0,0,125,5.00698
3.475,0,0,125,5.04239
3.5,0,0,125,5.07774
3.525,0,0,125,5.11304
3.55,0,0,125,5.14827
3.575,0,0,125,5.18345
3.6,0,0,125,5.21857
3.625,0,0,125,5.25362
3.65,0,0,125,5.2886
3.675,0,0,125,5.32352
3.7,0,0,125,5.35836
3.725,0,0,125,5.39313
3.75,0,0,125,5.42782
3.775,0,0,125,5.46243
3.8,0,0,125,5.49695
3.825,0,0,125,5.53137
3.85,0,0,125,5.5657
3.875,0,0,125,5.59993
3.9,0,0,125,5.63405
3.925,0,0,125,5.66806
3.95,0,0,125,5.70194
3.975,0,0,125,5.7357
4,0,0,125,5.76932
4.025,0,0,125,5.80279
4.05,0,0,125,5.8361
4.075,0,0,125,5.86926
4.1,0,0,125,5.90223
4.125,0,0,125,5.93501
4.15,0,0,125,5.9676
4.175,0,0,125,5.99996
4.2,0,0,125,6.0321
4.225,0,0,125,6.06399
4.25,0,0,125,6.09561
4.275,0,0,125,6.12695
4.3,0,0,125,6.15797
4.325,0,0,125,6.18867
4.35,0,0,125,6.219
4.375,0,0,125,6.24894
4.4,0,0,125,6.27847
4.425,0,0,125,6.30755
4.45,0,0,125,6.33614
4.475,0,0,125,6.36421
4.5,0,0,125,6.39171
4.525,0,0,125,6.41862
4.55,0,0,125,6.44487
4.575,0,0,125,6.47041
4.6,0,0,125,6.49519
4.625,0,0,125,6.51917
4.65,0,0,125,6.54226
4.675,0,0,125,6.56441
4.7,0,0,125,6.58555
4.725,0,0,125,6.6056
4.75,0,0,125,6.62449
4.775,0,0,125,6.64213
4.8,0,0,125,6.65843
4.825,0,0,125,6.67331
4.85,0,0,125,6.68667
4.875,0,0,125,6.6984
4.9,0,0,125,6.70841
4.925,0,0,125,6.71659
4.95,0,0,125,6.72283
4.975,0,0,125,6.72705
5,0,0,125,6.72917
