0,0,0,125,-84.416
0.025,0,0,125,-84.416
0.05,0,0,125,-84.4161
0.075,0,0,125,-84.4163
0.1,0,0,125,-84.4165
0.125,0,0,125,-84.4167
0.15,0,0,125,-84.4169
0.175,0,0,125,-84.4171
0.2,0,0,125,-84.4173
0.225,0,0,125,-84.4176
0.25,0,0,125,-84.4179
0.275,0,0,125,-84.4181
0.3,0,0,125,-84.4184
0.325,0,0,125,-84.4187
0.35,0,0,125,-84.419
0.375,0,0,125,-84.4192
0.4,0,0,125,-84.4195
0.425,0,0,125,-84.4197
0.45,0,0,125,-84.42
0.475,0,0,125,-84.4202
0.5,0,0,125,-84.4204
0.525,0,0,125,-84.4206
0.55,0,0,125,-84.4208
0.575,0,0,125,-84.421
0.6,0,0,125,-84.4212
0.625,0,0,125,-84.4214
0.65,0,0,125,-84.4216
0.675,0,0,125,-84.4218
0.7,0,0,125,-84.4219
0.725,0,0,125,-84.4221
0.75,0,0,125,-84.4223
0.775,0,0,125,-84.4225
0.8,0,0,125,-84.4227
0.825,0,0,125,-84.4229
0.85,0,0,125,-84.423
0.875,0,0,125,-84.4232
0.9,0,0,125,-84.4234
0.925,0,0,125,-84.4236
0.95,0,0,125,-84.4238
0.975,0,0,125,-84.424
1,0,0,125,-84.4242
1.025,0,0,125,-84.4244
1.05,0,0,125,-84.4246
1.075,0,0,125,-84.4248
1.1,0,0,125,-84.425
1.125,0,0,125,-84.4252
1.15,0,0,125,-84.4254
1.175,0,0,125,-84.4256
1.2,0,0,125,-84.4259
1.225,0,0,125,-84.4261
1.25,0,0,125,-84.4263
1.275,0,0,125,-84.4266
1.3,0,0,125,-84.4268
1.325,0,0,125,-84.427
1.35,0,0,125,-84.4273
1.375,0,0,125,-84.4275
1.4,0,0,125,-84.4278
1.425,0,0,125,-84.4281
1.45,0,0,125,-84.4283
1.475,0,0,125,-84.4286
1.5,0,0,125,-84.4289
1.525,0,0,125,-84.4292
1.55,0,0,125,-84.4295
1.575,0,0,125,-84.4297
1.6,0,0,125,-84.43
1.625,0,0,125,-84.4303
1.65,0,0,125,-84.4307
1.675,0,0,125,-84.431
1.7,0,0,125,-84.4313
1.725,0,0,125,-84.4316
1.75,0,0,125,-84.432
1.775,0,0,125,-84.4323
1.8,0,0,125,-84.4326
1.825,0,0,125,-84.433
1.85,0,0,125,-84.4334
1.875,0,0,125,-84.4337
1.9,0,0,125,-84.4341
1.925,0,0,125,-84.4345
1.95,0,0,125,-84.4349
1.975,0,0,125,-84.4354
2,0,0,125,-84.4358
2.025,0,0,125,-84.4363
2.05,0,0,125,-84.4368
2.075,0,0,125,-84.4373
2.1,0,0,125,-84.4378
2.125,0,0,125,-84.4383
2.15,0,0,125,-84.4388
2.175,0,0,125,-84.4394
2.2,0,0,125,-84.4399
2.225,0,0,125,-84.4405
2.25,0,0,125,-84.4411
2.275,0,0,125,-84.4417
2.3,0,0,125,-84.4423
2.325,0,0,125,-84.443
2.35,0,0,125,-84.4436
2.375,0,0,125,-84.4442
2.4,0,0,125,-84.4449
2.425,0,0,125,-84.4456
2.45,0,0,125,-84.4463
2.475,0,0,125,-84.4469
2.5,0,0,125,-84.4477
2.525,0,0,125,-84.4484
2.55,0,0,125,-84.4491
2.575,0,0,125,-84.4498
2.6,0,0,125,-84.4506
2.625,0,0,125,-84.4513
2.65,0,0,125,-84.4521
2.675,0,0,125,-84.4529
2.7,0,0,125,-84.4536
2.725,0,0,125,-84.4544
2.75,0,0,125,-84.4552
2.775,0,0,125,-84.4561
2.8,0,0,125,-84.4569
2.825,0,0,125,-84.4577
2.85,0,0,125,-84.4586
2.875,0,0,125,-84.4594
2.9,0,0,125,-84.4603
2.925,0,0,125,-84.4612
2.95,0,0,125,-84.462
2.975,0,0,125,-84.4629
3,0,0,125,-84.4638
3.025,0,0,125,-84.4647
3.05,0,0,125,-84.4656
3.075,0,0,125,-84.4666
3.1,0,0,125,-84.4675
3.125,0,0,125,-84.4684
3.15,0,0,125,-84.4693
3.175,0,0,125,-84.4701
3.2,0,0,125,-84.471
3.225,0,0,125,-84.4719
3.25,0,0,125,-84.4728
3.275,0,0,125,-84.4736
3.3,0,0,125,-84.4745
3.325,0,0,125,-84.4753
3.35,0,0,125,-84.4762
3.375,0,0,125,-84.477
3.4,0,0,125,-84.4778
3.425,0,0,125,-84.4786
3.45,0,0,125,-84.4793
3.475,0,0,125,-84.4801
3.5,0,0,125,-84.4808
3.525,0,0,125,-84.4815
3.55,0,0,125,-84.4822
3.575,0,0,125,-84.4829
3.6,0,0,125,-84.4836
3.625,0,0,125,-84.4843
3.65,0,0,125,-84.4849
3.675,0,0,125,-84.4855
3.7,0,0,125,-84.4861
3.725,0,0,125,-84.4867
3.75,0,0,125,-84.4873
3.775,0,0,125,-84.4879
3.8,0,0,125,-84.4884
3.825,0,0,125,-84.489
3.85,0,0,125,-84.4895
3.875,0,0,125,-84.49
3.9,0,0,125,-84.4905
3.925,0,0,125,-84.4909
3.95,0,0,125,-84.4914
3.975,0,0,125,-84.4918
4,0,0,125,-84.4922
4.025,0,0,125,-84.4926
4.05,0,0,125,-84.493
4.075,0,0,125,-84.4933
4.1,0,0,125,-84.4936
4.125,0,0,125,-84.4939
4.15,0,0,125,-84.4942
4.175,0,0,125,-84.4945
4.2,0,0,125,-84.4948
4.225,0,0,125,-84.4951
4.25,0,0,125,-84.4953
4.275,0,0,125,-84.4956
4.3,0,0,125,-84.4958
4.325,0,0,125,-84.496
4.35,0,0,125,-84.4963
4.375,0,0,125,-84.4965
4.4,0,0,125,-84.4967
4.425,0,0,125,-84.4969
4.45,0,0,125,-84.4971
4.475,0,0,125,-84.4972
4.5,0,0,125,-84.4974
4.525,0,0,125,-84.4975
4.55,0,0,125,-84.4977
4.575,0,0,125,-84.4978
4.6,0,0,125,-84.498
4.625,0,0,125,-84.4981
4.65,0,0,125,-84.4982
4.675,0,0,125,-84.4983
4.7,0,0,125,-84.4984
4.725,0,0,125,-84.4984
4.75,0,0,125,-84.4985
4.775,0,0,125,-84.4986
4.8,0,0,125,-84.4986
4.825,0,0,125,-84.4987
4.85,0,0,125,-84.4987
4.875,0,0,125,-84.4987
4.9,0,0,125,-84.4987
4.925,0,0,125,-84.4987
4.95,0,0,125,-84.4987
4.975,0,0,125,-84.4987
5,0,0,125,-84.4987
