0,0,0,125,-83.53
0.025,0,0,125,-83.5303
0.05,0,0,125,-83.5309
0.075,0,0,125,-83.5317
0.1,0,0,125,-83.5327
0.125,0,0,125,-83.5339
0.15,0,0,125,-83.5352
0.175,0,0,125,-83.5366
0.2,0,0,125,-83.538
0.225,0,0,125,-83.5394
0.25,0,0,125,-83.5409
0.275,0,0,125,-83.5424
0.3,0,0,125,-83.5438
0.325,0,0,125,-83.5453
0.35,0,0,125,-83.5467
0.375,0,0,125,-83.5481
0.4,0,0,125,-83.5495
0.425,0,0,125,-83.5509
0.45,0,0,125,-83.5522
0.475,0,0,125,-83.5536
0.5,0,0,125,-83.5549
0.525,0,0,125,-83.5562
0.55,0,0,125,-83.5575
0.575,0,0,125,-83.5588
0.6,0,0,125,-83.5601
0.625,0,0,125,-83.5614
0.65,0,0,125,-83.5626
0.675,0,0,125,-83.5638
0.7,0,0,125,-83.5651
0.725,0,0,125,-83.5663
0.75,0,0,125,-83.5675
0.775,0,0,125,-83.5687
0.8,0,0,125,-83.57
0.825,0,0,125,-83.5712
0.85,0,0,125,-83.5725
0.875,0,0,125,-83.5738
0.9,0,0,125,-83.575
0.925,0,0,125,-83.5763
0.95,0,0,125,-83.5776
0.975,0,0,125,-83.5789
1,0,0,125,-83.5802
1.025,0,0,125,-83.5815
1.05,0,0,125,-83.5828
1.075,0,0,125,-83.5842
1.1,0,0,125,-83.5855
1.125,0,0,125,-83.5869
1.15,0,0,125,-83.5883
1.175,0,0,125,-83.5897
1.2,0,0,125,-83.5911
1.225,0,0,125,-83.5926
1.25,0,0,125,-83.594
1.275,0,0,125,-83.5955
1.3,0,0,125,-83.597
1.325,0,0,125,-83.5985
1.35,0,0,125,-83.6
1.375,0,0,125,-83.6016
1.4,0,0,125,-83.6032
1.425,0,0,125,-83.6048
1.45,0,0,125,-83.6065
1.475,0,0,125,-83.6083
1.5,0,0,125,-83.61
1.525,0,0,125,-83.6118
1.55,0,0,125,-83.6137
1.575,0,0,125,-83.6155
1.6,0,0,125,-83.6174
1.625,0,0,125,-83.6194
1.65,0,0,125,-83.6214
1.675,0,0,125,-83.6234
1.7,0,0,125,-83.6255
1.725,0,0,125,-83.6275
1.75,0,0,125,-83.6297
1.775,0,0,125,-83.6319
1.8,0,0,125,-83.6341
1.825,0,0,125,-83.6364
1.85,0,0,125,-83.6388
1.875,0,0,125,-83.6413
1.9,0,0,125,-83.6438
1.925,0,0,125,-83.6463
1.95,0,0,125,-83.649
1.975,0,0,125,-83.6516
2,0,0,125,-83.6544
2.025,0,0,125,-83.6572
2.05,0,0,125,-83.6601
2.075,0,0,125,-83.6631
2.1,0,0,125,-83.6661
2.125,0,0,125,-83.6693
2.15,0,0,125,-83.6725
2.175,0,0,125,-83.6758
2.2,0,0,125,-83.6792
2.225,0,0,125,-83.6827
2.25,0,0,125,-83.6862
2.275,0,0,125,-83.6898
2.3,0,0,125,-83.6934
2.325,0,0,125,-83.6971
2.35,0,0,125,-83.7009
2.375,0,0,125,-83.7048
2.4,0,0,125,-83.7088
2.425,0,0,125,-83.7129
2.45,0,0,125,-83.7171
2.475,0,0,125,-83.7213
2.5,0,0,125,-83.7256
2.525,0,0,125,-83.7301
2.55,0,0,125,-83.7346
2.575,0,0,125,-83.7392
2.6,0,0,125,-83.7438
2.625,0,0,125,-83.7485
2.65,0,0,125,-83.7533
2.675,0,0,125,-83.7581
2.7,0,0,125,-83.763
2.725,0,0,125,-83.768
2.75,0,0,125,-83.773
2.775,0,0,125,-83.778
2.8,0,0,125,-83.7832
2.825,0,0,125,-83.7884
2.85,0,0,125,-83.7936
2.875,0,0,125,-83.7989
2.9,0,0,125,-83.8042
2.925,0,0,125,-83.8095
2.95,0,0,125,-83.8149
2.975,0,0,125,-83.8202
3,0,0,125,-83.8256
3.025,0,0,125,-83.831
3.05,0,0,125,-83.8364
3.075,0,0,125,-83.8418
3.1,0,0,125,-83.8472
3.125,0,0,125,-83.8525
3.15,0,0,125,-83.8579
3.175,0,0,125,-83.8633
3.2,0,0,125,-83.8686
3.225,0,0,125,-83.8739
3.25,0,0,125,-83.8792
3.275,0,0,125,-83.8844
3.3,0,0,125,-83.8896
3.325,0,0,125,-83.8948
3.35,0,0,125,-83.8999
3.375,0,0,125,-83.9049
3.4,0,0,125,-83.9099
3.425,0,0,125,-83.9149
3.45,0,0,125,-83.9197
3.475,0,0,125,-83.9245
3.5,0,0,125,-83.9291
3.525,0,0,125,-83.9337
3.55,0,0,125,-83.9382
3.575,0,0,125,-83.9426
3.6,0,0,125,-83.9469
3.625,0,0,125,-83.9512
3.65,0,0,125,-83.9553
3.675,0,0,125,-83.9594
3.7,0,0,125,-83.9634
3.725,0,0,125,-83.9672
3.75,0,0,125,-83.971
3.775,0,0,125,-83.9747
3.8,0,0,125,-83.9782
3.825,0,0,125,-83.9816
3.85,0,0,125,-83.985
3.875,0,0,125,-83.9882
3.9,0,0,125,-83.9913
3.925,0,0,125,-83.9943
3.95,0,0,125,-83.9971
3.975,0,0,125,-83.9999
4,0,0,125,-84.0026
4.025,0,0,125,-84.0052
4.05,0,0,125,-84.0077
4.075,0,0,125,-84.0101
4.1,0,0,125,-84.0124
4.125,0,0,125,-84.0146
4.15,0,0,125,-84.0167
4.175,0,0,125,-84.0187
4.2,0,0,125,-84.0207
4.225,0,0,125,-84.0225
4.25,0,0,125,-84.0242
4.275,0,0,125,-84.0258
4.3,0,0,125,-84.0274
4.325,0,0,125,-84.0288
4.35,0,0,125,-84.0302
4.375,0,0,125,-84.0315
4.4,0,0,125,-84.0327
4.425,0,0,125,-84.0338
4.45,0,0,125,-84.0349
4.475,0,0,125,-84.0358
4.5,0,0,125,-84.0367
4.525,0,0,125,-84.0375
4.55,0,0,125,-84.0383
4.575,0,0,125,-84.039
4.6,0,0,125,-84.0397
4.625,0,0,125,-84.0402
4.65,0,0,125,-84.0408
4.675,0,0,125,-84.0412
4.7,0,0,125,-84.0416
4.725,0,0,125,-84.042
4.75,0,0,125,-84.0423
4.775,0,0,125,-84.0425
4.8,0,0,125,-84.0427
4.825,0,0,125,-84.0429
4.85,0,0,125,-84.0431
4.875,0,0,125,-84.0432
4.9,0,0,125,-84.0432
4.925,0,0,125,-84.0433
4.95,0,0,125,-84.0433
4.975,0,0,125,-84.0433
5,0,0,125,-84.0433
