0,0,0,125,-1.65405
0.025,0,0,125,-1.6578
0.05,0,0,125,-1.66529
0.075,0,0,125,-1.67657
0.1,0,0,125,-1.69168
0.125,0,0,125,-1.7107
0.15,0,0,125,-1.73371
0.175,0,0,125,-1.76075
0.2,0,0,125,-1.79181
0.225,0,0,125,-1.82684
0.25,0,0,125,-1.86578
0.275,0,0,125,-1.90855
0.3,0,0,125,-1.95508
0.325,0,0,125,-2.00527
0.35,0,0,125,-2.05905
0.375,0,0,125,-2.11634
0.4,0,0,125,-2.17706
0.425,0,0,125,-2.24112
0.45,0,0,125,-2.30846
0.475,0,0,125,-2.37901
0.5,0,0,125,-2.45271
0.525,0,0,125,-2.52948
0.55,0,0,125,-2.60929
0.575,0,0,125,-2.69207
0.6,0,0,125,-2.77779
0.625,0,0,125,-2.86641
0.65,0,0,125,-2.9579
0.675,0,0,125,-3.05222
0.7,0,0,125,-3.14936
0.725,0,0,125,-3.2493
0.75,0,0,125,-3.35203
0.775,0,0,125,-3.45754
0.8,0,0,125,-3.56584
0.825,0,0,125,-3.67693
0.85,0,0,125,-3.79082
0.875,0,0,125,-3.90754
0.9,0,0,125,-4.02709
0.925,0,0,125,-4.14951
0.95,0,0,125,-4.27483
0.975,0,0,125,-4.4031
1,0,0,125,-4.53435
1.025,0,0,125,-4.66864
1.05,0,0,125,-4.80602
1.075,0,0,125,-4.94654
1.1,0,0,125,-5.09029
1.125,0,0,125,-5.23732
1.15,0,0,125,-5.38772
1.175,0,0,125,-5.54156
1.2,0,0,125,-5.69895
1.225,0,0,125,-5.85996
1.25,0,0,125,-6.02471
1.275,0,0,125,-6.19329
1.3,0,0,125,-6.36583
1.325,0,0,125,-6.54243
1.35,0,0,125,-6.72322
1.375,0,0,125,-6.90833
1.4,0,0,125,-7.0979
1.425,0,0,125,-7.29206
1.45,0,0,125,-7.49097
1.475,0,0,125,-7.69477
1.5,0,0,125,-7.90363
1.525,0,0,125,-8.11772
1.55,0,0,125,-8.3372
1.575,0,0,125,-8.56226
1.6,0,0,125,-8.79308
1.625,0,0,125,-9.02985
1.65,0,0,125,-9.27276
1.675,0,0,125,-9.52202
1.7,0,0,125,-9.77783
1.725,0,0,125,-10.0404
1.75,0,0,125,-10.31
1.775,0,0,125,-10.5867
1.8,0,0,125,-10.871
1.825,0,0,125,-11.1628
1.85,0,0,125,-11.4626
1.875,0,0,125,-11.7705
1.9,0,0,125,-12.0868
1.925,0,0,125,-12.4118
1.95,0,0,125,-12.7456
1.975,0,0,125,-13.0885
2,0,0,125,-13.4408
2.025,0,0,125,-13.8028
2.05,0,0,125,-14.1746
2.075,0,0,125,-14.5565
2.1,0,0,125,-14.9488
2.125,0,0,125,-15.3517
2.15,0,0,125,-15.7654
2.175,0,0,125,-16.1903
2.2,0,0,125,-16.6264
2.225,0,0,125,-17.0741
2.25,0,0,125,-17.5335
2.275,0,0,125,-18.0049
2.3,0,0,125,-18.4884
2.325,0,0,125,-18.9843
2.35,0,0,125,-19.4926
2.375,0,0,125,-20.0137
2.4,0,0,125,-20.5476
2.425,0,0,125,-21.0945
2.45,0,0,125,-21.6545
2.475,0,0,125,-22.2277
2.5,0,0,125,-22.8143
2.525,0,0,125,-23.4143
2.55,0,0,125,-24.0279
2.575,0,0,125,-24.6551
2.6,0,0,125,-25.296
2.625,0,0,125,-25.9507
2.65,0,0,125,-26.6191
2.675,0,0,125,-27.3015
2.7,0,0,125,-27.9977
2.725,0,0,125,-28.7078
2.75,0,0,125,-29.4318
2.775,0,0,125,-30.1698
2.8,0,0,125,-30.9216
2.825,0,0,125,-31.6873
2.85,0,0,125,-32.4667
2.875,0,0,125,-33.2598
2.9,0,0,125,-34.0664
2.925,0,0,125,-34.8862
2.95,0,0,125,-35.719
2.975,0,0,125,-36.5644
3,0,0,125,-37.422
3.025,0,0,125,-38.2913
3.05,0,0,125,-39.1717
3.075,0,0,125,-40.0625
3.1,0,0,125,-40.9628
3.125,0,0,125,-41.8717
3.15,0,0,125,-42.7882
3.175,0,0,125,-43.7111
3.2,0,0,125,-44.6393
3.225,0,0,125,-45.5713
3.25,0,0,125,-46.5057
3.275,0,0,125,-47.4411
3.3,0,0,125,-48.3759
3.325,0,0,125,-49.3084
3.35,0,0,125,-50.237
3.375,0,0,125,-51.1601
3.4,0,0,125,-52.0759
3.425,0,0,125,-52.9828
3.45,0,0,125,-53.8792
3.475,0,0,125,-54.7633
3.5,0,0,125,-55.6338
3.525,0,0,125,-56.4891
3.55,0,0,125,-57.3279
3.575,0,0,125,-58.1488
3.6,0,0,125,-58.9507
3.625,0,0,125,-59.7324
3.65,0,0,125,-60.493
3.675,0,0,125,-61.2316
3.7,0,0,125,-61.9475
3.725,0,0,125,-62.6401
3.75,0,0,125,-63.3089
3.775,0,0,125,-63.9534
3.8,0,0,125,-64.5735
3.825,0,0,125,-65.169
3.85,0,0,125,-65.7397
3.875,0,0,125,-66.2858
3.9,0,0,125,-66.8073
3.925,0,0,125,-67.3045
3.95,0,0,125,-67.7776
3.975,0,0,125,-68.227
4,0,0,125,-68.6531
4.025,0,0,125,-69.0563
4.05,0,0,125,-69.4372
4.075,0,0,125,-69.7963
4.1,0,0,125,-70.1341
4.125,0,0,125,-70.4514
4.15,0,0,125,-70.7486
4.175,0,0,125,-71.0265
4.2,0,0,125,-71.2858
4.225,0,0,125,-71.527
4.25,0,0,125,-71.751
4.275,0,0,125,-71.9583
4.3,0,0,125,-72.1497
4.325,0,0,125,-72.3259
4.35,0,0,125,-72.4875
4.375,0,0,125,-72.6353
4.4,0,0,125,-72.7699
4.425,0,0,125,-72.8921
4.45,0,0,125,-73.0024
4.475,0,0,125,-73.1017
4.5,0,0,125,-73.1905
4.525,0,0,125,-73.2696
4.55,0,0,125,-73.3396
4.575,0,0,125,-73.4011
4.6,0,0,125,-73.4548
4.625,0,0,125,-73.5013
4.65,0,0,125,-73.5413
4.675,0,0,125,-73.5754
4.7,0,0,125,-73.6042
4.725,0,0,125,-73.6282
4.75,0,0,125,-73.6481
4.775,0,0,125,-73.6645
4.8,0,0,125,-73.6777
4.825,0,0,125,-73.6884
4.85,0,0,125,-73.697
4.875,0,0,125,-73.7039
4.9,0,0,125,-73.7093
4.925,0,0,125,-73.7135
4.95,0,0,125,-73.7166
4.975,0,0,125,-73.7186
5,0,0,125,-73.7196
