0,0,0,125,8.65162
0.025,0,0,125,8.65536
0.05,0,0,125,8.66269
0.075,0,0,125,8.67321
0.1,0,0,125,8.68638
0.125,0,0,125,8.70154
0.15,0,0,125,8.71808
0.175,0,0,125,8.73546
0.2,0,0,125,8.75335
0.225,0,0,125,8.77152
0.25,0,0,125,8.7898
0.275,0,0,125,8.80801
0.3,0,0,125,8.82603
0.325,0,0,125,8.84374
0.35,0,0,125,8.861
0.375,0,0,125,8.87771
0.4,0,0,125,8.89377
0.425,0,0,125,8.90909
0.45,0,0,125,8.92358
0.475,0,0,125,8.93715
0.5,0,0,125,8.94972
0.525,0,0,125,8.96121
0.55,0,0,125,8.97156
0.575,0,0,125,8.98068
0.6,0,0,125,8.98851
0.625,0,0,125,8.99498
0.65,0,0,125,9.00003
0.675,0,0,125,9.00358
0.7,0,0,125,9.00556
0.725,0,0,125,9.00593
0.75,0,0,125,9.00459
0.775,0,0,125,9.0015
0.8,0,0,125,8.99657
0.825,0,0,125,8.98975
0.85,0,0,125,8.98096
0.875,0,0,125,8.97012
0.9,0,0,125,8.95717
0.925,0,0,125,8.94204
0.95,0,0,125,8.92463
0.975,0,0,125,8.90488
1,0,0,125,8.8827
1.025,0,0,125,8.85801
1.05,0,0,125,8.83073
1.075,0,0,125,8.80076
1.1,0,0,125,8.76803
1.125,0,0,125,8.73243
1.15,0,0,125,8.69387
1.175,0,0,125,8.65226
1.2,0,0,125,8.60749
1.225,0,0,125,8.55948
1.25,0,0,125,8.50812
1.275,0,0,125,8.4533
1.3,0,0,125,8.39492
1.325,0,0,125,8.33288
1.35,0,0,125,8.26706
1.375,0,0,125,8.19738
1.4,0,0,125,8.1237
1.425,0,0,125,8.04594
1.45,0,0,125,7.96397
1.475,0,0,125,7.8777
1.5,0,0,125,7.78702
1.525,0,0,125,7.69182
1.55,0,0,125,7.592
1.575,0,0,125,7.48746
1.6,0,0,125,7.37809
1.625,0,0,125,7.2638
1.65,0,0,125,7.1445
1.675,0,0,125,7.02009
1.7,0,0,125,6.89048
1.725,0,0,125,6.75557
1.75,0,0,125,6.61529
1.775,0,0,125,6.46955
1.8,0,0,125,6.31828
1.825,0,0,125,6.16138
1.85,0,0,125,5.99878
1.875,0,0,125,5.83042
1.9,0,0,125,5.65621
1.925,0,0,125,5.47608
1.95,0,0,125,5.28996
1.975,0,0,125,5.09777
2,0,0,125,4.89946
2.025,0,0,125,4.69494
2.05,0,0,125,4.48415
2.075,0,0,125,4.26701
2.1,0,0,125,4.04345
2.125,0,0,125,3.8134
2.15,0,0,125,3.57679
2.175,0,0,125,3.33353
2.2,0,0,125,3.08356
2.225,0,0,125,2.82679
2.25,0,0,125,2.56315
2.275,0,0,125,2.29256
2.3,0,0,125,2.01494
2.325,0,0,125,1.7302
2.35,0,0,125,1.43828
2.375,0,0,125,1.13908
2.4,0,0,125,0.832534
2.425,0,0,125,0.518561
2.45,0,0,125,0.197088
2.475,0,0,125,-0.131959
2.5,0,0,125,-0.468648
2.525,0,0,125,-0.813045
2.55,0,0,125,-1.16521
2.575,0,0,125,-1.52519
2.6,0,0,125,-1.89304
2.625,0,0,125,-2.2688
2.65,0,0,125,-2.65248
2.675,0,0,125,-3.04412
2.7,0,0,125,-3.44372
2.725,0,0,125,-3.85126
2.75,0,0,125,-4.26674
2.775,0,0,125,-4.69011
2.8,0,0,125,-5.12133
2.825,0,0,125,-5.56031
2.85,0,0,125,-6.00698
2.875,0,0,125,-6.46121
2.9,0,0,125,-6.92289
2.925,0,0,125,-7.39185
2.95,0,0,125,-7.86791
2.975,0,0,125,-8.35087
3,0,0,125,-8.84051
3.025,0,0,125,-9.33656
3.05,0,0,125,-9.83874
3.075,0,0,125,-10.3468
3.1,0,0,125,-10.8603
3.125,0,0,125,-11.3789
3.15,0,0,125,-11.9023
3.175,0,0,125,-12.4299
3.2,0,0,125,-12.9615
3.225,0,0,125,-13.4965
3.25,0,0,125,-14.0344
3.275,0,0,125,-14.5746
3.3,0,0,125,-15.1168
3.325,0,0,125,-15.6603
3.35,0,0,125,-16.2045
3.375,0,0,125,-16.7488
3.4,0,0,125,-17.2927
3.425,0,0,125,-17.8355
3.45,0,0,125,-18.3767
3.475,0,0,125,-18.9155
3.5,0,0,125,-19.4514
3.525,0,0,125,-19.9837
3.55,0,0,125,-20.5118
3.575,0,0,125,-21.0351
3.6,0,0,125,-21.5529
3.625,0,0,125,-22.0647
3.65,0,0,125,-22.5699
3.675,0,0,125,-23.0678
3.7,0,0,125,-23.558
3.725,0,0,125,-24.0398
3.75,0,0,125,-24.5128
3.775,0,0,125,-24.9765
3.8,0,0,125,-25.4303
3.825,0,0,125,-25.8738
3.85,0,0,125,-26.3066
3.875,0,0,125,-26.7283
3.9,0,0,125,-27.1385
3.925,0,0,125,-27.5368
3.95,0,0,125,-27.923
3.975,0,0,125,-28.2966
4,0,0,125,-28.6576
4.025,0,0,125,-29.0056
4.05,0,0,125,-29.3405
4.075,0,0,125,-29.662
4.1,0,0,125,-29.9701
4.125,0,0,125,-30.2647
4.15,0,0,125,-30.5457
4.175,0,0,125,-30.813
4.2,0,0,125,-31.0667
4.225,0,0,125,-31.3068
4.25,0,0,125,-31.5334
4.275,0,0,125,-31.7467
4.3,0,0,125,-31.9467
4.325,0,0,125,-32.1337
4.35,0,0,125,-32.3078
4.375,0,0,125,-32.4695
4.4,0,0,125,-32.6189
4.425,0,0,125,-32.7564
4.45,0,0,125,-32.8823
4.475,0,0,125,-32.9972
4.5,0,0,125,-33.1013
4.525,0,0,125,-33.1953
4.55,0,0,125,-33.2795
4.575,0,0,125,-33.3546
4.6,0,0,125,-33.4211
4.625,0,0,125,-33.4795
4.65,0,0,125,-33.5304
4.675,0,0,125,-33.5745
4.7,0,0,125,-33.6124
4.725,0,0,125,-33.6446
4.75,0,0,125,-33.6717
4.775,0,0,125,-33.6944
4.8,0,0,125,-33.7132
4.825,0,0,125,-33.7287
4.85,0,0,125,-33.7411
4.875,0,0,125,-33.7511
4.9,0,0,125,-33.7589
4.925,0,0,125,-33.7648
4.95,0,0,125,-33.769
4.975,0,0,125,-33.7717
5,0,0,125,-33.773
