0,0,0,125,-83.9986
0.025,0,0,125,-83.9988
0.05,0,0,125,-83.9991
0.075,0,0,125,-83.9995
0.1,0,0,125,-84.0001
0.125,0,0,125,-84.0008
0.15,0,0,125,-84.0016
0.175,0,0,125,-84.0024
0.2,0,0,125,-84.0032
0.225,0,0,125,-84.004
0.25,0,0,125,-84.0049
0.275,0,0,125,-84.0057
0.3,0,0,125,-84.0066
0.325,0,0,125,-84.0074
0.35,0,0,125,-84.0082
0.375,0,0,125,-84.0091
0.4,0,0,125,-84.0099
0.425,0,0,125,-84.0107
0.45,0,0,125,-84.0115
0.475,0,0,125,-84.0123
0.5,0,0,125,-84.0131
0.525,0,0,125,-84.0138
0.55,0,0,125,-84.0146
0.575,0,0,125,-84.0154
0.6,0,0,125,-84.0161
0.625,0,0,125,-84.0168
0.65,0,0,125,-84.0176
0.675,0,0,125,-84.0183
0.7,0,0,125,-84.019
0.725,0,0,125,-84.0197
0.75,0,0,125,-84.0204
0.775,0,0,125,-84.0212
0.8,0,0,125,-84.0219
0.825,0,0,125,-84.0227
0.85,0,0,125,-84.0235
0.875,0,0,125,-84.0242
0.9,0,0,125,-84.025
0.925,0,0,125,-84.0258
0.95,0,0,125,-84.0266
0.975,0,0,125,-84.0273
1,0,0,125,-84.0281
1.025,0,0,125,-84.0289
1.05,0,0,125,-84.0296
1.075,0,0,125,-84.0304
1.1,0,0,125,-84.0312
1.125,0,0,125,-84.032
1.15,0,0,125,-84.0329
1.175,0,0,125,-84.0337
1.2,0,0,125,-84.0346
1.225,0,0,125,-84.0355
1.25,0,0,125,-84.0364
1.275,0,0,125,-84.0373
1.3,0,0,125,-84.0382
1.325,0,0,125,-84.0391
1.35,0,0,125,-84.0401
1.375,0,0,125,-84.0411
1.4,0,0,125,-84.042
1.425,0,0,125,-84.043
1.45,0,0,125,-84.0441
1.475,0,0,125,-84.0451
1.5,0,0,125,-84.0461
1.525,0,0,125,-84.0472
1.55,0,0,125,-84.0483
1.575,0,0,125,-84.0493
1.6,0,0,125,-84.0504
1.625,0,0,125,-84.0516
1.65,0,0,125,-84.0527
1.675,0,0,125,-84.0538
1.7,0,0,125,-84.055
1.725,0,0,125,-84.0562
1.75,0,0,125,-84.0575
1.775,0,0,125,-84.0588
1.8,0,0,125,-84.0601
1.825,0,0,125,-84.0615
1.85,0,0,125,-84.0629
1.875,0,0,125,-84.0643
1.9,0,0,125,-84.0658
1.925,0,0,125,-84.0673
1.95,0,0,125,-84.0688
1.975,0,0,125,-84.0704
2,0,0,125,-84.072
2.025,0,0,125,-84.0737
2.05,0,0,125,-84.0754
2.075,0,0,125,-84.0771
2.1,0,0,125,-84.0789
2.125,0,0,125,-84.0807
2.15,0,0,125,-84.0825
2.175,0,0,125,-84.0844
2.2,0,0,125,-84.0863
2.225,0,0,125,-84.0882
2.25,0,0,125,-84.0902
2.275,0,0,125,-84.0922
2.3,0,0,125,-84.0943
2.325,0,0,125,-84.0964
2.35,0,0,125,-84.0986
2.375,0,0,125,-84.1009
2.4,0,0,125,-84.1032
2.425,0,0,125,-84.1056
2.45,0,0,125,-84.108
2.475,0,0,125,-84.1105
2.5,0,0,125,-84.113
2.525,0,0,125,-84.1156
2.55,0,0,125,-84.1182
2.575,0,0,125,-84.1209
2.6,0,0,125,-84.1236
2.625,0,0,125,-84.1263
2.65,0,0,125,-84.1291
2.675,0,0,125,-84.1319
2.7,0,0,125,-84.1348
2.725,0,0,125,-84.1377
2.75,0,0,125,-84.1406
2.775,0,0,125,-84.1435
2.8,0,0,125,-84.1464
2.825,0,0,125,-84.1494
2.85,0,0,125,-84.1523
2.875,0,0,125,-84.1553
2.9,0,0,125,-84.1583
2.925,0,0,125,-84.1613
2.95,0,0,125,-84.1643
2.975,0,0,125,-84.1673
3,0,0,125,-84.1704
3.025,0,0,125,-84.1734
3.05,0,0,125,-84.1765
3.075,0,0,125,-84.1795
3.1,0,0,125,-84.1826
3.125,0,0,125,-84.1857
3.15,0,0,125,-84.1887
3.175,0,0,125,-84.1917
3.2,0,0,125,-84.1947
3.225,0,0,125,-84.1977
3.25,0,0,125,-84.2007
3.275,0,0,125,-84.2036
3.3,0,0,125,-84.2066
3.325,0,0,125,-84.2095
3.35,0,0,125,-84.2124
3.375,0,0,125,-84.2153
3.4,0,0,125,-84.2181
3.425,0,0,125,-84.2209
3.45,0,0,125,-84.2237
3.475,0,0,125,-84.2264
3.5,0,0,125,-84.2291
3.525,0,0,125,-84.2318
3.55,0,0,125,-84.2343
3.575,0,0,125,-84.2369
3.6,0,0,125,-84.2393
3.625,0,0,125,-84.2417
3.65,0,0,125,-84.2441
3.675,0,0,125,-84.2463
3.7,0,0,125,-84.2485
3.725,0,0,125,-84.2507
3.75,0,0,125,-84.2528
3.775,0,0,125,-84.2548
3.8,0,0,125,-84.2568
3.825,0,0,125,-84.2587
3.85,0,0,125,-84.2605
3.875,0,0,125,-84.2623
3.9,0,0,125,-84.264
3.925,0,0,125,-84.2657
3.95,0,0,125,-84.2672
3.975,0,0,125,-84.2688
4,0,0,125,-84.2702
4.025,0,0,125,-84.2716
4.05,0,0,125,-84.2729
4.075,0,0,125,-84.2742
4.1,0,0,125,-84.2754
4.125,0,0,125,-84.2765
4.15,0,0,125,-84.2776
4.175,0,0,125,-84.2786
4.2,0,0,125,-84.2796
4.225,0,0,125,-84.2805
4.25,0,0,125,-84.2814
4.275,0,0,125,-84.2822
4.3,0,0,125,-84.2831
4.325,0,0,125,-84.2838
4.35,0,0,125,-84.2846
4.375,0,0,125,-84.2853
4.4,0,0,125,-84.2859
4.425,0,0,125,-84.2865
4.45,0,0,125,-84.2871
4.475,0,0,125,-84.2877
4.5,0,0,125,-84.2882
4.525,0,0,125,-84.2886
4.55,0,0,125,-84.2891
4.575,0,0,125,-84.2894
4.6,0,0,125,-84.2898
4.625,0,0,125,-84.2901
4.65,0,0,125,-84.2904
4.675,0,0,125,-84.2906
4.7,0,0,125,-84.2908
4.725,0,0,125,-84.291
4.75,0,0,125,-84.2912
4.775,0,0,125,-84.2913
4.8,0,0,125,-84.2915
4.825,0,0,125,-84.2916
4.85,0,0,125,-84.2917
4.875,0,0,125,-84.2918
4.9,0,0,125,-84.2919
4.925,0,0,125,-84.2919
4.95,0,0,125,-84.2919
4.975,0,0,125,-84.292
5,0,0,125,-84.292
