0,0,0,125,-83.035
0.025,0,0,125,-83.0354
0.05,0,0,125,-83.0363
0.075,0,0,125,-83.0375
0.1,0,0,125,-83.039
0.125,0,0,125,-83.0406
0.15,0,0,125,-83.0423
0.175,0,0,125,-83.0439
0.2,0,0,125,-83.0454
0.225,0,0,125,-83.0467
0.25,0,0,125,-83.0477
0.275,0,0,125,-83.0485
0.3,0,0,125,-83.049
0.325,0,0,125,-83.0491
0.35,0,0,125,-83.0488
0.375,0,0,125,-83.0481
0.4,0,0,125,-83.0469
0.425,0,0,125,-83.0452
0.45,0,0,125,-83.043
0.475,0,0,125,-83.0401
0.5,0,0,125,-83.0366
0.525,0,0,125,-83.0324
0.55,0,0,125,-83.0275
0.575,0,0,125,-83.0217
0.6,0,0,125,-83.015
0.625,0,0,125,-83.0074
0.65,0,0,125,-82.9987
0.675,0,0,125,-82.9889
0.7,0,0,125,-82.9779
0.725,0,0,125,-82.9656
0.75,0,0,125,-82.9519
0.775,0,0,125,-82.9365
0.8,0,0,125,-82.9195
0.825,0,0,125,-82.9007
0.85,0,0,125,-82.8798
0.875,0,0,125,-82.8568
0.9,0,0,125,-82.8313
0.925,0,0,125,-82.8033
0.95,0,0,125,-82.7724
0.975,0,0,125,-82.7384
1,0,0,125,-82.701
1.025,0,0,125,-82.6598
1.05,0,0,125,-82.6146
1.075,0,0,125,-82.5649
1.1,0,0,125,-82.5103
1.125,0,0,125,-82.4504
1.15,0,0,125,-82.3845
1.175,0,0,125,-82.3122
1.2,0,0,125,-82.2329
1.225,0,0,125,-82.1457
1.25,0,0,125,-82.0501
1.275,0,0,125,-81.9451
1.3,0,0,125,-81.8299
1.325,0,0,125,-81.7034
1.35,0,0,125,-81.5646
1.375,0,0,125,-81.4123
1.4,0,0,125,-81.2453
1.425,0,0,125,-81.062
1.45,0,0,125,-80.8611
1.475,0,0,125,-80.6407
1.5,0,0,125,-80.3993
1.525,0,0,125,-80.1347
1.55,0,0,125,-79.845
1.575,0,0,125,-79.5279
1.6,0,0,125,-79.181
1.625,0,0,125,-78.802
1.65,0,0,125,-78.3881
1.675,0,0,125,-77.9366
1.7,0,0,125,-77.4447
1.725,0,0,125,-76.9095
1.75,0,0,125,-76.3281
1.775,0,0,125,-75.6976
1.8,0,0,125,-75.0153
1.825,0,0,125,-74.2785
1.85,0,0,125,-73.4848
1.875,0,0,125,-72.632
1.9,0,0,125,-71.7187
1.925,0,0,125,-70.7435
1.95,0,0,125,-69.7059
1.975,0,0,125,-68.606
2,0,0,125,-67.4446
2.025,0,0,125,-66.2235
2.05,0,0,125,-64.945
2.075,0,0,125,-63.6126
2.1,0,0,125,-62.2304
2.125,0,0,125,-60.8033
2.15,0,0,125,-59.3369
2.175,0,0,125,-57.8373
2.2,0,0,125,-56.311
2.225,0,0,125,-54.7649
2.25,0,0,125,-53.2058
2.275,0,0,125,-51.6408
2.3,0,0,125,-50.0763
2.325,0,0,125,-48.5187
2.35,0,0,125,-46.974
2.375,0,0,125,-45.4474
2.4,0,0,125,-43.9437
2.425,0,0,125,-42.4669
2.45,0,0,125,-41.0205
2.475,0,0,125,-39.6074
2.5,0,0,125,-38.2297
2.525,0,0,125,-36.8891
2.55,0,0,125,-35.5868
2.575,0,0,125,-34.3237
2.6,0,0,125,-33.1001
2.625,0,0,125,-31.9162
2.65,0,0,125,-30.7719
2.675,0,0,125,-29.667
2.7,0,0,125,-28.6011
2.725,0,0,125,-27.5737
2.75,0,0,125,-26.5842
2.775,0,0,125,-25.6319
2.8,0,0,125,-24.7162
2.825,0,0,125,-23.8362
2.85,0,0,125,-22.9911
2.875,0,0,125,-22.1801
2.9,0,0,125,-21.4023
2.925,0,0,125,-20.6568
2.95,0,0,125,-19.9426
2.975,0,0,125,-19.2588
3,0,0,125,-18.6044
3.025,0,0,125,-17.9784
3.05,0,0,125,-17.3799
3.075,0,0,125,-16.8078
3.1,0,0,125,-16.2611
3.125,0,0,125,-15.7389
3.15,0,0,125,-15.2402
3.175,0,0,125,-14.764
3.2,0,0,125,-14.3093
3.225,0,0,125,-13.8754
3.25,0,0,125,-13.4611
3.275,0,0,125,-13.0658
3.3,0,0,125,-12.6885
3.325,0,0,125,-12.3283
3.35,0,0,125,-11.9846
3.375,0,0,125,-11.6565
3.4,0,0,125,-11.3433
3.425,0,0,125,-11.0442
3.45,0,0,125,-10.7587
3.475,0,0,125,-10.486
3.5,0,0,125,-10.2255
3.525,0,0,125,-9.97655
3.55,0,0,125,-9.73869
3.575,0,0,125,-9.51132
3.6,0,0,125,-9.29392
3.625,0,0,125,-9.08601
3.65,0,0,125,-8.88712
3.675,0,0,125,-8.6968
3.7,0,0,125,-8.51463
3.725,0,0,125,-8.34023
3.75,0,0,125,-8.1732
3.775,0,0,125,-8.01318
3.8,0,0,125,-7.85986
3.825,0,0,125,-7.7129
3.85,0,0,125,-7.572
3.875,0,0,125,-7.43689
3.9,0,0,125,-7.30728
3.925,0,0,125,-7.18294
3.95,0,0,125,-7.06363
3.975,0,0,125,-6.94911
4,0,0,125,-6.83919
4.025,0,0,125,-6.73365
4.05,0,0,125,-6.63233
4.075,0,0,125,-6.53504
4.1,0,0,125,-6.44162
4.125,0,0,125,-6.35191
4.15,0,0,125,-6.26577
4.175,0,0,125,-6.18308
4.2,0,0,125,-6.10369
4.225,0,0,125,-6.0275
4.25,0,0,125,-5.95439
4.275,0,0,125,-5.88426
4.3,0,0,125,-5.81703
4.325,0,0,125,-5.75259
4.35,0,0,125,-5.69088
4.375,0,0,125,-5.63182
4.4,0,0,125,-5.57533
4.425,0,0,125,-5.52137
4.45,0,0,125,-5.46987
4.475,0,0,125,-5.42079
4.5,0,0,125,-5.37408
4.525,0,0,125,-5.32969
4.55,0,0,125,-5.28761
4.575,0,0,125,-5.2478
4.6,0,0,125,-5.21026
4.625,0,0,125,-5.17494
4.65,0,0,125,-5.14186
4.675,0,0,125,-5.11101
4.7,0,0,125,-5.08237
4.725,0,0,125,-5.05597
4.75,0,0,125,-5.0318
4.775,0,0,125,-5.00988
4.8,0,0,125,-4.99021
4.825,0,0,125,-4.97283
4.85,0,0,125,-4.95772
4.875,0,0,125,-4.94488
4.9,0,0,125,-4.93428
4.925,0,0,125,-4.92587
4.95,0,0,125,-4.91959
4.975,0,0,125,-4.91543
5,0,0,125,-4.91335
