0,0,0,125,-13.9888
0.025,0,0,125,-13.9847
0.05,0,0,125,-13.9765
0.075,0,0,125,-13.9646
0.1,0,0,125,-13.9492
0.125,0,0,125,-13.9307
0.15,0,0,125,-13.9095
0.175,0,0,125,-13.8859
0.2,0,0,125,-13.8601
0.225,0,0,125,-13.8323
0.25,0,0,125,-13.8025
0.275,0,0,125,-13.7709
0.3,0,0,125,-13.7375
0.325,0,0,125,-13.7026
0.35,0,0,125,-13.6661
0.375,0,0,125,-13.6282
0.4,0,0,125,-13.589
0.425,0,0,125,-13.5484
0.45,0,0,125,-13.5067
0.475,0,0,125,-13.4638
0.5,0,0,125,-13.4199
0.525,0,0,125,-13.375
0.55,0,0,125,-13.3291
0.575,0,0,125,-13.2823
0.6,0,0,125,-13.2347
0.625,0,0,125,-13.1864
0.65,0,0,125,-13.1373
0.675,0,0,125,-13.0875
0.7,0,0,125,-13.037
0.725,0,0,125,-12.986
0.75,0,0,125,-12.9344
0.775,0,0,125,-12.8823
0.8,0,0,125,-12.8297
0.825,0,0,125,-12.7766
0.85,0,0,125,-12.7231
0.875,0,0,125,-12.6692
0.9,0,0,125,-12.6149
0.925,0,0,125,-12.5603
0.95,0,0,125,-12.5054
0.975,0,0,125,-12.4501
1,0,0,125,-12.3946
1.025,0,0,125,-12.3389
1.05,0,0,125,-12.283
1.075,0,0,125,-12.2268
1.1,0,0,125,-12.1704
1.125,0,0,125,-12.1139
1.15,0,0,125,-12.0572
1.175,0,0,125,-12.0004
1.2,0,0,125,-11.9435
1.225,0,0,125,-11.8865
1.25,0,0,125,-11.8293
1.275,0,0,125,-11.7721
1.3,0,0,125,-11.7149
1.325,0,0,125,-11.6575
1.35,0,0,125,-11.6001
1.375,0,0,125,-11.5427
1.4,0,0,125,-11.4853
1.425,0,0,125,-11.4278
1.45,0,0,125,-11.3703
1.475,0,0,125,-11.3128
1.5,0,0,125,-11.2554
1.525,0,0,125,-11.1979
1.55,0,0,125,-11.1404
1.575,0,0,125,-11.083
1.6,0,0,125,-11.0256
1.625,0,0,125,-10.9682
1.65,0,0,125,-10.9109
1.675,0,0,125,-10.8536
1.7,0,0,125,-10.7964
1.725,0,0,125,-10.7392
1.75,0,0,125,-10.682
1.775,0,0,125,-10.625
1.8,0,0,125,-10.5679
1.825,0,0,125,-10.511
1.85,0,0,125,-10.4541
1.875,0,0,125,-10.3973
1.9,0,0,125,-10.3406
1.925,0,0,125,-10.2839
1.95,0,0,125,-10.2273
1.975,0,0,125,-10.1708
2,0,0,125,-10.1144
2.025,0,0,125,-10.0581
2.05,0,0,125,-10.0018
2.075,0,0,125,-9.94568
2.1,0,0,125,-9.88962
2.125,0,0,125,-9.83364
2.15,0,0,125,-9.77775
2.175,0,0,125,-9.72196
2.2,0,0,125,-9.66626
2.225,0,0,125,-9.61066
2.25,0,0,125,-9.55515
2.275,0,0,125,-9.49974
2.3,0,0,125,-9.44443
2.325,0,0,125,-9.38921
2.35,0,0,125,-9.3341
2.375,0,0,125,-9.27908
2.4,0,0,125,-9.22416
2.425,0,0,125,-9.16935
2.45,0,0,125,-9.11463
2.475,0,0,125,-9.06002
2.5,0,0,125,-9.00551
2.525,0,0,125,-8.9511
2.55,0,0,125,-8.8968
2.575,0,0,125,-8.8426
2.6,0,0,125,-8.7885
2.625,0,0,125,-8.73451
2.65,0,0,125,-8.68062
2.675,0,0,125,-8.62684
2.7,0,0,125,-8.57316
2.725,0,0,125,-8.51959
2.75,0,0,125,-8.46612
2.775,0,0,125,-8.41277
2.8,0,0,125,-8.35952
2.825,0,0,125,-8.30637
2.85,0,0,125,-8.25334
2.875,0,0,125,-8.20041
2.9,0,0,125,-8.14758
2.925,0,0,125,-8.09487
2.95,0,0,125,-8.04226
2.975,0,0,125,-7.98976
3,0,0,125,-7.93737
3.025,0,0,125,-7.88509
3.05,0,0,125,-7.83291
3.075,0,0,125,-7.78085
3.1,0,0,125,-7.7289
3.125,0,0,125,-7.67706
3.15,0,0,125,-7.62533
3.175,0,0,125,-7.57371
3.2,0,0,125,-7.52221
3.225,0,0,125,-7.47082
3.25,0,0,125,-7.41955
3.275,0,0,125,-7.36839
3.3,0,0,125,-7.31736
3.325,0,0,125,-7.26644
3.35,0,0,125,-7.21565
3.375,0,0,125,-7.16498
3.4,0,0,125,-7.11444
3.425,0,0,125,-7.06403
3.45,0,0,125,-7.01374
3.475,0,0,125,-6.96359
3.5,0,0,125,-6.91358
3.525,0,0,125,-6.8637
3.55,0,0,125,-6.81397
3.575,0,0,125,-6.76439
3.6,0,0,125,-6.71495
3.625,0,0,125,-6.66567
3.65,0,0,125,-6.61655
3.675,0,0,125,-6.56759
3.7,0,0,125,-6.5188
3.725,0,0,125,-6.47018
3.75,0,0,125,-6.42174
3.775,0,0,125,-6.3735
3.8,0,0,125,-6.32544
3.825,0,0,125,-6.27759
3.85,0,0,125,-6.22995
3.875,0,0,125,-6.18253
3.9,0,0,125,-6.13535
3.925,0,0,125,-6.0884
3.95,0,0,125,-6.0417
3.975,0,0,125,-5.99527
4,0,0,125,-5.94911
4.025,0,0,125,-5.90325
4.05,0,0,125,-5.85769
4.075,0,0,125,-5.81244
4.1,0,0,125,-5.76753
4.125,0,0,125,-5.72297
4.15,0,0,125,-5.67878
4.175,0,0,125,-5.63498
4.2,0,0,125,-5.59159
4.225,0,0,125,-5.54865
4.25,0,0,125,-5.50616
4.275,0,0,125,-5.46418
4.3,0,0,125,-5.42271
4.325,0,0,125,-5.3818
4.35,0,0,125,-5.34148
4.375,0,0,125,-5.30178
4.4,0,0,125,-5.26275
4.425,0,0,125,-5.22443
4.45,0,0,125,-5.18687
4.475,0,0,125,-5.1501
4.5,0,0,125,-5.11418
4.525,0,0,125,-5.07916
4.55,0,0,125,-5.04511
4.575,0,0,125,-5.01209
4.6,0,0,125,-4.98015
4.625,0,0,125,-4.94937
4.65,0,0,125,-4.91982
4.675,0,0,125,-4.89158
4.7,0,0,125,-4.86473
4.725,0,0,125,-4.83935
4.75,0,0,125,-4.81554
4.775,0,0,125,-4.79338
4.8,0,0,125,-4.77298
4.825,0,0,125,-4.75443
4.85,0,0,125,-4.73784
4.875,0,0,125,-4.72331
4.9,0,0,125,-4.71097
4.925,0,0,125,-4.70091
4.95,0,0,125,-4.69326
4.975,0,0,125,-4.6881
5,0,0,125,-4.6855
