0,0,0,125,6.14022
0.025,0,0,125,6.13222
0.05,0,0,125,6.116
0.075,0,0,125,6.09098
0.1,0,0,125,6.05626
0.125,0,0,125,6.01084
0.15,0,0,125,5.95388
0.175,0,0,125,5.88527
0.2,0,0,125,5.80545
0.225,0,0,125,5.71524
0.25,0,0,125,5.61559
0.275,0,0,125,5.50749
0.3,0,0,125,5.39191
0.325,0,0,125,5.26977
0.35,0,0,125,5.14199
0.375,0,0,125,5.00941
0.4,0,0,125,4.87287
0.425,0,0,125,4.73312
0.45,0,0,125,4.59092
0.475,0,0,125,4.44694
0.5,0,0,125,4.30185
0.525,0,0,125,4.15624
0.55,0,0,125,4.01069
0.575,0,0,125,3.86571
0.6,0,0,125,3.7218
0.625,0,0,125,3.57938
0.65,0,0,125,3.43887
0.675,0,0,125,3.30063
0.7,0,0,125,3.16499
0.725,0,0,125,3.03224
0.75,0,0,125,2.90265
0.775,0,0,125,2.77644
0.8,0,0,125,2.6538
0.825,0,0,125,2.53491
0.85,0,0,125,2.4199
0.875,0,0,125,2.30889
0.9,0,0,125,2.20197
0.925,0,0,125,2.09921
0.95,0,0,125,2.00067
0.975,0,0,125,1.90636
1,0,0,125,1.81631
1.025,0,0,125,1.73052
1.05,0,0,125,1.64898
1.075,0,0,125,1.57167
1.1,0,0,125,1.49855
1.125,0,0,125,1.4296
1.15,0,0,125,1.36476
1.175,0,0,125,1.30399
1.2,0,0,125,1.24723
1.225,0,0,125,1.19445
1.25,0,0,125,1.14558
1.275,0,0,125,1.10058
1.3,0,0,125,1.05939
1.325,0,0,125,1.02198
1.35,0,0,125,0.98831
1.375,0,0,125,0.958343
1.4,0,0,125,0.932054
1.425,0,0,125,0.909426
1.45,0,0,125,0.890448
1.475,0,0,125,0.875121
1.5,0,0,125,0.863452
1.525,0,0,125,0.855462
1.55,0,0,125,0.85118
1.575,0,0,125,0.850647
1.6,0,0,125,0.853915
1.625,0,0,125,0.861047
1.65,0,0,125,0.872118
1.675,0,0,125,0.887215
1.7,0,0,125,0.906436
1.725,0,0,125,0.929888
1.75,0,0,125,0.957692
1.775,0,0,125,0.989979
1.8,0,0,125,1.02689
1.825,0,0,125,1.06857
1.85,0,0,125,1.11518
1.875,0,0,125,1.16689
1.9,0,0,125,1.22387
1.925,0,0,125,1.28631
1.95,0,0,125,1.3544
1.975,0,0,125,1.42832
2,0,0,125,1.50828
2.025,0,0,125,1.59449
2.05,0,0,125,1.68715
2.075,0,0,125,1.78647
2.1,0,0,125,1.89268
2.125,0,0,125,2.00598
2.15,0,0,125,2.1266
2.175,0,0,125,2.25475
2.2,0,0,125,2.39067
2.225,0,0,125,2.53456
2.25,0,0,125,2.68667
2.275,0,0,125,2.8472
2.3,0,0,125,3.01639
2.325,0,0,125,3.19445
2.35,0,0,125,3.38162
2.375,0,0,125,3.57811
2.4,0,0,125,3.78415
2.425,0,0,125,3.99995
2.45,0,0,125,4.22572
2.475,0,0,125,4.46169
2.5,0,0,125,4.70804
2.525,0,0,125,4.96497
2.55,0,0,125,5.23265
2.575,0,0,125,5.51122
2.6,0,0,125,5.80081
2.625,0,0,125,6.10148
2.65,0,0,125,6.41321
2.675,0,0,125,6.7359
2.7,0,0,125,7.06931
2.725,0,0,125,7.41299
2.75,0,0,125,7.76621
2.775,0,0,125,8.12787
2.8,0,0,125,8.49632
2.825,0,0,125,8.86913
2.85,0,0,125,9.24282
2.875,0,0,125,9.61241
2.9,0,0,125,9.97083
2.925,0,0,125,10.308
2.95,0,0,125,10.6099
2.975,0,0,125,10.8562
3,0,0,125,11.0186
3.025,0,0,125,11.0565
3.05,0,0,125,10.9118
3.075,0,0,125,10.5004
3.1,0,0,125,9.6993
3.125,0,0,125,8.32565
3.15,0,0,125,6.10251
3.175,0,0,125,2.60253
3.2,0,0,125,-2.83975
3.225,0,0,125,-11.2258
3.25,0,0,125,-23.7197
3.275,0,0,125,-39.3177
3.3,0,0,125,-52.5557
3.325,0,0,125,-62.016
3.35,0,0,125,-68.5588
3.375,0,0,125,-73.0477
3.4,0,0,125,-76.1151
3.425,0,0,125,-78.205
3.45,0,0,125,-79.6255
3.475,0,0,125,-80.5888
3.5,0,0,125,-81.2404
3.525,0,0,125,-81.6799
3.55,0,0,125,-81.9753
3.575,0,0,125,-82.1726
3.6,0,0,125,-82.3035
3.625,0,0,125,-82.3894
3.65,0,0,125,-82.4446
3.675,0,0,125,-82.4791
3.7,0,0,125,-82.4995
3.725,0,0,125,-82.5104
3.75,0,0,125,-82.5148
3.775,0,0,125,-82.5149
3.8,0,0,125,-82.5119
3.825,0,0,125,-82.507
3.85,0,0,125,-82.5007
3.875,0,0,125,-82.4934
3.9,0,0,125,-82.4855
3.925,0,0,125,-82.4771
3.95,0,0,125,-82.4685
3.975,0,0,125,-82.4596
4,0,0,125,-82.4506
4.025,0,0,125,-82.4415
4.05,0,0,125,-82.4324
4.075,0,0,125,-82.4232
4.1,0,0,125,-82.414
4.125,0,0,125,-82.4048
4.15,0,0,125,-82.3957
4.175,0,0,125,-82.3865
4.2,0,0,125,-82.3774
4.225,0,0,125,-82.3684
4.25,0,0,125,-82.3595
4.275,0,0,125,-82.3506
4.3,0,0,125,-82.3418
4.325,0,0,125,-82.3332
4.35,0,0,125,-82.3246
4.375,0,0,125,-82.3162
4.4,0,0,125,-82.308
4.425,0,0,125,-82.2999
4.45,0,0,125,-82.2919
4.475,0,0,125,-82.2842
4.5,0,0,125,-82.2767
4.525,0,0,125,-82.2693
4.55,0,0,125,-82.2622
4.575,0,0,125,-82.2554
4.6,0,0,125,-82.2488
4.625,0,0,125,-82.2424
4.65,0,0,125,-82.2364
4.675,0,0,125,-82.2306
4.7,0,0,125,-82.2252
4.725,0,0,125,-82.22
4.75,0,0,125,-82.2152
4.775,0,0,125,-82.2107
4.8,0,0,125,-82.2066
4.825,0,0,125,-82.2029
4.85,0,0,125,-82.1995
4.875,0,0,125,-82.1966
4.9,0,0,125,-82.194
4.925,0,0,125,-82.192
4.95,0,0,125,-82.1904
4.975,0,0,125,-82.1893
5,0,0,125,-82.1888
