0,0,0,125,-8.13638
0.025,0,0,125,-8.14133
0.05,0,0,125,-8.15125
0.075,0,0,125,-8.16614
0.1,0,0,125,-8.18605
0.125,0,0,125,-8.21103
0.15,0,0,125,-8.24114
0.175,0,0,125,-8.27641
0.2,0,0,125,-8.31681
0.225,0,0,125,-8.3623
0.25,0,0,125,-8.41281
0.275,0,0,125,-8.46827
0.3,0,0,125,-8.52861
0.325,0,0,125,-8.59375
0.35,0,0,125,-8.66364
0.375,0,0,125,-8.73821
0.4,0,0,125,-8.81739
0.425,0,0,125,-8.90114
0.45,0,0,125,-8.98941
0.475,0,0,125,-9.08216
0.5,0,0,125,-9.17936
0.525,0,0,125,-9.28097
0.55,0,0,125,-9.387
0.575,0,0,125,-9.49741
0.6,0,0,125,-9.61222
0.625,0,0,125,-9.73143
0.65,0,0,125,-9.85505
0.675,0,0,125,-9.98312
0.7,0,0,125,-10.1156
0.725,0,0,125,-10.2527
0.75,0,0,125,-10.3943
0.775,0,0,125,-10.5405
0.8,0,0,125,-10.6914
0.825,0,0,125,-10.8471
0.85,0,0,125,-11.0076
0.875,0,0,125,-11.1731
0.9,0,0,125,-11.3436
0.925,0,0,125,-11.5193
0.95,0,0,125,-11.7003
0.975,0,0,125,-11.8866
1,0,0,125,-12.0786
1.025,0,0,125,-12.2763
1.05,0,0,125,-12.4798
1.075,0,0,125,-12.6894
1.1,0,0,125,-12.9053
1.125,0,0,125,-13.1276
1.15,0,0,125,-13.3565
1.175,0,0,125,-13.5923
1.2,0,0,125,-13.8352
1.225,0,0,125,-14.0854
1.25,0,0,125,-14.3432
1.275,0,0,125,-14.6088
1.3,0,0,125,-14.8826
1.325,0,0,125,-15.1647
1.35,0,0,125,-15.4555
1.375,0,0,125,-15.7554
1.4,0,0,125,-16.0645
1.425,0,0,125,-16.3833
1.45,0,0,125,-16.7121
1.475,0,0,125,-17.0512
1.5,0,0,125,-17.401
1.525,0,0,125,-17.7618
1.55,0,0,125,-18.1341
1.575,0,0,125,-18.5182
1.6,0,0,125,-18.9146
1.625,0,0,125,-19.3236
1.65,0,0,125,-19.7456
1.675,0,0,125,-20.1811
1.7,0,0,125,-20.6306
1.725,0,0,125,-21.0944
1.75,0,0,125,-21.573
1.775,0,0,125,-22.0668
1.8,0,0,125,-22.5764
1.825,0,0,125,-23.1022
1.85,0,0,125,-23.6447
1.875,0,0,125,-24.2044
1.9,0,0,125,-24.7817
1.925,0,0,125,-25.3772
1.95,0,0,125,-25.9914
1.975,0,0,125,-26.6247
2,0,0,125,-27.2777
2.025,0,0,125,-27.9509
2.05,0,0,125,-28.6449
2.075,0,0,125,-29.36
2.1,0,0,125,-30.097
2.125,0,0,125,-30.8561
2.15,0,0,125,-31.638
2.175,0,0,125,-32.4431
2.2,0,0,125,-33.2717
2.225,0,0,125,-34.1243
2.25,0,0,125,-35.0011
2.275,0,0,125,-35.9022
2.3,0,0,125,-36.828
2.325,0,0,125,-37.7782
2.35,0,0,125,-38.7527
2.375,0,0,125,-39.7512
2.4,0,0,125,-40.7732
2.425,0,0,125,-41.8179
2.45,0,0,125,-42.8843
2.475,0,0,125,-43.9713
2.5,0,0,125,-45.0775
2.525,0,0,125,-46.2011
2.55,0,0,125,-47.3402
2.575,0,0,125,-48.4926
2.6,0,0,125,-49.6559
2.625,0,0,125,-50.8275
2.65,0,0,125,-52.0044
2.675,0,0,125,-53.1839
2.7,0,0,125,-54.3626
2.725,0,0,125,-55.5375
2.75,0,0,125,-56.7053
2.775,0,0,125,-57.8627
2.8,0,0,125,-59.0065
2.825,0,0,125,-60.1337
2.85,0,0,125,-61.2412
2.875,0,0,125,-62.3262
2.9,0,0,125,-63.3861
2.925,0,0,125,-64.4184
2.95,0,0,125,-65.4211
2.975,0,0,125,-66.3922
3,0,0,125,-67.3303
3.025,0,0,125,-68.2339
3.05,0,0,125,-69.1021
3.075,0,0,125,-69.9343
3.1,0,0,125,-70.7299
3.125,0,0,125,-71.4887
3.15,0,0,125,-72.211
3.175,0,0,125,-72.8968
3.2,0,0,125,-73.5468
3.225,0,0,125,-74.1617
3.25,0,0,125,-74.7422
3.275,0,0,125,-75.2893
3.3,0,0,125,-75.804
3.325,0,0,125,-76.2877
3.35,0,0,125,-76.7414
3.375,0,0,125,-77.1664
3.4,0,0,125,-77.5641
3.425,0,0,125,-77.9357
3.45,0,0,125,-78.2826
3.475,0,0,125,-78.6061
3.5,0,0,125,-78.9074
3.525,0,0,125,-79.1879
3.55,0,0,125,-79.4488
3.575,0,0,125,-79.6912
3.6,0,0,125,-79.9163
3.625,0,0,125,-80.1252
3.65,0,0,125,-80.3189
3.675,0,0,125,-80.4984
3.7,0,0,125,-80.6647
3.725,0,0,125,-80.8186
3.75,0,0,125,-80.9611
3.775,0,0,125,-81.0929
3.8,0,0,125,-81.2147
3.825,0,0,125,-81.3272
3.85,0,0,125,-81.4311
3.875,0,0,125,-81.5271
3.9,0,0,125,-81.6156
3.925,0,0,125,-81.6973
3.95,0,0,125,-81.7726
3.975,0,0,125,-81.8419
4,0,0,125,-81.9057
4.025,0,0,125,-81.9644
4.05,0,0,125,-82.0185
4.075,0,0,125,-82.0681
4.1,0,0,125,-82.1136
4.125,0,0,125,-82.1554
4.15,0,0,125,-82.1936
4.175,0,0,125,-82.2286
4.2,0,0,125,-82.2606
4.225,0,0,125,-82.2898
4.25,0,0,125,-82.3164
4.275,0,0,125,-82.3406
4.3,0,0,125,-82.3625
4.325,0,0,125,-82.3823
4.35,0,0,125,-82.4003
4.375,0,0,125,-82.4164
4.4,0,0,125,-82.4308
4.425,0,0,125,-82.4437
4.45,0,0,125,-82.4552
4.475,0,0,125,-82.4653
4.5,0,0,125,-82.4742
4.525,0,0,125,-82.4819
4.55,0,0,125,-82.4886
4.575,0,0,125,-82.4943
4.6,0,0,125,-82.4991
4.625,0,0,125,-82.503
4.65,0,0,125,-82.5062
4.675,0,0,125,-82.5087
4.7,0,0,125,-82.5105
4.725,0,0,125,-82.5118
4.75,0,0,125,-82.5126
4.775,0,0,125,-82.5129
4.8,0,0,125,-82.5128
4.825,0,0,125,-82.5123
4.85,0,0,125,-82.5116
4.875,0,0,125,-82.5107
4.9,0,0,125,-82.5097
4.925,0,0,125,-82.5088
4.95,0,0,125,-82.508
4.975,0,0,125,-82.5074
5,0,0,125,-82.507
