0,0,0,125,14.6235
0.025,0,0,125,14.6268
0.05,0,0,125,14.6331
0.075,0,0,125,14.6422
0.1,0,0,125,14.6537
0.125,0,0,125,14.667
0.15,0,0,125,14.6817
0.175,0,0,125,14.6974
0.2,0,0,125,14.7138
0.225,0,0,125,14.7308
0.25,0,0,125,14.7483
0.275,0,0,125,14.7662
0.3,0,0,125,14.7845
0.325,0,0,125,14.803
0.35,0,0,125,14.8217
0.375,0,0,125,14.8407
0.4,0,0,125,14.8597
0.425,0,0,125,14.8789
0.45,0,0,125,14.8982
0.475,0,0,125,14.9175
0.5,0,0,125,14.9368
0.525,0,0,125,14.9562
0.55,0,0,125,14.9755
0.575,0,0,125,14.9949
0.6,0,0,125,15.0142
0.625,0,0,125,15.0334
0.65,0,0,125,15.0526
0.675,0,0,125,15.0717
0.7,0,0,125,15.0908
0.725,0,0,125,15.1098
0.75,0,0,125,15.1287
0.775,0,0,125,15.1476
0.8,0,0,125,15.1663
0.825,0,0,125,15.185
0.85,0,0,125,15.2035
0.875,0,0,125,15.222
0.9,0,0,125,15.2404
0.925,0,0,125,15.2587
0.95,0,0,125,15.2769
0.975,0,0,125,15.295
1,0,0,125,15.313
1.025,0,0,125,15.3308
1.05,0,0,125,15.3486
1.075,0,0,125,15.3663
1.1,0,0,125,15.3839
1.125,0,0,125,15.4014
1.15,0,0,125,15.4188
1.175,0,0,125,15.436
1.2,0,0,125,15.4532
1.225,0,0,125,15.4703
1.25,0,0,125,15.4872
1.275,0,0,125,15.5041
1.3,0,0,125,15.5208
1.325,0,0,125,15.5374
1.35,0,0,125,15.554
1.375,0,0,125,15.5704
1.4,0,0,125,15.5867
1.425,0,0,125,15.6029
1.45,0,0,125,15.6189
1.475,0,0,125,15.6349
1.5,0,0,125,15.6507
1.525,0,0,125,15.6665
1.55,0,0,125,15.6821
1.575,0,0,125,15.6976
1.6,0,0,125,15.7129
1.625,0,0,125,15.7282
1.65,0,0,125,15.7433
1.675,0,0,125,15.7583
1.7,0,0,125,15.7732
1.725,0,0,125,15.7879
1.75,0,0,125,15.8026
1.775,0,0,125,15.8171
1.8,0,0,125,15.8314
1.825,0,0,125,15.8456
1.85,0,0,125,15.8597
1.875,0,0,125,15.8737
1.9,0,0,125,15.8875
1.925,0,0,125,15.9011
1.95,0,0,125,15.9147
1.975,0,0,125,15.9281
2,0,0,125,15.9413
2.025,0,0,125,15.9544
2.05,0,0,125,15.9673
2.075,0,0,125,15.9801
2.1,0,0,125,15.9927
2.125,0,0,125,16.0052
2.15,0,0,125,16.0176
2.175,0,0,125,16.0297
2.2,0,0,125,16.0417
2.225,0,0,125,16.0536
2.25,0,0,125,16.0653
2.275,0,0,125,16.0768
2.3,0,0,125,16.0881
2.325,0,0,125,16.0993
2.35,0,0,125,16.1103
2.375,0,0,125,16.1212
2.4,0,0,125,16.1318
2.425,0,0,125,16.1423
2.45,0,0,125,16.1527
2.475,0,0,125,16.1628
2.5,0,0,125,16.1728
2.525,0,0,125,16.1826
2.55,0,0,125,16.1922
2.575,0,0,125,16.2016
2.6,0,0,125,16.2108
2.625,0,0,125,16.2199
2.65,0,0,125,16.2288
2.675,0,0,125,16.2375
2.7,0,0,125,16.246
2.725,0,0,125,16.2543
2.75,0,0,125,16.2624
2.775,0,0,125,16.2704
2.8,0,0,125,16.2782
2.825,0,0,125,16.2857
2.85,0,0,125,16.2931
2.875,0,0,125,16.3003
2.9,0,0,125,16.3073
2.925,0,0,125,16.3141
2.95,0,0,125,16.3208
2.975,0,0,125,16.3272
3,0,0,125,16.3335
3.025,0,0,125,16.3395
3.05,0,0,125,16.3454
3.075,0,0,125,16.3511
3.1,0,0,125,16.3566
3.125,0,0,125,16.362
3.15,0,0,125,16.3671
3.175,0,0,125,16.3721
3.2,0,0,125,16.3769
3.225,0,0,125,16.3816
3.25,0,0,125,16.3861
3.275,0,0,125,16.3904
3.3,0,0,125,16.3945
3.325,0,0,125,16.3985
3.35,0,0,125,16.4023
3.375,0,0,125,16.406
3.4,0,0,125,16.4096
3.425,0,0,125,16.4129
3.45,0,0,125,16.4162
3.475,0,0,125,16.4193
3.5,0,0,125,16.4223
3.525,0,0,125,16.4252
3.55,0,0,125,16.428
3.575,0,0,125,16.4307
3.6,0,0,125,16.4332
3.625,0,0,125,16.4357
3.65,0,0,125,16.4381
3.675,0,0,125,16.4404
3.7,0,0,125,16.4426
3.725,0,0,125,16.4448
3.75,0,0,125,16.447
3.775,0,0,125,16.4491
3.8,0,0,125,16.4511
3.825,0,0,125,16.4531
3.85,0,0,125,16.4552
3.875,0,0,125,16.4572
3.9,0,0,125,16.4592
3.925,0,0,125,16.4613
3.95,0,0,125,16.4633
3.975,0,0,125,16.4655
4,0,0,125,16.4676
4.025,0,0,125,16.4698
4.05,0,0,125,16.4721
4.075,0,0,125,16.4745
4.1,0,0,125,16.477
4.125,0,0,125,16.4795
4.15,0,0,125,16.4822
4.175,0,0,125,16.4849
4.2,0,0,125,16.4878
4.225,0,0,125,16.4909
4.25,0,0,125,16.494
4.275,0,0,125,16.4973
4.3,0,0,125,16.5008
4.325,0,0,125,16.5043
4.35,0,0,125,16.5081
4.375,0,0,125,16.5119
4.4,0,0,125,16.5159
4.425,0,0,125,16.5201
4.45,0,0,125,16.5243
4.475,0,0,125,16.5287
4.5,0,0,125,16.5332
4.525,0,0,125,16.5377
4.55,0,0,125,16.5424
4.575,0,0,125,16.547
4.6,0,0,125,16.5518
4.625,0,0,125,16.5565
4.65,0,0,125,16.5612
4.675,0,0,125,16.5658
4.7,0,0,125,16.5704
4.725,0,0,125,16.5748
4.75,0,0,125,16.5791
4.775,0,0,125,16.5832
4.8,0,0,125,16.5871
4.825,0,0,125,16.5907
4.85,0,0,125,16.594
4.875,0,0,125,16.5969
4.9,0,0,125,16.5995
4.925,0,0,125,16.6017
4.95,0,0,125,16.6033
4.975,0,0,125,16.6045
5,0,0,125,16.6051
