0,0,0,125,-83.8216
0.025,0,0,125,-83.8218
0.05,0,0,125,-83.8222
0.075,0,0,125,-83.8229
0.1,0,0,125,-83.8236
0.125,0,0,125,-83.8245
0.15,0,0,125,-83.8255
0.175,0,0,125,-83.8265
0.2,0,0,125,-83.8276
0.225,0,0,125,-83.8287
0.25,0,0,125,-83.8297
0.275,0,0,125,-83.8308
0.3,0,0,125,-83.8319
0.325,0,0,125,-83.833
0.35,0,0,125,-83.8341
0.375,0,0,125,-83.8351
0.4,0,0,125,-83.8361
0.425,0,0,125,-83.8372
0.45,0,0,125,-83.8382
0.475,0,0,125,-83.8392
0.5,0,0,125,-83.8402
0.525,0,0,125,-83.8412
0.55,0,0,125,-83.8422
0.575,0,0,125,-83.8431
0.6,0,0,125,-83.8441
0.625,0,0,125,-83.845
0.65,0,0,125,-83.846
0.675,0,0,125,-83.8469
0.7,0,0,125,-83.8478
0.725,0,0,125,-83.8487
0.75,0,0,125,-83.8496
0.775,0,0,125,-83.8505
0.8,0,0,125,-83.8514
0.825,0,0,125,-83.8523
0.85,0,0,125,-83.8532
0.875,0,0,125,-83.8541
0.9,0,0,125,-83.8551
0.925,0,0,125,-83.856
0.95,0,0,125,-83.857
0.975,0,0,125,-83.8579
1,0,0,125,-83.8589
1.025,0,0,125,-83.8599
1.05,0,0,125,-83.8609
1.075,0,0,125,-83.8619
1.1,0,0,125,-83.8629
1.125,0,0,125,-83.8639
1.15,0,0,125,-83.865
1.175,0,0,125,-83.866
1.2,0,0,125,-83.8671
1.225,0,0,125,-83.8682
1.25,0,0,125,-83.8692
1.275,0,0,125,-83.8703
1.3,0,0,125,-83.8714
1.325,0,0,125,-83.8725
1.35,0,0,125,-83.8736
1.375,0,0,125,-83.8748
1.4,0,0,125,-83.8759
1.425,0,0,125,-83.8771
1.45,0,0,125,-83.8784
1.475,0,0,125,-83.8796
1.5,0,0,125,-83.8809
1.525,0,0,125,-83.8823
1.55,0,0,125,-83.8836
1.575,0,0,125,-83.8851
1.6,0,0,125,-83.8865
1.625,0,0,125,-83.888
1.65,0,0,125,-83.8895
1.675,0,0,125,-83.8911
1.7,0,0,125,-83.8926
1.725,0,0,125,-83.8943
1.75,0,0,125,-83.8959
1.775,0,0,125,-83.8976
1.8,0,0,125,-83.8994
1.825,0,0,125,-83.9011
1.85,0,0,125,-83.9029
1.875,0,0,125,-83.9048
1.9,0,0,125,-83.9067
1.925,0,0,125,-83.9086
1.95,0,0,125,-83.9106
1.975,0,0,125,-83.9127
2,0,0,125,-83.9148
2.025,0,0,125,-83.917
2.05,0,0,125,-83.9192
2.075,0,0,125,-83.9214
2.1,0,0,125,-83.9237
2.125,0,0,125,-83.926
2.15,0,0,125,-83.9283
2.175,0,0,125,-83.9307
2.2,0,0,125,-83.9332
2.225,0,0,125,-83.9357
2.25,0,0,125,-83.9383
2.275,0,0,125,-83.9409
2.3,0,0,125,-83.9436
2.325,0,0,125,-83.9464
2.35,0,0,125,-83.9492
2.375,0,0,125,-83.9521
2.4,0,0,125,-83.9551
2.425,0,0,125,-83.9581
2.45,0,0,125,-83.9612
2.475,0,0,125,-83.9643
2.5,0,0,125,-83.9675
2.525,0,0,125,-83.9708
2.55,0,0,125,-83.9741
2.575,0,0,125,-83.9775
2.6,0,0,125,-83.981
2.625,0,0,125,-83.9845
2.65,0,0,125,-83.9881
2.675,0,0,125,-83.9917
2.7,0,0,125,-83.9954
2.725,0,0,125,-83.9991
2.75,0,0,125,-84.0029
2.775,0,0,125,-84.0067
2.8,0,0,125,-84.0105
2.825,0,0,125,-84.0144
2.85,0,0,125,-84.0182
2.875,0,0,125,-84.0221
2.9,0,0,125,-84.026
2.925,0,0,125,-84.0299
2.95,0,0,125,-84.0338
2.975,0,0,125,-84.0378
3,0,0,125,-84.0417
3.025,0,0,125,-84.0457
3.05,0,0,125,-84.0497
3.075,0,0,125,-84.0536
3.1,0,0,125,-84.0576
3.125,0,0,125,-84.0615
3.15,0,0,125,-84.0654
3.175,0,0,125,-84.0693
3.2,0,0,125,-84.0732
3.225,0,0,125,-84.0771
3.25,0,0,125,-84.081
3.275,0,0,125,-84.0848
3.3,0,0,125,-84.0886
3.325,0,0,125,-84.0923
3.35,0,0,125,-84.0961
3.375,0,0,125,-84.0997
3.4,0,0,125,-84.1034
3.425,0,0,125,-84.107
3.45,0,0,125,-84.1105
3.475,0,0,125,-84.114
3.5,0,0,125,-84.1174
3.525,0,0,125,-84.1208
3.55,0,0,125,-84.1241
3.575,0,0,125,-84.1274
3.6,0,0,125,-84.1306
3.625,0,0,125,-84.1337
3.65,0,0,125,-84.1368
3.675,0,0,125,-84.1398
3.7,0,0,125,-84.1428
3.725,0,0,125,-84.1456
3.75,0,0,125,-84.1483
3.775,0,0,125,-84.151
3.8,0,0,125,-84.1536
3.825,0,0,125,-84.156
3.85,0,0,125,-84.1584
3.875,0,0,125,-84.1607
3.9,0,0,125,-84.1629
3.925,0,0,125,-84.1651
3.95,0,0,125,-84.1671
3.975,0,0,125,-84.1691
4,0,0,125,-84.1709
4.025,0,0,125,-84.1728
4.05,0,0,125,-84.1745
4.075,0,0,125,-84.1762
4.1,0,0,125,-84.1778
4.125,0,0,125,-84.1794
4.15,0,0,125,-84.1809
4.175,0,0,125,-84.1823
4.2,0,0,125,-84.1837
4.225,0,0,125,-84.185
4.25,0,0,125,-84.1862
4.275,0,0,125,-84.1874
4.3,0,0,125,-84.1884
4.325,0,0,125,-84.1895
4.35,0,0,125,-84.1905
4.375,0,0,125,-84.1914
4.4,0,0,125,-84.1922
4.425,0,0,125,-84.193
4.45,0,0,125,-84.1937
4.475,0,0,125,-84.1944
4.5,0,0,125,-84.195
4.525,0,0,125,-84.1956
4.55,0,0,125,-84.1961
4.575,0,0,125,-84.1966
4.6,0,0,125,-84.1971
4.625,0,0,125,-84.1975
4.65,0,0,125,-84.1979
4.675,0,0,125,-84.1982
4.7,0,0,125,-84.1985
4.725,0,0,125,-84.1988
4.75,0,0,125,-84.1991
4.775,0,0,125,-84.1993
4.8,0,0,125,-84.1994
4.825,0,0,125,-84.1995
4.85,0,0,125,-84.1996
4.875,0,0,125,-84.1997
4.9,0,0,125,-84.1998
4.925,0,0,125,-84.1999
4.95,0,0,125,-84.1999
4.975,0,0,125,-84.1999
5,0,0,125,-84.2
