0,0,0,125,-84.4369
0.025,0,0,125,-84.4369
0.05,0,0,125,-84.437
0.075,0,0,125,-84.4371
0.1,0,0,125,-84.4372
0.125,0,0,125,-84.4374
0.15,0,0,125,-84.4376
0.175,0,0,125,-84.4378
0.2,0,0,125,-84.438
0.225,0,0,125,-84.4382
0.25,0,0,125,-84.4384
0.275,0,0,125,-84.4387
0.3,0,0,125,-84.4389
0.325,0,0,125,-84.4392
0.35,0,0,125,-84.4394
0.375,0,0,125,-84.4396
0.4,0,0,125,-84.4398
0.425,0,0,125,-84.44
0.45,0,0,125,-84.4402
0.475,0,0,125,-84.4404
0.5,0,0,125,-84.4406
0.525,0,0,125,-84.4408
0.55,0,0,125,-84.441
0.575,0,0,125,-84.4411
0.6,0,0,125,-84.4413
0.625,0,0,125,-84.4415
0.65,0,0,125,-84.4416
0.675,0,0,125,-84.4418
0.7,0,0,125,-84.4419
0.725,0,0,125,-84.4421
0.75,0,0,125,-84.4423
0.775,0,0,125,-84.4424
0.8,0,0,125,-84.4426
0.825,0,0,125,-84.4427
0.85,0,0,125,-84.4429
0.875,0,0,125,-84.4431
0.9,0,0,125,-84.4432
0.925,0,0,125,-84.4434
0.95,0,0,125,-84.4435
0.975,0,0,125,-84.4437
1,0,0,125,-84.4439
1.025,0,0,125,-84.4441
1.05,0,0,125,-84.4442
1.075,0,0,125,-84.4444
1.1,0,0,125,-84.4446
1.125,0,0,125,-84.4448
1.15,0,0,125,-84.445
1.175,0,0,125,-84.4451
1.2,0,0,125,-84.4453
1.225,0,0,125,-84.4455
1.25,0,0,125,-84.4457
1.275,0,0,125,-84.4459
1.3,0,0,125,-84.4461
1.325,0,0,125,-84.4464
1.35,0,0,125,-84.4466
1.375,0,0,125,-84.4468
1.4,0,0,125,-84.447
1.425,0,0,125,-84.4472
1.45,0,0,125,-84.4475
1.475,0,0,125,-84.4477
1.5,0,0,125,-84.448
1.525,0,0,125,-84.4482
1.55,0,0,125,-84.4484
1.575,0,0,125,-84.4487
1.6,0,0,125,-84.449
1.625,0,0,125,-84.4492
1.65,0,0,125,-84.4495
1.675,0,0,125,-84.4498
1.7,0,0,125,-84.45
1.725,0,0,125,-84.4503
1.75,0,0,125,-84.4506
1.775,0,0,125,-84.4509
1.8,0,0,125,-84.4513
1.825,0,0,125,-84.4516
1.85,0,0,125,-84.4519
1.875,0,0,125,-84.4523
1.9,0,0,125,-84.4527
1.925,0,0,125,-84.453
1.95,0,0,125,-84.4534
1.975,0,0,125,-84.4538
2,0,0,125,-84.4542
2.025,0,0,125,-84.4546
2.05,0,0,125,-84.455
2.075,0,0,125,-84.4555
2.1,0,0,125,-84.4559
2.125,0,0,125,-84.4564
2.15,0,0,125,-84.4568
2.175,0,0,125,-84.4573
2.2,0,0,125,-84.4578
2.225,0,0,125,-84.4583
2.25,0,0,125,-84.4588
2.275,0,0,125,-84.4593
2.3,0,0,125,-84.4598
2.325,0,0,125,-84.4603
2.35,0,0,125,-84.4609
2.375,0,0,125,-84.4614
2.4,0,0,125,-84.462
2.425,0,0,125,-84.4625
2.45,0,0,125,-84.4631
2.475,0,0,125,-84.4637
2.5,0,0,125,-84.4643
2.525,0,0,125,-84.4649
2.55,0,0,125,-84.4655
2.575,0,0,125,-84.4661
2.6,0,0,125,-84.4668
2.625,0,0,125,-84.4674
2.65,0,0,125,-84.4681
2.675,0,0,125,-84.4687
2.7,0,0,125,-84.4694
2.725,0,0,125,-84.4701
2.75,0,0,125,-84.4708
2.775,0,0,125,-84.4715
2.8,0,0,125,-84.4722
2.825,0,0,125,-84.4729
2.85,0,0,125,-84.4736
2.875,0,0,125,-84.4744
2.9,0,0,125,-84.4751
2.925,0,0,125,-84.4759
2.95,0,0,125,-84.4767
2.975,0,0,125,-84.4774
3,0,0,125,-84.4782
3.025,0,0,125,-84.479
3.05,0,0,125,-84.4798
3.075,0,0,125,-84.4806
3.1,0,0,125,-84.4813
3.125,0,0,125,-84.4821
3.15,0,0,125,-84.4829
3.175,0,0,125,-84.4837
3.2,0,0,125,-84.4845
3.225,0,0,125,-84.4852
3.25,0,0,125,-84.486
3.275,0,0,125,-84.4867
3.3,0,0,125,-84.4875
3.325,0,0,125,-84.4882
3.35,0,0,125,-84.4889
3.375,0,0,125,-84.4896
3.4,0,0,125,-84.4903
3.425,0,0,125,-84.491
3.45,0,0,125,-84.4917
3.475,0,0,125,-84.4923
3.5,0,0,125,-84.493
3.525,0,0,125,-84.4936
3.55,0,0,125,-84.4942
3.575,0,0,125,-84.4948
3.6,0,0,125,-84.4954
3.625,0,0,125,-84.496
3.65,0,0,125,-84.4966
3.675,0,0,125,-84.4971
3.7,0,0,125,-84.4977
3.725,0,0,125,-84.4982
3.75,0,0,125,-84.4987
3.775,0,0,125,-84.4991
3.8,0,0,125,-84.4996
3.825,0,0,125,-84.5001
3.85,0,0,125,-84.5005
3.875,0,0,125,-84.5009
3.9,0,0,125,-84.5013
3.925,0,0,125,-84.5017
3.95,0,0,125,-84.5021
3.975,0,0,125,-84.5024
4,0,0,125,-84.5028
4.025,0,0,125,-84.5031
4.05,0,0,125,-84.5035
4.075,0,0,125,-84.5038
4.1,0,0,125,-84.5041
4.125,0,0,125,-84.5044
4.15,0,0,125,-84.5047
4.175,0,0,125,-84.505
4.2,0,0,125,-84.5053
4.225,0,0,125,-84.5056
4.25,0,0,125,-84.5058
4.275,0,0,125,-84.5061
4.3,0,0,125,-84.5063
4.325,0,0,125,-84.5065
4.35,0,0,125,-84.5068
4.375,0,0,125,-84.507
4.4,0,0,125,-84.5072
4.425,0,0,125,-84.5074
4.45,0,0,125,-84.5076
4.475,0,0,125,-84.5077
4.5,0,0,125,-84.5079
4.525,0,0,125,-84.508
4.55,0,0,125,-84.5082
4.575,0,0,125,-84.5083
4.6,0,0,125,-84.5085
4.625,0,0,125,-84.5086
4.65,0,0,125,-84.5087
4.675,0,0,125,-84.5088
4.7,0,0,125,-84.5089
4.725,0,0,125,-84.5089
4.75,0,0,125,-84.509
4.775,0,0,125,-84.509
4.8,0,0,125,-84.5091
4.825,0,0,125,-84.5091
4.85,0,0,125,-84.5091
4.875,0,0,125,-84.5092
4.9,0,0,125,-84.5092
4.925,0,0,125,-84.5092
4.95,0,0,125,-84.5091
4.975,0,0,125,-84.5091
5,0,0,125,-84.5091
