0,0,0,125,-84.0765
0.025,0,0,125,-84.0766
0.05,0,0,125,-84.0769
0.075,0,0,125,-84.0773
0.1,0,0,125,-84.0778
0.125,0,0,125,-84.0784
0.15,0,0,125,-84.0791
0.175,0,0,125,-84.0798
0.2,0,0,125,-84.0805
0.225,0,0,125,-84.0812
0.25,0,0,125,-84.082
0.275,0,0,125,-84.0827
0.3,0,0,125,-84.0835
0.325,0,0,125,-84.0842
0.35,0,0,125,-84.085
0.375,0,0,125,-84.0857
0.4,0,0,125,-84.0864
0.425,0,0,125,-84.0871
0.45,0,0,125,-84.0878
0.475,0,0,125,-84.0885
0.5,0,0,125,-84.0891
0.525,0,0,125,-84.0898
0.55,0,0,125,-84.0904
0.575,0,0,125,-84.091
0.6,0,0,125,-84.0916
0.625,0,0,125,-84.0922
0.65,0,0,125,-84.0928
0.675,0,0,125,-84.0933
0.7,0,0,125,-84.0939
0.725,0,0,125,-84.0945
0.75,0,0,125,-84.0951
0.775,0,0,125,-84.0957
0.8,0,0,125,-84.0963
0.825,0,0,125,-84.097
0.85,0,0,125,-84.0976
0.875,0,0,125,-84.0982
0.9,0,0,125,-84.0989
0.925,0,0,125,-84.0996
0.95,0,0,125,-84.1002
0.975,0,0,125,-84.1009
1,0,0,125,-84.1016
1.025,0,0,125,-84.1023
1.05,0,0,125,-84.103
1.075,0,0,125,-84.1037
1.1,0,0,125,-84.1045
1.125,0,0,125,-84.1052
1.15,0,0,125,-84.106
1.175,0,0,125,-84.1067
1.2,0,0,125,-84.1075
1.225,0,0,125,-84.1083
1.25,0,0,125,-84.109
1.275,0,0,125,-84.1098
1.3,0,0,125,-84.1106
1.325,0,0,125,-84.1115
1.35,0,0,125,-84.1123
1.375,0,0,125,-84.1131
1.4,0,0,125,-84.1139
1.425,0,0,125,-84.1148
1.45,0,0,125,-84.1156
1.475,0,0,125,-84.1165
1.5,0,0,125,-84.1174
1.525,0,0,125,-84.1183
1.55,0,0,125,-84.1193
1.575,0,0,125,-84.1202
1.6,0,0,125,-84.1212
1.625,0,0,125,-84.1222
1.65,0,0,125,-84.1232
1.675,0,0,125,-84.1243
1.7,0,0,125,-84.1254
1.725,0,0,125,-84.1265
1.75,0,0,125,-84.1277
1.775,0,0,125,-84.1289
1.8,0,0,125,-84.1301
1.825,0,0,125,-84.1313
1.85,0,0,125,-84.1326
1.875,0,0,125,-84.1338
1.9,0,0,125,-84.1351
1.925,0,0,125,-84.1364
1.95,0,0,125,-84.1377
1.975,0,0,125,-84.1391
2,0,0,125,-84.1405
2.025,0,0,125,-84.1419
2.05,0,0,125,-84.1434
2.075,0,0,125,-84.1449
2.1,0,0,125,-84.1465
2.125,0,0,125,-84.1481
2.15,0,0,125,-84.1497
2.175,0,0,125,-84.1514
2.2,0,0,125,-84.1531
2.225,0,0,125,-84.1548
2.25,0,0,125,-84.1566
2.275,0,0,125,-84.1584
2.3,0,0,125,-84.1603
2.325,0,0,125,-84.1621
2.35,0,0,125,-84.1641
2.375,0,0,125,-84.166
2.4,0,0,125,-84.168
2.425,0,0,125,-84.1701
2.45,0,0,125,-84.1721
2.475,0,0,125,-84.1743
2.5,0,0,125,-84.1764
2.525,0,0,125,-84.1786
2.55,0,0,125,-84.1808
2.575,0,0,125,-84.1831
2.6,0,0,125,-84.1853
2.625,0,0,125,-84.1877
2.65,0,0,125,-84.19
2.675,0,0,125,-84.1924
2.7,0,0,125,-84.1949
2.725,0,0,125,-84.1973
2.75,0,0,125,-84.1998
2.775,0,0,125,-84.2024
2.8,0,0,125,-84.2049
2.825,0,0,125,-84.2076
2.85,0,0,125,-84.2102
2.875,0,0,125,-84.2128
2.9,0,0,125,-84.2155
2.925,0,0,125,-84.2182
2.95,0,0,125,-84.2209
2.975,0,0,125,-84.2236
3,0,0,125,-84.2262
3.025,0,0,125,-84.2289
3.05,0,0,125,-84.2315
3.075,0,0,125,-84.2342
3.1,0,0,125,-84.2368
3.125,0,0,125,-84.2394
3.15,0,0,125,-84.242
3.175,0,0,125,-84.2446
3.2,0,0,125,-84.2472
3.225,0,0,125,-84.2498
3.25,0,0,125,-84.2524
3.275,0,0,125,-84.2549
3.3,0,0,125,-84.2574
3.325,0,0,125,-84.2599
3.35,0,0,125,-84.2624
3.375,0,0,125,-84.2648
3.4,0,0,125,-84.2672
3.425,0,0,125,-84.2695
3.45,0,0,125,-84.2718
3.475,0,0,125,-84.274
3.5,0,0,125,-84.2763
3.525,0,0,125,-84.2784
3.55,0,0,125,-84.2806
3.575,0,0,125,-84.2827
3.6,0,0,125,-84.2848
3.625,0,0,125,-84.2868
3.65,0,0,125,-84.2888
3.675,0,0,125,-84.2907
3.7,0,0,125,-84.2926
3.725,0,0,125,-84.2945
3.75,0,0,125,-84.2963
3.775,0,0,125,-84.2981
3.8,0,0,125,-84.2999
3.825,0,0,125,-84.3016
3.85,0,0,125,-84.3033
3.875,0,0,125,-84.3049
3.9,0,0,125,-84.3064
3.925,0,0,125,-84.308
3.95,0,0,125,-84.3094
3.975,0,0,125,-84.3108
4,0,0,125,-84.3121
4.025,0,0,125,-84.3134
4.05,0,0,125,-84.3146
4.075,0,0,125,-84.3158
4.1,0,0,125,-84.3169
4.125,0,0,125,-84.318
4.15,0,0,125,-84.319
4.175,0,0,125,-84.32
4.2,0,0,125,-84.321
4.225,0,0,125,-84.3219
4.25,0,0,125,-84.3227
4.275,0,0,125,-84.3235
4.3,0,0,125,-84.3243
4.325,0,0,125,-84.325
4.35,0,0,125,-84.3256
4.375,0,0,125,-84.3263
4.4,0,0,125,-84.3269
4.425,0,0,125,-84.3274
4.45,0,0,125,-84.328
4.475,0,0,125,-84.3285
4.5,0,0,125,-84.3289
4.525,0,0,125,-84.3294
4.55,0,0,125,-84.3297
4.575,0,0,125,-84.3301
4.6,0,0,125,-84.3304
4.625,0,0,125,-84.3307
4.65,0,0,125,-84.3309
4.675,0,0,125,-84.3311
4.7,0,0,125,-84.3313
4.725,0,0,125,-84.3314
4.75,0,0,125,-84.3315
4.775,0,0,125,-84.3317
4.8,0,0,125,-84.3317
4.825,0,0,125,-84.3318
4.85,0,0,125,-84.3319
4.875,0,0,125,-84.332
4.9,0,0,125,-84.332
4.925,0,0,125,-84.3321
4.95,0,0,125,-84.3321
4.975,0,0,125,-84.3321
5,0,0,125,-84.3321
