0,0,0,125,-82.5769
0.025,0,0,125,-82.5774
0.05,0,0,125,-82.5784
0.075,0,0,125,-82.5799
0.1,0,0,125,-82.5817
0.125,0,0,125,-82.5839
0.15,0,0,125,-82.5862
0.175,0,0,125,-82.5886
0.2,0,0,125,-82.5911
0.225,0,0,125,-82.5937
0.25,0,0,125,-82.5962
0.275,0,0,125,-82.5987
0.3,0,0,125,-82.6013
0.325,0,0,125,-82.6038
0.35,0,0,125,-82.6062
0.375,0,0,125,-82.6087
0.4,0,0,125,-82.6111
0.425,0,0,125,-82.6135
0.45,0,0,125,-82.6158
0.475,0,0,125,-82.6181
0.5,0,0,125,-82.6204
0.525,0,0,125,-82.6227
0.55,0,0,125,-82.6249
0.575,0,0,125,-82.6272
0.6,0,0,125,-82.6294
0.625,0,0,125,-82.6316
0.65,0,0,125,-82.6338
0.675,0,0,125,-82.6359
0.7,0,0,125,-82.6381
0.725,0,0,125,-82.6403
0.75,0,0,125,-82.6424
0.775,0,0,125,-82.6446
0.8,0,0,125,-82.6468
0.825,0,0,125,-82.6489
0.85,0,0,125,-82.6511
0.875,0,0,125,-82.6533
0.9,0,0,125,-82.6556
0.925,0,0,125,-82.6578
0.95,0,0,125,-82.66
0.975,0,0,125,-82.6623
1,0,0,125,-82.6646
1.025,0,0,125,-82.6669
1.05,0,0,125,-82.6693
1.075,0,0,125,-82.6716
1.1,0,0,125,-82.6741
1.125,0,0,125,-82.6765
1.15,0,0,125,-82.679
1.175,0,0,125,-82.6815
1.2,0,0,125,-82.684
1.225,0,0,125,-82.6866
1.25,0,0,125,-82.6892
1.275,0,0,125,-82.6919
1.3,0,0,125,-82.6945
1.325,0,0,125,-82.6973
1.35,0,0,125,-82.7
1.375,0,0,125,-82.7028
1.4,0,0,125,-82.7057
1.425,0,0,125,-82.7085
1.45,0,0,125,-82.7115
1.475,0,0,125,-82.7145
1.5,0,0,125,-82.7175
1.525,0,0,125,-82.7206
1.55,0,0,125,-82.7237
1.575,0,0,125,-82.7268
1.6,0,0,125,-82.7301
1.625,0,0,125,-82.7334
1.65,0,0,125,-82.7367
1.675,0,0,125,-82.7401
1.7,0,0,125,-82.7436
1.725,0,0,125,-82.7471
1.75,0,0,125,-82.7507
1.775,0,0,125,-82.7544
1.8,0,0,125,-82.7581
1.825,0,0,125,-82.7619
1.85,0,0,125,-82.7659
1.875,0,0,125,-82.7699
1.9,0,0,125,-82.7739
1.925,0,0,125,-82.7781
1.95,0,0,125,-82.7824
1.975,0,0,125,-82.7868
2,0,0,125,-82.7912
2.025,0,0,125,-82.7958
2.05,0,0,125,-82.8005
2.075,0,0,125,-82.8053
2.1,0,0,125,-82.8102
2.125,0,0,125,-82.8153
2.15,0,0,125,-82.8205
2.175,0,0,125,-82.8259
2.2,0,0,125,-82.8313
2.225,0,0,125,-82.8369
2.25,0,0,125,-82.8427
2.275,0,0,125,-82.8486
2.3,0,0,125,-82.8546
2.325,0,0,125,-82.8607
2.35,0,0,125,-82.867
2.375,0,0,125,-82.8735
2.4,0,0,125,-82.88
2.425,0,0,125,-82.8867
2.45,0,0,125,-82.8936
2.475,0,0,125,-82.9006
2.5,0,0,125,-82.9078
2.525,0,0,125,-82.9152
2.55,0,0,125,-82.9227
2.575,0,0,125,-82.9303
2.6,0,0,125,-82.9381
2.625,0,0,125,-82.9461
2.65,0,0,125,-82.9541
2.675,0,0,125,-82.9623
2.7,0,0,125,-82.9705
2.725,0,0,125,-82.9789
2.75,0,0,125,-82.9874
2.775,0,0,125,-82.996
2.8,0,0,125,-83.0048
2.825,0,0,125,-83.0136
2.85,0,0,125,-83.0225
2.875,0,0,125,-83.0315
2.9,0,0,125,-83.0406
2.925,0,0,125,-83.0497
2.95,0,0,125,-83.0589
2.975,0,0,125,-83.0682
3,0,0,125,-83.0775
3.025,0,0,125,-83.0869
3.05,0,0,125,-83.0963
3.075,0,0,125,-83.1058
3.1,0,0,125,-83.1152
3.125,0,0,125,-83.1247
3.15,0,0,125,-83.1341
3.175,0,0,125,-83.1435
3.2,0,0,125,-83.1529
3.225,0,0,125,-83.1623
3.25,0,0,125,-83.1716
3.275,0,0,125,-83.1809
3.3,0,0,125,-83.19
3.325,0,0,125,-83.1992
3.35,0,0,125,-83.2082
3.375,0,0,125,-83.2172
3.4,0,0,125,-83.226
3.425,0,0,125,-83.2348
3.45,0,0,125,-83.2435
3.475,0,0,125,-83.252
3.5,0,0,125,-83.2604
3.525,0,0,125,-83.2687
3.55,0,0,125,-83.2769
3.575,0,0,125,-83.2849
3.6,0,0,125,-83.2928
3.625,0,0,125,-83.3004
3.65,0,0,125,-83.308
3.675,0,0,125,-83.3153
3.7,0,0,125,-83.3225
3.725,0,0,125,-83.3295
3.75,0,0,125,-83.3364
3.775,0,0,125,-83.343
3.8,0,0,125,-83.3495
3.825,0,0,125,-83.3557
3.85,0,0,125,-83.3618
3.875,0,0,125,-83.3677
3.9,0,0,125,-83.3734
3.925,0,0,125,-83.3789
3.95,0,0,125,-83.3842
3.975,0,0,125,-83.3893
4,0,0,125,-83.3942
4.025,0,0,125,-83.399
4.05,0,0,125,-83.4035
4.075,0,0,125,-83.4079
4.1,0,0,125,-83.4121
4.125,0,0,125,-83.416
4.15,0,0,125,-83.4199
4.175,0,0,125,-83.4235
4.2,0,0,125,-83.427
4.225,0,0,125,-83.4304
4.25,0,0,125,-83.4335
4.275,0,0,125,-83.4365
4.3,0,0,125,-83.4394
4.325,0,0,125,-83.442
4.35,0,0,125,-83.4445
4.375,0,0,125,-83.4469
4.4,0,0,125,-83.4491
4.425,0,0,125,-83.4511
4.45,0,0,125,-83.4531
4.475,0,0,125,-83.4548
4.5,0,0,125,-83.4565
4.525,0,0,125,-83.458
4.55,0,0,125,-83.4593
4.575,0,0,125,-83.4606
4.6,0,0,125,-83.4617
4.625,0,0,125,-83.4628
4.65,0,0,125,-83.4637
4.675,0,0,125,-83.4645
4.7,0,0,125,-83.4652
4.725,0,0,125,-83.4659
4.75,0,0,125,-83.4664
4.775,0,0,125,-83.4669
4.8,0,0,125,-83.4672
4.825,0,0,125,-83.4675
4.85,0,0,125,-83.4677
4.875,0,0,125,-83.4679
4.9,0,0,125,-83.468
4.925,0,0,125,-83.4681
4.95,0,0,125,-83.4681
4.975,0,0,125,-83.4681
5,0,0,125,-83.4681
