0,0,0,125,-83.2028
0.025,0,0,125,-83.2032
0.05,0,0,125,-83.2039
0.075,0,0,125,-83.205
0.1,0,0,125,-83.2063
0.125,0,0,125,-83.2078
0.15,0,0,125,-83.2095
0.175,0,0,125,-83.2112
0.2,0,0,125,-83.213
0.225,0,0,125,-83.2148
0.25,0,0,125,-83.2166
0.275,0,0,125,-83.2184
0.3,0,0,125,-83.2201
0.325,0,0,125,-83.2219
0.35,0,0,125,-83.2236
0.375,0,0,125,-83.2254
0.4,0,0,125,-83.2271
0.425,0,0,125,-83.2288
0.45,0,0,125,-83.2305
0.475,0,0,125,-83.2321
0.5,0,0,125,-83.2338
0.525,0,0,125,-83.2354
0.55,0,0,125,-83.2371
0.575,0,0,125,-83.2387
0.6,0,0,125,-83.2403
0.625,0,0,125,-83.2418
0.65,0,0,125,-83.2434
0.675,0,0,125,-83.245
0.7,0,0,125,-83.2465
0.725,0,0,125,-83.248
0.75,0,0,125,-83.2495
0.775,0,0,125,-83.251
0.8,0,0,125,-83.2525
0.825,0,0,125,-83.254
0.85,0,0,125,-83.2555
0.875,0,0,125,-83.2571
0.9,0,0,125,-83.2586
0.925,0,0,125,-83.2602
0.95,0,0,125,-83.2617
0.975,0,0,125,-83.2633
1,0,0,125,-83.2649
1.025,0,0,125,-83.2665
1.05,0,0,125,-83.2681
1.075,0,0,125,-83.2697
1.1,0,0,125,-83.2713
1.125,0,0,125,-83.273
1.15,0,0,125,-83.2747
1.175,0,0,125,-83.2764
1.2,0,0,125,-83.2782
1.225,0,0,125,-83.28
1.25,0,0,125,-83.2819
1.275,0,0,125,-83.2838
1.3,0,0,125,-83.2857
1.325,0,0,125,-83.2876
1.35,0,0,125,-83.2896
1.375,0,0,125,-83.2916
1.4,0,0,125,-83.2937
1.425,0,0,125,-83.2958
1.45,0,0,125,-83.2979
1.475,0,0,125,-83.3001
1.5,0,0,125,-83.3023
1.525,0,0,125,-83.3046
1.55,0,0,125,-83.3069
1.575,0,0,125,-83.3092
1.6,0,0,125,-83.3116
1.625,0,0,125,-83.314
1.65,0,0,125,-83.3165
1.675,0,0,125,-83.319
1.7,0,0,125,-83.3216
1.725,0,0,125,-83.3242
1.75,0,0,125,-83.3269
1.775,0,0,125,-83.3297
1.8,0,0,125,-83.3325
1.825,0,0,125,-83.3354
1.85,0,0,125,-83.3384
1.875,0,0,125,-83.3414
1.9,0,0,125,-83.3445
1.925,0,0,125,-83.3477
1.95,0,0,125,-83.3509
1.975,0,0,125,-83.3543
2,0,0,125,-83.3577
2.025,0,0,125,-83.3612
2.05,0,0,125,-83.3648
2.075,0,0,125,-83.3685
2.1,0,0,125,-83.3723
2.125,0,0,125,-83.3762
2.15,0,0,125,-83.3802
2.175,0,0,125,-83.3843
2.2,0,0,125,-83.3885
2.225,0,0,125,-83.3928
2.25,0,0,125,-83.3972
2.275,0,0,125,-83.4017
2.3,0,0,125,-83.4064
2.325,0,0,125,-83.4112
2.35,0,0,125,-83.416
2.375,0,0,125,-83.421
2.4,0,0,125,-83.4261
2.425,0,0,125,-83.4313
2.45,0,0,125,-83.4366
2.475,0,0,125,-83.442
2.5,0,0,125,-83.4475
2.525,0,0,125,-83.4531
2.55,0,0,125,-83.4587
2.575,0,0,125,-83.4645
2.6,0,0,125,-83.4703
2.625,0,0,125,-83.4763
2.65,0,0,125,-83.4823
2.675,0,0,125,-83.4884
2.7,0,0,125,-83.4946
2.725,0,0,125,-83.5009
2.75,0,0,125,-83.5073
2.775,0,0,125,-83.5138
2.8,0,0,125,-83.5203
2.825,0,0,125,-83.5269
2.85,0,0,125,-83.5335
2.875,0,0,125,-83.5402
2.9,0,0,125,-83.547
2.925,0,0,125,-83.5538
2.95,0,0,125,-83.5607
2.975,0,0,125,-83.5675
3,0,0,125,-83.5744
3.025,0,0,125,-83.5813
3.05,0,0,125,-83.5882
3.075,0,0,125,-83.5952
3.1,0,0,125,-83.6021
3.125,0,0,125,-83.609
3.15,0,0,125,-83.6159
3.175,0,0,125,-83.6228
3.2,0,0,125,-83.6297
3.225,0,0,125,-83.6365
3.25,0,0,125,-83.6433
3.275,0,0,125,-83.6501
3.3,0,0,125,-83.6568
3.325,0,0,125,-83.6634
3.35,0,0,125,-83.67
3.375,0,0,125,-83.6766
3.4,0,0,125,-83.683
3.425,0,0,125,-83.6893
3.45,0,0,125,-83.6956
3.475,0,0,125,-83.7018
3.5,0,0,125,-83.7078
3.525,0,0,125,-83.7138
3.55,0,0,125,-83.7196
3.575,0,0,125,-83.7254
3.6,0,0,125,-83.731
3.625,0,0,125,-83.7365
3.65,0,0,125,-83.7418
3.675,0,0,125,-83.7471
3.7,0,0,125,-83.7523
3.725,0,0,125,-83.7573
3.75,0,0,125,-83.7622
3.775,0,0,125,-83.767
3.8,0,0,125,-83.7716
3.825,0,0,125,-83.7761
3.85,0,0,125,-83.7805
3.875,0,0,125,-83.7847
3.9,0,0,125,-83.7887
3.925,0,0,125,-83.7927
3.95,0,0,125,-83.7965
3.975,0,0,125,-83.8001
4,0,0,125,-83.8037
4.025,0,0,125,-83.8071
4.05,0,0,125,-83.8103
4.075,0,0,125,-83.8134
4.1,0,0,125,-83.8164
4.125,0,0,125,-83.8193
4.15,0,0,125,-83.822
4.175,0,0,125,-83.8246
4.2,0,0,125,-83.827
4.225,0,0,125,-83.8293
4.25,0,0,125,-83.8315
4.275,0,0,125,-83.8336
4.3,0,0,125,-83.8356
4.325,0,0,125,-83.8375
4.35,0,0,125,-83.8392
4.375,0,0,125,-83.8409
4.4,0,0,125,-83.8424
4.425,0,0,125,-83.8438
4.45,0,0,125,-83.8452
4.475,0,0,125,-83.8464
4.5,0,0,125,-83.8476
4.525,0,0,125,-83.8486
4.55,0,0,125,-83.8496
4.575,0,0,125,-83.8505
4.6,0,0,125,-83.8513
4.625,0,0,125,-83.8521
4.65,0,0,125,-83.8527
4.675,0,0,125,-83.8533
4.7,0,0,125,-83.8539
4.725,0,0,125,-83.8543
4.75,0,0,125,-83.8547
4.775,0,0,125,-83.8551
4.8,0,0,125,-83.8553
4.825,0,0,125,-83.8555
4.85,0,0,125,-83.8557
4.875,0,0,125,-83.8559
4.9,0,0,125,-83.856
4.925,0,0,125,-83.856
4.95,0,0,125,-83.8561
4.975,0,0,125,-83.8561
5,0,0,125,-83.8561
