0,0,0,125,-57.3145
0.025,0,0,125,-57.3134
0.05,0,0,125,-57.3115
0.075,0,0,125,-57.3088
0.1,0,0,125,-57.3058
0.125,0,0,125,-57.3028
0.15,0,0,125,-57.3004
0.175,0,0,125,-57.299
0.2,0,0,125,-57.2989
0.225,0,0,125,-57.3005
0.25,0,0,125,-57.3041
0.275,0,0,125,-57.3101
0.3,0,0,125,-57.3188
0.325,0,0,125,-57.3306
0.35,0,0,125,-57.3458
0.375,0,0,125,-57.3647
0.4,0,0,125,-57.3878
0.425,0,0,125,-57.4154
0.45,0,0,125,-57.4478
0.475,0,0,125,-57.4854
0.5,0,0,125,-57.5286
0.525,0,0,125,-57.5778
0.55,0,0,125,-57.6333
0.575,0,0,125,-57.6954
0.6,0,0,125,-57.7647
0.625,0,0,125,-57.8413
0.65,0,0,125,-57.9257
0.675,0,0,125,-58.0182
0.7,0,0,125,-58.1192
0.725,0,0,125,-58.229
0.75,0,0,125,-58.3479
0.775,0,0,125,-58.4762
0.8,0,0,125,-58.6143
0.825,0,0,125,-58.7624
0.85,0,0,125,-58.9208
0.875,0,0,125,-59.0898
0.9,0,0,125,-59.2695
0.925,0,0,125,-59.4602
0.95,0,0,125,-59.662
0.975,0,0,125,-59.8752
1,0,0,125,-60.0998
1.025,0,0,125,-60.336
1.05,0,0,125,-60.5838
1.075,0,0,125,-60.8432
1.1,0,0,125,-61.1142
1.125,0,0,125,-61.3968
1.15,0,0,125,-61.6909
1.175,0,0,125,-61.9964
1.2,0,0,125,-62.3131
1.225,0,0,125,-62.6408
1.25,0,0,125,-62.9792
1.275,0,0,125,-63.328
1.3,0,0,125,-63.6868
1.325,0,0,125,-64.0553
1.35,0,0,125,-64.4331
1.375,0,0,125,-64.8195
1.4,0,0,125,-65.2142
1.425,0,0,125,-65.6164
1.45,0,0,125,-66.0256
1.475,0,0,125,-66.4411
1.5,0,0,125,-66.8623
1.525,0,0,125,-67.2883
1.55,0,0,125,-67.7185
1.575,0,0,125,-68.152
1.6,0,0,125,-68.5881
1.625,0,0,125,-69.0258
1.65,0,0,125,-69.4645
1.675,0,0,125,-69.9032
1.7,0,0,125,-70.3411
1.725,0,0,125,-70.7774
1.75,0,0,125,-71.2111
1.775,0,0,125,-71.6416
1.8,0,0,125,-72.0681
1.825,0,0,125,-72.4897
1.85,0,0,125,-72.9057
1.875,0,0,125,-73.3154
1.9,0,0,125,-73.7181
1.925,0,0,125,-74.1133
1.95,0,0,125,-74.5004
1.975,0,0,125,-74.8787
2,0,0,125,-75.2479
2.025,0,0,125,-75.6074
2.05,0,0,125,-75.957
2.075,0,0,125,-76.2964
2.1,0,0,125,-76.6251
2.125,0,0,125,-76.9431
2.15,0,0,125,-77.2502
2.175,0,0,125,-77.5462
2.2,0,0,125,-77.8311
2.225,0,0,125,-78.1049
2.25,0,0,125,-78.3676
2.275,0,0,125,-78.6193
2.3,0,0,125,-78.8601
2.325,0,0,125,-79.0902
2.35,0,0,125,-79.3096
2.375,0,0,125,-79.5188
2.4,0,0,125,-79.7178
2.425,0,0,125,-79.9069
2.45,0,0,125,-80.0865
2.475,0,0,125,-80.2568
2.5,0,0,125,-80.4181
2.525,0,0,125,-80.5708
2.55,0,0,125,-80.7152
2.575,0,0,125,-80.8516
2.6,0,0,125,-80.9803
2.625,0,0,125,-81.1017
2.65,0,0,125,-81.2162
2.675,0,0,125,-81.324
2.7,0,0,125,-81.4256
2.725,0,0,125,-81.5212
2.75,0,0,125,-81.6111
2.775,0,0,125,-81.6957
2.8,0,0,125,-81.7752
2.825,0,0,125,-81.85
2.85,0,0,125,-81.9203
2.875,0,0,125,-81.9864
2.9,0,0,125,-82.0485
2.925,0,0,125,-82.107
2.95,0,0,125,-82.162
2.975,0,0,125,-82.2138
3,0,0,125,-82.2625
3.025,0,0,125,-82.3084
3.05,0,0,125,-82.3516
3.075,0,0,125,-82.3924
3.1,0,0,125,-82.4309
3.125,0,0,125,-82.4673
3.15,0,0,125,-82.5016
3.175,0,0,125,-82.5341
3.2,0,0,125,-82.5649
3.225,0,0,125,-82.594
3.25,0,0,125,-82.6217
3.275,0,0,125,-82.6479
3.3,0,0,125,-82.6728
3.325,0,0,125,-82.6965
3.35,0,0,125,-82.7191
3.375,0,0,125,-82.7406
3.4,0,0,125,-82.761
3.425,0,0,125,-82.7805
3.45,0,0,125,-82.7992
3.475,0,0,125,-82.817
3.5,0,0,125,-82.834
3.525,0,0,125,-82.8503
3.55,0,0,125,-82.8659
3.575,0,0,125,-82.8808
3.6,0,0,125,-82.895
3.625,0,0,125,-82.9087
3.65,0,0,125,-82.9218
3.675,0,0,125,-82.9344
3.7,0,0,125,-82.9464
3.725,0,0,125,-82.958
3.75,0,0,125,-82.969
3.775,0,0,125,-82.9796
3.8,0,0,125,-82.9898
3.825,0,0,125,-82.9995
3.85,0,0,125,-83.0088
3.875,0,0,125,-83.0178
3.9,0,0,125,-83.0263
3.925,0,0,125,-83.0345
3.95,0,0,125,-83.0423
3.975,0,0,125,-83.0497
4,0,0,125,-83.0568
4.025,0,0,125,-83.0636
4.05,0,0,125,-83.0701
4.075,0,0,125,-83.0762
4.1,0,0,125,-83.0821
4.125,0,0,125,-83.0876
4.15,0,0,125,-83.0929
4.175,0,0,125,-83.0979
4.2,0,0,125,-83.1027
4.225,0,0,125,-83.1071
4.25,0,0,125,-83.1114
4.275,0,0,125,-83.1154
4.3,0,0,125,-83.1191
4.325,0,0,125,-83.1226
4.35,0,0,125,-83.1259
4.375,0,0,125,-83.129
4.4,0,0,125,-83.1319
4.425,0,0,125,-83.1345
4.45,0,0,125,-83.137
4.475,0,0,125,-83.1393
4.5,0,0,125,-83.1414
4.525,0,0,125,-83.1434
4.55,0,0,125,-83.1451
4.575,0,0,125,-83.1467
4.6,0,0,125,-83.1482
4.625,0,0,125,-83.1496
4.65,0,0,125,-83.1507
4.675,0,0,125,-83.1518
4.7,0,0,125,-83.1527
4.725,0,0,125,-83.1536
4.75,0,0,125,-83.1543
4.775,0,0,125,-83.1549
4.8,0,0,125,-83.1554
4.825,0,0,125,-83.1558
4.85,0,0,125,-83.1561
4.875,0,0,125,-83.1563
4.9,0,0,125,-83.1565
4.925,0,0,125,-83.1566
4.95,0,0,125,-83.1566
4.975,0,0,125,-83.1567
5,0,0,125,-83.1567
