0,0,0,125,-82.8533
0.025,0,0,125,-82.8535
0.05,0,0,125,-82.854
0.075,0,0,125,-82.8545
0.1,0,0,125,-82.8552
0.125,0,0,125,-82.8556
0.15,0,0,125,-82.8559
0.175,0,0,125,-82.8557
0.2,0,0,125,-82.8551
0.225,0,0,125,-82.854
0.25,0,0,125,-82.8522
0.275,0,0,125,-82.8497
0.3,0,0,125,-82.8464
0.325,0,0,125,-82.8423
0.35,0,0,125,-82.8372
0.375,0,0,125,-82.831
0.4,0,0,125,-82.8237
0.425,0,0,125,-82.8152
0.45,0,0,125,-82.8053
0.475,0,0,125,-82.794
0.5,0,0,125,-82.781
0.525,0,0,125,-82.7662
0.55,0,0,125,-82.7494
0.575,0,0,125,-82.7306
0.6,0,0,125,-82.7093
0.625,0,0,125,-82.6856
0.65,0,0,125,-82.659
0.675,0,0,125,-82.6294
0.7,0,0,125,-82.5963
0.725,0,0,125,-82.5596
0.75,0,0,125,-82.5188
0.775,0,0,125,-82.4736
0.8,0,0,125,-82.4234
0.825,0,0,125,-82.3679
0.85,0,0,125,-82.3064
0.875,0,0,125,-82.2384
0.9,0,0,125,-82.1633
0.925,0,0,125,-82.0803
0.95,0,0,125,-81.9886
0.975,0,0,125,-81.8875
1,0,0,125,-81.7759
1.025,0,0,125,-81.6528
1.05,0,0,125,-81.517
1.075,0,0,125,-81.3675
1.1,0,0,125,-81.2027
1.125,0,0,125,-81.0212
1.15,0,0,125,-80.8214
1.175,0,0,125,-80.6016
1.2,0,0,125,-80.3598
1.225,0,0,125,-80.094
1.25,0,0,125,-79.8021
1.275,0,0,125,-79.4815
1.3,0,0,125,-79.1299
1.325,0,0,125,-78.7444
1.35,0,0,125,-78.3223
1.375,0,0,125,-77.8604
1.4,0,0,125,-77.3557
1.425,0,0,125,-76.8049
1.45,0,0,125,-76.2047
1.475,0,0,125,-75.5517
1.5,0,0,125,-74.8425
1.525,0,0,125,-74.0739
1.55,0,0,125,-73.2427
1.575,0,0,125,-72.3462
1.6,0,0,125,-71.3819
1.625,0,0,125,-70.3477
1.65,0,0,125,-69.2424
1.675,0,0,125,-68.065
1.7,0,0,125,-66.816
1.725,0,0,125,-65.4962
1.75,0,0,125,-64.1078
1.775,0,0,125,-62.6541
1.8,0,0,125,-61.139
1.825,0,0,125,-59.5681
1.85,0,0,125,-57.9473
1.875,0,0,125,-56.2839
1.9,0,0,125,-54.5854
1.925,0,0,125,-52.86
1.95,0,0,125,-51.1161
1.975,0,0,125,-49.3621
2,0,0,125,-47.6063
2.025,0,0,125,-45.8562
2.05,0,0,125,-44.1192
2.075,0,0,125,-42.4017
2.1,0,0,125,-40.7095
2.125,0,0,125,-39.0473
2.15,0,0,125,-37.4193
2.175,0,0,125,-35.8286
2.2,0,0,125,-34.278
2.225,0,0,125,-32.7693
2.25,0,0,125,-31.3041
2.275,0,0,125,-29.8834
2.3,0,0,125,-28.5079
2.325,0,0,125,-27.1781
2.35,0,0,125,-25.8942
2.375,0,0,125,-24.6562
2.4,0,0,125,-23.4641
2.425,0,0,125,-22.3174
2.45,0,0,125,-21.2157
2.475,0,0,125,-20.1584
2.5,0,0,125,-19.1447
2.525,0,0,125,-18.1739
2.55,0,0,125,-17.2448
2.575,0,0,125,-16.3566
2.6,0,0,125,-15.5079
2.625,0,0,125,-14.6977
2.65,0,0,125,-13.9247
2.675,0,0,125,-13.1875
2.7,0,0,125,-12.4849
2.725,0,0,125,-11.8155
2.75,0,0,125,-11.1779
2.775,0,0,125,-10.5709
2.8,0,0,125,-9.99302
2.825,0,0,125,-9.44308
2.85,0,0,125,-8.91973
2.875,0,0,125,-8.42174
2.9,0,0,125,-7.9479
2.925,0,0,125,-7.497
2.95,0,0,125,-7.06791
2.975,0,0,125,-6.65953
3,0,0,125,-6.2708
3.025,0,0,125,-5.9007
3.05,0,0,125,-5.54827
3.075,0,0,125,-5.21258
3.1,0,0,125,-4.89274
3.125,0,0,125,-4.5879
3.15,0,0,125,-4.29727
3.175,0,0,125,-4.02008
3.2,0,0,125,-3.75562
3.225,0,0,125,-3.50319
3.25,0,0,125,-3.26214
3.275,0,0,125,-3.03187
3.3,0,0,125,-2.81179
3.325,0,0,125,-2.60137
3.35,0,0,125,-2.40008
3.375,0,0,125,-2.20745
3.4,0,0,125,-2.023
3.425,0,0,125,-1.84632
3.45,0,0,125,-1.67698
3.475,0,0,125,-1.51462
3.5,0,0,125,-1.35888
3.525,0,0,125,-1.20941
3.55,0,0,125,-1.06589
3.575,0,0,125,-0.928035
3.6,0,0,125,-0.795556
3.625,0,0,125,-0.668196
3.65,0,0,125,-0.545702
3.675,0,0,125,-0.427846
3.7,0,0,125,-0.314407
3.725,0,0,125,-0.205184
3.75,0,0,125,-0.0999801
3.775,0,0,125,0.00137872
3.8,0,0,125,0.0990657
3.825,0,0,125,0.193237
3.85,0,0,125,0.28404
3.875,0,0,125,0.371619
3.9,0,0,125,0.456103
3.925,0,0,125,0.53761
3.95,0,0,125,0.61626
3.975,0,0,125,0.692165
4,0,0,125,0.765422
4.025,0,0,125,0.836122
4.05,0,0,125,0.904358
4.075,0,0,125,0.970213
4.1,0,0,125,1.03377
4.125,0,0,125,1.0951
4.15,0,0,125,1.15427
4.175,0,0,125,1.21134
4.2,0,0,125,1.26637
4.225,0,0,125,1.31942
4.25,0,0,125,1.37053
4.275,0,0,125,1.41976
4.3,0,0,125,1.46715
4.325,0,0,125,1.51274
4.35,0,0,125,1.55656
4.375,0,0,125,1.59865
4.4,0,0,125,1.63904
4.425,0,0,125,1.67775
4.45,0,0,125,1.71482
4.475,0,0,125,1.75026
4.5,0,0,125,1.7841
4.525,0,0,125,1.81633
4.55,0,0,125,1.84697
4.575,0,0,125,1.87602
4.6,0,0,125,1.90348
4.625,0,0,125,1.92936
4.65,0,0,125,1.95365
4.675,0,0,125,1.97634
4.7,0,0,125,1.99742
4.725,0,0,125,2.01686
4.75,0,0,125,2.03466
4.775,0,0,125,2.0508
4.8,0,0,125,2.06526
4.825,0,0,125,2.07801
4.85,0,0,125,2.08906
4.875,0,0,125,2.0984
4.9,0,0,125,2.10607
4.925,0,0,125,2.11214
4.95,0,0,125,2.11664
4.975,0,0,125,2.11962
5,0,0,125,2.12112
