0,0,0,125,-75.1896
0.025,0,0,125,-75.1903
0.05,0,0,125,-75.1918
0.075,0,0,125,-75.1942
0.1,0,0,125,-75.1974
0.125,0,0,125,-75.2017
0.15,0,0,125,-75.207
0.175,0,0,125,-75.2136
0.2,0,0,125,-75.2214
0.225,0,0,125,-75.2307
0.25,0,0,125,-75.2415
0.275,0,0,125,-75.2539
0.3,0,0,125,-75.2681
0.325,0,0,125,-75.2841
0.35,0,0,125,-75.3021
0.375,0,0,125,-75.3221
0.4,0,0,125,-75.3443
0.425,0,0,125,-75.3688
0.45,0,0,125,-75.3958
0.475,0,0,125,-75.4252
0.5,0,0,125,-75.4571
0.525,0,0,125,-75.4918
0.55,0,0,125,-75.5293
0.575,0,0,125,-75.5696
0.6,0,0,125,-75.6129
0.625,0,0,125,-75.6592
0.65,0,0,125,-75.7085
0.675,0,0,125,-75.761
0.7,0,0,125,-75.8166
0.725,0,0,125,-75.8755
0.75,0,0,125,-75.9376
0.775,0,0,125,-76.003
0.8,0,0,125,-76.0716
0.825,0,0,125,-76.1435
0.85,0,0,125,-76.2187
0.875,0,0,125,-76.297
0.9,0,0,125,-76.3786
0.925,0,0,125,-76.4633
0.95,0,0,125,-76.551
0.975,0,0,125,-76.6418
1,0,0,125,-76.7355
1.025,0,0,125,-76.8321
1.05,0,0,125,-76.9313
1.075,0,0,125,-77.0332
1.1,0,0,125,-77.1376
1.125,0,0,125,-77.2443
1.15,0,0,125,-77.3532
1.175,0,0,125,-77.4642
1.2,0,0,125,-77.577
1.225,0,0,125,-77.6916
1.25,0,0,125,-77.8078
1.275,0,0,125,-77.9253
1.3,0,0,125,-78.044
1.325,0,0,125,-78.1636
1.35,0,0,125,-78.2841
1.375,0,0,125,-78.4051
1.4,0,0,125,-78.5266
1.425,0,0,125,-78.6482
1.45,0,0,125,-78.7698
1.475,0,0,125,-78.8912
1.5,0,0,125,-79.0123
1.525,0,0,125,-79.1327
1.55,0,0,125,-79.2523
1.575,0,0,125,-79.371
1.6,0,0,125,-79.4885
1.625,0,0,125,-79.6048
1.65,0,0,125,-79.7195
1.675,0,0,125,-79.8326
1.7,0,0,125,-79.944
1.725,0,0,125,-80.0534
1.75,0,0,125,-80.1608
1.775,0,0,125,-80.2661
1.8,0,0,125,-80.3691
1.825,0,0,125,-80.4697
1.85,0,0,125,-80.5679
1.875,0,0,125,-80.6637
1.9,0,0,125,-80.7568
1.925,0,0,125,-80.8474
1.95,0,0,125,-80.9352
1.975,0,0,125,-81.0205
2,0,0,125,-81.103
2.025,0,0,125,-81.1828
2.05,0,0,125,-81.2599
2.075,0,0,125,-81.3343
2.1,0,0,125,-81.4061
2.125,0,0,125,-81.4752
2.15,0,0,125,-81.5417
2.175,0,0,125,-81.6056
2.2,0,0,125,-81.6671
2.225,0,0,125,-81.726
2.25,0,0,125,-81.7826
2.275,0,0,125,-81.8368
2.3,0,0,125,-81.8888
2.325,0,0,125,-81.9386
2.35,0,0,125,-81.9862
2.375,0,0,125,-82.0318
2.4,0,0,125,-82.0754
2.425,0,0,125,-82.1172
2.45,0,0,125,-82.1571
2.475,0,0,125,-82.1953
2.5,0,0,125,-82.2318
2.525,0,0,125,-82.2668
2.55,0,0,125,-82.3002
2.575,0,0,125,-82.3323
2.6,0,0,125,-82.363
2.625,0,0,125,-82.3924
2.65,0,0,125,-82.4206
2.675,0,0,125,-82.4477
2.7,0,0,125,-82.4737
2.725,0,0,125,-82.4987
2.75,0,0,125,-82.5227
2.775,0,0,125,-82.5459
2.8,0,0,125,-82.5682
2.825,0,0,125,-82.5897
2.85,0,0,125,-82.6105
2.875,0,0,125,-82.6306
2.9,0,0,125,-82.6501
2.925,0,0,125,-82.669
2.95,0,0,125,-82.6873
2.975,0,0,125,-82.705
3,0,0,125,-82.7223
3.025,0,0,125,-82.7391
3.05,0,0,125,-82.7554
3.075,0,0,125,-82.7714
3.1,0,0,125,-82.7869
3.125,0,0,125,-82.802
3.15,0,0,125,-82.8168
3.175,0,0,125,-82.8313
3.2,0,0,125,-82.8454
3.225,0,0,125,-82.8592
3.25,0,0,125,-82.8727
3.275,0,0,125,-82.8859
3.3,0,0,125,-82.8988
3.325,0,0,125,-82.9115
3.35,0,0,125,-82.9238
3.375,0,0,125,-82.9359
3.4,0,0,125,-82.9478
3.425,0,0,125,-82.9594
3.45,0,0,125,-82.9707
3.475,0,0,125,-82.9818
3.5,0,0,125,-82.9926
3.525,0,0,125,-83.0031
3.55,0,0,125,-83.0134
3.575,0,0,125,-83.0235
3.6,0,0,125,-83.0333
3.625,0,0,125,-83.0428
3.65,0,0,125,-83.0521
3.675,0,0,125,-83.0612
3.7,0,0,125,-83.07
3.725,0,0,125,-83.0785
3.75,0,0,125,-83.0868
3.775,0,0,125,-83.0949
3.8,0,0,125,-83.1027
3.825,0,0,125,-83.1102
3.85,0,0,125,-83.1176
3.875,0,0,125,-83.1246
3.9,0,0,125,-83.1314
3.925,0,0,125,-83.138
3.95,0,0,125,-83.1444
3.975,0,0,125,-83.1505
4,0,0,125,-83.1563
4.025,0,0,125,-83.1619
4.05,0,0,125,-83.1673
4.075,0,0,125,-83.1725
4.1,0,0,125,-83.1775
4.125,0,0,125,-83.1822
4.15,0,0,125,-83.1867
4.175,0,0,125,-83.191
4.2,0,0,125,-83.1951
4.225,0,0,125,-83.199
4.25,0,0,125,-83.2026
4.275,0,0,125,-83.2061
4.3,0,0,125,-83.2093
4.325,0,0,125,-83.2124
4.35,0,0,125,-83.2153
4.375,0,0,125,-83.218
4.4,0,0,125,-83.2205
4.425,0,0,125,-83.2229
4.45,0,0,125,-83.2251
4.475,0,0,125,-83.2271
4.5,0,0,125,-83.229
4.525,0,0,125,-83.2307
4.55,0,0,125,-83.2323
4.575,0,0,125,-83.2338
4.6,0,0,125,-83.2351
4.625,0,0,125,-83.2363
4.65,0,0,125,-83.2373
4.675,0,0,125,-83.2383
4.7,0,0,125,-83.2391
4.725,0,0,125,-83.2398
4.75,0,0,125,-83.2404
4.775,0,0,125,-83.241
4.8,0,0,125,-83.2414
4.825,0,0,125,-83.2417
4.85,0,0,125,-83.242
4.875,0,0,125,-83.2422
4.9,0,0,125,-83.2423
4.925,0,0,125,-83.2424
4.95,0,0,125,-83.2424
4.975,0,0,125,-83.2424
5,0,0,125,-83.2425
