0,0,0,125,-44.9134
0.025,0,0,125,-44.9076
0.05,0,0,125,-44.896
0.075,0,0,125,-44.8788
0.1,0,0,125,-44.8563
0.125,0,0,125,-44.8289
0.15,0,0,125,-44.7969
0.175,0,0,125,-44.7606
0.2,0,0,125,-44.7202
0.225,0,0,125,-44.6759
0.25,0,0,125,-44.6279
0.275,0,0,125,-44.5764
0.3,0,0,125,-44.5214
0.325,0,0,125,-44.4631
0.35,0,0,125,-44.4017
0.375,0,0,125,-44.3372
0.4,0,0,125,-44.2698
0.425,0,0,125,-44.1997
0.45,0,0,125,-44.1269
0.475,0,0,125,-44.0515
0.5,0,0,125,-43.9737
0.525,0,0,125,-43.8936
0.55,0,0,125,-43.8112
0.575,0,0,125,-43.7268
0.6,0,0,125,-43.6403
0.625,0,0,125,-43.5518
0.65,0,0,125,-43.4616
0.675,0,0,125,-43.3695
0.7,0,0,125,-43.2759
0.725,0,0,125,-43.1806
0.75,0,0,125,-43.0839
0.775,0,0,125,-42.9857
0.8,0,0,125,-42.8862
0.825,0,0,125,-42.7855
0.85,0,0,125,-42.6836
0.875,0,0,125,-42.5805
0.9,0,0,125,-42.4764
0.925,0,0,125,-42.3712
0.95,0,0,125,-42.2652
0.975,0,0,125,-42.1583
1,0,0,125,-42.0506
1.025,0,0,125,-41.9421
1.05,0,0,125,-41.8329
1.075,0,0,125,-41.723
1.1,0,0,125,-41.6126
1.125,0,0,125,-41.5016
1.15,0,0,125,-41.39
1.175,0,0,125,-41.278
1.2,0,0,125,-41.1656
1.225,0,0,125,-41.0528
1.25,0,0,125,-40.9396
1.275,0,0,125,-40.8261
1.3,0,0,125,-40.7123
1.325,0,0,125,-40.5983
1.35,0,0,125,-40.484
1.375,0,0,125,-40.3696
1.4,0,0,125,-40.2549
1.425,0,0,125,-40.1402
1.45,0,0,125,-40.0253
1.475,0,0,125,-39.9104
1.5,0,0,125,-39.7953
1.525,0,0,125,-39.6803
1.55,0,0,125,-39.5652
1.575,0,0,125,-39.4501
1.6,0,0,125,-39.335
1.625,0,0,125,-39.2199
1.65,0,0,125,-39.1049
1.675,0,0,125,-38.9899
1.7,0,0,125,-38.8751
1.725,0,0,125,-38.7603
1.75,0,0,125,-38.6456
1.775,0,0,125,-38.531
1.8,0,0,125,-38.4166
1.825,0,0,125,-38.3022
1.85,0,0,125,-38.1881
1.875,0,0,125,-38.074
1.9,0,0,125,-37.9602
1.925,0,0,125,-37.8465
1.95,0,0,125,-37.733
1.975,0,0,125,-37.6196
2,0,0,125,-37.5065
2.025,0,0,125,-37.3936
2.05,0,0,125,-37.2808
2.075,0,0,125,-37.1683
2.1,0,0,125,-37.056
2.125,0,0,125,-36.9439
2.15,0,0,125,-36.832
2.175,0,0,125,-36.7203
2.2,0,0,125,-36.6089
2.225,0,0,125,-36.4977
2.25,0,0,125,-36.3867
2.275,0,0,125,-36.276
2.3,0,0,125,-36.1655
2.325,0,0,125,-36.0552
2.35,0,0,125,-35.9452
2.375,0,0,125,-35.8354
2.4,0,0,125,-35.7259
2.425,0,0,125,-35.6166
2.45,0,0,125,-35.5076
2.475,0,0,125,-35.3988
2.5,0,0,125,-35.2903
2.525,0,0,125,-35.182
2.55,0,0,125,-35.074
2.575,0,0,125,-34.9662
2.6,0,0,125,-34.8587
2.625,0,0,125,-34.7515
2.65,0,0,125,-34.6445
2.675,0,0,125,-34.5378
2.7,0,0,125,-34.4313
2.725,0,0,125,-34.3251
2.75,0,0,125,-34.2192
2.775,0,0,125,-34.1135
2.8,0,0,125,-34.0081
2.825,0,0,125,-33.9029
2.85,0,0,125,-33.7981
2.875,0,0,125,-33.6935
2.9,0,0,125,-33.5891
2.925,0,0,125,-33.4851
2.95,0,0,125,-33.3813
2.975,0,0,125,-33.2778
3,0,0,125,-33.1746
3.025,0,0,125,-33.0716
3.05,0,0,125,-32.969
3.075,0,0,125,-32.8666
3.1,0,0,125,-32.7645
3.125,0,0,125,-32.6628
3.15,0,0,125,-32.5613
3.175,0,0,125,-32.4601
3.2,0,0,125,-32.3593
3.225,0,0,125,-32.2587
3.25,0,0,125,-32.1585
3.275,0,0,125,-32.0586
3.3,0,0,125,-31.959
3.325,0,0,125,-31.8598
3.35,0,0,125,-31.7609
3.375,0,0,125,-31.6624
3.4,0,0,125,-31.5642
3.425,0,0,125,-31.4664
3.45,0,0,125,-31.369
3.475,0,0,125,-31.272
3.5,0,0,125,-31.1754
3.525,0,0,125,-31.0792
3.55,0,0,125,-30.9834
3.575,0,0,125,-30.888
3.6,0,0,125,-30.7931
3.625,0,0,125,-30.6987
3.65,0,0,125,-30.6047
3.675,0,0,125,-30.5112
3.7,0,0,125,-30.4183
3.725,0,0,125,-30.3258
3.75,0,0,125,-30.2339
3.775,0,0,125,-30.1426
3.8,0,0,125,-30.0519
3.825,0,0,125,-29.9618
3.85,0,0,125,-29.8723
3.875,0,0,125,-29.7834
3.9,0,0,125,-29.6953
3.925,0,0,125,-29.6078
3.95,0,0,125,-29.5211
3.975,0,0,125,-29.4352
4,0,0,125,-29.35
4.025,0,0,125,-29.2657
4.05,0,0,125,-29.1823
4.075,0,0,125,-29.0997
4.1,0,0,125,-29.0181
4.125,0,0,125,-28.9375
4.15,0,0,125,-28.8579
4.175,0,0,125,-28.7793
4.2,0,0,125,-28.7019
4.225,0,0,125,-28.6256
4.25,0,0,125,-28.5505
4.275,0,0,125,-28.4767
4.3,0,0,125,-28.4041
4.325,0,0,125,-28.333
4.35,0,0,125,-28.2633
4.375,0,0,125,-28.195
4.4,0,0,125,-28.1283
4.425,0,0,125,-28.0633
4.45,0,0,125,-27.9999
4.475,0,0,125,-27.9383
4.5,0,0,125,-27.8785
4.525,0,0,125,-27.8207
4.55,0,0,125,-27.7649
4.575,0,0,125,-27.7111
4.6,0,0,125,-27.6595
4.625,0,0,125,-27.6102
4.65,0,0,125,-27.5632
4.675,0,0,125,-27.5186
4.7,0,0,125,-27.4766
4.725,0,0,125,-27.4373
4.75,0,0,125,-27.4007
4.775,0,0,125,-27.3669
4.8,0,0,125,-27.336
4.825,0,0,125,-27.3082
4.85,0,0,125,-27.2836
4.875,0,0,125,-27.2622
4.9,0,0,125,-27.2442
4.925,0,0,125,-27.2296
4.95,0,0,125,-27.2186
4.975,0,0,125,-27.2112
5,0,0,125,-27.2075
