0,0,0,125,-82.8551
0.025,0,0,125,-82.8555
0.05,0,0,125,-82.8564
0.075,0,0,125,-82.8577
0.1,0,0,125,-82.8593
0.125,0,0,125,-82.8612
0.15,0,0,125,-82.8632
0.175,0,0,125,-82.8653
0.2,0,0,125,-82.8675
0.225,0,0,125,-82.8697
0.25,0,0,125,-82.8719
0.275,0,0,125,-82.874
0.3,0,0,125,-82.8762
0.325,0,0,125,-82.8784
0.35,0,0,125,-82.8805
0.375,0,0,125,-82.8827
0.4,0,0,125,-82.8847
0.425,0,0,125,-82.8868
0.45,0,0,125,-82.8888
0.475,0,0,125,-82.8908
0.5,0,0,125,-82.8927
0.525,0,0,125,-82.8947
0.55,0,0,125,-82.8966
0.575,0,0,125,-82.8985
0.6,0,0,125,-82.9004
0.625,0,0,125,-82.9022
0.65,0,0,125,-82.9041
0.675,0,0,125,-82.9059
0.7,0,0,125,-82.9077
0.725,0,0,125,-82.9095
0.75,0,0,125,-82.9113
0.775,0,0,125,-82.9131
0.8,0,0,125,-82.9149
0.825,0,0,125,-82.9167
0.85,0,0,125,-82.9185
0.875,0,0,125,-82.9203
0.9,0,0,125,-82.9221
0.925,0,0,125,-82.9239
0.95,0,0,125,-82.9258
0.975,0,0,125,-82.9276
1,0,0,125,-82.9295
1.025,0,0,125,-82.9314
1.05,0,0,125,-82.9333
1.075,0,0,125,-82.9352
1.1,0,0,125,-82.9371
1.125,0,0,125,-82.9391
1.15,0,0,125,-82.9411
1.175,0,0,125,-82.9431
1.2,0,0,125,-82.9451
1.225,0,0,125,-82.9472
1.25,0,0,125,-82.9493
1.275,0,0,125,-82.9514
1.3,0,0,125,-82.9536
1.325,0,0,125,-82.9558
1.35,0,0,125,-82.9581
1.375,0,0,125,-82.9604
1.4,0,0,125,-82.9627
1.425,0,0,125,-82.9651
1.45,0,0,125,-82.9675
1.475,0,0,125,-82.97
1.5,0,0,125,-82.9725
1.525,0,0,125,-82.975
1.55,0,0,125,-82.9776
1.575,0,0,125,-82.9803
1.6,0,0,125,-82.983
1.625,0,0,125,-82.9858
1.65,0,0,125,-82.9886
1.675,0,0,125,-82.9916
1.7,0,0,125,-82.9945
1.725,0,0,125,-82.9976
1.75,0,0,125,-83.0007
1.775,0,0,125,-83.0039
1.8,0,0,125,-83.0072
1.825,0,0,125,-83.0105
1.85,0,0,125,-83.014
1.875,0,0,125,-83.0175
1.9,0,0,125,-83.0211
1.925,0,0,125,-83.0248
1.95,0,0,125,-83.0286
1.975,0,0,125,-83.0325
2,0,0,125,-83.0365
2.025,0,0,125,-83.0406
2.05,0,0,125,-83.0448
2.075,0,0,125,-83.0492
2.1,0,0,125,-83.0536
2.125,0,0,125,-83.0582
2.15,0,0,125,-83.0629
2.175,0,0,125,-83.0677
2.2,0,0,125,-83.0726
2.225,0,0,125,-83.0777
2.25,0,0,125,-83.083
2.275,0,0,125,-83.0883
2.3,0,0,125,-83.0939
2.325,0,0,125,-83.0995
2.35,0,0,125,-83.1053
2.375,0,0,125,-83.1112
2.4,0,0,125,-83.1172
2.425,0,0,125,-83.1234
2.45,0,0,125,-83.1296
2.475,0,0,125,-83.1361
2.5,0,0,125,-83.1426
2.525,0,0,125,-83.1493
2.55,0,0,125,-83.1561
2.575,0,0,125,-83.163
2.6,0,0,125,-83.17
2.625,0,0,125,-83.1771
2.65,0,0,125,-83.1844
2.675,0,0,125,-83.1917
2.7,0,0,125,-83.1992
2.725,0,0,125,-83.2067
2.75,0,0,125,-83.2144
2.775,0,0,125,-83.2222
2.8,0,0,125,-83.2301
2.825,0,0,125,-83.238
2.85,0,0,125,-83.246
2.875,0,0,125,-83.2541
2.9,0,0,125,-83.2623
2.925,0,0,125,-83.2706
2.95,0,0,125,-83.2789
2.975,0,0,125,-83.2872
3,0,0,125,-83.2956
3.025,0,0,125,-83.304
3.05,0,0,125,-83.3124
3.075,0,0,125,-83.3208
3.1,0,0,125,-83.3292
3.125,0,0,125,-83.3376
3.15,0,0,125,-83.346
3.175,0,0,125,-83.3544
3.2,0,0,125,-83.3628
3.225,0,0,125,-83.3712
3.25,0,0,125,-83.3795
3.275,0,0,125,-83.3877
3.3,0,0,125,-83.3959
3.325,0,0,125,-83.4041
3.35,0,0,125,-83.4122
3.375,0,0,125,-83.4201
3.4,0,0,125,-83.428
3.425,0,0,125,-83.4358
3.45,0,0,125,-83.4435
3.475,0,0,125,-83.4511
3.5,0,0,125,-83.4585
3.525,0,0,125,-83.4659
3.55,0,0,125,-83.4731
3.575,0,0,125,-83.4801
3.6,0,0,125,-83.4871
3.625,0,0,125,-83.4939
3.65,0,0,125,-83.5005
3.675,0,0,125,-83.507
3.7,0,0,125,-83.5134
3.725,0,0,125,-83.5196
3.75,0,0,125,-83.5256
3.775,0,0,125,-83.5315
3.8,0,0,125,-83.5372
3.825,0,0,125,-83.5428
3.85,0,0,125,-83.5481
3.875,0,0,125,-83.5533
3.9,0,0,125,-83.5584
3.925,0,0,125,-83.5633
3.95,0,0,125,-83.5679
3.975,0,0,125,-83.5724
4,0,0,125,-83.5767
4.025,0,0,125,-83.5809
4.05,0,0,125,-83.5849
4.075,0,0,125,-83.5888
4.1,0,0,125,-83.5925
4.125,0,0,125,-83.596
4.15,0,0,125,-83.5994
4.175,0,0,125,-83.6025
4.2,0,0,125,-83.6056
4.225,0,0,125,-83.6084
4.25,0,0,125,-83.6112
4.275,0,0,125,-83.6138
4.3,0,0,125,-83.6162
4.325,0,0,125,-83.6185
4.35,0,0,125,-83.6207
4.375,0,0,125,-83.6227
4.4,0,0,125,-83.6246
4.425,0,0,125,-83.6264
4.45,0,0,125,-83.628
4.475,0,0,125,-83.6296
4.5,0,0,125,-83.631
4.525,0,0,125,-83.6324
4.55,0,0,125,-83.6336
4.575,0,0,125,-83.6346
4.6,0,0,125,-83.6356
4.625,0,0,125,-83.6366
4.65,0,0,125,-83.6374
4.675,0,0,125,-83.6381
4.7,0,0,125,-83.6387
4.725,0,0,125,-83.6393
4.75,0,0,125,-83.6397
4.775,0,0,125,-83.6401
4.8,0,0,125,-83.6405
4.825,0,0,125,-83.6407
4.85,0,0,125,-83.6409
4.875,0,0,125,-83.6411
4.9,0,0,125,-83.6412
4.925,0,0,125,-83.6412
4.95,0,0,125,-83.6413
4.975,0,0,125,-83.6413
5,0,0,125,-83.6413
