0,0,0,125,-83.2109
0.025,0,0,125,-83.2114
0.05,0,0,125,-83.2123
0.075,0,0,125,-83.2137
0.1,0,0,125,-83.2154
0.125,0,0,125,-83.2173
0.15,0,0,125,-83.2193
0.175,0,0,125,-83.2213
0.2,0,0,125,-83.2233
0.225,0,0,125,-83.2253
0.25,0,0,125,-83.2272
0.275,0,0,125,-83.2289
0.3,0,0,125,-83.2305
0.325,0,0,125,-83.232
0.35,0,0,125,-83.2333
0.375,0,0,125,-83.2343
0.4,0,0,125,-83.2352
0.425,0,0,125,-83.2358
0.45,0,0,125,-83.2361
0.475,0,0,125,-83.2362
0.5,0,0,125,-83.236
0.525,0,0,125,-83.2355
0.55,0,0,125,-83.2346
0.575,0,0,125,-83.2334
0.6,0,0,125,-83.2318
0.625,0,0,125,-83.2299
0.65,0,0,125,-83.2275
0.675,0,0,125,-83.2247
0.7,0,0,125,-83.2214
0.725,0,0,125,-83.2176
0.75,0,0,125,-83.2133
0.775,0,0,125,-83.2085
0.8,0,0,125,-83.2032
0.825,0,0,125,-83.1972
0.85,0,0,125,-83.1905
0.875,0,0,125,-83.1832
0.9,0,0,125,-83.1752
0.925,0,0,125,-83.1664
0.95,0,0,125,-83.1567
0.975,0,0,125,-83.1462
1,0,0,125,-83.1347
1.025,0,0,125,-83.1222
1.05,0,0,125,-83.1086
1.075,0,0,125,-83.0939
1.1,0,0,125,-83.0779
1.125,0,0,125,-83.0606
1.15,0,0,125,-83.0418
1.175,0,0,125,-83.0214
1.2,0,0,125,-82.9994
1.225,0,0,125,-82.9755
1.25,0,0,125,-82.9497
1.275,0,0,125,-82.9217
1.3,0,0,125,-82.8915
1.325,0,0,125,-82.8587
1.35,0,0,125,-82.8232
1.375,0,0,125,-82.7847
1.4,0,0,125,-82.743
1.425,0,0,125,-82.6978
1.45,0,0,125,-82.6488
1.475,0,0,125,-82.5957
1.5,0,0,125,-82.5381
1.525,0,0,125,-82.4755
1.55,0,0,125,-82.4076
1.575,0,0,125,-82.3337
1.6,0,0,125,-82.2535
1.625,0,0,125,-82.1664
1.65,0,0,125,-82.0715
1.675,0,0,125,-81.9684
1.7,0,0,125,-81.8561
1.725,0,0,125,-81.7339
1.75,0,0,125,-81.6008
1.775,0,0,125,-81.4559
1.8,0,0,125,-81.2981
1.825,0,0,125,-81.1262
1.85,0,0,125,-80.939
1.875,0,0,125,-80.7351
1.9,0,0,125,-80.5131
1.925,0,0,125,-80.2715
1.95,0,0,125,-80.0086
1.975,0,0,125,-79.7228
2,0,0,125,-79.4122
2.025,0,0,125,-79.075
2.05,0,0,125,-78.7092
2.075,0,0,125,-78.313
2.1,0,0,125,-77.8843
2.125,0,0,125,-77.4212
2.15,0,0,125,-76.9217
2.175,0,0,125,-76.384
2.2,0,0,125,-75.8064
2.225,0,0,125,-75.1872
2.25,0,0,125,-74.525
2.275,0,0,125,-73.8186
2.3,0,0,125,-73.0672
2.325,0,0,125,-72.2702
2.35,0,0,125,-71.4275
2.375,0,0,125,-70.5392
2.4,0,0,125,-69.606
2.425,0,0,125,-68.6291
2.45,0,0,125,-67.6101
2.475,0,0,125,-66.551
2.5,0,0,125,-65.4544
2.525,0,0,125,-64.3233
2.55,0,0,125,-63.161
2.575,0,0,125,-61.9713
2.6,0,0,125,-60.7582
2.625,0,0,125,-59.5259
2.65,0,0,125,-58.2789
2.675,0,0,125,-57.0217
2.7,0,0,125,-55.7587
2.725,0,0,125,-54.4944
2.75,0,0,125,-53.233
2.775,0,0,125,-51.9788
2.8,0,0,125,-50.7355
2.825,0,0,125,-49.5067
2.85,0,0,125,-48.2957
2.875,0,0,125,-47.1053
2.9,0,0,125,-45.9382
2.925,0,0,125,-44.7963
2.95,0,0,125,-43.6817
2.975,0,0,125,-42.5956
3,0,0,125,-41.5392
3.025,0,0,125,-40.5134
3.05,0,0,125,-39.5186
3.075,0,0,125,-38.5552
3.1,0,0,125,-37.6232
3.125,0,0,125,-36.7225
3.15,0,0,125,-35.8527
3.175,0,0,125,-35.0135
3.2,0,0,125,-34.2043
3.225,0,0,125,-33.4244
3.25,0,0,125,-32.6732
3.275,0,0,125,-31.95
3.3,0,0,125,-31.254
3.325,0,0,125,-30.5844
3.35,0,0,125,-29.9403
3.375,0,0,125,-29.3211
3.4,0,0,125,-28.7258
3.425,0,0,125,-28.1537
3.45,0,0,125,-27.604
3.475,0,0,125,-27.076
3.5,0,0,125,-26.5688
3.525,0,0,125,-26.0818
3.55,0,0,125,-25.6143
3.575,0,0,125,-25.1654
3.6,0,0,125,-24.7346
3.625,0,0,125,-24.3213
3.65,0,0,125,-23.9246
3.675,0,0,125,-23.5441
3.7,0,0,125,-23.1791
3.725,0,0,125,-22.8291
3.75,0,0,125,-22.4934
3.775,0,0,125,-22.1715
3.8,0,0,125,-21.8629
3.825,0,0,125,-21.567
3.85,0,0,125,-21.2835
3.875,0,0,125,-21.0117
3.9,0,0,125,-20.7512
3.925,0,0,125,-20.5017
3.95,0,0,125,-20.2626
3.975,0,0,125,-20.0336
4,0,0,125,-19.8142
4.025,0,0,125,-19.6041
4.05,0,0,125,-19.403
4.075,0,0,125,-19.2104
4.1,0,0,125,-19.0261
4.125,0,0,125,-18.8497
4.15,0,0,125,-18.6809
4.175,0,0,125,-18.5195
4.2,0,0,125,-18.3651
4.225,0,0,125,-18.2176
4.25,0,0,125,-18.0767
4.275,0,0,125,-17.942
4.3,0,0,125,-17.8135
4.325,0,0,125,-17.691
4.35,0,0,125,-17.5741
4.375,0,0,125,-17.4628
4.4,0,0,125,-17.3569
4.425,0,0,125,-17.2561
4.45,0,0,125,-17.1604
4.475,0,0,125,-17.0697
4.5,0,0,125,-16.9837
4.525,0,0,125,-16.9025
4.55,0,0,125,-16.8258
4.575,0,0,125,-16.7535
4.6,0,0,125,-16.6857
4.625,0,0,125,-16.6222
4.65,0,0,125,-16.563
4.675,0,0,125,-16.5079
4.7,0,0,125,-16.457
4.725,0,0,125,-16.4102
4.75,0,0,125,-16.3675
4.775,0,0,125,-16.3288
4.8,0,0,125,-16.2942
4.825,0,0,125,-16.2635
4.85,0,0,125,-16.2369
4.875,0,0,125,-16.2142
4.9,0,0,125,-16.1954
4.925,0,0,125,-16.1804
4.95,0,0,125,-16.1692
4.975,0,0,125,-16.1618
5,0,0,125,-16.1581
