0,0,0,125,-83.3755
0.025,0,0,125,-83.3759
0.05,0,0,125,-83.3768
0.075,0,0,125,-83.3781
0.1,0,0,125,-83.3797
0.125,0,0,125,-83.3815
0.15,0,0,125,-83.3834
0.175,0,0,125,-83.3854
0.2,0,0,125,-83.3874
0.225,0,0,125,-83.3894
0.25,0,0,125,-83.3914
0.275,0,0,125,-83.3933
0.3,0,0,125,-83.3951
0.325,0,0,125,-83.3967
0.35,0,0,125,-83.3983
0.375,0,0,125,-83.3997
0.4,0,0,125,-83.401
0.425,0,0,125,-83.4021
0.45,0,0,125,-83.403
0.475,0,0,125,-83.4037
0.5,0,0,125,-83.4043
0.525,0,0,125,-83.4046
0.55,0,0,125,-83.4047
0.575,0,0,125,-83.4047
0.6,0,0,125,-83.4043
0.625,0,0,125,-83.4038
0.65,0,0,125,-83.403
0.675,0,0,125,-83.4019
0.7,0,0,125,-83.4006
0.725,0,0,125,-83.399
0.75,0,0,125,-83.3971
0.775,0,0,125,-83.3949
0.8,0,0,125,-83.3924
0.825,0,0,125,-83.3897
0.85,0,0,125,-83.3866
0.875,0,0,125,-83.3832
0.9,0,0,125,-83.3795
0.925,0,0,125,-83.3754
0.95,0,0,125,-83.371
0.975,0,0,125,-83.3662
1,0,0,125,-83.3611
1.025,0,0,125,-83.3556
1.05,0,0,125,-83.3496
1.075,0,0,125,-83.3433
1.1,0,0,125,-83.3365
1.125,0,0,125,-83.3294
1.15,0,0,125,-83.3217
1.175,0,0,125,-83.3136
1.2,0,0,125,-83.305
1.225,0,0,125,-83.2959
1.25,0,0,125,-83.2863
1.275,0,0,125,-83.2762
1.3,0,0,125,-83.2655
1.325,0,0,125,-83.2542
1.35,0,0,125,-83.2423
1.375,0,0,125,-83.2298
1.4,0,0,125,-83.2166
1.425,0,0,125,-83.2027
1.45,0,0,125,-83.1881
1.475,0,0,125,-83.1728
1.5,0,0,125,-83.1567
1.525,0,0,125,-83.1398
1.55,0,0,125,-83.122
1.575,0,0,125,-83.1033
1.6,0,0,125,-83.0836
1.625,0,0,125,-83.0629
1.65,0,0,125,-83.0412
1.675,0,0,125,-83.0183
1.7,0,0,125,-82.9943
1.725,0,0,125,-82.969
1.75,0,0,125,-82.9423
1.775,0,0,125,-82.9141
1.8,0,0,125,-82.8844
1.825,0,0,125,-82.853
1.85,0,0,125,-82.8199
1.875,0,0,125,-82.7848
1.9,0,0,125,-82.7476
1.925,0,0,125,-82.7082
1.95,0,0,125,-82.6663
1.975,0,0,125,-82.6219
2,0,0,125,-82.5746
2.025,0,0,125,-82.5242
2.05,0,0,125,-82.4705
2.075,0,0,125,-82.4131
2.1,0,0,125,-82.3518
2.125,0,0,125,-82.2863
2.15,0,0,125,-82.2161
2.175,0,0,125,-82.1408
2.2,0,0,125,-82.0601
2.225,0,0,125,-81.9734
2.25,0,0,125,-81.8804
2.275,0,0,125,-81.7803
2.3,0,0,125,-81.6728
2.325,0,0,125,-81.5571
2.35,0,0,125,-81.4326
2.375,0,0,125,-81.2987
2.4,0,0,125,-81.1546
2.425,0,0,125,-80.9996
2.45,0,0,125,-80.8329
2.475,0,0,125,-80.6537
2.5,0,0,125,-80.4611
2.525,0,0,125,-80.2544
2.55,0,0,125,-80.0325
2.575,0,0,125,-79.7946
2.6,0,0,125,-79.5398
2.625,0,0,125,-79.2673
2.65,0,0,125,-78.976
2.675,0,0,125,-78.6651
2.7,0,0,125,-78.3337
2.725,0,0,125,-77.9812
2.75,0,0,125,-77.6065
2.775,0,0,125,-77.2091
2.8,0,0,125,-76.7884
2.825,0,0,125,-76.3437
2.85,0,0,125,-75.8747
2.875,0,0,125,-75.3809
2.9,0,0,125,-74.8621
2.925,0,0,125,-74.3184
2.95,0,0,125,-73.7497
2.975,0,0,125,-73.1562
3,0,0,125,-72.5383
3.025,0,0,125,-71.8965
3.05,0,0,125,-71.2315
3.075,0,0,125,-70.5443
3.1,0,0,125,-69.8357
3.125,0,0,125,-69.107
3.15,0,0,125,-68.3595
3.175,0,0,125,-67.5947
3.2,0,0,125,-66.8141
3.225,0,0,125,-66.0196
3.25,0,0,125,-65.2128
3.275,0,0,125,-64.3957
3.3,0,0,125,-63.5703
3.325,0,0,125,-62.7385
3.35,0,0,125,-61.9024
3.375,0,0,125,-61.0639
3.4,0,0,125,-60.2251
3.425,0,0,125,-59.3879
3.45,0,0,125,-58.5543
3.475,0,0,125,-57.7261
3.5,0,0,125,-56.905
3.525,0,0,125,-56.0928
3.55,0,0,125,-55.291
3.575,0,0,125,-54.501
3.6,0,0,125,-53.7242
3.625,0,0,125,-52.9618
3.65,0,0,125,-52.2148
3.675,0,0,125,-51.4842
3.7,0,0,125,-50.7708
3.725,0,0,125,-50.0754
3.75,0,0,125,-49.3985
3.775,0,0,125,-48.7405
3.8,0,0,125,-48.1018
3.825,0,0,125,-47.4827
3.85,0,0,125,-46.8833
3.875,0,0,125,-46.3037
3.9,0,0,125,-45.7438
3.925,0,0,125,-45.2036
3.95,0,0,125,-44.6829
3.975,0,0,125,-44.1815
4,0,0,125,-43.6991
4.025,0,0,125,-43.2354
4.05,0,0,125,-42.7901
4.075,0,0,125,-42.3629
4.1,0,0,125,-41.9532
4.125,0,0,125,-41.5607
4.15,0,0,125,-41.1849
4.175,0,0,125,-40.8255
4.2,0,0,125,-40.4819
4.225,0,0,125,-40.1538
4.25,0,0,125,-39.8406
4.275,0,0,125,-39.542
4.3,0,0,125,-39.2574
4.325,0,0,125,-38.9865
4.35,0,0,125,-38.7289
4.375,0,0,125,-38.4842
4.4,0,0,125,-38.2519
4.425,0,0,125,-38.0317
4.45,0,0,125,-37.8232
4.475,0,0,125,-37.6262
4.5,0,0,125,-37.4402
4.525,0,0,125,-37.265
4.55,0,0,125,-37.1002
4.575,0,0,125,-36.9457
4.6,0,0,125,-36.8012
4.625,0,0,125,-36.6663
4.65,0,0,125,-36.541
4.675,0,0,125,-36.4249
4.7,0,0,125,-36.318
4.725,0,0,125,-36.2201
4.75,0,0,125,-36.1309
4.775,0,0,125,-36.0504
4.8,0,0,125,-35.9784
4.825,0,0,125,-35.9149
4.85,0,0,125,-35.8596
4.875,0,0,125,-35.8126
4.9,0,0,125,-35.7736
4.925,0,0,125,-35.7426
4.95,0,0,125,-35.7194
4.975,0,0,125,-35.704
5,0,0,125,-35.6963
