0,0,0,125,-84.4357
0.025,0,0,125,-84.4357
0.05,0,0,125,-84.4358
0.075,0,0,125,-84.4359
0.1,0,0,125,-84.4361
0.125,0,0,125,-84.4362
0.15,0,0,125,-84.4364
0.175,0,0,125,-84.4366
0.2,0,0,125,-84.4368
0.225,0,0,125,-84.4371
0.25,0,0,125,-84.4373
0.275,0,0,125,-84.4375
0.3,0,0,125,-84.4378
0.325,0,0,125,-84.438
0.35,0,0,125,-84.4383
0.375,0,0,125,-84.4385
0.4,0,0,125,-84.4387
0.425,0,0,125,-84.4389
0.45,0,0,125,-84.4391
0.475,0,0,125,-84.4393
0.5,0,0,125,-84.4395
0.525,0,0,125,-84.4397
0.55,0,0,125,-84.4399
0.575,0,0,125,-84.44
0.6,0,0,125,-84.4402
0.625,0,0,125,-84.4404
0.65,0,0,125,-84.4405
0.675,0,0,125,-84.4407
0.7,0,0,125,-84.4409
0.725,0,0,125,-84.441
0.75,0,0,125,-84.4412
0.775,0,0,125,-84.4413
0.8,0,0,125,-84.4415
0.825,0,0,125,-84.4417
0.85,0,0,125,-84.4418
0.875,0,0,125,-84.442
0.9,0,0,125,-84.4421
0.925,0,0,125,-84.4423
0.95,0,0,125,-84.4425
0.975,0,0,125,-84.4426
1,0,0,125,-84.4428
1.025,0,0,125,-84.443
1.05,0,0,125,-84.4431
1.075,0,0,125,-84.4433
1.1,0,0,125,-84.4435
1.125,0,0,125,-84.4437
1.15,0,0,125,-84.4439
1.175,0,0,125,-84.4441
1.2,0,0,125,-84.4443
1.225,0,0,125,-84.4445
1.25,0,0,125,-84.4447
1.275,0,0,125,-84.4449
1.3,0,0,125,-84.4451
1.325,0,0,125,-84.4453
1.35,0,0,125,-84.4455
1.375,0,0,125,-84.4457
1.4,0,0,125,-84.446
1.425,0,0,125,-84.4462
1.45,0,0,125,-84.4464
1.475,0,0,125,-84.4467
1.5,0,0,125,-84.4469
1.525,0,0,125,-84.4472
1.55,0,0,125,-84.4474
1.575,0,0,125,-84.4477
1.6,0,0,125,-84.4479
1.625,0,0,125,-84.4482
1.65,0,0,125,-84.4485
1.675,0,0,125,-84.4487
1.7,0,0,125,-84.449
1.725,0,0,125,-84.4493
1.75,0,0,125,-84.4496
1.775,0,0,125,-84.4499
1.8,0,0,125,-84.4503
1.825,0,0,125,-84.4506
1.85,0,0,125,-84.4509
1.875,0,0,125,-84.4513
1.9,0,0,125,-84.4516
1.925,0,0,125,-84.452
1.95,0,0,125,-84.4524
1.975,0,0,125,-84.4528
2,0,0,125,-84.4532
2.025,0,0,125,-84.4536
2.05,0,0,125,-84.454
2.075,0,0,125,-84.4545
2.1,0,0,125,-84.4549
2.125,0,0,125,-84.4554
2.15,0,0,125,-84.4559
2.175,0,0,125,-84.4563
2.2,0,0,125,-84.4568
2.225,0,0,125,-84.4573
2.25,0,0,125,-84.4578
2.275,0,0,125,-84.4583
2.3,0,0,125,-84.4589
2.325,0,0,125,-84.4594
2.35,0,0,125,-84.4599
2.375,0,0,125,-84.4605
2.4,0,0,125,-84.461
2.425,0,0,125,-84.4616
2.45,0,0,125,-84.4622
2.475,0,0,125,-84.4628
2.5,0,0,125,-84.4634
2.525,0,0,125,-84.464
2.55,0,0,125,-84.4646
2.575,0,0,125,-84.4653
2.6,0,0,125,-84.4659
2.625,0,0,125,-84.4665
2.65,0,0,125,-84.4672
2.675,0,0,125,-84.4679
2.7,0,0,125,-84.4685
2.725,0,0,125,-84.4692
2.75,0,0,125,-84.4699
2.775,0,0,125,-84.4706
2.8,0,0,125,-84.4714
2.825,0,0,125,-84.4721
2.85,0,0,125,-84.4728
2.875,0,0,125,-84.4736
2.9,0,0,125,-84.4743
2.925,0,0,125,-84.4751
2.95,0,0,125,-84.4758
2.975,0,0,125,-84.4766
3,0,0,125,-84.4774
3.025,0,0,125,-84.4782
3.05,0,0,125,-84.479
3.075,0,0,125,-84.4798
3.1,0,0,125,-84.4806
3.125,0,0,125,-84.4814
3.15,0,0,125,-84.4822
3.175,0,0,125,-84.4829
3.2,0,0,125,-84.4837
3.225,0,0,125,-84.4845
3.25,0,0,125,-84.4853
3.275,0,0,125,-84.486
3.3,0,0,125,-84.4867
3.325,0,0,125,-84.4875
3.35,0,0,125,-84.4882
3.375,0,0,125,-84.4889
3.4,0,0,125,-84.4896
3.425,0,0,125,-84.4903
3.45,0,0,125,-84.491
3.475,0,0,125,-84.4917
3.5,0,0,125,-84.4923
3.525,0,0,125,-84.493
3.55,0,0,125,-84.4936
3.575,0,0,125,-84.4942
3.6,0,0,125,-84.4948
3.625,0,0,125,-84.4954
3.65,0,0,125,-84.4959
3.675,0,0,125,-84.4965
3.7,0,0,125,-84.497
3.725,0,0,125,-84.4976
3.75,0,0,125,-84.4981
3.775,0,0,125,-84.4985
3.8,0,0,125,-84.499
3.825,0,0,125,-84.4995
3.85,0,0,125,-84.4999
3.875,0,0,125,-84.5003
3.9,0,0,125,-84.5007
3.925,0,0,125,-84.5011
3.95,0,0,125,-84.5015
3.975,0,0,125,-84.5019
4,0,0,125,-84.5022
4.025,0,0,125,-84.5026
4.05,0,0,125,-84.5029
4.075,0,0,125,-84.5032
4.1,0,0,125,-84.5035
4.125,0,0,125,-84.5039
4.15,0,0,125,-84.5042
4.175,0,0,125,-84.5044
4.2,0,0,125,-84.5047
4.225,0,0,125,-84.505
4.25,0,0,125,-84.5053
4.275,0,0,125,-84.5055
4.3,0,0,125,-84.5057
4.325,0,0,125,-84.506
4.35,0,0,125,-84.5062
4.375,0,0,125,-84.5064
4.4,0,0,125,-84.5066
4.425,0,0,125,-84.5068
4.45,0,0,125,-84.507
4.475,0,0,125,-84.5072
4.5,0,0,125,-84.5073
4.525,0,0,125,-84.5075
4.55,0,0,125,-84.5076
4.575,0,0,125,-84.5078
4.6,0,0,125,-84.5079
4.625,0,0,125,-84.508
4.65,0,0,125,-84.5081
4.675,0,0,125,-84.5082
4.7,0,0,125,-84.5083
4.725,0,0,125,-84.5084
4.75,0,0,125,-84.5084
4.775,0,0,125,-84.5085
4.8,0,0,125,-84.5085
4.825,0,0,125,-84.5086
4.85,0,0,125,-84.5086
4.875,0,0,125,-84.5086
4.9,0,0,125,-84.5086
4.925,0,0,125,-84.5086
4.95,0,0,125,-84.5086
4.975,0,0,125,-84.5086
5,0,0,125,-84.5086
