0,0,0,125,-78.1371
0.025,0,0,125,-78.1305
0.05,0,0,125,-78.1173
0.075,0,0,125,-78.0972
0.1,0,0,125,-78.0702
0.125,0,0,125,-78.0357
0.15,0,0,125,-77.9934
0.175,0,0,125,-77.9426
0.2,0,0,125,-77.8825
0.225,0,0,125,-77.8121
0.25,0,0,125,-77.7304
0.275,0,0,125,-77.6364
0.3,0,0,125,-77.529
0.325,0,0,125,-77.4072
0.35,0,0,125,-77.2698
0.375,0,0,125,-77.1157
0.4,0,0,125,-76.9437
0.425,0,0,125,-76.7524
0.45,0,0,125,-76.5408
0.475,0,0,125,-76.3073
0.5,0,0,125,-76.0505
0.525,0,0,125,-75.7691
0.55,0,0,125,-75.4616
0.575,0,0,125,-75.1262
0.6,0,0,125,-74.7616
0.625,0,0,125,-74.366
0.65,0,0,125,-73.9378
0.675,0,0,125,-73.4752
0.7,0,0,125,-72.9767
0.725,0,0,125,-72.4405
0.75,0,0,125,-71.865
0.775,0,0,125,-71.2486
0.8,0,0,125,-70.5897
0.825,0,0,125,-69.887
0.85,0,0,125,-69.1392
0.875,0,0,125,-68.3451
0.9,0,0,125,-67.5038
0.925,0,0,125,-66.6147
0.95,0,0,125,-65.6772
0.975,0,0,125,-64.6913
1,0,0,125,-63.657
1.025,0,0,125,-62.5751
1.05,0,0,125,-61.4464
1.075,0,0,125,-60.2722
1.1,0,0,125,-59.0542
1.125,0,0,125,-57.7946
1.15,0,0,125,-56.4958
1.175,0,0,125,-55.1609
1.2,0,0,125,-53.793
1.225,0,0,125,-52.3958
1.25,0,0,125,-50.973
1.275,0,0,125,-49.5287
1.3,0,0,125,-48.0671
1.325,0,0,125,-46.5924
1.35,0,0,125,-45.1088
1.375,0,0,125,-43.6205
1.4,0,0,125,-42.1315
1.425,0,0,125,-40.6457
1.45,0,0,125,-39.1665
1.475,0,0,125,-37.6973
1.5,0,0,125,-36.241
1.525,0,0,125,-34.8003
1.55,0,0,125,-33.3776
1.575,0,0,125,-31.975
1.6,0,0,125,-30.5944
1.625,0,0,125,-29.2374
1.65,0,0,125,-27.9056
1.675,0,0,125,-26.6002
1.7,0,0,125,-25.3226
1.725,0,0,125,-24.0738
1.75,0,0,125,-22.8548
1.775,0,0,125,-21.6664
1.8,0,0,125,-20.5093
1.825,0,0,125,-19.3842
1.85,0,0,125,-18.2914
1.875,0,0,125,-17.2313
1.9,0,0,125,-16.2041
1.925,0,0,125,-15.2098
1.95,0,0,125,-14.2482
1.975,0,0,125,-13.3193
2,0,0,125,-12.4226
2.025,0,0,125,-11.5578
2.05,0,0,125,-10.7243
2.075,0,0,125,-9.92159
2.1,0,0,125,-9.14896
2.125,0,0,125,-8.40571
2.15,0,0,125,-7.69107
2.175,0,0,125,-7.00424
2.2,0,0,125,-6.34438
2.225,0,0,125,-5.71065
2.25,0,0,125,-5.10217
2.275,0,0,125,-4.51808
2.3,0,0,125,-3.9575
2.325,0,0,125,-3.41956
2.35,0,0,125,-2.90341
2.375,0,0,125,-2.40819
2.4,0,0,125,-1.93308
2.425,0,0,125,-1.47727
2.45,0,0,125,-1.03995
2.475,0,0,125,-0.620381
2.5,0,0,125,-0.2178
2.525,0,0,125,0.168506
2.55,0,0,125,0.53923
2.575,0,0,125,0.895038
2.6,0,0,125,1.23657
2.625,0,0,125,1.56444
2.65,0,0,125,1.87924
2.675,0,0,125,2.18153
2.7,0,0,125,2.47185
2.725,0,0,125,2.75072
2.75,0,0,125,3.01861
2.775,0,0,125,3.27601
2.8,0,0,125,3.52334
2.825,0,0,125,3.76105
2.85,0,0,125,3.98953
2.875,0,0,125,4.20916
2.9,0,0,125,4.42031
2.925,0,0,125,4.62333
2.95,0,0,125,4.81854
2.975,0,0,125,5.00626
3,0,0,125,5.18678
3.025,0,0,125,5.3604
3.05,0,0,125,5.52737
3.075,0,0,125,5.68796
3.1,0,0,125,5.84241
3.125,0,0,125,5.99095
3.15,0,0,125,6.1338
3.175,0,0,125,6.27117
3.2,0,0,125,6.40326
3.225,0,0,125,6.53026
3.25,0,0,125,6.65236
3.275,0,0,125,6.76972
3.3,0,0,125,6.88251
3.325,0,0,125,6.99089
3.35,0,0,125,7.09501
3.375,0,0,125,7.19501
3.4,0,0,125,7.29104
3.425,0,0,125,7.38322
3.45,0,0,125,7.47168
3.475,0,0,125,7.55654
3.5,0,0,125,7.63792
3.525,0,0,125,7.71593
3.55,0,0,125,7.79069
3.575,0,0,125,7.86228
3.6,0,0,125,7.93082
3.625,0,0,125,7.9964
3.65,0,0,125,8.05911
3.675,0,0,125,8.11904
3.7,0,0,125,8.17628
3.725,0,0,125,8.23092
3.75,0,0,125,8.28303
3.775,0,0,125,8.33269
3.8,0,0,125,8.37999
3.825,0,0,125,8.42499
3.85,0,0,125,8.46778
3.875,0,0,125,8.50841
3.9,0,0,125,8.54697
3.925,0,0,125,8.58351
3.95,0,0,125,8.61811
3.975,0,0,125,8.65083
4,0,0,125,8.68173
4.025,0,0,125,8.71089
4.05,0,0,125,8.73835
4.075,0,0,125,8.76417
4.1,0,0,125,8.78842
4.125,0,0,125,8.81116
4.15,0,0,125,8.83244
4.175,0,0,125,8.85231
4.2,0,0,125,8.87084
4.225,0,0,125,8.88806
4.25,0,0,125,8.90405
4.275,0,0,125,8.91884
4.3,0,0,125,8.93249
4.325,0,0,125,8.94504
4.35,0,0,125,8.95654
4.375,0,0,125,8.96704
4.4,0,0,125,8.97658
4.425,0,0,125,8.9852
4.45,0,0,125,8.99295
4.475,0,0,125,8.99986
4.5,0,0,125,9.00597
4.525,0,0,125,9.01132
4.55,0,0,125,9.01594
4.575,0,0,125,9.01986
4.6,0,0,125,9.02311
4.625,0,0,125,9.02573
4.65,0,0,125,9.02774
4.675,0,0,125,9.02917
4.7,0,0,125,9.03006
4.725,0,0,125,9.03042
4.75,0,0,125,9.03031
4.775,0,0,125,9.02975
4.8,0,0,125,9.0288
4.825,0,0,125,9.02751
4.85,0,0,125,9.02596
4.875,0,0,125,9.02424
4.9,0,0,125,9.0225
4.925,0,0,125,9.02088
4.95,0,0,125,9.01954
4.975,0,0,125,9.01859
5,0,0,125,9.0181
