0,0,0,125,-83.4012
0.025,0,0,125,-83.4016
0.05,0,0,125,-83.4025
0.075,0,0,125,-83.4038
0.1,0,0,125,-83.4053
0.125,0,0,125,-83.4071
0.15,0,0,125,-83.409
0.175,0,0,125,-83.411
0.2,0,0,125,-83.413
0.225,0,0,125,-83.4149
0.25,0,0,125,-83.4169
0.275,0,0,125,-83.4187
0.3,0,0,125,-83.4205
0.325,0,0,125,-83.4221
0.35,0,0,125,-83.4237
0.375,0,0,125,-83.4251
0.4,0,0,125,-83.4263
0.425,0,0,125,-83.4274
0.45,0,0,125,-83.4283
0.475,0,0,125,-83.4291
0.5,0,0,125,-83.4296
0.525,0,0,125,-83.43
0.55,0,0,125,-83.4302
0.575,0,0,125,-83.4301
0.6,0,0,125,-83.4298
0.625,0,0,125,-83.4294
0.65,0,0,125,-83.4286
0.675,0,0,125,-83.4277
0.7,0,0,125,-83.4265
0.725,0,0,125,-83.425
0.75,0,0,125,-83.4233
0.775,0,0,125,-83.4213
0.8,0,0,125,-83.419
0.825,0,0,125,-83.4165
0.85,0,0,125,-83.4136
0.875,0,0,125,-83.4105
0.9,0,0,125,-83.407
0.925,0,0,125,-83.4032
0.95,0,0,125,-83.3991
0.975,0,0,125,-83.3946
1,0,0,125,-83.3898
1.025,0,0,125,-83.3847
1.05,0,0,125,-83.3792
1.075,0,0,125,-83.3733
1.1,0,0,125,-83.3671
1.125,0,0,125,-83.3604
1.15,0,0,125,-83.3534
1.175,0,0,125,-83.3459
1.2,0,0,125,-83.338
1.225,0,0,125,-83.3297
1.25,0,0,125,-83.3209
1.275,0,0,125,-83.3117
1.3,0,0,125,-83.302
1.325,0,0,125,-83.2917
1.35,0,0,125,-83.281
1.375,0,0,125,-83.2698
1.4,0,0,125,-83.258
1.425,0,0,125,-83.2456
1.45,0,0,125,-83.2327
1.475,0,0,125,-83.2192
1.5,0,0,125,-83.205
1.525,0,0,125,-83.1902
1.55,0,0,125,-83.1747
1.575,0,0,125,-83.1586
1.6,0,0,125,-83.1417
1.625,0,0,125,-83.124
1.65,0,0,125,-83.1056
1.675,0,0,125,-83.0863
1.7,0,0,125,-83.0662
1.725,0,0,125,-83.0452
1.75,0,0,125,-83.0232
1.775,0,0,125,-83.0002
1.8,0,0,125,-82.9761
1.825,0,0,125,-82.9509
1.85,0,0,125,-82.9244
1.875,0,0,125,-82.8967
1.9,0,0,125,-82.8676
1.925,0,0,125,-82.837
1.95,0,0,125,-82.8048
1.975,0,0,125,-82.7709
2,0,0,125,-82.7351
2.025,0,0,125,-82.6974
2.05,0,0,125,-82.6575
2.075,0,0,125,-82.6153
2.1,0,0,125,-82.5705
2.125,0,0,125,-82.523
2.15,0,0,125,-82.4726
2.175,0,0,125,-82.4189
2.2,0,0,125,-82.3617
2.225,0,0,125,-82.3008
2.25,0,0,125,-82.2357
2.275,0,0,125,-82.1662
2.3,0,0,125,-82.0919
2.325,0,0,125,-82.0123
2.35,0,0,125,-81.9271
2.375,0,0,125,-81.8359
2.4,0,0,125,-81.738
2.425,0,0,125,-81.633
2.45,0,0,125,-81.5204
2.475,0,0,125,-81.3996
2.5,0,0,125,-81.27
2.525,0,0,125,-81.131
2.55,0,0,125,-80.9819
2.575,0,0,125,-80.8221
2.6,0,0,125,-80.6508
2.625,0,0,125,-80.4673
2.65,0,0,125,-80.271
2.675,0,0,125,-80.0611
2.7,0,0,125,-79.8368
2.725,0,0,125,-79.5974
2.75,0,0,125,-79.3422
2.775,0,0,125,-79.0704
2.8,0,0,125,-78.7814
2.825,0,0,125,-78.4744
2.85,0,0,125,-78.1488
2.875,0,0,125,-77.8041
2.9,0,0,125,-77.4397
2.925,0,0,125,-77.055
2.95,0,0,125,-76.6498
2.975,0,0,125,-76.2236
3,0,0,125,-75.7762
3.025,0,0,125,-75.3075
3.05,0,0,125,-74.8174
3.075,0,0,125,-74.3061
3.1,0,0,125,-73.7736
3.125,0,0,125,-73.2204
3.15,0,0,125,-72.6467
3.175,0,0,125,-72.0533
3.2,0,0,125,-71.4408
3.225,0,0,125,-70.81
3.25,0,0,125,-70.1619
3.275,0,0,125,-69.4975
3.3,0,0,125,-68.8179
3.325,0,0,125,-68.1245
3.35,0,0,125,-67.4186
3.375,0,0,125,-66.7016
3.4,0,0,125,-65.9751
3.425,0,0,125,-65.2405
3.45,0,0,125,-64.4997
3.475,0,0,125,-63.7541
3.5,0,0,125,-63.0053
3.525,0,0,125,-62.2552
3.55,0,0,125,-61.5052
3.575,0,0,125,-60.7571
3.6,0,0,125,-60.0123
3.625,0,0,125,-59.2723
3.65,0,0,125,-58.5388
3.675,0,0,125,-57.8129
3.7,0,0,125,-57.096
3.725,0,0,125,-56.3893
3.75,0,0,125,-55.694
3.775,0,0,125,-55.0111
3.8,0,0,125,-54.3415
3.825,0,0,125,-53.686
3.85,0,0,125,-53.0455
3.875,0,0,125,-52.4204
3.9,0,0,125,-51.8114
3.925,0,0,125,-51.219
3.95,0,0,125,-50.6435
3.975,0,0,125,-50.0851
4,0,0,125,-49.5442
4.025,0,0,125,-49.0208
4.05,0,0,125,-48.5149
4.075,0,0,125,-48.0267
4.1,0,0,125,-47.556
4.125,0,0,125,-47.1028
4.15,0,0,125,-46.6669
4.175,0,0,125,-46.248
4.2,0,0,125,-45.8461
4.225,0,0,125,-45.4608
4.25,0,0,125,-45.0918
4.275,0,0,125,-44.7389
4.3,0,0,125,-44.4017
4.325,0,0,125,-44.08
4.35,0,0,125,-43.7734
4.375,0,0,125,-43.4815
4.4,0,0,125,-43.204
4.425,0,0,125,-42.9407
4.45,0,0,125,-42.6911
4.475,0,0,125,-42.4549
4.5,0,0,125,-42.2318
4.525,0,0,125,-42.0215
4.55,0,0,125,-41.8237
4.575,0,0,125,-41.6381
4.6,0,0,125,-41.4644
4.625,0,0,125,-41.3024
4.65,0,0,125,-41.1518
4.675,0,0,125,-41.0124
4.7,0,0,125,-40.8839
4.725,0,0,125,-40.7663
4.75,0,0,125,-40.6592
4.775,0,0,125,-40.5625
4.8,0,0,125,-40.4761
4.825,0,0,125,-40.3998
4.85,0,0,125,-40.3335
4.875,0,0,125,-40.2769
4.9,0,0,125,-40.2301
4.925,0,0,125,-40.1929
4.95,0,0,125,-40.165
4.975,0,0,125,-40.1465
5,0,0,125,-40.1373
