0,0,0,125,-83.7668
0.025,0,0,125,-83.767
0.05,0,0,125,-83.7675
0.075,0,0,125,-83.7681
0.1,0,0,125,-83.7689
0.125,0,0,125,-83.7699
0.15,0,0,125,-83.7709
0.175,0,0,125,-83.772
0.2,0,0,125,-83.7732
0.225,0,0,125,-83.7743
0.25,0,0,125,-83.7755
0.275,0,0,125,-83.7766
0.3,0,0,125,-83.7778
0.325,0,0,125,-83.779
0.35,0,0,125,-83.7801
0.375,0,0,125,-83.7812
0.4,0,0,125,-83.7824
0.425,0,0,125,-83.7835
0.45,0,0,125,-83.7845
0.475,0,0,125,-83.7856
0.5,0,0,125,-83.7867
0.525,0,0,125,-83.7877
0.55,0,0,125,-83.7887
0.575,0,0,125,-83.7897
0.6,0,0,125,-83.7907
0.625,0,0,125,-83.7917
0.65,0,0,125,-83.7927
0.675,0,0,125,-83.7936
0.7,0,0,125,-83.7946
0.725,0,0,125,-83.7956
0.75,0,0,125,-83.7965
0.775,0,0,125,-83.7975
0.8,0,0,125,-83.7985
0.825,0,0,125,-83.7995
0.85,0,0,125,-83.8005
0.875,0,0,125,-83.8016
0.9,0,0,125,-83.8026
0.925,0,0,125,-83.8036
0.95,0,0,125,-83.8047
0.975,0,0,125,-83.8057
1,0,0,125,-83.8068
1.025,0,0,125,-83.8078
1.05,0,0,125,-83.8089
1.075,0,0,125,-83.81
1.1,0,0,125,-83.8111
1.125,0,0,125,-83.8122
1.15,0,0,125,-83.8133
1.175,0,0,125,-83.8145
1.2,0,0,125,-83.8156
1.225,0,0,125,-83.8168
1.25,0,0,125,-83.818
1.275,0,0,125,-83.8192
1.3,0,0,125,-83.8205
1.325,0,0,125,-83.8217
1.35,0,0,125,-83.823
1.375,0,0,125,-83.8243
1.4,0,0,125,-83.8256
1.425,0,0,125,-83.8269
1.45,0,0,125,-83.8283
1.475,0,0,125,-83.8296
1.5,0,0,125,-83.831
1.525,0,0,125,-83.8324
1.55,0,0,125,-83.8338
1.575,0,0,125,-83.8353
1.6,0,0,125,-83.8368
1.625,0,0,125,-83.8384
1.65,0,0,125,-83.84
1.675,0,0,125,-83.8416
1.7,0,0,125,-83.8433
1.725,0,0,125,-83.845
1.75,0,0,125,-83.8468
1.775,0,0,125,-83.8485
1.8,0,0,125,-83.8504
1.825,0,0,125,-83.8522
1.85,0,0,125,-83.8541
1.875,0,0,125,-83.856
1.9,0,0,125,-83.858
1.925,0,0,125,-83.86
1.95,0,0,125,-83.8621
1.975,0,0,125,-83.8642
2,0,0,125,-83.8664
2.025,0,0,125,-83.8686
2.05,0,0,125,-83.8709
2.075,0,0,125,-83.8733
2.1,0,0,125,-83.8757
2.125,0,0,125,-83.8782
2.15,0,0,125,-83.8808
2.175,0,0,125,-83.8834
2.2,0,0,125,-83.8861
2.225,0,0,125,-83.8888
2.25,0,0,125,-83.8916
2.275,0,0,125,-83.8945
2.3,0,0,125,-83.8974
2.325,0,0,125,-83.9004
2.35,0,0,125,-83.9034
2.375,0,0,125,-83.9065
2.4,0,0,125,-83.9097
2.425,0,0,125,-83.9129
2.45,0,0,125,-83.9162
2.475,0,0,125,-83.9196
2.5,0,0,125,-83.923
2.525,0,0,125,-83.9265
2.55,0,0,125,-83.9301
2.575,0,0,125,-83.9337
2.6,0,0,125,-83.9374
2.625,0,0,125,-83.9412
2.65,0,0,125,-83.945
2.675,0,0,125,-83.9488
2.7,0,0,125,-83.9527
2.725,0,0,125,-83.9566
2.75,0,0,125,-83.9605
2.775,0,0,125,-83.9645
2.8,0,0,125,-83.9685
2.825,0,0,125,-83.9725
2.85,0,0,125,-83.9766
2.875,0,0,125,-83.9808
2.9,0,0,125,-83.9849
2.925,0,0,125,-83.9891
2.95,0,0,125,-83.9933
2.975,0,0,125,-83.9976
3,0,0,125,-84.0018
3.025,0,0,125,-84.0061
3.05,0,0,125,-84.0103
3.075,0,0,125,-84.0146
3.1,0,0,125,-84.0188
3.125,0,0,125,-84.0231
3.15,0,0,125,-84.0273
3.175,0,0,125,-84.0315
3.2,0,0,125,-84.0357
3.225,0,0,125,-84.0398
3.25,0,0,125,-84.0439
3.275,0,0,125,-84.048
3.3,0,0,125,-84.052
3.325,0,0,125,-84.056
3.35,0,0,125,-84.06
3.375,0,0,125,-84.0639
3.4,0,0,125,-84.0678
3.425,0,0,125,-84.0716
3.45,0,0,125,-84.0753
3.475,0,0,125,-84.079
3.5,0,0,125,-84.0827
3.525,0,0,125,-84.0862
3.55,0,0,125,-84.0897
3.575,0,0,125,-84.0931
3.6,0,0,125,-84.0965
3.625,0,0,125,-84.0998
3.65,0,0,125,-84.1031
3.675,0,0,125,-84.1062
3.7,0,0,125,-84.1093
3.725,0,0,125,-84.1124
3.75,0,0,125,-84.1153
3.775,0,0,125,-84.1182
3.8,0,0,125,-84.121
3.825,0,0,125,-84.1237
3.85,0,0,125,-84.1263
3.875,0,0,125,-84.1289
3.9,0,0,125,-84.1313
3.925,0,0,125,-84.1337
3.95,0,0,125,-84.136
3.975,0,0,125,-84.1382
4,0,0,125,-84.1403
4.025,0,0,125,-84.1423
4.05,0,0,125,-84.1443
4.075,0,0,125,-84.1461
4.1,0,0,125,-84.1479
4.125,0,0,125,-84.1496
4.15,0,0,125,-84.1512
4.175,0,0,125,-84.1527
4.2,0,0,125,-84.1542
4.225,0,0,125,-84.1556
4.25,0,0,125,-84.1569
4.275,0,0,125,-84.1581
4.3,0,0,125,-84.1593
4.325,0,0,125,-84.1604
4.35,0,0,125,-84.1615
4.375,0,0,125,-84.1625
4.4,0,0,125,-84.1634
4.425,0,0,125,-84.1642
4.45,0,0,125,-84.165
4.475,0,0,125,-84.1658
4.5,0,0,125,-84.1664
4.525,0,0,125,-84.167
4.55,0,0,125,-84.1676
4.575,0,0,125,-84.1681
4.6,0,0,125,-84.1686
4.625,0,0,125,-84.1691
4.65,0,0,125,-84.1695
4.675,0,0,125,-84.1698
4.7,0,0,125,-84.1702
4.725,0,0,125,-84.1705
4.75,0,0,125,-84.1707
4.775,0,0,125,-84.1709
4.8,0,0,125,-84.1711
4.825,0,0,125,-84.1713
4.85,0,0,125,-84.1714
4.875,0,0,125,-84.1715
4.9,0,0,125,-84.1715
4.925,0,0,125,-84.1716
4.95,0,0,125,-84.1716
4.975,0,0,125,-84.1717
5,0,0,125,-84.1717
