0,0,0,125,6.15374
0.025,0,0,125,6.15722
0.05,0,0,125,6.16405
0.075,0,0,125,6.17398
0.1,0,0,125,6.18664
0.125,0,0,125,6.20158
0.15,0,0,125,6.21839
0.175,0,0,125,6.23671
0.2,0,0,125,6.25634
0.225,0,0,125,6.27713
0.25,0,0,125,6.29898
0.275,0,0,125,6.32181
0.3,0,0,125,6.34551
0.325,0,0,125,6.37003
0.35,0,0,125,6.39529
0.375,0,0,125,6.42123
0.4,0,0,125,6.44779
0.425,0,0,125,6.47492
0.45,0,0,125,6.50258
0.475,0,0,125,6.53071
0.5,0,0,125,6.55929
0.525,0,0,125,6.58827
0.55,0,0,125,6.61762
0.575,0,0,125,6.64731
0.6,0,0,125,6.67733
0.625,0,0,125,6.70762
0.65,0,0,125,6.73819
0.675,0,0,125,6.76899
0.7,0,0,125,6.80001
0.725,0,0,125,6.83124
0.75,0,0,125,6.86266
0.775,0,0,125,6.89425
0.8,0,0,125,6.926
0.825,0,0,125,6.95789
0.85,0,0,125,6.98992
0.875,0,0,125,7.02206
0.9,0,0,125,7.05432
0.925,0,0,125,7.08667
0.95,0,0,125,7.11911
0.975,0,0,125,7.15163
1,0,0,125,7.18422
1.025,0,0,125,7.21688
1.05,0,0,125,7.24959
1.075,0,0,125,7.28236
1.1,0,0,125,7.31517
1.125,0,0,125,7.34802
1.15,0,0,125,7.3809
1.175,0,0,125,7.41382
1.2,0,0,125,7.44676
1.225,0,0,125,7.47972
1.25,0,0,125,7.51271
1.275,0,0,125,7.5457
1.3,0,0,125,7.57871
1.325,0,0,125,7.61173
1.35,0,0,125,7.64475
1.375,0,0,125,7.67777
1.4,0,0,125,7.7108
1.425,0,0,125,7.74382
1.45,0,0,125,7.77684
1.475,0,0,125,7.80986
1.5,0,0,125,7.84287
1.525,0,0,125,7.87587
1.55,0,0,125,7.90885
1.575,0,0,125,7.94183
1.6,0,0,125,7.97479
1.625,0,0,125,8.00774
1.65,0,0,125,8.04067
1.675,0,0,125,8.07359
1.7,0,0,125,8.10649
1.725,0,0,125,8.13937
1.75,0,0,125,8.17222
1.775,0,0,125,8.20506
1.8,0,0,125,8.23788
1.825,0,0,125,8.27067
1.85,0,0,125,8.30344
1.875,0,0,125,8.33619
1.9,0,0,125,8.36892
1.925,0,0,125,8.40162
1.95,0,0,125,8.4343
1.975,0,0,125,8.46695
2,0,0,125,8.49957
2.025,0,0,125,8.53217
2.05,0,0,125,8.56475
2.075,0,0,125,8.59729
2.1,0,0,125,8.62981
2.125,0,0,125,8.6623
2.15,0,0,125,8.69477
2.175,0,0,125,8.72721
2.2,0,0,125,8.75962
2.225,0,0,125,8.792
2.25,0,0,125,8.82435
2.275,0,0,125,8.85668
2.3,0,0,125,8.88897
2.325,0,0,125,8.92124
2.35,0,0,125,8.95347
2.375,0,0,125,8.98568
2.4,0,0,125,9.01786
2.425,0,0,125,9.05001
2.45,0,0,125,9.08212
2.475,0,0,125,9.11421
2.5,0,0,125,9.14627
2.525,0,0,125,9.17831
2.55,0,0,125,9.21031
2.575,0,0,125,9.24228
2.6,0,0,125,9.27422
2.625,0,0,125,9.30613
2.65,0,0,125,9.33801
2.675,0,0,125,9.36987
2.7,0,0,125,9.40169
2.725,0,0,125,9.43348
2.75,0,0,125,9.46524
2.775,0,0,125,9.49697
2.8,0,0,125,9.52868
2.825,0,0,125,9.56035
2.85,0,0,125,9.59199
2.875,0,0,125,9.6236
2.9,0,0,125,9.65519
2.925,0,0,125,9.68674
2.95,0,0,125,9.71826
2.975,0,0,125,9.74974
3,0,0,125,9.7812
3.025,0,0,125,9.81262
3.05,0,0,125,9.84401
3.075,0,0,125,9.87537
3.1,0,0,125,9.9067
3.125,0,0,125,9.93799
3.15,0,0,125,9.96925
3.175,0,0,125,10.0005
3.2,0,0,125,10.0317
3.225,0,0,125,10.0628
3.25,0,0,125,10.094
3.275,0,0,125,10.1251
3.3,0,0,125,10.1561
3.325,0,0,125,10.1871
3.35,0,0,125,10.2181
3.375,0,0,125,10.2491
3.4,0,0,125,10.28
3.425,0,0,125,10.3109
3.45,0,0,125,10.3417
3.475,0,0,125,10.3725
3.5,0,0,125,10.4033
3.525,0,0,125,10.434
3.55,0,0,125,10.4647
3.575,0,0,125,10.4954
3.6,0,0,125,10.526
3.625,0,0,125,10.5565
3.65,0,0,125,10.587
3.675,0,0,125,10.6175
3.7,0,0,125,10.6478
3.725,0,0,125,10.6782
3.75,0,0,125,10.7085
3.775,0,0,125,10.7387
3.8,0,0,125,10.7689
3.825,0,0,125,10.799
3.85,0,0,125,10.829
3.875,0,0,125,10.8589
3.9,0,0,125,10.8888
3.925,0,0,125,10.9186
3.95,0,0,125,10.9483
3.975,0,0,125,10.9779
4,0,0,125,11.0074
4.025,0,0,125,11.0368
4.05,0,0,125,11.0661
4.075,0,0,125,11.0952
4.1,0,0,125,11.1242
4.125,0,0,125,11.1531
4.15,0,0,125,11.1818
4.175,0,0,125,11.2104
4.2,0,0,125,11.2387
4.225,0,0,125,11.2669
4.25,0,0,125,11.2949
4.275,0,0,125,11.3226
4.3,0,0,125,11.3501
4.325,0,0,125,11.3773
4.35,0,0,125,11.4042
4.375,0,0,125,11.4308
4.4,0,0,125,11.4571
4.425,0,0,125,11.483
4.45,0,0,125,11.5085
4.475,0,0,125,11.5335
4.5,0,0,125,11.5581
4.525,0,0,125,11.5822
4.55,0,0,125,11.6057
4.575,0,0,125,11.6286
4.6,0,0,125,11.6508
4.625,0,0,125,11.6724
4.65,0,0,125,11.6931
4.675,0,0,125,11.7131
4.7,0,0,125,11.7321
4.725,0,0,125,11.7502
4.75,0,0,125,11.7673
4.775,0,0,125,11.7833
4.8,0,0,125,11.798
4.825,0,0,125,11.8115
4.85,0,0,125,11.8236
4.875,0,0,125,11.8343
4.9,0,0,125,11.8434
4.925,0,0,125,11.8509
4.95,0,0,125,11.8565
4.975,0,0,125,11.8604
5,0,0,125,11.8623
