0,0,0,125,-83.2769
0.025,0,0,125,-83.2773
0.05,0,0,125,-83.278
0.075,0,0,125,-83.279
0.1,0,0,125,-83.2803
0.125,0,0,125,-83.2817
0.15,0,0,125,-83.2833
0.175,0,0,125,-83.285
0.2,0,0,125,-83.2867
0.225,0,0,125,-83.2885
0.25,0,0,125,-83.2902
0.275,0,0,125,-83.292
0.3,0,0,125,-83.2937
0.325,0,0,125,-83.2955
0.35,0,0,125,-83.2972
0.375,0,0,125,-83.2989
0.4,0,0,125,-83.3006
0.425,0,0,125,-83.3023
0.45,0,0,125,-83.304
0.475,0,0,125,-83.3056
0.5,0,0,125,-83.3072
0.525,0,0,125,-83.3088
0.55,0,0,125,-83.3104
0.575,0,0,125,-83.3119
0.6,0,0,125,-83.3135
0.625,0,0,125,-83.315
0.65,0,0,125,-83.3165
0.675,0,0,125,-83.318
0.7,0,0,125,-83.3195
0.725,0,0,125,-83.321
0.75,0,0,125,-83.3224
0.775,0,0,125,-83.3239
0.8,0,0,125,-83.3253
0.825,0,0,125,-83.3268
0.85,0,0,125,-83.3282
0.875,0,0,125,-83.3297
0.9,0,0,125,-83.3311
0.925,0,0,125,-83.3326
0.95,0,0,125,-83.3341
0.975,0,0,125,-83.3356
1,0,0,125,-83.3372
1.025,0,0,125,-83.3387
1.05,0,0,125,-83.3403
1.075,0,0,125,-83.3418
1.1,0,0,125,-83.3434
1.125,0,0,125,-83.345
1.15,0,0,125,-83.3466
1.175,0,0,125,-83.3482
1.2,0,0,125,-83.3499
1.225,0,0,125,-83.3516
1.25,0,0,125,-83.3533
1.275,0,0,125,-83.355
1.3,0,0,125,-83.3568
1.325,0,0,125,-83.3587
1.35,0,0,125,-83.3605
1.375,0,0,125,-83.3625
1.4,0,0,125,-83.3644
1.425,0,0,125,-83.3664
1.45,0,0,125,-83.3684
1.475,0,0,125,-83.3704
1.5,0,0,125,-83.3725
1.525,0,0,125,-83.3746
1.55,0,0,125,-83.3768
1.575,0,0,125,-83.379
1.6,0,0,125,-83.3812
1.625,0,0,125,-83.3835
1.65,0,0,125,-83.3858
1.675,0,0,125,-83.3882
1.7,0,0,125,-83.3907
1.725,0,0,125,-83.3933
1.75,0,0,125,-83.3958
1.775,0,0,125,-83.3985
1.8,0,0,125,-83.4012
1.825,0,0,125,-83.404
1.85,0,0,125,-83.4068
1.875,0,0,125,-83.4097
1.9,0,0,125,-83.4128
1.925,0,0,125,-83.4158
1.95,0,0,125,-83.419
1.975,0,0,125,-83.4223
2,0,0,125,-83.4256
2.025,0,0,125,-83.429
2.05,0,0,125,-83.4325
2.075,0,0,125,-83.4361
2.1,0,0,125,-83.4397
2.125,0,0,125,-83.4435
2.15,0,0,125,-83.4473
2.175,0,0,125,-83.4513
2.2,0,0,125,-83.4553
2.225,0,0,125,-83.4594
2.25,0,0,125,-83.4636
2.275,0,0,125,-83.4679
2.3,0,0,125,-83.4723
2.325,0,0,125,-83.4768
2.35,0,0,125,-83.4814
2.375,0,0,125,-83.486
2.4,0,0,125,-83.4908
2.425,0,0,125,-83.4958
2.45,0,0,125,-83.5008
2.475,0,0,125,-83.5059
2.5,0,0,125,-83.5111
2.525,0,0,125,-83.5165
2.55,0,0,125,-83.522
2.575,0,0,125,-83.5275
2.6,0,0,125,-83.5331
2.625,0,0,125,-83.5389
2.65,0,0,125,-83.5447
2.675,0,0,125,-83.5505
2.7,0,0,125,-83.5565
2.725,0,0,125,-83.5625
2.75,0,0,125,-83.5686
2.775,0,0,125,-83.5747
2.8,0,0,125,-83.581
2.825,0,0,125,-83.5872
2.85,0,0,125,-83.5936
2.875,0,0,125,-83.6
2.9,0,0,125,-83.6064
2.925,0,0,125,-83.6128
2.95,0,0,125,-83.6193
2.975,0,0,125,-83.6258
3,0,0,125,-83.6324
3.025,0,0,125,-83.639
3.05,0,0,125,-83.6456
3.075,0,0,125,-83.6522
3.1,0,0,125,-83.6588
3.125,0,0,125,-83.6654
3.15,0,0,125,-83.672
3.175,0,0,125,-83.6786
3.2,0,0,125,-83.6851
3.225,0,0,125,-83.6916
3.25,0,0,125,-83.6981
3.275,0,0,125,-83.7045
3.3,0,0,125,-83.7108
3.325,0,0,125,-83.7171
3.35,0,0,125,-83.7234
3.375,0,0,125,-83.7295
3.4,0,0,125,-83.7356
3.425,0,0,125,-83.7416
3.45,0,0,125,-83.7476
3.475,0,0,125,-83.7534
3.5,0,0,125,-83.7592
3.525,0,0,125,-83.7648
3.55,0,0,125,-83.7704
3.575,0,0,125,-83.7758
3.6,0,0,125,-83.7812
3.625,0,0,125,-83.7865
3.65,0,0,125,-83.7916
3.675,0,0,125,-83.7966
3.7,0,0,125,-83.8016
3.725,0,0,125,-83.8064
3.75,0,0,125,-83.811
3.775,0,0,125,-83.8155
3.8,0,0,125,-83.8199
3.825,0,0,125,-83.8242
3.85,0,0,125,-83.8283
3.875,0,0,125,-83.8322
3.9,0,0,125,-83.8361
3.925,0,0,125,-83.8398
3.95,0,0,125,-83.8433
3.975,0,0,125,-83.8468
4,0,0,125,-83.85
4.025,0,0,125,-83.8532
4.05,0,0,125,-83.8562
4.075,0,0,125,-83.8591
4.1,0,0,125,-83.8619
4.125,0,0,125,-83.8645
4.15,0,0,125,-83.8671
4.175,0,0,125,-83.8695
4.2,0,0,125,-83.8718
4.225,0,0,125,-83.874
4.25,0,0,125,-83.8761
4.275,0,0,125,-83.8781
4.3,0,0,125,-83.8799
4.325,0,0,125,-83.8817
4.35,0,0,125,-83.8833
4.375,0,0,125,-83.8849
4.4,0,0,125,-83.8863
4.425,0,0,125,-83.8877
4.45,0,0,125,-83.889
4.475,0,0,125,-83.8901
4.5,0,0,125,-83.8912
4.525,0,0,125,-83.8922
4.55,0,0,125,-83.8931
4.575,0,0,125,-83.894
4.6,0,0,125,-83.8947
4.625,0,0,125,-83.8954
4.65,0,0,125,-83.8961
4.675,0,0,125,-83.8966
4.7,0,0,125,-83.8971
4.725,0,0,125,-83.8976
4.75,0,0,125,-83.8979
4.775,0,0,125,-83.8983
4.8,0,0,125,-83.8985
4.825,0,0,125,-83.8987
4.85,0,0,125,-83.8989
4.875,0,0,125,-83.899
4.9,0,0,125,-83.8991
4.925,0,0,125,-83.8992
4.95,0,0,125,-83.8992
4.975,0,0,125,-83.8992
5,0,0,125,-83.8992
