0,0,0,125,-12.8939
0.025,0,0,125,-12.8999
0.05,0,0,125,-12.9119
0.075,0,0,125,-12.93
0.1,0,0,125,-12.9541
0.125,0,0,125,-12.9844
0.15,0,0,125,-13.0208
0.175,0,0,125,-13.0634
0.2,0,0,125,-13.1123
0.225,0,0,125,-13.1673
0.25,0,0,125,-13.2284
0.275,0,0,125,-13.2956
0.3,0,0,125,-13.3687
0.325,0,0,125,-13.4478
0.35,0,0,125,-13.5328
0.375,0,0,125,-13.6236
0.4,0,0,125,-13.7202
0.425,0,0,125,-13.8226
0.45,0,0,125,-13.9308
0.475,0,0,125,-14.0446
0.5,0,0,125,-14.1642
0.525,0,0,125,-14.2896
0.55,0,0,125,-14.4206
0.575,0,0,125,-14.5575
0.6,0,0,125,-14.7001
0.625,0,0,125,-14.8486
0.65,0,0,125,-15.0029
0.675,0,0,125,-15.1632
0.7,0,0,125,-15.3296
0.725,0,0,125,-15.502
0.75,0,0,125,-15.6807
0.775,0,0,125,-15.8657
0.8,0,0,125,-16.0571
0.825,0,0,125,-16.255
0.85,0,0,125,-16.4597
0.875,0,0,125,-16.6712
0.9,0,0,125,-16.8897
0.925,0,0,125,-17.1155
0.95,0,0,125,-17.3485
0.975,0,0,125,-17.5892
1,0,0,125,-17.8376
1.025,0,0,125,-18.0941
1.05,0,0,125,-18.3587
1.075,0,0,125,-18.6319
1.1,0,0,125,-18.9137
1.125,0,0,125,-19.2046
1.15,0,0,125,-19.5048
1.175,0,0,125,-19.8145
1.2,0,0,125,-20.1342
1.225,0,0,125,-20.464
1.25,0,0,125,-20.8044
1.275,0,0,125,-21.1556
1.3,0,0,125,-21.5181
1.325,0,0,125,-21.8922
1.35,0,0,125,-22.2783
1.375,0,0,125,-22.6768
1.4,0,0,125,-23.0881
1.425,0,0,125,-23.5126
1.45,0,0,125,-23.9508
1.475,0,0,125,-24.4031
1.5,0,0,125,-24.87
1.525,0,0,125,-25.352
1.55,0,0,125,-25.8496
1.575,0,0,125,-26.3632
1.6,0,0,125,-26.8934
1.625,0,0,125,-27.4408
1.65,0,0,125,-28.0059
1.675,0,0,125,-28.5893
1.7,0,0,125,-29.1916
1.725,0,0,125,-29.8133
1.75,0,0,125,-30.455
1.775,0,0,125,-31.1174
1.8,0,0,125,-31.801
1.825,0,0,125,-32.5065
1.85,0,0,125,-33.2344
1.875,0,0,125,-33.9852
1.9,0,0,125,-34.7595
1.925,0,0,125,-35.5577
1.95,0,0,125,-36.3802
1.975,0,0,125,-37.2272
2,0,0,125,-38.0991
2.025,0,0,125,-38.9959
2.05,0,0,125,-39.9176
2.075,0,0,125,-40.8638
2.1,0,0,125,-41.8343
2.125,0,0,125,-42.8284
2.15,0,0,125,-43.8453
2.175,0,0,125,-44.8841
2.2,0,0,125,-45.9433
2.225,0,0,125,-47.0215
2.25,0,0,125,-48.117
2.275,0,0,125,-49.2276
2.3,0,0,125,-50.3512
2.325,0,0,125,-51.4852
2.35,0,0,125,-52.6269
2.375,0,0,125,-53.7736
2.4,0,0,125,-54.9221
2.425,0,0,125,-56.0693
2.45,0,0,125,-57.2121
2.475,0,0,125,-58.3471
2.5,0,0,125,-59.4711
2.525,0,0,125,-60.581
2.55,0,0,125,-61.6736
2.575,0,0,125,-62.746
2.6,0,0,125,-63.7953
2.625,0,0,125,-64.8191
2.65,0,0,125,-65.815
2.675,0,0,125,-66.7809
2.7,0,0,125,-67.715
2.725,0,0,125,-68.6158
2.75,0,0,125,-69.4821
2.775,0,0,125,-70.313
2.8,0,0,125,-71.1079
2.825,0,0,125,-71.8663
2.85,0,0,125,-72.5883
2.875,0,0,125,-73.274
2.9,0,0,125,-73.9237
2.925,0,0,125,-74.5381
2.95,0,0,125,-75.1179
2.975,0,0,125,-75.664
3,0,0,125,-76.1774
3.025,0,0,125,-76.6593
3.05,0,0,125,-77.1109
3.075,0,0,125,-77.5334
3.1,0,0,125,-77.9282
3.125,0,0,125,-78.2966
3.15,0,0,125,-78.64
3.175,0,0,125,-78.9597
3.2,0,0,125,-79.257
3.225,0,0,125,-79.5333
3.25,0,0,125,-79.7897
3.275,0,0,125,-80.0276
3.3,0,0,125,-80.2481
3.325,0,0,125,-80.4523
3.35,0,0,125,-80.6413
3.375,0,0,125,-80.8162
3.4,0,0,125,-80.9778
3.425,0,0,125,-81.1273
3.45,0,0,125,-81.2653
3.475,0,0,125,-81.3928
3.5,0,0,125,-81.5105
3.525,0,0,125,-81.619
3.55,0,0,125,-81.7192
3.575,0,0,125,-81.8116
3.6,0,0,125,-81.8968
3.625,0,0,125,-81.9754
3.65,0,0,125,-82.0477
3.675,0,0,125,-82.1144
3.7,0,0,125,-82.1759
3.725,0,0,125,-82.2324
3.75,0,0,125,-82.2845
3.775,0,0,125,-82.3324
3.8,0,0,125,-82.3765
3.825,0,0,125,-82.4171
3.85,0,0,125,-82.4543
3.875,0,0,125,-82.4886
3.9,0,0,125,-82.52
3.925,0,0,125,-82.5489
3.95,0,0,125,-82.5754
3.975,0,0,125,-82.5997
4,0,0,125,-82.6219
4.025,0,0,125,-82.6422
4.05,0,0,125,-82.6607
4.075,0,0,125,-82.6776
4.1,0,0,125,-82.693
4.125,0,0,125,-82.707
4.15,0,0,125,-82.7197
4.175,0,0,125,-82.7311
4.2,0,0,125,-82.7414
4.225,0,0,125,-82.7507
4.25,0,0,125,-82.759
4.275,0,0,125,-82.7663
4.3,0,0,125,-82.7728
4.325,0,0,125,-82.7785
4.35,0,0,125,-82.7835
4.375,0,0,125,-82.7878
4.4,0,0,125,-82.7914
4.425,0,0,125,-82.7945
4.45,0,0,125,-82.7969
4.475,0,0,125,-82.7989
4.5,0,0,125,-82.8003
4.525,0,0,125,-82.8013
4.55,0,0,125,-82.8019
4.575,0,0,125,-82.8021
4.6,0,0,125,-82.8019
4.625,0,0,125,-82.8015
4.65,0,0,125,-82.8007
4.675,0,0,125,-82.7996
4.7,0,0,125,-82.7983
4.725,0,0,125,-82.7968
4.75,0,0,125,-82.7951
4.775,0,0,125,-82.7933
4.8,0,0,125,-82.7913
4.825,0,0,125,-82.7893
4.85,0,0,125,-82.7872
4.875,0,0,125,-82.7852
4.9,0,0,125,-82.7833
4.925,0,0,125,-82.7817
4.95,0,0,125,-82.7803
4.975,0,0,125,-82.7793
5,0,0,125,-82.7789
