0,0,0,125,12.0865
0.025,0,0,125,12.0795
0.05,0,0,125,12.0652
0.075,0,0,125,12.0433
0.1,0,0,125,12.0131
0.125,0,0,125,11.9737
0.15,0,0,125,11.9246
0.175,0,0,125,11.8657
0.2,0,0,125,11.7971
0.225,0,0,125,11.7196
0.25,0,0,125,11.6338
0.275,0,0,125,11.5404
0.3,0,0,125,11.44
0.325,0,0,125,11.3335
0.35,0,0,125,11.2214
0.375,0,0,125,11.1043
0.4,0,0,125,10.9829
0.425,0,0,125,10.8577
0.45,0,0,125,10.7293
0.475,0,0,125,10.5982
0.5,0,0,125,10.4649
0.525,0,0,125,10.3299
0.55,0,0,125,10.1937
0.575,0,0,125,10.0566
0.6,0,0,125,9.91906
0.625,0,0,125,9.78149
0.65,0,0,125,9.64421
0.675,0,0,125,9.50755
0.7,0,0,125,9.37181
0.725,0,0,125,9.23726
0.75,0,0,125,9.10417
0.775,0,0,125,8.97276
0.8,0,0,125,8.84326
0.825,0,0,125,8.71585
0.85,0,0,125,8.59071
0.875,0,0,125,8.468
0.9,0,0,125,8.34785
0.925,0,0,125,8.23039
0.95,0,0,125,8.11573
0.975,0,0,125,8.00395
1,0,0,125,7.89515
1.025,0,0,125,7.78938
1.05,0,0,125,7.68671
1.075,0,0,125,7.58718
1.1,0,0,125,7.49084
1.125,0,0,125,7.3977
1.15,0,0,125,7.3078
1.175,0,0,125,7.22115
1.2,0,0,125,7.13777
1.225,0,0,125,7.05765
1.25,0,0,125,6.9808
1.275,0,0,125,6.90723
1.3,0,0,125,6.83692
1.325,0,0,125,6.76988
1.35,0,0,125,6.70611
1.375,0,0,125,6.64558
1.4,0,0,125,6.58831
1.425,0,0,125,6.53429
1.45,0,0,125,6.4835
1.475,0,0,125,6.43596
1.5,0,0,125,6.39167
1.525,0,0,125,6.35061
1.55,0,0,125,6.31281
1.575,0,0,125,6.27827
1.6,0,0,125,6.24699
1.625,0,0,125,6.219
1.65,0,0,125,6.19432
1.675,0,0,125,6.17296
1.7,0,0,125,6.15495
1.725,0,0,125,6.14032
1.75,0,0,125,6.1291
1.775,0,0,125,6.12134
1.8,0,0,125,6.11707
1.825,0,0,125,6.11634
1.85,0,0,125,6.11921
1.875,0,0,125,6.12572
1.9,0,0,125,6.13593
1.925,0,0,125,6.14991
1.95,0,0,125,6.16772
1.975,0,0,125,6.18944
2,0,0,125,6.21514
2.025,0,0,125,6.2449
2.05,0,0,125,6.2788
2.075,0,0,125,6.31693
2.1,0,0,125,6.35938
2.125,0,0,125,6.40626
2.15,0,0,125,6.45764
2.175,0,0,125,6.51365
2.2,0,0,125,6.57439
2.225,0,0,125,6.63997
2.25,0,0,125,6.7105
2.275,0,0,125,6.78611
2.3,0,0,125,6.86691
2.325,0,0,125,6.95305
2.35,0,0,125,7.04464
2.375,0,0,125,7.14183
2.4,0,0,125,7.24476
2.425,0,0,125,7.35356
2.45,0,0,125,7.4684
2.475,0,0,125,7.58942
2.5,0,0,125,7.71678
2.525,0,0,125,7.85064
2.55,0,0,125,7.99118
2.575,0,0,125,8.13856
2.6,0,0,125,8.29296
2.625,0,0,125,8.45456
2.65,0,0,125,8.62354
2.675,0,0,125,8.80009
2.7,0,0,125,8.9844
2.725,0,0,125,9.17667
2.75,0,0,125,9.37709
2.775,0,0,125,9.58585
2.8,0,0,125,9.80313
2.825,0,0,125,10.0291
2.85,0,0,125,10.264
2.875,0,0,125,10.5078
2.9,0,0,125,10.7608
2.925,0,0,125,11.0229
2.95,0,0,125,11.2942
2.975,0,0,125,11.5745
3,0,0,125,11.8635
3.025,0,0,125,12.1607
3.05,0,0,125,12.4654
3.075,0,0,125,12.7763
3.1,0,0,125,13.0916
3.125,0,0,125,13.4088
3.15,0,0,125,13.7239
3.175,0,0,125,14.0317
3.2,0,0,125,14.3246
3.225,0,0,125,14.5919
3.25,0,0,125,14.8183
3.275,0,0,125,14.9826
3.3,0,0,125,15.0546
3.325,0,0,125,14.9912
3.35,0,0,125,14.7309
3.375,0,0,125,14.1846
3.4,0,0,125,13.2212
3.425,0,0,125,11.6443
3.45,0,0,125,9.15313
3.475,0,0,125,5.27513
3.5,0,0,125,-0.743746
3.525,0,0,125,-10.0768
3.55,0,0,125,-24.1283
3.575,0,0,125,-41.1706
3.6,0,0,125,-54.8313
3.625,0,0,125,-64.3685
3.65,0,0,125,-70.8876
3.675,0,0,125,-75.3215
3.7,0,0,125,-78.3297
3.725,0,0,125,-80.3674
3.75,0,0,125,-81.7461
3.775,0,0,125,-82.6782
3.8,0,0,125,-83.3081
3.825,0,0,125,-83.7336
3.85,0,0,125,-84.0209
3.875,0,0,125,-84.2149
3.9,0,0,125,-84.3459
3.925,0,0,125,-84.4343
3.95,0,0,125,-84.4939
3.975,0,0,125,-84.5342
4,0,0,125,-84.5614
4.025,0,0,125,-84.5797
4.05,0,0,125,-84.5921
4.075,0,0,125,-84.6005
4.1,0,0,125,-84.6061
4.125,0,0,125,-84.6099
4.15,0,0,125,-84.6124
4.175,0,0,125,-84.6141
4.2,0,0,125,-84.6153
4.225,0,0,125,-84.616
4.25,0,0,125,-84.6166
4.275,0,0,125,-84.6169
4.3,0,0,125,-84.6171
4.325,0,0,125,-84.6172
4.35,0,0,125,-84.6173
4.375,0,0,125,-84.6174
4.4,0,0,125,-84.6174
4.425,0,0,125,-84.6174
4.45,0,0,125,-84.6174
4.475,0,0,125,-84.6174
4.5,0,0,125,-84.6174
4.525,0,0,125,-84.6174
4.55,0,0,125,-84.6174
4.575,0,0,125,-84.6174
4.6,0,0,125,-84.6174
4.625,0,0,125,-84.6174
4.65,0,0,125,-84.6174
4.675,0,0,125,-84.6174
4.7,0,0,125,-84.6174
4.725,0,0,125,-84.6174
4.75,0,0,125,-84.6174
4.775,0,0,125,-84.6174
4.8,0,0,125,-84.6174
4.825,0,0,125,-84.6174
4.85,0,0,125,-84.6174
4.875,0,0,125,-84.6174
4.9,0,0,125,-84.6174
4.925,0,0,125,-84.6174
4.95,0,0,125,-84.6174
4.975,0,0,125,-84.6174
5,0,0,125,-84.6174
