0,0,0,125,-27.9571
0.025,0,0,125,-27.9531
0.05,0,0,125,-27.9451
0.075,0,0,125,-27.9336
0.1,0,0,125,-27.9189
0.125,0,0,125,-27.9015
0.15,0,0,125,-27.8821
0.175,0,0,125,-27.8611
0.2,0,0,125,-27.8388
0.225,0,0,125,-27.8155
0.25,0,0,125,-27.7915
0.275,0,0,125,-27.7671
0.3,0,0,125,-27.7424
0.325,0,0,125,-27.7178
0.35,0,0,125,-27.6935
0.375,0,0,125,-27.6697
0.4,0,0,125,-27.6466
0.425,0,0,125,-27.6245
0.45,0,0,125,-27.6036
0.475,0,0,125,-27.5842
0.5,0,0,125,-27.5664
0.525,0,0,125,-27.5505
0.55,0,0,125,-27.5367
0.575,0,0,125,-27.5253
0.6,0,0,125,-27.5165
0.625,0,0,125,-27.5105
0.65,0,0,125,-27.5075
0.675,0,0,125,-27.5078
0.7,0,0,125,-27.5117
0.725,0,0,125,-27.5193
0.75,0,0,125,-27.5309
0.775,0,0,125,-27.5468
0.8,0,0,125,-27.5672
0.825,0,0,125,-27.5924
0.85,0,0,125,-27.6226
0.875,0,0,125,-27.658
0.9,0,0,125,-27.6991
0.925,0,0,125,-27.746
0.95,0,0,125,-27.799
0.975,0,0,125,-27.8584
1,0,0,125,-27.9245
1.025,0,0,125,-27.9976
1.05,0,0,125,-28.078
1.075,0,0,125,-28.1661
1.1,0,0,125,-28.262
1.125,0,0,125,-28.3663
1.15,0,0,125,-28.4791
1.175,0,0,125,-28.6009
1.2,0,0,125,-28.732
1.225,0,0,125,-28.8727
1.25,0,0,125,-29.0235
1.275,0,0,125,-29.1847
1.3,0,0,125,-29.3567
1.325,0,0,125,-29.54
1.35,0,0,125,-29.7348
1.375,0,0,125,-29.9417
1.4,0,0,125,-30.161
1.425,0,0,125,-30.3933
1.45,0,0,125,-30.6389
1.475,0,0,125,-30.8983
1.5,0,0,125,-31.1721
1.525,0,0,125,-31.4606
1.55,0,0,125,-31.7645
1.575,0,0,125,-32.0841
1.6,0,0,125,-32.4201
1.625,0,0,125,-32.7729
1.65,0,0,125,-33.1431
1.675,0,0,125,-33.5312
1.7,0,0,125,-33.9377
1.725,0,0,125,-34.3633
1.75,0,0,125,-34.8085
1.775,0,0,125,-35.2739
1.8,0,0,125,-35.7599
1.825,0,0,125,-36.2672
1.85,0,0,125,-36.7962
1.875,0,0,125,-37.3476
1.9,0,0,125,-37.9217
1.925,0,0,125,-38.519
1.95,0,0,125,-39.1399
1.975,0,0,125,-39.7848
2,0,0,125,-40.454
2.025,0,0,125,-41.1476
2.05,0,0,125,-41.8659
2.075,0,0,125,-42.6088
2.1,0,0,125,-43.3763
2.125,0,0,125,-44.1681
2.15,0,0,125,-44.9839
2.175,0,0,125,-45.8233
2.2,0,0,125,-46.6855
2.225,0,0,125,-47.5697
2.25,0,0,125,-48.4749
2.275,0,0,125,-49.3998
2.3,0,0,125,-50.3432
2.325,0,0,125,-51.3034
2.35,0,0,125,-52.2786
2.375,0,0,125,-53.2668
2.4,0,0,125,-54.266
2.425,0,0,125,-55.2737
2.45,0,0,125,-56.2876
2.475,0,0,125,-57.305
2.5,0,0,125,-58.3234
2.525,0,0,125,-59.3398
2.55,0,0,125,-60.3516
2.575,0,0,125,-61.3559
2.6,0,0,125,-62.35
2.625,0,0,125,-63.3311
2.65,0,0,125,-64.2966
2.675,0,0,125,-65.2439
2.7,0,0,125,-66.1707
2.725,0,0,125,-67.0748
2.75,0,0,125,-67.9542
2.775,0,0,125,-68.807
2.8,0,0,125,-69.6319
2.825,0,0,125,-70.4274
2.85,0,0,125,-71.1924
2.875,0,0,125,-71.9263
2.9,0,0,125,-72.6283
2.925,0,0,125,-73.2982
2.95,0,0,125,-73.9358
2.975,0,0,125,-74.5414
3,0,0,125,-75.1151
3.025,0,0,125,-75.6574
3.05,0,0,125,-76.169
3.075,0,0,125,-76.6507
3.1,0,0,125,-77.1033
3.125,0,0,125,-77.5278
3.15,0,0,125,-77.9253
3.175,0,0,125,-78.2969
3.2,0,0,125,-78.6438
3.225,0,0,125,-78.9672
3.25,0,0,125,-79.2683
3.275,0,0,125,-79.5483
3.3,0,0,125,-79.8083
3.325,0,0,125,-80.0496
3.35,0,0,125,-80.2733
3.375,0,0,125,-80.4806
3.4,0,0,125,-80.6724
3.425,0,0,125,-80.8498
3.45,0,0,125,-81.0138
3.475,0,0,125,-81.1654
3.5,0,0,125,-81.3054
3.525,0,0,125,-81.4347
3.55,0,0,125,-81.5541
3.575,0,0,125,-81.6642
3.6,0,0,125,-81.7658
3.625,0,0,125,-81.8595
3.65,0,0,125,-81.946
3.675,0,0,125,-82.0258
3.7,0,0,125,-82.0994
3.725,0,0,125,-82.1673
3.75,0,0,125,-82.23
3.775,0,0,125,-82.2878
3.8,0,0,125,-82.3411
3.825,0,0,125,-82.3903
3.85,0,0,125,-82.4358
3.875,0,0,125,-82.4777
3.9,0,0,125,-82.5165
3.925,0,0,125,-82.5523
3.95,0,0,125,-82.5853
3.975,0,0,125,-82.6158
4,0,0,125,-82.644
4.025,0,0,125,-82.6701
4.05,0,0,125,-82.6942
4.075,0,0,125,-82.7164
4.1,0,0,125,-82.737
4.125,0,0,125,-82.756
4.15,0,0,125,-82.7736
4.175,0,0,125,-82.7898
4.2,0,0,125,-82.8048
4.225,0,0,125,-82.8186
4.25,0,0,125,-82.8314
4.275,0,0,125,-82.8431
4.3,0,0,125,-82.854
4.325,0,0,125,-82.864
4.35,0,0,125,-82.8733
4.375,0,0,125,-82.8818
4.4,0,0,125,-82.8896
4.425,0,0,125,-82.8967
4.45,0,0,125,-82.9033
4.475,0,0,125,-82.9094
4.5,0,0,125,-82.9149
4.525,0,0,125,-82.9199
4.55,0,0,125,-82.9245
4.575,0,0,125,-82.9287
4.6,0,0,125,-82.9324
4.625,0,0,125,-82.9358
4.65,0,0,125,-82.9389
4.675,0,0,125,-82.9416
4.7,0,0,125,-82.9441
4.725,0,0,125,-82.9462
4.75,0,0,125,-82.9481
4.775,0,0,125,-82.9497
4.8,0,0,125,-82.9511
4.825,0,0,125,-82.9522
4.85,0,0,125,-82.9532
4.875,0,0,125,-82.9539
4.9,0,0,125,-82.9545
4.925,0,0,125,-82.955
4.95,0,0,125,-82.9553
4.975,0,0,125,-82.9555
5,0,0,125,-82.9556
