0,0,0,125,-83.4683
0.025,0,0,125,-83.4687
0.05,0,0,125,-83.4695
0.075,0,0,125,-83.4706
0.1,0,0,125,-83.4721
0.125,0,0,125,-83.4738
0.15,0,0,125,-83.4756
0.175,0,0,125,-83.4774
0.2,0,0,125,-83.4793
0.225,0,0,125,-83.4812
0.25,0,0,125,-83.483
0.275,0,0,125,-83.4848
0.3,0,0,125,-83.4865
0.325,0,0,125,-83.4881
0.35,0,0,125,-83.4895
0.375,0,0,125,-83.4909
0.4,0,0,125,-83.4921
0.425,0,0,125,-83.4932
0.45,0,0,125,-83.4941
0.475,0,0,125,-83.4949
0.5,0,0,125,-83.4955
0.525,0,0,125,-83.4959
0.55,0,0,125,-83.4961
0.575,0,0,125,-83.4961
0.6,0,0,125,-83.4959
0.625,0,0,125,-83.4955
0.65,0,0,125,-83.4949
0.675,0,0,125,-83.4941
0.7,0,0,125,-83.493
0.725,0,0,125,-83.4918
0.75,0,0,125,-83.4902
0.775,0,0,125,-83.4885
0.8,0,0,125,-83.4864
0.825,0,0,125,-83.4842
0.85,0,0,125,-83.4816
0.875,0,0,125,-83.4788
0.9,0,0,125,-83.4757
0.925,0,0,125,-83.4724
0.95,0,0,125,-83.4687
0.975,0,0,125,-83.4648
1,0,0,125,-83.4605
1.025,0,0,125,-83.456
1.05,0,0,125,-83.4512
1.075,0,0,125,-83.446
1.1,0,0,125,-83.4406
1.125,0,0,125,-83.4348
1.15,0,0,125,-83.4287
1.175,0,0,125,-83.4223
1.2,0,0,125,-83.4155
1.225,0,0,125,-83.4084
1.25,0,0,125,-83.4009
1.275,0,0,125,-83.3931
1.3,0,0,125,-83.3849
1.325,0,0,125,-83.3763
1.35,0,0,125,-83.3674
1.375,0,0,125,-83.358
1.4,0,0,125,-83.3483
1.425,0,0,125,-83.3382
1.45,0,0,125,-83.3277
1.475,0,0,125,-83.3168
1.5,0,0,125,-83.3055
1.525,0,0,125,-83.2938
1.55,0,0,125,-83.2817
1.575,0,0,125,-83.2692
1.6,0,0,125,-83.2562
1.625,0,0,125,-83.2429
1.65,0,0,125,-83.2291
1.675,0,0,125,-83.2149
1.7,0,0,125,-83.2003
1.725,0,0,125,-83.1852
1.75,0,0,125,-83.1697
1.775,0,0,125,-83.1538
1.8,0,0,125,-83.1374
1.825,0,0,125,-83.1206
1.85,0,0,125,-83.1033
1.875,0,0,125,-83.0856
1.9,0,0,125,-83.0673
1.925,0,0,125,-83.0485
1.95,0,0,125,-83.0292
1.975,0,0,125,-83.0094
2,0,0,125,-82.989
2.025,0,0,125,-82.968
2.05,0,0,125,-82.9464
2.075,0,0,125,-82.9242
2.1,0,0,125,-82.9012
2.125,0,0,125,-82.8775
2.15,0,0,125,-82.853
2.175,0,0,125,-82.8277
2.2,0,0,125,-82.8015
2.225,0,0,125,-82.7742
2.25,0,0,125,-82.746
2.275,0,0,125,-82.7165
2.3,0,0,125,-82.6859
2.325,0,0,125,-82.6539
2.35,0,0,125,-82.6204
2.375,0,0,125,-82.5854
2.4,0,0,125,-82.5487
2.425,0,0,125,-82.5101
2.45,0,0,125,-82.4696
2.475,0,0,125,-82.4269
2.5,0,0,125,-82.3818
2.525,0,0,125,-82.3343
2.55,0,0,125,-82.284
2.575,0,0,125,-82.2308
2.6,0,0,125,-82.1744
2.625,0,0,125,-82.1147
2.65,0,0,125,-82.0513
2.675,0,0,125,-81.984
2.7,0,0,125,-81.9126
2.725,0,0,125,-81.8367
2.75,0,0,125,-81.7561
2.775,0,0,125,-81.6704
2.8,0,0,125,-81.5793
2.825,0,0,125,-81.4826
2.85,0,0,125,-81.3798
2.875,0,0,125,-81.2707
2.9,0,0,125,-81.1548
2.925,0,0,125,-81.0319
2.95,0,0,125,-80.9016
2.975,0,0,125,-80.7634
3,0,0,125,-80.6172
3.025,0,0,125,-80.4625
3.05,0,0,125,-80.299
3.075,0,0,125,-80.1263
3.1,0,0,125,-79.9441
3.125,0,0,125,-79.7521
3.15,0,0,125,-79.55
3.175,0,0,125,-79.3375
3.2,0,0,125,-79.1144
3.225,0,0,125,-78.8804
3.25,0,0,125,-78.6353
3.275,0,0,125,-78.379
3.3,0,0,125,-78.1112
3.325,0,0,125,-77.832
3.35,0,0,125,-77.5411
3.375,0,0,125,-77.2387
3.4,0,0,125,-76.9247
3.425,0,0,125,-76.5991
3.45,0,0,125,-76.2621
3.475,0,0,125,-75.9138
3.5,0,0,125,-75.5545
3.525,0,0,125,-75.1844
3.55,0,0,125,-74.8038
3.575,0,0,125,-74.4131
3.6,0,0,125,-74.0127
3.625,0,0,125,-73.603
3.65,0,0,125,-73.1845
3.675,0,0,125,-72.7579
3.7,0,0,125,-72.3236
3.725,0,0,125,-71.8824
3.75,0,0,125,-71.4349
3.775,0,0,125,-70.9818
3.8,0,0,125,-70.5238
3.825,0,0,125,-70.0618
3.85,0,0,125,-69.5965
3.875,0,0,125,-69.1287
3.9,0,0,125,-68.6593
3.925,0,0,125,-68.189
3.95,0,0,125,-67.7187
3.975,0,0,125,-67.2492
4,0,0,125,-66.7813
4.025,0,0,125,-66.316
4.05,0,0,125,-65.8539
4.075,0,0,125,-65.3958
4.1,0,0,125,-64.9426
4.125,0,0,125,-64.495
4.15,0,0,125,-64.0536
4.175,0,0,125,-63.6193
4.2,0,0,125,-63.1926
4.225,0,0,125,-62.7741
4.25,0,0,125,-62.3646
4.275,0,0,125,-61.9645
4.3,0,0,125,-61.5744
4.325,0,0,125,-61.1947
4.35,0,0,125,-60.8259
4.375,0,0,125,-60.4685
4.4,0,0,125,-60.1228
4.425,0,0,125,-59.7892
4.45,0,0,125,-59.468
4.475,0,0,125,-59.1594
4.5,0,0,125,-58.8639
4.525,0,0,125,-58.5815
4.55,0,0,125,-58.3125
4.575,0,0,125,-58.057
4.6,0,0,125,-57.8153
4.625,0,0,125,-57.5875
4.65,0,0,125,-57.3736
4.675,0,0,125,-57.1738
4.7,0,0,125,-56.9882
4.725,0,0,125,-56.8168
4.75,0,0,125,-56.6597
4.775,0,0,125,-56.5169
4.8,0,0,125,-56.3885
4.825,0,0,125,-56.2744
4.85,0,0,125,-56.1747
4.875,0,0,125,-56.0894
4.9,0,0,125,-56.0184
4.925,0,0,125,-55.9617
4.95,0,0,125,-55.9192
4.975,0,0,125,-55.8909
5,0,0,125,-55.8767
