0,0,0,125,-83.2953
0.025,0,0,125,-83.2958
0.05,0,0,125,-83.2967
0.075,0,0,125,-83.2981
0.1,0,0,125,-83.2997
0.125,0,0,125,-83.3016
0.15,0,0,125,-83.3036
0.175,0,0,125,-83.3057
0.2,0,0,125,-83.3078
0.225,0,0,125,-83.3098
0.25,0,0,125,-83.3118
0.275,0,0,125,-83.3137
0.3,0,0,125,-83.3155
0.325,0,0,125,-83.3171
0.35,0,0,125,-83.3186
0.375,0,0,125,-83.32
0.4,0,0,125,-83.3211
0.425,0,0,125,-83.3221
0.45,0,0,125,-83.3229
0.475,0,0,125,-83.3234
0.5,0,0,125,-83.3238
0.525,0,0,125,-83.3239
0.55,0,0,125,-83.3237
0.575,0,0,125,-83.3233
0.6,0,0,125,-83.3226
0.625,0,0,125,-83.3216
0.65,0,0,125,-83.3203
0.675,0,0,125,-83.3188
0.7,0,0,125,-83.3168
0.725,0,0,125,-83.3145
0.75,0,0,125,-83.3119
0.775,0,0,125,-83.3089
0.8,0,0,125,-83.3056
0.825,0,0,125,-83.3018
0.85,0,0,125,-83.2977
0.875,0,0,125,-83.2931
0.9,0,0,125,-83.288
0.925,0,0,125,-83.2825
0.95,0,0,125,-83.2765
0.975,0,0,125,-83.27
1,0,0,125,-83.2629
1.025,0,0,125,-83.2553
1.05,0,0,125,-83.247
1.075,0,0,125,-83.2382
1.1,0,0,125,-83.2287
1.125,0,0,125,-83.2184
1.15,0,0,125,-83.2075
1.175,0,0,125,-83.1957
1.2,0,0,125,-83.1832
1.225,0,0,125,-83.1697
1.25,0,0,125,-83.1554
1.275,0,0,125,-83.14
1.3,0,0,125,-83.1236
1.325,0,0,125,-83.106
1.35,0,0,125,-83.0873
1.375,0,0,125,-83.0672
1.4,0,0,125,-83.0458
1.425,0,0,125,-83.023
1.45,0,0,125,-82.9985
1.475,0,0,125,-82.9724
1.5,0,0,125,-82.9445
1.525,0,0,125,-82.9146
1.55,0,0,125,-82.8826
1.575,0,0,125,-82.8483
1.6,0,0,125,-82.8115
1.625,0,0,125,-82.7722
1.65,0,0,125,-82.7299
1.675,0,0,125,-82.6845
1.7,0,0,125,-82.6357
1.725,0,0,125,-82.5833
1.75,0,0,125,-82.5269
1.775,0,0,125,-82.4661
1.8,0,0,125,-82.4007
1.825,0,0,125,-82.3301
1.85,0,0,125,-82.2539
1.875,0,0,125,-82.1716
1.9,0,0,125,-82.0827
1.925,0,0,125,-81.9866
1.95,0,0,125,-81.8826
1.975,0,0,125,-81.7701
2,0,0,125,-81.6482
2.025,0,0,125,-81.5163
2.05,0,0,125,-81.3733
2.075,0,0,125,-81.2184
2.1,0,0,125,-81.0506
2.125,0,0,125,-80.8688
2.15,0,0,125,-80.6719
2.175,0,0,125,-80.4586
2.2,0,0,125,-80.2279
2.225,0,0,125,-79.9782
2.25,0,0,125,-79.7084
2.275,0,0,125,-79.417
2.3,0,0,125,-79.1026
2.325,0,0,125,-78.7637
2.35,0,0,125,-78.3991
2.375,0,0,125,-78.0071
2.4,0,0,125,-77.5865
2.425,0,0,125,-77.1359
2.45,0,0,125,-76.654
2.475,0,0,125,-76.1398
2.5,0,0,125,-75.5922
2.525,0,0,125,-75.0103
2.55,0,0,125,-74.3935
2.575,0,0,125,-73.7412
2.6,0,0,125,-73.0533
2.625,0,0,125,-72.3297
2.65,0,0,125,-71.5707
2.675,0,0,125,-70.7769
2.7,0,0,125,-69.9492
2.725,0,0,125,-69.0888
2.75,0,0,125,-68.1971
2.775,0,0,125,-67.2758
2.8,0,0,125,-66.3272
2.825,0,0,125,-65.3535
2.85,0,0,125,-64.3572
2.875,0,0,125,-63.3411
2.9,0,0,125,-62.3083
2.925,0,0,125,-61.2616
2.95,0,0,125,-60.2044
2.975,0,0,125,-59.1398
3,0,0,125,-58.0711
3.025,0,0,125,-57.0014
3.05,0,0,125,-55.9339
3.075,0,0,125,-54.8716
3.1,0,0,125,-53.8173
3.125,0,0,125,-52.7737
3.15,0,0,125,-51.7434
3.175,0,0,125,-50.7285
3.2,0,0,125,-49.7313
3.225,0,0,125,-48.7535
3.25,0,0,125,-47.7966
3.275,0,0,125,-46.8622
3.3,0,0,125,-45.9512
3.325,0,0,125,-45.0646
3.35,0,0,125,-44.2031
3.375,0,0,125,-43.3672
3.4,0,0,125,-42.5572
3.425,0,0,125,-41.7733
3.45,0,0,125,-41.0154
3.475,0,0,125,-40.2834
3.5,0,0,125,-39.5771
3.525,0,0,125,-38.8961
3.55,0,0,125,-38.24
3.575,0,0,125,-37.6083
3.6,0,0,125,-37.0004
3.625,0,0,125,-36.4156
3.65,0,0,125,-35.8535
3.675,0,0,125,-35.3132
3.7,0,0,125,-34.7941
3.725,0,0,125,-34.2956
3.75,0,0,125,-33.8169
3.775,0,0,125,-33.3573
3.8,0,0,125,-32.9162
3.825,0,0,125,-32.4929
3.85,0,0,125,-32.0868
3.875,0,0,125,-31.6972
3.9,0,0,125,-31.3234
3.925,0,0,125,-30.965
3.95,0,0,125,-30.6213
3.975,0,0,125,-30.2918
4,0,0,125,-29.9759
4.025,0,0,125,-29.6731
4.05,0,0,125,-29.383
4.075,0,0,125,-29.1051
4.1,0,0,125,-28.8389
4.125,0,0,125,-28.584
4.15,0,0,125,-28.3401
4.175,0,0,125,-28.1066
4.2,0,0,125,-27.8833
4.225,0,0,125,-27.6697
4.25,0,0,125,-27.4657
4.275,0,0,125,-27.2707
4.3,0,0,125,-27.0847
4.325,0,0,125,-26.9072
4.35,0,0,125,-26.738
4.375,0,0,125,-26.5768
4.4,0,0,125,-26.4235
4.425,0,0,125,-26.2778
4.45,0,0,125,-26.1395
4.475,0,0,125,-26.0083
4.5,0,0,125,-25.8842
4.525,0,0,125,-25.7669
4.55,0,0,125,-25.6564
4.575,0,0,125,-25.5523
4.6,0,0,125,-25.4547
4.625,0,0,125,-25.3635
4.65,0,0,125,-25.2784
4.675,0,0,125,-25.1994
4.7,0,0,125,-25.1264
4.725,0,0,125,-25.0594
4.75,0,0,125,-24.9983
4.775,0,0,125,-24.943
4.8,0,0,125,-24.8935
4.825,0,0,125,-24.8497
4.85,0,0,125,-24.8116
4.875,0,0,125,-24.7791
4.9,0,0,125,-24.7522
4.925,0,0,125,-24.7308
4.95,0,0,125,-24.7148
4.975,0,0,125,-24.7042
5,0,0,125,-24.6989
