0,0,0,125,-84.3036
0.025,0,0,125,-84.3037
0.05,0,0,125,-84.3039
0.075,0,0,125,-84.3041
0.1,0,0,125,-84.3044
0.125,0,0,125,-84.3047
0.15,0,0,125,-84.3051
0.175,0,0,125,-84.3054
0.2,0,0,125,-84.3058
0.225,0,0,125,-84.3062
0.25,0,0,125,-84.3066
0.275,0,0,125,-84.307
0.3,0,0,125,-84.3074
0.325,0,0,125,-84.3079
0.35,0,0,125,-84.3083
0.375,0,0,125,-84.3087
0.4,0,0,125,-84.3092
0.425,0,0,125,-84.3096
0.45,0,0,125,-84.31
0.475,0,0,125,-84.3104
0.5,0,0,125,-84.3108
0.525,0,0,125,-84.3111
0.55,0,0,125,-84.3115
0.575,0,0,125,-84.3119
0.6,0,0,125,-84.3122
0.625,0,0,125,-84.3126
0.65,0,0,125,-84.3129
0.675,0,0,125,-84.3132
0.7,0,0,125,-84.3136
0.725,0,0,125,-84.3139
0.75,0,0,125,-84.3142
0.775,0,0,125,-84.3146
0.8,0,0,125,-84.3149
0.825,0,0,125,-84.3152
0.85,0,0,125,-84.3156
0.875,0,0,125,-84.3159
0.9,0,0,125,-84.3163
0.925,0,0,125,-84.3167
0.95,0,0,125,-84.3171
0.975,0,0,125,-84.3175
1,0,0,125,-84.3179
1.025,0,0,125,-84.3183
1.05,0,0,125,-84.3187
1.075,0,0,125,-84.3191
1.1,0,0,125,-84.3196
1.125,0,0,125,-84.32
1.15,0,0,125,-84.3205
1.175,0,0,125,-84.321
1.2,0,0,125,-84.3214
1.225,0,0,125,-84.3219
1.25,0,0,125,-84.3224
1.275,0,0,125,-84.3228
1.3,0,0,125,-84.3232
1.325,0,0,125,-84.3237
1.35,0,0,125,-84.3241
1.375,0,0,125,-84.3245
1.4,0,0,125,-84.325
1.425,0,0,125,-84.3254
1.45,0,0,125,-84.3259
1.475,0,0,125,-84.3264
1.5,0,0,125,-84.3269
1.525,0,0,125,-84.3274
1.55,0,0,125,-84.3279
1.575,0,0,125,-84.3285
1.6,0,0,125,-84.3291
1.625,0,0,125,-84.3296
1.65,0,0,125,-84.3302
1.675,0,0,125,-84.3309
1.7,0,0,125,-84.3315
1.725,0,0,125,-84.3321
1.75,0,0,125,-84.3328
1.775,0,0,125,-84.3335
1.8,0,0,125,-84.3341
1.825,0,0,125,-84.3349
1.85,0,0,125,-84.3356
1.875,0,0,125,-84.3363
1.9,0,0,125,-84.3371
1.925,0,0,125,-84.3378
1.95,0,0,125,-84.3386
1.975,0,0,125,-84.3394
2,0,0,125,-84.3402
2.025,0,0,125,-84.341
2.05,0,0,125,-84.3419
2.075,0,0,125,-84.3427
2.1,0,0,125,-84.3436
2.125,0,0,125,-84.3445
2.15,0,0,125,-84.3454
2.175,0,0,125,-84.3463
2.2,0,0,125,-84.3472
2.225,0,0,125,-84.3481
2.25,0,0,125,-84.3491
2.275,0,0,125,-84.3501
2.3,0,0,125,-84.3511
2.325,0,0,125,-84.3521
2.35,0,0,125,-84.3531
2.375,0,0,125,-84.3542
2.4,0,0,125,-84.3553
2.425,0,0,125,-84.3564
2.45,0,0,125,-84.3576
2.475,0,0,125,-84.3588
2.5,0,0,125,-84.36
2.525,0,0,125,-84.3612
2.55,0,0,125,-84.3625
2.575,0,0,125,-84.3637
2.6,0,0,125,-84.365
2.625,0,0,125,-84.3663
2.65,0,0,125,-84.3676
2.675,0,0,125,-84.3689
2.7,0,0,125,-84.3702
2.725,0,0,125,-84.3715
2.75,0,0,125,-84.3728
2.775,0,0,125,-84.3742
2.8,0,0,125,-84.3755
2.825,0,0,125,-84.3769
2.85,0,0,125,-84.3783
2.875,0,0,125,-84.3796
2.9,0,0,125,-84.381
2.925,0,0,125,-84.3824
2.95,0,0,125,-84.3838
2.975,0,0,125,-84.3852
3,0,0,125,-84.3867
3.025,0,0,125,-84.3881
3.05,0,0,125,-84.3895
3.075,0,0,125,-84.391
3.1,0,0,125,-84.3925
3.125,0,0,125,-84.3939
3.15,0,0,125,-84.3954
3.175,0,0,125,-84.3969
3.2,0,0,125,-84.3984
3.225,0,0,125,-84.3998
3.25,0,0,125,-84.4013
3.275,0,0,125,-84.4027
3.3,0,0,125,-84.4042
3.325,0,0,125,-84.4056
3.35,0,0,125,-84.407
3.375,0,0,125,-84.4084
3.4,0,0,125,-84.4098
3.425,0,0,125,-84.4112
3.45,0,0,125,-84.4125
3.475,0,0,125,-84.4138
3.5,0,0,125,-84.4151
3.525,0,0,125,-84.4164
3.55,0,0,125,-84.4176
3.575,0,0,125,-84.4188
3.6,0,0,125,-84.42
3.625,0,0,125,-84.4211
3.65,0,0,125,-84.4222
3.675,0,0,125,-84.4233
3.7,0,0,125,-84.4244
3.725,0,0,125,-84.4254
3.75,0,0,125,-84.4264
3.775,0,0,125,-84.4273
3.8,0,0,125,-84.4282
3.825,0,0,125,-84.4291
3.85,0,0,125,-84.43
3.875,0,0,125,-84.4308
3.9,0,0,125,-84.4316
3.925,0,0,125,-84.4324
3.95,0,0,125,-84.4331
3.975,0,0,125,-84.4338
4,0,0,125,-84.4344
4.025,0,0,125,-84.4351
4.05,0,0,125,-84.4357
4.075,0,0,125,-84.4363
4.1,0,0,125,-84.4368
4.125,0,0,125,-84.4373
4.15,0,0,125,-84.4378
4.175,0,0,125,-84.4383
4.2,0,0,125,-84.4387
4.225,0,0,125,-84.4391
4.25,0,0,125,-84.4395
4.275,0,0,125,-84.4399
4.3,0,0,125,-84.4402
4.325,0,0,125,-84.4406
4.35,0,0,125,-84.4409
4.375,0,0,125,-84.4412
4.4,0,0,125,-84.4415
4.425,0,0,125,-84.4417
4.45,0,0,125,-84.442
4.475,0,0,125,-84.4422
4.5,0,0,125,-84.4425
4.525,0,0,125,-84.4427
4.55,0,0,125,-84.4429
4.575,0,0,125,-84.4431
4.6,0,0,125,-84.4432
4.625,0,0,125,-84.4434
4.65,0,0,125,-84.4435
4.675,0,0,125,-84.4437
4.7,0,0,125,-84.4438
4.725,0,0,125,-84.4439
4.75,0,0,125,-84.4441
4.775,0,0,125,-84.4442
4.8,0,0,125,-84.4442
4.825,0,0,125,-84.4443
4.85,0,0,125,-84.4444
4.875,0,0,125,-84.4445
4.9,0,0,125,-84.4445
4.925,0,0,125,-84.4446
4.95,0,0,125,-84.4446
4.975,0,0,125,-84.4446
5,0,0,125,-84.4446
