0,0,0,125,-84.4478
0.025,0,0,125,-84.4478
0.05,0,0,125,-84.4479
0.075,0,0,125,-84.448
0.1,0,0,125,-84.4481
0.125,0,0,125,-84.4483
0.15,0,0,125,-84.4484
0.175,0,0,125,-84.4486
0.2,0,0,125,-84.4488
0.225,0,0,125,-84.449
0.25,0,0,125,-84.4492
0.275,0,0,125,-84.4494
0.3,0,0,125,-84.4497
0.325,0,0,125,-84.4499
0.35,0,0,125,-84.4501
0.375,0,0,125,-84.4503
0.4,0,0,125,-84.4505
0.425,0,0,125,-84.4507
0.45,0,0,125,-84.4509
0.475,0,0,125,-84.451
0.5,0,0,125,-84.4512
0.525,0,0,125,-84.4514
0.55,0,0,125,-84.4515
0.575,0,0,125,-84.4517
0.6,0,0,125,-84.4518
0.625,0,0,125,-84.452
0.65,0,0,125,-84.4521
0.675,0,0,125,-84.4523
0.7,0,0,125,-84.4524
0.725,0,0,125,-84.4526
0.75,0,0,125,-84.4527
0.775,0,0,125,-84.4529
0.8,0,0,125,-84.453
0.825,0,0,125,-84.4532
0.85,0,0,125,-84.4533
0.875,0,0,125,-84.4535
0.9,0,0,125,-84.4536
0.925,0,0,125,-84.4538
0.95,0,0,125,-84.4539
0.975,0,0,125,-84.4541
1,0,0,125,-84.4542
1.025,0,0,125,-84.4544
1.05,0,0,125,-84.4545
1.075,0,0,125,-84.4547
1.1,0,0,125,-84.4549
1.125,0,0,125,-84.455
1.15,0,0,125,-84.4552
1.175,0,0,125,-84.4554
1.2,0,0,125,-84.4556
1.225,0,0,125,-84.4557
1.25,0,0,125,-84.4559
1.275,0,0,125,-84.4561
1.3,0,0,125,-84.4563
1.325,0,0,125,-84.4565
1.35,0,0,125,-84.4567
1.375,0,0,125,-84.4569
1.4,0,0,125,-84.4571
1.425,0,0,125,-84.4573
1.45,0,0,125,-84.4575
1.475,0,0,125,-84.4577
1.5,0,0,125,-84.458
1.525,0,0,125,-84.4582
1.55,0,0,125,-84.4584
1.575,0,0,125,-84.4586
1.6,0,0,125,-84.4589
1.625,0,0,125,-84.4591
1.65,0,0,125,-84.4594
1.675,0,0,125,-84.4596
1.7,0,0,125,-84.4599
1.725,0,0,125,-84.4601
1.75,0,0,125,-84.4604
1.775,0,0,125,-84.4607
1.8,0,0,125,-84.461
1.825,0,0,125,-84.4613
1.85,0,0,125,-84.4616
1.875,0,0,125,-84.4619
1.9,0,0,125,-84.4622
1.925,0,0,125,-84.4625
1.95,0,0,125,-84.4629
1.975,0,0,125,-84.4632
2,0,0,125,-84.4636
2.025,0,0,125,-84.464
2.05,0,0,125,-84.4644
2.075,0,0,125,-84.4647
2.1,0,0,125,-84.4651
2.125,0,0,125,-84.4656
2.15,0,0,125,-84.466
2.175,0,0,125,-84.4664
2.2,0,0,125,-84.4668
2.225,0,0,125,-84.4673
2.25,0,0,125,-84.4677
2.275,0,0,125,-84.4682
2.3,0,0,125,-84.4687
2.325,0,0,125,-84.4692
2.35,0,0,125,-84.4697
2.375,0,0,125,-84.4702
2.4,0,0,125,-84.4707
2.425,0,0,125,-84.4712
2.45,0,0,125,-84.4718
2.475,0,0,125,-84.4723
2.5,0,0,125,-84.4728
2.525,0,0,125,-84.4734
2.55,0,0,125,-84.474
2.575,0,0,125,-84.4746
2.6,0,0,125,-84.4752
2.625,0,0,125,-84.4757
2.65,0,0,125,-84.4764
2.675,0,0,125,-84.477
2.7,0,0,125,-84.4776
2.725,0,0,125,-84.4782
2.75,0,0,125,-84.4789
2.775,0,0,125,-84.4795
2.8,0,0,125,-84.4802
2.825,0,0,125,-84.4809
2.85,0,0,125,-84.4816
2.875,0,0,125,-84.4823
2.9,0,0,125,-84.483
2.925,0,0,125,-84.4837
2.95,0,0,125,-84.4844
2.975,0,0,125,-84.4851
3,0,0,125,-84.4859
3.025,0,0,125,-84.4866
3.05,0,0,125,-84.4874
3.075,0,0,125,-84.4881
3.1,0,0,125,-84.4889
3.125,0,0,125,-84.4896
3.15,0,0,125,-84.4903
3.175,0,0,125,-84.491
3.2,0,0,125,-84.4917
3.225,0,0,125,-84.4924
3.25,0,0,125,-84.4931
3.275,0,0,125,-84.4937
3.3,0,0,125,-84.4944
3.325,0,0,125,-84.495
3.35,0,0,125,-84.4957
3.375,0,0,125,-84.4963
3.4,0,0,125,-84.4969
3.425,0,0,125,-84.4975
3.45,0,0,125,-84.4981
3.475,0,0,125,-84.4987
3.5,0,0,125,-84.4993
3.525,0,0,125,-84.4999
3.55,0,0,125,-84.5005
3.575,0,0,125,-84.501
3.6,0,0,125,-84.5016
3.625,0,0,125,-84.5021
3.65,0,0,125,-84.5026
3.675,0,0,125,-84.5031
3.7,0,0,125,-84.5036
3.725,0,0,125,-84.5041
3.75,0,0,125,-84.5045
3.775,0,0,125,-84.505
3.8,0,0,125,-84.5054
3.825,0,0,125,-84.5058
3.85,0,0,125,-84.5062
3.875,0,0,125,-84.5066
3.9,0,0,125,-84.507
3.925,0,0,125,-84.5074
3.95,0,0,125,-84.5078
3.975,0,0,125,-84.5081
4,0,0,125,-84.5085
4.025,0,0,125,-84.5088
4.05,0,0,125,-84.5092
4.075,0,0,125,-84.5095
4.1,0,0,125,-84.5098
4.125,0,0,125,-84.5101
4.15,0,0,125,-84.5104
4.175,0,0,125,-84.5107
4.2,0,0,125,-84.5109
4.225,0,0,125,-84.5112
4.25,0,0,125,-84.5115
4.275,0,0,125,-84.5117
4.3,0,0,125,-84.5119
4.325,0,0,125,-84.5121
4.35,0,0,125,-84.5123
4.375,0,0,125,-84.5125
4.4,0,0,125,-84.5127
4.425,0,0,125,-84.5129
4.45,0,0,125,-84.5131
4.475,0,0,125,-84.5132
4.5,0,0,125,-84.5134
4.525,0,0,125,-84.5135
4.55,0,0,125,-84.5137
4.575,0,0,125,-84.5138
4.6,0,0,125,-84.5139
4.625,0,0,125,-84.514
4.65,0,0,125,-84.5141
4.675,0,0,125,-84.5141
4.7,0,0,125,-84.5142
4.725,0,0,125,-84.5143
4.75,0,0,125,-84.5143
4.775,0,0,125,-84.5143
4.8,0,0,125,-84.5144
4.825,0,0,125,-84.5144
4.85,0,0,125,-84.5144
4.875,0,0,125,-84.5144
4.9,0,0,125,-84.5144
4.925,0,0,125,-84.5144
4.95,0,0,125,-84.5143
4.975,0,0,125,-84.5143
5,0,0,125,-84.5143
