0,0,0,125,-83.7355
0.025,0,0,125,-83.7357
0.05,0,0,125,-83.7362
0.075,0,0,125,-83.7369
0.1,0,0,125,-83.7377
0.125,0,0,125,-83.7387
0.15,0,0,125,-83.7398
0.175,0,0,125,-83.7409
0.2,0,0,125,-83.7421
0.225,0,0,125,-83.7432
0.25,0,0,125,-83.7444
0.275,0,0,125,-83.7456
0.3,0,0,125,-83.7468
0.325,0,0,125,-83.748
0.35,0,0,125,-83.7492
0.375,0,0,125,-83.7504
0.4,0,0,125,-83.7515
0.425,0,0,125,-83.7526
0.45,0,0,125,-83.7537
0.475,0,0,125,-83.7548
0.5,0,0,125,-83.7559
0.525,0,0,125,-83.757
0.55,0,0,125,-83.758
0.575,0,0,125,-83.7591
0.6,0,0,125,-83.7601
0.625,0,0,125,-83.7611
0.65,0,0,125,-83.7621
0.675,0,0,125,-83.7631
0.7,0,0,125,-83.764
0.725,0,0,125,-83.765
0.75,0,0,125,-83.766
0.775,0,0,125,-83.767
0.8,0,0,125,-83.768
0.825,0,0,125,-83.769
0.85,0,0,125,-83.77
0.875,0,0,125,-83.771
0.9,0,0,125,-83.772
0.925,0,0,125,-83.7731
0.95,0,0,125,-83.7741
0.975,0,0,125,-83.7752
1,0,0,125,-83.7763
1.025,0,0,125,-83.7774
1.05,0,0,125,-83.7785
1.075,0,0,125,-83.7796
1.1,0,0,125,-83.7807
1.125,0,0,125,-83.7818
1.15,0,0,125,-83.7829
1.175,0,0,125,-83.784
1.2,0,0,125,-83.7852
1.225,0,0,125,-83.7864
1.25,0,0,125,-83.7875
1.275,0,0,125,-83.7887
1.3,0,0,125,-83.79
1.325,0,0,125,-83.7912
1.35,0,0,125,-83.7925
1.375,0,0,125,-83.7938
1.4,0,0,125,-83.7952
1.425,0,0,125,-83.7966
1.45,0,0,125,-83.798
1.475,0,0,125,-83.7995
1.5,0,0,125,-83.801
1.525,0,0,125,-83.8026
1.55,0,0,125,-83.8041
1.575,0,0,125,-83.8058
1.6,0,0,125,-83.8074
1.625,0,0,125,-83.8091
1.65,0,0,125,-83.8107
1.675,0,0,125,-83.8125
1.7,0,0,125,-83.8142
1.725,0,0,125,-83.816
1.75,0,0,125,-83.8179
1.775,0,0,125,-83.8197
1.8,0,0,125,-83.8216
1.825,0,0,125,-83.8236
1.85,0,0,125,-83.8256
1.875,0,0,125,-83.8276
1.9,0,0,125,-83.8297
1.925,0,0,125,-83.8318
1.95,0,0,125,-83.8339
1.975,0,0,125,-83.8361
2,0,0,125,-83.8384
2.025,0,0,125,-83.8407
2.05,0,0,125,-83.8431
2.075,0,0,125,-83.8456
2.1,0,0,125,-83.8481
2.125,0,0,125,-83.8507
2.15,0,0,125,-83.8533
2.175,0,0,125,-83.856
2.2,0,0,125,-83.8588
2.225,0,0,125,-83.8616
2.25,0,0,125,-83.8645
2.275,0,0,125,-83.8675
2.3,0,0,125,-83.8705
2.325,0,0,125,-83.8735
2.35,0,0,125,-83.8767
2.375,0,0,125,-83.8799
2.4,0,0,125,-83.8831
2.425,0,0,125,-83.8865
2.45,0,0,125,-83.8899
2.475,0,0,125,-83.8934
2.5,0,0,125,-83.897
2.525,0,0,125,-83.9006
2.55,0,0,125,-83.9044
2.575,0,0,125,-83.9081
2.6,0,0,125,-83.912
2.625,0,0,125,-83.9159
2.65,0,0,125,-83.9198
2.675,0,0,125,-83.9237
2.7,0,0,125,-83.9277
2.725,0,0,125,-83.9318
2.75,0,0,125,-83.9359
2.775,0,0,125,-83.94
2.8,0,0,125,-83.9441
2.825,0,0,125,-83.9483
2.85,0,0,125,-83.9525
2.875,0,0,125,-83.9568
2.9,0,0,125,-83.9611
2.925,0,0,125,-83.9654
2.95,0,0,125,-83.9698
2.975,0,0,125,-83.9741
3,0,0,125,-83.9785
3.025,0,0,125,-83.9829
3.05,0,0,125,-83.9873
3.075,0,0,125,-83.9916
3.1,0,0,125,-83.9961
3.125,0,0,125,-84.0005
3.15,0,0,125,-84.0049
3.175,0,0,125,-84.0092
3.2,0,0,125,-84.0136
3.225,0,0,125,-84.0179
3.25,0,0,125,-84.0222
3.275,0,0,125,-84.0264
3.3,0,0,125,-84.0307
3.325,0,0,125,-84.0348
3.35,0,0,125,-84.039
3.375,0,0,125,-84.0431
3.4,0,0,125,-84.0471
3.425,0,0,125,-84.051
3.45,0,0,125,-84.0549
3.475,0,0,125,-84.0587
3.5,0,0,125,-84.0625
3.525,0,0,125,-84.0662
3.55,0,0,125,-84.0698
3.575,0,0,125,-84.0734
3.6,0,0,125,-84.0769
3.625,0,0,125,-84.0803
3.65,0,0,125,-84.0837
3.675,0,0,125,-84.087
3.7,0,0,125,-84.0903
3.725,0,0,125,-84.0934
3.75,0,0,125,-84.0965
3.775,0,0,125,-84.0994
3.8,0,0,125,-84.1023
3.825,0,0,125,-84.1051
3.85,0,0,125,-84.1078
3.875,0,0,125,-84.1104
3.9,0,0,125,-84.1129
3.925,0,0,125,-84.1154
3.95,0,0,125,-84.1178
3.975,0,0,125,-84.12
4,0,0,125,-84.1222
4.025,0,0,125,-84.1244
4.05,0,0,125,-84.1264
4.075,0,0,125,-84.1283
4.1,0,0,125,-84.1302
4.125,0,0,125,-84.132
4.15,0,0,125,-84.1337
4.175,0,0,125,-84.1353
4.2,0,0,125,-84.1368
4.225,0,0,125,-84.1383
4.25,0,0,125,-84.1396
4.275,0,0,125,-84.1409
4.3,0,0,125,-84.1421
4.325,0,0,125,-84.1432
4.35,0,0,125,-84.1443
4.375,0,0,125,-84.1453
4.4,0,0,125,-84.1463
4.425,0,0,125,-84.1472
4.45,0,0,125,-84.1481
4.475,0,0,125,-84.1488
4.5,0,0,125,-84.1496
4.525,0,0,125,-84.1502
4.55,0,0,125,-84.1508
4.575,0,0,125,-84.1513
4.6,0,0,125,-84.1518
4.625,0,0,125,-84.1523
4.65,0,0,125,-84.1527
4.675,0,0,125,-84.153
4.7,0,0,125,-84.1534
4.725,0,0,125,-84.1537
4.75,0,0,125,-84.1539
4.775,0,0,125,-84.1541
4.8,0,0,125,-84.1543
4.825,0,0,125,-84.1545
4.85,0,0,125,-84.1546
4.875,0,0,125,-84.1547
4.9,0,0,125,-84.1547
4.925,0,0,125,-84.1548
4.95,0,0,125,-84.1548
4.975,0,0,125,-84.1548
5,0,0,125,-84.1548
