0,0,0,125,-60.1357
0.025,0,0,125,-60.1547
0.05,0,0,125,-60.1927
0.075,0,0,125,-60.2496
0.1,0,0,125,-60.3253
0.125,0,0,125,-60.4199
0.15,0,0,125,-60.5332
0.175,0,0,125,-60.665
0.2,0,0,125,-60.8151
0.225,0,0,125,-60.9833
0.25,0,0,125,-61.1691
0.275,0,0,125,-61.3724
0.3,0,0,125,-61.5926
0.325,0,0,125,-61.8293
0.35,0,0,125,-62.082
0.375,0,0,125,-62.3503
0.4,0,0,125,-62.6336
0.425,0,0,125,-62.9313
0.45,0,0,125,-63.2427
0.475,0,0,125,-63.5673
0.5,0,0,125,-63.9043
0.525,0,0,125,-64.2531
0.55,0,0,125,-64.6129
0.575,0,0,125,-64.9829
0.6,0,0,125,-65.3623
0.625,0,0,125,-65.7504
0.65,0,0,125,-66.1462
0.675,0,0,125,-66.549
0.7,0,0,125,-66.9578
0.725,0,0,125,-67.3718
0.75,0,0,125,-67.7901
0.775,0,0,125,-68.2119
0.8,0,0,125,-68.6361
0.825,0,0,125,-69.0621
0.85,0,0,125,-69.4888
0.875,0,0,125,-69.9154
0.9,0,0,125,-70.3412
0.925,0,0,125,-70.7651
0.95,0,0,125,-71.1865
0.975,0,0,125,-71.6046
1,0,0,125,-72.0186
1.025,0,0,125,-72.4279
1.05,0,0,125,-72.8317
1.075,0,0,125,-73.2294
1.1,0,0,125,-73.6204
1.125,0,0,125,-74.0042
1.15,0,0,125,-74.3802
1.175,0,0,125,-74.7481
1.2,0,0,125,-75.1073
1.225,0,0,125,-75.4576
1.25,0,0,125,-75.7985
1.275,0,0,125,-76.1299
1.3,0,0,125,-76.4515
1.325,0,0,125,-76.7631
1.35,0,0,125,-77.0647
1.375,0,0,125,-77.356
1.4,0,0,125,-77.637
1.425,0,0,125,-77.9078
1.45,0,0,125,-78.1684
1.475,0,0,125,-78.4187
1.5,0,0,125,-78.659
1.525,0,0,125,-78.8892
1.55,0,0,125,-79.1097
1.575,0,0,125,-79.3204
1.6,0,0,125,-79.5217
1.625,0,0,125,-79.7138
1.65,0,0,125,-79.8968
1.675,0,0,125,-80.071
1.7,0,0,125,-80.2368
1.725,0,0,125,-80.3942
1.75,0,0,125,-80.5437
1.775,0,0,125,-80.6855
1.8,0,0,125,-80.8198
1.825,0,0,125,-80.9471
1.85,0,0,125,-81.0675
1.875,0,0,125,-81.1814
1.9,0,0,125,-81.289
1.925,0,0,125,-81.3907
1.95,0,0,125,-81.4867
1.975,0,0,125,-81.5772
2,0,0,125,-81.6627
2.025,0,0,125,-81.7432
2.05,0,0,125,-81.8192
2.075,0,0,125,-81.8908
2.1,0,0,125,-81.9582
2.125,0,0,125,-82.0218
2.15,0,0,125,-82.0816
2.175,0,0,125,-82.1381
2.2,0,0,125,-82.1913
2.225,0,0,125,-82.2414
2.25,0,0,125,-82.2886
2.275,0,0,125,-82.3332
2.3,0,0,125,-82.3753
2.325,0,0,125,-82.415
2.35,0,0,125,-82.4524
2.375,0,0,125,-82.4879
2.4,0,0,125,-82.5213
2.425,0,0,125,-82.553
2.45,0,0,125,-82.583
2.475,0,0,125,-82.6115
2.5,0,0,125,-82.6385
2.525,0,0,125,-82.6641
2.55,0,0,125,-82.6884
2.575,0,0,125,-82.7116
2.6,0,0,125,-82.7336
2.625,0,0,125,-82.7546
2.65,0,0,125,-82.7747
2.675,0,0,125,-82.7938
2.7,0,0,125,-82.8121
2.725,0,0,125,-82.8297
2.75,0,0,125,-82.8465
2.775,0,0,125,-82.8625
2.8,0,0,125,-82.878
2.825,0,0,125,-82.8928
2.85,0,0,125,-82.9071
2.875,0,0,125,-82.9208
2.9,0,0,125,-82.9341
2.925,0,0,125,-82.9468
2.95,0,0,125,-82.9591
2.975,0,0,125,-82.971
3,0,0,125,-82.9825
3.025,0,0,125,-82.9935
3.05,0,0,125,-83.0042
3.075,0,0,125,-83.0146
3.1,0,0,125,-83.0246
3.125,0,0,125,-83.0343
3.15,0,0,125,-83.0437
3.175,0,0,125,-83.0527
3.2,0,0,125,-83.0615
3.225,0,0,125,-83.07
3.25,0,0,125,-83.0783
3.275,0,0,125,-83.0862
3.3,0,0,125,-83.0939
3.325,0,0,125,-83.1014
3.35,0,0,125,-83.1086
3.375,0,0,125,-83.1155
3.4,0,0,125,-83.1222
3.425,0,0,125,-83.1287
3.45,0,0,125,-83.135
3.475,0,0,125,-83.141
3.5,0,0,125,-83.1468
3.525,0,0,125,-83.1523
3.55,0,0,125,-83.1577
3.575,0,0,125,-83.1628
3.6,0,0,125,-83.1678
3.625,0,0,125,-83.1725
3.65,0,0,125,-83.177
3.675,0,0,125,-83.1813
3.7,0,0,125,-83.1853
3.725,0,0,125,-83.1892
3.75,0,0,125,-83.1929
3.775,0,0,125,-83.1964
3.8,0,0,125,-83.1997
3.825,0,0,125,-83.2028
3.85,0,0,125,-83.2057
3.875,0,0,125,-83.2083
3.9,0,0,125,-83.2108
3.925,0,0,125,-83.213
3.95,0,0,125,-83.2151
3.975,0,0,125,-83.217
4,0,0,125,-83.2186
4.025,0,0,125,-83.2201
4.05,0,0,125,-83.2214
4.075,0,0,125,-83.2226
4.1,0,0,125,-83.2235
4.125,0,0,125,-83.2242
4.15,0,0,125,-83.2248
4.175,0,0,125,-83.2251
4.2,0,0,125,-83.2253
4.225,0,0,125,-83.2253
4.25,0,0,125,-83.2251
4.275,0,0,125,-83.2248
4.3,0,0,125,-83.2243
4.325,0,0,125,-83.2236
4.35,0,0,125,-83.2228
4.375,0,0,125,-83.2218
4.4,0,0,125,-83.2207
4.425,0,0,125,-83.2194
4.45,0,0,125,-83.218
4.475,0,0,125,-83.2165
4.5,0,0,125,-83.2148
4.525,0,0,125,-83.213
4.55,0,0,125,-83.2111
4.575,0,0,125,-83.2091
4.6,0,0,125,-83.207
4.625,0,0,125,-83.2048
4.65,0,0,125,-83.2026
4.675,0,0,125,-83.2003
4.7,0,0,125,-83.1979
4.725,0,0,125,-83.1955
4.75,0,0,125,-83.1931
4.775,0,0,125,-83.1907
4.8,0,0,125,-83.1883
4.825,0,0,125,-83.186
4.85,0,0,125,-83.1837
4.875,0,0,125,-83.1816
4.9,0,0,125,-83.1796
4.925,0,0,125,-83.178
4.95,0,0,125,-83.1766
4.975,0,0,125,-83.1757
5,0,0,125,-83.1752
