0,0,0,125,-84.4695
0.025,0,0,125,-84.4696
0.05,0,0,125,-84.4697
0.075,0,0,125,-84.4698
0.1,0,0,125,-84.4699
0.125,0,0,125,-84.47
0.15,0,0,125,-84.4701
0.175,0,0,125,-84.4703
0.2,0,0,125,-84.4704
0.225,0,0,125,-84.4706
0.25,0,0,125,-84.4708
0.275,0,0,125,-84.471
0.3,0,0,125,-84.4712
0.325,0,0,125,-84.4713
0.35,0,0,125,-84.4715
0.375,0,0,125,-84.4717
0.4,0,0,125,-84.4718
0.425,0,0,125,-84.472
0.45,0,0,125,-84.4721
0.475,0,0,125,-84.4723
0.5,0,0,125,-84.4724
0.525,0,0,125,-84.4726
0.55,0,0,125,-84.4727
0.575,0,0,125,-84.4728
0.6,0,0,125,-84.4729
0.625,0,0,125,-84.4731
0.65,0,0,125,-84.4732
0.675,0,0,125,-84.4733
0.7,0,0,125,-84.4734
0.725,0,0,125,-84.4736
0.75,0,0,125,-84.4737
0.775,0,0,125,-84.4738
0.8,0,0,125,-84.4739
0.825,0,0,125,-84.474
0.85,0,0,125,-84.4742
0.875,0,0,125,-84.4743
0.9,0,0,125,-84.4744
0.925,0,0,125,-84.4745
0.95,0,0,125,-84.4746
0.975,0,0,125,-84.4748
1,0,0,125,-84.4749
1.025,0,0,125,-84.475
1.05,0,0,125,-84.4752
1.075,0,0,125,-84.4753
1.1,0,0,125,-84.4754
1.125,0,0,125,-84.4756
1.15,0,0,125,-84.4757
1.175,0,0,125,-84.4758
1.2,0,0,125,-84.476
1.225,0,0,125,-84.4761
1.25,0,0,125,-84.4763
1.275,0,0,125,-84.4764
1.3,0,0,125,-84.4766
1.325,0,0,125,-84.4768
1.35,0,0,125,-84.4769
1.375,0,0,125,-84.4771
1.4,0,0,125,-84.4773
1.425,0,0,125,-84.4774
1.45,0,0,125,-84.4776
1.475,0,0,125,-84.4778
1.5,0,0,125,-84.478
1.525,0,0,125,-84.4782
1.55,0,0,125,-84.4783
1.575,0,0,125,-84.4785
1.6,0,0,125,-84.4787
1.625,0,0,125,-84.4789
1.65,0,0,125,-84.4791
1.675,0,0,125,-84.4793
1.7,0,0,125,-84.4795
1.725,0,0,125,-84.4798
1.75,0,0,125,-84.48
1.775,0,0,125,-84.4802
1.8,0,0,125,-84.4805
1.825,0,0,125,-84.4807
1.85,0,0,125,-84.481
1.875,0,0,125,-84.4813
1.9,0,0,125,-84.4815
1.925,0,0,125,-84.4818
1.95,0,0,125,-84.4821
1.975,0,0,125,-84.4824
2,0,0,125,-84.4828
2.025,0,0,125,-84.4831
2.05,0,0,125,-84.4834
2.075,0,0,125,-84.4838
2.1,0,0,125,-84.4841
2.125,0,0,125,-84.4845
2.15,0,0,125,-84.4849
2.175,0,0,125,-84.4853
2.2,0,0,125,-84.4857
2.225,0,0,125,-84.4861
2.25,0,0,125,-84.4865
2.275,0,0,125,-84.4869
2.3,0,0,125,-84.4874
2.325,0,0,125,-84.4878
2.35,0,0,125,-84.4883
2.375,0,0,125,-84.4887
2.4,0,0,125,-84.4892
2.425,0,0,125,-84.4897
2.45,0,0,125,-84.4902
2.475,0,0,125,-84.4907
2.5,0,0,125,-84.4912
2.525,0,0,125,-84.4917
2.55,0,0,125,-84.4922
2.575,0,0,125,-84.4928
2.6,0,0,125,-84.4933
2.625,0,0,125,-84.4939
2.65,0,0,125,-84.4945
2.675,0,0,125,-84.495
2.7,0,0,125,-84.4956
2.725,0,0,125,-84.4962
2.75,0,0,125,-84.4968
2.775,0,0,125,-84.4974
2.8,0,0,125,-84.4981
2.825,0,0,125,-84.4987
2.85,0,0,125,-84.4993
2.875,0,0,125,-84.5
2.9,0,0,125,-84.5006
2.925,0,0,125,-84.5012
2.95,0,0,125,-84.5019
2.975,0,0,125,-84.5025
3,0,0,125,-84.5031
3.025,0,0,125,-84.5037
3.05,0,0,125,-84.5042
3.075,0,0,125,-84.5048
3.1,0,0,125,-84.5054
3.125,0,0,125,-84.506
3.15,0,0,125,-84.5066
3.175,0,0,125,-84.5072
3.2,0,0,125,-84.5078
3.225,0,0,125,-84.5083
3.25,0,0,125,-84.5089
3.275,0,0,125,-84.5095
3.3,0,0,125,-84.51
3.325,0,0,125,-84.5105
3.35,0,0,125,-84.5111
3.375,0,0,125,-84.5116
3.4,0,0,125,-84.5121
3.425,0,0,125,-84.5126
3.45,0,0,125,-84.5131
3.475,0,0,125,-84.5136
3.5,0,0,125,-84.514
3.525,0,0,125,-84.5145
3.55,0,0,125,-84.515
3.575,0,0,125,-84.5154
3.6,0,0,125,-84.5158
3.625,0,0,125,-84.5162
3.65,0,0,125,-84.5167
3.675,0,0,125,-84.517
3.7,0,0,125,-84.5174
3.725,0,0,125,-84.5178
3.75,0,0,125,-84.5182
3.775,0,0,125,-84.5185
3.8,0,0,125,-84.5189
3.825,0,0,125,-84.5192
3.85,0,0,125,-84.5196
3.875,0,0,125,-84.5199
3.9,0,0,125,-84.5202
3.925,0,0,125,-84.5205
3.95,0,0,125,-84.5208
3.975,0,0,125,-84.521
4,0,0,125,-84.5213
4.025,0,0,125,-84.5216
4.05,0,0,125,-84.5218
4.075,0,0,125,-84.522
4.1,0,0,125,-84.5223
4.125,0,0,125,-84.5225
4.15,0,0,125,-84.5227
4.175,0,0,125,-84.5229
4.2,0,0,125,-84.5231
4.225,0,0,125,-84.5232
4.25,0,0,125,-84.5234
4.275,0,0,125,-84.5235
4.3,0,0,125,-84.5237
4.325,0,0,125,-84.5238
4.35,0,0,125,-84.5239
4.375,0,0,125,-84.5241
4.4,0,0,125,-84.5242
4.425,0,0,125,-84.5243
4.45,0,0,125,-84.5243
4.475,0,0,125,-84.5244
4.5,0,0,125,-84.5245
4.525,0,0,125,-84.5245
4.55,0,0,125,-84.5246
4.575,0,0,125,-84.5246
4.6,0,0,125,-84.5247
4.625,0,0,125,-84.5247
4.65,0,0,125,-84.5247
4.675,0,0,125,-84.5248
4.7,0,0,125,-84.5248
4.725,0,0,125,-84.5248
4.75,0,0,125,-84.5248
4.775,0,0,125,-84.5248
4.8,0,0,125,-84.5248
4.825,0,0,125,-84.5248
4.85,0,0,125,-84.5248
4.875,0,0,125,-84.5248
4.9,0,0,125,-84.5247
4.925,0,0,125,-84.5247
4.95,0,0,125,-84.5246
4.975,0,0,125,-84.5246
5,0,0,125,-84.5246
