0,0,0,125,-31.6499
0.025,0,0,125,-31.6449
0.05,0,0,125,-31.6351
0.075,0,0,125,-31.6207
0.1,0,0,125,-31.6019
0.125,0,0,125,-31.5791
0.15,0,0,125,-31.5527
0.175,0,0,125,-31.523
0.2,0,0,125,-31.4902
0.225,0,0,125,-31.4544
0.25,0,0,125,-31.4159
0.275,0,0,125,-31.3746
0.3,0,0,125,-31.3308
0.325,0,0,125,-31.2845
0.35,0,0,125,-31.2359
0.375,0,0,125,-31.1851
0.4,0,0,125,-31.1321
0.425,0,0,125,-31.0771
0.45,0,0,125,-31.0201
0.475,0,0,125,-30.9613
0.5,0,0,125,-30.9007
0.525,0,0,125,-30.8384
0.55,0,0,125,-30.7744
0.575,0,0,125,-30.709
0.6,0,0,125,-30.642
0.625,0,0,125,-30.5736
0.65,0,0,125,-30.5039
0.675,0,0,125,-30.4329
0.7,0,0,125,-30.3607
0.725,0,0,125,-30.2873
0.75,0,0,125,-30.2128
0.775,0,0,125,-30.1373
0.8,0,0,125,-30.0608
0.825,0,0,125,-29.9834
0.85,0,0,125,-29.905
0.875,0,0,125,-29.8259
0.9,0,0,125,-29.7459
0.925,0,0,125,-29.6651
0.95,0,0,125,-29.5837
0.975,0,0,125,-29.5015
1,0,0,125,-29.4187
1.025,0,0,125,-29.3354
1.05,0,0,125,-29.2514
1.075,0,0,125,-29.167
1.1,0,0,125,-29.082
1.125,0,0,125,-28.9966
1.15,0,0,125,-28.9107
1.175,0,0,125,-28.8244
1.2,0,0,125,-28.7377
1.225,0,0,125,-28.6507
1.25,0,0,125,-28.5634
1.275,0,0,125,-28.4757
1.3,0,0,125,-28.3878
1.325,0,0,125,-28.2996
1.35,0,0,125,-28.2112
1.375,0,0,125,-28.1226
1.4,0,0,125,-28.0338
1.425,0,0,125,-27.9448
1.45,0,0,125,-27.8556
1.475,0,0,125,-27.7663
1.5,0,0,125,-27.6768
1.525,0,0,125,-27.5873
1.55,0,0,125,-27.4976
1.575,0,0,125,-27.4079
1.6,0,0,125,-27.3181
1.625,0,0,125,-27.2282
1.65,0,0,125,-27.1383
1.675,0,0,125,-27.0483
1.7,0,0,125,-26.9583
1.725,0,0,125,-26.8684
1.75,0,0,125,-26.7784
1.775,0,0,125,-26.6884
1.8,0,0,125,-26.5984
1.825,0,0,125,-26.5085
1.85,0,0,125,-26.4186
1.875,0,0,125,-26.3287
1.9,0,0,125,-26.2389
1.925,0,0,125,-26.1491
1.95,0,0,125,-26.0594
1.975,0,0,125,-25.9698
2,0,0,125,-25.8802
2.025,0,0,125,-25.7908
2.05,0,0,125,-25.7014
2.075,0,0,125,-25.6121
2.1,0,0,125,-25.5229
2.125,0,0,125,-25.4339
2.15,0,0,125,-25.3449
2.175,0,0,125,-25.256
2.2,0,0,125,-25.1673
2.225,0,0,125,-25.0787
2.25,0,0,125,-24.9902
2.275,0,0,125,-24.9018
2.3,0,0,125,-24.8136
2.325,0,0,125,-24.7255
2.35,0,0,125,-24.6376
2.375,0,0,125,-24.5498
2.4,0,0,125,-24.4621
2.425,0,0,125,-24.3746
2.45,0,0,125,-24.2873
2.475,0,0,125,-24.2001
2.5,0,0,125,-24.1131
2.525,0,0,125,-24.0262
2.55,0,0,125,-23.9395
2.575,0,0,125,-23.853
2.6,0,0,125,-23.7666
2.625,0,0,125,-23.6804
2.65,0,0,125,-23.5944
2.675,0,0,125,-23.5086
2.7,0,0,125,-23.4229
2.725,0,0,125,-23.3375
2.75,0,0,125,-23.2522
2.775,0,0,125,-23.1671
2.8,0,0,125,-23.0822
2.825,0,0,125,-22.9975
2.85,0,0,125,-22.913
2.875,0,0,125,-22.8286
2.9,0,0,125,-22.7445
2.925,0,0,125,-22.6606
2.95,0,0,125,-22.5769
2.975,0,0,125,-22.4934
3,0,0,125,-22.4101
3.025,0,0,125,-22.327
3.05,0,0,125,-22.2442
3.075,0,0,125,-22.1615
3.1,0,0,125,-22.0791
3.125,0,0,125,-21.9969
3.15,0,0,125,-21.9149
3.175,0,0,125,-21.8332
3.2,0,0,125,-21.7517
3.225,0,0,125,-21.6704
3.25,0,0,125,-21.5894
3.275,0,0,125,-21.5086
3.3,0,0,125,-21.4281
3.325,0,0,125,-21.3479
3.35,0,0,125,-21.2679
3.375,0,0,125,-21.1881
3.4,0,0,125,-21.1087
3.425,0,0,125,-21.0295
3.45,0,0,125,-20.9506
3.475,0,0,125,-20.872
3.5,0,0,125,-20.7937
3.525,0,0,125,-20.7158
3.55,0,0,125,-20.6381
3.575,0,0,125,-20.5608
3.6,0,0,125,-20.4838
3.625,0,0,125,-20.4071
3.65,0,0,125,-20.3308
3.675,0,0,125,-20.2548
3.7,0,0,125,-20.1793
3.725,0,0,125,-20.1041
3.75,0,0,125,-20.0293
3.775,0,0,125,-19.955
3.8,0,0,125,-19.881
3.825,0,0,125,-19.8075
3.85,0,0,125,-19.7345
3.875,0,0,125,-19.662
3.9,0,0,125,-19.5899
3.925,0,0,125,-19.5184
3.95,0,0,125,-19.4474
3.975,0,0,125,-19.377
4,0,0,125,-19.3071
4.025,0,0,125,-19.2379
4.05,0,0,125,-19.1693
4.075,0,0,125,-19.1013
4.1,0,0,125,-19.034
4.125,0,0,125,-18.9675
4.15,0,0,125,-18.9016
4.175,0,0,125,-18.8366
4.2,0,0,125,-18.7724
4.225,0,0,125,-18.709
4.25,0,0,125,-18.6465
4.275,0,0,125,-18.585
4.3,0,0,125,-18.5244
4.325,0,0,125,-18.4649
4.35,0,0,125,-18.4064
4.375,0,0,125,-18.3491
4.4,0,0,125,-18.2929
4.425,0,0,125,-18.238
4.45,0,0,125,-18.1844
4.475,0,0,125,-18.1322
4.5,0,0,125,-18.0814
4.525,0,0,125,-18.032
4.55,0,0,125,-17.9843
4.575,0,0,125,-17.9382
4.6,0,0,125,-17.8939
4.625,0,0,125,-17.8514
4.65,0,0,125,-17.8107
4.675,0,0,125,-17.7721
4.7,0,0,125,-17.7356
4.725,0,0,125,-17.7012
4.75,0,0,125,-17.6691
4.775,0,0,125,-17.6394
4.8,0,0,125,-17.6123
4.825,0,0,125,-17.5877
4.85,0,0,125,-17.5658
4.875,0,0,125,-17.5468
4.9,0,0,125,-17.5307
4.925,0,0,125,-17.5176
4.95,0,0,125,-17.5077
4.975,0,0,125,-17.501
5,0,0,125,-17.4977
