0,0,0,125,5.8375
0.025,0,0,125,5.84152
0.05,0,0,125,5.84941
0.075,0,0,125,5.8608
0.1,0,0,125,5.87517
0.125,0,0,125,5.89189
0.15,0,0,125,5.91038
0.175,0,0,125,5.93011
0.2,0,0,125,5.95076
0.225,0,0,125,5.9721
0.25,0,0,125,5.99393
0.275,0,0,125,6.0161
0.3,0,0,125,6.03845
0.325,0,0,125,6.06084
0.35,0,0,125,6.08315
0.375,0,0,125,6.10525
0.4,0,0,125,6.12702
0.425,0,0,125,6.14838
0.45,0,0,125,6.16921
0.475,0,0,125,6.18942
0.5,0,0,125,6.20892
0.525,0,0,125,6.22762
0.55,0,0,125,6.24543
0.575,0,0,125,6.26229
0.6,0,0,125,6.2781
0.625,0,0,125,6.2928
0.65,0,0,125,6.30631
0.675,0,0,125,6.31855
0.7,0,0,125,6.32945
0.725,0,0,125,6.33894
0.75,0,0,125,6.34695
0.775,0,0,125,6.35341
0.8,0,0,125,6.35823
0.825,0,0,125,6.36136
0.85,0,0,125,6.36272
0.875,0,0,125,6.36223
0.9,0,0,125,6.35981
0.925,0,0,125,6.35539
0.95,0,0,125,6.3489
0.975,0,0,125,6.34025
1,0,0,125,6.32935
1.025,0,0,125,6.31613
1.05,0,0,125,6.30051
1.075,0,0,125,6.2824
1.1,0,0,125,6.2617
1.125,0,0,125,6.23833
1.15,0,0,125,6.2122
1.175,0,0,125,6.1832
1.2,0,0,125,6.15126
1.225,0,0,125,6.11627
1.25,0,0,125,6.07813
1.275,0,0,125,6.03674
1.3,0,0,125,5.992
1.325,0,0,125,5.94381
1.35,0,0,125,5.89207
1.375,0,0,125,5.83666
1.4,0,0,125,5.7775
1.425,0,0,125,5.71446
1.45,0,0,125,5.64745
1.475,0,0,125,5.57636
1.5,0,0,125,5.5011
1.525,0,0,125,5.42154
1.55,0,0,125,5.3376
1.575,0,0,125,5.24917
1.6,0,0,125,5.15615
1.625,0,0,125,5.05844
1.65,0,0,125,4.95594
1.675,0,0,125,4.84856
1.7,0,0,125,4.7362
1.725,0,0,125,4.61878
1.75,0,0,125,4.49619
1.775,0,0,125,4.36835
1.8,0,0,125,4.23517
1.825,0,0,125,4.09655
1.85,0,0,125,3.95242
1.875,0,0,125,3.80268
1.9,0,0,125,3.64724
1.925,0,0,125,3.48601
1.95,0,0,125,3.3189
1.975,0,0,125,3.14582
2,0,0,125,2.96667
2.025,0,0,125,2.78136
2.05,0,0,125,2.58978
2.075,0,0,125,2.39183
2.1,0,0,125,2.1874
2.125,0,0,125,1.97637
2.15,0,0,125,1.75864
2.175,0,0,125,1.53407
2.2,0,0,125,1.30255
2.225,0,0,125,1.06393
2.25,0,0,125,0.818089
2.275,0,0,125,0.564875
2.3,0,0,125,0.304144
2.325,0,0,125,0.0357438
2.35,0,0,125,-0.240484
2.375,0,0,125,-0.524701
2.4,0,0,125,-0.817073
2.425,0,0,125,-1.11777
2.45,0,0,125,-1.42697
2.475,0,0,125,-1.74483
2.5,0,0,125,-2.07155
2.525,0,0,125,-2.40729
2.55,0,0,125,-2.75224
2.575,0,0,125,-3.10657
2.6,0,0,125,-3.47045
2.625,0,0,125,-3.84405
2.65,0,0,125,-4.22755
2.675,0,0,125,-4.62108
2.7,0,0,125,-5.02481
2.725,0,0,125,-5.43887
2.75,0,0,125,-5.86339
2.775,0,0,125,-6.29847
2.8,0,0,125,-6.74421
2.825,0,0,125,-7.20068
2.85,0,0,125,-7.66795
2.875,0,0,125,-8.14603
2.9,0,0,125,-8.63494
2.925,0,0,125,-9.13465
2.95,0,0,125,-9.64511
2.975,0,0,125,-10.1662
3,0,0,125,-10.6979
3.025,0,0,125,-11.24
3.05,0,0,125,-11.7922
3.075,0,0,125,-12.3544
3.1,0,0,125,-12.9263
3.125,0,0,125,-13.5076
3.15,0,0,125,-14.0979
3.175,0,0,125,-14.6968
3.2,0,0,125,-15.3039
3.225,0,0,125,-15.9187
3.25,0,0,125,-16.5406
3.275,0,0,125,-17.1692
3.3,0,0,125,-17.8037
3.325,0,0,125,-18.4437
3.35,0,0,125,-19.0884
3.375,0,0,125,-19.7371
3.4,0,0,125,-20.3891
3.425,0,0,125,-21.0437
3.45,0,0,125,-21.7002
3.475,0,0,125,-22.3577
3.5,0,0,125,-23.0155
3.525,0,0,125,-23.6729
3.55,0,0,125,-24.3291
3.575,0,0,125,-24.9833
3.6,0,0,125,-25.6347
3.625,0,0,125,-26.2826
3.65,0,0,125,-26.9263
3.675,0,0,125,-27.5651
3.7,0,0,125,-28.1982
3.725,0,0,125,-28.8249
3.75,0,0,125,-29.4446
3.775,0,0,125,-30.0566
3.8,0,0,125,-30.6604
3.825,0,0,125,-31.2551
3.85,0,0,125,-31.8404
3.875,0,0,125,-32.4156
3.9,0,0,125,-32.98
3.925,0,0,125,-33.5333
3.95,0,0,125,-34.0748
3.975,0,0,125,-34.6041
4,0,0,125,-35.1207
4.025,0,0,125,-35.6242
4.05,0,0,125,-36.114
4.075,0,0,125,-36.5899
4.1,0,0,125,-37.0515
4.125,0,0,125,-37.4984
4.15,0,0,125,-37.9303
4.175,0,0,125,-38.347
4.2,0,0,125,-38.7483
4.225,0,0,125,-39.134
4.25,0,0,125,-39.5039
4.275,0,0,125,-39.858
4.3,0,0,125,-40.1962
4.325,0,0,125,-40.5186
4.35,0,0,125,-40.8251
4.375,0,0,125,-41.1158
4.4,0,0,125,-41.3909
4.425,0,0,125,-41.6506
4.45,0,0,125,-41.895
4.475,0,0,125,-42.1245
4.5,0,0,125,-42.3393
4.525,0,0,125,-42.5397
4.55,0,0,125,-42.7262
4.575,0,0,125,-42.899
4.6,0,0,125,-43.0587
4.625,0,0,125,-43.2057
4.65,0,0,125,-43.3404
4.675,0,0,125,-43.4634
4.7,0,0,125,-43.575
4.725,0,0,125,-43.6759
4.75,0,0,125,-43.7664
4.775,0,0,125,-43.8471
4.8,0,0,125,-43.9184
4.825,0,0,125,-43.9807
4.85,0,0,125,-44.0345
4.875,0,0,125,-44.0799
4.9,0,0,125,-44.1174
4.925,0,0,125,-44.1471
4.95,0,0,125,-44.1692
4.975,0,0,125,-44.1839
5,0,0,125,-44.1912
