0,0,0,125,-82.637
0.025,0,0,125,-82.6375
0.05,0,0,125,-82.6385
0.075,0,0,125,-82.64
0.1,0,0,125,-82.6418
0.125,0,0,125,-82.6438
0.15,0,0,125,-82.6461
0.175,0,0,125,-82.6485
0.2,0,0,125,-82.6509
0.225,0,0,125,-82.6534
0.25,0,0,125,-82.6558
0.275,0,0,125,-82.6583
0.3,0,0,125,-82.6607
0.325,0,0,125,-82.6632
0.35,0,0,125,-82.6656
0.375,0,0,125,-82.6679
0.4,0,0,125,-82.6702
0.425,0,0,125,-82.6725
0.45,0,0,125,-82.6747
0.475,0,0,125,-82.6769
0.5,0,0,125,-82.6791
0.525,0,0,125,-82.6812
0.55,0,0,125,-82.6833
0.575,0,0,125,-82.6854
0.6,0,0,125,-82.6874
0.625,0,0,125,-82.6895
0.65,0,0,125,-82.6915
0.675,0,0,125,-82.6936
0.7,0,0,125,-82.6956
0.725,0,0,125,-82.6976
0.75,0,0,125,-82.6995
0.775,0,0,125,-82.7015
0.8,0,0,125,-82.7035
0.825,0,0,125,-82.7055
0.85,0,0,125,-82.7075
0.875,0,0,125,-82.7095
0.9,0,0,125,-82.7115
0.925,0,0,125,-82.7135
0.95,0,0,125,-82.7156
0.975,0,0,125,-82.7176
1,0,0,125,-82.7197
1.025,0,0,125,-82.7218
1.05,0,0,125,-82.7238
1.075,0,0,125,-82.7259
1.1,0,0,125,-82.7281
1.125,0,0,125,-82.7303
1.15,0,0,125,-82.7325
1.175,0,0,125,-82.7347
1.2,0,0,125,-82.737
1.225,0,0,125,-82.7393
1.25,0,0,125,-82.7416
1.275,0,0,125,-82.744
1.3,0,0,125,-82.7465
1.325,0,0,125,-82.7489
1.35,0,0,125,-82.7514
1.375,0,0,125,-82.754
1.4,0,0,125,-82.7565
1.425,0,0,125,-82.7592
1.45,0,0,125,-82.7618
1.475,0,0,125,-82.7645
1.5,0,0,125,-82.7673
1.525,0,0,125,-82.7701
1.55,0,0,125,-82.7729
1.575,0,0,125,-82.7758
1.6,0,0,125,-82.7788
1.625,0,0,125,-82.7818
1.65,0,0,125,-82.7849
1.675,0,0,125,-82.7881
1.7,0,0,125,-82.7913
1.725,0,0,125,-82.7946
1.75,0,0,125,-82.798
1.775,0,0,125,-82.8015
1.8,0,0,125,-82.8051
1.825,0,0,125,-82.8087
1.85,0,0,125,-82.8124
1.875,0,0,125,-82.8162
1.9,0,0,125,-82.8201
1.925,0,0,125,-82.8241
1.95,0,0,125,-82.8282
1.975,0,0,125,-82.8323
2,0,0,125,-82.8367
2.025,0,0,125,-82.8411
2.05,0,0,125,-82.8456
2.075,0,0,125,-82.8502
2.1,0,0,125,-82.855
2.125,0,0,125,-82.8599
2.15,0,0,125,-82.8649
2.175,0,0,125,-82.8701
2.2,0,0,125,-82.8754
2.225,0,0,125,-82.8808
2.25,0,0,125,-82.8864
2.275,0,0,125,-82.8921
2.3,0,0,125,-82.8979
2.325,0,0,125,-82.9039
2.35,0,0,125,-82.9101
2.375,0,0,125,-82.9164
2.4,0,0,125,-82.9229
2.425,0,0,125,-82.9296
2.45,0,0,125,-82.9364
2.475,0,0,125,-82.9433
2.5,0,0,125,-82.9504
2.525,0,0,125,-82.9576
2.55,0,0,125,-82.9649
2.575,0,0,125,-82.9724
2.6,0,0,125,-82.98
2.625,0,0,125,-82.9878
2.65,0,0,125,-82.9957
2.675,0,0,125,-83.0037
2.7,0,0,125,-83.0118
2.725,0,0,125,-83.0201
2.75,0,0,125,-83.0284
2.775,0,0,125,-83.0369
2.8,0,0,125,-83.0455
2.825,0,0,125,-83.0542
2.85,0,0,125,-83.063
2.875,0,0,125,-83.0718
2.9,0,0,125,-83.0808
2.925,0,0,125,-83.0898
2.95,0,0,125,-83.0989
2.975,0,0,125,-83.108
3,0,0,125,-83.1172
3.025,0,0,125,-83.1264
3.05,0,0,125,-83.1356
3.075,0,0,125,-83.1449
3.1,0,0,125,-83.1541
3.125,0,0,125,-83.1634
3.15,0,0,125,-83.1726
3.175,0,0,125,-83.1819
3.2,0,0,125,-83.1911
3.225,0,0,125,-83.2002
3.25,0,0,125,-83.2094
3.275,0,0,125,-83.2185
3.3,0,0,125,-83.2275
3.325,0,0,125,-83.2365
3.35,0,0,125,-83.2454
3.375,0,0,125,-83.2542
3.4,0,0,125,-83.2629
3.425,0,0,125,-83.2716
3.45,0,0,125,-83.2801
3.475,0,0,125,-83.2885
3.5,0,0,125,-83.2967
3.525,0,0,125,-83.3048
3.55,0,0,125,-83.3128
3.575,0,0,125,-83.3206
3.6,0,0,125,-83.3283
3.625,0,0,125,-83.3358
3.65,0,0,125,-83.3432
3.675,0,0,125,-83.3504
3.7,0,0,125,-83.3574
3.725,0,0,125,-83.3643
3.75,0,0,125,-83.3709
3.775,0,0,125,-83.3775
3.8,0,0,125,-83.3838
3.825,0,0,125,-83.39
3.85,0,0,125,-83.396
3.875,0,0,125,-83.4018
3.9,0,0,125,-83.4074
3.925,0,0,125,-83.4128
3.95,0,0,125,-83.418
3.975,0,0,125,-83.423
4,0,0,125,-83.4279
4.025,0,0,125,-83.4326
4.05,0,0,125,-83.4371
4.075,0,0,125,-83.4414
4.1,0,0,125,-83.4455
4.125,0,0,125,-83.4494
4.15,0,0,125,-83.4532
4.175,0,0,125,-83.4567
4.2,0,0,125,-83.4601
4.225,0,0,125,-83.4633
4.25,0,0,125,-83.4664
4.275,0,0,125,-83.4693
4.3,0,0,125,-83.472
4.325,0,0,125,-83.4746
4.35,0,0,125,-83.477
4.375,0,0,125,-83.4792
4.4,0,0,125,-83.4813
4.425,0,0,125,-83.4833
4.45,0,0,125,-83.4852
4.475,0,0,125,-83.4869
4.5,0,0,125,-83.4885
4.525,0,0,125,-83.4899
4.55,0,0,125,-83.4913
4.575,0,0,125,-83.4925
4.6,0,0,125,-83.4937
4.625,0,0,125,-83.4947
4.65,0,0,125,-83.4956
4.675,0,0,125,-83.4964
4.7,0,0,125,-83.4971
4.725,0,0,125,-83.4977
4.75,0,0,125,-83.4982
4.775,0,0,125,-83.4987
4.8,0,0,125,-83.499
4.825,0,0,125,-83.4993
4.85,0,0,125,-83.4995
4.875,0,0,125,-83.4997
4.9,0,0,125,-83.4998
4.925,0,0,125,-83.4999
4.95,0,0,125,-83.4999
4.975,0,0,125,-83.5
5,0,0,125,-83.5
