0,0,0,125,0.684008
0.025,0,0,125,0.68754
0.05,0,0,125,0.694476
0.075,0,0,125,0.704586
0.1,0,0,125,0.717513
0.125,0,0,125,0.732844
0.15,0,0,125,0.750181
0.175,0,0,125,0.769192
0.2,0,0,125,0.789678
0.225,0,0,125,0.811502
0.25,0,0,125,0.834556
0.275,0,0,125,0.858748
0.3,0,0,125,0.883995
0.325,0,0,125,0.910215
0.35,0,0,125,0.937334
0.375,0,0,125,0.965285
0.4,0,0,125,0.99401
0.425,0,0,125,1.02345
0.45,0,0,125,1.05355
0.475,0,0,125,1.08426
0.5,0,0,125,1.11554
0.525,0,0,125,1.14734
0.55,0,0,125,1.17964
0.575,0,0,125,1.21238
0.6,0,0,125,1.24555
0.625,0,0,125,1.2791
0.65,0,0,125,1.31302
0.675,0,0,125,1.34726
0.7,0,0,125,1.38181
0.725,0,0,125,1.41665
0.75,0,0,125,1.45175
0.775,0,0,125,1.4871
0.8,0,0,125,1.52267
0.825,0,0,125,1.55845
0.85,0,0,125,1.59443
0.875,0,0,125,1.63058
0.9,0,0,125,1.66689
0.925,0,0,125,1.70335
0.95,0,0,125,1.73995
0.975,0,0,125,1.77667
1,0,0,125,1.8135
1.025,0,0,125,1.85044
1.05,0,0,125,1.88747
1.075,0,0,125,1.92458
1.1,0,0,125,1.96177
1.125,0,0,125,1.99903
1.15,0,0,125,2.03635
1.175,0,0,125,2.07372
1.2,0,0,125,2.11114
1.225,0,0,125,2.14861
1.25,0,0,125,2.18611
1.275,0,0,125,2.22365
1.3,0,0,125,2.26121
1.325,0,0,125,2.29879
1.35,0,0,125,2.33639
1.375,0,0,125,2.37401
1.4,0,0,125,2.41164
1.425,0,0,125,2.44927
1.45,0,0,125,2.48692
1.475,0,0,125,2.52456
1.5,0,0,125,2.5622
1.525,0,0,125,2.59984
1.55,0,0,125,2.63747
1.575,0,0,125,2.6751
1.6,0,0,125,2.71271
1.625,0,0,125,2.75031
1.65,0,0,125,2.7879
1.675,0,0,125,2.82547
1.7,0,0,125,2.86303
1.725,0,0,125,2.90057
1.75,0,0,125,2.93808
1.775,0,0,125,2.97558
1.8,0,0,125,3.01305
1.825,0,0,125,3.0505
1.85,0,0,125,3.08792
1.875,0,0,125,3.12532
1.9,0,0,125,3.16269
1.925,0,0,125,3.20004
1.95,0,0,125,3.23735
1.975,0,0,125,3.27464
2,0,0,125,3.3119
2.025,0,0,125,3.34913
2.05,0,0,125,3.38633
2.075,0,0,125,3.4235
2.1,0,0,125,3.46064
2.125,0,0,125,3.49775
2.15,0,0,125,3.53482
2.175,0,0,125,3.57186
2.2,0,0,125,3.60887
2.225,0,0,125,3.64585
2.25,0,0,125,3.68279
2.275,0,0,125,3.7197
2.3,0,0,125,3.75657
2.325,0,0,125,3.79341
2.35,0,0,125,3.83022
2.375,0,0,125,3.86699
2.4,0,0,125,3.90373
2.425,0,0,125,3.94044
2.45,0,0,125,3.97711
2.475,0,0,125,4.01374
2.5,0,0,125,4.05035
2.525,0,0,125,4.08691
2.55,0,0,125,4.12344
2.575,0,0,125,4.15994
2.6,0,0,125,4.1964
2.625,0,0,125,4.23282
2.65,0,0,125,4.26921
2.675,0,0,125,4.30556
2.7,0,0,125,4.34188
2.725,0,0,125,4.37817
2.75,0,0,125,4.41441
2.775,0,0,125,4.45062
2.8,0,0,125,4.4868
2.825,0,0,125,4.52293
2.85,0,0,125,4.55903
2.875,0,0,125,4.5951
2.9,0,0,125,4.63112
2.925,0,0,125,4.66711
2.95,0,0,125,4.70307
2.975,0,0,125,4.73898
3,0,0,125,4.77486
3.025,0,0,125,4.8107
3.05,0,0,125,4.8465
3.075,0,0,125,4.88226
3.1,0,0,125,4.91798
3.125,0,0,125,4.95366
3.15,0,0,125,4.9893
3.175,0,0,125,5.0249
3.2,0,0,125,5.06046
3.225,0,0,125,5.09598
3.25,0,0,125,5.13145
3.275,0,0,125,5.16689
3.3,0,0,125,5.20227
3.325,0,0,125,5.23762
3.35,0,0,125,5.27292
3.375,0,0,125,5.30817
3.4,0,0,125,5.34338
3.425,0,0,125,5.37853
3.45,0,0,125,5.41364
3.475,0,0,125,5.4487
3.5,0,0,125,5.4837
3.525,0,0,125,5.51865
3.55,0,0,125,5.55354
3.575,0,0,125,5.58838
3.6,0,0,125,5.62315
3.625,0,0,125,5.65787
3.65,0,0,125,5.69252
3.675,0,0,125,5.72709
3.7,0,0,125,5.7616
3.725,0,0,125,5.79604
3.75,0,0,125,5.8304
3.775,0,0,125,5.86467
3.8,0,0,125,5.89887
3.825,0,0,125,5.93297
3.85,0,0,125,5.96698
3.875,0,0,125,6.00088
3.9,0,0,125,6.03469
3.925,0,0,125,6.06838
3.95,0,0,125,6.10195
3.975,0,0,125,6.1354
4,0,0,125,6.16871
4.025,0,0,125,6.20188
4.05,0,0,125,6.23489
4.075,0,0,125,6.26775
4.1,0,0,125,6.30042
4.125,0,0,125,6.33292
4.15,0,0,125,6.36521
4.175,0,0,125,6.3973
4.2,0,0,125,6.42915
4.225,0,0,125,6.46077
4.25,0,0,125,6.49212
4.275,0,0,125,6.52319
4.3,0,0,125,6.55395
4.325,0,0,125,6.58439
4.35,0,0,125,6.61447
4.375,0,0,125,6.64417
4.4,0,0,125,6.67345
4.425,0,0,125,6.7023
4.45,0,0,125,6.73066
4.475,0,0,125,6.7585
4.5,0,0,125,6.7858
4.525,0,0,125,6.81249
4.55,0,0,125,6.83854
4.575,0,0,125,6.86389
4.6,0,0,125,6.88849
4.625,0,0,125,6.91228
4.65,0,0,125,6.93521
4.675,0,0,125,6.9572
4.7,0,0,125,6.97818
4.725,0,0,125,6.99809
4.75,0,0,125,7.01685
4.775,0,0,125,7.03437
4.8,0,0,125,7.05056
4.825,0,0,125,7.06534
4.85,0,0,125,7.07861
4.875,0,0,125,7.09027
4.9,0,0,125,7.10021
4.925,0,0,125,7.10834
4.95,0,0,125,7.11454
4.975,0,0,125,7.11873
5,0,0,125,7.12084
