0,0,0,125,-20.8701
0.025,0,0,125,-20.8658
0.05,0,0,125,-20.8573
0.075,0,0,125,-20.845
0.1,0,0,125,-20.8293
0.125,0,0,125,-20.8107
0.15,0,0,125,-20.7899
0.175,0,0,125,-20.7671
0.2,0,0,125,-20.7429
0.225,0,0,125,-20.7175
0.25,0,0,125,-20.6911
0.275,0,0,125,-20.664
0.3,0,0,125,-20.6363
0.325,0,0,125,-20.6084
0.35,0,0,125,-20.5804
0.375,0,0,125,-20.5525
0.4,0,0,125,-20.525
0.425,0,0,125,-20.4981
0.45,0,0,125,-20.4719
0.475,0,0,125,-20.4466
0.5,0,0,125,-20.4225
0.525,0,0,125,-20.3997
0.55,0,0,125,-20.3785
0.575,0,0,125,-20.359
0.6,0,0,125,-20.3415
0.625,0,0,125,-20.326
0.65,0,0,125,-20.3129
0.675,0,0,125,-20.3022
0.7,0,0,125,-20.2943
0.725,0,0,125,-20.2893
0.75,0,0,125,-20.2873
0.775,0,0,125,-20.2887
0.8,0,0,125,-20.2935
0.825,0,0,125,-20.3021
0.85,0,0,125,-20.3146
0.875,0,0,125,-20.3312
0.9,0,0,125,-20.3522
0.925,0,0,125,-20.3777
0.95,0,0,125,-20.4081
0.975,0,0,125,-20.4434
1,0,0,125,-20.4841
1.025,0,0,125,-20.5302
1.05,0,0,125,-20.5821
1.075,0,0,125,-20.64
1.1,0,0,125,-20.7041
1.125,0,0,125,-20.7748
1.15,0,0,125,-20.8522
1.175,0,0,125,-20.9367
1.2,0,0,125,-21.0286
1.225,0,0,125,-21.1281
1.25,0,0,125,-21.2355
1.275,0,0,125,-21.3511
1.3,0,0,125,-21.4753
1.325,0,0,125,-21.6083
1.35,0,0,125,-21.7505
1.375,0,0,125,-21.9022
1.4,0,0,125,-22.0637
1.425,0,0,125,-22.2353
1.45,0,0,125,-22.4175
1.475,0,0,125,-22.6105
1.5,0,0,125,-22.8147
1.525,0,0,125,-23.0306
1.55,0,0,125,-23.2583
1.575,0,0,125,-23.4983
1.6,0,0,125,-23.7511
1.625,0,0,125,-24.0169
1.65,0,0,125,-24.2962
1.675,0,0,125,-24.5894
1.7,0,0,125,-24.8968
1.725,0,0,125,-25.2189
1.75,0,0,125,-25.556
1.775,0,0,125,-25.9087
1.8,0,0,125,-26.2774
1.825,0,0,125,-26.6624
1.85,0,0,125,-27.0643
1.875,0,0,125,-27.4836
1.9,0,0,125,-27.9206
1.925,0,0,125,-28.3758
1.95,0,0,125,-28.8499
1.975,0,0,125,-29.3433
2,0,0,125,-29.8564
2.025,0,0,125,-30.3899
2.05,0,0,125,-30.9444
2.075,0,0,125,-31.5202
2.1,0,0,125,-32.1181
2.125,0,0,125,-32.7386
2.15,0,0,125,-33.3822
2.175,0,0,125,-34.0495
2.2,0,0,125,-34.7411
2.225,0,0,125,-35.4574
2.25,0,0,125,-36.1988
2.275,0,0,125,-36.9659
2.3,0,0,125,-37.759
2.325,0,0,125,-38.5784
2.35,0,0,125,-39.4241
2.375,0,0,125,-40.2963
2.4,0,0,125,-41.1948
2.425,0,0,125,-42.1195
2.45,0,0,125,-43.0699
2.475,0,0,125,-44.0453
2.5,0,0,125,-45.0449
2.525,0,0,125,-46.0677
2.55,0,0,125,-47.1122
2.575,0,0,125,-48.177
2.6,0,0,125,-49.2602
2.625,0,0,125,-50.3596
2.65,0,0,125,-51.473
2.675,0,0,125,-52.5978
2.7,0,0,125,-53.7312
2.725,0,0,125,-54.8701
2.75,0,0,125,-56.0115
2.775,0,0,125,-57.152
2.8,0,0,125,-58.2883
2.825,0,0,125,-59.4169
2.85,0,0,125,-60.5343
2.875,0,0,125,-61.6374
2.9,0,0,125,-62.7226
2.925,0,0,125,-63.787
2.95,0,0,125,-64.8275
2.975,0,0,125,-65.8414
3,0,0,125,-66.8263
3.025,0,0,125,-67.7799
3.05,0,0,125,-68.7003
3.075,0,0,125,-69.586
3.1,0,0,125,-70.4357
3.125,0,0,125,-71.2486
3.15,0,0,125,-72.0239
3.175,0,0,125,-72.7615
3.2,0,0,125,-73.4613
3.225,0,0,125,-74.1235
3.25,0,0,125,-74.7487
3.275,0,0,125,-75.3375
3.3,0,0,125,-75.891
3.325,0,0,125,-76.41
3.35,0,0,125,-76.8959
3.375,0,0,125,-77.35
3.4,0,0,125,-77.7735
3.425,0,0,125,-78.168
3.45,0,0,125,-78.5348
3.475,0,0,125,-78.8755
3.5,0,0,125,-79.1916
3.525,0,0,125,-79.4844
3.55,0,0,125,-79.7554
3.575,0,0,125,-80.006
3.6,0,0,125,-80.2376
3.625,0,0,125,-80.4513
3.65,0,0,125,-80.6485
3.675,0,0,125,-80.8303
3.7,0,0,125,-80.9979
3.725,0,0,125,-81.1522
3.75,0,0,125,-81.2943
3.775,0,0,125,-81.4251
3.8,0,0,125,-81.5454
3.825,0,0,125,-81.656
3.85,0,0,125,-81.7578
3.875,0,0,125,-81.8513
3.9,0,0,125,-81.9373
3.925,0,0,125,-82.0164
3.95,0,0,125,-82.089
3.975,0,0,125,-82.1558
4,0,0,125,-82.2171
4.025,0,0,125,-82.2735
4.05,0,0,125,-82.3253
4.075,0,0,125,-82.3728
4.1,0,0,125,-82.4165
4.125,0,0,125,-82.4566
4.15,0,0,125,-82.4935
4.175,0,0,125,-82.5273
4.2,0,0,125,-82.5584
4.225,0,0,125,-82.5869
4.25,0,0,125,-82.6131
4.275,0,0,125,-82.6371
4.3,0,0,125,-82.6592
4.325,0,0,125,-82.6794
4.35,0,0,125,-82.6979
4.375,0,0,125,-82.7148
4.4,0,0,125,-82.7303
4.425,0,0,125,-82.7445
4.45,0,0,125,-82.7575
4.475,0,0,125,-82.7694
4.5,0,0,125,-82.7802
4.525,0,0,125,-82.79
4.55,0,0,125,-82.799
4.575,0,0,125,-82.8071
4.6,0,0,125,-82.8144
4.625,0,0,125,-82.8211
4.65,0,0,125,-82.8271
4.675,0,0,125,-82.8324
4.7,0,0,125,-82.8372
4.725,0,0,125,-82.8415
4.75,0,0,125,-82.8452
4.775,0,0,125,-82.8485
4.8,0,0,125,-82.8513
4.825,0,0,125,-82.8537
4.85,0,0,125,-82.8558
4.875,0,0,125,-82.8575
4.9,0,0,125,-82.8588
4.925,0,0,125,-82.8598
4.95,0,0,125,-82.8606
4.975,0,0,125,-82.861
5,0,0,125,-82.8613
