0,0,0,125,-83.2584
0.025,0,0,125,-83.2588
0.05,0,0,125,-83.2598
0.075,0,0,125,-83.2611
0.1,0,0,125,-83.2628
0.125,0,0,125,-83.2646
0.15,0,0,125,-83.2666
0.175,0,0,125,-83.2687
0.2,0,0,125,-83.2708
0.225,0,0,125,-83.2728
0.25,0,0,125,-83.2748
0.275,0,0,125,-83.2767
0.3,0,0,125,-83.2785
0.325,0,0,125,-83.2801
0.35,0,0,125,-83.2815
0.375,0,0,125,-83.2828
0.4,0,0,125,-83.2839
0.425,0,0,125,-83.2848
0.45,0,0,125,-83.2854
0.475,0,0,125,-83.2858
0.5,0,0,125,-83.286
0.525,0,0,125,-83.2858
0.55,0,0,125,-83.2854
0.575,0,0,125,-83.2847
0.6,0,0,125,-83.2837
0.625,0,0,125,-83.2823
0.65,0,0,125,-83.2807
0.675,0,0,125,-83.2786
0.7,0,0,125,-83.2762
0.725,0,0,125,-83.2734
0.75,0,0,125,-83.2702
0.775,0,0,125,-83.2666
0.8,0,0,125,-83.2625
0.825,0,0,125,-83.258
0.85,0,0,125,-83.253
0.875,0,0,125,-83.2474
0.9,0,0,125,-83.2413
0.925,0,0,125,-83.2347
0.95,0,0,125,-83.2274
0.975,0,0,125,-83.2195
1,0,0,125,-83.2108
1.025,0,0,125,-83.2015
1.05,0,0,125,-83.1914
1.075,0,0,125,-83.1805
1.1,0,0,125,-83.1688
1.125,0,0,125,-83.1561
1.15,0,0,125,-83.1424
1.175,0,0,125,-83.1277
1.2,0,0,125,-83.1119
1.225,0,0,125,-83.0949
1.25,0,0,125,-83.0766
1.275,0,0,125,-83.0569
1.3,0,0,125,-83.0357
1.325,0,0,125,-83.013
1.35,0,0,125,-82.9885
1.375,0,0,125,-82.9622
1.4,0,0,125,-82.9338
1.425,0,0,125,-82.9034
1.45,0,0,125,-82.8706
1.475,0,0,125,-82.8353
1.5,0,0,125,-82.7972
1.525,0,0,125,-82.7563
1.55,0,0,125,-82.7121
1.575,0,0,125,-82.6644
1.6,0,0,125,-82.6129
1.625,0,0,125,-82.5574
1.65,0,0,125,-82.4973
1.675,0,0,125,-82.4324
1.7,0,0,125,-82.3621
1.725,0,0,125,-82.2861
1.75,0,0,125,-82.2038
1.775,0,0,125,-82.1145
1.8,0,0,125,-82.0178
1.825,0,0,125,-81.9129
1.85,0,0,125,-81.799
1.875,0,0,125,-81.6755
1.9,0,0,125,-81.5413
1.925,0,0,125,-81.3956
1.95,0,0,125,-81.2373
1.975,0,0,125,-81.0654
2,0,0,125,-80.8787
2.025,0,0,125,-80.6759
2.05,0,0,125,-80.4557
2.075,0,0,125,-80.2168
2.1,0,0,125,-79.9577
2.125,0,0,125,-79.6768
2.15,0,0,125,-79.3726
2.175,0,0,125,-79.0434
2.2,0,0,125,-78.6876
2.225,0,0,125,-78.3035
2.25,0,0,125,-77.8894
2.275,0,0,125,-77.4437
2.3,0,0,125,-76.9649
2.325,0,0,125,-76.4513
2.35,0,0,125,-75.9017
2.375,0,0,125,-75.3147
2.4,0,0,125,-74.6893
2.425,0,0,125,-74.0246
2.45,0,0,125,-73.3201
2.475,0,0,125,-72.5753
2.5,0,0,125,-71.7903
2.525,0,0,125,-70.9654
2.55,0,0,125,-70.1013
2.575,0,0,125,-69.1991
2.6,0,0,125,-68.26
2.625,0,0,125,-67.286
2.65,0,0,125,-66.2793
2.675,0,0,125,-65.2422
2.7,0,0,125,-64.1777
2.725,0,0,125,-63.0888
2.75,0,0,125,-61.979
2.775,0,0,125,-60.8516
2.8,0,0,125,-59.7105
2.825,0,0,125,-58.5594
2.85,0,0,125,-57.4021
2.875,0,0,125,-56.2422
2.9,0,0,125,-55.0836
2.925,0,0,125,-53.9298
2.95,0,0,125,-52.7841
2.975,0,0,125,-51.6497
3,0,0,125,-50.5296
3.025,0,0,125,-49.4265
3.05,0,0,125,-48.3427
3.075,0,0,125,-47.2803
3.1,0,0,125,-46.2411
3.125,0,0,125,-45.2268
3.15,0,0,125,-44.2384
3.175,0,0,125,-43.277
3.2,0,0,125,-42.3434
3.225,0,0,125,-41.4379
3.25,0,0,125,-40.5609
3.275,0,0,125,-39.7125
3.3,0,0,125,-38.8925
3.325,0,0,125,-38.1008
3.35,0,0,125,-37.337
3.375,0,0,125,-36.6006
3.4,0,0,125,-35.8911
3.425,0,0,125,-35.2079
3.45,0,0,125,-34.5503
3.475,0,0,125,-33.9176
3.5,0,0,125,-33.3091
3.525,0,0,125,-32.7239
3.55,0,0,125,-32.1615
3.575,0,0,125,-31.621
3.6,0,0,125,-31.1016
3.625,0,0,125,-30.6027
3.65,0,0,125,-30.1234
3.675,0,0,125,-29.6631
3.7,0,0,125,-29.2211
3.725,0,0,125,-28.7968
3.75,0,0,125,-28.3893
3.775,0,0,125,-27.9983
3.8,0,0,125,-27.6229
3.825,0,0,125,-27.2626
3.85,0,0,125,-26.917
3.875,0,0,125,-26.5853
3.9,0,0,125,-26.2671
3.925,0,0,125,-25.9619
3.95,0,0,125,-25.6692
3.975,0,0,125,-25.3885
4,0,0,125,-25.1195
4.025,0,0,125,-24.8615
4.05,0,0,125,-24.6144
4.075,0,0,125,-24.3775
4.1,0,0,125,-24.1507
4.125,0,0,125,-23.9335
4.15,0,0,125,-23.7255
4.175,0,0,125,-23.5265
4.2,0,0,125,-23.3362
4.225,0,0,125,-23.1542
4.25,0,0,125,-22.9802
4.275,0,0,125,-22.8141
4.3,0,0,125,-22.6554
4.325,0,0,125,-22.5041
4.35,0,0,125,-22.3598
4.375,0,0,125,-22.2224
4.4,0,0,125,-22.0917
4.425,0,0,125,-21.9673
4.45,0,0,125,-21.8493
4.475,0,0,125,-21.7374
4.5,0,0,125,-21.6315
4.525,0,0,125,-21.5314
4.55,0,0,125,-21.4369
4.575,0,0,125,-21.3481
4.6,0,0,125,-21.2647
4.625,0,0,125,-21.1866
4.65,0,0,125,-21.1139
4.675,0,0,125,-21.0463
4.7,0,0,125,-20.9839
4.725,0,0,125,-20.9265
4.75,0,0,125,-20.8742
4.775,0,0,125,-20.8268
4.8,0,0,125,-20.7844
4.825,0,0,125,-20.7468
4.85,0,0,125,-20.7142
4.875,0,0,125,-20.6864
4.9,0,0,125,-20.6634
4.925,0,0,125,-20.645
4.95,0,0,125,-20.6313
4.975,0,0,125,-20.6222
5,0,0,125,-20.6177
