0,0,0,125,-82.8929
0.025,0,0,125,-82.8932
0.05,0,0,125,-82.8938
0.075,0,0,125,-82.8946
0.1,0,0,125,-82.8955
0.125,0,0,125,-82.8963
0.15,0,0,125,-82.897
0.175,0,0,125,-82.8974
0.2,0,0,125,-82.8974
0.225,0,0,125,-82.897
0.25,0,0,125,-82.8961
0.275,0,0,125,-82.8946
0.3,0,0,125,-82.8925
0.325,0,0,125,-82.8896
0.35,0,0,125,-82.886
0.375,0,0,125,-82.8815
0.4,0,0,125,-82.876
0.425,0,0,125,-82.8695
0.45,0,0,125,-82.8619
0.475,0,0,125,-82.8531
0.5,0,0,125,-82.8429
0.525,0,0,125,-82.8313
0.55,0,0,125,-82.8181
0.575,0,0,125,-82.8031
0.6,0,0,125,-82.7862
0.625,0,0,125,-82.7672
0.65,0,0,125,-82.7459
0.675,0,0,125,-82.7222
0.7,0,0,125,-82.6957
0.725,0,0,125,-82.6662
0.75,0,0,125,-82.6334
0.775,0,0,125,-82.597
0.8,0,0,125,-82.5567
0.825,0,0,125,-82.512
0.85,0,0,125,-82.4625
0.875,0,0,125,-82.4078
0.9,0,0,125,-82.3473
0.925,0,0,125,-82.2805
0.95,0,0,125,-82.2068
0.975,0,0,125,-82.1254
1,0,0,125,-82.0356
1.025,0,0,125,-81.9365
1.05,0,0,125,-81.8273
1.075,0,0,125,-81.707
1.1,0,0,125,-81.5744
1.125,0,0,125,-81.4283
1.15,0,0,125,-81.2675
1.175,0,0,125,-81.0905
1.2,0,0,125,-80.8957
1.225,0,0,125,-80.6815
1.25,0,0,125,-80.446
1.275,0,0,125,-80.1871
1.3,0,0,125,-79.9029
1.325,0,0,125,-79.5909
1.35,0,0,125,-79.2486
1.375,0,0,125,-78.8735
1.4,0,0,125,-78.4628
1.425,0,0,125,-78.0134
1.45,0,0,125,-77.5223
1.475,0,0,125,-76.9864
1.5,0,0,125,-76.4023
1.525,0,0,125,-75.7667
1.55,0,0,125,-75.0763
1.575,0,0,125,-74.3279
1.6,0,0,125,-73.5185
1.625,0,0,125,-72.6452
1.65,0,0,125,-71.7055
1.675,0,0,125,-70.6974
1.7,0,0,125,-69.6194
1.725,0,0,125,-68.471
1.75,0,0,125,-67.2519
1.775,0,0,125,-65.9634
1.8,0,0,125,-64.6072
1.825,0,0,125,-63.1864
1.85,0,0,125,-61.7051
1.875,0,0,125,-60.1681
1.9,0,0,125,-58.5816
1.925,0,0,125,-56.9522
1.95,0,0,125,-55.2875
1.975,0,0,125,-53.5953
2,0,0,125,-51.8839
2.025,0,0,125,-50.1614
2.05,0,0,125,-48.436
2.075,0,0,125,-46.7151
2.1,0,0,125,-45.0061
2.125,0,0,125,-43.3153
2.15,0,0,125,-41.6485
2.175,0,0,125,-40.0106
2.2,0,0,125,-38.4057
2.225,0,0,125,-36.8371
2.25,0,0,125,-35.3074
2.275,0,0,125,-33.8187
2.3,0,0,125,-32.3725
2.325,0,0,125,-30.9698
2.35,0,0,125,-29.6113
2.375,0,0,125,-28.2975
2.4,0,0,125,-27.0284
2.425,0,0,125,-25.8041
2.45,0,0,125,-24.6244
2.475,0,0,125,-23.4891
2.5,0,0,125,-22.3975
2.525,0,0,125,-21.3492
2.55,0,0,125,-20.3434
2.575,0,0,125,-19.3793
2.6,0,0,125,-18.456
2.625,0,0,125,-17.5725
2.65,0,0,125,-16.7277
2.675,0,0,125,-15.9206
2.7,0,0,125,-15.1499
2.725,0,0,125,-14.4144
2.75,0,0,125,-13.7128
2.775,0,0,125,-13.0439
2.8,0,0,125,-12.4065
2.825,0,0,125,-11.7991
2.85,0,0,125,-11.2206
2.875,0,0,125,-10.6698
2.9,0,0,125,-10.1453
2.925,0,0,125,-9.64591
2.95,0,0,125,-9.17056
2.975,0,0,125,-8.71804
3,0,0,125,-8.28725
3.025,0,0,125,-7.87711
3.05,0,0,125,-7.48659
3.075,0,0,125,-7.11471
3.1,0,0,125,-6.76049
3.125,0,0,125,-6.42304
3.15,0,0,125,-6.10148
3.175,0,0,125,-5.79497
3.2,0,0,125,-5.50273
3.225,0,0,125,-5.224
3.25,0,0,125,-4.95806
3.275,0,0,125,-4.70422
3.3,0,0,125,-4.46186
3.325,0,0,125,-4.23036
3.35,0,0,125,-4.00913
3.375,0,0,125,-3.79765
3.4,0,0,125,-3.59538
3.425,0,0,125,-3.40184
3.45,0,0,125,-3.21657
3.475,0,0,125,-3.03916
3.5,0,0,125,-2.86917
3.525,0,0,125,-2.70623
3.55,0,0,125,-2.54999
3.575,0,0,125,-2.40009
3.6,0,0,125,-2.25621
3.625,0,0,125,-2.11807
3.65,0,0,125,-1.98538
3.675,0,0,125,-1.85787
3.7,0,0,125,-1.73529
3.725,0,0,125,-1.61741
3.75,0,0,125,-1.504
3.775,0,0,125,-1.39486
3.8,0,0,125,-1.2898
3.825,0,0,125,-1.18863
3.85,0,0,125,-1.09119
3.875,0,0,125,-0.997313
3.9,0,0,125,-0.906846
3.925,0,0,125,-0.819652
3.95,0,0,125,-0.735599
3.975,0,0,125,-0.65456
4,0,0,125,-0.576419
4.025,0,0,125,-0.50107
4.05,0,0,125,-0.42841
4.075,0,0,125,-0.358344
4.1,0,0,125,-0.290781
4.125,0,0,125,-0.225634
4.15,0,0,125,-0.162827
4.175,0,0,125,-0.10229
4.2,0,0,125,-0.0439541
4.225,0,0,125,0.0122434
4.25,0,0,125,0.0663614
4.275,0,0,125,0.118454
4.3,0,0,125,0.168572
4.325,0,0,125,0.216761
4.35,0,0,125,0.263064
4.375,0,0,125,0.307518
4.4,0,0,125,0.350159
4.425,0,0,125,0.391015
4.45,0,0,125,0.430117
4.475,0,0,125,0.467489
4.5,0,0,125,0.503151
4.525,0,0,125,0.537115
4.55,0,0,125,0.569392
4.575,0,0,125,0.59999
4.6,0,0,125,0.628913
4.625,0,0,125,0.656164
4.65,0,0,125,0.681736
4.675,0,0,125,0.70562
4.7,0,0,125,0.727808
4.725,0,0,125,0.748285
4.75,0,0,125,0.767033
4.775,0,0,125,0.784037
4.8,0,0,125,0.799275
4.825,0,0,125,0.812729
4.85,0,0,125,0.824391
4.875,0,0,125,0.834263
4.9,0,0,125,0.842389
4.925,0,0,125,0.848814
4.95,0,0,125,0.853593
4.975,0,0,125,0.856761
5,0,0,125,0.858345
