0,0,0,125,-83.055
0.025,0,0,125,-83.0554
0.05,0,0,125,-83.0562
0.075,0,0,125,-83.0573
0.1,0,0,125,-83.0588
0.125,0,0,125,-83.0604
0.15,0,0,125,-83.0622
0.175,0,0,125,-83.0641
0.2,0,0,125,-83.0661
0.225,0,0,125,-83.068
0.25,0,0,125,-83.07
0.275,0,0,125,-83.072
0.3,0,0,125,-83.074
0.325,0,0,125,-83.0759
0.35,0,0,125,-83.0778
0.375,0,0,125,-83.0798
0.4,0,0,125,-83.0817
0.425,0,0,125,-83.0835
0.45,0,0,125,-83.0853
0.475,0,0,125,-83.0871
0.5,0,0,125,-83.0889
0.525,0,0,125,-83.0907
0.55,0,0,125,-83.0924
0.575,0,0,125,-83.0942
0.6,0,0,125,-83.0959
0.625,0,0,125,-83.0976
0.65,0,0,125,-83.0993
0.675,0,0,125,-83.101
0.7,0,0,125,-83.1026
0.725,0,0,125,-83.1043
0.75,0,0,125,-83.1059
0.775,0,0,125,-83.1076
0.8,0,0,125,-83.1092
0.825,0,0,125,-83.1108
0.85,0,0,125,-83.1125
0.875,0,0,125,-83.1141
0.9,0,0,125,-83.1158
0.925,0,0,125,-83.1175
0.95,0,0,125,-83.1192
0.975,0,0,125,-83.1209
1,0,0,125,-83.1226
1.025,0,0,125,-83.1243
1.05,0,0,125,-83.126
1.075,0,0,125,-83.1278
1.1,0,0,125,-83.1296
1.125,0,0,125,-83.1314
1.15,0,0,125,-83.1333
1.175,0,0,125,-83.1352
1.2,0,0,125,-83.1371
1.225,0,0,125,-83.1391
1.25,0,0,125,-83.1411
1.275,0,0,125,-83.1431
1.3,0,0,125,-83.1451
1.325,0,0,125,-83.1472
1.35,0,0,125,-83.1493
1.375,0,0,125,-83.1514
1.4,0,0,125,-83.1536
1.425,0,0,125,-83.1559
1.45,0,0,125,-83.1581
1.475,0,0,125,-83.1605
1.5,0,0,125,-83.1628
1.525,0,0,125,-83.1652
1.55,0,0,125,-83.1676
1.575,0,0,125,-83.1701
1.6,0,0,125,-83.1726
1.625,0,0,125,-83.1752
1.65,0,0,125,-83.1778
1.675,0,0,125,-83.1805
1.7,0,0,125,-83.1833
1.725,0,0,125,-83.1862
1.75,0,0,125,-83.1891
1.775,0,0,125,-83.192
1.8,0,0,125,-83.195
1.825,0,0,125,-83.1981
1.85,0,0,125,-83.2013
1.875,0,0,125,-83.2046
1.9,0,0,125,-83.2079
1.925,0,0,125,-83.2113
1.95,0,0,125,-83.2148
1.975,0,0,125,-83.2184
2,0,0,125,-83.2221
2.025,0,0,125,-83.2259
2.05,0,0,125,-83.2298
2.075,0,0,125,-83.2338
2.1,0,0,125,-83.2379
2.125,0,0,125,-83.2421
2.15,0,0,125,-83.2464
2.175,0,0,125,-83.2508
2.2,0,0,125,-83.2554
2.225,0,0,125,-83.26
2.25,0,0,125,-83.2648
2.275,0,0,125,-83.2696
2.3,0,0,125,-83.2746
2.325,0,0,125,-83.2798
2.35,0,0,125,-83.285
2.375,0,0,125,-83.2904
2.4,0,0,125,-83.2959
2.425,0,0,125,-83.3015
2.45,0,0,125,-83.3072
2.475,0,0,125,-83.3131
2.5,0,0,125,-83.319
2.525,0,0,125,-83.3251
2.55,0,0,125,-83.3312
2.575,0,0,125,-83.3375
2.6,0,0,125,-83.3439
2.625,0,0,125,-83.3505
2.65,0,0,125,-83.3571
2.675,0,0,125,-83.3638
2.7,0,0,125,-83.3706
2.725,0,0,125,-83.3775
2.75,0,0,125,-83.3844
2.775,0,0,125,-83.3915
2.8,0,0,125,-83.3986
2.825,0,0,125,-83.4058
2.85,0,0,125,-83.4131
2.875,0,0,125,-83.4205
2.9,0,0,125,-83.4279
2.925,0,0,125,-83.4353
2.95,0,0,125,-83.4428
2.975,0,0,125,-83.4503
3,0,0,125,-83.4579
3.025,0,0,125,-83.4654
3.05,0,0,125,-83.473
3.075,0,0,125,-83.4806
3.1,0,0,125,-83.4882
3.125,0,0,125,-83.4957
3.15,0,0,125,-83.5033
3.175,0,0,125,-83.5108
3.2,0,0,125,-83.5184
3.225,0,0,125,-83.5259
3.25,0,0,125,-83.5333
3.275,0,0,125,-83.5407
3.3,0,0,125,-83.5481
3.325,0,0,125,-83.5554
3.35,0,0,125,-83.5626
3.375,0,0,125,-83.5697
3.4,0,0,125,-83.5768
3.425,0,0,125,-83.5838
3.45,0,0,125,-83.5906
3.475,0,0,125,-83.5974
3.5,0,0,125,-83.6041
3.525,0,0,125,-83.6106
3.55,0,0,125,-83.6171
3.575,0,0,125,-83.6234
3.6,0,0,125,-83.6296
3.625,0,0,125,-83.6356
3.65,0,0,125,-83.6416
3.675,0,0,125,-83.6474
3.7,0,0,125,-83.653
3.725,0,0,125,-83.6585
3.75,0,0,125,-83.6639
3.775,0,0,125,-83.6691
3.8,0,0,125,-83.6742
3.825,0,0,125,-83.6792
3.85,0,0,125,-83.684
3.875,0,0,125,-83.6887
3.9,0,0,125,-83.6932
3.925,0,0,125,-83.6975
3.95,0,0,125,-83.7017
3.975,0,0,125,-83.7057
4,0,0,125,-83.7096
4.025,0,0,125,-83.7133
4.05,0,0,125,-83.7168
4.075,0,0,125,-83.7202
4.1,0,0,125,-83.7235
4.125,0,0,125,-83.7266
4.15,0,0,125,-83.7296
4.175,0,0,125,-83.7325
4.2,0,0,125,-83.7352
4.225,0,0,125,-83.7377
4.25,0,0,125,-83.7402
4.275,0,0,125,-83.7425
4.3,0,0,125,-83.7446
4.325,0,0,125,-83.7467
4.35,0,0,125,-83.7486
4.375,0,0,125,-83.7504
4.4,0,0,125,-83.7521
4.425,0,0,125,-83.7537
4.45,0,0,125,-83.7551
4.475,0,0,125,-83.7565
4.5,0,0,125,-83.7578
4.525,0,0,125,-83.7589
4.55,0,0,125,-83.76
4.575,0,0,125,-83.761
4.6,0,0,125,-83.7619
4.625,0,0,125,-83.7627
4.65,0,0,125,-83.7634
4.675,0,0,125,-83.764
4.7,0,0,125,-83.7646
4.725,0,0,125,-83.7651
4.75,0,0,125,-83.7655
4.775,0,0,125,-83.7659
4.8,0,0,125,-83.7662
4.825,0,0,125,-83.7665
4.85,0,0,125,-83.7666
4.875,0,0,125,-83.7668
4.9,0,0,125,-83.7669
4.925,0,0,125,-83.7669
4.95,0,0,125,-83.767
4.975,0,0,125,-83.767
5,0,0,125,-83.767
