0,0,0,125,-26.8675
0.025,0,0,125,-26.8634
0.05,0,0,125,-26.8553
0.075,0,0,125,-26.8436
0.1,0,0,125,-26.8287
0.125,0,0,125,-26.8111
0.15,0,0,125,-26.7914
0.175,0,0,125,-26.77
0.2,0,0,125,-26.7473
0.225,0,0,125,-26.7236
0.25,0,0,125,-26.6991
0.275,0,0,125,-26.6741
0.3,0,0,125,-26.6488
0.325,0,0,125,-26.6236
0.35,0,0,125,-26.5985
0.375,0,0,125,-26.5739
0.4,0,0,125,-26.5499
0.425,0,0,125,-26.5269
0.45,0,0,125,-26.505
0.475,0,0,125,-26.4844
0.5,0,0,125,-26.4654
0.525,0,0,125,-26.4482
0.55,0,0,125,-26.4331
0.575,0,0,125,-26.4202
0.6,0,0,125,-26.4098
0.625,0,0,125,-26.4021
0.65,0,0,125,-26.3973
0.675,0,0,125,-26.3956
0.7,0,0,125,-26.3974
0.725,0,0,125,-26.4028
0.75,0,0,125,-26.4121
0.775,0,0,125,-26.4255
0.8,0,0,125,-26.4432
0.825,0,0,125,-26.4656
0.85,0,0,125,-26.4927
0.875,0,0,125,-26.525
0.9,0,0,125,-26.5627
0.925,0,0,125,-26.606
0.95,0,0,125,-26.6553
0.975,0,0,125,-26.7107
1,0,0,125,-26.7726
1.025,0,0,125,-26.8412
1.05,0,0,125,-26.9169
1.075,0,0,125,-27
1.1,0,0,125,-27.0907
1.125,0,0,125,-27.1894
1.15,0,0,125,-27.2965
1.175,0,0,125,-27.4121
1.2,0,0,125,-27.5368
1.225,0,0,125,-27.6707
1.25,0,0,125,-27.8144
1.275,0,0,125,-27.968
1.3,0,0,125,-28.1321
1.325,0,0,125,-28.307
1.35,0,0,125,-28.4931
1.375,0,0,125,-28.6908
1.4,0,0,125,-28.9004
1.425,0,0,125,-29.1225
1.45,0,0,125,-29.3575
1.475,0,0,125,-29.6057
1.5,0,0,125,-29.8677
1.525,0,0,125,-30.1438
1.55,0,0,125,-30.4347
1.575,0,0,125,-30.7407
1.6,0,0,125,-31.0623
1.625,0,0,125,-31.4001
1.65,0,0,125,-31.7546
1.675,0,0,125,-32.1262
1.7,0,0,125,-32.5156
1.725,0,0,125,-32.9233
1.75,0,0,125,-33.3497
1.775,0,0,125,-33.7956
1.8,0,0,125,-34.2613
1.825,0,0,125,-34.7476
1.85,0,0,125,-35.2548
1.875,0,0,125,-35.7837
1.9,0,0,125,-36.3346
1.925,0,0,125,-36.9082
1.95,0,0,125,-37.5048
1.975,0,0,125,-38.1251
2,0,0,125,-38.7693
2.025,0,0,125,-39.4378
2.05,0,0,125,-40.1309
2.075,0,0,125,-40.8488
2.1,0,0,125,-41.5916
2.125,0,0,125,-42.3594
2.15,0,0,125,-43.152
2.175,0,0,125,-43.9692
2.2,0,0,125,-44.8106
2.225,0,0,125,-45.6757
2.25,0,0,125,-46.5637
2.275,0,0,125,-47.4737
2.3,0,0,125,-48.4047
2.325,0,0,125,-49.3553
2.35,0,0,125,-50.324
2.375,0,0,125,-51.3092
2.4,0,0,125,-52.3089
2.425,0,0,125,-53.3211
2.45,0,0,125,-54.3435
2.475,0,0,125,-55.3736
2.5,0,0,125,-56.4089
2.525,0,0,125,-57.4467
2.55,0,0,125,-58.4841
2.575,0,0,125,-59.5184
2.6,0,0,125,-60.5465
2.625,0,0,125,-61.5657
2.65,0,0,125,-62.573
2.675,0,0,125,-63.5657
2.7,0,0,125,-64.5411
2.725,0,0,125,-65.4967
2.75,0,0,125,-66.43
2.775,0,0,125,-67.339
2.8,0,0,125,-68.2216
2.825,0,0,125,-69.0761
2.85,0,0,125,-69.901
2.875,0,0,125,-70.6952
2.9,0,0,125,-71.4577
2.925,0,0,125,-72.1877
2.95,0,0,125,-72.8848
2.975,0,0,125,-73.5488
3,0,0,125,-74.1798
3.025,0,0,125,-74.7779
3.05,0,0,125,-75.3435
3.075,0,0,125,-75.8774
3.1,0,0,125,-76.3801
3.125,0,0,125,-76.8527
3.15,0,0,125,-77.2961
3.175,0,0,125,-77.7113
3.2,0,0,125,-78.0995
3.225,0,0,125,-78.4619
3.25,0,0,125,-78.7998
3.275,0,0,125,-79.1143
3.3,0,0,125,-79.4067
3.325,0,0,125,-79.6784
3.35,0,0,125,-79.9303
3.375,0,0,125,-80.1639
3.4,0,0,125,-80.3802
3.425,0,0,125,-80.5804
3.45,0,0,125,-80.7655
3.475,0,0,125,-80.9366
3.5,0,0,125,-81.0947
3.525,0,0,125,-81.2406
3.55,0,0,125,-81.3753
3.575,0,0,125,-81.4995
3.6,0,0,125,-81.6141
3.625,0,0,125,-81.7198
3.65,0,0,125,-81.8173
3.675,0,0,125,-81.9072
3.7,0,0,125,-81.99
3.725,0,0,125,-82.0664
3.75,0,0,125,-82.1368
3.775,0,0,125,-82.2018
3.8,0,0,125,-82.2616
3.825,0,0,125,-82.3168
3.85,0,0,125,-82.3677
3.875,0,0,125,-82.4147
3.9,0,0,125,-82.458
3.925,0,0,125,-82.4979
3.95,0,0,125,-82.5348
3.975,0,0,125,-82.5688
4,0,0,125,-82.6002
4.025,0,0,125,-82.6292
4.05,0,0,125,-82.6559
4.075,0,0,125,-82.6806
4.1,0,0,125,-82.7033
4.125,0,0,125,-82.7244
4.15,0,0,125,-82.7438
4.175,0,0,125,-82.7617
4.2,0,0,125,-82.7782
4.225,0,0,125,-82.7934
4.25,0,0,125,-82.8075
4.275,0,0,125,-82.8204
4.3,0,0,125,-82.8323
4.325,0,0,125,-82.8433
4.35,0,0,125,-82.8534
4.375,0,0,125,-82.8627
4.4,0,0,125,-82.8713
4.425,0,0,125,-82.8791
4.45,0,0,125,-82.8863
4.475,0,0,125,-82.8929
4.5,0,0,125,-82.8989
4.525,0,0,125,-82.9044
4.55,0,0,125,-82.9094
4.575,0,0,125,-82.914
4.6,0,0,125,-82.918
4.625,0,0,125,-82.9218
4.65,0,0,125,-82.9251
4.675,0,0,125,-82.9281
4.7,0,0,125,-82.9307
4.725,0,0,125,-82.9331
4.75,0,0,125,-82.9351
4.775,0,0,125,-82.9369
4.8,0,0,125,-82.9384
4.825,0,0,125,-82.9397
4.85,0,0,125,-82.9408
4.875,0,0,125,-82.9416
4.9,0,0,125,-82.9422
4.925,0,0,125,-82.9427
4.95,0,0,125,-82.9431
4.975,0,0,125,-82.9433
5,0,0,125,-82.9434
