0,0,0,125,-83.1613
0.025,0,0,125,-83.1618
0.05,0,0,125,-83.1627
0.075,0,0,125,-83.1641
0.1,0,0,125,-83.1657
0.125,0,0,125,-83.1676
0.15,0,0,125,-83.1696
0.175,0,0,125,-83.1716
0.2,0,0,125,-83.1736
0.225,0,0,125,-83.1755
0.25,0,0,125,-83.1773
0.275,0,0,125,-83.179
0.3,0,0,125,-83.1805
0.325,0,0,125,-83.1818
0.35,0,0,125,-83.1828
0.375,0,0,125,-83.1836
0.4,0,0,125,-83.1841
0.425,0,0,125,-83.1843
0.45,0,0,125,-83.1843
0.475,0,0,125,-83.1838
0.5,0,0,125,-83.183
0.525,0,0,125,-83.1819
0.55,0,0,125,-83.1803
0.575,0,0,125,-83.1783
0.6,0,0,125,-83.1758
0.625,0,0,125,-83.1728
0.65,0,0,125,-83.1694
0.675,0,0,125,-83.1653
0.7,0,0,125,-83.1607
0.725,0,0,125,-83.1555
0.75,0,0,125,-83.1496
0.775,0,0,125,-83.143
0.8,0,0,125,-83.1356
0.825,0,0,125,-83.1274
0.85,0,0,125,-83.1183
0.875,0,0,125,-83.1083
0.9,0,0,125,-83.0973
0.925,0,0,125,-83.0851
0.95,0,0,125,-83.0719
0.975,0,0,125,-83.0573
1,0,0,125,-83.0414
1.025,0,0,125,-83.0241
1.05,0,0,125,-83.0051
1.075,0,0,125,-82.9845
1.1,0,0,125,-82.962
1.125,0,0,125,-82.9374
1.15,0,0,125,-82.9107
1.175,0,0,125,-82.8816
1.2,0,0,125,-82.8499
1.225,0,0,125,-82.8154
1.25,0,0,125,-82.7779
1.275,0,0,125,-82.737
1.3,0,0,125,-82.6924
1.325,0,0,125,-82.644
1.35,0,0,125,-82.5911
1.375,0,0,125,-82.5336
1.4,0,0,125,-82.4709
1.425,0,0,125,-82.4026
1.45,0,0,125,-82.3281
1.475,0,0,125,-82.2469
1.5,0,0,125,-82.1583
1.525,0,0,125,-82.0617
1.55,0,0,125,-81.9562
1.575,0,0,125,-81.8411
1.6,0,0,125,-81.7155
1.625,0,0,125,-81.5784
1.65,0,0,125,-81.4287
1.675,0,0,125,-81.2653
1.7,0,0,125,-81.0868
1.725,0,0,125,-80.892
1.75,0,0,125,-80.6794
1.775,0,0,125,-80.4473
1.8,0,0,125,-80.1941
1.825,0,0,125,-79.9181
1.85,0,0,125,-79.6172
1.875,0,0,125,-79.2895
1.9,0,0,125,-78.933
1.925,0,0,125,-78.5453
1.95,0,0,125,-78.1244
1.975,0,0,125,-77.6678
2,0,0,125,-77.1735
2.025,0,0,125,-76.6391
2.05,0,0,125,-76.0624
2.075,0,0,125,-75.4414
2.1,0,0,125,-74.7743
2.125,0,0,125,-74.0593
2.15,0,0,125,-73.2951
2.175,0,0,125,-72.4806
2.2,0,0,125,-71.6153
2.225,0,0,125,-70.6989
2.25,0,0,125,-69.7318
2.275,0,0,125,-68.7148
2.3,0,0,125,-67.6494
2.325,0,0,125,-66.5375
2.35,0,0,125,-65.3818
2.375,0,0,125,-64.1854
2.4,0,0,125,-62.9519
2.425,0,0,125,-61.6856
2.45,0,0,125,-60.3908
2.475,0,0,125,-59.0724
2.5,0,0,125,-57.7355
2.525,0,0,125,-56.3853
2.55,0,0,125,-55.027
2.575,0,0,125,-53.6658
2.6,0,0,125,-52.3067
2.625,0,0,125,-50.9545
2.65,0,0,125,-49.6136
2.675,0,0,125,-48.2882
2.7,0,0,125,-46.9821
2.725,0,0,125,-45.6984
2.75,0,0,125,-44.4401
2.775,0,0,125,-43.2095
2.8,0,0,125,-42.0087
2.825,0,0,125,-40.8392
2.85,0,0,125,-39.7021
2.875,0,0,125,-38.5983
2.9,0,0,125,-37.5283
2.925,0,0,125,-36.4923
2.95,0,0,125,-35.4903
2.975,0,0,125,-34.5221
3,0,0,125,-33.5872
3.025,0,0,125,-32.6853
3.05,0,0,125,-31.8157
3.075,0,0,125,-30.9777
3.1,0,0,125,-30.1706
3.125,0,0,125,-29.3936
3.15,0,0,125,-28.6459
3.175,0,0,125,-27.9268
3.2,0,0,125,-27.2354
3.225,0,0,125,-26.5708
3.25,0,0,125,-25.9322
3.275,0,0,125,-25.3189
3.3,0,0,125,-24.73
3.325,0,0,125,-24.1647
3.35,0,0,125,-23.6222
3.375,0,0,125,-23.1018
3.4,0,0,125,-22.6026
3.425,0,0,125,-22.1239
3.45,0,0,125,-21.665
3.475,0,0,125,-21.2251
3.5,0,0,125,-20.8036
3.525,0,0,125,-20.3996
3.55,0,0,125,-20.0127
3.575,0,0,125,-19.642
3.6,0,0,125,-19.287
3.625,0,0,125,-18.9469
3.65,0,0,125,-18.6213
3.675,0,0,125,-18.3096
3.7,0,0,125,-18.011
3.725,0,0,125,-17.7252
3.75,0,0,125,-17.4516
3.775,0,0,125,-17.1896
3.8,0,0,125,-16.9388
3.825,0,0,125,-16.6986
3.85,0,0,125,-16.4688
3.875,0,0,125,-16.2487
3.9,0,0,125,-16.038
3.925,0,0,125,-15.8363
3.95,0,0,125,-15.6432
3.975,0,0,125,-15.4583
4,0,0,125,-15.2813
4.025,0,0,125,-15.1119
4.05,0,0,125,-14.9497
4.075,0,0,125,-14.7945
4.1,0,0,125,-14.646
4.125,0,0,125,-14.5038
4.15,0,0,125,-14.3677
4.175,0,0,125,-14.2376
4.2,0,0,125,-14.1131
4.225,0,0,125,-13.9941
4.25,0,0,125,-13.8803
4.275,0,0,125,-13.7716
4.3,0,0,125,-13.6677
4.325,0,0,125,-13.5686
4.35,0,0,125,-13.474
4.375,0,0,125,-13.3838
4.4,0,0,125,-13.2979
4.425,0,0,125,-13.2162
4.45,0,0,125,-13.1384
4.475,0,0,125,-13.0646
4.5,0,0,125,-12.9946
4.525,0,0,125,-12.9284
4.55,0,0,125,-12.8658
4.575,0,0,125,-12.8068
4.6,0,0,125,-12.7513
4.625,0,0,125,-12.6993
4.65,0,0,125,-12.6507
4.675,0,0,125,-12.6056
4.7,0,0,125,-12.5638
4.725,0,0,125,-12.5253
4.75,0,0,125,-12.4901
4.775,0,0,125,-12.4583
4.8,0,0,125,-12.4297
4.825,0,0,125,-12.4045
4.85,0,0,125,-12.3825
4.875,0,0,125,-12.3638
4.9,0,0,125,-12.3484
4.925,0,0,125,-12.3361
4.95,0,0,125,-12.3269
4.975,0,0,125,-12.3208
5,0,0,125,-12.3177
