0,0,0,125,-50.1177
0.025,0,0,125,-50.1114
0.05,0,0,125,-50.0989
0.075,0,0,125,-50.0804
0.1,0,0,125,-50.0562
0.125,0,0,125,-50.0265
0.15,0,0,125,-49.9917
0.175,0,0,125,-49.9521
0.2,0,0,125,-49.9079
0.225,0,0,125,-49.8594
0.25,0,0,125,-49.8066
0.275,0,0,125,-49.7497
0.3,0,0,125,-49.6889
0.325,0,0,125,-49.6243
0.35,0,0,125,-49.5561
0.375,0,0,125,-49.4844
0.4,0,0,125,-49.4094
0.425,0,0,125,-49.3311
0.45,0,0,125,-49.2497
0.475,0,0,125,-49.1653
0.5,0,0,125,-49.0781
0.525,0,0,125,-48.9881
0.55,0,0,125,-48.8956
0.575,0,0,125,-48.8005
0.6,0,0,125,-48.703
0.625,0,0,125,-48.6032
0.65,0,0,125,-48.5013
0.675,0,0,125,-48.3972
0.7,0,0,125,-48.2912
0.725,0,0,125,-48.1834
0.75,0,0,125,-48.0737
0.775,0,0,125,-47.9623
0.8,0,0,125,-47.8494
0.825,0,0,125,-47.7349
0.85,0,0,125,-47.619
0.875,0,0,125,-47.5017
0.9,0,0,125,-47.3832
0.925,0,0,125,-47.2635
0.95,0,0,125,-47.1426
0.975,0,0,125,-47.0207
1,0,0,125,-46.8978
1.025,0,0,125,-46.7741
1.05,0,0,125,-46.6494
1.075,0,0,125,-46.524
1.1,0,0,125,-46.3979
1.125,0,0,125,-46.2711
1.15,0,0,125,-46.1436
1.175,0,0,125,-46.0157
1.2,0,0,125,-45.8872
1.225,0,0,125,-45.7582
1.25,0,0,125,-45.6289
1.275,0,0,125,-45.4992
1.3,0,0,125,-45.3691
1.325,0,0,125,-45.2388
1.35,0,0,125,-45.1082
1.375,0,0,125,-44.9775
1.4,0,0,125,-44.8466
1.425,0,0,125,-44.7155
1.45,0,0,125,-44.5843
1.475,0,0,125,-44.4531
1.5,0,0,125,-44.3219
1.525,0,0,125,-44.1906
1.55,0,0,125,-44.0593
1.575,0,0,125,-43.9281
1.6,0,0,125,-43.797
1.625,0,0,125,-43.6659
1.65,0,0,125,-43.535
1.675,0,0,125,-43.4042
1.7,0,0,125,-43.2736
1.725,0,0,125,-43.1431
1.75,0,0,125,-43.0128
1.775,0,0,125,-42.8827
1.8,0,0,125,-42.7528
1.825,0,0,125,-42.6232
1.85,0,0,125,-42.4938
1.875,0,0,125,-42.3647
1.9,0,0,125,-42.2359
1.925,0,0,125,-42.1073
1.95,0,0,125,-41.979
1.975,0,0,125,-41.851
2,0,0,125,-41.7234
2.025,0,0,125,-41.596
2.05,0,0,125,-41.469
2.075,0,0,125,-41.3424
2.1,0,0,125,-41.216
2.125,0,0,125,-41.0901
2.15,0,0,125,-40.9644
2.175,0,0,125,-40.8391
2.2,0,0,125,-40.7142
2.225,0,0,125,-40.5897
2.25,0,0,125,-40.4655
2.275,0,0,125,-40.3417
2.3,0,0,125,-40.2183
2.325,0,0,125,-40.0952
2.35,0,0,125,-39.9726
2.375,0,0,125,-39.8503
2.4,0,0,125,-39.7284
2.425,0,0,125,-39.6069
2.45,0,0,125,-39.4858
2.475,0,0,125,-39.365
2.5,0,0,125,-39.2447
2.525,0,0,125,-39.1248
2.55,0,0,125,-39.0052
2.575,0,0,125,-38.8861
2.6,0,0,125,-38.7673
2.625,0,0,125,-38.6489
2.65,0,0,125,-38.531
2.675,0,0,125,-38.4134
2.7,0,0,125,-38.2962
2.725,0,0,125,-38.1794
2.75,0,0,125,-38.063
2.775,0,0,125,-37.9471
2.8,0,0,125,-37.8315
2.825,0,0,125,-37.7163
2.85,0,0,125,-37.6015
2.875,0,0,125,-37.4871
2.9,0,0,125,-37.3731
2.925,0,0,125,-37.2595
2.95,0,0,125,-37.1464
2.975,0,0,125,-37.0336
3,0,0,125,-36.9212
3.025,0,0,125,-36.8092
3.05,0,0,125,-36.6977
3.075,0,0,125,-36.5865
3.1,0,0,125,-36.4758
3.125,0,0,125,-36.3655
3.15,0,0,125,-36.2556
3.175,0,0,125,-36.1461
3.2,0,0,125,-36.0371
3.225,0,0,125,-35.9284
3.25,0,0,125,-35.8203
3.275,0,0,125,-35.7125
3.3,0,0,125,-35.6052
3.325,0,0,125,-35.4984
3.35,0,0,125,-35.392
3.375,0,0,125,-35.2861
3.4,0,0,125,-35.1806
3.425,0,0,125,-35.0757
3.45,0,0,125,-34.9712
3.475,0,0,125,-34.8672
3.5,0,0,125,-34.7637
3.525,0,0,125,-34.6608
3.55,0,0,125,-34.5584
3.575,0,0,125,-34.4565
3.6,0,0,125,-34.3552
3.625,0,0,125,-34.2544
3.65,0,0,125,-34.1543
3.675,0,0,125,-34.0547
3.7,0,0,125,-33.9558
3.725,0,0,125,-33.8575
3.75,0,0,125,-33.7598
3.775,0,0,125,-33.6629
3.8,0,0,125,-33.5666
3.825,0,0,125,-33.471
3.85,0,0,125,-33.3762
3.875,0,0,125,-33.2822
3.9,0,0,125,-33.1889
3.925,0,0,125,-33.0965
3.95,0,0,125,-33.0049
3.975,0,0,125,-32.9142
4,0,0,125,-32.8244
4.025,0,0,125,-32.7356
4.05,0,0,125,-32.6478
4.075,0,0,125,-32.5609
4.1,0,0,125,-32.4751
4.125,0,0,125,-32.3904
4.15,0,0,125,-32.3069
4.175,0,0,125,-32.2245
4.2,0,0,125,-32.1434
4.225,0,0,125,-32.0635
4.25,0,0,125,-31.985
4.275,0,0,125,-31.9078
4.3,0,0,125,-31.8321
4.325,0,0,125,-31.7579
4.35,0,0,125,-31.6853
4.375,0,0,125,-31.6142
4.4,0,0,125,-31.5449
4.425,0,0,125,-31.4773
4.45,0,0,125,-31.4115
4.475,0,0,125,-31.3476
4.5,0,0,125,-31.2857
4.525,0,0,125,-31.2258
4.55,0,0,125,-31.1681
4.575,0,0,125,-31.1126
4.6,0,0,125,-31.0594
4.625,0,0,125,-31.0085
4.65,0,0,125,-30.9602
4.675,0,0,125,-30.9144
4.7,0,0,125,-30.8712
4.725,0,0,125,-30.8308
4.75,0,0,125,-30.7933
4.775,0,0,125,-30.7587
4.8,0,0,125,-30.7272
4.825,0,0,125,-30.6988
4.85,0,0,125,-30.6737
4.875,0,0,125,-30.6519
4.9,0,0,125,-30.6335
4.925,0,0,125,-30.6187
4.95,0,0,125,-30.6075
4.975,0,0,125,-30.6
5,0,0,125,-30.5962
