0,0,0,125,-84.3676
0.025,0,0,125,-84.3677
0.05,0,0,125,-84.3678
0.075,0,0,125,-84.368
0.1,0,0,125,-84.3682
0.125,0,0,125,-84.3684
0.15,0,0,125,-84.3687
0.175,0,0,125,-84.369
0.2,0,0,125,-84.3693
0.225,0,0,125,-84.3696
0.25,0,0,125,-84.3699
0.275,0,0,125,-84.3702
0.3,0,0,125,-84.3705
0.325,0,0,125,-84.3708
0.35,0,0,125,-84.3712
0.375,0,0,125,-84.3715
0.4,0,0,125,-84.3718
0.425,0,0,125,-84.3721
0.45,0,0,125,-84.3724
0.475,0,0,125,-84.3727
0.5,0,0,125,-84.373
0.525,0,0,125,-84.3733
0.55,0,0,125,-84.3735
0.575,0,0,125,-84.3738
0.6,0,0,125,-84.374
0.625,0,0,125,-84.3743
0.65,0,0,125,-84.3745
0.675,0,0,125,-84.3748
0.7,0,0,125,-84.375
0.725,0,0,125,-84.3752
0.75,0,0,125,-84.3755
0.775,0,0,125,-84.3757
0.8,0,0,125,-84.3759
0.825,0,0,125,-84.3762
0.85,0,0,125,-84.3764
0.875,0,0,125,-84.3766
0.9,0,0,125,-84.3769
0.925,0,0,125,-84.3771
0.95,0,0,125,-84.3774
0.975,0,0,125,-84.3776
1,0,0,125,-84.3779
1.025,0,0,125,-84.3781
1.05,0,0,125,-84.3784
1.075,0,0,125,-84.3787
1.1,0,0,125,-84.3789
1.125,0,0,125,-84.3792
1.15,0,0,125,-84.3795
1.175,0,0,125,-84.3798
1.2,0,0,125,-84.3801
1.225,0,0,125,-84.3804
1.25,0,0,125,-84.3808
1.275,0,0,125,-84.3811
1.3,0,0,125,-84.3815
1.325,0,0,125,-84.3818
1.35,0,0,125,-84.3822
1.375,0,0,125,-84.3826
1.4,0,0,125,-84.383
1.425,0,0,125,-84.3834
1.45,0,0,125,-84.3838
1.475,0,0,125,-84.3842
1.5,0,0,125,-84.3846
1.525,0,0,125,-84.385
1.55,0,0,125,-84.3855
1.575,0,0,125,-84.3859
1.6,0,0,125,-84.3864
1.625,0,0,125,-84.3869
1.65,0,0,125,-84.3873
1.675,0,0,125,-84.3878
1.7,0,0,125,-84.3883
1.725,0,0,125,-84.3889
1.75,0,0,125,-84.3894
1.775,0,0,125,-84.3899
1.8,0,0,125,-84.3904
1.825,0,0,125,-84.391
1.85,0,0,125,-84.3915
1.875,0,0,125,-84.3921
1.9,0,0,125,-84.3927
1.925,0,0,125,-84.3933
1.95,0,0,125,-84.3939
1.975,0,0,125,-84.3945
2,0,0,125,-84.3951
2.025,0,0,125,-84.3957
2.05,0,0,125,-84.3963
2.075,0,0,125,-84.397
2.1,0,0,125,-84.3976
2.125,0,0,125,-84.3983
2.15,0,0,125,-84.399
2.175,0,0,125,-84.3997
2.2,0,0,125,-84.4005
2.225,0,0,125,-84.4012
2.25,0,0,125,-84.402
2.275,0,0,125,-84.4027
2.3,0,0,125,-84.4035
2.325,0,0,125,-84.4043
2.35,0,0,125,-84.4051
2.375,0,0,125,-84.406
2.4,0,0,125,-84.4068
2.425,0,0,125,-84.4077
2.45,0,0,125,-84.4085
2.475,0,0,125,-84.4094
2.5,0,0,125,-84.4103
2.525,0,0,125,-84.4113
2.55,0,0,125,-84.4122
2.575,0,0,125,-84.4132
2.6,0,0,125,-84.4141
2.625,0,0,125,-84.4151
2.65,0,0,125,-84.4161
2.675,0,0,125,-84.4171
2.7,0,0,125,-84.4182
2.725,0,0,125,-84.4192
2.75,0,0,125,-84.4203
2.775,0,0,125,-84.4213
2.8,0,0,125,-84.4224
2.825,0,0,125,-84.4235
2.85,0,0,125,-84.4247
2.875,0,0,125,-84.4258
2.9,0,0,125,-84.427
2.925,0,0,125,-84.4281
2.95,0,0,125,-84.4293
2.975,0,0,125,-84.4304
3,0,0,125,-84.4316
3.025,0,0,125,-84.4327
3.05,0,0,125,-84.4339
3.075,0,0,125,-84.435
3.1,0,0,125,-84.4361
3.125,0,0,125,-84.4372
3.15,0,0,125,-84.4383
3.175,0,0,125,-84.4393
3.2,0,0,125,-84.4404
3.225,0,0,125,-84.4415
3.25,0,0,125,-84.4425
3.275,0,0,125,-84.4435
3.3,0,0,125,-84.4445
3.325,0,0,125,-84.4455
3.35,0,0,125,-84.4465
3.375,0,0,125,-84.4475
3.4,0,0,125,-84.4484
3.425,0,0,125,-84.4494
3.45,0,0,125,-84.4503
3.475,0,0,125,-84.4512
3.5,0,0,125,-84.4521
3.525,0,0,125,-84.453
3.55,0,0,125,-84.4538
3.575,0,0,125,-84.4547
3.6,0,0,125,-84.4555
3.625,0,0,125,-84.4563
3.65,0,0,125,-84.4571
3.675,0,0,125,-84.4579
3.7,0,0,125,-84.4587
3.725,0,0,125,-84.4594
3.75,0,0,125,-84.4602
3.775,0,0,125,-84.4609
3.8,0,0,125,-84.4616
3.825,0,0,125,-84.4623
3.85,0,0,125,-84.4629
3.875,0,0,125,-84.4636
3.9,0,0,125,-84.4642
3.925,0,0,125,-84.4647
3.95,0,0,125,-84.4653
3.975,0,0,125,-84.4658
4,0,0,125,-84.4664
4.025,0,0,125,-84.4669
4.05,0,0,125,-84.4674
4.075,0,0,125,-84.4678
4.1,0,0,125,-84.4683
4.125,0,0,125,-84.4688
4.15,0,0,125,-84.4692
4.175,0,0,125,-84.4696
4.2,0,0,125,-84.47
4.225,0,0,125,-84.4704
4.25,0,0,125,-84.4708
4.275,0,0,125,-84.4711
4.3,0,0,125,-84.4715
4.325,0,0,125,-84.4718
4.35,0,0,125,-84.4721
4.375,0,0,125,-84.4724
4.4,0,0,125,-84.4727
4.425,0,0,125,-84.4729
4.45,0,0,125,-84.4732
4.475,0,0,125,-84.4734
4.5,0,0,125,-84.4736
4.525,0,0,125,-84.4738
4.55,0,0,125,-84.474
4.575,0,0,125,-84.4742
4.6,0,0,125,-84.4743
4.625,0,0,125,-84.4744
4.65,0,0,125,-84.4746
4.675,0,0,125,-84.4747
4.7,0,0,125,-84.4748
4.725,0,0,125,-84.4748
4.75,0,0,125,-84.4749
4.775,0,0,125,-84.4749
4.8,0,0,125,-84.475
4.825,0,0,125,-84.475
4.85,0,0,125,-84.475
4.875,0,0,125,-84.475
4.9,0,0,125,-84.475
4.925,0,0,125,-84.4749
4.95,0,0,125,-84.4749
4.975,0,0,125,-84.4749
5,0,0,125,-84.4749
