0,0,0,125,9.17646
0.025,0,0,125,9.17993
0.05,0,0,125,9.18675
0.075,0,0,125,9.19664
0.1,0,0,125,9.20922
0.125,0,0,125,9.22404
0.15,0,0,125,9.24064
0.175,0,0,125,9.25867
0.2,0,0,125,9.27791
0.225,0,0,125,9.29822
0.25,0,0,125,9.31949
0.275,0,0,125,9.34162
0.3,0,0,125,9.36454
0.325,0,0,125,9.38818
0.35,0,0,125,9.41246
0.375,0,0,125,9.43732
0.4,0,0,125,9.46272
0.425,0,0,125,9.48861
0.45,0,0,125,9.51494
0.475,0,0,125,9.54166
0.5,0,0,125,9.56875
0.525,0,0,125,9.59617
0.55,0,0,125,9.62389
0.575,0,0,125,9.65188
0.6,0,0,125,9.68013
0.625,0,0,125,9.7086
0.65,0,0,125,9.73727
0.675,0,0,125,9.76613
0.7,0,0,125,9.79516
0.725,0,0,125,9.82434
0.75,0,0,125,9.85365
0.775,0,0,125,9.8831
0.8,0,0,125,9.91266
0.825,0,0,125,9.94232
0.85,0,0,125,9.97207
0.875,0,0,125,10.0019
0.9,0,0,125,10.0318
0.925,0,0,125,10.0618
0.95,0,0,125,10.0918
0.975,0,0,125,10.1219
1,0,0,125,10.152
1.025,0,0,125,10.1822
1.05,0,0,125,10.2124
1.075,0,0,125,10.2426
1.1,0,0,125,10.2728
1.125,0,0,125,10.303
1.15,0,0,125,10.3333
1.175,0,0,125,10.3636
1.2,0,0,125,10.3939
1.225,0,0,125,10.4241
1.25,0,0,125,10.4544
1.275,0,0,125,10.4847
1.3,0,0,125,10.515
1.325,0,0,125,10.5453
1.35,0,0,125,10.5755
1.375,0,0,125,10.6058
1.4,0,0,125,10.636
1.425,0,0,125,10.6662
1.45,0,0,125,10.6964
1.475,0,0,125,10.7266
1.5,0,0,125,10.7568
1.525,0,0,125,10.7869
1.55,0,0,125,10.8171
1.575,0,0,125,10.8472
1.6,0,0,125,10.8773
1.625,0,0,125,10.9073
1.65,0,0,125,10.9373
1.675,0,0,125,10.9674
1.7,0,0,125,10.9973
1.725,0,0,125,11.0273
1.75,0,0,125,11.0572
1.775,0,0,125,11.0871
1.8,0,0,125,11.117
1.825,0,0,125,11.1468
1.85,0,0,125,11.1766
1.875,0,0,125,11.2064
1.9,0,0,125,11.2361
1.925,0,0,125,11.2658
1.95,0,0,125,11.2955
1.975,0,0,125,11.3251
2,0,0,125,11.3547
2.025,0,0,125,11.3843
2.05,0,0,125,11.4138
2.075,0,0,125,11.4433
2.1,0,0,125,11.4728
2.125,0,0,125,11.5022
2.15,0,0,125,11.5316
2.175,0,0,125,11.561
2.2,0,0,125,11.5903
2.225,0,0,125,11.6196
2.25,0,0,125,11.6488
2.275,0,0,125,11.678
2.3,0,0,125,11.7072
2.325,0,0,125,11.7363
2.35,0,0,125,11.7654
2.375,0,0,125,11.7945
2.4,0,0,125,11.8235
2.425,0,0,125,11.8525
2.45,0,0,125,11.8815
2.475,0,0,125,11.9104
2.5,0,0,125,11.9392
2.525,0,0,125,11.9681
2.55,0,0,125,11.9968
2.575,0,0,125,12.0256
2.6,0,0,125,12.0543
2.625,0,0,125,12.083
2.65,0,0,125,12.1116
2.675,0,0,125,12.1402
2.7,0,0,125,12.1688
2.725,0,0,125,12.1973
2.75,0,0,125,12.2258
2.775,0,0,125,12.2542
2.8,0,0,125,12.2826
2.825,0,0,125,12.311
2.85,0,0,125,12.3393
2.875,0,0,125,12.3676
2.9,0,0,125,12.3958
2.925,0,0,125,12.424
2.95,0,0,125,12.4522
2.975,0,0,125,12.4803
3,0,0,125,12.5084
3.025,0,0,125,12.5364
3.05,0,0,125,12.5645
3.075,0,0,125,12.5924
3.1,0,0,125,12.6204
3.125,0,0,125,12.6482
3.15,0,0,125,12.6761
3.175,0,0,125,12.7039
3.2,0,0,125,12.7317
3.225,0,0,125,12.7594
3.25,0,0,125,12.7871
3.275,0,0,125,12.8148
3.3,0,0,125,12.8424
3.325,0,0,125,12.87
3.35,0,0,125,12.8975
3.375,0,0,125,12.925
3.4,0,0,125,12.9525
3.425,0,0,125,12.9799
3.45,0,0,125,13.0073
3.475,0,0,125,13.0346
3.5,0,0,125,13.062
3.525,0,0,125,13.0892
3.55,0,0,125,13.1165
3.575,0,0,125,13.1436
3.6,0,0,125,13.1708
3.625,0,0,125,13.1979
3.65,0,0,125,13.225
3.675,0,0,125,13.252
3.7,0,0,125,13.279
3.725,0,0,125,13.3059
3.75,0,0,125,13.3328
3.775,0,0,125,13.3596
3.8,0,0,125,13.3864
3.825,0,0,125,13.4131
3.85,0,0,125,13.4398
3.875,0,0,125,13.4664
3.9,0,0,125,13.493
3.925,0,0,125,13.5195
3.95,0,0,125,13.5459
3.975,0,0,125,13.5722
4,0,0,125,13.5985
4.025,0,0,125,13.6247
4.05,0,0,125,13.6508
4.075,0,0,125,13.6768
4.1,0,0,125,13.7027
4.125,0,0,125,13.7285
4.15,0,0,125,13.7541
4.175,0,0,125,13.7797
4.2,0,0,125,13.8051
4.225,0,0,125,13.8303
4.25,0,0,125,13.8554
4.275,0,0,125,13.8803
4.3,0,0,125,13.905
4.325,0,0,125,13.9295
4.35,0,0,125,13.9537
4.375,0,0,125,13.9777
4.4,0,0,125,14.0014
4.425,0,0,125,14.0247
4.45,0,0,125,14.0478
4.475,0,0,125,14.0704
4.5,0,0,125,14.0927
4.525,0,0,125,14.1145
4.55,0,0,125,14.1358
4.575,0,0,125,14.1566
4.6,0,0,125,14.1768
4.625,0,0,125,14.1965
4.65,0,0,125,14.2154
4.675,0,0,125,14.2336
4.7,0,0,125,14.251
4.725,0,0,125,14.2675
4.75,0,0,125,14.2831
4.775,0,0,125,14.2977
4.8,0,0,125,14.3113
4.825,0,0,125,14.3236
4.85,0,0,125,14.3348
4.875,0,0,125,14.3445
4.9,0,0,125,14.3529
4.925,0,0,125,14.3598
4.95,0,0,125,14.365
4.975,0,0,125,14.3685
5,0,0,125,14.3703
