0,0,0,125,-81.3418
0.025,0,0,125,-81.3385
0.05,0,0,125,-81.3316
0.075,0,0,125,-81.3212
0.1,0,0,125,-81.3069
0.125,0,0,125,-81.2885
0.15,0,0,125,-81.2657
0.175,0,0,125,-81.2382
0.2,0,0,125,-81.2054
0.225,0,0,125,-81.1669
0.25,0,0,125,-81.1223
0.275,0,0,125,-81.071
0.3,0,0,125,-81.0123
0.325,0,0,125,-80.9458
0.35,0,0,125,-80.8708
0.375,0,0,125,-80.7865
0.4,0,0,125,-80.6922
0.425,0,0,125,-80.587
0.45,0,0,125,-80.4701
0.475,0,0,125,-80.3404
0.5,0,0,125,-80.1971
0.525,0,0,125,-80.0388
0.55,0,0,125,-79.8644
0.575,0,0,125,-79.6726
0.6,0,0,125,-79.4621
0.625,0,0,125,-79.2312
0.65,0,0,125,-78.9784
0.675,0,0,125,-78.7021
0.7,0,0,125,-78.4003
0.725,0,0,125,-78.0712
0.75,0,0,125,-77.7128
0.775,0,0,125,-77.3229
0.8,0,0,125,-76.8994
0.825,0,0,125,-76.4399
0.85,0,0,125,-75.9422
0.875,0,0,125,-75.4038
0.9,0,0,125,-74.8224
0.925,0,0,125,-74.1955
0.95,0,0,125,-73.5208
0.975,0,0,125,-72.7959
1,0,0,125,-72.0186
1.025,0,0,125,-71.187
1.05,0,0,125,-70.2992
1.075,0,0,125,-69.3538
1.1,0,0,125,-68.3494
1.125,0,0,125,-67.2854
1.15,0,0,125,-66.1613
1.175,0,0,125,-64.9773
1.2,0,0,125,-63.7341
1.225,0,0,125,-62.4331
1.25,0,0,125,-61.0762
1.275,0,0,125,-59.666
1.3,0,0,125,-58.2058
1.325,0,0,125,-56.6993
1.35,0,0,125,-55.1511
1.375,0,0,125,-53.5662
1.4,0,0,125,-51.9497
1.425,0,0,125,-50.3076
1.45,0,0,125,-48.6456
1.475,0,0,125,-46.9699
1.5,0,0,125,-45.2862
1.525,0,0,125,-43.6004
1.55,0,0,125,-41.9181
1.575,0,0,125,-40.2443
1.6,0,0,125,-38.5837
1.625,0,0,125,-36.9406
1.65,0,0,125,-35.3187
1.675,0,0,125,-33.7212
1.7,0,0,125,-32.1511
1.725,0,0,125,-30.6107
1.75,0,0,125,-29.1023
1.775,0,0,125,-27.6276
1.8,0,0,125,-26.1884
1.825,0,0,125,-24.786
1.85,0,0,125,-23.4217
1.875,0,0,125,-22.0965
1.9,0,0,125,-20.8113
1.925,0,0,125,-19.5666
1.95,0,0,125,-18.3628
1.975,0,0,125,-17.2003
2,0,0,125,-16.0789
2.025,0,0,125,-14.9986
2.05,0,0,125,-13.959
2.075,0,0,125,-12.9595
2.1,0,0,125,-11.9997
2.125,0,0,125,-11.0785
2.15,0,0,125,-10.1953
2.175,0,0,125,-9.34896
2.2,0,0,125,-8.53849
2.225,0,0,125,-7.76275
2.25,0,0,125,-7.02062
2.275,0,0,125,-6.3109
2.3,0,0,125,-5.63238
2.325,0,0,125,-4.98387
2.35,0,0,125,-4.36414
2.375,0,0,125,-3.77201
2.4,0,0,125,-3.20629
2.425,0,0,125,-2.66582
2.45,0,0,125,-2.14946
2.475,0,0,125,-1.65612
2.5,0,0,125,-1.18471
2.525,0,0,125,-0.734215
2.55,0,0,125,-0.30363
2.575,0,0,125,0.108002
2.6,0,0,125,0.5016
2.625,0,0,125,0.878044
2.65,0,0,125,1.23817
2.675,0,0,125,1.58279
2.7,0,0,125,1.91266
2.725,0,0,125,2.22851
2.75,0,0,125,2.53103
2.775,0,0,125,2.82087
2.8,0,0,125,3.09866
2.825,0,0,125,3.36498
2.85,0,0,125,3.6204
2.875,0,0,125,3.86544
2.9,0,0,125,4.1006
2.925,0,0,125,4.32635
2.95,0,0,125,4.54314
2.975,0,0,125,4.75139
3,0,0,125,4.9515
3.025,0,0,125,5.14384
3.05,0,0,125,5.32878
3.075,0,0,125,5.50664
3.1,0,0,125,5.67774
3.125,0,0,125,5.84239
3.15,0,0,125,6.00087
3.175,0,0,125,6.15343
3.2,0,0,125,6.30035
3.225,0,0,125,6.44185
3.25,0,0,125,6.57816
3.275,0,0,125,6.70949
3.3,0,0,125,6.83606
3.325,0,0,125,6.95804
3.35,0,0,125,7.07562
3.375,0,0,125,7.18897
3.4,0,0,125,7.29825
3.425,0,0,125,7.40362
3.45,0,0,125,7.50523
3.475,0,0,125,7.60321
3.5,0,0,125,7.6977
3.525,0,0,125,7.78882
3.55,0,0,125,7.87669
3.575,0,0,125,7.96142
3.6,0,0,125,8.04313
3.625,0,0,125,8.12192
3.65,0,0,125,8.19787
3.675,0,0,125,8.2711
3.7,0,0,125,8.34168
3.725,0,0,125,8.40971
3.75,0,0,125,8.47526
3.775,0,0,125,8.53842
3.8,0,0,125,8.59926
3.825,0,0,125,8.65785
3.85,0,0,125,8.71426
3.875,0,0,125,8.76856
3.9,0,0,125,8.82081
3.925,0,0,125,8.87107
3.95,0,0,125,8.91941
3.975,0,0,125,8.96588
4,0,0,125,9.01054
4.025,0,0,125,9.05343
4.05,0,0,125,9.09462
4.075,0,0,125,9.13415
4.1,0,0,125,9.17207
4.125,0,0,125,9.20843
4.15,0,0,125,9.24327
4.175,0,0,125,9.27663
4.2,0,0,125,9.30855
4.225,0,0,125,9.33909
4.25,0,0,125,9.36827
4.275,0,0,125,9.39613
4.3,0,0,125,9.42272
4.325,0,0,125,9.44806
4.35,0,0,125,9.47218
4.375,0,0,125,9.49513
4.4,0,0,125,9.51692
4.425,0,0,125,9.53759
4.45,0,0,125,9.55715
4.475,0,0,125,9.57565
4.5,0,0,125,9.59309
4.525,0,0,125,9.60949
4.55,0,0,125,9.62488
4.575,0,0,125,9.63927
4.6,0,0,125,9.65266
4.625,0,0,125,9.66508
4.65,0,0,125,9.67654
4.675,0,0,125,9.68703
4.7,0,0,125,9.69656
4.725,0,0,125,9.70515
4.75,0,0,125,9.71279
4.775,0,0,125,9.7195
4.8,0,0,125,9.72528
4.825,0,0,125,9.73015
4.85,0,0,125,9.73414
4.875,0,0,125,9.7373
4.9,0,0,125,9.73972
4.925,0,0,125,9.7415
4.95,0,0,125,9.74275
4.975,0,0,125,9.74355
5,0,0,125,9.74394
