0,0,0,125,-9.20776
0.025,0,0,125,-9.21293
0.05,0,0,125,-9.22328
0.075,0,0,125,-9.23883
0.1,0,0,125,-9.2596
0.125,0,0,125,-9.28567
0.15,0,0,125,-9.31708
0.175,0,0,125,-9.35387
0.2,0,0,125,-9.39602
0.225,0,0,125,-9.44347
0.25,0,0,125,-9.49616
0.275,0,0,125,-9.55402
0.3,0,0,125,-9.61699
0.325,0,0,125,-9.685
0.35,0,0,125,-9.75799
0.375,0,0,125,-9.83589
0.4,0,0,125,-9.91865
0.425,0,0,125,-10.0062
0.45,0,0,125,-10.0986
0.475,0,0,125,-10.1957
0.5,0,0,125,-10.2974
0.525,0,0,125,-10.4039
0.55,0,0,125,-10.5151
0.575,0,0,125,-10.6309
0.6,0,0,125,-10.7515
0.625,0,0,125,-10.8767
0.65,0,0,125,-11.0066
0.675,0,0,125,-11.1414
0.7,0,0,125,-11.2809
0.725,0,0,125,-11.4252
0.75,0,0,125,-11.5745
0.775,0,0,125,-11.7287
0.8,0,0,125,-11.888
0.825,0,0,125,-12.0525
0.85,0,0,125,-12.2221
0.875,0,0,125,-12.3972
0.9,0,0,125,-12.5777
0.925,0,0,125,-12.7638
0.95,0,0,125,-12.9557
0.975,0,0,125,-13.1535
1,0,0,125,-13.3573
1.025,0,0,125,-13.5673
1.05,0,0,125,-13.7837
1.075,0,0,125,-14.0068
1.1,0,0,125,-14.2366
1.125,0,0,125,-14.4734
1.15,0,0,125,-14.7175
1.175,0,0,125,-14.9691
1.2,0,0,125,-15.2284
1.225,0,0,125,-15.4957
1.25,0,0,125,-15.7712
1.275,0,0,125,-16.0553
1.3,0,0,125,-16.3482
1.325,0,0,125,-16.6502
1.35,0,0,125,-16.9617
1.375,0,0,125,-17.283
1.4,0,0,125,-17.6145
1.425,0,0,125,-17.9563
1.45,0,0,125,-18.3091
1.475,0,0,125,-18.673
1.5,0,0,125,-19.0486
1.525,0,0,125,-19.4361
1.55,0,0,125,-19.836
1.575,0,0,125,-20.2487
1.6,0,0,125,-20.6746
1.625,0,0,125,-21.1142
1.65,0,0,125,-21.5679
1.675,0,0,125,-22.0362
1.7,0,0,125,-22.5195
1.725,0,0,125,-23.0182
1.75,0,0,125,-23.533
1.775,0,0,125,-24.0642
1.8,0,0,125,-24.6123
1.825,0,0,125,-25.1779
1.85,0,0,125,-25.7615
1.875,0,0,125,-26.3636
1.9,0,0,125,-26.9848
1.925,0,0,125,-27.6255
1.95,0,0,125,-28.2863
1.975,0,0,125,-28.9678
2,0,0,125,-29.6705
2.025,0,0,125,-30.3949
2.05,0,0,125,-31.1417
2.075,0,0,125,-31.9112
2.1,0,0,125,-32.7039
2.125,0,0,125,-33.5204
2.15,0,0,125,-34.361
2.175,0,0,125,-35.2259
2.2,0,0,125,-36.1156
2.225,0,0,125,-37.0301
2.25,0,0,125,-37.9693
2.275,0,0,125,-38.9333
2.3,0,0,125,-39.9217
2.325,0,0,125,-40.9339
2.35,0,0,125,-41.9694
2.375,0,0,125,-43.0272
2.4,0,0,125,-44.1062
2.425,0,0,125,-45.2049
2.45,0,0,125,-46.3217
2.475,0,0,125,-47.4547
2.5,0,0,125,-48.6017
2.525,0,0,125,-49.7604
2.55,0,0,125,-50.928
2.575,0,0,125,-52.1019
2.6,0,0,125,-53.279
2.625,0,0,125,-54.4561
2.65,0,0,125,-55.6301
2.675,0,0,125,-56.7977
2.7,0,0,125,-57.9555
2.725,0,0,125,-59.1004
2.75,0,0,125,-60.2291
2.775,0,0,125,-61.3387
2.8,0,0,125,-62.4261
2.825,0,0,125,-63.4887
2.85,0,0,125,-64.524
2.875,0,0,125,-65.5298
2.9,0,0,125,-66.5042
2.925,0,0,125,-67.4454
2.95,0,0,125,-68.3523
2.975,0,0,125,-69.2236
3,0,0,125,-70.0586
3.025,0,0,125,-70.8569
3.05,0,0,125,-71.6182
3.075,0,0,125,-72.3426
3.1,0,0,125,-73.0304
3.125,0,0,125,-73.682
3.15,0,0,125,-74.2981
3.175,0,0,125,-74.8795
3.2,0,0,125,-75.4272
3.225,0,0,125,-75.9423
3.25,0,0,125,-76.426
3.275,0,0,125,-76.8795
3.3,0,0,125,-77.304
3.325,0,0,125,-77.701
3.35,0,0,125,-78.0717
3.375,0,0,125,-78.4175
3.4,0,0,125,-78.7397
3.425,0,0,125,-79.0397
3.45,0,0,125,-79.3187
3.475,0,0,125,-79.578
3.5,0,0,125,-79.8187
3.525,0,0,125,-80.0421
3.55,0,0,125,-80.2492
3.575,0,0,125,-80.4412
3.6,0,0,125,-80.6189
3.625,0,0,125,-80.7835
3.65,0,0,125,-80.9357
3.675,0,0,125,-81.0765
3.7,0,0,125,-81.2066
3.725,0,0,125,-81.3268
3.75,0,0,125,-81.4378
3.775,0,0,125,-81.5403
3.8,0,0,125,-81.6349
3.825,0,0,125,-81.7221
3.85,0,0,125,-81.8026
3.875,0,0,125,-81.8767
3.9,0,0,125,-81.945
3.925,0,0,125,-82.0078
3.95,0,0,125,-82.0657
3.975,0,0,125,-82.1189
4,0,0,125,-82.1678
4.025,0,0,125,-82.2128
4.05,0,0,125,-82.254
4.075,0,0,125,-82.2918
4.1,0,0,125,-82.3264
4.125,0,0,125,-82.3581
4.15,0,0,125,-82.3871
4.175,0,0,125,-82.4136
4.2,0,0,125,-82.4377
4.225,0,0,125,-82.4596
4.25,0,0,125,-82.4795
4.275,0,0,125,-82.4975
4.3,0,0,125,-82.5138
4.325,0,0,125,-82.5285
4.35,0,0,125,-82.5417
4.375,0,0,125,-82.5534
4.4,0,0,125,-82.5639
4.425,0,0,125,-82.5732
4.45,0,0,125,-82.5813
4.475,0,0,125,-82.5885
4.5,0,0,125,-82.5946
4.525,0,0,125,-82.5999
4.55,0,0,125,-82.6043
4.575,0,0,125,-82.608
4.6,0,0,125,-82.611
4.625,0,0,125,-82.6133
4.65,0,0,125,-82.615
4.675,0,0,125,-82.6162
4.7,0,0,125,-82.6169
4.725,0,0,125,-82.6172
4.75,0,0,125,-82.617
4.775,0,0,125,-82.6165
4.8,0,0,125,-82.6157
4.825,0,0,125,-82.6147
4.85,0,0,125,-82.6135
4.875,0,0,125,-82.6122
4.9,0,0,125,-82.6109
4.925,0,0,125,-82.6097
4.95,0,0,125,-82.6086
4.975,0,0,125,-82.6079
5,0,0,125,-82.6075
