0,0,0,125,-33.5219
0.025,0,0,125,-33.5333
0.05,0,0,125,-33.5561
0.075,0,0,125,-33.5904
0.1,0,0,125,-33.6362
0.125,0,0,125,-33.6937
0.15,0,0,125,-33.7629
0.175,0,0,125,-33.844
0.2,0,0,125,-33.9371
0.225,0,0,125,-34.0421
0.25,0,0,125,-34.1591
0.275,0,0,125,-34.2882
0.3,0,0,125,-34.4295
0.325,0,0,125,-34.583
0.35,0,0,125,-34.7488
0.375,0,0,125,-34.927
0.4,0,0,125,-35.1177
0.425,0,0,125,-35.3211
0.45,0,0,125,-35.5373
0.475,0,0,125,-35.7665
0.5,0,0,125,-36.0089
0.525,0,0,125,-36.2646
0.55,0,0,125,-36.5339
0.575,0,0,125,-36.8171
0.6,0,0,125,-37.1143
0.625,0,0,125,-37.4259
0.65,0,0,125,-37.7521
0.675,0,0,125,-38.0933
0.7,0,0,125,-38.4497
0.725,0,0,125,-38.8217
0.75,0,0,125,-39.2096
0.775,0,0,125,-39.6137
0.8,0,0,125,-40.0344
0.825,0,0,125,-40.4719
0.85,0,0,125,-40.9266
0.875,0,0,125,-41.3988
0.9,0,0,125,-41.8887
0.925,0,0,125,-42.3967
0.95,0,0,125,-42.9229
0.975,0,0,125,-43.4676
1,0,0,125,-44.031
1.025,0,0,125,-44.613
1.05,0,0,125,-45.2138
1.075,0,0,125,-45.8334
1.1,0,0,125,-46.4716
1.125,0,0,125,-47.1284
1.15,0,0,125,-47.8033
1.175,0,0,125,-48.4962
1.2,0,0,125,-49.2066
1.225,0,0,125,-49.9338
1.25,0,0,125,-50.6773
1.275,0,0,125,-51.4363
1.3,0,0,125,-52.21
1.325,0,0,125,-52.9972
1.35,0,0,125,-53.7969
1.375,0,0,125,-54.6079
1.4,0,0,125,-55.4288
1.425,0,0,125,-56.2582
1.45,0,0,125,-57.0945
1.475,0,0,125,-57.9361
1.5,0,0,125,-58.7814
1.525,0,0,125,-59.6285
1.55,0,0,125,-60.4756
1.575,0,0,125,-61.3208
1.6,0,0,125,-62.1624
1.625,0,0,125,-62.9983
1.65,0,0,125,-63.8268
1.675,0,0,125,-64.646
1.7,0,0,125,-65.4541
1.725,0,0,125,-66.2494
1.75,0,0,125,-67.0303
1.775,0,0,125,-67.7953
1.8,0,0,125,-68.5428
1.825,0,0,125,-69.2717
1.85,0,0,125,-69.9807
1.875,0,0,125,-70.6688
1.9,0,0,125,-71.3352
1.925,0,0,125,-71.979
1.95,0,0,125,-72.5997
1.975,0,0,125,-73.1967
2,0,0,125,-73.7699
2.025,0,0,125,-74.3191
2.05,0,0,125,-74.8441
2.075,0,0,125,-75.3451
2.1,0,0,125,-75.8223
2.125,0,0,125,-76.276
2.15,0,0,125,-76.7066
2.175,0,0,125,-77.1145
2.2,0,0,125,-77.5004
2.225,0,0,125,-77.8649
2.25,0,0,125,-78.2086
2.275,0,0,125,-78.5323
2.3,0,0,125,-78.8367
2.325,0,0,125,-79.1227
2.35,0,0,125,-79.391
2.375,0,0,125,-79.6424
2.4,0,0,125,-79.8777
2.425,0,0,125,-80.0978
2.45,0,0,125,-80.3035
2.475,0,0,125,-80.4955
2.5,0,0,125,-80.6747
2.525,0,0,125,-80.8417
2.55,0,0,125,-80.9972
2.575,0,0,125,-81.1421
2.6,0,0,125,-81.277
2.625,0,0,125,-81.4024
2.65,0,0,125,-81.5191
2.675,0,0,125,-81.6275
2.7,0,0,125,-81.7283
2.725,0,0,125,-81.822
2.75,0,0,125,-81.9091
2.775,0,0,125,-81.99
2.8,0,0,125,-82.0652
2.825,0,0,125,-82.1351
2.85,0,0,125,-82.2001
2.875,0,0,125,-82.2605
2.9,0,0,125,-82.3166
2.925,0,0,125,-82.3689
2.95,0,0,125,-82.4175
2.975,0,0,125,-82.4628
3,0,0,125,-82.5049
3.025,0,0,125,-82.5442
3.05,0,0,125,-82.5808
3.075,0,0,125,-82.615
3.1,0,0,125,-82.6469
3.125,0,0,125,-82.6766
3.15,0,0,125,-82.7044
3.175,0,0,125,-82.7304
3.2,0,0,125,-82.7548
3.225,0,0,125,-82.7775
3.25,0,0,125,-82.7989
3.275,0,0,125,-82.8188
3.3,0,0,125,-82.8376
3.325,0,0,125,-82.8552
3.35,0,0,125,-82.8717
3.375,0,0,125,-82.8872
3.4,0,0,125,-82.9017
3.425,0,0,125,-82.9154
3.45,0,0,125,-82.9283
3.475,0,0,125,-82.9404
3.5,0,0,125,-82.9518
3.525,0,0,125,-82.9625
3.55,0,0,125,-82.9726
3.575,0,0,125,-82.982
3.6,0,0,125,-82.9909
3.625,0,0,125,-82.9993
3.65,0,0,125,-83.0071
3.675,0,0,125,-83.0145
3.7,0,0,125,-83.0214
3.725,0,0,125,-83.0279
3.75,0,0,125,-83.0339
3.775,0,0,125,-83.0396
3.8,0,0,125,-83.0449
3.825,0,0,125,-83.0498
3.85,0,0,125,-83.0543
3.875,0,0,125,-83.0586
3.9,0,0,125,-83.0625
3.925,0,0,125,-83.066
3.95,0,0,125,-83.0693
3.975,0,0,125,-83.0722
4,0,0,125,-83.0749
4.025,0,0,125,-83.0773
4.05,0,0,125,-83.0794
4.075,0,0,125,-83.0813
4.1,0,0,125,-83.0828
4.125,0,0,125,-83.0842
4.15,0,0,125,-83.0853
4.175,0,0,125,-83.0862
4.2,0,0,125,-83.0868
4.225,0,0,125,-83.0872
4.25,0,0,125,-83.0874
4.275,0,0,125,-83.0874
4.3,0,0,125,-83.0871
4.325,0,0,125,-83.0866
4.35,0,0,125,-83.086
4.375,0,0,125,-83.0852
4.4,0,0,125,-83.0841
4.425,0,0,125,-83.083
4.45,0,0,125,-83.0816
4.475,0,0,125,-83.0801
4.5,0,0,125,-83.0784
4.525,0,0,125,-83.0766
4.55,0,0,125,-83.0747
4.575,0,0,125,-83.0726
4.6,0,0,125,-83.0705
4.625,0,0,125,-83.0682
4.65,0,0,125,-83.0659
4.675,0,0,125,-83.0635
4.7,0,0,125,-83.061
4.725,0,0,125,-83.0585
4.75,0,0,125,-83.0559
4.775,0,0,125,-83.0534
4.8,0,0,125,-83.0508
4.825,0,0,125,-83.0483
4.85,0,0,125,-83.0459
4.875,0,0,125,-83.0436
4.9,0,0,125,-83.0415
4.925,0,0,125,-83.0397
4.95,0,0,125,-83.0383
4.975,0,0,125,-83.0373
5,0,0,125,-83.0367
