0,0,0,125,-84.2394
0.025,0,0,125,-84.2395
0.05,0,0,125,-84.2396
0.075,0,0,125,-84.2399
0.1,0,0,125,-84.2402
0.125,0,0,125,-84.2406
0.15,0,0,125,-84.2411
0.175,0,0,125,-84.2415
0.2,0,0,125,-84.242
0.225,0,0,125,-84.2425
0.25,0,0,125,-84.243
0.275,0,0,125,-84.2435
0.3,0,0,125,-84.244
0.325,0,0,125,-84.2446
0.35,0,0,125,-84.2451
0.375,0,0,125,-84.2456
0.4,0,0,125,-84.2461
0.425,0,0,125,-84.2466
0.45,0,0,125,-84.2471
0.475,0,0,125,-84.2475
0.5,0,0,125,-84.248
0.525,0,0,125,-84.2484
0.55,0,0,125,-84.2489
0.575,0,0,125,-84.2493
0.6,0,0,125,-84.2497
0.625,0,0,125,-84.2501
0.65,0,0,125,-84.2505
0.675,0,0,125,-84.2509
0.7,0,0,125,-84.2513
0.725,0,0,125,-84.2516
0.75,0,0,125,-84.252
0.775,0,0,125,-84.2524
0.8,0,0,125,-84.2528
0.825,0,0,125,-84.2532
0.85,0,0,125,-84.2535
0.875,0,0,125,-84.2539
0.9,0,0,125,-84.2543
0.925,0,0,125,-84.2547
0.95,0,0,125,-84.2551
0.975,0,0,125,-84.2555
1,0,0,125,-84.256
1.025,0,0,125,-84.2564
1.05,0,0,125,-84.2569
1.075,0,0,125,-84.2573
1.1,0,0,125,-84.2578
1.125,0,0,125,-84.2583
1.15,0,0,125,-84.2588
1.175,0,0,125,-84.2593
1.2,0,0,125,-84.2598
1.225,0,0,125,-84.2603
1.25,0,0,125,-84.2608
1.275,0,0,125,-84.2614
1.3,0,0,125,-84.262
1.325,0,0,125,-84.2625
1.35,0,0,125,-84.2631
1.375,0,0,125,-84.2638
1.4,0,0,125,-84.2644
1.425,0,0,125,-84.265
1.45,0,0,125,-84.2656
1.475,0,0,125,-84.2663
1.5,0,0,125,-84.2669
1.525,0,0,125,-84.2676
1.55,0,0,125,-84.2683
1.575,0,0,125,-84.269
1.6,0,0,125,-84.2697
1.625,0,0,125,-84.2704
1.65,0,0,125,-84.2711
1.675,0,0,125,-84.2718
1.7,0,0,125,-84.2726
1.725,0,0,125,-84.2733
1.75,0,0,125,-84.2741
1.775,0,0,125,-84.2749
1.8,0,0,125,-84.2756
1.825,0,0,125,-84.2764
1.85,0,0,125,-84.2772
1.875,0,0,125,-84.278
1.9,0,0,125,-84.2789
1.925,0,0,125,-84.2797
1.95,0,0,125,-84.2805
1.975,0,0,125,-84.2814
2,0,0,125,-84.2823
2.025,0,0,125,-84.2832
2.05,0,0,125,-84.2841
2.075,0,0,125,-84.2851
2.1,0,0,125,-84.2861
2.125,0,0,125,-84.2871
2.15,0,0,125,-84.2882
2.175,0,0,125,-84.2893
2.2,0,0,125,-84.2904
2.225,0,0,125,-84.2915
2.25,0,0,125,-84.2927
2.275,0,0,125,-84.2939
2.3,0,0,125,-84.2952
2.325,0,0,125,-84.2965
2.35,0,0,125,-84.2978
2.375,0,0,125,-84.2991
2.4,0,0,125,-84.3005
2.425,0,0,125,-84.302
2.45,0,0,125,-84.3034
2.475,0,0,125,-84.3049
2.5,0,0,125,-84.3065
2.525,0,0,125,-84.308
2.55,0,0,125,-84.3097
2.575,0,0,125,-84.3113
2.6,0,0,125,-84.3129
2.625,0,0,125,-84.3145
2.65,0,0,125,-84.3162
2.675,0,0,125,-84.3179
2.7,0,0,125,-84.3196
2.725,0,0,125,-84.3213
2.75,0,0,125,-84.323
2.775,0,0,125,-84.3248
2.8,0,0,125,-84.3265
2.825,0,0,125,-84.3283
2.85,0,0,125,-84.3301
2.875,0,0,125,-84.3319
2.9,0,0,125,-84.3337
2.925,0,0,125,-84.3355
2.95,0,0,125,-84.3374
2.975,0,0,125,-84.3393
3,0,0,125,-84.3411
3.025,0,0,125,-84.3429
3.05,0,0,125,-84.3448
3.075,0,0,125,-84.3466
3.1,0,0,125,-84.3484
3.125,0,0,125,-84.3501
3.15,0,0,125,-84.3519
3.175,0,0,125,-84.3537
3.2,0,0,125,-84.3554
3.225,0,0,125,-84.3571
3.25,0,0,125,-84.3588
3.275,0,0,125,-84.3605
3.3,0,0,125,-84.3622
3.325,0,0,125,-84.3639
3.35,0,0,125,-84.3655
3.375,0,0,125,-84.3671
3.4,0,0,125,-84.3688
3.425,0,0,125,-84.3704
3.45,0,0,125,-84.372
3.475,0,0,125,-84.3735
3.5,0,0,125,-84.3751
3.525,0,0,125,-84.3766
3.55,0,0,125,-84.3781
3.575,0,0,125,-84.3796
3.6,0,0,125,-84.3811
3.625,0,0,125,-84.3825
3.65,0,0,125,-84.3839
3.675,0,0,125,-84.3852
3.7,0,0,125,-84.3866
3.725,0,0,125,-84.3878
3.75,0,0,125,-84.3891
3.775,0,0,125,-84.3903
3.8,0,0,125,-84.3914
3.825,0,0,125,-84.3926
3.85,0,0,125,-84.3937
3.875,0,0,125,-84.3947
3.9,0,0,125,-84.3957
3.925,0,0,125,-84.3967
3.95,0,0,125,-84.3977
3.975,0,0,125,-84.3986
4,0,0,125,-84.3995
4.025,0,0,125,-84.4003
4.05,0,0,125,-84.4012
4.075,0,0,125,-84.4019
4.1,0,0,125,-84.4027
4.125,0,0,125,-84.4034
4.15,0,0,125,-84.4041
4.175,0,0,125,-84.4047
4.2,0,0,125,-84.4053
4.225,0,0,125,-84.4059
4.25,0,0,125,-84.4065
4.275,0,0,125,-84.407
4.3,0,0,125,-84.4075
4.325,0,0,125,-84.4079
4.35,0,0,125,-84.4083
4.375,0,0,125,-84.4087
4.4,0,0,125,-84.4091
4.425,0,0,125,-84.4094
4.45,0,0,125,-84.4098
4.475,0,0,125,-84.4101
4.5,0,0,125,-84.4104
4.525,0,0,125,-84.4106
4.55,0,0,125,-84.4109
4.575,0,0,125,-84.4111
4.6,0,0,125,-84.4114
4.625,0,0,125,-84.4116
4.65,0,0,125,-84.4117
4.675,0,0,125,-84.4119
4.7,0,0,125,-84.412
4.725,0,0,125,-84.4121
4.75,0,0,125,-84.4122
4.775,0,0,125,-84.4123
4.8,0,0,125,-84.4124
4.825,0,0,125,-84.4125
4.85,0,0,125,-84.4125
4.875,0,0,125,-84.4126
4.9,0,0,125,-84.4126
4.925,0,0,125,-84.4127
4.95,0,0,125,-84.4127
4.975,0,0,125,-84.4127
5,0,0,125,-84.4127
