0,0,0,125,-83.0851
0.025,0,0,125,-83.0855
0.05,0,0,125,-83.0863
0.075,0,0,125,-83.0874
0.1,0,0,125,-83.0888
0.125,0,0,125,-83.0905
0.15,0,0,125,-83.0923
0.175,0,0,125,-83.0941
0.2,0,0,125,-83.096
0.225,0,0,125,-83.098
0.25,0,0,125,-83.0999
0.275,0,0,125,-83.1019
0.3,0,0,125,-83.1038
0.325,0,0,125,-83.1058
0.35,0,0,125,-83.1077
0.375,0,0,125,-83.1095
0.4,0,0,125,-83.1114
0.425,0,0,125,-83.1133
0.45,0,0,125,-83.1151
0.475,0,0,125,-83.1169
0.5,0,0,125,-83.1187
0.525,0,0,125,-83.1204
0.55,0,0,125,-83.1222
0.575,0,0,125,-83.1239
0.6,0,0,125,-83.1257
0.625,0,0,125,-83.1274
0.65,0,0,125,-83.1291
0.675,0,0,125,-83.1307
0.7,0,0,125,-83.1324
0.725,0,0,125,-83.134
0.75,0,0,125,-83.1357
0.775,0,0,125,-83.1373
0.8,0,0,125,-83.1389
0.825,0,0,125,-83.1406
0.85,0,0,125,-83.1422
0.875,0,0,125,-83.1439
0.9,0,0,125,-83.1455
0.925,0,0,125,-83.1472
0.95,0,0,125,-83.1489
0.975,0,0,125,-83.1505
1,0,0,125,-83.1522
1.025,0,0,125,-83.154
1.05,0,0,125,-83.1557
1.075,0,0,125,-83.1574
1.1,0,0,125,-83.1592
1.125,0,0,125,-83.161
1.15,0,0,125,-83.1628
1.175,0,0,125,-83.1646
1.2,0,0,125,-83.1664
1.225,0,0,125,-83.1683
1.25,0,0,125,-83.1702
1.275,0,0,125,-83.1722
1.3,0,0,125,-83.1742
1.325,0,0,125,-83.1762
1.35,0,0,125,-83.1783
1.375,0,0,125,-83.1804
1.4,0,0,125,-83.1825
1.425,0,0,125,-83.1847
1.45,0,0,125,-83.1869
1.475,0,0,125,-83.1892
1.5,0,0,125,-83.1915
1.525,0,0,125,-83.1938
1.55,0,0,125,-83.1962
1.575,0,0,125,-83.1986
1.6,0,0,125,-83.2011
1.625,0,0,125,-83.2036
1.65,0,0,125,-83.2062
1.675,0,0,125,-83.2089
1.7,0,0,125,-83.2117
1.725,0,0,125,-83.2144
1.75,0,0,125,-83.2173
1.775,0,0,125,-83.2202
1.8,0,0,125,-83.2232
1.825,0,0,125,-83.2262
1.85,0,0,125,-83.2294
1.875,0,0,125,-83.2326
1.9,0,0,125,-83.2359
1.925,0,0,125,-83.2393
1.95,0,0,125,-83.2427
1.975,0,0,125,-83.2463
2,0,0,125,-83.2499
2.025,0,0,125,-83.2537
2.05,0,0,125,-83.2575
2.075,0,0,125,-83.2615
2.1,0,0,125,-83.2655
2.125,0,0,125,-83.2697
2.15,0,0,125,-83.274
2.175,0,0,125,-83.2784
2.2,0,0,125,-83.2829
2.225,0,0,125,-83.2875
2.25,0,0,125,-83.2922
2.275,0,0,125,-83.297
2.3,0,0,125,-83.3019
2.325,0,0,125,-83.307
2.35,0,0,125,-83.3121
2.375,0,0,125,-83.3174
2.4,0,0,125,-83.3228
2.425,0,0,125,-83.3283
2.45,0,0,125,-83.3339
2.475,0,0,125,-83.3396
2.5,0,0,125,-83.3455
2.525,0,0,125,-83.3514
2.55,0,0,125,-83.3575
2.575,0,0,125,-83.3637
2.6,0,0,125,-83.3699
2.625,0,0,125,-83.3763
2.65,0,0,125,-83.3828
2.675,0,0,125,-83.3895
2.7,0,0,125,-83.3962
2.725,0,0,125,-83.403
2.75,0,0,125,-83.4098
2.775,0,0,125,-83.4168
2.8,0,0,125,-83.4238
2.825,0,0,125,-83.4309
2.85,0,0,125,-83.4381
2.875,0,0,125,-83.4453
2.9,0,0,125,-83.4526
2.925,0,0,125,-83.4599
2.95,0,0,125,-83.4672
2.975,0,0,125,-83.4746
3,0,0,125,-83.482
3.025,0,0,125,-83.4894
3.05,0,0,125,-83.4968
3.075,0,0,125,-83.5043
3.1,0,0,125,-83.5117
3.125,0,0,125,-83.5192
3.15,0,0,125,-83.5266
3.175,0,0,125,-83.5341
3.2,0,0,125,-83.5415
3.225,0,0,125,-83.5489
3.25,0,0,125,-83.5562
3.275,0,0,125,-83.5635
3.3,0,0,125,-83.5707
3.325,0,0,125,-83.5778
3.35,0,0,125,-83.5849
3.375,0,0,125,-83.5919
3.4,0,0,125,-83.5988
3.425,0,0,125,-83.6057
3.45,0,0,125,-83.6124
3.475,0,0,125,-83.6191
3.5,0,0,125,-83.6256
3.525,0,0,125,-83.632
3.55,0,0,125,-83.6383
3.575,0,0,125,-83.6445
3.6,0,0,125,-83.6506
3.625,0,0,125,-83.6566
3.65,0,0,125,-83.6624
3.675,0,0,125,-83.6682
3.7,0,0,125,-83.6738
3.725,0,0,125,-83.6792
3.75,0,0,125,-83.6846
3.775,0,0,125,-83.6897
3.8,0,0,125,-83.6947
3.825,0,0,125,-83.6996
3.85,0,0,125,-83.7042
3.875,0,0,125,-83.7088
3.9,0,0,125,-83.7131
3.925,0,0,125,-83.7173
3.95,0,0,125,-83.7213
3.975,0,0,125,-83.7252
4,0,0,125,-83.729
4.025,0,0,125,-83.7326
4.05,0,0,125,-83.7361
4.075,0,0,125,-83.7394
4.1,0,0,125,-83.7426
4.125,0,0,125,-83.7457
4.15,0,0,125,-83.7486
4.175,0,0,125,-83.7514
4.2,0,0,125,-83.754
4.225,0,0,125,-83.7565
4.25,0,0,125,-83.7589
4.275,0,0,125,-83.7611
4.3,0,0,125,-83.7633
4.325,0,0,125,-83.7653
4.35,0,0,125,-83.7672
4.375,0,0,125,-83.769
4.4,0,0,125,-83.7706
4.425,0,0,125,-83.7722
4.45,0,0,125,-83.7736
4.475,0,0,125,-83.7749
4.5,0,0,125,-83.7762
4.525,0,0,125,-83.7773
4.55,0,0,125,-83.7784
4.575,0,0,125,-83.7794
4.6,0,0,125,-83.7802
4.625,0,0,125,-83.781
4.65,0,0,125,-83.7817
4.675,0,0,125,-83.7824
4.7,0,0,125,-83.7829
4.725,0,0,125,-83.7834
4.75,0,0,125,-83.7839
4.775,0,0,125,-83.7842
4.8,0,0,125,-83.7845
4.825,0,0,125,-83.7848
4.85,0,0,125,-83.7849
4.875,0,0,125,-83.7851
4.9,0,0,125,-83.7852
4.925,0,0,125,-83.7852
4.95,0,0,125,-83.7853
4.975,0,0,125,-83.7853
5,0,0,125,-83.7853
