0,0,0,125,11.625
0.025,0,0,125,11.617
0.05,0,0,125,11.6008
0.075,0,0,125,11.576
0.1,0,0,125,11.5417
0.125,0,0,125,11.4974
0.15,0,0,125,11.4421
0.175,0,0,125,11.376
0.2,0,0,125,11.2994
0.225,0,0,125,11.2131
0.25,0,0,125,11.1178
0.275,0,0,125,11.0145
0.3,0,0,125,10.9039
0.325,0,0,125,10.7868
0.35,0,0,125,10.6641
0.375,0,0,125,10.5364
0.4,0,0,125,10.4045
0.425,0,0,125,10.2691
0.45,0,0,125,10.1308
0.475,0,0,125,9.99024
0.5,0,0,125,9.84801
0.525,0,0,125,9.70467
0.55,0,0,125,9.56074
0.575,0,0,125,9.41671
0.6,0,0,125,9.27304
0.625,0,0,125,9.13016
0.65,0,0,125,8.98847
0.675,0,0,125,8.84834
0.7,0,0,125,8.71011
0.725,0,0,125,8.57408
0.75,0,0,125,8.44054
0.775,0,0,125,8.30975
0.8,0,0,125,8.18194
0.825,0,0,125,8.05731
0.85,0,0,125,7.93605
0.875,0,0,125,7.81832
0.9,0,0,125,7.70426
0.925,0,0,125,7.59399
0.95,0,0,125,7.48763
0.975,0,0,125,7.38525
1,0,0,125,7.28693
1.025,0,0,125,7.19274
1.05,0,0,125,7.10271
1.075,0,0,125,7.01688
1.1,0,0,125,6.93528
1.125,0,0,125,6.85793
1.15,0,0,125,6.78484
1.175,0,0,125,6.71601
1.2,0,0,125,6.65144
1.225,0,0,125,6.59112
1.25,0,0,125,6.53505
1.275,0,0,125,6.48322
1.3,0,0,125,6.43561
1.325,0,0,125,6.39222
1.35,0,0,125,6.35303
1.375,0,0,125,6.31803
1.4,0,0,125,6.28721
1.425,0,0,125,6.26057
1.45,0,0,125,6.23809
1.475,0,0,125,6.21979
1.5,0,0,125,6.20567
1.525,0,0,125,6.19572
1.55,0,0,125,6.18997
1.575,0,0,125,6.18842
1.6,0,0,125,6.1911
1.625,0,0,125,6.19804
1.65,0,0,125,6.20926
1.675,0,0,125,6.2248
1.7,0,0,125,6.2447
1.725,0,0,125,6.26901
1.75,0,0,125,6.29779
1.775,0,0,125,6.33108
1.8,0,0,125,6.36895
1.825,0,0,125,6.41148
1.85,0,0,125,6.45873
1.875,0,0,125,6.51078
1.9,0,0,125,6.56773
1.925,0,0,125,6.62966
1.95,0,0,125,6.69666
1.975,0,0,125,6.76884
2,0,0,125,6.84631
2.025,0,0,125,6.92918
2.05,0,0,125,7.01756
2.075,0,0,125,7.11158
2.1,0,0,125,7.21136
2.125,0,0,125,7.31704
2.15,0,0,125,7.42876
2.175,0,0,125,7.54666
2.2,0,0,125,7.67089
2.225,0,0,125,7.8016
2.25,0,0,125,7.93896
2.275,0,0,125,8.08312
2.3,0,0,125,8.23426
2.325,0,0,125,8.39255
2.35,0,0,125,8.55817
2.375,0,0,125,8.7313
2.4,0,0,125,8.91213
2.425,0,0,125,9.10085
2.45,0,0,125,9.29765
2.475,0,0,125,9.50272
2.5,0,0,125,9.71624
2.525,0,0,125,9.9384
2.55,0,0,125,10.1694
2.575,0,0,125,10.4093
2.6,0,0,125,10.6583
2.625,0,0,125,10.9164
2.65,0,0,125,11.1837
2.675,0,0,125,11.4601
2.7,0,0,125,11.7454
2.725,0,0,125,12.0391
2.75,0,0,125,12.3406
2.775,0,0,125,12.6489
2.8,0,0,125,12.9625
2.825,0,0,125,13.2791
2.85,0,0,125,13.5955
2.875,0,0,125,13.907
2.9,0,0,125,14.207
2.925,0,0,125,14.4863
2.95,0,0,125,14.7318
2.975,0,0,125,14.9249
3,0,0,125,15.0395
3.025,0,0,125,15.0386
3.05,0,0,125,14.8691
3.075,0,0,125,14.4549
3.1,0,0,125,13.6846
3.125,0,0,125,12.3925
3.15,0,0,125,10.3274
3.175,0,0,125,7.09921
3.2,0,0,125,2.08887
3.225,0,0,125,-5.68456
3.25,0,0,125,-17.6211
3.275,0,0,125,-34.2251
3.3,0,0,125,-49.6948
3.325,0,0,125,-60.8267
3.35,0,0,125,-68.4722
3.375,0,0,125,-73.6802
3.4,0,0,125,-77.2168
3.425,0,0,125,-79.6139
3.45,0,0,125,-81.2364
3.475,0,0,125,-82.3337
3.5,0,0,125,-83.0754
3.525,0,0,125,-83.5764
3.55,0,0,125,-83.9148
3.575,0,0,125,-84.1433
3.6,0,0,125,-84.2975
3.625,0,0,125,-84.4017
3.65,0,0,125,-84.4719
3.675,0,0,125,-84.5194
3.7,0,0,125,-84.5514
3.725,0,0,125,-84.573
3.75,0,0,125,-84.5876
3.775,0,0,125,-84.5974
3.8,0,0,125,-84.6041
3.825,0,0,125,-84.6085
3.85,0,0,125,-84.6115
3.875,0,0,125,-84.6136
3.9,0,0,125,-84.6149
3.925,0,0,125,-84.6158
3.95,0,0,125,-84.6164
3.975,0,0,125,-84.6168
4,0,0,125,-84.6171
4.025,0,0,125,-84.6172
4.05,0,0,125,-84.6173
4.075,0,0,125,-84.6174
4.1,0,0,125,-84.6174
4.125,0,0,125,-84.6174
4.15,0,0,125,-84.6174
4.175,0,0,125,-84.6174
4.2,0,0,125,-84.6174
4.225,0,0,125,-84.6174
4.25,0,0,125,-84.6174
4.275,0,0,125,-84.6174
4.3,0,0,125,-84.6174
4.325,0,0,125,-84.6174
4.35,0,0,125,-84.6174
4.375,0,0,125,-84.6174
4.4,0,0,125,-84.6174
4.425,0,0,125,-84.6174
4.45,0,0,125,-84.6174
4.475,0,0,125,-84.6174
4.5,0,0,125,-84.6174
4.525,0,0,125,-84.6174
4.55,0,0,125,-84.6174
4.575,0,0,125,-84.6174
4.6,0,0,125,-84.6174
4.625,0,0,125,-84.6174
4.65,0,0,125,-84.6174
4.675,0,0,125,-84.6174
4.7,0,0,125,-84.6174
4.725,0,0,125,-84.6174
4.75,0,0,125,-84.6174
4.775,0,0,125,-84.6174
4.8,0,0,125,-84.6174
4.825,0,0,125,-84.6174
4.85,0,0,125,-84.6174
4.875,0,0,125,-84.6174
4.9,0,0,125,-84.6174
4.925,0,0,125,-84.6174
4.95,0,0,125,-84.6174
4.975,0,0,125,-84.6174
5,0,0,125,-84.6174
