0,0,0,125,-83.3044
0.025,0,0,125,-83.3048
0.05,0,0,125,-83.3055
0.075,0,0,125,-83.3065
0.1,0,0,125,-83.3077
0.125,0,0,125,-83.3092
0.15,0,0,125,-83.3108
0.175,0,0,125,-83.3124
0.2,0,0,125,-83.3141
0.225,0,0,125,-83.3158
0.25,0,0,125,-83.3176
0.275,0,0,125,-83.3193
0.3,0,0,125,-83.321
0.325,0,0,125,-83.3227
0.35,0,0,125,-83.3244
0.375,0,0,125,-83.3261
0.4,0,0,125,-83.3277
0.425,0,0,125,-83.3293
0.45,0,0,125,-83.3309
0.475,0,0,125,-83.3325
0.5,0,0,125,-83.334
0.525,0,0,125,-83.3355
0.55,0,0,125,-83.3371
0.575,0,0,125,-83.3386
0.6,0,0,125,-83.3401
0.625,0,0,125,-83.3416
0.65,0,0,125,-83.343
0.675,0,0,125,-83.3445
0.7,0,0,125,-83.346
0.725,0,0,125,-83.3474
0.75,0,0,125,-83.3488
0.775,0,0,125,-83.3502
0.8,0,0,125,-83.3516
0.825,0,0,125,-83.3531
0.85,0,0,125,-83.3545
0.875,0,0,125,-83.3559
0.9,0,0,125,-83.3574
0.925,0,0,125,-83.3588
0.95,0,0,125,-83.3603
0.975,0,0,125,-83.3618
1,0,0,125,-83.3633
1.025,0,0,125,-83.3648
1.05,0,0,125,-83.3663
1.075,0,0,125,-83.3678
1.1,0,0,125,-83.3693
1.125,0,0,125,-83.3709
1.15,0,0,125,-83.3724
1.175,0,0,125,-83.374
1.2,0,0,125,-83.3756
1.225,0,0,125,-83.3773
1.25,0,0,125,-83.379
1.275,0,0,125,-83.3807
1.3,0,0,125,-83.3825
1.325,0,0,125,-83.3843
1.35,0,0,125,-83.3861
1.375,0,0,125,-83.388
1.4,0,0,125,-83.3899
1.425,0,0,125,-83.3918
1.45,0,0,125,-83.3938
1.475,0,0,125,-83.3958
1.5,0,0,125,-83.3979
1.525,0,0,125,-83.4
1.55,0,0,125,-83.4021
1.575,0,0,125,-83.4043
1.6,0,0,125,-83.4065
1.625,0,0,125,-83.4088
1.65,0,0,125,-83.4111
1.675,0,0,125,-83.4135
1.7,0,0,125,-83.416
1.725,0,0,125,-83.4185
1.75,0,0,125,-83.4211
1.775,0,0,125,-83.4237
1.8,0,0,125,-83.4264
1.825,0,0,125,-83.4292
1.85,0,0,125,-83.432
1.875,0,0,125,-83.4349
1.9,0,0,125,-83.4379
1.925,0,0,125,-83.4409
1.95,0,0,125,-83.444
1.975,0,0,125,-83.4472
2,0,0,125,-83.4504
2.025,0,0,125,-83.4538
2.05,0,0,125,-83.4572
2.075,0,0,125,-83.4607
2.1,0,0,125,-83.4643
2.125,0,0,125,-83.4679
2.15,0,0,125,-83.4717
2.175,0,0,125,-83.4756
2.2,0,0,125,-83.4795
2.225,0,0,125,-83.4835
2.25,0,0,125,-83.4876
2.275,0,0,125,-83.4918
2.3,0,0,125,-83.4961
2.325,0,0,125,-83.5005
2.35,0,0,125,-83.505
2.375,0,0,125,-83.5096
2.4,0,0,125,-83.5143
2.425,0,0,125,-83.5191
2.45,0,0,125,-83.5241
2.475,0,0,125,-83.5291
2.5,0,0,125,-83.5343
2.525,0,0,125,-83.5395
2.55,0,0,125,-83.5449
2.575,0,0,125,-83.5504
2.6,0,0,125,-83.5559
2.625,0,0,125,-83.5616
2.65,0,0,125,-83.5673
2.675,0,0,125,-83.5731
2.7,0,0,125,-83.5789
2.725,0,0,125,-83.5848
2.75,0,0,125,-83.5908
2.775,0,0,125,-83.5968
2.8,0,0,125,-83.6029
2.825,0,0,125,-83.6091
2.85,0,0,125,-83.6153
2.875,0,0,125,-83.6216
2.9,0,0,125,-83.6279
2.925,0,0,125,-83.6342
2.95,0,0,125,-83.6406
2.975,0,0,125,-83.647
3,0,0,125,-83.6534
3.025,0,0,125,-83.6599
3.05,0,0,125,-83.6664
3.075,0,0,125,-83.6729
3.1,0,0,125,-83.6794
3.125,0,0,125,-83.6859
3.15,0,0,125,-83.6923
3.175,0,0,125,-83.6988
3.2,0,0,125,-83.7052
3.225,0,0,125,-83.7115
3.25,0,0,125,-83.7179
3.275,0,0,125,-83.7241
3.3,0,0,125,-83.7304
3.325,0,0,125,-83.7366
3.35,0,0,125,-83.7427
3.375,0,0,125,-83.7487
3.4,0,0,125,-83.7547
3.425,0,0,125,-83.7606
3.45,0,0,125,-83.7664
3.475,0,0,125,-83.7722
3.5,0,0,125,-83.7778
3.525,0,0,125,-83.7834
3.55,0,0,125,-83.7888
3.575,0,0,125,-83.7942
3.6,0,0,125,-83.7994
3.625,0,0,125,-83.8046
3.65,0,0,125,-83.8096
3.675,0,0,125,-83.8145
3.7,0,0,125,-83.8193
3.725,0,0,125,-83.824
3.75,0,0,125,-83.8285
3.775,0,0,125,-83.833
3.8,0,0,125,-83.8373
3.825,0,0,125,-83.8414
3.85,0,0,125,-83.8454
3.875,0,0,125,-83.8493
3.9,0,0,125,-83.853
3.925,0,0,125,-83.8566
3.95,0,0,125,-83.86
3.975,0,0,125,-83.8634
4,0,0,125,-83.8666
4.025,0,0,125,-83.8696
4.05,0,0,125,-83.8726
4.075,0,0,125,-83.8755
4.1,0,0,125,-83.8782
4.125,0,0,125,-83.8808
4.15,0,0,125,-83.8834
4.175,0,0,125,-83.8858
4.2,0,0,125,-83.888
4.225,0,0,125,-83.8902
4.25,0,0,125,-83.8923
4.275,0,0,125,-83.8942
4.3,0,0,125,-83.896
4.325,0,0,125,-83.8977
4.35,0,0,125,-83.8994
4.375,0,0,125,-83.9009
4.4,0,0,125,-83.9024
4.425,0,0,125,-83.9037
4.45,0,0,125,-83.905
4.475,0,0,125,-83.9062
4.5,0,0,125,-83.9072
4.525,0,0,125,-83.9082
4.55,0,0,125,-83.9091
4.575,0,0,125,-83.91
4.6,0,0,125,-83.9107
4.625,0,0,125,-83.9114
4.65,0,0,125,-83.9121
4.675,0,0,125,-83.9127
4.7,0,0,125,-83.9131
4.725,0,0,125,-83.9136
4.75,0,0,125,-83.914
4.775,0,0,125,-83.9143
4.8,0,0,125,-83.9145
4.825,0,0,125,-83.9147
4.85,0,0,125,-83.9149
4.875,0,0,125,-83.915
4.9,0,0,125,-83.9151
4.925,0,0,125,-83.9152
4.95,0,0,125,-83.9152
4.975,0,0,125,-83.9152
5,0,0,125,-83.9153
