0,0,0,125,-3.64978
0.025,0,0,125,-3.64614
0.05,0,0,125,-3.63898
0.075,0,0,125,-3.62854
0.1,0,0,125,-3.61514
0.125,0,0,125,-3.59919
0.15,0,0,125,-3.58109
0.175,0,0,125,-3.56114
0.2,0,0,125,-3.53955
0.225,0,0,125,-3.51646
0.25,0,0,125,-3.49197
0.275,0,0,125,-3.46617
0.3,0,0,125,-3.43917
0.325,0,0,125,-3.41104
0.35,0,0,125,-3.38186
0.375,0,0,125,-3.35171
0.4,0,0,125,-3.32064
0.425,0,0,125,-3.28872
0.45,0,0,125,-3.25602
0.475,0,0,125,-3.22258
0.5,0,0,125,-3.18847
0.525,0,0,125,-3.15371
0.55,0,0,125,-3.11836
0.575,0,0,125,-3.08245
0.6,0,0,125,-3.04603
0.625,0,0,125,-3.00912
0.65,0,0,125,-2.97177
0.675,0,0,125,-2.93401
0.7,0,0,125,-2.89586
0.725,0,0,125,-2.85736
0.75,0,0,125,-2.81853
0.775,0,0,125,-2.77939
0.8,0,0,125,-2.73996
0.825,0,0,125,-2.70027
0.85,0,0,125,-2.66032
0.875,0,0,125,-2.62016
0.9,0,0,125,-2.57978
0.925,0,0,125,-2.53921
0.95,0,0,125,-2.49846
0.975,0,0,125,-2.45755
1,0,0,125,-2.41649
1.025,0,0,125,-2.37529
1.05,0,0,125,-2.33397
1.075,0,0,125,-2.29254
1.1,0,0,125,-2.251
1.125,0,0,125,-2.20937
1.15,0,0,125,-2.16766
1.175,0,0,125,-2.12588
1.2,0,0,125,-2.08403
1.225,0,0,125,-2.04213
1.25,0,0,125,-2.00018
1.275,0,0,125,-1.95819
1.3,0,0,125,-1.91617
1.325,0,0,125,-1.87411
1.35,0,0,125,-1.83204
1.375,0,0,125,-1.78994
1.4,0,0,125,-1.74783
1.425,0,0,125,-1.7057
1.45,0,0,125,-1.66357
1.475,0,0,125,-1.62144
1.5,0,0,125,-1.57931
1.525,0,0,125,-1.53719
1.55,0,0,125,-1.49507
1.575,0,0,125,-1.45296
1.6,0,0,125,-1.41087
1.625,0,0,125,-1.36879
1.65,0,0,125,-1.32674
1.675,0,0,125,-1.2847
1.7,0,0,125,-1.24269
1.725,0,0,125,-1.2007
1.75,0,0,125,-1.15873
1.775,0,0,125,-1.1168
1.8,0,0,125,-1.0749
1.825,0,0,125,-1.03303
1.85,0,0,125,-0.99119
1.875,0,0,125,-0.949387
1.9,0,0,125,-0.907618
1.925,0,0,125,-0.865887
1.95,0,0,125,-0.824193
1.975,0,0,125,-0.782538
2,0,0,125,-0.740922
2.025,0,0,125,-0.699346
2.05,0,0,125,-0.657812
2.075,0,0,125,-0.61632
2.1,0,0,125,-0.57487
2.125,0,0,125,-0.533464
2.15,0,0,125,-0.492101
2.175,0,0,125,-0.450783
2.2,0,0,125,-0.40951
2.225,0,0,125,-0.368281
2.25,0,0,125,-0.327098
2.275,0,0,125,-0.285961
2.3,0,0,125,-0.244869
2.325,0,0,125,-0.203824
2.35,0,0,125,-0.162825
2.375,0,0,125,-0.121873
2.4,0,0,125,-0.0809673
2.425,0,0,125,-0.0401092
2.45,0,0,125,0.000701424
2.475,0,0,125,0.0414645
2.5,0,0,125,0.0821795
2.525,0,0,125,0.122847
2.55,0,0,125,0.163466
2.575,0,0,125,0.204037
2.6,0,0,125,0.24456
2.625,0,0,125,0.285034
2.65,0,0,125,0.32546
2.675,0,0,125,0.365837
2.7,0,0,125,0.406165
2.725,0,0,125,0.446444
2.75,0,0,125,0.486674
2.775,0,0,125,0.526854
2.8,0,0,125,0.566985
2.825,0,0,125,0.607065
2.85,0,0,125,0.647096
2.875,0,0,125,0.687076
2.9,0,0,125,0.727006
2.925,0,0,125,0.766884
2.95,0,0,125,0.806712
2.975,0,0,125,0.846488
3,0,0,125,0.886212
3.025,0,0,125,0.925885
3.05,0,0,125,0.965504
3.075,0,0,125,1.00507
3.1,0,0,125,1.04458
3.125,0,0,125,1.08404
3.15,0,0,125,1.12345
3.175,0,0,125,1.1628
3.2,0,0,125,1.20209
3.225,0,0,125,1.24133
3.25,0,0,125,1.28051
3.275,0,0,125,1.31964
3.3,0,0,125,1.3587
3.325,0,0,125,1.39771
3.35,0,0,125,1.43665
3.375,0,0,125,1.47553
3.4,0,0,125,1.51435
3.425,0,0,125,1.5531
3.45,0,0,125,1.59179
3.475,0,0,125,1.63041
3.5,0,0,125,1.66896
3.525,0,0,125,1.70744
3.55,0,0,125,1.74584
3.575,0,0,125,1.78417
3.6,0,0,125,1.82242
3.625,0,0,125,1.86059
3.65,0,0,125,1.89867
3.675,0,0,125,1.93667
3.7,0,0,125,1.97457
3.725,0,0,125,2.01239
3.75,0,0,125,2.0501
3.775,0,0,125,2.08771
3.8,0,0,125,2.12521
3.825,0,0,125,2.1626
3.85,0,0,125,2.19987
3.875,0,0,125,2.23701
3.9,0,0,125,2.27403
3.925,0,0,125,2.3109
3.95,0,0,125,2.34763
3.975,0,0,125,2.38421
4,0,0,125,2.42062
4.025,0,0,125,2.45685
4.05,0,0,125,2.4929
4.075,0,0,125,2.52876
4.1,0,0,125,2.5644
4.125,0,0,125,2.59982
4.15,0,0,125,2.63501
4.175,0,0,125,2.66994
4.2,0,0,125,2.70461
4.225,0,0,125,2.73899
4.25,0,0,125,2.77307
4.275,0,0,125,2.80681
4.3,0,0,125,2.8402
4.325,0,0,125,2.87322
4.35,0,0,125,2.90582
4.375,0,0,125,2.93798
4.4,0,0,125,2.96968
4.425,0,0,125,3.00087
4.45,0,0,125,3.03152
4.475,0,0,125,3.06158
4.5,0,0,125,3.09103
4.525,0,0,125,3.1198
4.55,0,0,125,3.14785
4.575,0,0,125,3.17513
4.6,0,0,125,3.20158
4.625,0,0,125,3.22713
4.65,0,0,125,3.25174
4.675,0,0,125,3.27531
4.7,0,0,125,3.29779
4.725,0,0,125,3.3191
4.75,0,0,125,3.33915
4.775,0,0,125,3.35787
4.8,0,0,125,3.37515
4.825,0,0,125,3.3909
4.85,0,0,125,3.40503
4.875,0,0,125,3.41744
4.9,0,0,125,3.42801
4.925,0,0,125,3.43664
4.95,0,0,125,3.44323
4.975,0,0,125,3.44768
5,0,0,125,3.44991
