0,0,0,125,-84.4529
0.025,0,0,125,-84.4529
0.05,0,0,125,-84.453
0.075,0,0,125,-84.4531
0.1,0,0,125,-84.4532
0.125,0,0,125,-84.4534
0.15,0,0,125,-84.4535
0.175,0,0,125,-84.4537
0.2,0,0,125,-84.4539
0.225,0,0,125,-84.4541
0.25,0,0,125,-84.4543
0.275,0,0,125,-84.4545
0.3,0,0,125,-84.4547
0.325,0,0,125,-84.4549
0.35,0,0,125,-84.4551
0.375,0,0,125,-84.4553
0.4,0,0,125,-84.4555
0.425,0,0,125,-84.4557
0.45,0,0,125,-84.4559
0.475,0,0,125,-84.456
0.5,0,0,125,-84.4562
0.525,0,0,125,-84.4563
0.55,0,0,125,-84.4565
0.575,0,0,125,-84.4566
0.6,0,0,125,-84.4568
0.625,0,0,125,-84.4569
0.65,0,0,125,-84.4571
0.675,0,0,125,-84.4572
0.7,0,0,125,-84.4574
0.725,0,0,125,-84.4575
0.75,0,0,125,-84.4576
0.775,0,0,125,-84.4578
0.8,0,0,125,-84.4579
0.825,0,0,125,-84.4581
0.85,0,0,125,-84.4582
0.875,0,0,125,-84.4583
0.9,0,0,125,-84.4585
0.925,0,0,125,-84.4586
0.95,0,0,125,-84.4588
0.975,0,0,125,-84.4589
1,0,0,125,-84.4591
1.025,0,0,125,-84.4592
1.05,0,0,125,-84.4594
1.075,0,0,125,-84.4595
1.1,0,0,125,-84.4597
1.125,0,0,125,-84.4598
1.15,0,0,125,-84.46
1.175,0,0,125,-84.4602
1.2,0,0,125,-84.4603
1.225,0,0,125,-84.4605
1.25,0,0,125,-84.4607
1.275,0,0,125,-84.4609
1.3,0,0,125,-84.4611
1.325,0,0,125,-84.4612
1.35,0,0,125,-84.4614
1.375,0,0,125,-84.4616
1.4,0,0,125,-84.4618
1.425,0,0,125,-84.462
1.45,0,0,125,-84.4622
1.475,0,0,125,-84.4624
1.5,0,0,125,-84.4626
1.525,0,0,125,-84.4629
1.55,0,0,125,-84.4631
1.575,0,0,125,-84.4633
1.6,0,0,125,-84.4635
1.625,0,0,125,-84.4638
1.65,0,0,125,-84.464
1.675,0,0,125,-84.4642
1.7,0,0,125,-84.4645
1.725,0,0,125,-84.4647
1.75,0,0,125,-84.465
1.775,0,0,125,-84.4653
1.8,0,0,125,-84.4655
1.825,0,0,125,-84.4658
1.85,0,0,125,-84.4661
1.875,0,0,125,-84.4664
1.9,0,0,125,-84.4667
1.925,0,0,125,-84.467
1.95,0,0,125,-84.4673
1.975,0,0,125,-84.4677
2,0,0,125,-84.468
2.025,0,0,125,-84.4684
2.05,0,0,125,-84.4688
2.075,0,0,125,-84.4691
2.1,0,0,125,-84.4695
2.125,0,0,125,-84.4699
2.15,0,0,125,-84.4703
2.175,0,0,125,-84.4707
2.2,0,0,125,-84.4712
2.225,0,0,125,-84.4716
2.25,0,0,125,-84.472
2.275,0,0,125,-84.4725
2.3,0,0,125,-84.4729
2.325,0,0,125,-84.4734
2.35,0,0,125,-84.4739
2.375,0,0,125,-84.4744
2.4,0,0,125,-84.4749
2.425,0,0,125,-84.4754
2.45,0,0,125,-84.4759
2.475,0,0,125,-84.4764
2.5,0,0,125,-84.477
2.525,0,0,125,-84.4775
2.55,0,0,125,-84.4781
2.575,0,0,125,-84.4786
2.6,0,0,125,-84.4792
2.625,0,0,125,-84.4798
2.65,0,0,125,-84.4804
2.675,0,0,125,-84.481
2.7,0,0,125,-84.4816
2.725,0,0,125,-84.4822
2.75,0,0,125,-84.4829
2.775,0,0,125,-84.4835
2.8,0,0,125,-84.4842
2.825,0,0,125,-84.4848
2.85,0,0,125,-84.4855
2.875,0,0,125,-84.4862
2.9,0,0,125,-84.4869
2.925,0,0,125,-84.4876
2.95,0,0,125,-84.4883
2.975,0,0,125,-84.489
3,0,0,125,-84.4897
3.025,0,0,125,-84.4904
3.05,0,0,125,-84.4911
3.075,0,0,125,-84.4918
3.1,0,0,125,-84.4925
3.125,0,0,125,-84.4932
3.15,0,0,125,-84.4939
3.175,0,0,125,-84.4946
3.2,0,0,125,-84.4952
3.225,0,0,125,-84.4959
3.25,0,0,125,-84.4965
3.275,0,0,125,-84.4971
3.3,0,0,125,-84.4978
3.325,0,0,125,-84.4984
3.35,0,0,125,-84.499
3.375,0,0,125,-84.4996
3.4,0,0,125,-84.5001
3.425,0,0,125,-84.5007
3.45,0,0,125,-84.5013
3.475,0,0,125,-84.5018
3.5,0,0,125,-84.5024
3.525,0,0,125,-84.5029
3.55,0,0,125,-84.5034
3.575,0,0,125,-84.5039
3.6,0,0,125,-84.5044
3.625,0,0,125,-84.5049
3.65,0,0,125,-84.5054
3.675,0,0,125,-84.5059
3.7,0,0,125,-84.5064
3.725,0,0,125,-84.5068
3.75,0,0,125,-84.5073
3.775,0,0,125,-84.5077
3.8,0,0,125,-84.5081
3.825,0,0,125,-84.5085
3.85,0,0,125,-84.509
3.875,0,0,125,-84.5093
3.9,0,0,125,-84.5097
3.925,0,0,125,-84.5101
3.95,0,0,125,-84.5105
3.975,0,0,125,-84.5108
4,0,0,125,-84.5112
4.025,0,0,125,-84.5115
4.05,0,0,125,-84.5118
4.075,0,0,125,-84.5121
4.1,0,0,125,-84.5124
4.125,0,0,125,-84.5127
4.15,0,0,125,-84.513
4.175,0,0,125,-84.5133
4.2,0,0,125,-84.5136
4.225,0,0,125,-84.5138
4.25,0,0,125,-84.5141
4.275,0,0,125,-84.5143
4.3,0,0,125,-84.5145
4.325,0,0,125,-84.5147
4.35,0,0,125,-84.5149
4.375,0,0,125,-84.5151
4.4,0,0,125,-84.5153
4.425,0,0,125,-84.5155
4.45,0,0,125,-84.5156
4.475,0,0,125,-84.5158
4.5,0,0,125,-84.5159
4.525,0,0,125,-84.5161
4.55,0,0,125,-84.5162
4.575,0,0,125,-84.5163
4.6,0,0,125,-84.5164
4.625,0,0,125,-84.5165
4.65,0,0,125,-84.5166
4.675,0,0,125,-84.5166
4.7,0,0,125,-84.5167
4.725,0,0,125,-84.5167
4.75,0,0,125,-84.5168
4.775,0,0,125,-84.5168
4.8,0,0,125,-84.5168
4.825,0,0,125,-84.5168
4.85,0,0,125,-84.5168
4.875,0,0,125,-84.5168
4.9,0,0,125,-84.5168
4.925,0,0,125,-84.5168
4.95,0,0,125,-84.5167
4.975,0,0,125,-84.5167
5,0,0,125,-84.5167
