0,0,0,125,-76.4728
0.025,0,0,125,-76.47
0.05,0,0,125,-76.4644
0.075,0,0,125,-76.4561
0.1,0,0,125,-76.4449
0.125,0,0,125,-76.4311
0.15,0,0,125,-76.4145
0.175,0,0,125,-76.3953
0.2,0,0,125,-76.3735
0.225,0,0,125,-76.349
0.25,0,0,125,-76.3219
0.275,0,0,125,-76.2923
0.3,0,0,125,-76.2602
0.325,0,0,125,-76.2255
0.35,0,0,125,-76.1884
0.375,0,0,125,-76.1488
0.4,0,0,125,-76.1068
0.425,0,0,125,-76.0624
0.45,0,0,125,-76.0157
0.475,0,0,125,-75.9666
0.5,0,0,125,-75.9152
0.525,0,0,125,-75.8614
0.55,0,0,125,-75.8054
0.575,0,0,125,-75.7472
0.6,0,0,125,-75.6867
0.625,0,0,125,-75.624
0.65,0,0,125,-75.559
0.675,0,0,125,-75.4919
0.7,0,0,125,-75.4226
0.725,0,0,125,-75.3512
0.75,0,0,125,-75.2777
0.775,0,0,125,-75.202
0.8,0,0,125,-75.1243
0.825,0,0,125,-75.0444
0.85,0,0,125,-74.9625
0.875,0,0,125,-74.8785
0.9,0,0,125,-74.7925
0.925,0,0,125,-74.7045
0.95,0,0,125,-74.6145
0.975,0,0,125,-74.5224
1,0,0,125,-74.4284
1.025,0,0,125,-74.3324
1.05,0,0,125,-74.2344
1.075,0,0,125,-74.1345
1.1,0,0,125,-74.0327
1.125,0,0,125,-73.929
1.15,0,0,125,-73.8233
1.175,0,0,125,-73.7158
1.2,0,0,125,-73.6064
1.225,0,0,125,-73.4951
1.25,0,0,125,-73.382
1.275,0,0,125,-73.2671
1.3,0,0,125,-73.1503
1.325,0,0,125,-73.0318
1.35,0,0,125,-72.9114
1.375,0,0,125,-72.7893
1.4,0,0,125,-72.6654
1.425,0,0,125,-72.5397
1.45,0,0,125,-72.4124
1.475,0,0,125,-72.2833
1.5,0,0,125,-72.1525
1.525,0,0,125,-72.0201
1.55,0,0,125,-71.886
1.575,0,0,125,-71.7502
1.6,0,0,125,-71.6129
1.625,0,0,125,-71.4739
1.65,0,0,125,-71.3333
1.675,0,0,125,-71.1912
1.7,0,0,125,-71.0475
1.725,0,0,125,-70.9023
1.75,0,0,125,-70.7555
1.775,0,0,125,-70.6073
1.8,0,0,125,-70.4576
1.825,0,0,125,-70.3065
1.85,0,0,125,-70.154
1.875,0,0,125,-70
1.9,0,0,125,-69.8447
1.925,0,0,125,-69.688
1.95,0,0,125,-69.53
1.975,0,0,125,-69.3707
2,0,0,125,-69.2101
2.025,0,0,125,-69.0483
2.05,0,0,125,-68.8852
2.075,0,0,125,-68.7209
2.1,0,0,125,-68.5555
2.125,0,0,125,-68.3888
2.15,0,0,125,-68.2211
2.175,0,0,125,-68.0523
2.2,0,0,125,-67.8824
2.225,0,0,125,-67.7115
2.25,0,0,125,-67.5396
2.275,0,0,125,-67.3667
2.3,0,0,125,-67.1928
2.325,0,0,125,-67.0181
2.35,0,0,125,-66.8424
2.375,0,0,125,-66.6659
2.4,0,0,125,-66.4886
2.425,0,0,125,-66.3105
2.45,0,0,125,-66.1316
2.475,0,0,125,-65.9519
2.5,0,0,125,-65.7716
2.525,0,0,125,-65.5906
2.55,0,0,125,-65.409
2.575,0,0,125,-65.2268
2.6,0,0,125,-65.0441
2.625,0,0,125,-64.8608
2.65,0,0,125,-64.677
2.675,0,0,125,-64.4927
2.7,0,0,125,-64.308
2.725,0,0,125,-64.1229
2.75,0,0,125,-63.9375
2.775,0,0,125,-63.7518
2.8,0,0,125,-63.5657
2.825,0,0,125,-63.3794
2.85,0,0,125,-63.1929
2.875,0,0,125,-63.0062
2.9,0,0,125,-62.8194
2.925,0,0,125,-62.6325
2.95,0,0,125,-62.4455
2.975,0,0,125,-62.2585
3,0,0,125,-62.0715
3.025,0,0,125,-61.8845
3.05,0,0,125,-61.6977
3.075,0,0,125,-61.5109
3.1,0,0,125,-61.3244
3.125,0,0,125,-61.138
3.15,0,0,125,-60.9519
3.175,0,0,125,-60.7661
3.2,0,0,125,-60.5806
3.225,0,0,125,-60.3954
3.25,0,0,125,-60.2107
3.275,0,0,125,-60.0264
3.3,0,0,125,-59.8426
3.325,0,0,125,-59.6594
3.35,0,0,125,-59.4767
3.375,0,0,125,-59.2947
3.4,0,0,125,-59.1133
3.425,0,0,125,-58.9327
3.45,0,0,125,-58.7528
3.475,0,0,125,-58.5737
3.5,0,0,125,-58.3954
3.525,0,0,125,-58.2181
3.55,0,0,125,-58.0417
3.575,0,0,125,-57.8663
3.6,0,0,125,-57.692
3.625,0,0,125,-57.5187
3.65,0,0,125,-57.3466
3.675,0,0,125,-57.1757
3.7,0,0,125,-57.0061
3.725,0,0,125,-56.8377
3.75,0,0,125,-56.6708
3.775,0,0,125,-56.5052
3.8,0,0,125,-56.3411
3.825,0,0,125,-56.1786
3.85,0,0,125,-56.0176
3.875,0,0,125,-55.8583
3.9,0,0,125,-55.7007
3.925,0,0,125,-55.5449
3.95,0,0,125,-55.3909
3.975,0,0,125,-55.2389
4,0,0,125,-55.0888
4.025,0,0,125,-54.9407
4.05,0,0,125,-54.7948
4.075,0,0,125,-54.651
4.1,0,0,125,-54.5095
4.125,0,0,125,-54.3703
4.15,0,0,125,-54.2335
4.175,0,0,125,-54.0991
4.2,0,0,125,-53.9673
4.225,0,0,125,-53.8381
4.25,0,0,125,-53.7117
4.275,0,0,125,-53.588
4.3,0,0,125,-53.4672
4.325,0,0,125,-53.3493
4.35,0,0,125,-53.2344
4.375,0,0,125,-53.1227
4.4,0,0,125,-53.0142
4.425,0,0,125,-52.909
4.45,0,0,125,-52.8072
4.475,0,0,125,-52.7089
4.5,0,0,125,-52.6141
4.525,0,0,125,-52.523
4.55,0,0,125,-52.4356
4.575,0,0,125,-52.3521
4.6,0,0,125,-52.2725
4.625,0,0,125,-52.197
4.65,0,0,125,-52.1256
4.675,0,0,125,-52.0584
4.7,0,0,125,-51.9955
4.725,0,0,125,-51.937
4.75,0,0,125,-51.8829
4.775,0,0,125,-51.8335
4.8,0,0,125,-51.7887
4.825,0,0,125,-51.7486
4.85,0,0,125,-51.7133
4.875,0,0,125,-51.683
4.9,0,0,125,-51.6575
4.925,0,0,125,-51.6371
4.95,0,0,125,-51.6217
4.975,0,0,125,-51.6114
5,0,0,125,-51.6063
