0,0,0,125,7.31534
0.025,0,0,125,7.31882
0.05,0,0,125,7.32564
0.075,0,0,125,7.33556
0.1,0,0,125,7.34819
0.125,0,0,125,7.36308
0.15,0,0,125,7.37982
0.175,0,0,125,7.39803
0.2,0,0,125,7.41752
0.225,0,0,125,7.43814
0.25,0,0,125,7.45978
0.275,0,0,125,7.48235
0.3,0,0,125,7.50578
0.325,0,0,125,7.52998
0.35,0,0,125,7.55489
0.375,0,0,125,7.58044
0.4,0,0,125,7.60658
0.425,0,0,125,7.63327
0.45,0,0,125,7.66045
0.475,0,0,125,7.68807
0.5,0,0,125,7.71611
0.525,0,0,125,7.74453
0.55,0,0,125,7.7733
0.575,0,0,125,7.80239
0.6,0,0,125,7.83176
0.625,0,0,125,7.8614
0.65,0,0,125,7.89129
0.675,0,0,125,7.92139
0.7,0,0,125,7.9517
0.725,0,0,125,7.9822
0.75,0,0,125,8.01286
0.775,0,0,125,8.04369
0.8,0,0,125,8.07465
0.825,0,0,125,8.10575
0.85,0,0,125,8.13696
0.875,0,0,125,8.16828
0.9,0,0,125,8.1997
0.925,0,0,125,8.2312
0.95,0,0,125,8.26278
0.975,0,0,125,8.29443
1,0,0,125,8.32614
1.025,0,0,125,8.3579
1.05,0,0,125,8.38971
1.075,0,0,125,8.42157
1.1,0,0,125,8.45346
1.125,0,0,125,8.48539
1.15,0,0,125,8.51734
1.175,0,0,125,8.54932
1.2,0,0,125,8.58132
1.225,0,0,125,8.61333
1.25,0,0,125,8.64535
1.275,0,0,125,8.67738
1.3,0,0,125,8.70942
1.325,0,0,125,8.74147
1.35,0,0,125,8.77351
1.375,0,0,125,8.80556
1.4,0,0,125,8.8376
1.425,0,0,125,8.86963
1.45,0,0,125,8.90166
1.475,0,0,125,8.93368
1.5,0,0,125,8.96569
1.525,0,0,125,8.99768
1.55,0,0,125,9.02967
1.575,0,0,125,9.06163
1.6,0,0,125,9.09359
1.625,0,0,125,9.12552
1.65,0,0,125,9.15744
1.675,0,0,125,9.18933
1.7,0,0,125,9.22121
1.725,0,0,125,9.25307
1.75,0,0,125,9.2849
1.775,0,0,125,9.31671
1.8,0,0,125,9.3485
1.825,0,0,125,9.38026
1.85,0,0,125,9.412
1.875,0,0,125,9.44371
1.9,0,0,125,9.4754
1.925,0,0,125,9.50707
1.95,0,0,125,9.5387
1.975,0,0,125,9.57031
2,0,0,125,9.60189
2.025,0,0,125,9.63345
2.05,0,0,125,9.66497
2.075,0,0,125,9.69647
2.1,0,0,125,9.72794
2.125,0,0,125,9.75938
2.15,0,0,125,9.79079
2.175,0,0,125,9.82217
2.2,0,0,125,9.85352
2.225,0,0,125,9.88483
2.25,0,0,125,9.91612
2.275,0,0,125,9.94739
2.3,0,0,125,9.97862
2.325,0,0,125,10.0098
2.35,0,0,125,10.041
2.375,0,0,125,10.0721
2.4,0,0,125,10.1032
2.425,0,0,125,10.1343
2.45,0,0,125,10.1654
2.475,0,0,125,10.1964
2.5,0,0,125,10.2274
2.525,0,0,125,10.2583
2.55,0,0,125,10.2892
2.575,0,0,125,10.3201
2.6,0,0,125,10.351
2.625,0,0,125,10.3818
2.65,0,0,125,10.4126
2.675,0,0,125,10.4434
2.7,0,0,125,10.4741
2.725,0,0,125,10.5048
2.75,0,0,125,10.5354
2.775,0,0,125,10.5661
2.8,0,0,125,10.5967
2.825,0,0,125,10.6273
2.85,0,0,125,10.6578
2.875,0,0,125,10.6883
2.9,0,0,125,10.7188
2.925,0,0,125,10.7492
2.95,0,0,125,10.7796
2.975,0,0,125,10.81
3,0,0,125,10.8403
3.025,0,0,125,10.8706
3.05,0,0,125,10.9009
3.075,0,0,125,10.9312
3.1,0,0,125,10.9614
3.125,0,0,125,10.9915
3.15,0,0,125,11.0217
3.175,0,0,125,11.0518
3.2,0,0,125,11.0819
3.225,0,0,125,11.1119
3.25,0,0,125,11.1419
3.275,0,0,125,11.1719
3.3,0,0,125,11.2019
3.325,0,0,125,11.2318
3.35,0,0,125,11.2616
3.375,0,0,125,11.2915
3.4,0,0,125,11.3213
3.425,0,0,125,11.351
3.45,0,0,125,11.3807
3.475,0,0,125,11.4104
3.5,0,0,125,11.4401
3.525,0,0,125,11.4697
3.55,0,0,125,11.4993
3.575,0,0,125,11.5288
3.6,0,0,125,11.5583
3.625,0,0,125,11.5877
3.65,0,0,125,11.6171
3.675,0,0,125,11.6464
3.7,0,0,125,11.6757
3.725,0,0,125,11.705
3.75,0,0,125,11.7342
3.775,0,0,125,11.7633
3.8,0,0,125,11.7924
3.825,0,0,125,11.8214
3.85,0,0,125,11.8504
3.875,0,0,125,11.8792
3.9,0,0,125,11.9081
3.925,0,0,125,11.9368
3.95,0,0,125,11.9654
3.975,0,0,125,11.994
4,0,0,125,12.0225
4.025,0,0,125,12.0508
4.05,0,0,125,12.0791
4.075,0,0,125,12.1072
4.1,0,0,125,12.1353
4.125,0,0,125,12.1631
4.15,0,0,125,12.1909
4.175,0,0,125,12.2185
4.2,0,0,125,12.2459
4.225,0,0,125,12.2731
4.25,0,0,125,12.3002
4.275,0,0,125,12.327
4.3,0,0,125,12.3536
4.325,0,0,125,12.3799
4.35,0,0,125,12.406
4.375,0,0,125,12.4318
4.4,0,0,125,12.4572
4.425,0,0,125,12.4823
4.45,0,0,125,12.507
4.475,0,0,125,12.5313
4.5,0,0,125,12.5551
4.525,0,0,125,12.5784
4.55,0,0,125,12.6013
4.575,0,0,125,12.6235
4.6,0,0,125,12.6451
4.625,0,0,125,12.666
4.65,0,0,125,12.6862
4.675,0,0,125,12.7056
4.7,0,0,125,12.7241
4.725,0,0,125,12.7417
4.75,0,0,125,12.7583
4.775,0,0,125,12.7738
4.8,0,0,125,12.7882
4.825,0,0,125,12.8013
4.85,0,0,125,12.8131
4.875,0,0,125,12.8235
4.9,0,0,125,12.8324
4.925,0,0,125,12.8396
4.95,0,0,125,12.8452
4.975,0,0,125,12.8489
5,0,0,125,12.8508
