0,0,0,125,-83.9847
0.025,0,0,125,-83.9849
0.05,0,0,125,-83.9852
0.075,0,0,125,-83.9857
0.1,0,0,125,-83.9863
0.125,0,0,125,-83.987
0.15,0,0,125,-83.9878
0.175,0,0,125,-83.9886
0.2,0,0,125,-83.9894
0.225,0,0,125,-83.9902
0.25,0,0,125,-83.9911
0.275,0,0,125,-83.9919
0.3,0,0,125,-83.9928
0.325,0,0,125,-83.9937
0.35,0,0,125,-83.9946
0.375,0,0,125,-83.9954
0.4,0,0,125,-83.9963
0.425,0,0,125,-83.9971
0.45,0,0,125,-83.9979
0.475,0,0,125,-83.9987
0.5,0,0,125,-83.9995
0.525,0,0,125,-84.0003
0.55,0,0,125,-84.001
0.575,0,0,125,-84.0017
0.6,0,0,125,-84.0024
0.625,0,0,125,-84.0032
0.65,0,0,125,-84.0039
0.675,0,0,125,-84.0046
0.7,0,0,125,-84.0053
0.725,0,0,125,-84.006
0.75,0,0,125,-84.0067
0.775,0,0,125,-84.0074
0.8,0,0,125,-84.0082
0.825,0,0,125,-84.009
0.85,0,0,125,-84.0097
0.875,0,0,125,-84.0105
0.9,0,0,125,-84.0113
0.925,0,0,125,-84.0121
0.95,0,0,125,-84.0129
0.975,0,0,125,-84.0137
1,0,0,125,-84.0145
1.025,0,0,125,-84.0153
1.05,0,0,125,-84.0162
1.075,0,0,125,-84.017
1.1,0,0,125,-84.0179
1.125,0,0,125,-84.0187
1.15,0,0,125,-84.0196
1.175,0,0,125,-84.0204
1.2,0,0,125,-84.0213
1.225,0,0,125,-84.0222
1.25,0,0,125,-84.0231
1.275,0,0,125,-84.024
1.3,0,0,125,-84.025
1.325,0,0,125,-84.0259
1.35,0,0,125,-84.0269
1.375,0,0,125,-84.0279
1.4,0,0,125,-84.0289
1.425,0,0,125,-84.0299
1.45,0,0,125,-84.031
1.475,0,0,125,-84.032
1.5,0,0,125,-84.0331
1.525,0,0,125,-84.0342
1.55,0,0,125,-84.0353
1.575,0,0,125,-84.0365
1.6,0,0,125,-84.0376
1.625,0,0,125,-84.0388
1.65,0,0,125,-84.04
1.675,0,0,125,-84.0412
1.7,0,0,125,-84.0424
1.725,0,0,125,-84.0437
1.75,0,0,125,-84.0449
1.775,0,0,125,-84.0463
1.8,0,0,125,-84.0476
1.825,0,0,125,-84.049
1.85,0,0,125,-84.0504
1.875,0,0,125,-84.0519
1.9,0,0,125,-84.0534
1.925,0,0,125,-84.055
1.95,0,0,125,-84.0566
1.975,0,0,125,-84.0582
2,0,0,125,-84.0598
2.025,0,0,125,-84.0615
2.05,0,0,125,-84.0633
2.075,0,0,125,-84.065
2.1,0,0,125,-84.0668
2.125,0,0,125,-84.0687
2.15,0,0,125,-84.0705
2.175,0,0,125,-84.0725
2.2,0,0,125,-84.0744
2.225,0,0,125,-84.0764
2.25,0,0,125,-84.0784
2.275,0,0,125,-84.0805
2.3,0,0,125,-84.0826
2.325,0,0,125,-84.0848
2.35,0,0,125,-84.087
2.375,0,0,125,-84.0893
2.4,0,0,125,-84.0916
2.425,0,0,125,-84.094
2.45,0,0,125,-84.0965
2.475,0,0,125,-84.099
2.5,0,0,125,-84.1016
2.525,0,0,125,-84.1043
2.55,0,0,125,-84.107
2.575,0,0,125,-84.1097
2.6,0,0,125,-84.1125
2.625,0,0,125,-84.1153
2.65,0,0,125,-84.1181
2.675,0,0,125,-84.121
2.7,0,0,125,-84.124
2.725,0,0,125,-84.1269
2.75,0,0,125,-84.1299
2.775,0,0,125,-84.1329
2.8,0,0,125,-84.1359
2.825,0,0,125,-84.1389
2.85,0,0,125,-84.1419
2.875,0,0,125,-84.145
2.9,0,0,125,-84.148
2.925,0,0,125,-84.1511
2.95,0,0,125,-84.1542
2.975,0,0,125,-84.1573
3,0,0,125,-84.1604
3.025,0,0,125,-84.1635
3.05,0,0,125,-84.1666
3.075,0,0,125,-84.1697
3.1,0,0,125,-84.1729
3.125,0,0,125,-84.176
3.15,0,0,125,-84.179
3.175,0,0,125,-84.1821
3.2,0,0,125,-84.1852
3.225,0,0,125,-84.1882
3.25,0,0,125,-84.1912
3.275,0,0,125,-84.1943
3.3,0,0,125,-84.1972
3.325,0,0,125,-84.2002
3.35,0,0,125,-84.2032
3.375,0,0,125,-84.2061
3.4,0,0,125,-84.209
3.425,0,0,125,-84.2119
3.45,0,0,125,-84.2147
3.475,0,0,125,-84.2175
3.5,0,0,125,-84.2202
3.525,0,0,125,-84.2229
3.55,0,0,125,-84.2255
3.575,0,0,125,-84.2281
3.6,0,0,125,-84.2306
3.625,0,0,125,-84.233
3.65,0,0,125,-84.2354
3.675,0,0,125,-84.2378
3.7,0,0,125,-84.24
3.725,0,0,125,-84.2422
3.75,0,0,125,-84.2444
3.775,0,0,125,-84.2464
3.8,0,0,125,-84.2485
3.825,0,0,125,-84.2504
3.85,0,0,125,-84.2523
3.875,0,0,125,-84.2541
3.9,0,0,125,-84.2559
3.925,0,0,125,-84.2576
3.95,0,0,125,-84.2593
3.975,0,0,125,-84.2609
4,0,0,125,-84.2624
4.025,0,0,125,-84.2639
4.05,0,0,125,-84.2653
4.075,0,0,125,-84.2666
4.1,0,0,125,-84.2679
4.125,0,0,125,-84.2691
4.15,0,0,125,-84.2702
4.175,0,0,125,-84.2713
4.2,0,0,125,-84.2723
4.225,0,0,125,-84.2733
4.25,0,0,125,-84.2742
4.275,0,0,125,-84.275
4.3,0,0,125,-84.2759
4.325,0,0,125,-84.2767
4.35,0,0,125,-84.2774
4.375,0,0,125,-84.2781
4.4,0,0,125,-84.2788
4.425,0,0,125,-84.2794
4.45,0,0,125,-84.28
4.475,0,0,125,-84.2806
4.5,0,0,125,-84.2811
4.525,0,0,125,-84.2816
4.55,0,0,125,-84.282
4.575,0,0,125,-84.2824
4.6,0,0,125,-84.2828
4.625,0,0,125,-84.2831
4.65,0,0,125,-84.2834
4.675,0,0,125,-84.2837
4.7,0,0,125,-84.2839
4.725,0,0,125,-84.284
4.75,0,0,125,-84.2842
4.775,0,0,125,-84.2844
4.8,0,0,125,-84.2845
4.825,0,0,125,-84.2846
4.85,0,0,125,-84.2847
4.875,0,0,125,-84.2848
4.9,0,0,125,-84.2849
4.925,0,0,125,-84.2849
4.95,0,0,125,-84.285
4.975,0,0,125,-84.285
5,0,0,125,-84.285
