0,0,0,125,-72.1461
0.025,0,0,125,-72.1467
0.05,0,0,125,-72.1481
0.075,0,0,125,-72.1503
0.1,0,0,125,-72.1535
0.125,0,0,125,-72.1577
0.15,0,0,125,-72.1632
0.175,0,0,125,-72.1703
0.2,0,0,125,-72.1789
0.225,0,0,125,-72.1894
0.25,0,0,125,-72.2018
0.275,0,0,125,-72.2164
0.3,0,0,125,-72.2332
0.325,0,0,125,-72.2525
0.35,0,0,125,-72.2745
0.375,0,0,125,-72.2991
0.4,0,0,125,-72.3268
0.425,0,0,125,-72.3575
0.45,0,0,125,-72.3915
0.475,0,0,125,-72.4289
0.5,0,0,125,-72.4698
0.525,0,0,125,-72.5145
0.55,0,0,125,-72.563
0.575,0,0,125,-72.6155
0.6,0,0,125,-72.672
0.625,0,0,125,-72.7328
0.65,0,0,125,-72.7978
0.675,0,0,125,-72.8673
0.7,0,0,125,-72.9412
0.725,0,0,125,-73.0197
0.75,0,0,125,-73.1028
0.775,0,0,125,-73.1905
0.8,0,0,125,-73.2829
0.825,0,0,125,-73.3799
0.85,0,0,125,-73.4817
0.875,0,0,125,-73.5881
0.9,0,0,125,-73.6991
0.925,0,0,125,-73.8147
0.95,0,0,125,-73.9349
0.975,0,0,125,-74.0594
1,0,0,125,-74.1883
1.025,0,0,125,-74.3214
1.05,0,0,125,-74.4586
1.075,0,0,125,-74.5997
1.1,0,0,125,-74.7445
1.125,0,0,125,-74.893
1.15,0,0,125,-75.0448
1.175,0,0,125,-75.1998
1.2,0,0,125,-75.3578
1.225,0,0,125,-75.5185
1.25,0,0,125,-75.6817
1.275,0,0,125,-75.8471
1.3,0,0,125,-76.0145
1.325,0,0,125,-76.1836
1.35,0,0,125,-76.3541
1.375,0,0,125,-76.5257
1.4,0,0,125,-76.6981
1.425,0,0,125,-76.8711
1.45,0,0,125,-77.0444
1.475,0,0,125,-77.2176
1.5,0,0,125,-77.3905
1.525,0,0,125,-77.5628
1.55,0,0,125,-77.7342
1.575,0,0,125,-77.9044
1.6,0,0,125,-78.0732
1.625,0,0,125,-78.2403
1.65,0,0,125,-78.4054
1.675,0,0,125,-78.5684
1.7,0,0,125,-78.729
1.725,0,0,125,-78.8869
1.75,0,0,125,-79.042
1.775,0,0,125,-79.1941
1.8,0,0,125,-79.3431
1.825,0,0,125,-79.4887
1.85,0,0,125,-79.6308
1.875,0,0,125,-79.7694
1.9,0,0,125,-79.9043
1.925,0,0,125,-80.0354
1.95,0,0,125,-80.1627
1.975,0,0,125,-80.2861
2,0,0,125,-80.4056
2.025,0,0,125,-80.521
2.05,0,0,125,-80.6326
2.075,0,0,125,-80.7401
2.1,0,0,125,-80.8438
2.125,0,0,125,-80.9435
2.15,0,0,125,-81.0393
2.175,0,0,125,-81.1314
2.2,0,0,125,-81.2197
2.225,0,0,125,-81.3043
2.25,0,0,125,-81.3853
2.275,0,0,125,-81.4628
2.3,0,0,125,-81.5368
2.325,0,0,125,-81.6076
2.35,0,0,125,-81.6752
2.375,0,0,125,-81.7396
2.4,0,0,125,-81.8011
2.425,0,0,125,-81.8597
2.45,0,0,125,-81.9155
2.475,0,0,125,-81.9687
2.5,0,0,125,-82.0193
2.525,0,0,125,-82.0675
2.55,0,0,125,-82.1135
2.575,0,0,125,-82.1572
2.6,0,0,125,-82.1989
2.625,0,0,125,-82.2385
2.65,0,0,125,-82.2764
2.675,0,0,125,-82.3124
2.7,0,0,125,-82.3468
2.725,0,0,125,-82.3796
2.75,0,0,125,-82.411
2.775,0,0,125,-82.4409
2.8,0,0,125,-82.4696
2.825,0,0,125,-82.497
2.85,0,0,125,-82.5233
2.875,0,0,125,-82.5485
2.9,0,0,125,-82.5726
2.925,0,0,125,-82.5959
2.95,0,0,125,-82.6182
2.975,0,0,125,-82.6397
3,0,0,125,-82.6605
3.025,0,0,125,-82.6805
3.05,0,0,125,-82.6998
3.075,0,0,125,-82.7185
3.1,0,0,125,-82.7366
3.125,0,0,125,-82.7541
3.15,0,0,125,-82.7711
3.175,0,0,125,-82.7876
3.2,0,0,125,-82.8035
3.225,0,0,125,-82.8191
3.25,0,0,125,-82.8342
3.275,0,0,125,-82.8488
3.3,0,0,125,-82.8631
3.325,0,0,125,-82.877
3.35,0,0,125,-82.8906
3.375,0,0,125,-82.9037
3.4,0,0,125,-82.9166
3.425,0,0,125,-82.9291
3.45,0,0,125,-82.9412
3.475,0,0,125,-82.9531
3.5,0,0,125,-82.9646
3.525,0,0,125,-82.9759
3.55,0,0,125,-82.9868
3.575,0,0,125,-82.9974
3.6,0,0,125,-83.0078
3.625,0,0,125,-83.0178
3.65,0,0,125,-83.0276
3.675,0,0,125,-83.0371
3.7,0,0,125,-83.0463
3.725,0,0,125,-83.0552
3.75,0,0,125,-83.0638
3.775,0,0,125,-83.0722
3.8,0,0,125,-83.0803
3.825,0,0,125,-83.0881
3.85,0,0,125,-83.0957
3.875,0,0,125,-83.103
3.9,0,0,125,-83.1101
3.925,0,0,125,-83.1168
3.95,0,0,125,-83.1234
3.975,0,0,125,-83.1297
4,0,0,125,-83.1357
4.025,0,0,125,-83.1415
4.05,0,0,125,-83.147
4.075,0,0,125,-83.1523
4.1,0,0,125,-83.1574
4.125,0,0,125,-83.1622
4.15,0,0,125,-83.1668
4.175,0,0,125,-83.1712
4.2,0,0,125,-83.1753
4.225,0,0,125,-83.1793
4.25,0,0,125,-83.1831
4.275,0,0,125,-83.1866
4.3,0,0,125,-83.19
4.325,0,0,125,-83.1931
4.35,0,0,125,-83.1961
4.375,0,0,125,-83.1989
4.4,0,0,125,-83.2015
4.425,0,0,125,-83.2039
4.45,0,0,125,-83.2061
4.475,0,0,125,-83.2082
4.5,0,0,125,-83.2101
4.525,0,0,125,-83.2119
4.55,0,0,125,-83.2135
4.575,0,0,125,-83.215
4.6,0,0,125,-83.2163
4.625,0,0,125,-83.2175
4.65,0,0,125,-83.2186
4.675,0,0,125,-83.2196
4.7,0,0,125,-83.2204
4.725,0,0,125,-83.2211
4.75,0,0,125,-83.2218
4.775,0,0,125,-83.2223
4.8,0,0,125,-83.2227
4.825,0,0,125,-83.223
4.85,0,0,125,-83.2233
4.875,0,0,125,-83.2235
4.9,0,0,125,-83.2236
4.925,0,0,125,-83.2237
4.95,0,0,125,-83.2237
4.975,0,0,125,-83.2237
5,0,0,125,-83.2238
