0,0,0,125,-55.2736
0.025,0,0,125,-55.2933
0.05,0,0,125,-55.3325
0.075,0,0,125,-55.3913
0.1,0,0,125,-55.4697
0.125,0,0,125,-55.5678
0.15,0,0,125,-55.6853
0.175,0,0,125,-55.8224
0.2,0,0,125,-55.9789
0.225,0,0,125,-56.1545
0.25,0,0,125,-56.3492
0.275,0,0,125,-56.5626
0.3,0,0,125,-56.7944
0.325,0,0,125,-57.0445
0.35,0,0,125,-57.3125
0.375,0,0,125,-57.5979
0.4,0,0,125,-57.9004
0.425,0,0,125,-58.2196
0.45,0,0,125,-58.5549
0.475,0,0,125,-58.906
0.5,0,0,125,-59.2722
0.525,0,0,125,-59.6529
0.55,0,0,125,-60.0476
0.575,0,0,125,-60.4556
0.6,0,0,125,-60.8761
0.625,0,0,125,-61.3086
0.65,0,0,125,-61.7521
0.675,0,0,125,-62.206
0.7,0,0,125,-62.6693
0.725,0,0,125,-63.1412
0.75,0,0,125,-63.6209
0.775,0,0,125,-64.1074
0.8,0,0,125,-64.5997
0.825,0,0,125,-65.097
0.85,0,0,125,-65.5981
0.875,0,0,125,-66.1023
0.9,0,0,125,-66.6084
0.925,0,0,125,-67.1155
0.95,0,0,125,-67.6225
0.975,0,0,125,-68.1286
1,0,0,125,-68.6328
1.025,0,0,125,-69.1341
1.05,0,0,125,-69.6316
1.075,0,0,125,-70.1244
1.1,0,0,125,-70.6116
1.125,0,0,125,-71.0925
1.15,0,0,125,-71.5663
1.175,0,0,125,-72.0322
1.2,0,0,125,-72.4895
1.225,0,0,125,-72.9376
1.25,0,0,125,-73.376
1.275,0,0,125,-73.8041
1.3,0,0,125,-74.2215
1.325,0,0,125,-74.6277
1.35,0,0,125,-75.0224
1.375,0,0,125,-75.4053
1.4,0,0,125,-75.7761
1.425,0,0,125,-76.1347
1.45,0,0,125,-76.481
1.475,0,0,125,-76.8148
1.5,0,0,125,-77.1362
1.525,0,0,125,-77.4452
1.55,0,0,125,-77.7418
1.575,0,0,125,-78.0261
1.6,0,0,125,-78.2983
1.625,0,0,125,-78.5586
1.65,0,0,125,-78.8071
1.675,0,0,125,-79.0441
1.7,0,0,125,-79.27
1.725,0,0,125,-79.4848
1.75,0,0,125,-79.6891
1.775,0,0,125,-79.883
1.8,0,0,125,-80.067
1.825,0,0,125,-80.2413
1.85,0,0,125,-80.4064
1.875,0,0,125,-80.5625
1.9,0,0,125,-80.71
1.925,0,0,125,-80.8494
1.95,0,0,125,-80.9809
1.975,0,0,125,-81.1049
2,0,0,125,-81.2218
2.025,0,0,125,-81.332
2.05,0,0,125,-81.4356
2.075,0,0,125,-81.5332
2.1,0,0,125,-81.625
2.125,0,0,125,-81.7113
2.15,0,0,125,-81.7925
2.175,0,0,125,-81.8688
2.2,0,0,125,-81.9405
2.225,0,0,125,-82.0079
2.25,0,0,125,-82.0712
2.275,0,0,125,-82.1307
2.3,0,0,125,-82.1866
2.325,0,0,125,-82.2392
2.35,0,0,125,-82.2887
2.375,0,0,125,-82.3352
2.4,0,0,125,-82.379
2.425,0,0,125,-82.4202
2.45,0,0,125,-82.4591
2.475,0,0,125,-82.4957
2.5,0,0,125,-82.5302
2.525,0,0,125,-82.5628
2.55,0,0,125,-82.5936
2.575,0,0,125,-82.6227
2.6,0,0,125,-82.6503
2.625,0,0,125,-82.6764
2.65,0,0,125,-82.7011
2.675,0,0,125,-82.7246
2.7,0,0,125,-82.7469
2.725,0,0,125,-82.7681
2.75,0,0,125,-82.7882
2.775,0,0,125,-82.8074
2.8,0,0,125,-82.8258
2.825,0,0,125,-82.8432
2.85,0,0,125,-82.86
2.875,0,0,125,-82.8759
2.9,0,0,125,-82.8912
2.925,0,0,125,-82.9059
2.95,0,0,125,-82.9199
2.975,0,0,125,-82.9334
3,0,0,125,-82.9464
3.025,0,0,125,-82.9588
3.05,0,0,125,-82.9708
3.075,0,0,125,-82.9823
3.1,0,0,125,-82.9934
3.125,0,0,125,-83.004
3.15,0,0,125,-83.0143
3.175,0,0,125,-83.0242
3.2,0,0,125,-83.0338
3.225,0,0,125,-83.043
3.25,0,0,125,-83.0519
3.275,0,0,125,-83.0604
3.3,0,0,125,-83.0687
3.325,0,0,125,-83.0766
3.35,0,0,125,-83.0843
3.375,0,0,125,-83.0917
3.4,0,0,125,-83.0988
3.425,0,0,125,-83.1057
3.45,0,0,125,-83.1123
3.475,0,0,125,-83.1187
3.5,0,0,125,-83.1248
3.525,0,0,125,-83.1306
3.55,0,0,125,-83.1362
3.575,0,0,125,-83.1416
3.6,0,0,125,-83.1467
3.625,0,0,125,-83.1517
3.65,0,0,125,-83.1563
3.675,0,0,125,-83.1608
3.7,0,0,125,-83.165
3.725,0,0,125,-83.1691
3.75,0,0,125,-83.1729
3.775,0,0,125,-83.1765
3.8,0,0,125,-83.1798
3.825,0,0,125,-83.183
3.85,0,0,125,-83.186
3.875,0,0,125,-83.1887
3.9,0,0,125,-83.1913
3.925,0,0,125,-83.1937
3.95,0,0,125,-83.1958
3.975,0,0,125,-83.1978
4,0,0,125,-83.1995
4.025,0,0,125,-83.2011
4.05,0,0,125,-83.2024
4.075,0,0,125,-83.2036
4.1,0,0,125,-83.2045
4.125,0,0,125,-83.2053
4.15,0,0,125,-83.2059
4.175,0,0,125,-83.2063
4.2,0,0,125,-83.2065
4.225,0,0,125,-83.2066
4.25,0,0,125,-83.2064
4.275,0,0,125,-83.2061
4.3,0,0,125,-83.2056
4.325,0,0,125,-83.205
4.35,0,0,125,-83.2041
4.375,0,0,125,-83.2032
4.4,0,0,125,-83.202
4.425,0,0,125,-83.2008
4.45,0,0,125,-83.1993
4.475,0,0,125,-83.1978
4.5,0,0,125,-83.1961
4.525,0,0,125,-83.1943
4.55,0,0,125,-83.1924
4.575,0,0,125,-83.1904
4.6,0,0,125,-83.1883
4.625,0,0,125,-83.1861
4.65,0,0,125,-83.1838
4.675,0,0,125,-83.1815
4.7,0,0,125,-83.1791
4.725,0,0,125,-83.1766
4.75,0,0,125,-83.1742
4.775,0,0,125,-83.1718
4.8,0,0,125,-83.1693
4.825,0,0,125,-83.1669
4.85,0,0,125,-83.1646
4.875,0,0,125,-83.1625
4.9,0,0,125,-83.1605
4.925,0,0,125,-83.1588
4.95,0,0,125,-83.1574
4.975,0,0,125,-83.1565
5,0,0,125,-83.156
