0,0,0,125,-84.3442
0.025,0,0,125,-84.3443
0.05,0,0,125,-84.3444
0.075,0,0,125,-84.3446
0.1,0,0,125,-84.3448
0.125,0,0,125,-84.3451
0.15,0,0,125,-84.3454
0.175,0,0,125,-84.3457
0.2,0,0,125,-84.3461
0.225,0,0,125,-84.3464
0.25,0,0,125,-84.3468
0.275,0,0,125,-84.3471
0.3,0,0,125,-84.3475
0.325,0,0,125,-84.3479
0.35,0,0,125,-84.3483
0.375,0,0,125,-84.3487
0.4,0,0,125,-84.349
0.425,0,0,125,-84.3494
0.45,0,0,125,-84.3497
0.475,0,0,125,-84.35
0.5,0,0,125,-84.3503
0.525,0,0,125,-84.3506
0.55,0,0,125,-84.3509
0.575,0,0,125,-84.3512
0.6,0,0,125,-84.3515
0.625,0,0,125,-84.3517
0.65,0,0,125,-84.352
0.675,0,0,125,-84.3523
0.7,0,0,125,-84.3525
0.725,0,0,125,-84.3528
0.75,0,0,125,-84.3531
0.775,0,0,125,-84.3533
0.8,0,0,125,-84.3536
0.825,0,0,125,-84.3539
0.85,0,0,125,-84.3541
0.875,0,0,125,-84.3544
0.9,0,0,125,-84.3547
0.925,0,0,125,-84.3549
0.95,0,0,125,-84.3552
0.975,0,0,125,-84.3555
1,0,0,125,-84.3558
1.025,0,0,125,-84.356
1.05,0,0,125,-84.3563
1.075,0,0,125,-84.3566
1.1,0,0,125,-84.3569
1.125,0,0,125,-84.3573
1.15,0,0,125,-84.3576
1.175,0,0,125,-84.3579
1.2,0,0,125,-84.3583
1.225,0,0,125,-84.3586
1.25,0,0,125,-84.359
1.275,0,0,125,-84.3594
1.3,0,0,125,-84.3598
1.325,0,0,125,-84.3601
1.35,0,0,125,-84.3606
1.375,0,0,125,-84.361
1.4,0,0,125,-84.3614
1.425,0,0,125,-84.3618
1.45,0,0,125,-84.3623
1.475,0,0,125,-84.3627
1.5,0,0,125,-84.3632
1.525,0,0,125,-84.3637
1.55,0,0,125,-84.3642
1.575,0,0,125,-84.3647
1.6,0,0,125,-84.3652
1.625,0,0,125,-84.3657
1.65,0,0,125,-84.3662
1.675,0,0,125,-84.3668
1.7,0,0,125,-84.3673
1.725,0,0,125,-84.3679
1.75,0,0,125,-84.3684
1.775,0,0,125,-84.369
1.8,0,0,125,-84.3696
1.825,0,0,125,-84.3702
1.85,0,0,125,-84.3708
1.875,0,0,125,-84.3714
1.9,0,0,125,-84.372
1.925,0,0,125,-84.3727
1.95,0,0,125,-84.3733
1.975,0,0,125,-84.374
2,0,0,125,-84.3746
2.025,0,0,125,-84.3753
2.05,0,0,125,-84.376
2.075,0,0,125,-84.3767
2.1,0,0,125,-84.3774
2.125,0,0,125,-84.3781
2.15,0,0,125,-84.3788
2.175,0,0,125,-84.3796
2.2,0,0,125,-84.3803
2.225,0,0,125,-84.3811
2.25,0,0,125,-84.3819
2.275,0,0,125,-84.3828
2.3,0,0,125,-84.3836
2.325,0,0,125,-84.3845
2.35,0,0,125,-84.3854
2.375,0,0,125,-84.3863
2.4,0,0,125,-84.3873
2.425,0,0,125,-84.3882
2.45,0,0,125,-84.3892
2.475,0,0,125,-84.3902
2.5,0,0,125,-84.3913
2.525,0,0,125,-84.3923
2.55,0,0,125,-84.3934
2.575,0,0,125,-84.3945
2.6,0,0,125,-84.3956
2.625,0,0,125,-84.3967
2.65,0,0,125,-84.3979
2.675,0,0,125,-84.3991
2.7,0,0,125,-84.4002
2.725,0,0,125,-84.4014
2.75,0,0,125,-84.4026
2.775,0,0,125,-84.4039
2.8,0,0,125,-84.4051
2.825,0,0,125,-84.4064
2.85,0,0,125,-84.4076
2.875,0,0,125,-84.4089
2.9,0,0,125,-84.4102
2.925,0,0,125,-84.4115
2.95,0,0,125,-84.4127
2.975,0,0,125,-84.414
3,0,0,125,-84.4152
3.025,0,0,125,-84.4165
3.05,0,0,125,-84.4177
3.075,0,0,125,-84.4189
3.1,0,0,125,-84.4201
3.125,0,0,125,-84.4213
3.15,0,0,125,-84.4225
3.175,0,0,125,-84.4237
3.2,0,0,125,-84.4249
3.225,0,0,125,-84.426
3.25,0,0,125,-84.4272
3.275,0,0,125,-84.4283
3.3,0,0,125,-84.4294
3.325,0,0,125,-84.4305
3.35,0,0,125,-84.4317
3.375,0,0,125,-84.4327
3.4,0,0,125,-84.4338
3.425,0,0,125,-84.4349
3.45,0,0,125,-84.436
3.475,0,0,125,-84.437
3.5,0,0,125,-84.4381
3.525,0,0,125,-84.4391
3.55,0,0,125,-84.4401
3.575,0,0,125,-84.4411
3.6,0,0,125,-84.4421
3.625,0,0,125,-84.4431
3.65,0,0,125,-84.444
3.675,0,0,125,-84.4449
3.7,0,0,125,-84.4458
3.725,0,0,125,-84.4467
3.75,0,0,125,-84.4475
3.775,0,0,125,-84.4483
3.8,0,0,125,-84.4491
3.825,0,0,125,-84.4499
3.85,0,0,125,-84.4506
3.875,0,0,125,-84.4513
3.9,0,0,125,-84.452
3.925,0,0,125,-84.4526
3.95,0,0,125,-84.4533
3.975,0,0,125,-84.4538
4,0,0,125,-84.4544
4.025,0,0,125,-84.455
4.05,0,0,125,-84.4555
4.075,0,0,125,-84.456
4.1,0,0,125,-84.4564
4.125,0,0,125,-84.4569
4.15,0,0,125,-84.4574
4.175,0,0,125,-84.4578
4.2,0,0,125,-84.4582
4.225,0,0,125,-84.4586
4.25,0,0,125,-84.459
4.275,0,0,125,-84.4594
4.3,0,0,125,-84.4597
4.325,0,0,125,-84.4601
4.35,0,0,125,-84.4604
4.375,0,0,125,-84.4607
4.4,0,0,125,-84.461
4.425,0,0,125,-84.4613
4.45,0,0,125,-84.4615
4.475,0,0,125,-84.4618
4.5,0,0,125,-84.462
4.525,0,0,125,-84.4622
4.55,0,0,125,-84.4625
4.575,0,0,125,-84.4626
4.6,0,0,125,-84.4628
4.625,0,0,125,-84.463
4.65,0,0,125,-84.4631
4.675,0,0,125,-84.4632
4.7,0,0,125,-84.4634
4.725,0,0,125,-84.4635
4.75,0,0,125,-84.4635
4.775,0,0,125,-84.4636
4.8,0,0,125,-84.4637
4.825,0,0,125,-84.4637
4.85,0,0,125,-84.4637
4.875,0,0,125,-84.4637
4.9,0,0,125,-84.4637
4.925,0,0,125,-84.4637
4.95,0,0,125,-84.4637
4.975,0,0,125,-84.4636
5,0,0,125,-84.4636
