0,0,0,125,8.08785
0.025,0,0,125,8.09168
0.05,0,0,125,8.09918
0.075,0,0,125,8.10999
0.1,0,0,125,8.12354
0.125,0,0,125,8.1392
0.15,0,0,125,8.15634
0.175,0,0,125,8.17445
0.2,0,0,125,8.19319
0.225,0,0,125,8.21233
0.25,0,0,125,8.23168
0.275,0,0,125,8.2511
0.3,0,0,125,8.27042
0.325,0,0,125,8.28953
0.35,0,0,125,8.30831
0.375,0,0,125,8.32663
0.4,0,0,125,8.34441
0.425,0,0,125,8.36153
0.45,0,0,125,8.37791
0.475,0,0,125,8.39345
0.5,0,0,125,8.40808
0.525,0,0,125,8.42172
0.55,0,0,125,8.43428
0.575,0,0,125,8.4457
0.6,0,0,125,8.4559
0.625,0,0,125,8.46481
0.65,0,0,125,8.47236
0.675,0,0,125,8.47848
0.7,0,0,125,8.48311
0.725,0,0,125,8.48618
0.75,0,0,125,8.48761
0.775,0,0,125,8.48735
0.8,0,0,125,8.48531
0.825,0,0,125,8.48144
0.85,0,0,125,8.47565
0.875,0,0,125,8.46788
0.9,0,0,125,8.45806
0.925,0,0,125,8.4461
0.95,0,0,125,8.43194
0.975,0,0,125,8.41548
1,0,0,125,8.39666
1.025,0,0,125,8.37538
1.05,0,0,125,8.35157
1.075,0,0,125,8.32513
1.1,0,0,125,8.29598
1.125,0,0,125,8.26403
1.15,0,0,125,8.22918
1.175,0,0,125,8.19133
1.2,0,0,125,8.1504
1.225,0,0,125,8.10628
1.25,0,0,125,8.05887
1.275,0,0,125,8.00807
1.3,0,0,125,7.95378
1.325,0,0,125,7.89589
1.35,0,0,125,7.8343
1.375,0,0,125,7.76891
1.4,0,0,125,7.69959
1.425,0,0,125,7.62626
1.45,0,0,125,7.5488
1.475,0,0,125,7.4671
1.5,0,0,125,7.38107
1.525,0,0,125,7.2906
1.55,0,0,125,7.19557
1.575,0,0,125,7.0959
1.6,0,0,125,6.99149
1.625,0,0,125,6.88222
1.65,0,0,125,6.76802
1.675,0,0,125,6.64877
1.7,0,0,125,6.5244
1.725,0,0,125,6.39481
1.75,0,0,125,6.25992
1.775,0,0,125,6.11964
1.8,0,0,125,5.97388
1.825,0,0,125,5.82257
1.85,0,0,125,5.66562
1.875,0,0,125,5.50296
1.9,0,0,125,5.33451
1.925,0,0,125,5.16019
1.95,0,0,125,4.97992
1.975,0,0,125,4.79363
2,0,0,125,4.60124
2.025,0,0,125,4.40267
2.05,0,0,125,4.19785
2.075,0,0,125,3.98669
2.1,0,0,125,3.76911
2.125,0,0,125,3.54502
2.15,0,0,125,3.31435
2.175,0,0,125,3.07701
2.2,0,0,125,2.8329
2.225,0,0,125,2.58194
2.25,0,0,125,2.32404
2.275,0,0,125,2.05909
2.3,0,0,125,1.78699
2.325,0,0,125,1.50767
2.35,0,0,125,1.221
2.375,0,0,125,0.926904
2.4,0,0,125,0.625267
2.425,0,0,125,0.315993
2.45,0,0,125,-0.00101668
2.475,0,0,125,-0.325859
2.5,0,0,125,-0.65863
2.525,0,0,125,-0.99942
2.55,0,0,125,-1.34832
2.575,0,0,125,-1.70541
2.6,0,0,125,-2.07077
2.625,0,0,125,-2.44446
2.65,0,0,125,-2.82656
2.675,0,0,125,-3.2171
2.7,0,0,125,-3.61613
2.725,0,0,125,-4.02367
2.75,0,0,125,-4.43975
2.775,0,0,125,-4.86434
2.8,0,0,125,-5.29745
2.825,0,0,125,-5.73903
2.85,0,0,125,-6.18901
2.875,0,0,125,-6.64733
2.9,0,0,125,-7.11388
2.925,0,0,125,-7.58854
2.95,0,0,125,-8.07115
2.975,0,0,125,-8.56154
3,0,0,125,-9.05949
3.025,0,0,125,-9.56478
3.05,0,0,125,-10.0771
3.075,0,0,125,-10.5963
3.1,0,0,125,-11.1219
3.125,0,0,125,-11.6536
3.15,0,0,125,-12.191
3.175,0,0,125,-12.7337
3.2,0,0,125,-13.2813
3.225,0,0,125,-13.8332
3.25,0,0,125,-14.389
3.275,0,0,125,-14.9482
3.3,0,0,125,-15.5101
3.325,0,0,125,-16.0743
3.35,0,0,125,-16.64
3.375,0,0,125,-17.2068
3.4,0,0,125,-17.7739
3.425,0,0,125,-18.3408
3.45,0,0,125,-18.9067
3.475,0,0,125,-19.471
3.5,0,0,125,-20.033
3.525,0,0,125,-20.5921
3.55,0,0,125,-21.1475
3.575,0,0,125,-21.6987
3.6,0,0,125,-22.245
3.625,0,0,125,-22.7856
3.65,0,0,125,-23.32
3.675,0,0,125,-23.8476
3.7,0,0,125,-24.3677
3.725,0,0,125,-24.8798
3.75,0,0,125,-25.3833
3.775,0,0,125,-25.8776
3.8,0,0,125,-26.3622
3.825,0,0,125,-26.8367
3.85,0,0,125,-27.3005
3.875,0,0,125,-27.7532
3.9,0,0,125,-28.1944
3.925,0,0,125,-28.6238
3.95,0,0,125,-29.0409
3.975,0,0,125,-29.4454
4,0,0,125,-29.8371
4.025,0,0,125,-30.2156
4.05,0,0,125,-30.5807
4.075,0,0,125,-30.9323
4.1,0,0,125,-31.2701
4.125,0,0,125,-31.5941
4.15,0,0,125,-31.9041
4.175,0,0,125,-32.2001
4.2,0,0,125,-32.482
4.225,0,0,125,-32.7498
4.25,0,0,125,-33.0037
4.275,0,0,125,-33.2437
4.3,0,0,125,-33.4699
4.325,0,0,125,-33.6824
4.35,0,0,125,-33.8815
4.375,0,0,125,-34.0675
4.4,0,0,125,-34.2406
4.425,0,0,125,-34.401
4.45,0,0,125,-34.5492
4.475,0,0,125,-34.6856
4.5,0,0,125,-34.8105
4.525,0,0,125,-34.9244
4.55,0,0,125,-35.0278
4.575,0,0,125,-35.1212
4.6,0,0,125,-35.2051
4.625,0,0,125,-35.2801
4.65,0,0,125,-35.3467
4.675,0,0,125,-35.4056
4.7,0,0,125,-35.4572
4.725,0,0,125,-35.5023
4.75,0,0,125,-35.5413
4.775,0,0,125,-35.5748
4.8,0,0,125,-35.6035
4.825,0,0,125,-35.6276
4.85,0,0,125,-35.6478
4.875,0,0,125,-35.6645
4.9,0,0,125,-35.6778
4.925,0,0,125,-35.6881
4.95,0,0,125,-35.6957
4.975,0,0,125,-35.7006
5,0,0,125,-35.7031
