0,0,0,125,-83.0449
0.025,0,0,125,-83.0453
0.05,0,0,125,-83.0461
0.075,0,0,125,-83.0473
0.1,0,0,125,-83.0487
0.125,0,0,125,-83.0504
0.15,0,0,125,-83.0522
0.175,0,0,125,-83.0541
0.2,0,0,125,-83.0561
0.225,0,0,125,-83.0581
0.25,0,0,125,-83.0601
0.275,0,0,125,-83.062
0.3,0,0,125,-83.064
0.325,0,0,125,-83.066
0.35,0,0,125,-83.0679
0.375,0,0,125,-83.0698
0.4,0,0,125,-83.0717
0.425,0,0,125,-83.0736
0.45,0,0,125,-83.0754
0.475,0,0,125,-83.0772
0.5,0,0,125,-83.079
0.525,0,0,125,-83.0808
0.55,0,0,125,-83.0825
0.575,0,0,125,-83.0843
0.6,0,0,125,-83.086
0.625,0,0,125,-83.0877
0.65,0,0,125,-83.0894
0.675,0,0,125,-83.0911
0.7,0,0,125,-83.0927
0.725,0,0,125,-83.0944
0.75,0,0,125,-83.096
0.775,0,0,125,-83.0976
0.8,0,0,125,-83.0993
0.825,0,0,125,-83.1009
0.85,0,0,125,-83.1026
0.875,0,0,125,-83.1042
0.9,0,0,125,-83.1059
0.925,0,0,125,-83.1076
0.95,0,0,125,-83.1093
0.975,0,0,125,-83.111
1,0,0,125,-83.1127
1.025,0,0,125,-83.1144
1.05,0,0,125,-83.1161
1.075,0,0,125,-83.1179
1.1,0,0,125,-83.1197
1.125,0,0,125,-83.1215
1.15,0,0,125,-83.1234
1.175,0,0,125,-83.1253
1.2,0,0,125,-83.1272
1.225,0,0,125,-83.1292
1.25,0,0,125,-83.1312
1.275,0,0,125,-83.1332
1.3,0,0,125,-83.1353
1.325,0,0,125,-83.1374
1.35,0,0,125,-83.1395
1.375,0,0,125,-83.1417
1.4,0,0,125,-83.1439
1.425,0,0,125,-83.1462
1.45,0,0,125,-83.1484
1.475,0,0,125,-83.1508
1.5,0,0,125,-83.1531
1.525,0,0,125,-83.1556
1.55,0,0,125,-83.158
1.575,0,0,125,-83.1605
1.6,0,0,125,-83.163
1.625,0,0,125,-83.1656
1.65,0,0,125,-83.1683
1.675,0,0,125,-83.171
1.7,0,0,125,-83.1738
1.725,0,0,125,-83.1766
1.75,0,0,125,-83.1795
1.775,0,0,125,-83.1825
1.8,0,0,125,-83.1855
1.825,0,0,125,-83.1886
1.85,0,0,125,-83.1918
1.875,0,0,125,-83.1951
1.9,0,0,125,-83.1985
1.925,0,0,125,-83.2019
1.95,0,0,125,-83.2054
1.975,0,0,125,-83.209
2,0,0,125,-83.2127
2.025,0,0,125,-83.2165
2.05,0,0,125,-83.2204
2.075,0,0,125,-83.2244
2.1,0,0,125,-83.2285
2.125,0,0,125,-83.2328
2.15,0,0,125,-83.2371
2.175,0,0,125,-83.2416
2.2,0,0,125,-83.2461
2.225,0,0,125,-83.2508
2.25,0,0,125,-83.2556
2.275,0,0,125,-83.2605
2.3,0,0,125,-83.2655
2.325,0,0,125,-83.2706
2.35,0,0,125,-83.2759
2.375,0,0,125,-83.2813
2.4,0,0,125,-83.2868
2.425,0,0,125,-83.2925
2.45,0,0,125,-83.2982
2.475,0,0,125,-83.3041
2.5,0,0,125,-83.3101
2.525,0,0,125,-83.3162
2.55,0,0,125,-83.3224
2.575,0,0,125,-83.3287
2.6,0,0,125,-83.3352
2.625,0,0,125,-83.3417
2.65,0,0,125,-83.3484
2.675,0,0,125,-83.3551
2.7,0,0,125,-83.362
2.725,0,0,125,-83.3689
2.75,0,0,125,-83.3759
2.775,0,0,125,-83.383
2.8,0,0,125,-83.3901
2.825,0,0,125,-83.3974
2.85,0,0,125,-83.4047
2.875,0,0,125,-83.4121
2.9,0,0,125,-83.4196
2.925,0,0,125,-83.427
2.95,0,0,125,-83.4346
2.975,0,0,125,-83.4421
3,0,0,125,-83.4497
3.025,0,0,125,-83.4573
3.05,0,0,125,-83.4649
3.075,0,0,125,-83.4725
3.1,0,0,125,-83.4802
3.125,0,0,125,-83.4878
3.15,0,0,125,-83.4954
3.175,0,0,125,-83.503
3.2,0,0,125,-83.5106
3.225,0,0,125,-83.5181
3.25,0,0,125,-83.5256
3.275,0,0,125,-83.533
3.3,0,0,125,-83.5405
3.325,0,0,125,-83.5478
3.35,0,0,125,-83.5551
3.375,0,0,125,-83.5623
3.4,0,0,125,-83.5694
3.425,0,0,125,-83.5764
3.45,0,0,125,-83.5833
3.475,0,0,125,-83.5901
3.5,0,0,125,-83.5968
3.525,0,0,125,-83.6034
3.55,0,0,125,-83.6099
3.575,0,0,125,-83.6162
3.6,0,0,125,-83.6224
3.625,0,0,125,-83.6285
3.65,0,0,125,-83.6345
3.675,0,0,125,-83.6403
3.7,0,0,125,-83.646
3.725,0,0,125,-83.6515
3.75,0,0,125,-83.6569
3.775,0,0,125,-83.6622
3.8,0,0,125,-83.6673
3.825,0,0,125,-83.6723
3.85,0,0,125,-83.6771
3.875,0,0,125,-83.6819
3.9,0,0,125,-83.6864
3.925,0,0,125,-83.6908
3.95,0,0,125,-83.695
3.975,0,0,125,-83.6991
4,0,0,125,-83.703
4.025,0,0,125,-83.7067
4.05,0,0,125,-83.7103
4.075,0,0,125,-83.7137
4.1,0,0,125,-83.717
4.125,0,0,125,-83.7201
4.15,0,0,125,-83.7231
4.175,0,0,125,-83.726
4.2,0,0,125,-83.7287
4.225,0,0,125,-83.7313
4.25,0,0,125,-83.7338
4.275,0,0,125,-83.7361
4.3,0,0,125,-83.7383
4.325,0,0,125,-83.7403
4.35,0,0,125,-83.7423
4.375,0,0,125,-83.7441
4.4,0,0,125,-83.7458
4.425,0,0,125,-83.7474
4.45,0,0,125,-83.7489
4.475,0,0,125,-83.7503
4.5,0,0,125,-83.7515
4.525,0,0,125,-83.7527
4.55,0,0,125,-83.7538
4.575,0,0,125,-83.7548
4.6,0,0,125,-83.7557
4.625,0,0,125,-83.7565
4.65,0,0,125,-83.7572
4.675,0,0,125,-83.7579
4.7,0,0,125,-83.7584
4.725,0,0,125,-83.7589
4.75,0,0,125,-83.7594
4.775,0,0,125,-83.7597
4.8,0,0,125,-83.7601
4.825,0,0,125,-83.7603
4.85,0,0,125,-83.7605
4.875,0,0,125,-83.7606
4.9,0,0,125,-83.7607
4.925,0,0,125,-83.7608
4.95,0,0,125,-83.7608
4.975,0,0,125,-83.7608
5,0,0,125,-83.7608
