0,0,0,125,-82.8865
0.025,0,0,125,-82.8868
0.05,0,0,125,-82.8874
0.075,0,0,125,-82.8882
0.1,0,0,125,-82.8892
0.125,0,0,125,-82.8903
0.15,0,0,125,-82.8913
0.175,0,0,125,-82.8923
0.2,0,0,125,-82.8931
0.225,0,0,125,-82.8936
0.25,0,0,125,-82.8937
0.275,0,0,125,-82.8931
0.3,0,0,125,-82.8917
0.325,0,0,125,-82.8891
0.35,0,0,125,-82.8846
0.375,0,0,125,-82.8773
0.4,0,0,125,-82.8661
0.425,0,0,125,-82.8489
0.45,0,0,125,-82.823
0.475,0,0,125,-82.7841
0.5,0,0,125,-82.726
0.525,0,0,125,-82.6394
0.55,0,0,125,-82.5105
0.575,0,0,125,-82.3189
0.6,0,0,125,-82.0343
0.625,0,0,125,-81.6116
0.65,0,0,125,-80.9842
0.675,0,0,125,-80.0534
0.7,0,0,125,-78.6732
0.725,0,0,125,-76.6287
0.75,0,0,125,-73.6039
0.775,0,0,125,-69.1373
0.8,0,0,125,-62.5615
0.825,0,0,125,-52.9462
0.85,0,0,125,-39.3
0.875,0,0,125,-22.9664
0.9,0,0,125,-9.95941
0.925,0,0,125,-1.32295
0.95,0,0,125,4.23814
0.975,0,0,125,7.78856
1,0,0,125,10.0218
1.025,0,0,125,11.3781
1.05,0,0,125,12.1415
1.075,0,0,125,12.4988
1.1,0,0,125,12.5759
1.125,0,0,125,12.4592
1.15,0,0,125,12.2084
1.175,0,0,125,11.8657
1.2,0,0,125,11.4608
1.225,0,0,125,11.0147
1.25,0,0,125,10.5425
1.275,0,0,125,10.0547
1.3,0,0,125,9.5591
1.325,0,0,125,9.06092
1.35,0,0,125,8.56397
1.375,0,0,125,8.0709
1.4,0,0,125,7.58349
1.425,0,0,125,7.10297
1.45,0,0,125,6.63014
1.475,0,0,125,6.16547
1.5,0,0,125,5.70925
1.525,0,0,125,5.26158
1.55,0,0,125,4.82246
1.575,0,0,125,4.39182
1.6,0,0,125,3.96954
1.625,0,0,125,3.55544
1.65,0,0,125,3.14933
1.675,0,0,125,2.75102
1.7,0,0,125,2.36027
1.725,0,0,125,1.97687
1.75,0,0,125,1.60059
1.775,0,0,125,1.2312
1.8,0,0,125,0.868484
1.825,0,0,125,0.512211
1.85,0,0,125,0.162163
1.875,0,0,125,-0.181874
1.9,0,0,125,-0.520116
1.925,0,0,125,-0.852769
1.95,0,0,125,-1.18004
1.975,0,0,125,-1.50213
2,0,0,125,-1.81924
2.025,0,0,125,-2.13155
2.05,0,0,125,-2.43927
2.075,0,0,125,-2.74257
2.1,0,0,125,-3.04164
2.125,0,0,125,-3.33666
2.15,0,0,125,-3.62781
2.175,0,0,125,-3.91526
2.2,0,0,125,-4.19917
2.225,0,0,125,-4.47973
2.25,0,0,125,-4.75709
2.275,0,0,125,-5.03142
2.3,0,0,125,-5.30287
2.325,0,0,125,-5.5716
2.35,0,0,125,-5.83778
2.375,0,0,125,-6.10154
2.4,0,0,125,-6.36304
2.425,0,0,125,-6.62243
2.45,0,0,125,-6.87985
2.475,0,0,125,-7.13545
2.5,0,0,125,-7.38936
2.525,0,0,125,-7.64171
2.55,0,0,125,-7.89265
2.575,0,0,125,-8.14231
2.6,0,0,125,-8.39081
2.625,0,0,125,-8.63828
2.65,0,0,125,-8.88484
2.675,0,0,125,-9.13061
2.7,0,0,125,-9.3757
2.725,0,0,125,-9.62023
2.75,0,0,125,-9.8643
2.775,0,0,125,-10.108
2.8,0,0,125,-10.3515
2.825,0,0,125,-10.5948
2.85,0,0,125,-10.838
2.875,0,0,125,-11.0812
2.9,0,0,125,-11.3245
2.925,0,0,125,-11.5679
2.95,0,0,125,-11.8115
2.975,0,0,125,-12.0554
3,0,0,125,-12.2996
3.025,0,0,125,-12.5441
3.05,0,0,125,-12.789
3.075,0,0,125,-13.0342
3.1,0,0,125,-13.2798
3.125,0,0,125,-13.5258
3.15,0,0,125,-13.7722
3.175,0,0,125,-14.0189
3.2,0,0,125,-14.2658
3.225,0,0,125,-14.513
3.25,0,0,125,-14.7603
3.275,0,0,125,-15.0077
3.3,0,0,125,-15.255
3.325,0,0,125,-15.5021
3.35,0,0,125,-15.7489
3.375,0,0,125,-15.9953
3.4,0,0,125,-16.2409
3.425,0,0,125,-16.4857
3.45,0,0,125,-16.7295
3.475,0,0,125,-16.9719
3.5,0,0,125,-17.2127
3.525,0,0,125,-17.4517
3.55,0,0,125,-17.6886
3.575,0,0,125,-17.9229
3.6,0,0,125,-18.1545
3.625,0,0,125,-18.3829
3.65,0,0,125,-18.6077
3.675,0,0,125,-18.8285
3.7,0,0,125,-19.0449
3.725,0,0,125,-19.2565
3.75,0,0,125,-19.4628
3.775,0,0,125,-19.6634
3.8,0,0,125,-19.8577
3.825,0,0,125,-20.0452
3.85,0,0,125,-20.2254
3.875,0,0,125,-20.3979
3.9,0,0,125,-20.5621
3.925,0,0,125,-20.7174
3.95,0,0,125,-20.8634
3.975,0,0,125,-20.9994
4,0,0,125,-21.1251
4.025,0,0,125,-21.2398
4.05,0,0,125,-21.3431
4.075,0,0,125,-21.4346
4.1,0,0,125,-21.5137
4.125,0,0,125,-21.5801
4.15,0,0,125,-21.6333
4.175,0,0,125,-21.6731
4.2,0,0,125,-21.6991
4.225,0,0,125,-21.7111
4.25,0,0,125,-21.7088
4.275,0,0,125,-21.6923
4.3,0,0,125,-21.6614
4.325,0,0,125,-21.6162
4.35,0,0,125,-21.5567
4.375,0,0,125,-21.4832
4.4,0,0,125,-21.3961
4.425,0,0,125,-21.2956
4.45,0,0,125,-21.1824
4.475,0,0,125,-21.0571
4.5,0,0,125,-20.9205
4.525,0,0,125,-20.7734
4.55,0,0,125,-20.6171
4.575,0,0,125,-20.4525
4.6,0,0,125,-20.2812
4.625,0,0,125,-20.1046
4.65,0,0,125,-19.9244
4.675,0,0,125,-19.7425
4.7,0,0,125,-19.5609
4.725,0,0,125,-19.3817
4.75,0,0,125,-19.2074
4.775,0,0,125,-19.0406
4.8,0,0,125,-18.8838
4.825,0,0,125,-18.7399
4.85,0,0,125,-18.6115
4.875,0,0,125,-18.5008
4.9,0,0,125,-18.409
4.925,0,0,125,-18.3361
4.95,0,0,125,-18.2819
4.975,0,0,125,-18.246
5,0,0,125,-18.2281
