0,0,0,125,-82.0031
0.025,0,0,125,-82.001
0.05,0,0,125,-81.9967
0.075,0,0,125,-81.9901
0.1,0,0,125,-81.981
0.125,0,0,125,-81.9691
0.15,0,0,125,-81.9543
0.175,0,0,125,-81.9361
0.2,0,0,125,-81.9144
0.225,0,0,125,-81.8888
0.25,0,0,125,-81.8589
0.275,0,0,125,-81.8243
0.3,0,0,125,-81.7848
0.325,0,0,125,-81.7398
0.35,0,0,125,-81.6888
0.375,0,0,125,-81.6314
0.4,0,0,125,-81.567
0.425,0,0,125,-81.4949
0.45,0,0,125,-81.4145
0.475,0,0,125,-81.325
0.5,0,0,125,-81.2258
0.525,0,0,125,-81.1157
0.55,0,0,125,-80.9941
0.575,0,0,125,-80.8597
0.6,0,0,125,-80.7114
0.625,0,0,125,-80.5482
0.65,0,0,125,-80.3685
0.675,0,0,125,-80.1711
0.7,0,0,125,-79.9543
0.725,0,0,125,-79.7166
0.75,0,0,125,-79.4561
0.775,0,0,125,-79.171
0.8,0,0,125,-78.8592
0.825,0,0,125,-78.5187
0.85,0,0,125,-78.147
0.875,0,0,125,-77.742
0.9,0,0,125,-77.301
0.925,0,0,125,-76.8215
0.95,0,0,125,-76.3009
0.975,0,0,125,-75.7364
1,0,0,125,-75.1252
1.025,0,0,125,-74.4647
1.05,0,0,125,-73.7521
1.075,0,0,125,-72.9848
1.1,0,0,125,-72.1603
1.125,0,0,125,-71.2765
1.15,0,0,125,-70.3312
1.175,0,0,125,-69.3228
1.2,0,0,125,-68.2501
1.225,0,0,125,-67.1125
1.25,0,0,125,-65.9096
1.275,0,0,125,-64.642
1.3,0,0,125,-63.3108
1.325,0,0,125,-61.918
1.35,0,0,125,-60.4663
1.375,0,0,125,-58.959
1.4,0,0,125,-57.4005
1.425,0,0,125,-55.7955
1.45,0,0,125,-54.1497
1.475,0,0,125,-52.4692
1.5,0,0,125,-50.7603
1.525,0,0,125,-49.0299
1.55,0,0,125,-47.2848
1.575,0,0,125,-45.5318
1.6,0,0,125,-43.7774
1.625,0,0,125,-42.0278
1.65,0,0,125,-40.289
1.675,0,0,125,-38.566
1.7,0,0,125,-36.8637
1.725,0,0,125,-35.186
1.75,0,0,125,-33.5366
1.775,0,0,125,-31.9184
1.8,0,0,125,-30.3341
1.825,0,0,125,-28.786
1.85,0,0,125,-27.2758
1.875,0,0,125,-25.8054
1.9,0,0,125,-24.3761
1.925,0,0,125,-22.989
1.95,0,0,125,-21.6452
1.975,0,0,125,-20.3452
2,0,0,125,-19.0896
2.025,0,0,125,-17.8786
2.05,0,0,125,-16.7122
2.075,0,0,125,-15.5901
2.1,0,0,125,-14.5121
2.125,0,0,125,-13.4774
2.15,0,0,125,-12.4854
2.175,0,0,125,-11.5351
2.2,0,0,125,-10.6255
2.225,0,0,125,-9.75556
2.25,0,0,125,-8.92402
2.275,0,0,125,-8.12963
2.3,0,0,125,-7.3711
2.325,0,0,125,-6.64709
2.35,0,0,125,-5.95625
2.375,0,0,125,-5.29723
2.4,0,0,125,-4.66867
2.425,0,0,125,-4.06924
2.45,0,0,125,-3.49763
2.475,0,0,125,-2.95256
2.5,0,0,125,-2.43277
2.525,0,0,125,-1.93705
2.55,0,0,125,-1.46423
2.575,0,0,125,-1.01317
2.6,0,0,125,-0.582781
2.625,0,0,125,-0.17203
2.65,0,0,125,0.220086
2.675,0,0,125,0.594518
2.7,0,0,125,0.952177
2.725,0,0,125,1.29393
2.75,0,0,125,1.62059
2.775,0,0,125,1.93294
2.8,0,0,125,2.23172
2.825,0,0,125,2.51764
2.85,0,0,125,2.79134
2.875,0,0,125,3.05347
2.9,0,0,125,3.3046
2.925,0,0,125,3.54531
2.95,0,0,125,3.77611
2.975,0,0,125,3.9975
3,0,0,125,4.20996
3.025,0,0,125,4.41392
3.05,0,0,125,4.60981
3.075,0,0,125,4.79801
3.1,0,0,125,4.97889
3.125,0,0,125,5.1528
3.15,0,0,125,5.32008
3.175,0,0,125,5.48103
3.2,0,0,125,5.63594
3.225,0,0,125,5.78509
3.25,0,0,125,5.92873
3.275,0,0,125,6.06712
3.3,0,0,125,6.20047
3.325,0,0,125,6.32902
3.35,0,0,125,6.45295
3.375,0,0,125,6.57248
3.4,0,0,125,6.68777
3.425,0,0,125,6.79901
3.45,0,0,125,6.90635
3.475,0,0,125,7.00995
3.5,0,0,125,7.10996
3.525,0,0,125,7.20651
3.55,0,0,125,7.29973
3.575,0,0,125,7.38975
3.6,0,0,125,7.47668
3.625,0,0,125,7.56064
3.65,0,0,125,7.64173
3.675,0,0,125,7.72005
3.7,0,0,125,7.79569
3.725,0,0,125,7.86876
3.75,0,0,125,7.93932
3.775,0,0,125,8.00747
3.8,0,0,125,8.07328
3.825,0,0,125,8.13682
3.85,0,0,125,8.19817
3.875,0,0,125,8.2574
3.9,0,0,125,8.31456
3.925,0,0,125,8.36972
3.95,0,0,125,8.42295
3.975,0,0,125,8.47429
4,0,0,125,8.5238
4.025,0,0,125,8.57153
4.05,0,0,125,8.61753
4.075,0,0,125,8.66185
4.1,0,0,125,8.70454
4.125,0,0,125,8.74563
4.15,0,0,125,8.78518
4.175,0,0,125,8.82321
4.2,0,0,125,8.85978
4.225,0,0,125,8.89491
4.25,0,0,125,8.92864
4.275,0,0,125,8.96101
4.3,0,0,125,8.99204
4.325,0,0,125,9.02177
4.35,0,0,125,9.05022
4.375,0,0,125,9.07743
4.4,0,0,125,9.10341
4.425,0,0,125,9.12818
4.45,0,0,125,9.15178
4.475,0,0,125,9.17422
4.5,0,0,125,9.19551
4.525,0,0,125,9.21566
4.55,0,0,125,9.2347
4.575,0,0,125,9.25262
4.6,0,0,125,9.26944
4.625,0,0,125,9.28517
4.65,0,0,125,9.29979
4.675,0,0,125,9.31332
4.7,0,0,125,9.32575
4.725,0,0,125,9.33708
4.75,0,0,125,9.34731
4.775,0,0,125,9.35643
4.8,0,0,125,9.36444
4.825,0,0,125,9.37135
4.85,0,0,125,9.37717
4.875,0,0,125,9.38194
4.9,0,0,125,9.38573
4.925,0,0,125,9.38864
4.95,0,0,125,9.39074
4.975,0,0,125,9.39211
5,0,0,125,9.39279
