0,0,0,125,-84.4436
0.025,0,0,125,-84.4436
0.05,0,0,125,-84.4437
0.075,0,0,125,-84.4438
0.1,0,0,125,-84.4439
0.125,0,0,125,-84.4441
0.15,0,0,125,-84.4443
0.175,0,0,125,-84.4444
0.2,0,0,125,-84.4446
0.225,0,0,125,-84.4448
0.25,0,0,125,-84.445
0.275,0,0,125,-84.4452
0.3,0,0,125,-84.4455
0.325,0,0,125,-84.4457
0.35,0,0,125,-84.4459
0.375,0,0,125,-84.4461
0.4,0,0,125,-84.4463
0.425,0,0,125,-84.4465
0.45,0,0,125,-84.4467
0.475,0,0,125,-84.4469
0.5,0,0,125,-84.4471
0.525,0,0,125,-84.4472
0.55,0,0,125,-84.4474
0.575,0,0,125,-84.4476
0.6,0,0,125,-84.4477
0.625,0,0,125,-84.4479
0.65,0,0,125,-84.448
0.675,0,0,125,-84.4482
0.7,0,0,125,-84.4483
0.725,0,0,125,-84.4485
0.75,0,0,125,-84.4487
0.775,0,0,125,-84.4488
0.8,0,0,125,-84.449
0.825,0,0,125,-84.4491
0.85,0,0,125,-84.4493
0.875,0,0,125,-84.4494
0.9,0,0,125,-84.4496
0.925,0,0,125,-84.4497
0.95,0,0,125,-84.4499
0.975,0,0,125,-84.45
1,0,0,125,-84.4502
1.025,0,0,125,-84.4503
1.05,0,0,125,-84.4505
1.075,0,0,125,-84.4507
1.1,0,0,125,-84.4509
1.125,0,0,125,-84.451
1.15,0,0,125,-84.4512
1.175,0,0,125,-84.4514
1.2,0,0,125,-84.4516
1.225,0,0,125,-84.4518
1.25,0,0,125,-84.452
1.275,0,0,125,-84.4521
1.3,0,0,125,-84.4523
1.325,0,0,125,-84.4525
1.35,0,0,125,-84.4527
1.375,0,0,125,-84.453
1.4,0,0,125,-84.4532
1.425,0,0,125,-84.4534
1.45,0,0,125,-84.4536
1.475,0,0,125,-84.4538
1.5,0,0,125,-84.4541
1.525,0,0,125,-84.4543
1.55,0,0,125,-84.4545
1.575,0,0,125,-84.4548
1.6,0,0,125,-84.455
1.625,0,0,125,-84.4553
1.65,0,0,125,-84.4555
1.675,0,0,125,-84.4558
1.7,0,0,125,-84.456
1.725,0,0,125,-84.4563
1.75,0,0,125,-84.4566
1.775,0,0,125,-84.4569
1.8,0,0,125,-84.4572
1.825,0,0,125,-84.4575
1.85,0,0,125,-84.4578
1.875,0,0,125,-84.4581
1.9,0,0,125,-84.4585
1.925,0,0,125,-84.4588
1.95,0,0,125,-84.4592
1.975,0,0,125,-84.4596
2,0,0,125,-84.4599
2.025,0,0,125,-84.4603
2.05,0,0,125,-84.4607
2.075,0,0,125,-84.4611
2.1,0,0,125,-84.4615
2.125,0,0,125,-84.462
2.15,0,0,125,-84.4624
2.175,0,0,125,-84.4628
2.2,0,0,125,-84.4633
2.225,0,0,125,-84.4638
2.25,0,0,125,-84.4642
2.275,0,0,125,-84.4647
2.3,0,0,125,-84.4652
2.325,0,0,125,-84.4657
2.35,0,0,125,-84.4662
2.375,0,0,125,-84.4667
2.4,0,0,125,-84.4673
2.425,0,0,125,-84.4678
2.45,0,0,125,-84.4684
2.475,0,0,125,-84.4689
2.5,0,0,125,-84.4695
2.525,0,0,125,-84.4701
2.55,0,0,125,-84.4707
2.575,0,0,125,-84.4712
2.6,0,0,125,-84.4719
2.625,0,0,125,-84.4725
2.65,0,0,125,-84.4731
2.675,0,0,125,-84.4737
2.7,0,0,125,-84.4744
2.725,0,0,125,-84.475
2.75,0,0,125,-84.4757
2.775,0,0,125,-84.4764
2.8,0,0,125,-84.477
2.825,0,0,125,-84.4777
2.85,0,0,125,-84.4784
2.875,0,0,125,-84.4791
2.9,0,0,125,-84.4799
2.925,0,0,125,-84.4806
2.95,0,0,125,-84.4813
2.975,0,0,125,-84.4821
3,0,0,125,-84.4828
3.025,0,0,125,-84.4836
3.05,0,0,125,-84.4844
3.075,0,0,125,-84.4851
3.1,0,0,125,-84.4859
3.125,0,0,125,-84.4867
3.15,0,0,125,-84.4874
3.175,0,0,125,-84.4881
3.2,0,0,125,-84.4889
3.225,0,0,125,-84.4896
3.25,0,0,125,-84.4903
3.275,0,0,125,-84.491
3.3,0,0,125,-84.4917
3.325,0,0,125,-84.4923
3.35,0,0,125,-84.493
3.375,0,0,125,-84.4937
3.4,0,0,125,-84.4943
3.425,0,0,125,-84.495
3.45,0,0,125,-84.4956
3.475,0,0,125,-84.4962
3.5,0,0,125,-84.4968
3.525,0,0,125,-84.4974
3.55,0,0,125,-84.498
3.575,0,0,125,-84.4986
3.6,0,0,125,-84.4992
3.625,0,0,125,-84.4997
3.65,0,0,125,-84.5002
3.675,0,0,125,-84.5008
3.7,0,0,125,-84.5013
3.725,0,0,125,-84.5018
3.75,0,0,125,-84.5022
3.775,0,0,125,-84.5027
3.8,0,0,125,-84.5031
3.825,0,0,125,-84.5036
3.85,0,0,125,-84.504
3.875,0,0,125,-84.5044
3.9,0,0,125,-84.5048
3.925,0,0,125,-84.5052
3.95,0,0,125,-84.5055
3.975,0,0,125,-84.5059
4,0,0,125,-84.5063
4.025,0,0,125,-84.5066
4.05,0,0,125,-84.5069
4.075,0,0,125,-84.5073
4.1,0,0,125,-84.5076
4.125,0,0,125,-84.5079
4.15,0,0,125,-84.5082
4.175,0,0,125,-84.5085
4.2,0,0,125,-84.5087
4.225,0,0,125,-84.509
4.25,0,0,125,-84.5093
4.275,0,0,125,-84.5095
4.3,0,0,125,-84.5097
4.325,0,0,125,-84.51
4.35,0,0,125,-84.5102
4.375,0,0,125,-84.5104
4.4,0,0,125,-84.5106
4.425,0,0,125,-84.5108
4.45,0,0,125,-84.5109
4.475,0,0,125,-84.5111
4.5,0,0,125,-84.5113
4.525,0,0,125,-84.5114
4.55,0,0,125,-84.5115
4.575,0,0,125,-84.5117
4.6,0,0,125,-84.5118
4.625,0,0,125,-84.5119
4.65,0,0,125,-84.512
4.675,0,0,125,-84.5121
4.7,0,0,125,-84.5121
4.725,0,0,125,-84.5122
4.75,0,0,125,-84.5122
4.775,0,0,125,-84.5123
4.8,0,0,125,-84.5123
4.825,0,0,125,-84.5123
4.85,0,0,125,-84.5123
4.875,0,0,125,-84.5124
4.9,0,0,125,-84.5123
4.925,0,0,125,-84.5123
4.95,0,0,125,-84.5123
4.975,0,0,125,-84.5123
5,0,0,125,-84.5123
