0,0,0,125,-21.9604
0.025,0,0,125,-21.9687
0.05,0,0,125,-21.9854
0.075,0,0,125,-22.0105
0.1,0,0,125,-22.0439
0.125,0,0,125,-22.0858
0.15,0,0,125,-22.1363
0.175,0,0,125,-22.1954
0.2,0,0,125,-22.263
0.225,0,0,125,-22.3393
0.25,0,0,125,-22.424
0.275,0,0,125,-22.5172
0.3,0,0,125,-22.619
0.325,0,0,125,-22.7291
0.35,0,0,125,-22.8477
0.375,0,0,125,-22.9746
0.4,0,0,125,-23.11
0.425,0,0,125,-23.2537
0.45,0,0,125,-23.4058
0.475,0,0,125,-23.5664
0.5,0,0,125,-23.7354
0.525,0,0,125,-23.9129
0.55,0,0,125,-24.099
0.575,0,0,125,-24.2937
0.6,0,0,125,-24.4971
0.625,0,0,125,-24.7093
0.65,0,0,125,-24.9305
0.675,0,0,125,-25.1607
0.7,0,0,125,-25.4001
0.725,0,0,125,-25.6489
0.75,0,0,125,-25.9071
0.775,0,0,125,-26.1751
0.8,0,0,125,-26.453
0.825,0,0,125,-26.741
0.85,0,0,125,-27.0394
0.875,0,0,125,-27.3484
0.9,0,0,125,-27.6684
0.925,0,0,125,-27.9996
0.95,0,0,125,-28.3422
0.975,0,0,125,-28.6968
1,0,0,125,-29.0636
1.025,0,0,125,-29.443
1.05,0,0,125,-29.8354
1.075,0,0,125,-30.2412
1.1,0,0,125,-30.6609
1.125,0,0,125,-31.0949
1.15,0,0,125,-31.5438
1.175,0,0,125,-32.008
1.2,0,0,125,-32.488
1.225,0,0,125,-32.9844
1.25,0,0,125,-33.4977
1.275,0,0,125,-34.0285
1.3,0,0,125,-34.5773
1.325,0,0,125,-35.1448
1.35,0,0,125,-35.7313
1.375,0,0,125,-36.3376
1.4,0,0,125,-36.9641
1.425,0,0,125,-37.6113
1.45,0,0,125,-38.2797
1.475,0,0,125,-38.9696
1.5,0,0,125,-39.6814
1.525,0,0,125,-40.4154
1.55,0,0,125,-41.1718
1.575,0,0,125,-41.9506
1.6,0,0,125,-42.7518
1.625,0,0,125,-43.5753
1.65,0,0,125,-44.4207
1.675,0,0,125,-45.2877
1.7,0,0,125,-46.1755
1.725,0,0,125,-47.0834
1.75,0,0,125,-48.0104
1.775,0,0,125,-48.9553
1.8,0,0,125,-49.9169
1.825,0,0,125,-50.8936
1.85,0,0,125,-51.8835
1.875,0,0,125,-52.8849
1.9,0,0,125,-53.8957
1.925,0,0,125,-54.9135
1.95,0,0,125,-55.9361
1.975,0,0,125,-56.961
2,0,0,125,-57.9854
2.025,0,0,125,-59.007
2.05,0,0,125,-60.0228
2.075,0,0,125,-61.0303
2.1,0,0,125,-62.0268
2.125,0,0,125,-63.0098
2.15,0,0,125,-63.9766
2.175,0,0,125,-64.9249
2.2,0,0,125,-65.8525
2.225,0,0,125,-66.7574
2.25,0,0,125,-67.6376
2.275,0,0,125,-68.4914
2.3,0,0,125,-69.3175
2.325,0,0,125,-70.1147
2.35,0,0,125,-70.8818
2.375,0,0,125,-71.6183
2.4,0,0,125,-72.3235
2.425,0,0,125,-72.9973
2.45,0,0,125,-73.6394
2.475,0,0,125,-74.25
2.5,0,0,125,-74.8294
2.525,0,0,125,-75.3781
2.55,0,0,125,-75.8967
2.575,0,0,125,-76.3858
2.6,0,0,125,-76.8464
2.625,0,0,125,-77.2794
2.65,0,0,125,-77.6857
2.675,0,0,125,-78.0665
2.7,0,0,125,-78.4228
2.725,0,0,125,-78.7558
2.75,0,0,125,-79.0666
2.775,0,0,125,-79.3564
2.8,0,0,125,-79.6262
2.825,0,0,125,-79.8773
2.85,0,0,125,-80.1106
2.875,0,0,125,-80.3274
2.9,0,0,125,-80.5285
2.925,0,0,125,-80.7151
2.95,0,0,125,-80.888
2.975,0,0,125,-81.0482
3,0,0,125,-81.1965
3.025,0,0,125,-81.3338
3.05,0,0,125,-81.4608
3.075,0,0,125,-81.5783
3.1,0,0,125,-81.687
3.125,0,0,125,-81.7874
3.15,0,0,125,-81.8803
3.175,0,0,125,-81.9661
3.2,0,0,125,-82.0455
3.225,0,0,125,-82.1188
3.25,0,0,125,-82.1866
3.275,0,0,125,-82.2492
3.3,0,0,125,-82.3071
3.325,0,0,125,-82.3606
3.35,0,0,125,-82.4101
3.375,0,0,125,-82.4559
3.4,0,0,125,-82.4982
3.425,0,0,125,-82.5373
3.45,0,0,125,-82.5735
3.475,0,0,125,-82.607
3.5,0,0,125,-82.638
3.525,0,0,125,-82.6666
3.55,0,0,125,-82.6932
3.575,0,0,125,-82.7177
3.6,0,0,125,-82.7405
3.625,0,0,125,-82.7615
3.65,0,0,125,-82.781
3.675,0,0,125,-82.799
3.7,0,0,125,-82.8156
3.725,0,0,125,-82.831
3.75,0,0,125,-82.8453
3.775,0,0,125,-82.8584
3.8,0,0,125,-82.8705
3.825,0,0,125,-82.8817
3.85,0,0,125,-82.892
3.875,0,0,125,-82.9015
3.9,0,0,125,-82.9102
3.925,0,0,125,-82.9181
3.95,0,0,125,-82.9254
3.975,0,0,125,-82.9321
4,0,0,125,-82.9381
4.025,0,0,125,-82.9436
4.05,0,0,125,-82.9485
4.075,0,0,125,-82.9529
4.1,0,0,125,-82.9569
4.125,0,0,125,-82.9604
4.15,0,0,125,-82.9634
4.175,0,0,125,-82.966
4.2,0,0,125,-82.9683
4.225,0,0,125,-82.9702
4.25,0,0,125,-82.9717
4.275,0,0,125,-82.9729
4.3,0,0,125,-82.9738
4.325,0,0,125,-82.9743
4.35,0,0,125,-82.9746
4.375,0,0,125,-82.9746
4.4,0,0,125,-82.9743
4.425,0,0,125,-82.9738
4.45,0,0,125,-82.973
4.475,0,0,125,-82.972
4.5,0,0,125,-82.9708
4.525,0,0,125,-82.9694
4.55,0,0,125,-82.9678
4.575,0,0,125,-82.9661
4.6,0,0,125,-82.9642
4.625,0,0,125,-82.9621
4.65,0,0,125,-82.96
4.675,0,0,125,-82.9577
4.7,0,0,125,-82.9553
4.725,0,0,125,-82.9529
4.75,0,0,125,-82.9504
4.775,0,0,125,-82.9478
4.8,0,0,125,-82.9453
4.825,0,0,125,-82.9428
4.85,0,0,125,-82.9403
4.875,0,0,125,-82.9379
4.9,0,0,125,-82.9358
4.925,0,0,125,-82.9339
4.95,0,0,125,-82.9324
4.975,0,0,125,-82.9314
5,0,0,125,-82.9308
