0,0,0,125,-84.3624
0.025,0,0,125,-84.3625
0.05,0,0,125,-84.3626
0.075,0,0,125,-84.3628
0.1,0,0,125,-84.363
0.125,0,0,125,-84.3633
0.15,0,0,125,-84.3635
0.175,0,0,125,-84.3638
0.2,0,0,125,-84.3641
0.225,0,0,125,-84.3644
0.25,0,0,125,-84.3648
0.275,0,0,125,-84.3651
0.3,0,0,125,-84.3654
0.325,0,0,125,-84.3658
0.35,0,0,125,-84.3661
0.375,0,0,125,-84.3665
0.4,0,0,125,-84.3668
0.425,0,0,125,-84.3671
0.45,0,0,125,-84.3674
0.475,0,0,125,-84.3677
0.5,0,0,125,-84.368
0.525,0,0,125,-84.3682
0.55,0,0,125,-84.3685
0.575,0,0,125,-84.3688
0.6,0,0,125,-84.369
0.625,0,0,125,-84.3693
0.65,0,0,125,-84.3695
0.675,0,0,125,-84.3698
0.7,0,0,125,-84.37
0.725,0,0,125,-84.3703
0.75,0,0,125,-84.3705
0.775,0,0,125,-84.3707
0.8,0,0,125,-84.371
0.825,0,0,125,-84.3712
0.85,0,0,125,-84.3715
0.875,0,0,125,-84.3717
0.9,0,0,125,-84.372
0.925,0,0,125,-84.3722
0.95,0,0,125,-84.3725
0.975,0,0,125,-84.3727
1,0,0,125,-84.373
1.025,0,0,125,-84.3732
1.05,0,0,125,-84.3735
1.075,0,0,125,-84.3738
1.1,0,0,125,-84.3741
1.125,0,0,125,-84.3744
1.15,0,0,125,-84.3747
1.175,0,0,125,-84.375
1.2,0,0,125,-84.3753
1.225,0,0,125,-84.3756
1.25,0,0,125,-84.376
1.275,0,0,125,-84.3763
1.3,0,0,125,-84.3767
1.325,0,0,125,-84.377
1.35,0,0,125,-84.3774
1.375,0,0,125,-84.3778
1.4,0,0,125,-84.3782
1.425,0,0,125,-84.3786
1.45,0,0,125,-84.379
1.475,0,0,125,-84.3794
1.5,0,0,125,-84.3799
1.525,0,0,125,-84.3803
1.55,0,0,125,-84.3808
1.575,0,0,125,-84.3812
1.6,0,0,125,-84.3817
1.625,0,0,125,-84.3822
1.65,0,0,125,-84.3827
1.675,0,0,125,-84.3832
1.7,0,0,125,-84.3837
1.725,0,0,125,-84.3842
1.75,0,0,125,-84.3847
1.775,0,0,125,-84.3852
1.8,0,0,125,-84.3858
1.825,0,0,125,-84.3863
1.85,0,0,125,-84.3869
1.875,0,0,125,-84.3875
1.9,0,0,125,-84.3881
1.925,0,0,125,-84.3887
1.95,0,0,125,-84.3893
1.975,0,0,125,-84.3899
2,0,0,125,-84.3905
2.025,0,0,125,-84.3911
2.05,0,0,125,-84.3918
2.075,0,0,125,-84.3924
2.1,0,0,125,-84.3931
2.125,0,0,125,-84.3938
2.15,0,0,125,-84.3944
2.175,0,0,125,-84.3952
2.2,0,0,125,-84.3959
2.225,0,0,125,-84.3966
2.25,0,0,125,-84.3974
2.275,0,0,125,-84.3982
2.3,0,0,125,-84.399
2.325,0,0,125,-84.3998
2.35,0,0,125,-84.4007
2.375,0,0,125,-84.4016
2.4,0,0,125,-84.4024
2.425,0,0,125,-84.4033
2.45,0,0,125,-84.4042
2.475,0,0,125,-84.4052
2.5,0,0,125,-84.4061
2.525,0,0,125,-84.4071
2.55,0,0,125,-84.408
2.575,0,0,125,-84.409
2.6,0,0,125,-84.41
2.625,0,0,125,-84.411
2.65,0,0,125,-84.4121
2.675,0,0,125,-84.4131
2.7,0,0,125,-84.4142
2.725,0,0,125,-84.4153
2.75,0,0,125,-84.4164
2.775,0,0,125,-84.4175
2.8,0,0,125,-84.4186
2.825,0,0,125,-84.4197
2.85,0,0,125,-84.4209
2.875,0,0,125,-84.4221
2.9,0,0,125,-84.4233
2.925,0,0,125,-84.4244
2.95,0,0,125,-84.4256
2.975,0,0,125,-84.4268
3,0,0,125,-84.428
3.025,0,0,125,-84.4291
3.05,0,0,125,-84.4303
3.075,0,0,125,-84.4314
3.1,0,0,125,-84.4325
3.125,0,0,125,-84.4337
3.15,0,0,125,-84.4348
3.175,0,0,125,-84.4359
3.2,0,0,125,-84.4369
3.225,0,0,125,-84.438
3.25,0,0,125,-84.4391
3.275,0,0,125,-84.4401
3.3,0,0,125,-84.4412
3.325,0,0,125,-84.4422
3.35,0,0,125,-84.4432
3.375,0,0,125,-84.4442
3.4,0,0,125,-84.4452
3.425,0,0,125,-84.4461
3.45,0,0,125,-84.4471
3.475,0,0,125,-84.448
3.5,0,0,125,-84.449
3.525,0,0,125,-84.4499
3.55,0,0,125,-84.4508
3.575,0,0,125,-84.4516
3.6,0,0,125,-84.4525
3.625,0,0,125,-84.4534
3.65,0,0,125,-84.4542
3.675,0,0,125,-84.455
3.7,0,0,125,-84.4558
3.725,0,0,125,-84.4566
3.75,0,0,125,-84.4574
3.775,0,0,125,-84.4581
3.8,0,0,125,-84.4588
3.825,0,0,125,-84.4595
3.85,0,0,125,-84.4602
3.875,0,0,125,-84.4609
3.9,0,0,125,-84.4615
3.925,0,0,125,-84.4621
3.95,0,0,125,-84.4626
3.975,0,0,125,-84.4632
4,0,0,125,-84.4637
4.025,0,0,125,-84.4642
4.05,0,0,125,-84.4647
4.075,0,0,125,-84.4652
4.1,0,0,125,-84.4657
4.125,0,0,125,-84.4661
4.15,0,0,125,-84.4665
4.175,0,0,125,-84.467
4.2,0,0,125,-84.4674
4.225,0,0,125,-84.4677
4.25,0,0,125,-84.4681
4.275,0,0,125,-84.4685
4.3,0,0,125,-84.4688
4.325,0,0,125,-84.4691
4.35,0,0,125,-84.4695
4.375,0,0,125,-84.4698
4.4,0,0,125,-84.47
4.425,0,0,125,-84.4703
4.45,0,0,125,-84.4705
4.475,0,0,125,-84.4708
4.5,0,0,125,-84.471
4.525,0,0,125,-84.4712
4.55,0,0,125,-84.4714
4.575,0,0,125,-84.4716
4.6,0,0,125,-84.4717
4.625,0,0,125,-84.4719
4.65,0,0,125,-84.472
4.675,0,0,125,-84.4721
4.7,0,0,125,-84.4722
4.725,0,0,125,-84.4723
4.75,0,0,125,-84.4724
4.775,0,0,125,-84.4724
4.8,0,0,125,-84.4725
4.825,0,0,125,-84.4725
4.85,0,0,125,-84.4725
4.875,0,0,125,-84.4725
4.9,0,0,125,-84.4724
4.925,0,0,125,-84.4724
4.95,0,0,125,-84.4724
4.975,0,0,125,-84.4724
5,0,0,125,-84.4724
