0,0,0,125,-7.62784
0.025,0,0,125,-7.63269
0.05,0,0,125,-7.64241
0.075,0,0,125,-7.657
0.1,0,0,125,-7.67651
0.125,0,0,125,-7.701
0.15,0,0,125,-7.73051
0.175,0,0,125,-7.76509
0.2,0,0,125,-7.8047
0.225,0,0,125,-7.8493
0.25,0,0,125,-7.89882
0.275,0,0,125,-7.95318
0.3,0,0,125,-8.01233
0.325,0,0,125,-8.07617
0.35,0,0,125,-8.14466
0.375,0,0,125,-8.21771
0.4,0,0,125,-8.29527
0.425,0,0,125,-8.37729
0.45,0,0,125,-8.46371
0.475,0,0,125,-8.5545
0.5,0,0,125,-8.64961
0.525,0,0,125,-8.74902
0.55,0,0,125,-8.85271
0.575,0,0,125,-8.96067
0.6,0,0,125,-9.07288
0.625,0,0,125,-9.18937
0.65,0,0,125,-9.31012
0.675,0,0,125,-9.43517
0.7,0,0,125,-9.56454
0.725,0,0,125,-9.69827
0.75,0,0,125,-9.8364
0.775,0,0,125,-9.97899
0.8,0,0,125,-10.1261
0.825,0,0,125,-10.2778
0.85,0,0,125,-10.4341
0.875,0,0,125,-10.5952
0.9,0,0,125,-10.7612
0.925,0,0,125,-10.9321
0.95,0,0,125,-11.1081
0.975,0,0,125,-11.2893
1,0,0,125,-11.4759
1.025,0,0,125,-11.6679
1.05,0,0,125,-11.8656
1.075,0,0,125,-12.0691
1.1,0,0,125,-12.2785
1.125,0,0,125,-12.4942
1.15,0,0,125,-12.7162
1.175,0,0,125,-12.9447
1.2,0,0,125,-13.1801
1.225,0,0,125,-13.4224
1.25,0,0,125,-13.6721
1.275,0,0,125,-13.9292
1.3,0,0,125,-14.1941
1.325,0,0,125,-14.4671
1.35,0,0,125,-14.7484
1.375,0,0,125,-15.0383
1.4,0,0,125,-15.3371
1.425,0,0,125,-15.6452
1.45,0,0,125,-15.9628
1.475,0,0,125,-16.2903
1.5,0,0,125,-16.6281
1.525,0,0,125,-16.9765
1.55,0,0,125,-17.3359
1.575,0,0,125,-17.7067
1.6,0,0,125,-18.0892
1.625,0,0,125,-18.4838
1.65,0,0,125,-18.891
1.675,0,0,125,-19.3111
1.7,0,0,125,-19.7447
1.725,0,0,125,-20.192
1.75,0,0,125,-20.6536
1.775,0,0,125,-21.1299
1.8,0,0,125,-21.6213
1.825,0,0,125,-22.1283
1.85,0,0,125,-22.6514
1.875,0,0,125,-23.1911
1.9,0,0,125,-23.7477
1.925,0,0,125,-24.3218
1.95,0,0,125,-24.9139
1.975,0,0,125,-25.5245
2,0,0,125,-26.154
2.025,0,0,125,-26.803
2.05,0,0,125,-27.4719
2.075,0,0,125,-28.1613
2.1,0,0,125,-28.8717
2.125,0,0,125,-29.6035
2.15,0,0,125,-30.3573
2.175,0,0,125,-31.1335
2.2,0,0,125,-31.9325
2.225,0,0,125,-32.7548
2.25,0,0,125,-33.6007
2.275,0,0,125,-34.4706
2.3,0,0,125,-35.3646
2.325,0,0,125,-36.2829
2.35,0,0,125,-37.2255
2.375,0,0,125,-38.1923
2.4,0,0,125,-39.1831
2.425,0,0,125,-40.1972
2.45,0,0,125,-41.2342
2.475,0,0,125,-42.2931
2.5,0,0,125,-43.3729
2.525,0,0,125,-44.4722
2.55,0,0,125,-45.5894
2.575,0,0,125,-46.7228
2.6,0,0,125,-47.8701
2.625,0,0,125,-49.0292
2.65,0,0,125,-50.1974
2.675,0,0,125,-51.3722
2.7,0,0,125,-52.5504
2.725,0,0,125,-53.7292
2.75,0,0,125,-54.9054
2.775,0,0,125,-56.0757
2.8,0,0,125,-57.237
2.825,0,0,125,-58.386
2.85,0,0,125,-59.5197
2.875,0,0,125,-60.635
2.9,0,0,125,-61.729
2.925,0,0,125,-62.7991
2.95,0,0,125,-63.8428
2.975,0,0,125,-64.8579
3,0,0,125,-65.8423
3.025,0,0,125,-66.7945
3.05,0,0,125,-67.713
3.075,0,0,125,-68.5966
3.1,0,0,125,-69.4447
3.125,0,0,125,-70.2566
3.15,0,0,125,-71.032
3.175,0,0,125,-71.771
3.2,0,0,125,-72.4736
3.225,0,0,125,-73.1403
3.25,0,0,125,-73.7718
3.275,0,0,125,-74.3686
3.3,0,0,125,-74.9318
3.325,0,0,125,-75.4624
3.35,0,0,125,-75.9614
3.375,0,0,125,-76.43
3.4,0,0,125,-76.8694
3.425,0,0,125,-77.2811
3.45,0,0,125,-77.6661
3.475,0,0,125,-78.0259
3.5,0,0,125,-78.3617
3.525,0,0,125,-78.6749
3.55,0,0,125,-78.9666
3.575,0,0,125,-79.2381
3.6,0,0,125,-79.4906
3.625,0,0,125,-79.7253
3.65,0,0,125,-79.9433
3.675,0,0,125,-80.1455
3.7,0,0,125,-80.3331
3.725,0,0,125,-80.507
3.75,0,0,125,-80.6681
3.775,0,0,125,-80.8173
3.8,0,0,125,-80.9553
3.825,0,0,125,-81.083
3.85,0,0,125,-81.2011
3.875,0,0,125,-81.3101
3.9,0,0,125,-81.4109
3.925,0,0,125,-81.5039
3.95,0,0,125,-81.5897
3.975,0,0,125,-81.6688
4,0,0,125,-81.7417
4.025,0,0,125,-81.8088
4.05,0,0,125,-81.8706
4.075,0,0,125,-81.9274
4.1,0,0,125,-81.9797
4.125,0,0,125,-82.0276
4.15,0,0,125,-82.0715
4.175,0,0,125,-82.1118
4.2,0,0,125,-82.1486
4.225,0,0,125,-82.1823
4.25,0,0,125,-82.213
4.275,0,0,125,-82.241
4.3,0,0,125,-82.2664
4.325,0,0,125,-82.2894
4.35,0,0,125,-82.3102
4.375,0,0,125,-82.329
4.4,0,0,125,-82.3459
4.425,0,0,125,-82.3611
4.45,0,0,125,-82.3746
4.475,0,0,125,-82.3865
4.5,0,0,125,-82.3971
4.525,0,0,125,-82.4064
4.55,0,0,125,-82.4144
4.575,0,0,125,-82.4214
4.6,0,0,125,-82.4273
4.625,0,0,125,-82.4323
4.65,0,0,125,-82.4364
4.675,0,0,125,-82.4396
4.7,0,0,125,-82.4422
4.725,0,0,125,-82.4441
4.75,0,0,125,-82.4454
4.775,0,0,125,-82.4462
4.8,0,0,125,-82.4465
4.825,0,0,125,-82.4464
4.85,0,0,125,-82.446
4.875,0,0,125,-82.4454
4.9,0,0,125,-82.4446
4.925,0,0,125,-82.4438
4.95,0,0,125,-82.4431
4.975,0,0,125,-82.4426
5,0,0,125,-82.4424
