0,0,0,125,-84.3105
0.025,0,0,125,-84.3106
0.05,0,0,125,-84.3107
0.075,0,0,125,-84.311
0.1,0,0,125,-84.3112
0.125,0,0,125,-84.3116
0.15,0,0,125,-84.3119
0.175,0,0,125,-84.3123
0.2,0,0,125,-84.3127
0.225,0,0,125,-84.3131
0.25,0,0,125,-84.3135
0.275,0,0,125,-84.3139
0.3,0,0,125,-84.3143
0.325,0,0,125,-84.3147
0.35,0,0,125,-84.3152
0.375,0,0,125,-84.3156
0.4,0,0,125,-84.316
0.425,0,0,125,-84.3164
0.45,0,0,125,-84.3169
0.475,0,0,125,-84.3172
0.5,0,0,125,-84.3176
0.525,0,0,125,-84.318
0.55,0,0,125,-84.3184
0.575,0,0,125,-84.3187
0.6,0,0,125,-84.3191
0.625,0,0,125,-84.3194
0.65,0,0,125,-84.3198
0.675,0,0,125,-84.3201
0.7,0,0,125,-84.3204
0.725,0,0,125,-84.3208
0.75,0,0,125,-84.3211
0.775,0,0,125,-84.3214
0.8,0,0,125,-84.3218
0.825,0,0,125,-84.3221
0.85,0,0,125,-84.3225
0.875,0,0,125,-84.3228
0.9,0,0,125,-84.3232
0.925,0,0,125,-84.3236
0.95,0,0,125,-84.3239
0.975,0,0,125,-84.3243
1,0,0,125,-84.3247
1.025,0,0,125,-84.3252
1.05,0,0,125,-84.3256
1.075,0,0,125,-84.326
1.1,0,0,125,-84.3263
1.125,0,0,125,-84.3267
1.15,0,0,125,-84.3271
1.175,0,0,125,-84.3274
1.2,0,0,125,-84.3278
1.225,0,0,125,-84.3282
1.25,0,0,125,-84.3286
1.275,0,0,125,-84.329
1.3,0,0,125,-84.3294
1.325,0,0,125,-84.3298
1.35,0,0,125,-84.3302
1.375,0,0,125,-84.3306
1.4,0,0,125,-84.331
1.425,0,0,125,-84.3315
1.45,0,0,125,-84.3319
1.475,0,0,125,-84.3324
1.5,0,0,125,-84.3329
1.525,0,0,125,-84.3334
1.55,0,0,125,-84.3339
1.575,0,0,125,-84.3345
1.6,0,0,125,-84.335
1.625,0,0,125,-84.3356
1.65,0,0,125,-84.3362
1.675,0,0,125,-84.3368
1.7,0,0,125,-84.3374
1.725,0,0,125,-84.338
1.75,0,0,125,-84.3387
1.775,0,0,125,-84.3393
1.8,0,0,125,-84.34
1.825,0,0,125,-84.3407
1.85,0,0,125,-84.3414
1.875,0,0,125,-84.3421
1.9,0,0,125,-84.3429
1.925,0,0,125,-84.3436
1.95,0,0,125,-84.3444
1.975,0,0,125,-84.3452
2,0,0,125,-84.346
2.025,0,0,125,-84.3468
2.05,0,0,125,-84.3476
2.075,0,0,125,-84.3484
2.1,0,0,125,-84.3493
2.125,0,0,125,-84.3501
2.15,0,0,125,-84.351
2.175,0,0,125,-84.3519
2.2,0,0,125,-84.3528
2.225,0,0,125,-84.3537
2.25,0,0,125,-84.3546
2.275,0,0,125,-84.3556
2.3,0,0,125,-84.3565
2.325,0,0,125,-84.3575
2.35,0,0,125,-84.3586
2.375,0,0,125,-84.3596
2.4,0,0,125,-84.3607
2.425,0,0,125,-84.3618
2.45,0,0,125,-84.3629
2.475,0,0,125,-84.3641
2.5,0,0,125,-84.3653
2.525,0,0,125,-84.3665
2.55,0,0,125,-84.3677
2.575,0,0,125,-84.3689
2.6,0,0,125,-84.3702
2.625,0,0,125,-84.3714
2.65,0,0,125,-84.3727
2.675,0,0,125,-84.374
2.7,0,0,125,-84.3752
2.725,0,0,125,-84.3765
2.75,0,0,125,-84.3778
2.775,0,0,125,-84.3791
2.8,0,0,125,-84.3805
2.825,0,0,125,-84.3818
2.85,0,0,125,-84.3831
2.875,0,0,125,-84.3845
2.9,0,0,125,-84.3859
2.925,0,0,125,-84.3872
2.95,0,0,125,-84.3886
2.975,0,0,125,-84.39
3,0,0,125,-84.3914
3.025,0,0,125,-84.3928
3.05,0,0,125,-84.3942
3.075,0,0,125,-84.3956
3.1,0,0,125,-84.3971
3.125,0,0,125,-84.3985
3.15,0,0,125,-84.4
3.175,0,0,125,-84.4014
3.2,0,0,125,-84.4028
3.225,0,0,125,-84.4042
3.25,0,0,125,-84.4056
3.275,0,0,125,-84.407
3.3,0,0,125,-84.4084
3.325,0,0,125,-84.4097
3.35,0,0,125,-84.4111
3.375,0,0,125,-84.4125
3.4,0,0,125,-84.4138
3.425,0,0,125,-84.4151
3.45,0,0,125,-84.4164
3.475,0,0,125,-84.4177
3.5,0,0,125,-84.419
3.525,0,0,125,-84.4202
3.55,0,0,125,-84.4214
3.575,0,0,125,-84.4226
3.6,0,0,125,-84.4237
3.625,0,0,125,-84.4248
3.65,0,0,125,-84.4259
3.675,0,0,125,-84.427
3.7,0,0,125,-84.428
3.725,0,0,125,-84.429
3.75,0,0,125,-84.4299
3.775,0,0,125,-84.4309
3.8,0,0,125,-84.4318
3.825,0,0,125,-84.4326
3.85,0,0,125,-84.4335
3.875,0,0,125,-84.4343
3.9,0,0,125,-84.435
3.925,0,0,125,-84.4358
3.95,0,0,125,-84.4365
3.975,0,0,125,-84.4372
4,0,0,125,-84.4378
4.025,0,0,125,-84.4384
4.05,0,0,125,-84.439
4.075,0,0,125,-84.4396
4.1,0,0,125,-84.4401
4.125,0,0,125,-84.4406
4.15,0,0,125,-84.4411
4.175,0,0,125,-84.4416
4.2,0,0,125,-84.442
4.225,0,0,125,-84.4424
4.25,0,0,125,-84.4428
4.275,0,0,125,-84.4431
4.3,0,0,125,-84.4435
4.325,0,0,125,-84.4438
4.35,0,0,125,-84.4442
4.375,0,0,125,-84.4445
4.4,0,0,125,-84.4448
4.425,0,0,125,-84.4451
4.45,0,0,125,-84.4454
4.475,0,0,125,-84.4456
4.5,0,0,125,-84.4459
4.525,0,0,125,-84.4461
4.55,0,0,125,-84.4463
4.575,0,0,125,-84.4465
4.6,0,0,125,-84.4467
4.625,0,0,125,-84.4468
4.65,0,0,125,-84.447
4.675,0,0,125,-84.4471
4.7,0,0,125,-84.4473
4.725,0,0,125,-84.4474
4.75,0,0,125,-84.4475
4.775,0,0,125,-84.4476
4.8,0,0,125,-84.4477
4.825,0,0,125,-84.4478
4.85,0,0,125,-84.4478
4.875,0,0,125,-84.4479
4.9,0,0,125,-84.4479
4.925,0,0,125,-84.4479
4.95,0,0,125,-84.4479
4.975,0,0,125,-84.4479
5,0,0,125,-84.4479
