0,0,0,125,-9.77148
0.025,0,0,125,-9.77677
0.05,0,0,125,-9.78736
0.075,0,0,125,-9.80326
0.1,0,0,125,-9.82451
0.125,0,0,125,-9.85117
0.15,0,0,125,-9.8833
0.175,0,0,125,-9.92093
0.2,0,0,125,-9.96403
0.225,0,0,125,-10.0126
0.25,0,0,125,-10.0664
0.275,0,0,125,-10.1256
0.3,0,0,125,-10.19
0.325,0,0,125,-10.2596
0.35,0,0,125,-10.3343
0.375,0,0,125,-10.4141
0.4,0,0,125,-10.4988
0.425,0,0,125,-10.5885
0.45,0,0,125,-10.6831
0.475,0,0,125,-10.7825
0.5,0,0,125,-10.8868
0.525,0,0,125,-10.996
0.55,0,0,125,-11.11
0.575,0,0,125,-11.2288
0.6,0,0,125,-11.3525
0.625,0,0,125,-11.481
0.65,0,0,125,-11.6145
0.675,0,0,125,-11.7528
0.7,0,0,125,-11.8962
0.725,0,0,125,-12.0445
0.75,0,0,125,-12.198
0.775,0,0,125,-12.3567
0.8,0,0,125,-12.5206
0.825,0,0,125,-12.6898
0.85,0,0,125,-12.8645
0.875,0,0,125,-13.0448
0.9,0,0,125,-13.2308
0.925,0,0,125,-13.4227
0.95,0,0,125,-13.6205
0.975,0,0,125,-13.8245
1,0,0,125,-14.0348
1.025,0,0,125,-14.2515
1.05,0,0,125,-14.475
1.075,0,0,125,-14.7053
1.1,0,0,125,-14.9428
1.125,0,0,125,-15.1875
1.15,0,0,125,-15.4399
1.175,0,0,125,-15.7
1.2,0,0,125,-15.9682
1.225,0,0,125,-16.2447
1.25,0,0,125,-16.5298
1.275,0,0,125,-16.8239
1.3,0,0,125,-17.1271
1.325,0,0,125,-17.4399
1.35,0,0,125,-17.7625
1.375,0,0,125,-18.0954
1.4,0,0,125,-18.4387
1.425,0,0,125,-18.793
1.45,0,0,125,-19.1586
1.475,0,0,125,-19.5358
1.5,0,0,125,-19.9251
1.525,0,0,125,-20.3268
1.55,0,0,125,-20.7415
1.575,0,0,125,-21.1694
1.6,0,0,125,-21.6111
1.625,0,0,125,-22.0669
1.65,0,0,125,-22.5374
1.675,0,0,125,-23.0231
1.7,0,0,125,-23.5243
1.725,0,0,125,-24.0416
1.75,0,0,125,-24.5754
1.775,0,0,125,-25.1264
1.8,0,0,125,-25.695
1.825,0,0,125,-26.2817
1.85,0,0,125,-26.887
1.875,0,0,125,-27.5116
1.9,0,0,125,-28.1559
1.925,0,0,125,-28.8206
1.95,0,0,125,-29.5061
1.975,0,0,125,-30.213
2,0,0,125,-30.942
2.025,0,0,125,-31.6934
2.05,0,0,125,-32.4679
2.075,0,0,125,-33.2658
2.1,0,0,125,-34.0877
2.125,0,0,125,-34.934
2.15,0,0,125,-35.8048
2.175,0,0,125,-36.7004
2.2,0,0,125,-37.621
2.225,0,0,125,-38.5665
2.25,0,0,125,-39.5366
2.275,0,0,125,-40.5311
2.3,0,0,125,-41.5493
2.325,0,0,125,-42.5906
2.35,0,0,125,-43.6538
2.375,0,0,125,-44.7377
2.4,0,0,125,-45.8408
2.425,0,0,125,-46.9614
2.45,0,0,125,-48.0974
2.475,0,0,125,-49.2466
2.5,0,0,125,-50.4064
2.525,0,0,125,-51.5743
2.55,0,0,125,-52.7472
2.575,0,0,125,-53.9221
2.6,0,0,125,-55.0958
2.625,0,0,125,-56.2652
2.65,0,0,125,-57.4268
2.675,0,0,125,-58.5774
2.7,0,0,125,-59.7137
2.725,0,0,125,-60.8326
2.75,0,0,125,-61.9311
2.775,0,0,125,-63.0064
2.8,0,0,125,-64.0558
2.825,0,0,125,-65.0769
2.85,0,0,125,-66.0677
2.875,0,0,125,-67.0263
2.9,0,0,125,-67.9512
2.925,0,0,125,-68.8411
2.95,0,0,125,-69.6951
2.975,0,0,125,-70.5126
3,0,0,125,-71.2931
3.025,0,0,125,-72.0366
3.05,0,0,125,-72.7432
3.075,0,0,125,-73.4134
3.1,0,0,125,-74.0475
3.125,0,0,125,-74.6465
3.15,0,0,125,-75.2112
3.175,0,0,125,-75.7427
3.2,0,0,125,-76.242
3.225,0,0,125,-76.7103
3.25,0,0,125,-77.149
3.275,0,0,125,-77.5594
3.3,0,0,125,-77.9427
3.325,0,0,125,-78.3005
3.35,0,0,125,-78.6339
3.375,0,0,125,-78.9443
3.4,0,0,125,-79.2331
3.425,0,0,125,-79.5015
3.45,0,0,125,-79.7507
3.475,0,0,125,-79.982
3.5,0,0,125,-80.1964
3.525,0,0,125,-80.3952
3.55,0,0,125,-80.5792
3.575,0,0,125,-80.7496
3.6,0,0,125,-80.9072
3.625,0,0,125,-81.0529
3.65,0,0,125,-81.1876
3.675,0,0,125,-81.312
3.7,0,0,125,-81.427
3.725,0,0,125,-81.5331
3.75,0,0,125,-81.631
3.775,0,0,125,-81.7213
3.8,0,0,125,-81.8045
3.825,0,0,125,-81.8813
3.85,0,0,125,-81.952
3.875,0,0,125,-82.0171
3.9,0,0,125,-82.0771
3.925,0,0,125,-82.1323
3.95,0,0,125,-82.183
3.975,0,0,125,-82.2296
4,0,0,125,-82.2724
4.025,0,0,125,-82.3117
4.05,0,0,125,-82.3478
4.075,0,0,125,-82.3808
4.1,0,0,125,-82.411
4.125,0,0,125,-82.4386
4.15,0,0,125,-82.4638
4.175,0,0,125,-82.4868
4.2,0,0,125,-82.5077
4.225,0,0,125,-82.5267
4.25,0,0,125,-82.544
4.275,0,0,125,-82.5595
4.3,0,0,125,-82.5735
4.325,0,0,125,-82.5861
4.35,0,0,125,-82.5974
4.375,0,0,125,-82.6074
4.4,0,0,125,-82.6163
4.425,0,0,125,-82.6241
4.45,0,0,125,-82.631
4.475,0,0,125,-82.6369
4.5,0,0,125,-82.6419
4.525,0,0,125,-82.6462
4.55,0,0,125,-82.6497
4.575,0,0,125,-82.6526
4.6,0,0,125,-82.6549
4.625,0,0,125,-82.6565
4.65,0,0,125,-82.6577
4.675,0,0,125,-82.6583
4.7,0,0,125,-82.6585
4.725,0,0,125,-82.6584
4.75,0,0,125,-82.6579
4.775,0,0,125,-82.6571
4.8,0,0,125,-82.656
4.825,0,0,125,-82.6548
4.85,0,0,125,-82.6534
4.875,0,0,125,-82.6519
4.9,0,0,125,-82.6504
4.925,0,0,125,-82.6491
4.95,0,0,125,-82.648
4.975,0,0,125,-82.6472
5,0,0,125,-82.6468
