0,0,0,125,-84.4214
0.025,0,0,125,-84.4214
0.05,0,0,125,-84.4215
0.075,0,0,125,-84.4216
0.1,0,0,125,-84.4217
0.125,0,0,125,-84.4219
0.15,0,0,125,-84.4221
0.175,0,0,125,-84.4223
0.2,0,0,125,-84.4225
0.225,0,0,125,-84.4227
0.25,0,0,125,-84.423
0.275,0,0,125,-84.4233
0.3,0,0,125,-84.4235
0.325,0,0,125,-84.4238
0.35,0,0,125,-84.4241
0.375,0,0,125,-84.4243
0.4,0,0,125,-84.4246
0.425,0,0,125,-84.4248
0.45,0,0,125,-84.425
0.475,0,0,125,-84.4252
0.5,0,0,125,-84.4254
0.525,0,0,125,-84.4256
0.55,0,0,125,-84.4258
0.575,0,0,125,-84.426
0.6,0,0,125,-84.4262
0.625,0,0,125,-84.4264
0.65,0,0,125,-84.4266
0.675,0,0,125,-84.4267
0.7,0,0,125,-84.4269
0.725,0,0,125,-84.4271
0.75,0,0,125,-84.4273
0.775,0,0,125,-84.4274
0.8,0,0,125,-84.4276
0.825,0,0,125,-84.4278
0.85,0,0,125,-84.428
0.875,0,0,125,-84.4282
0.9,0,0,125,-84.4283
0.925,0,0,125,-84.4285
0.95,0,0,125,-84.4287
0.975,0,0,125,-84.4289
1,0,0,125,-84.4291
1.025,0,0,125,-84.4293
1.05,0,0,125,-84.4295
1.075,0,0,125,-84.4297
1.1,0,0,125,-84.4299
1.125,0,0,125,-84.4301
1.15,0,0,125,-84.4303
1.175,0,0,125,-84.4305
1.2,0,0,125,-84.4307
1.225,0,0,125,-84.4309
1.25,0,0,125,-84.4311
1.275,0,0,125,-84.4314
1.3,0,0,125,-84.4316
1.325,0,0,125,-84.4318
1.35,0,0,125,-84.4321
1.375,0,0,125,-84.4323
1.4,0,0,125,-84.4326
1.425,0,0,125,-84.4328
1.45,0,0,125,-84.4331
1.475,0,0,125,-84.4334
1.5,0,0,125,-84.4336
1.525,0,0,125,-84.4339
1.55,0,0,125,-84.4342
1.575,0,0,125,-84.4345
1.6,0,0,125,-84.4347
1.625,0,0,125,-84.435
1.65,0,0,125,-84.4353
1.675,0,0,125,-84.4356
1.7,0,0,125,-84.4359
1.725,0,0,125,-84.4363
1.75,0,0,125,-84.4366
1.775,0,0,125,-84.4369
1.8,0,0,125,-84.4373
1.825,0,0,125,-84.4376
1.85,0,0,125,-84.438
1.875,0,0,125,-84.4383
1.9,0,0,125,-84.4387
1.925,0,0,125,-84.4391
1.95,0,0,125,-84.4395
1.975,0,0,125,-84.44
2,0,0,125,-84.4404
2.025,0,0,125,-84.4409
2.05,0,0,125,-84.4414
2.075,0,0,125,-84.4419
2.1,0,0,125,-84.4424
2.125,0,0,125,-84.4429
2.15,0,0,125,-84.4434
2.175,0,0,125,-84.4439
2.2,0,0,125,-84.4445
2.225,0,0,125,-84.445
2.25,0,0,125,-84.4456
2.275,0,0,125,-84.4462
2.3,0,0,125,-84.4468
2.325,0,0,125,-84.4474
2.35,0,0,125,-84.448
2.375,0,0,125,-84.4486
2.4,0,0,125,-84.4492
2.425,0,0,125,-84.4499
2.45,0,0,125,-84.4505
2.475,0,0,125,-84.4512
2.5,0,0,125,-84.4519
2.525,0,0,125,-84.4525
2.55,0,0,125,-84.4532
2.575,0,0,125,-84.4539
2.6,0,0,125,-84.4547
2.625,0,0,125,-84.4554
2.65,0,0,125,-84.4561
2.675,0,0,125,-84.4569
2.7,0,0,125,-84.4576
2.725,0,0,125,-84.4584
2.75,0,0,125,-84.4591
2.775,0,0,125,-84.4599
2.8,0,0,125,-84.4607
2.825,0,0,125,-84.4615
2.85,0,0,125,-84.4623
2.875,0,0,125,-84.4632
2.9,0,0,125,-84.464
2.925,0,0,125,-84.4648
2.95,0,0,125,-84.4657
2.975,0,0,125,-84.4665
3,0,0,125,-84.4674
3.025,0,0,125,-84.4683
3.05,0,0,125,-84.4692
3.075,0,0,125,-84.47
3.1,0,0,125,-84.4709
3.125,0,0,125,-84.4718
3.15,0,0,125,-84.4726
3.175,0,0,125,-84.4735
3.2,0,0,125,-84.4744
3.225,0,0,125,-84.4752
3.25,0,0,125,-84.4761
3.275,0,0,125,-84.4769
3.3,0,0,125,-84.4777
3.325,0,0,125,-84.4785
3.35,0,0,125,-84.4793
3.375,0,0,125,-84.4801
3.4,0,0,125,-84.4809
3.425,0,0,125,-84.4817
3.45,0,0,125,-84.4824
3.475,0,0,125,-84.4832
3.5,0,0,125,-84.4839
3.525,0,0,125,-84.4846
3.55,0,0,125,-84.4853
3.575,0,0,125,-84.486
3.6,0,0,125,-84.4867
3.625,0,0,125,-84.4873
3.65,0,0,125,-84.4879
3.675,0,0,125,-84.4886
3.7,0,0,125,-84.4891
3.725,0,0,125,-84.4897
3.75,0,0,125,-84.4903
3.775,0,0,125,-84.4908
3.8,0,0,125,-84.4913
3.825,0,0,125,-84.4918
3.85,0,0,125,-84.4923
3.875,0,0,125,-84.4928
3.9,0,0,125,-84.4932
3.925,0,0,125,-84.4937
3.95,0,0,125,-84.4941
3.975,0,0,125,-84.4945
4,0,0,125,-84.4949
4.025,0,0,125,-84.4952
4.05,0,0,125,-84.4956
4.075,0,0,125,-84.4959
4.1,0,0,125,-84.4962
4.125,0,0,125,-84.4965
4.15,0,0,125,-84.4968
4.175,0,0,125,-84.4972
4.2,0,0,125,-84.4974
4.225,0,0,125,-84.4977
4.25,0,0,125,-84.498
4.275,0,0,125,-84.4983
4.3,0,0,125,-84.4985
4.325,0,0,125,-84.4987
4.35,0,0,125,-84.499
4.375,0,0,125,-84.4992
4.4,0,0,125,-84.4994
4.425,0,0,125,-84.4996
4.45,0,0,125,-84.4998
4.475,0,0,125,-84.5
4.5,0,0,125,-84.5002
4.525,0,0,125,-84.5003
4.55,0,0,125,-84.5005
4.575,0,0,125,-84.5006
4.6,0,0,125,-84.5008
4.625,0,0,125,-84.5009
4.65,0,0,125,-84.501
4.675,0,0,125,-84.5011
4.7,0,0,125,-84.5012
4.725,0,0,125,-84.5013
4.75,0,0,125,-84.5014
4.775,0,0,125,-84.5015
4.8,0,0,125,-84.5015
4.825,0,0,125,-84.5016
4.85,0,0,125,-84.5016
4.875,0,0,125,-84.5016
4.9,0,0,125,-84.5017
4.925,0,0,125,-84.5017
4.95,0,0,125,-84.5017
4.975,0,0,125,-84.5017
5,0,0,125,-84.5017
