0,0,0,125,8.07101
0.025,0,0,125,8.07449
0.05,0,0,125,8.08131
0.075,0,0,125,8.09122
0.1,0,0,125,8.10383
0.125,0,0,125,8.11869
0.15,0,0,125,8.13538
0.175,0,0,125,8.15353
0.2,0,0,125,8.17292
0.225,0,0,125,8.19342
0.25,0,0,125,8.21492
0.275,0,0,125,8.23733
0.3,0,0,125,8.26056
0.325,0,0,125,8.28454
0.35,0,0,125,8.30921
0.375,0,0,125,8.3345
0.4,0,0,125,8.36036
0.425,0,0,125,8.38674
0.45,0,0,125,8.41359
0.475,0,0,125,8.44087
0.5,0,0,125,8.46855
0.525,0,0,125,8.49658
0.55,0,0,125,8.52495
0.575,0,0,125,8.55362
0.6,0,0,125,8.58256
0.625,0,0,125,8.61175
0.65,0,0,125,8.64117
0.675,0,0,125,8.6708
0.7,0,0,125,8.70062
0.725,0,0,125,8.73061
0.75,0,0,125,8.76076
0.775,0,0,125,8.79105
0.8,0,0,125,8.82148
0.825,0,0,125,8.85203
0.85,0,0,125,8.88268
0.875,0,0,125,8.91343
0.9,0,0,125,8.94427
0.925,0,0,125,8.97519
0.95,0,0,125,9.00617
0.975,0,0,125,9.03722
1,0,0,125,9.06832
1.025,0,0,125,9.09947
1.05,0,0,125,9.13066
1.075,0,0,125,9.16189
1.1,0,0,125,9.19315
1.125,0,0,125,9.22443
1.15,0,0,125,9.25574
1.175,0,0,125,9.28707
1.2,0,0,125,9.31841
1.225,0,0,125,9.34976
1.25,0,0,125,9.38112
1.275,0,0,125,9.41249
1.3,0,0,125,9.44385
1.325,0,0,125,9.47522
1.35,0,0,125,9.50659
1.375,0,0,125,9.53795
1.4,0,0,125,9.5693
1.425,0,0,125,9.60065
1.45,0,0,125,9.63198
1.475,0,0,125,9.66331
1.5,0,0,125,9.69462
1.525,0,0,125,9.72591
1.55,0,0,125,9.75719
1.575,0,0,125,9.78846
1.6,0,0,125,9.8197
1.625,0,0,125,9.85092
1.65,0,0,125,9.88212
1.675,0,0,125,9.9133
1.7,0,0,125,9.94446
1.725,0,0,125,9.9756
1.75,0,0,125,10.0067
1.775,0,0,125,10.0378
1.8,0,0,125,10.0689
1.825,0,0,125,10.0999
1.85,0,0,125,10.1309
1.875,0,0,125,10.1619
1.9,0,0,125,10.1928
1.925,0,0,125,10.2238
1.95,0,0,125,10.2547
1.975,0,0,125,10.2855
2,0,0,125,10.3164
2.025,0,0,125,10.3472
2.05,0,0,125,10.378
2.075,0,0,125,10.4087
2.1,0,0,125,10.4394
2.125,0,0,125,10.4701
2.15,0,0,125,10.5008
2.175,0,0,125,10.5314
2.2,0,0,125,10.562
2.225,0,0,125,10.5925
2.25,0,0,125,10.6231
2.275,0,0,125,10.6536
2.3,0,0,125,10.684
2.325,0,0,125,10.7145
2.35,0,0,125,10.7449
2.375,0,0,125,10.7752
2.4,0,0,125,10.8056
2.425,0,0,125,10.8359
2.45,0,0,125,10.8661
2.475,0,0,125,10.8964
2.5,0,0,125,10.9266
2.525,0,0,125,10.9567
2.55,0,0,125,10.9869
2.575,0,0,125,11.017
2.6,0,0,125,11.047
2.625,0,0,125,11.077
2.65,0,0,125,11.107
2.675,0,0,125,11.137
2.7,0,0,125,11.1669
2.725,0,0,125,11.1968
2.75,0,0,125,11.2267
2.775,0,0,125,11.2565
2.8,0,0,125,11.2863
2.825,0,0,125,11.3161
2.85,0,0,125,11.3458
2.875,0,0,125,11.3755
2.9,0,0,125,11.4052
2.925,0,0,125,11.4348
2.95,0,0,125,11.4644
2.975,0,0,125,11.4939
3,0,0,125,11.5234
3.025,0,0,125,11.5529
3.05,0,0,125,11.5824
3.075,0,0,125,11.6118
3.1,0,0,125,11.6412
3.125,0,0,125,11.6705
3.15,0,0,125,11.6998
3.175,0,0,125,11.7291
3.2,0,0,125,11.7583
3.225,0,0,125,11.7875
3.25,0,0,125,11.8167
3.275,0,0,125,11.8458
3.3,0,0,125,11.8749
3.325,0,0,125,11.904
3.35,0,0,125,11.933
3.375,0,0,125,11.962
3.4,0,0,125,11.991
3.425,0,0,125,12.0199
3.45,0,0,125,12.0488
3.475,0,0,125,12.0776
3.5,0,0,125,12.1064
3.525,0,0,125,12.1352
3.55,0,0,125,12.1639
3.575,0,0,125,12.1926
3.6,0,0,125,12.2212
3.625,0,0,125,12.2498
3.65,0,0,125,12.2784
3.675,0,0,125,12.3069
3.7,0,0,125,12.3353
3.725,0,0,125,12.3637
3.75,0,0,125,12.3921
3.775,0,0,125,12.4204
3.8,0,0,125,12.4487
3.825,0,0,125,12.4769
3.85,0,0,125,12.505
3.875,0,0,125,12.5331
3.9,0,0,125,12.5611
3.925,0,0,125,12.589
3.95,0,0,125,12.6168
3.975,0,0,125,12.6446
4,0,0,125,12.6723
4.025,0,0,125,12.6999
4.05,0,0,125,12.7274
4.075,0,0,125,12.7547
4.1,0,0,125,12.782
4.125,0,0,125,12.8091
4.15,0,0,125,12.8361
4.175,0,0,125,12.863
4.2,0,0,125,12.8897
4.225,0,0,125,12.9162
4.25,0,0,125,12.9425
4.275,0,0,125,12.9686
4.3,0,0,125,12.9946
4.325,0,0,125,13.0202
4.35,0,0,125,13.0456
4.375,0,0,125,13.0708
4.4,0,0,125,13.0956
4.425,0,0,125,13.1201
4.45,0,0,125,13.1442
4.475,0,0,125,13.1679
4.5,0,0,125,13.1911
4.525,0,0,125,13.2139
4.55,0,0,125,13.2362
4.575,0,0,125,13.2579
4.6,0,0,125,13.279
4.625,0,0,125,13.2995
4.65,0,0,125,13.3192
4.675,0,0,125,13.3382
4.7,0,0,125,13.3563
4.725,0,0,125,13.3735
4.75,0,0,125,13.3897
4.775,0,0,125,13.4049
4.8,0,0,125,13.419
4.825,0,0,125,13.4319
4.85,0,0,125,13.4434
4.875,0,0,125,13.4536
4.9,0,0,125,13.4623
4.925,0,0,125,13.4694
4.95,0,0,125,13.4748
4.975,0,0,125,13.4785
5,0,0,125,13.4803
