0,0,0,125,-3.1394
0.025,0,0,125,-3.13577
0.05,0,0,125,-3.12865
0.075,0,0,125,-3.11825
0.1,0,0,125,-3.10492
0.125,0,0,125,-3.08907
0.15,0,0,125,-3.07107
0.175,0,0,125,-3.05125
0.2,0,0,125,-3.02982
0.225,0,0,125,-3.00689
0.25,0,0,125,-2.9826
0.275,0,0,125,-2.95702
0.3,0,0,125,-2.93025
0.325,0,0,125,-2.90238
0.35,0,0,125,-2.87348
0.375,0,0,125,-2.84362
0.4,0,0,125,-2.81286
0.425,0,0,125,-2.78127
0.45,0,0,125,-2.74891
0.475,0,0,125,-2.71584
0.5,0,0,125,-2.68209
0.525,0,0,125,-2.64773
0.55,0,0,125,-2.61278
0.575,0,0,125,-2.57729
0.6,0,0,125,-2.54129
0.625,0,0,125,-2.50482
0.65,0,0,125,-2.46793
0.675,0,0,125,-2.43062
0.7,0,0,125,-2.39295
0.725,0,0,125,-2.35493
0.75,0,0,125,-2.31659
0.775,0,0,125,-2.27795
0.8,0,0,125,-2.23903
0.825,0,0,125,-2.19984
0.85,0,0,125,-2.16042
0.875,0,0,125,-2.12078
0.9,0,0,125,-2.08094
0.925,0,0,125,-2.0409
0.95,0,0,125,-2.0007
0.975,0,0,125,-1.96034
1,0,0,125,-1.91983
1.025,0,0,125,-1.87919
1.05,0,0,125,-1.83843
1.075,0,0,125,-1.79756
1.1,0,0,125,-1.7566
1.125,0,0,125,-1.71554
1.15,0,0,125,-1.6744
1.175,0,0,125,-1.63319
1.2,0,0,125,-1.59192
1.225,0,0,125,-1.5506
1.25,0,0,125,-1.50923
1.275,0,0,125,-1.46782
1.3,0,0,125,-1.42638
1.325,0,0,125,-1.38491
1.35,0,0,125,-1.34341
1.375,0,0,125,-1.3019
1.4,0,0,125,-1.26037
1.425,0,0,125,-1.21883
1.45,0,0,125,-1.17729
1.475,0,0,125,-1.13574
1.5,0,0,125,-1.0942
1.525,0,0,125,-1.05265
1.55,0,0,125,-1.01112
1.575,0,0,125,-0.969597
1.6,0,0,125,-0.928086
1.625,0,0,125,-0.886591
1.65,0,0,125,-0.845113
1.675,0,0,125,-0.803656
1.7,0,0,125,-0.76222
1.725,0,0,125,-0.720809
1.75,0,0,125,-0.679423
1.775,0,0,125,-0.638065
1.8,0,0,125,-0.596736
1.825,0,0,125,-0.555438
1.85,0,0,125,-0.514172
1.875,0,0,125,-0.472938
1.9,0,0,125,-0.431738
1.925,0,0,125,-0.390574
1.95,0,0,125,-0.349446
1.975,0,0,125,-0.308355
2,0,0,125,-0.267302
2.025,0,0,125,-0.226288
2.05,0,0,125,-0.185313
2.075,0,0,125,-0.144379
2.1,0,0,125,-0.103485
2.125,0,0,125,-0.0626337
2.15,0,0,125,-0.0218241
2.175,0,0,125,0.0189428
2.2,0,0,125,0.0596665
2.225,0,0,125,0.100347
2.25,0,0,125,0.140984
2.275,0,0,125,0.181577
2.3,0,0,125,0.222126
2.325,0,0,125,0.26263
2.35,0,0,125,0.30309
2.375,0,0,125,0.343505
2.4,0,0,125,0.383874
2.425,0,0,125,0.424199
2.45,0,0,125,0.464477
2.475,0,0,125,0.50471
2.5,0,0,125,0.544897
2.525,0,0,125,0.585037
2.55,0,0,125,0.625132
2.575,0,0,125,0.66518
2.6,0,0,125,0.705182
2.625,0,0,125,0.745136
2.65,0,0,125,0.785044
2.675,0,0,125,0.824906
2.7,0,0,125,0.86472
2.725,0,0,125,0.904487
2.75,0,0,125,0.944206
2.775,0,0,125,0.983878
2.8,0,0,125,1.0235
2.825,0,0,125,1.06308
2.85,0,0,125,1.1026
2.875,0,0,125,1.14208
2.9,0,0,125,1.18151
2.925,0,0,125,1.22089
2.95,0,0,125,1.26023
2.975,0,0,125,1.29951
3,0,0,125,1.33874
3.025,0,0,125,1.37792
3.05,0,0,125,1.41705
3.075,0,0,125,1.45613
3.1,0,0,125,1.49516
3.125,0,0,125,1.53414
3.15,0,0,125,1.57306
3.175,0,0,125,1.61193
3.2,0,0,125,1.65075
3.225,0,0,125,1.68951
3.25,0,0,125,1.72822
3.275,0,0,125,1.76688
3.3,0,0,125,1.80547
3.325,0,0,125,1.84401
3.35,0,0,125,1.88249
3.375,0,0,125,1.92091
3.4,0,0,125,1.95927
3.425,0,0,125,1.99757
3.45,0,0,125,2.0358
3.475,0,0,125,2.07397
3.5,0,0,125,2.11207
3.525,0,0,125,2.1501
3.55,0,0,125,2.18806
3.575,0,0,125,2.22595
3.6,0,0,125,2.26376
3.625,0,0,125,2.30149
3.65,0,0,125,2.33914
3.675,0,0,125,2.3767
3.7,0,0,125,2.41418
3.725,0,0,125,2.45157
3.75,0,0,125,2.48886
3.775,0,0,125,2.52604
3.8,0,0,125,2.56313
3.825,0,0,125,2.6001
3.85,0,0,125,2.63696
3.875,0,0,125,2.6737
3.9,0,0,125,2.71031
3.925,0,0,125,2.74678
3.95,0,0,125,2.78311
3.975,0,0,125,2.81929
4,0,0,125,2.85531
4.025,0,0,125,2.89116
4.05,0,0,125,2.92683
4.075,0,0,125,2.96231
4.1,0,0,125,2.99758
4.125,0,0,125,3.03263
4.15,0,0,125,3.06746
4.175,0,0,125,3.10203
4.2,0,0,125,3.13635
4.225,0,0,125,3.17038
4.25,0,0,125,3.20411
4.275,0,0,125,3.23752
4.3,0,0,125,3.27059
4.325,0,0,125,3.30328
4.35,0,0,125,3.33557
4.375,0,0,125,3.36742
4.4,0,0,125,3.39882
4.425,0,0,125,3.42971
4.45,0,0,125,3.46008
4.475,0,0,125,3.48987
4.5,0,0,125,3.51904
4.525,0,0,125,3.54756
4.55,0,0,125,3.57536
4.575,0,0,125,3.6024
4.6,0,0,125,3.62862
4.625,0,0,125,3.65396
4.65,0,0,125,3.67835
4.675,0,0,125,3.70173
4.7,0,0,125,3.72403
4.725,0,0,125,3.74516
4.75,0,0,125,3.76506
4.775,0,0,125,3.78362
4.8,0,0,125,3.80077
4.825,0,0,125,3.81641
4.85,0,0,125,3.83043
4.875,0,0,125,3.84275
4.9,0,0,125,3.85324
4.925,0,0,125,3.86181
4.95,0,0,125,3.86835
4.975,0,0,125,3.87277
5,0,0,125,3.87499
