0,0,0,125,-25.0698
0.025,0,0,125,-25.0789
0.05,0,0,125,-25.0971
0.075,0,0,125,-25.1244
0.1,0,0,125,-25.1609
0.125,0,0,125,-25.2067
0.15,0,0,125,-25.2618
0.175,0,0,125,-25.3262
0.2,0,0,125,-25.4
0.225,0,0,125,-25.4832
0.25,0,0,125,-25.5758
0.275,0,0,125,-25.6776
0.3,0,0,125,-25.7888
0.325,0,0,125,-25.9092
0.35,0,0,125,-26.0389
0.375,0,0,125,-26.1779
0.4,0,0,125,-26.3262
0.425,0,0,125,-26.4837
0.45,0,0,125,-26.6506
0.475,0,0,125,-26.8269
0.5,0,0,125,-27.0126
0.525,0,0,125,-27.2078
0.55,0,0,125,-27.4126
0.575,0,0,125,-27.6271
0.6,0,0,125,-27.8515
0.625,0,0,125,-28.0857
0.65,0,0,125,-28.3301
0.675,0,0,125,-28.5847
0.7,0,0,125,-28.8498
0.725,0,0,125,-29.1256
0.75,0,0,125,-29.4122
0.775,0,0,125,-29.71
0.8,0,0,125,-30.0192
0.825,0,0,125,-30.3401
0.85,0,0,125,-30.673
0.875,0,0,125,-31.0182
0.9,0,0,125,-31.3762
0.925,0,0,125,-31.7472
0.95,0,0,125,-32.1316
0.975,0,0,125,-32.53
1,0,0,125,-32.9426
1.025,0,0,125,-33.3701
1.05,0,0,125,-33.8127
1.075,0,0,125,-34.2711
1.1,0,0,125,-34.7457
1.125,0,0,125,-35.237
1.15,0,0,125,-35.7456
1.175,0,0,125,-36.2718
1.2,0,0,125,-36.8164
1.225,0,0,125,-37.3797
1.25,0,0,125,-37.9622
1.275,0,0,125,-38.5645
1.3,0,0,125,-39.1868
1.325,0,0,125,-39.8296
1.35,0,0,125,-40.4932
1.375,0,0,125,-41.1779
1.4,0,0,125,-41.8838
1.425,0,0,125,-42.6112
1.45,0,0,125,-43.3599
1.475,0,0,125,-44.1298
1.5,0,0,125,-44.9209
1.525,0,0,125,-45.7326
1.55,0,0,125,-46.5646
1.575,0,0,125,-47.4161
1.6,0,0,125,-48.2864
1.625,0,0,125,-49.1745
1.65,0,0,125,-50.0793
1.675,0,0,125,-50.9994
1.7,0,0,125,-51.9335
1.725,0,0,125,-52.8798
1.75,0,0,125,-53.8366
1.775,0,0,125,-54.8019
1.8,0,0,125,-55.7737
1.825,0,0,125,-56.7498
1.85,0,0,125,-57.7279
1.875,0,0,125,-58.7056
1.9,0,0,125,-59.6804
1.925,0,0,125,-60.65
1.95,0,0,125,-61.6119
1.975,0,0,125,-62.5636
2,0,0,125,-63.5028
2.025,0,0,125,-64.4271
2.05,0,0,125,-65.3344
2.075,0,0,125,-66.2227
2.1,0,0,125,-67.0899
2.125,0,0,125,-67.9343
2.15,0,0,125,-68.7545
2.175,0,0,125,-69.5489
2.2,0,0,125,-70.3165
2.225,0,0,125,-71.0563
2.25,0,0,125,-71.7675
2.275,0,0,125,-72.4497
2.3,0,0,125,-73.1024
2.325,0,0,125,-73.7255
2.35,0,0,125,-74.319
2.375,0,0,125,-74.8832
2.4,0,0,125,-75.4184
2.425,0,0,125,-75.925
2.45,0,0,125,-76.4038
2.475,0,0,125,-76.8555
2.5,0,0,125,-77.2807
2.525,0,0,125,-77.6806
2.55,0,0,125,-78.0559
2.575,0,0,125,-78.4077
2.6,0,0,125,-78.7371
2.625,0,0,125,-79.045
2.65,0,0,125,-79.3325
2.675,0,0,125,-79.6007
2.7,0,0,125,-79.8506
2.725,0,0,125,-80.0832
2.75,0,0,125,-80.2996
2.775,0,0,125,-80.5007
2.8,0,0,125,-80.6875
2.825,0,0,125,-80.8609
2.85,0,0,125,-81.0217
2.875,0,0,125,-81.1709
2.9,0,0,125,-81.3091
2.925,0,0,125,-81.4371
2.95,0,0,125,-81.5557
2.975,0,0,125,-81.6655
3,0,0,125,-81.7671
3.025,0,0,125,-81.8612
3.05,0,0,125,-81.9483
3.075,0,0,125,-82.0289
3.1,0,0,125,-82.1035
3.125,0,0,125,-82.1725
3.15,0,0,125,-82.2364
3.175,0,0,125,-82.2956
3.2,0,0,125,-82.3503
3.225,0,0,125,-82.4011
3.25,0,0,125,-82.448
3.275,0,0,125,-82.4916
3.3,0,0,125,-82.5319
3.325,0,0,125,-82.5693
3.35,0,0,125,-82.604
3.375,0,0,125,-82.6361
3.4,0,0,125,-82.666
3.425,0,0,125,-82.6936
3.45,0,0,125,-82.7193
3.475,0,0,125,-82.7432
3.5,0,0,125,-82.7653
3.525,0,0,125,-82.7859
3.55,0,0,125,-82.805
3.575,0,0,125,-82.8228
3.6,0,0,125,-82.8392
3.625,0,0,125,-82.8546
3.65,0,0,125,-82.8688
3.675,0,0,125,-82.882
3.7,0,0,125,-82.8942
3.725,0,0,125,-82.9056
3.75,0,0,125,-82.9161
3.775,0,0,125,-82.9259
3.8,0,0,125,-82.9349
3.825,0,0,125,-82.9433
3.85,0,0,125,-82.951
3.875,0,0,125,-82.958
3.9,0,0,125,-82.9646
3.925,0,0,125,-82.9705
3.95,0,0,125,-82.976
3.975,0,0,125,-82.981
4,0,0,125,-82.9855
4.025,0,0,125,-82.9896
4.05,0,0,125,-82.9932
4.075,0,0,125,-82.9965
4.1,0,0,125,-82.9994
4.125,0,0,125,-83.0019
4.15,0,0,125,-83.004
4.175,0,0,125,-83.0059
4.2,0,0,125,-83.0074
4.225,0,0,125,-83.0086
4.25,0,0,125,-83.0095
4.275,0,0,125,-83.0101
4.3,0,0,125,-83.0104
4.325,0,0,125,-83.0105
4.35,0,0,125,-83.0104
4.375,0,0,125,-83.01
4.4,0,0,125,-83.0093
4.425,0,0,125,-83.0085
4.45,0,0,125,-83.0074
4.475,0,0,125,-83.0062
4.5,0,0,125,-83.0047
4.525,0,0,125,-83.0031
4.55,0,0,125,-83.0014
4.575,0,0,125,-82.9994
4.6,0,0,125,-82.9974
4.625,0,0,125,-82.9952
4.65,0,0,125,-82.9929
4.675,0,0,125,-82.9905
4.7,0,0,125,-82.9881
4.725,0,0,125,-82.9855
4.75,0,0,125,-82.983
4.775,0,0,125,-82.9804
4.8,0,0,125,-82.9778
4.825,0,0,125,-82.9752
4.85,0,0,125,-82.9727
4.875,0,0,125,-82.9703
4.9,0,0,125,-82.9682
4.925,0,0,125,-82.9663
4.95,0,0,125,-82.9648
4.975,0,0,125,-82.9637
5,0,0,125,-82.9632
