0,0,0,125,-80.7876
0.025,0,0,125,-80.7834
0.05,0,0,125,-80.7749
0.075,0,0,125,-80.7619
0.1,0,0,125,-80.7444
0.125,0,0,125,-80.7219
0.15,0,0,125,-80.694
0.175,0,0,125,-80.6604
0.2,0,0,125,-80.6206
0.225,0,0,125,-80.5739
0.25,0,0,125,-80.5198
0.275,0,0,125,-80.4576
0.3,0,0,125,-80.3867
0.325,0,0,125,-80.3064
0.35,0,0,125,-80.2157
0.375,0,0,125,-80.1141
0.4,0,0,125,-80.0004
0.425,0,0,125,-79.8739
0.45,0,0,125,-79.7334
0.475,0,0,125,-79.5779
0.5,0,0,125,-79.4063
0.525,0,0,125,-79.2172
0.55,0,0,125,-79.0093
0.575,0,0,125,-78.7812
0.6,0,0,125,-78.5314
0.625,0,0,125,-78.2583
0.65,0,0,125,-77.9601
0.675,0,0,125,-77.6351
0.7,0,0,125,-77.2814
0.725,0,0,125,-76.897
0.75,0,0,125,-76.4799
0.775,0,0,125,-76.028
0.8,0,0,125,-75.539
0.825,0,0,125,-75.0109
0.85,0,0,125,-74.4413
0.875,0,0,125,-73.8281
0.9,0,0,125,-73.169
0.925,0,0,125,-72.4621
0.95,0,0,125,-71.7052
0.975,0,0,125,-70.8966
1,0,0,125,-70.0346
1.025,0,0,125,-69.1177
1.05,0,0,125,-68.145
1.075,0,0,125,-67.1156
1.1,0,0,125,-66.0293
1.125,0,0,125,-64.886
1.15,0,0,125,-63.6865
1.175,0,0,125,-62.4318
1.2,0,0,125,-61.1237
1.225,0,0,125,-59.7645
1.25,0,0,125,-58.3569
1.275,0,0,125,-56.9045
1.3,0,0,125,-55.4111
1.325,0,0,125,-53.8813
1.35,0,0,125,-52.3197
1.375,0,0,125,-50.7316
1.4,0,0,125,-49.1224
1.425,0,0,125,-47.4975
1.45,0,0,125,-45.8625
1.475,0,0,125,-44.2227
1.5,0,0,125,-42.5834
1.525,0,0,125,-40.9495
1.55,0,0,125,-39.3256
1.575,0,0,125,-37.7157
1.6,0,0,125,-36.1236
1.625,0,0,125,-34.5525
1.65,0,0,125,-33.0054
1.675,0,0,125,-31.4846
1.7,0,0,125,-29.9925
1.725,0,0,125,-28.531
1.75,0,0,125,-27.1016
1.775,0,0,125,-25.706
1.8,0,0,125,-24.3454
1.825,0,0,125,-23.0209
1.85,0,0,125,-21.7335
1.875,0,0,125,-20.484
1.9,0,0,125,-19.273
1.925,0,0,125,-18.1008
1.95,0,0,125,-16.9677
1.975,0,0,125,-15.8737
2,0,0,125,-14.8186
2.025,0,0,125,-13.8023
2.05,0,0,125,-12.8241
2.075,0,0,125,-11.8836
2.1,0,0,125,-10.9801
2.125,0,0,125,-10.1127
2.15,0,0,125,-9.28054
2.175,0,0,125,-8.48271
2.2,0,0,125,-7.71817
2.225,0,0,125,-6.98587
2.25,0,0,125,-6.2847
2.275,0,0,125,-5.61357
2.3,0,0,125,-4.97135
2.325,0,0,125,-4.35692
2.35,0,0,125,-3.76916
2.375,0,0,125,-3.20698
2.4,0,0,125,-2.66928
2.425,0,0,125,-2.15501
2.45,0,0,125,-1.66312
2.475,0,0,125,-1.19261
2.5,0,0,125,-0.742514
2.525,0,0,125,-0.311879
2.55,0,0,125,0.100198
2.575,0,0,125,0.494588
2.6,0,0,125,0.872127
2.625,0,0,125,1.23362
2.65,0,0,125,1.57982
2.675,0,0,125,1.91146
2.7,0,0,125,2.22925
2.725,0,0,125,2.53383
2.75,0,0,125,2.82584
2.775,0,0,125,3.10588
2.8,0,0,125,3.37451
2.825,0,0,125,3.63228
2.85,0,0,125,3.87968
2.875,0,0,125,4.11721
2.9,0,0,125,4.34532
2.925,0,0,125,4.56445
2.95,0,0,125,4.77501
2.975,0,0,125,4.97737
3,0,0,125,5.17192
3.025,0,0,125,5.35899
3.05,0,0,125,5.53892
3.075,0,0,125,5.71201
3.1,0,0,125,5.87857
3.125,0,0,125,6.03886
3.15,0,0,125,6.19316
3.175,0,0,125,6.3417
3.2,0,0,125,6.48473
3.225,0,0,125,6.62247
3.25,0,0,125,6.75513
3.275,0,0,125,6.88292
3.3,0,0,125,7.00601
3.325,0,0,125,7.1246
3.35,0,0,125,7.23885
3.375,0,0,125,7.34893
3.4,0,0,125,7.45499
3.425,0,0,125,7.55718
3.45,0,0,125,7.65564
3.475,0,0,125,7.75049
3.5,0,0,125,7.84188
3.525,0,0,125,7.92991
3.55,0,0,125,8.01471
3.575,0,0,125,8.09638
3.6,0,0,125,8.17503
3.625,0,0,125,8.25076
3.65,0,0,125,8.32367
3.675,0,0,125,8.39384
3.7,0,0,125,8.46137
3.725,0,0,125,8.52633
3.75,0,0,125,8.58882
3.775,0,0,125,8.64891
3.8,0,0,125,8.70667
3.825,0,0,125,8.76218
3.85,0,0,125,8.81551
3.875,0,0,125,8.86672
3.9,0,0,125,8.91588
3.925,0,0,125,8.96305
3.95,0,0,125,9.00829
3.975,0,0,125,9.05166
4,0,0,125,9.09322
4.025,0,0,125,9.13302
4.05,0,0,125,9.17112
4.075,0,0,125,9.20757
4.1,0,0,125,9.24242
4.125,0,0,125,9.27572
4.15,0,0,125,9.30751
4.175,0,0,125,9.33785
4.2,0,0,125,9.36677
4.225,0,0,125,9.39432
4.25,0,0,125,9.42054
4.275,0,0,125,9.44547
4.3,0,0,125,9.46916
4.325,0,0,125,9.49163
4.35,0,0,125,9.51293
4.375,0,0,125,9.53309
4.4,0,0,125,9.55214
4.425,0,0,125,9.57011
4.45,0,0,125,9.58704
4.475,0,0,125,9.60294
4.5,0,0,125,9.61785
4.525,0,0,125,9.63179
4.55,0,0,125,9.64478
4.575,0,0,125,9.65683
4.6,0,0,125,9.66797
4.625,0,0,125,9.67821
4.65,0,0,125,9.68757
4.675,0,0,125,9.69605
4.7,0,0,125,9.70367
4.725,0,0,125,9.71044
4.75,0,0,125,9.71637
4.775,0,0,125,9.72147
4.8,0,0,125,9.72577
4.825,0,0,125,9.72929
4.85,0,0,125,9.73206
4.875,0,0,125,9.73415
4.9,0,0,125,9.73565
4.925,0,0,125,9.73669
4.95,0,0,125,9.73738
4.975,0,0,125,9.73779
5,0,0,125,9.73799
