0,0,0,125,-84.1341
0.025,0,0,125,-84.1342
0.05,0,0,125,-84.1345
0.075,0,0,125,-84.1349
0.1,0,0,125,-84.1354
0.125,0,0,125,-84.1359
0.15,0,0,125,-84.1365
0.175,0,0,125,-84.1372
0.2,0,0,125,-84.1378
0.225,0,0,125,-84.1385
0.25,0,0,125,-84.1391
0.275,0,0,125,-84.1398
0.3,0,0,125,-84.1405
0.325,0,0,125,-84.1412
0.35,0,0,125,-84.1419
0.375,0,0,125,-84.1425
0.4,0,0,125,-84.1431
0.425,0,0,125,-84.1438
0.45,0,0,125,-84.1444
0.475,0,0,125,-84.145
0.5,0,0,125,-84.1456
0.525,0,0,125,-84.1462
0.55,0,0,125,-84.1468
0.575,0,0,125,-84.1474
0.6,0,0,125,-84.1479
0.625,0,0,125,-84.1485
0.65,0,0,125,-84.149
0.675,0,0,125,-84.1496
0.7,0,0,125,-84.1501
0.725,0,0,125,-84.1506
0.75,0,0,125,-84.1511
0.775,0,0,125,-84.1516
0.8,0,0,125,-84.1521
0.825,0,0,125,-84.1526
0.85,0,0,125,-84.1531
0.875,0,0,125,-84.1536
0.9,0,0,125,-84.1541
0.925,0,0,125,-84.1547
0.95,0,0,125,-84.1552
0.975,0,0,125,-84.1558
1,0,0,125,-84.1563
1.025,0,0,125,-84.1569
1.05,0,0,125,-84.1575
1.075,0,0,125,-84.1581
1.1,0,0,125,-84.1588
1.125,0,0,125,-84.1594
1.15,0,0,125,-84.16
1.175,0,0,125,-84.1607
1.2,0,0,125,-84.1614
1.225,0,0,125,-84.1621
1.25,0,0,125,-84.1628
1.275,0,0,125,-84.1635
1.3,0,0,125,-84.1643
1.325,0,0,125,-84.165
1.35,0,0,125,-84.1658
1.375,0,0,125,-84.1666
1.4,0,0,125,-84.1673
1.425,0,0,125,-84.1681
1.45,0,0,125,-84.1689
1.475,0,0,125,-84.1697
1.5,0,0,125,-84.1706
1.525,0,0,125,-84.1714
1.55,0,0,125,-84.1722
1.575,0,0,125,-84.1731
1.6,0,0,125,-84.174
1.625,0,0,125,-84.1748
1.65,0,0,125,-84.1757
1.675,0,0,125,-84.1766
1.7,0,0,125,-84.1775
1.725,0,0,125,-84.1784
1.75,0,0,125,-84.1793
1.775,0,0,125,-84.1803
1.8,0,0,125,-84.1813
1.825,0,0,125,-84.1823
1.85,0,0,125,-84.1834
1.875,0,0,125,-84.1844
1.9,0,0,125,-84.1856
1.925,0,0,125,-84.1867
1.95,0,0,125,-84.1879
1.975,0,0,125,-84.1892
2,0,0,125,-84.1904
2.025,0,0,125,-84.1918
2.05,0,0,125,-84.1931
2.075,0,0,125,-84.1945
2.1,0,0,125,-84.1959
2.125,0,0,125,-84.1973
2.15,0,0,125,-84.1988
2.175,0,0,125,-84.2003
2.2,0,0,125,-84.2019
2.225,0,0,125,-84.2035
2.25,0,0,125,-84.2051
2.275,0,0,125,-84.2068
2.3,0,0,125,-84.2085
2.325,0,0,125,-84.2102
2.35,0,0,125,-84.2119
2.375,0,0,125,-84.2137
2.4,0,0,125,-84.2155
2.425,0,0,125,-84.2173
2.45,0,0,125,-84.2191
2.475,0,0,125,-84.221
2.5,0,0,125,-84.223
2.525,0,0,125,-84.225
2.55,0,0,125,-84.227
2.575,0,0,125,-84.229
2.6,0,0,125,-84.2311
2.625,0,0,125,-84.2333
2.65,0,0,125,-84.2354
2.675,0,0,125,-84.2376
2.7,0,0,125,-84.2398
2.725,0,0,125,-84.242
2.75,0,0,125,-84.2442
2.775,0,0,125,-84.2464
2.8,0,0,125,-84.2486
2.825,0,0,125,-84.2509
2.85,0,0,125,-84.2531
2.875,0,0,125,-84.2554
2.9,0,0,125,-84.2577
2.925,0,0,125,-84.26
2.95,0,0,125,-84.2623
2.975,0,0,125,-84.2646
3,0,0,125,-84.2669
3.025,0,0,125,-84.2692
3.05,0,0,125,-84.2716
3.075,0,0,125,-84.2739
3.1,0,0,125,-84.2763
3.125,0,0,125,-84.2786
3.15,0,0,125,-84.281
3.175,0,0,125,-84.2833
3.2,0,0,125,-84.2855
3.225,0,0,125,-84.2878
3.25,0,0,125,-84.2901
3.275,0,0,125,-84.2923
3.3,0,0,125,-84.2946
3.325,0,0,125,-84.2968
3.35,0,0,125,-84.299
3.375,0,0,125,-84.3011
3.4,0,0,125,-84.3033
3.425,0,0,125,-84.3054
3.45,0,0,125,-84.3076
3.475,0,0,125,-84.3096
3.5,0,0,125,-84.3117
3.525,0,0,125,-84.3137
3.55,0,0,125,-84.3156
3.575,0,0,125,-84.3176
3.6,0,0,125,-84.3195
3.625,0,0,125,-84.3213
3.65,0,0,125,-84.3231
3.675,0,0,125,-84.3249
3.7,0,0,125,-84.3266
3.725,0,0,125,-84.3283
3.75,0,0,125,-84.3299
3.775,0,0,125,-84.3314
3.8,0,0,125,-84.3329
3.825,0,0,125,-84.3344
3.85,0,0,125,-84.3358
3.875,0,0,125,-84.3371
3.9,0,0,125,-84.3384
3.925,0,0,125,-84.3397
3.95,0,0,125,-84.3409
3.975,0,0,125,-84.3421
4,0,0,125,-84.3432
4.025,0,0,125,-84.3443
4.05,0,0,125,-84.3453
4.075,0,0,125,-84.3463
4.1,0,0,125,-84.3473
4.125,0,0,125,-84.3483
4.15,0,0,125,-84.3492
4.175,0,0,125,-84.35
4.2,0,0,125,-84.3509
4.225,0,0,125,-84.3516
4.25,0,0,125,-84.3524
4.275,0,0,125,-84.3531
4.3,0,0,125,-84.3538
4.325,0,0,125,-84.3544
4.35,0,0,125,-84.355
4.375,0,0,125,-84.3556
4.4,0,0,125,-84.3561
4.425,0,0,125,-84.3566
4.45,0,0,125,-84.357
4.475,0,0,125,-84.3574
4.5,0,0,125,-84.3578
4.525,0,0,125,-84.3581
4.55,0,0,125,-84.3584
4.575,0,0,125,-84.3587
4.6,0,0,125,-84.3589
4.625,0,0,125,-84.3591
4.65,0,0,125,-84.3593
4.675,0,0,125,-84.3595
4.7,0,0,125,-84.3597
4.725,0,0,125,-84.3599
4.75,0,0,125,-84.36
4.775,0,0,125,-84.3602
4.8,0,0,125,-84.3603
4.825,0,0,125,-84.3604
4.85,0,0,125,-84.3605
4.875,0,0,125,-84.3606
4.9,0,0,125,-84.3606
4.925,0,0,125,-84.3607
4.95,0,0,125,-84.3607
4.975,0,0,125,-84.3607
5,0,0,125,-84.3607
