0,0,0,125,-21.744
0.025,0,0,125,-21.7639
0.05,0,0,125,-21.8037
0.075,0,0,125,-21.8638
0.1,0,0,125,-21.9446
0.125,0,0,125,-22.0462
0.15,0,0,125,-22.1672
0.175,0,0,125,-22.304
0.2,0,0,125,-22.4506
0.225,0,0,125,-22.6003
0.25,0,0,125,-22.7468
0.275,0,0,125,-22.8839
0.3,0,0,125,-23.0066
0.325,0,0,125,-23.1102
0.35,0,0,125,-23.1909
0.375,0,0,125,-23.2454
0.4,0,0,125,-23.271
0.425,0,0,125,-23.2656
0.45,0,0,125,-23.2275
0.475,0,0,125,-23.1553
0.5,0,0,125,-23.0482
0.525,0,0,125,-22.9057
0.55,0,0,125,-22.7276
0.575,0,0,125,-22.5141
0.6,0,0,125,-22.2655
0.625,0,0,125,-21.9825
0.65,0,0,125,-21.6659
0.675,0,0,125,-21.3168
0.7,0,0,125,-20.9364
0.725,0,0,125,-20.5261
0.75,0,0,125,-20.0873
0.775,0,0,125,-19.6216
0.8,0,0,125,-19.1306
0.825,0,0,125,-18.6162
0.85,0,0,125,-18.0798
0.875,0,0,125,-17.5234
0.9,0,0,125,-16.9487
0.925,0,0,125,-16.3573
0.95,0,0,125,-15.751
0.975,0,0,125,-15.1313
1,0,0,125,-14.4999
1.025,0,0,125,-13.8583
1.05,0,0,125,-13.2079
1.075,0,0,125,-12.5501
1.1,0,0,125,-11.8861
1.125,0,0,125,-11.2171
1.15,0,0,125,-10.5442
1.175,0,0,125,-9.86831
1.2,0,0,125,-9.19039
1.225,0,0,125,-8.51121
1.25,0,0,125,-7.83145
1.275,0,0,125,-7.15171
1.3,0,0,125,-6.47249
1.325,0,0,125,-5.79422
1.35,0,0,125,-5.11722
1.375,0,0,125,-4.44174
1.4,0,0,125,-3.76798
1.425,0,0,125,-3.09602
1.45,0,0,125,-2.42592
1.475,0,0,125,-1.75766
1.5,0,0,125,-1.09116
1.525,0,0,125,-0.426332
1.55,0,0,125,0.236991
1.575,0,0,125,0.898977
1.6,0,0,125,1.55982
1.625,0,0,125,2.2197
1.65,0,0,125,2.87879
1.675,0,0,125,3.53721
1.7,0,0,125,4.19503
1.725,0,0,125,4.85216
1.75,0,0,125,5.50836
1.775,0,0,125,6.16314
1.8,0,0,125,6.81564
1.825,0,0,125,7.46449
1.85,0,0,125,8.10759
1.875,0,0,125,8.74188
1.9,0,0,125,9.36288
1.925,0,0,125,9.9642
1.95,0,0,125,10.5367
1.975,0,0,125,11.0676
2,0,0,125,11.5388
2.025,0,0,125,11.9245
2.05,0,0,125,12.1887
2.075,0,0,125,12.2799
2.1,0,0,125,12.1243
2.125,0,0,125,11.6147
2.15,0,0,125,10.5935
2.175,0,0,125,8.82317
2.2,0,0,125,5.93879
2.225,0,0,125,1.36799
2.25,0,0,125,-5.78706
2.275,0,0,125,-16.8097
2.3,0,0,125,-32.3942
2.325,0,0,125,-47.7321
2.35,0,0,125,-58.9903
2.375,0,0,125,-66.7449
2.4,0,0,125,-72.0269
2.425,0,0,125,-75.6122
2.45,0,0,125,-78.0418
2.475,0,0,125,-79.687
2.5,0,0,125,-80.8012
2.525,0,0,125,-81.5562
2.55,0,0,125,-82.0687
2.575,0,0,125,-82.4174
2.6,0,0,125,-82.6556
2.625,0,0,125,-82.8191
2.65,0,0,125,-82.9323
2.675,0,0,125,-83.0114
2.7,0,0,125,-83.0675
2.725,0,0,125,-83.1081
2.75,0,0,125,-83.1381
2.775,0,0,125,-83.161
2.8,0,0,125,-83.1791
2.825,0,0,125,-83.1938
2.85,0,0,125,-83.2062
2.875,0,0,125,-83.2171
2.9,0,0,125,-83.2269
2.925,0,0,125,-83.2359
2.95,0,0,125,-83.2444
2.975,0,0,125,-83.2525
3,0,0,125,-83.2602
3.025,0,0,125,-83.2677
3.05,0,0,125,-83.2749
3.075,0,0,125,-83.282
3.1,0,0,125,-83.2889
3.125,0,0,125,-83.2956
3.15,0,0,125,-83.3022
3.175,0,0,125,-83.3087
3.2,0,0,125,-83.315
3.225,0,0,125,-83.3212
3.25,0,0,125,-83.3272
3.275,0,0,125,-83.3331
3.3,0,0,125,-83.3388
3.325,0,0,125,-83.3445
3.35,0,0,125,-83.3499
3.375,0,0,125,-83.3553
3.4,0,0,125,-83.3605
3.425,0,0,125,-83.3655
3.45,0,0,125,-83.3704
3.475,0,0,125,-83.3752
3.5,0,0,125,-83.3798
3.525,0,0,125,-83.3843
3.55,0,0,125,-83.3886
3.575,0,0,125,-83.3928
3.6,0,0,125,-83.3968
3.625,0,0,125,-83.4007
3.65,0,0,125,-83.4043
3.675,0,0,125,-83.4079
3.7,0,0,125,-83.4112
3.725,0,0,125,-83.4144
3.75,0,0,125,-83.4174
3.775,0,0,125,-83.4203
3.8,0,0,125,-83.423
3.825,0,0,125,-83.4255
3.85,0,0,125,-83.4279
3.875,0,0,125,-83.4301
3.9,0,0,125,-83.4322
3.925,0,0,125,-83.4341
3.95,0,0,125,-83.4358
3.975,0,0,125,-83.4374
4,0,0,125,-83.4388
4.025,0,0,125,-83.4401
4.05,0,0,125,-83.4412
4.075,0,0,125,-83.4421
4.1,0,0,125,-83.4429
4.125,0,0,125,-83.4435
4.15,0,0,125,-83.444
4.175,0,0,125,-83.4443
4.2,0,0,125,-83.4444
4.225,0,0,125,-83.4444
4.25,0,0,125,-83.4442
4.275,0,0,125,-83.4439
4.3,0,0,125,-83.4434
4.325,0,0,125,-83.4428
4.35,0,0,125,-83.4421
4.375,0,0,125,-83.4412
4.4,0,0,125,-83.4402
4.425,0,0,125,-83.4391
4.45,0,0,125,-83.4378
4.475,0,0,125,-83.4364
4.5,0,0,125,-83.4349
4.525,0,0,125,-83.4334
4.55,0,0,125,-83.4317
4.575,0,0,125,-83.4299
4.6,0,0,125,-83.4281
4.625,0,0,125,-83.4261
4.65,0,0,125,-83.4241
4.675,0,0,125,-83.4221
4.7,0,0,125,-83.42
4.725,0,0,125,-83.4179
4.75,0,0,125,-83.4158
4.775,0,0,125,-83.4137
4.8,0,0,125,-83.4117
4.825,0,0,125,-83.4096
4.85,0,0,125,-83.4077
4.875,0,0,125,-83.4058
4.9,0,0,125,-83.4041
4.925,0,0,125,-83.4027
4.95,0,0,125,-83.4015
4.975,0,0,125,-83.4007
5,0,0,125,-83.4003
