0,0,0,125,7.48574
0.025,0,0,125,7.48964
0.05,0,0,125,7.49729
0.075,0,0,125,7.50832
0.1,0,0,125,7.52217
0.125,0,0,125,7.53822
0.15,0,0,125,7.55586
0.175,0,0,125,7.57456
0.2,0,0,125,7.59399
0.225,0,0,125,7.61391
0.25,0,0,125,7.63415
0.275,0,0,125,7.65455
0.3,0,0,125,7.67495
0.325,0,0,125,7.69522
0.35,0,0,125,7.71524
0.375,0,0,125,7.7349
0.4,0,0,125,7.75409
0.425,0,0,125,7.7727
0.45,0,0,125,7.79065
0.475,0,0,125,7.80783
0.5,0,0,125,7.82418
0.525,0,0,125,7.83959
0.55,0,0,125,7.854
0.575,0,0,125,7.86733
0.6,0,0,125,7.8795
0.625,0,0,125,7.89045
0.65,0,0,125,7.90009
0.675,0,0,125,7.90836
0.7,0,0,125,7.9152
0.725,0,0,125,7.92052
0.75,0,0,125,7.92427
0.775,0,0,125,7.92637
0.8,0,0,125,7.92675
0.825,0,0,125,7.92534
0.85,0,0,125,7.92207
0.875,0,0,125,7.91687
0.9,0,0,125,7.90965
0.925,0,0,125,7.90036
0.95,0,0,125,7.8889
0.975,0,0,125,7.87521
1,0,0,125,7.85919
1.025,0,0,125,7.84077
1.05,0,0,125,7.81986
1.075,0,0,125,7.79638
1.1,0,0,125,7.77023
1.125,0,0,125,7.74133
1.15,0,0,125,7.70958
1.175,0,0,125,7.67489
1.2,0,0,125,7.63716
1.225,0,0,125,7.5963
1.25,0,0,125,7.55221
1.275,0,0,125,7.50478
1.3,0,0,125,7.45391
1.325,0,0,125,7.3995
1.35,0,0,125,7.34145
1.375,0,0,125,7.27965
1.4,0,0,125,7.21399
1.425,0,0,125,7.14436
1.45,0,0,125,7.07068
1.475,0,0,125,6.99282
1.5,0,0,125,6.91068
1.525,0,0,125,6.82416
1.55,0,0,125,6.73316
1.575,0,0,125,6.63757
1.6,0,0,125,6.5373
1.625,0,0,125,6.43224
1.65,0,0,125,6.32231
1.675,0,0,125,6.2074
1.7,0,0,125,6.08742
1.725,0,0,125,5.96229
1.75,0,0,125,5.83192
1.775,0,0,125,5.69621
1.8,0,0,125,5.55508
1.825,0,0,125,5.40846
1.85,0,0,125,5.25625
1.875,0,0,125,5.09838
1.9,0,0,125,4.93476
1.925,0,0,125,4.76531
1.95,0,0,125,4.58995
1.975,0,0,125,4.40861
2,0,0,125,4.22119
2.025,0,0,125,4.02761
2.05,0,0,125,3.82779
2.075,0,0,125,3.62164
2.1,0,0,125,3.40907
2.125,0,0,125,3.18998
2.15,0,0,125,2.96429
2.175,0,0,125,2.7319
2.2,0,0,125,2.49269
2.225,0,0,125,2.24658
2.25,0,0,125,1.99345
2.275,0,0,125,1.73319
2.3,0,0,125,1.4657
2.325,0,0,125,1.19085
2.35,0,0,125,0.908534
2.375,0,0,125,0.618626
2.4,0,0,125,0.321009
2.425,0,0,125,0.015561
2.45,0,0,125,-0.297839
2.475,0,0,125,-0.619311
2.5,0,0,125,-0.948977
2.525,0,0,125,-1.28695
2.55,0,0,125,-1.63336
2.575,0,0,125,-1.98829
2.6,0,0,125,-2.35188
2.625,0,0,125,-2.7242
2.65,0,0,125,-3.10536
2.675,0,0,125,-3.49543
2.7,0,0,125,-3.89449
2.725,0,0,125,-4.3026
2.75,0,0,125,-4.7198
2.775,0,0,125,-5.14613
2.8,0,0,125,-5.58159
2.825,0,0,125,-6.0262
2.85,0,0,125,-6.47991
2.875,0,0,125,-6.94268
2.9,0,0,125,-7.41445
2.925,0,0,125,-7.89511
2.95,0,0,125,-8.38455
2.975,0,0,125,-8.88261
3,0,0,125,-9.3891
3.025,0,0,125,-9.90383
3.05,0,0,125,-10.4265
3.075,0,0,125,-10.957
3.1,0,0,125,-11.4948
3.125,0,0,125,-12.0397
3.15,0,0,125,-12.5912
3.175,0,0,125,-13.149
3.2,0,0,125,-13.7126
3.225,0,0,125,-14.2816
3.25,0,0,125,-14.8554
3.275,0,0,125,-15.4334
3.3,0,0,125,-16.0152
3.325,0,0,125,-16.6001
3.35,0,0,125,-17.1875
3.375,0,0,125,-17.7768
3.4,0,0,125,-18.3672
3.425,0,0,125,-18.9582
3.45,0,0,125,-19.549
3.475,0,0,125,-20.1389
3.5,0,0,125,-20.7273
3.525,0,0,125,-21.3133
3.55,0,0,125,-21.8964
3.575,0,0,125,-22.4757
3.6,0,0,125,-23.0507
3.625,0,0,125,-23.6206
3.65,0,0,125,-24.1847
3.675,0,0,125,-24.7424
3.7,0,0,125,-25.293
3.725,0,0,125,-25.8359
3.75,0,0,125,-26.3706
3.775,0,0,125,-26.8963
3.8,0,0,125,-27.4126
3.825,0,0,125,-27.919
3.85,0,0,125,-28.4149
3.875,0,0,125,-28.8998
3.9,0,0,125,-29.3734
3.925,0,0,125,-29.8351
3.95,0,0,125,-30.2845
3.975,0,0,125,-30.7214
4,0,0,125,-31.1453
4.025,0,0,125,-31.556
4.05,0,0,125,-31.9531
4.075,0,0,125,-32.3365
4.1,0,0,125,-32.706
4.125,0,0,125,-33.0612
4.15,0,0,125,-33.4022
4.175,0,0,125,-33.7288
4.2,0,0,125,-34.041
4.225,0,0,125,-34.3386
4.25,0,0,125,-34.6218
4.275,0,0,125,-34.8906
4.3,0,0,125,-35.145
4.325,0,0,125,-35.3852
4.35,0,0,125,-35.6113
4.375,0,0,125,-35.8236
4.4,0,0,125,-36.0223
4.425,0,0,125,-36.2076
4.45,0,0,125,-36.38
4.475,0,0,125,-36.5397
4.5,0,0,125,-36.6872
4.525,0,0,125,-36.8228
4.55,0,0,125,-36.947
4.575,0,0,125,-37.0603
4.6,0,0,125,-37.1632
4.625,0,0,125,-37.2563
4.65,0,0,125,-37.34
4.675,0,0,125,-37.4149
4.7,0,0,125,-37.4816
4.725,0,0,125,-37.5406
4.75,0,0,125,-37.5926
4.775,0,0,125,-37.638
4.8,0,0,125,-37.6773
4.825,0,0,125,-37.711
4.85,0,0,125,-37.7396
4.875,0,0,125,-37.7635
4.9,0,0,125,-37.7829
4.925,0,0,125,-37.7981
4.95,0,0,125,-37.8093
4.975,0,0,125,-37.8166
5,0,0,125,-37.8203
