0,0,0,125,-81.5528
0.025,0,0,125,-81.5498
0.05,0,0,125,-81.5437
0.075,0,0,125,-81.5343
0.1,0,0,125,-81.5215
0.125,0,0,125,-81.505
0.15,0,0,125,-81.4845
0.175,0,0,125,-81.4596
0.2,0,0,125,-81.43
0.225,0,0,125,-81.3952
0.25,0,0,125,-81.3547
0.275,0,0,125,-81.3082
0.3,0,0,125,-81.255
0.325,0,0,125,-81.1946
0.35,0,0,125,-81.1265
0.375,0,0,125,-81.0498
0.4,0,0,125,-80.964
0.425,0,0,125,-80.8683
0.45,0,0,125,-80.7618
0.475,0,0,125,-80.6436
0.5,0,0,125,-80.5128
0.525,0,0,125,-80.3682
0.55,0,0,125,-80.2087
0.575,0,0,125,-80.0332
0.6,0,0,125,-79.8402
0.625,0,0,125,-79.6283
0.65,0,0,125,-79.3961
0.675,0,0,125,-79.1417
0.7,0,0,125,-78.8636
0.725,0,0,125,-78.5598
0.75,0,0,125,-78.2284
0.775,0,0,125,-77.8673
0.8,0,0,125,-77.4743
0.825,0,0,125,-77.0472
0.85,0,0,125,-76.5835
0.875,0,0,125,-76.0809
0.9,0,0,125,-75.5368
0.925,0,0,125,-74.9489
0.95,0,0,125,-74.3145
0.975,0,0,125,-73.6313
1,0,0,125,-72.8967
1.025,0,0,125,-72.1086
1.05,0,0,125,-71.2649
1.075,0,0,125,-70.3637
1.1,0,0,125,-69.4033
1.125,0,0,125,-68.3826
1.15,0,0,125,-67.3009
1.175,0,0,125,-66.1576
1.2,0,0,125,-64.9531
1.225,0,0,125,-63.6881
1.25,0,0,125,-62.3641
1.275,0,0,125,-60.9832
1.3,0,0,125,-59.5482
1.325,0,0,125,-58.0626
1.35,0,0,125,-56.5303
1.375,0,0,125,-54.9562
1.4,0,0,125,-53.3455
1.425,0,0,125,-51.7038
1.45,0,0,125,-50.0371
1.475,0,0,125,-48.3515
1.5,0,0,125,-46.6534
1.525,0,0,125,-44.9487
1.55,0,0,125,-43.2434
1.575,0,0,125,-41.5433
1.6,0,0,125,-39.8534
1.625,0,0,125,-38.1785
1.65,0,0,125,-36.5228
1.675,0,0,125,-34.8901
1.7,0,0,125,-33.2836
1.725,0,0,125,-31.706
1.75,0,0,125,-30.1599
1.775,0,0,125,-28.6473
1.8,0,0,125,-27.1701
1.825,0,0,125,-25.7298
1.85,0,0,125,-24.3278
1.875,0,0,125,-22.9653
1.9,0,0,125,-21.6433
1.925,0,0,125,-20.3625
1.95,0,0,125,-19.1234
1.975,0,0,125,-17.9264
2,0,0,125,-16.7715
2.025,0,0,125,-15.6588
2.05,0,0,125,-14.5878
2.075,0,0,125,-13.5583
2.1,0,0,125,-12.5694
2.125,0,0,125,-11.6206
2.15,0,0,125,-10.711
2.175,0,0,125,-9.8395
2.2,0,0,125,-9.00514
2.225,0,0,125,-8.20677
2.25,0,0,125,-7.44322
2.275,0,0,125,-6.71328
2.3,0,0,125,-6.01572
2.325,0,0,125,-5.34927
2.35,0,0,125,-4.7127
2.375,0,0,125,-4.10476
2.4,0,0,125,-3.52422
2.425,0,0,125,-2.96988
2.45,0,0,125,-2.44055
2.475,0,0,125,-1.93507
2.5,0,0,125,-1.45235
2.525,0,0,125,-0.991283
2.55,0,0,125,-0.550843
2.575,0,0,125,-0.130025
2.6,0,0,125,0.272134
2.625,0,0,125,0.656552
2.65,0,0,125,1.02411
2.675,0,0,125,1.37565
2.7,0,0,125,1.71196
2.725,0,0,125,2.03382
2.75,0,0,125,2.34193
2.775,0,0,125,2.63699
2.8,0,0,125,2.91964
2.825,0,0,125,3.19051
2.85,0,0,125,3.45017
2.875,0,0,125,3.69918
2.9,0,0,125,3.93805
2.925,0,0,125,4.16729
2.95,0,0,125,4.38735
2.975,0,0,125,4.59867
3,0,0,125,4.80168
3.025,0,0,125,4.99675
3.05,0,0,125,5.18427
3.075,0,0,125,5.36458
3.1,0,0,125,5.53801
3.125,0,0,125,5.70487
3.15,0,0,125,5.86546
3.175,0,0,125,6.02005
3.2,0,0,125,6.1689
3.225,0,0,125,6.31226
3.25,0,0,125,6.45037
3.275,0,0,125,6.58345
3.3,0,0,125,6.71169
3.325,0,0,125,6.83531
3.35,0,0,125,6.95449
3.375,0,0,125,7.0694
3.4,0,0,125,7.18022
3.425,0,0,125,7.28709
3.45,0,0,125,7.39018
3.475,0,0,125,7.48962
3.5,0,0,125,7.58554
3.525,0,0,125,7.67809
3.55,0,0,125,7.76737
3.575,0,0,125,7.8535
3.6,0,0,125,7.9366
3.625,0,0,125,8.01677
3.65,0,0,125,8.09411
3.675,0,0,125,8.16871
3.7,0,0,125,8.24066
3.725,0,0,125,8.31006
3.75,0,0,125,8.37698
3.775,0,0,125,8.44151
3.8,0,0,125,8.50371
3.825,0,0,125,8.56367
3.85,0,0,125,8.62145
3.875,0,0,125,8.67711
3.9,0,0,125,8.73073
3.925,0,0,125,8.78236
3.95,0,0,125,8.83206
3.975,0,0,125,8.87989
4,0,0,125,8.92591
4.025,0,0,125,8.97016
4.05,0,0,125,9.0127
4.075,0,0,125,9.05358
4.1,0,0,125,9.09284
4.125,0,0,125,9.13053
4.15,0,0,125,9.1667
4.175,0,0,125,9.20138
4.2,0,0,125,9.23461
4.225,0,0,125,9.26645
4.25,0,0,125,9.29692
4.275,0,0,125,9.32606
4.3,0,0,125,9.35391
4.325,0,0,125,9.38049
4.35,0,0,125,9.40585
4.375,0,0,125,9.43
4.4,0,0,125,9.45299
4.425,0,0,125,9.47482
4.45,0,0,125,9.49554
4.475,0,0,125,9.51515
4.5,0,0,125,9.53369
4.525,0,0,125,9.55116
4.55,0,0,125,9.56759
4.575,0,0,125,9.58299
4.6,0,0,125,9.59736
4.625,0,0,125,9.61073
4.65,0,0,125,9.62309
4.675,0,0,125,9.63444
4.7,0,0,125,9.64481
4.725,0,0,125,9.65418
4.75,0,0,125,9.66256
4.775,0,0,125,9.66996
4.8,0,0,125,9.67638
4.825,0,0,125,9.68183
4.85,0,0,125,9.68635
4.875,0,0,125,9.68997
4.9,0,0,125,9.69278
4.925,0,0,125,9.69489
4.95,0,0,125,9.69638
4.975,0,0,125,9.69734
5,0,0,125,9.69782
