0,0,0,125,-73.8808
0.025,0,0,125,-73.877
0.05,0,0,125,-73.8693
0.075,0,0,125,-73.8579
0.1,0,0,125,-73.8428
0.125,0,0,125,-73.824
0.15,0,0,125,-73.8016
0.175,0,0,125,-73.7758
0.2,0,0,125,-73.7465
0.225,0,0,125,-73.7138
0.25,0,0,125,-73.6777
0.275,0,0,125,-73.6384
0.3,0,0,125,-73.5958
0.325,0,0,125,-73.5501
0.35,0,0,125,-73.5012
0.375,0,0,125,-73.4491
0.4,0,0,125,-73.3941
0.425,0,0,125,-73.3359
0.45,0,0,125,-73.2749
0.475,0,0,125,-73.2108
0.5,0,0,125,-73.1439
0.525,0,0,125,-73.0741
0.55,0,0,125,-73.0016
0.575,0,0,125,-72.9262
0.6,0,0,125,-72.8481
0.625,0,0,125,-72.7672
0.65,0,0,125,-72.6838
0.675,0,0,125,-72.5976
0.7,0,0,125,-72.5089
0.725,0,0,125,-72.4176
0.75,0,0,125,-72.3238
0.775,0,0,125,-72.2275
0.8,0,0,125,-72.1287
0.825,0,0,125,-72.0275
0.85,0,0,125,-71.9239
0.875,0,0,125,-71.8179
0.9,0,0,125,-71.7096
0.925,0,0,125,-71.599
0.95,0,0,125,-71.4861
0.975,0,0,125,-71.371
1,0,0,125,-71.2537
1.025,0,0,125,-71.1342
1.05,0,0,125,-71.0126
1.075,0,0,125,-70.8888
1.1,0,0,125,-70.763
1.125,0,0,125,-70.6351
1.15,0,0,125,-70.5052
1.175,0,0,125,-70.3734
1.2,0,0,125,-70.2395
1.225,0,0,125,-70.1038
1.25,0,0,125,-69.9661
1.275,0,0,125,-69.8266
1.3,0,0,125,-69.6853
1.325,0,0,125,-69.5422
1.35,0,0,125,-69.3973
1.375,0,0,125,-69.2507
1.4,0,0,125,-69.1024
1.425,0,0,125,-68.9525
1.45,0,0,125,-68.8009
1.475,0,0,125,-68.6477
1.5,0,0,125,-68.4929
1.525,0,0,125,-68.3367
1.55,0,0,125,-68.1789
1.575,0,0,125,-68.0196
1.6,0,0,125,-67.859
1.625,0,0,125,-67.6969
1.65,0,0,125,-67.5335
1.675,0,0,125,-67.3687
1.7,0,0,125,-67.2027
1.725,0,0,125,-67.0354
1.75,0,0,125,-66.8668
1.775,0,0,125,-66.6971
1.8,0,0,125,-66.5262
1.825,0,0,125,-66.3543
1.85,0,0,125,-66.1812
1.875,0,0,125,-66.0071
1.9,0,0,125,-65.832
1.925,0,0,125,-65.6559
1.95,0,0,125,-65.4788
1.975,0,0,125,-65.3009
2,0,0,125,-65.122
2.025,0,0,125,-64.9424
2.05,0,0,125,-64.7619
2.075,0,0,125,-64.5807
2.1,0,0,125,-64.3988
2.125,0,0,125,-64.2161
2.15,0,0,125,-64.0328
2.175,0,0,125,-63.8489
2.2,0,0,125,-63.6643
2.225,0,0,125,-63.4793
2.25,0,0,125,-63.2937
2.275,0,0,125,-63.1076
2.3,0,0,125,-62.9211
2.325,0,0,125,-62.7341
2.35,0,0,125,-62.5468
2.375,0,0,125,-62.3591
2.4,0,0,125,-62.1711
2.425,0,0,125,-61.9829
2.45,0,0,125,-61.7944
2.475,0,0,125,-61.6056
2.5,0,0,125,-61.4167
2.525,0,0,125,-61.2277
2.55,0,0,125,-61.0385
2.575,0,0,125,-60.8493
2.6,0,0,125,-60.66
2.625,0,0,125,-60.4707
2.65,0,0,125,-60.2814
2.675,0,0,125,-60.0921
2.7,0,0,125,-59.903
2.725,0,0,125,-59.7139
2.75,0,0,125,-59.525
2.775,0,0,125,-59.3363
2.8,0,0,125,-59.1478
2.825,0,0,125,-58.9595
2.85,0,0,125,-58.7715
2.875,0,0,125,-58.5838
2.9,0,0,125,-58.3964
2.925,0,0,125,-58.2093
2.95,0,0,125,-58.0227
2.975,0,0,125,-57.8365
3,0,0,125,-57.6507
3.025,0,0,125,-57.4654
3.05,0,0,125,-57.2806
3.075,0,0,125,-57.0964
3.1,0,0,125,-56.9127
3.125,0,0,125,-56.7297
3.15,0,0,125,-56.5473
3.175,0,0,125,-56.3655
3.2,0,0,125,-56.1844
3.225,0,0,125,-56.0041
3.25,0,0,125,-55.8245
3.275,0,0,125,-55.6457
3.3,0,0,125,-55.4678
3.325,0,0,125,-55.2907
3.35,0,0,125,-55.1144
3.375,0,0,125,-54.9391
3.4,0,0,125,-54.7647
3.425,0,0,125,-54.5913
3.45,0,0,125,-54.419
3.475,0,0,125,-54.2476
3.5,0,0,125,-54.0774
3.525,0,0,125,-53.9083
3.55,0,0,125,-53.7403
3.575,0,0,125,-53.5735
3.6,0,0,125,-53.408
3.625,0,0,125,-53.2437
3.65,0,0,125,-53.0807
3.675,0,0,125,-52.9191
3.7,0,0,125,-52.7588
3.725,0,0,125,-52.6
3.75,0,0,125,-52.4426
3.775,0,0,125,-52.2868
3.8,0,0,125,-52.1325
3.825,0,0,125,-51.9798
3.85,0,0,125,-51.8287
3.875,0,0,125,-51.6793
3.9,0,0,125,-51.5316
3.925,0,0,125,-51.3858
3.95,0,0,125,-51.2417
3.975,0,0,125,-51.0996
4,0,0,125,-50.9594
4.025,0,0,125,-50.8212
4.05,0,0,125,-50.685
4.075,0,0,125,-50.5509
4.1,0,0,125,-50.419
4.125,0,0,125,-50.2893
4.15,0,0,125,-50.1619
4.175,0,0,125,-50.0369
4.2,0,0,125,-49.9142
4.225,0,0,125,-49.794
4.25,0,0,125,-49.6764
4.275,0,0,125,-49.5614
4.3,0,0,125,-49.449
4.325,0,0,125,-49.3395
4.35,0,0,125,-49.2327
4.375,0,0,125,-49.1288
4.4,0,0,125,-49.028
4.425,0,0,125,-48.9301
4.45,0,0,125,-48.8355
4.475,0,0,125,-48.744
4.5,0,0,125,-48.6558
4.525,0,0,125,-48.571
4.55,0,0,125,-48.4897
4.575,0,0,125,-48.412
4.6,0,0,125,-48.3378
4.625,0,0,125,-48.2674
4.65,0,0,125,-48.2008
4.675,0,0,125,-48.1382
4.7,0,0,125,-48.0795
4.725,0,0,125,-48.0248
4.75,0,0,125,-47.9744
4.775,0,0,125,-47.9281
4.8,0,0,125,-47.8862
4.825,0,0,125,-47.8487
4.85,0,0,125,-47.8157
4.875,0,0,125,-47.7872
4.9,0,0,125,-47.7634
4.925,0,0,125,-47.7442
4.95,0,0,125,-47.7298
4.975,0,0,125,-47.7201
5,0,0,125,-47.7153
