0,0,0,125,-83.3228
0.025,0,0,125,-83.3233
0.05,0,0,125,-83.3242
0.075,0,0,125,-83.3255
0.1,0,0,125,-83.3272
0.125,0,0,125,-83.329
0.15,0,0,125,-83.331
0.175,0,0,125,-83.3331
0.2,0,0,125,-83.3351
0.225,0,0,125,-83.3372
0.25,0,0,125,-83.3392
0.275,0,0,125,-83.3411
0.3,0,0,125,-83.3429
0.325,0,0,125,-83.3445
0.35,0,0,125,-83.346
0.375,0,0,125,-83.3474
0.4,0,0,125,-83.3486
0.425,0,0,125,-83.3496
0.45,0,0,125,-83.3504
0.475,0,0,125,-83.351
0.5,0,0,125,-83.3514
0.525,0,0,125,-83.3516
0.55,0,0,125,-83.3515
0.575,0,0,125,-83.3512
0.6,0,0,125,-83.3506
0.625,0,0,125,-83.3498
0.65,0,0,125,-83.3487
0.675,0,0,125,-83.3474
0.7,0,0,125,-83.3457
0.725,0,0,125,-83.3437
0.75,0,0,125,-83.3414
0.775,0,0,125,-83.3388
0.8,0,0,125,-83.3358
0.825,0,0,125,-83.3325
0.85,0,0,125,-83.3288
0.875,0,0,125,-83.3247
0.9,0,0,125,-83.3202
0.925,0,0,125,-83.3154
0.95,0,0,125,-83.31
0.975,0,0,125,-83.3043
1,0,0,125,-83.298
1.025,0,0,125,-83.2913
1.05,0,0,125,-83.2841
1.075,0,0,125,-83.2763
1.1,0,0,125,-83.268
1.125,0,0,125,-83.2591
1.15,0,0,125,-83.2496
1.175,0,0,125,-83.2395
1.2,0,0,125,-83.2286
1.225,0,0,125,-83.2171
1.25,0,0,125,-83.2048
1.275,0,0,125,-83.1917
1.3,0,0,125,-83.1778
1.325,0,0,125,-83.163
1.35,0,0,125,-83.1473
1.375,0,0,125,-83.1306
1.4,0,0,125,-83.1128
1.425,0,0,125,-83.0939
1.45,0,0,125,-83.0739
1.475,0,0,125,-83.0526
1.5,0,0,125,-83.0299
1.525,0,0,125,-83.0057
1.55,0,0,125,-82.9801
1.575,0,0,125,-82.9528
1.6,0,0,125,-82.9237
1.625,0,0,125,-82.8927
1.65,0,0,125,-82.8596
1.675,0,0,125,-82.8243
1.7,0,0,125,-82.7867
1.725,0,0,125,-82.7464
1.75,0,0,125,-82.7034
1.775,0,0,125,-82.6573
1.8,0,0,125,-82.608
1.825,0,0,125,-82.5551
1.85,0,0,125,-82.4983
1.875,0,0,125,-82.4374
1.9,0,0,125,-82.3719
1.925,0,0,125,-82.3014
1.95,0,0,125,-82.2255
1.975,0,0,125,-82.1437
2,0,0,125,-82.0555
2.025,0,0,125,-81.9604
2.05,0,0,125,-81.8577
2.075,0,0,125,-81.7468
2.1,0,0,125,-81.627
2.125,0,0,125,-81.4975
2.15,0,0,125,-81.3574
2.175,0,0,125,-81.206
2.2,0,0,125,-81.0423
2.225,0,0,125,-80.8654
2.25,0,0,125,-80.6741
2.275,0,0,125,-80.4675
2.3,0,0,125,-80.2444
2.325,0,0,125,-80.0036
2.35,0,0,125,-79.744
2.375,0,0,125,-79.4642
2.4,0,0,125,-79.1632
2.425,0,0,125,-78.8395
2.45,0,0,125,-78.492
2.475,0,0,125,-78.1195
2.5,0,0,125,-77.7206
2.525,0,0,125,-77.2944
2.55,0,0,125,-76.8397
2.575,0,0,125,-76.3556
2.6,0,0,125,-75.8411
2.625,0,0,125,-75.2957
2.65,0,0,125,-74.7186
2.675,0,0,125,-74.1096
2.7,0,0,125,-73.4683
2.725,0,0,125,-72.7949
2.75,0,0,125,-72.0896
2.775,0,0,125,-71.3529
2.8,0,0,125,-70.5854
2.825,0,0,125,-69.7883
2.85,0,0,125,-68.9627
2.875,0,0,125,-68.1101
2.9,0,0,125,-67.2324
2.925,0,0,125,-66.3314
2.95,0,0,125,-65.4092
2.975,0,0,125,-64.4684
3,0,0,125,-63.5113
3.025,0,0,125,-62.5406
3.05,0,0,125,-61.559
3.075,0,0,125,-60.5694
3.1,0,0,125,-59.5744
3.125,0,0,125,-58.577
3.15,0,0,125,-57.5799
3.175,0,0,125,-56.5857
3.2,0,0,125,-55.5971
3.225,0,0,125,-54.6166
3.25,0,0,125,-53.6465
3.275,0,0,125,-52.6889
3.3,0,0,125,-51.7458
3.325,0,0,125,-50.8191
3.35,0,0,125,-49.9102
3.375,0,0,125,-49.0208
3.4,0,0,125,-48.1518
3.425,0,0,125,-47.3045
3.45,0,0,125,-46.4795
3.475,0,0,125,-45.6775
3.5,0,0,125,-44.8991
3.525,0,0,125,-44.1445
3.55,0,0,125,-43.414
3.575,0,0,125,-42.7075
3.6,0,0,125,-42.025
3.625,0,0,125,-41.3664
3.65,0,0,125,-40.7312
3.675,0,0,125,-40.1193
3.7,0,0,125,-39.5302
3.725,0,0,125,-38.9633
3.75,0,0,125,-38.4183
3.775,0,0,125,-37.8944
3.8,0,0,125,-37.3912
3.825,0,0,125,-36.908
3.85,0,0,125,-36.4443
3.875,0,0,125,-35.9993
3.9,0,0,125,-35.5725
3.925,0,0,125,-35.1633
3.95,0,0,125,-34.771
3.975,0,0,125,-34.3951
4,0,0,125,-34.0349
4.025,0,0,125,-33.6899
4.05,0,0,125,-33.3595
4.075,0,0,125,-33.0432
4.1,0,0,125,-32.7405
4.125,0,0,125,-32.4509
4.15,0,0,125,-32.1739
4.175,0,0,125,-31.909
4.2,0,0,125,-31.6558
4.225,0,0,125,-31.4139
4.25,0,0,125,-31.1829
4.275,0,0,125,-30.9625
4.3,0,0,125,-30.7522
4.325,0,0,125,-30.5517
4.35,0,0,125,-30.3608
4.375,0,0,125,-30.1791
4.4,0,0,125,-30.0063
4.425,0,0,125,-29.8422
4.45,0,0,125,-29.6865
4.475,0,0,125,-29.539
4.5,0,0,125,-29.3995
4.525,0,0,125,-29.2678
4.55,0,0,125,-29.1437
4.575,0,0,125,-29.027
4.6,0,0,125,-28.9176
4.625,0,0,125,-28.8153
4.65,0,0,125,-28.7201
4.675,0,0,125,-28.6317
4.7,0,0,125,-28.5501
4.725,0,0,125,-28.4752
4.75,0,0,125,-28.4069
4.775,0,0,125,-28.3451
4.8,0,0,125,-28.2898
4.825,0,0,125,-28.2409
4.85,0,0,125,-28.1983
4.875,0,0,125,-28.1621
4.9,0,0,125,-28.1321
4.925,0,0,125,-28.1082
4.95,0,0,125,-28.0903
4.975,0,0,125,-28.0784
5,0,0,125,-28.0725
