0,0,0,125,-83.5224
0.025,0,0,125,-83.5227
0.05,0,0,125,-83.5232
0.075,0,0,125,-83.5241
0.1,0,0,125,-83.5251
0.125,0,0,125,-83.5263
0.15,0,0,125,-83.5276
0.175,0,0,125,-83.529
0.2,0,0,125,-83.5304
0.225,0,0,125,-83.5318
0.25,0,0,125,-83.5333
0.275,0,0,125,-83.5347
0.3,0,0,125,-83.5362
0.325,0,0,125,-83.5376
0.35,0,0,125,-83.5391
0.375,0,0,125,-83.5405
0.4,0,0,125,-83.5419
0.425,0,0,125,-83.5432
0.45,0,0,125,-83.5446
0.475,0,0,125,-83.546
0.5,0,0,125,-83.5473
0.525,0,0,125,-83.5486
0.55,0,0,125,-83.5499
0.575,0,0,125,-83.5512
0.6,0,0,125,-83.5525
0.625,0,0,125,-83.5537
0.65,0,0,125,-83.555
0.675,0,0,125,-83.5562
0.7,0,0,125,-83.5574
0.725,0,0,125,-83.5587
0.75,0,0,125,-83.5599
0.775,0,0,125,-83.5611
0.8,0,0,125,-83.5624
0.825,0,0,125,-83.5636
0.85,0,0,125,-83.5649
0.875,0,0,125,-83.5661
0.9,0,0,125,-83.5674
0.925,0,0,125,-83.5687
0.95,0,0,125,-83.57
0.975,0,0,125,-83.5713
1,0,0,125,-83.5726
1.025,0,0,125,-83.5739
1.05,0,0,125,-83.5752
1.075,0,0,125,-83.5766
1.1,0,0,125,-83.578
1.125,0,0,125,-83.5794
1.15,0,0,125,-83.5808
1.175,0,0,125,-83.5822
1.2,0,0,125,-83.5836
1.225,0,0,125,-83.5851
1.25,0,0,125,-83.5866
1.275,0,0,125,-83.5881
1.3,0,0,125,-83.5896
1.325,0,0,125,-83.5911
1.35,0,0,125,-83.5927
1.375,0,0,125,-83.5943
1.4,0,0,125,-83.5959
1.425,0,0,125,-83.5976
1.45,0,0,125,-83.5993
1.475,0,0,125,-83.601
1.5,0,0,125,-83.6028
1.525,0,0,125,-83.6046
1.55,0,0,125,-83.6065
1.575,0,0,125,-83.6083
1.6,0,0,125,-83.6103
1.625,0,0,125,-83.6122
1.65,0,0,125,-83.6142
1.675,0,0,125,-83.6163
1.7,0,0,125,-83.6184
1.725,0,0,125,-83.6205
1.75,0,0,125,-83.6226
1.775,0,0,125,-83.6248
1.8,0,0,125,-83.6271
1.825,0,0,125,-83.6294
1.85,0,0,125,-83.6318
1.875,0,0,125,-83.6343
1.9,0,0,125,-83.6368
1.925,0,0,125,-83.6394
1.95,0,0,125,-83.642
1.975,0,0,125,-83.6447
2,0,0,125,-83.6475
2.025,0,0,125,-83.6503
2.05,0,0,125,-83.6532
2.075,0,0,125,-83.6562
2.1,0,0,125,-83.6593
2.125,0,0,125,-83.6624
2.15,0,0,125,-83.6657
2.175,0,0,125,-83.669
2.2,0,0,125,-83.6724
2.225,0,0,125,-83.6759
2.25,0,0,125,-83.6794
2.275,0,0,125,-83.6831
2.3,0,0,125,-83.6867
2.325,0,0,125,-83.6905
2.35,0,0,125,-83.6943
2.375,0,0,125,-83.6982
2.4,0,0,125,-83.7023
2.425,0,0,125,-83.7064
2.45,0,0,125,-83.7105
2.475,0,0,125,-83.7148
2.5,0,0,125,-83.7192
2.525,0,0,125,-83.7236
2.55,0,0,125,-83.7282
2.575,0,0,125,-83.7328
2.6,0,0,125,-83.7375
2.625,0,0,125,-83.7422
2.65,0,0,125,-83.747
2.675,0,0,125,-83.7519
2.7,0,0,125,-83.7568
2.725,0,0,125,-83.7618
2.75,0,0,125,-83.7668
2.775,0,0,125,-83.7719
2.8,0,0,125,-83.777
2.825,0,0,125,-83.7823
2.85,0,0,125,-83.7875
2.875,0,0,125,-83.7929
2.9,0,0,125,-83.7982
2.925,0,0,125,-83.8036
2.95,0,0,125,-83.809
2.975,0,0,125,-83.8144
3,0,0,125,-83.8198
3.025,0,0,125,-83.8252
3.05,0,0,125,-83.8307
3.075,0,0,125,-83.8361
3.1,0,0,125,-83.8415
3.125,0,0,125,-83.8469
3.15,0,0,125,-83.8523
3.175,0,0,125,-83.8577
3.2,0,0,125,-83.8631
3.225,0,0,125,-83.8684
3.25,0,0,125,-83.8737
3.275,0,0,125,-83.879
3.3,0,0,125,-83.8842
3.325,0,0,125,-83.8894
3.35,0,0,125,-83.8945
3.375,0,0,125,-83.8996
3.4,0,0,125,-83.9047
3.425,0,0,125,-83.9096
3.45,0,0,125,-83.9145
3.475,0,0,125,-83.9193
3.5,0,0,125,-83.924
3.525,0,0,125,-83.9287
3.55,0,0,125,-83.9332
3.575,0,0,125,-83.9377
3.6,0,0,125,-83.942
3.625,0,0,125,-83.9463
3.65,0,0,125,-83.9505
3.675,0,0,125,-83.9546
3.7,0,0,125,-83.9586
3.725,0,0,125,-83.9625
3.75,0,0,125,-83.9663
3.775,0,0,125,-83.97
3.8,0,0,125,-83.9736
3.825,0,0,125,-83.977
3.85,0,0,125,-83.9804
3.875,0,0,125,-83.9836
3.9,0,0,125,-83.9867
3.925,0,0,125,-83.9897
3.95,0,0,125,-83.9926
3.975,0,0,125,-83.9953
4,0,0,125,-83.998
4.025,0,0,125,-84.0006
4.05,0,0,125,-84.0031
4.075,0,0,125,-84.0055
4.1,0,0,125,-84.0078
4.125,0,0,125,-84.01
4.15,0,0,125,-84.0121
4.175,0,0,125,-84.0142
4.2,0,0,125,-84.0161
4.225,0,0,125,-84.0179
4.25,0,0,125,-84.0197
4.275,0,0,125,-84.0213
4.3,0,0,125,-84.0229
4.325,0,0,125,-84.0244
4.35,0,0,125,-84.0258
4.375,0,0,125,-84.0271
4.4,0,0,125,-84.0283
4.425,0,0,125,-84.0295
4.45,0,0,125,-84.0305
4.475,0,0,125,-84.0315
4.5,0,0,125,-84.0324
4.525,0,0,125,-84.0332
4.55,0,0,125,-84.034
4.575,0,0,125,-84.0347
4.6,0,0,125,-84.0354
4.625,0,0,125,-84.0359
4.65,0,0,125,-84.0365
4.675,0,0,125,-84.0369
4.7,0,0,125,-84.0374
4.725,0,0,125,-84.0377
4.75,0,0,125,-84.038
4.775,0,0,125,-84.0382
4.8,0,0,125,-84.0385
4.825,0,0,125,-84.0386
4.85,0,0,125,-84.0388
4.875,0,0,125,-84.0389
4.9,0,0,125,-84.039
4.925,0,0,125,-84.039
4.95,0,0,125,-84.039
4.975,0,0,125,-84.0391
5,0,0,125,-84.0391
