0,0,0,125,-83.3136
0.025,0,0,125,-83.3139
0.05,0,0,125,-83.3146
0.075,0,0,125,-83.3156
0.1,0,0,125,-83.3169
0.125,0,0,125,-83.3183
0.15,0,0,125,-83.3199
0.175,0,0,125,-83.3215
0.2,0,0,125,-83.3231
0.225,0,0,125,-83.3248
0.25,0,0,125,-83.3265
0.275,0,0,125,-83.3282
0.3,0,0,125,-83.3299
0.325,0,0,125,-83.3315
0.35,0,0,125,-83.3332
0.375,0,0,125,-83.3348
0.4,0,0,125,-83.3364
0.425,0,0,125,-83.338
0.45,0,0,125,-83.3396
0.475,0,0,125,-83.3412
0.5,0,0,125,-83.3427
0.525,0,0,125,-83.3443
0.55,0,0,125,-83.3458
0.575,0,0,125,-83.3473
0.6,0,0,125,-83.3488
0.625,0,0,125,-83.3503
0.65,0,0,125,-83.3517
0.675,0,0,125,-83.3532
0.7,0,0,125,-83.3546
0.725,0,0,125,-83.3561
0.75,0,0,125,-83.3575
0.775,0,0,125,-83.3588
0.8,0,0,125,-83.3602
0.825,0,0,125,-83.3617
0.85,0,0,125,-83.3631
0.875,0,0,125,-83.3645
0.9,0,0,125,-83.3659
0.925,0,0,125,-83.3674
0.95,0,0,125,-83.3689
0.975,0,0,125,-83.3703
1,0,0,125,-83.3718
1.025,0,0,125,-83.3733
1.05,0,0,125,-83.3748
1.075,0,0,125,-83.3763
1.1,0,0,125,-83.3778
1.125,0,0,125,-83.3793
1.15,0,0,125,-83.3809
1.175,0,0,125,-83.3825
1.2,0,0,125,-83.3841
1.225,0,0,125,-83.3858
1.25,0,0,125,-83.3874
1.275,0,0,125,-83.3892
1.3,0,0,125,-83.3909
1.325,0,0,125,-83.3927
1.35,0,0,125,-83.3946
1.375,0,0,125,-83.3964
1.4,0,0,125,-83.3984
1.425,0,0,125,-83.4003
1.45,0,0,125,-83.4023
1.475,0,0,125,-83.4043
1.5,0,0,125,-83.4063
1.525,0,0,125,-83.4084
1.55,0,0,125,-83.4105
1.575,0,0,125,-83.4127
1.6,0,0,125,-83.4149
1.625,0,0,125,-83.4172
1.65,0,0,125,-83.4195
1.675,0,0,125,-83.4219
1.7,0,0,125,-83.4244
1.725,0,0,125,-83.4269
1.75,0,0,125,-83.4295
1.775,0,0,125,-83.4321
1.8,0,0,125,-83.4348
1.825,0,0,125,-83.4376
1.85,0,0,125,-83.4404
1.875,0,0,125,-83.4432
1.9,0,0,125,-83.4462
1.925,0,0,125,-83.4492
1.95,0,0,125,-83.4523
1.975,0,0,125,-83.4554
2,0,0,125,-83.4586
2.025,0,0,125,-83.4619
2.05,0,0,125,-83.4653
2.075,0,0,125,-83.4688
2.1,0,0,125,-83.4723
2.125,0,0,125,-83.476
2.15,0,0,125,-83.4797
2.175,0,0,125,-83.4835
2.2,0,0,125,-83.4874
2.225,0,0,125,-83.4914
2.25,0,0,125,-83.4955
2.275,0,0,125,-83.4997
2.3,0,0,125,-83.5039
2.325,0,0,125,-83.5083
2.35,0,0,125,-83.5128
2.375,0,0,125,-83.5174
2.4,0,0,125,-83.522
2.425,0,0,125,-83.5269
2.45,0,0,125,-83.5318
2.475,0,0,125,-83.5368
2.5,0,0,125,-83.5419
2.525,0,0,125,-83.5472
2.55,0,0,125,-83.5525
2.575,0,0,125,-83.5579
2.6,0,0,125,-83.5634
2.625,0,0,125,-83.569
2.65,0,0,125,-83.5747
2.675,0,0,125,-83.5805
2.7,0,0,125,-83.5863
2.725,0,0,125,-83.5921
2.75,0,0,125,-83.598
2.775,0,0,125,-83.604
2.8,0,0,125,-83.6101
2.825,0,0,125,-83.6162
2.85,0,0,125,-83.6224
2.875,0,0,125,-83.6286
2.9,0,0,125,-83.6349
2.925,0,0,125,-83.6412
2.95,0,0,125,-83.6476
2.975,0,0,125,-83.6539
3,0,0,125,-83.6604
3.025,0,0,125,-83.6668
3.05,0,0,125,-83.6733
3.075,0,0,125,-83.6797
3.1,0,0,125,-83.6861
3.125,0,0,125,-83.6926
3.15,0,0,125,-83.699
3.175,0,0,125,-83.7054
3.2,0,0,125,-83.7117
3.225,0,0,125,-83.718
3.25,0,0,125,-83.7243
3.275,0,0,125,-83.7305
3.3,0,0,125,-83.7367
3.325,0,0,125,-83.7429
3.35,0,0,125,-83.7489
3.375,0,0,125,-83.7549
3.4,0,0,125,-83.7609
3.425,0,0,125,-83.7668
3.45,0,0,125,-83.7726
3.475,0,0,125,-83.7783
3.5,0,0,125,-83.7839
3.525,0,0,125,-83.7894
3.55,0,0,125,-83.7948
3.575,0,0,125,-83.8001
3.6,0,0,125,-83.8053
3.625,0,0,125,-83.8104
3.65,0,0,125,-83.8154
3.675,0,0,125,-83.8203
3.7,0,0,125,-83.825
3.725,0,0,125,-83.8297
3.75,0,0,125,-83.8342
3.775,0,0,125,-83.8386
3.8,0,0,125,-83.8428
3.825,0,0,125,-83.8469
3.85,0,0,125,-83.8509
3.875,0,0,125,-83.8548
3.9,0,0,125,-83.8585
3.925,0,0,125,-83.862
3.95,0,0,125,-83.8654
3.975,0,0,125,-83.8687
4,0,0,125,-83.8719
4.025,0,0,125,-83.875
4.05,0,0,125,-83.878
4.075,0,0,125,-83.8808
4.1,0,0,125,-83.8836
4.125,0,0,125,-83.8862
4.15,0,0,125,-83.8887
4.175,0,0,125,-83.8911
4.2,0,0,125,-83.8934
4.225,0,0,125,-83.8955
4.25,0,0,125,-83.8976
4.275,0,0,125,-83.8995
4.3,0,0,125,-83.9014
4.325,0,0,125,-83.9031
4.35,0,0,125,-83.9047
4.375,0,0,125,-83.9063
4.4,0,0,125,-83.9077
4.425,0,0,125,-83.9091
4.45,0,0,125,-83.9103
4.475,0,0,125,-83.9115
4.5,0,0,125,-83.9126
4.525,0,0,125,-83.9136
4.55,0,0,125,-83.9145
4.575,0,0,125,-83.9153
4.6,0,0,125,-83.9161
4.625,0,0,125,-83.9168
4.65,0,0,125,-83.9174
4.675,0,0,125,-83.918
4.7,0,0,125,-83.9185
4.725,0,0,125,-83.9189
4.75,0,0,125,-83.9193
4.775,0,0,125,-83.9196
4.8,0,0,125,-83.9199
4.825,0,0,125,-83.9201
4.85,0,0,125,-83.9202
4.875,0,0,125,-83.9204
4.9,0,0,125,-83.9205
4.925,0,0,125,-83.9205
4.95,0,0,125,-83.9205
4.975,0,0,125,-83.9206
5,0,0,125,-83.9206
