0,0,0,125,-72.3249
0.025,0,0,125,-72.3174
0.05,0,0,125,-72.3023
0.075,0,0,125,-72.2794
0.1,0,0,125,-72.2486
0.125,0,0,125,-72.2096
0.15,0,0,125,-72.1616
0.175,0,0,125,-72.1038
0.2,0,0,125,-72.0347
0.225,0,0,125,-71.9527
0.25,0,0,125,-71.8563
0.275,0,0,125,-71.7437
0.3,0,0,125,-71.6133
0.325,0,0,125,-71.4637
0.35,0,0,125,-71.2934
0.375,0,0,125,-71.1007
0.4,0,0,125,-70.8844
0.425,0,0,125,-70.6429
0.45,0,0,125,-70.3748
0.475,0,0,125,-70.0788
0.5,0,0,125,-69.7536
0.525,0,0,125,-69.3978
0.55,0,0,125,-69.0101
0.575,0,0,125,-68.5893
0.6,0,0,125,-68.1342
0.625,0,0,125,-67.6437
0.65,0,0,125,-67.1167
0.675,0,0,125,-66.5524
0.7,0,0,125,-65.9497
0.725,0,0,125,-65.3081
0.75,0,0,125,-64.6268
0.775,0,0,125,-63.9056
0.8,0,0,125,-63.144
0.825,0,0,125,-62.342
0.85,0,0,125,-61.4997
0.875,0,0,125,-60.6175
0.9,0,0,125,-59.696
0.925,0,0,125,-58.736
0.95,0,0,125,-57.7386
0.975,0,0,125,-56.7051
1,0,0,125,-55.6372
1.025,0,0,125,-54.5366
1.05,0,0,125,-53.4056
1.075,0,0,125,-52.2464
1.1,0,0,125,-51.0615
1.125,0,0,125,-49.8537
1.15,0,0,125,-48.6257
1.175,0,0,125,-47.3805
1.2,0,0,125,-46.1211
1.225,0,0,125,-44.8506
1.25,0,0,125,-43.5719
1.275,0,0,125,-42.2881
1.3,0,0,125,-41.0019
1.325,0,0,125,-39.7161
1.35,0,0,125,-38.4334
1.375,0,0,125,-37.1561
1.4,0,0,125,-35.8864
1.425,0,0,125,-34.6264
1.45,0,0,125,-33.378
1.475,0,0,125,-32.1428
1.5,0,0,125,-30.9225
1.525,0,0,125,-29.7184
1.55,0,0,125,-28.5317
1.575,0,0,125,-27.3638
1.6,0,0,125,-26.2157
1.625,0,0,125,-25.0884
1.65,0,0,125,-23.9829
1.675,0,0,125,-22.9
1.7,0,0,125,-21.8405
1.725,0,0,125,-20.8051
1.75,0,0,125,-19.7943
1.775,0,0,125,-18.8087
1.8,0,0,125,-17.8486
1.825,0,0,125,-16.9144
1.85,0,0,125,-16.0063
1.875,0,0,125,-15.1244
1.9,0,0,125,-14.2686
1.925,0,0,125,-13.4389
1.95,0,0,125,-12.6352
1.975,0,0,125,-11.8572
2,0,0,125,-11.1046
2.025,0,0,125,-10.3771
2.05,0,0,125,-9.67425
2.075,0,0,125,-8.99556
2.1,0,0,125,-8.34054
2.125,0,0,125,-7.70866
2.15,0,0,125,-7.09933
2.175,0,0,125,-6.51199
2.2,0,0,125,-5.94601
2.225,0,0,125,-5.40078
2.25,0,0,125,-4.87567
2.275,0,0,125,-4.37006
2.3,0,0,125,-3.88331
2.325,0,0,125,-3.4148
2.35,0,0,125,-2.96391
2.375,0,0,125,-2.53003
2.4,0,0,125,-2.11256
2.425,0,0,125,-1.71091
2.45,0,0,125,-1.32452
2.475,0,0,125,-0.95282
2.5,0,0,125,-0.595271
2.525,0,0,125,-0.251347
2.55,0,0,125,0.0794601
2.575,0,0,125,0.397642
2.6,0,0,125,0.703673
2.625,0,0,125,0.998009
2.65,0,0,125,1.28109
2.675,0,0,125,1.55334
2.7,0,0,125,1.81516
2.725,0,0,125,2.06695
2.75,0,0,125,2.30906
2.775,0,0,125,2.54187
2.8,0,0,125,2.76572
2.825,0,0,125,2.98092
2.85,0,0,125,3.1878
2.875,0,0,125,3.38666
2.9,0,0,125,3.57777
2.925,0,0,125,3.76143
2.95,0,0,125,3.93788
2.975,0,0,125,4.10738
3,0,0,125,4.27017
3.025,0,0,125,4.42648
3.05,0,0,125,4.57652
3.075,0,0,125,4.72052
3.1,0,0,125,4.85867
3.125,0,0,125,4.99116
3.15,0,0,125,5.11818
3.175,0,0,125,5.2399
3.2,0,0,125,5.35651
3.225,0,0,125,5.46815
3.25,0,0,125,5.575
3.275,0,0,125,5.67719
3.3,0,0,125,5.77488
3.325,0,0,125,5.8682
3.35,0,0,125,5.95729
3.375,0,0,125,6.04228
3.4,0,0,125,6.1233
3.425,0,0,125,6.20046
3.45,0,0,125,6.27389
3.475,0,0,125,6.3437
3.5,0,0,125,6.40999
3.525,0,0,125,6.47288
3.55,0,0,125,6.53247
3.575,0,0,125,6.58886
3.6,0,0,125,6.64215
3.625,0,0,125,6.69244
3.65,0,0,125,6.73981
3.675,0,0,125,6.78436
3.7,0,0,125,6.82618
3.725,0,0,125,6.86536
3.75,0,0,125,6.90197
3.775,0,0,125,6.93611
3.8,0,0,125,6.96786
3.825,0,0,125,6.99729
3.85,0,0,125,7.02449
3.875,0,0,125,7.04953
3.9,0,0,125,7.0725
3.925,0,0,125,7.09346
3.95,0,0,125,7.1125
3.975,0,0,125,7.12968
4,0,0,125,7.14509
4.025,0,0,125,7.15878
4.05,0,0,125,7.17084
4.075,0,0,125,7.18133
4.1,0,0,125,7.19033
4.125,0,0,125,7.19789
4.15,0,0,125,7.20409
4.175,0,0,125,7.209
4.2,0,0,125,7.21267
4.225,0,0,125,7.21519
4.25,0,0,125,7.2166
4.275,0,0,125,7.21697
4.3,0,0,125,7.21636
4.325,0,0,125,7.21484
4.35,0,0,125,7.21245
4.375,0,0,125,7.20927
4.4,0,0,125,7.20533
4.425,0,0,125,7.20071
4.45,0,0,125,7.19544
4.475,0,0,125,7.18959
4.5,0,0,125,7.1832
4.525,0,0,125,7.17632
4.55,0,0,125,7.16901
4.575,0,0,125,7.16129
4.6,0,0,125,7.15324
4.625,0,0,125,7.14488
4.65,0,0,125,7.13628
4.675,0,0,125,7.12749
4.7,0,0,125,7.11855
4.725,0,0,125,7.10954
4.75,0,0,125,7.10053
4.775,0,0,125,7.09158
4.8,0,0,125,7.08281
4.825,0,0,125,7.07432
4.85,0,0,125,7.06624
4.875,0,0,125,7.05875
4.9,0,0,125,7.05206
4.925,0,0,125,7.04639
4.95,0,0,125,7.04195
4.975,0,0,125,7.03891
5,0,0,125,7.03737
