0,0,0,125,6.93191
0.025,0,0,125,6.93539
0.05,0,0,125,6.94221
0.075,0,0,125,6.95213
0.1,0,0,125,6.96477
0.125,0,0,125,6.97968
0.15,0,0,125,6.99644
0.175,0,0,125,7.01469
0.2,0,0,125,7.03423
0.225,0,0,125,7.0549
0.25,0,0,125,7.07662
0.275,0,0,125,7.09927
0.3,0,0,125,7.12279
0.325,0,0,125,7.1471
0.35,0,0,125,7.17212
0.375,0,0,125,7.1978
0.4,0,0,125,7.22408
0.425,0,0,125,7.25092
0.45,0,0,125,7.27826
0.475,0,0,125,7.30605
0.5,0,0,125,7.33427
0.525,0,0,125,7.36288
0.55,0,0,125,7.39184
0.575,0,0,125,7.42113
0.6,0,0,125,7.45072
0.625,0,0,125,7.48058
0.65,0,0,125,7.5107
0.675,0,0,125,7.54104
0.7,0,0,125,7.57158
0.725,0,0,125,7.60233
0.75,0,0,125,7.63324
0.775,0,0,125,7.66432
0.8,0,0,125,7.69555
0.825,0,0,125,7.72691
0.85,0,0,125,7.7584
0.875,0,0,125,7.79
0.9,0,0,125,7.8217
0.925,0,0,125,7.85348
0.95,0,0,125,7.88535
0.975,0,0,125,7.91729
1,0,0,125,7.9493
1.025,0,0,125,7.98136
1.05,0,0,125,8.01348
1.075,0,0,125,8.04564
1.1,0,0,125,8.07784
1.125,0,0,125,8.11008
1.15,0,0,125,8.14235
1.175,0,0,125,8.17464
1.2,0,0,125,8.20695
1.225,0,0,125,8.23928
1.25,0,0,125,8.27163
1.275,0,0,125,8.30399
1.3,0,0,125,8.33636
1.325,0,0,125,8.36873
1.35,0,0,125,8.4011
1.375,0,0,125,8.43348
1.4,0,0,125,8.46585
1.425,0,0,125,8.49822
1.45,0,0,125,8.53058
1.475,0,0,125,8.56294
1.5,0,0,125,8.59528
1.525,0,0,125,8.62762
1.55,0,0,125,8.65994
1.575,0,0,125,8.69225
1.6,0,0,125,8.72454
1.625,0,0,125,8.75682
1.65,0,0,125,8.78908
1.675,0,0,125,8.82132
1.7,0,0,125,8.85354
1.725,0,0,125,8.88575
1.75,0,0,125,8.91793
1.775,0,0,125,8.95009
1.8,0,0,125,8.98222
1.825,0,0,125,9.01434
1.85,0,0,125,9.04642
1.875,0,0,125,9.07849
1.9,0,0,125,9.11053
1.925,0,0,125,9.14255
1.95,0,0,125,9.17454
1.975,0,0,125,9.2065
2,0,0,125,9.23844
2.025,0,0,125,9.27035
2.05,0,0,125,9.30223
2.075,0,0,125,9.33408
2.1,0,0,125,9.36591
2.125,0,0,125,9.39771
2.15,0,0,125,9.42948
2.175,0,0,125,9.46122
2.2,0,0,125,9.49293
2.225,0,0,125,9.52461
2.25,0,0,125,9.55626
2.275,0,0,125,9.58789
2.3,0,0,125,9.61948
2.325,0,0,125,9.65104
2.35,0,0,125,9.68258
2.375,0,0,125,9.71408
2.4,0,0,125,9.74555
2.425,0,0,125,9.777
2.45,0,0,125,9.80841
2.475,0,0,125,9.83979
2.5,0,0,125,9.87115
2.525,0,0,125,9.90247
2.55,0,0,125,9.93376
2.575,0,0,125,9.96502
2.6,0,0,125,9.99625
2.625,0,0,125,10.0275
2.65,0,0,125,10.0586
2.675,0,0,125,10.0898
2.7,0,0,125,10.1209
2.725,0,0,125,10.1519
2.75,0,0,125,10.183
2.775,0,0,125,10.214
2.8,0,0,125,10.245
2.825,0,0,125,10.2759
2.85,0,0,125,10.3069
2.875,0,0,125,10.3377
2.9,0,0,125,10.3686
2.925,0,0,125,10.3994
2.95,0,0,125,10.4302
2.975,0,0,125,10.461
3,0,0,125,10.4917
3.025,0,0,125,10.5224
3.05,0,0,125,10.553
3.075,0,0,125,10.5837
3.1,0,0,125,10.6143
3.125,0,0,125,10.6448
3.15,0,0,125,10.6754
3.175,0,0,125,10.7059
3.2,0,0,125,10.7363
3.225,0,0,125,10.7668
3.25,0,0,125,10.7972
3.275,0,0,125,10.8275
3.3,0,0,125,10.8579
3.325,0,0,125,10.8882
3.35,0,0,125,10.9184
3.375,0,0,125,10.9486
3.4,0,0,125,10.9788
3.425,0,0,125,11.009
3.45,0,0,125,11.0391
3.475,0,0,125,11.0692
3.5,0,0,125,11.0992
3.525,0,0,125,11.1292
3.55,0,0,125,11.1592
3.575,0,0,125,11.1891
3.6,0,0,125,11.2189
3.625,0,0,125,11.2488
3.65,0,0,125,11.2785
3.675,0,0,125,11.3083
3.7,0,0,125,11.338
3.725,0,0,125,11.3676
3.75,0,0,125,11.3972
3.775,0,0,125,11.4267
3.8,0,0,125,11.4561
3.825,0,0,125,11.4855
3.85,0,0,125,11.5149
3.875,0,0,125,11.5441
3.9,0,0,125,11.5733
3.925,0,0,125,11.6024
3.95,0,0,125,11.6314
3.975,0,0,125,11.6603
4,0,0,125,11.6892
4.025,0,0,125,11.7179
4.05,0,0,125,11.7465
4.075,0,0,125,11.775
4.1,0,0,125,11.8034
4.125,0,0,125,11.8316
4.15,0,0,125,11.8597
4.175,0,0,125,11.8876
4.2,0,0,125,11.9153
4.225,0,0,125,11.9429
4.25,0,0,125,11.9703
4.275,0,0,125,11.9974
4.3,0,0,125,12.0243
4.325,0,0,125,12.051
4.35,0,0,125,12.0773
4.375,0,0,125,12.1034
4.4,0,0,125,12.1291
4.425,0,0,125,12.1545
4.45,0,0,125,12.1795
4.475,0,0,125,12.204
4.5,0,0,125,12.2281
4.525,0,0,125,12.2517
4.55,0,0,125,12.2748
4.575,0,0,125,12.2972
4.6,0,0,125,12.319
4.625,0,0,125,12.3402
4.65,0,0,125,12.3606
4.675,0,0,125,12.3802
4.7,0,0,125,12.3989
4.725,0,0,125,12.4166
4.75,0,0,125,12.4334
4.775,0,0,125,12.4491
4.8,0,0,125,12.4636
4.825,0,0,125,12.4769
4.85,0,0,125,12.4888
4.875,0,0,125,12.4993
4.9,0,0,125,12.5082
4.925,0,0,125,12.5155
4.95,0,0,125,12.5211
4.975,0,0,125,12.5249
5,0,0,125,12.5268
