0,0,0,125,8.37482
0.025,0,0,125,8.37861
0.05,0,0,125,8.38603
0.075,0,0,125,8.39671
0.1,0,0,125,8.41007
0.125,0,0,125,8.4255
0.15,0,0,125,8.44236
0.175,0,0,125,8.46012
0.2,0,0,125,8.47846
0.225,0,0,125,8.49714
0.25,0,0,125,8.51598
0.275,0,0,125,8.53482
0.3,0,0,125,8.55353
0.325,0,0,125,8.57197
0.35,0,0,125,8.59002
0.375,0,0,125,8.60758
0.4,0,0,125,8.62454
0.425,0,0,125,8.6408
0.45,0,0,125,8.65628
0.475,0,0,125,8.67088
0.5,0,0,125,8.68453
0.525,0,0,125,8.69715
0.55,0,0,125,8.70865
0.575,0,0,125,8.71898
0.6,0,0,125,8.72805
0.625,0,0,125,8.73579
0.65,0,0,125,8.74215
0.675,0,0,125,8.74704
0.7,0,0,125,8.75041
0.725,0,0,125,8.75219
0.75,0,0,125,8.7523
0.775,0,0,125,8.75068
0.8,0,0,125,8.74727
0.825,0,0,125,8.74198
0.85,0,0,125,8.73476
0.875,0,0,125,8.72553
0.9,0,0,125,8.71421
0.925,0,0,125,8.70074
0.95,0,0,125,8.68502
0.975,0,0,125,8.66699
1,0,0,125,8.64657
1.025,0,0,125,8.62366
1.05,0,0,125,8.59819
1.075,0,0,125,8.57006
1.1,0,0,125,8.5392
1.125,0,0,125,8.5055
1.15,0,0,125,8.46888
1.175,0,0,125,8.42923
1.2,0,0,125,8.38646
1.225,0,0,125,8.34048
1.25,0,0,125,8.29118
1.275,0,0,125,8.23846
1.3,0,0,125,8.18221
1.325,0,0,125,8.12234
1.35,0,0,125,8.05873
1.375,0,0,125,7.99128
1.4,0,0,125,7.91988
1.425,0,0,125,7.84442
1.45,0,0,125,7.7648
1.475,0,0,125,7.68092
1.5,0,0,125,7.59266
1.525,0,0,125,7.49992
1.55,0,0,125,7.4026
1.575,0,0,125,7.3006
1.6,0,0,125,7.19381
1.625,0,0,125,7.08214
1.65,0,0,125,6.96549
1.675,0,0,125,6.84377
1.7,0,0,125,6.71689
1.725,0,0,125,6.58476
1.75,0,0,125,6.44728
1.775,0,0,125,6.30438
1.8,0,0,125,6.15598
1.825,0,0,125,6.00199
1.85,0,0,125,5.84233
1.875,0,0,125,5.67694
1.9,0,0,125,5.50572
1.925,0,0,125,5.32861
1.95,0,0,125,5.14554
1.975,0,0,125,4.95642
2,0,0,125,4.76118
2.025,0,0,125,4.55976
2.05,0,0,125,4.35207
2.075,0,0,125,4.13804
2.1,0,0,125,3.91759
2.125,0,0,125,3.69064
2.15,0,0,125,3.45711
2.175,0,0,125,3.21693
2.2,0,0,125,2.97
2.225,0,0,125,2.71625
2.25,0,0,125,2.45559
2.275,0,0,125,2.18793
2.3,0,0,125,1.91318
2.325,0,0,125,1.63126
2.35,0,0,125,1.34207
2.375,0,0,125,1.04552
2.4,0,0,125,0.741533
2.425,0,0,125,0.430006
2.45,0,0,125,0.110858
2.475,0,0,125,-0.215996
2.5,0,0,125,-0.550639
2.525,0,0,125,-0.89315
2.55,0,0,125,-1.2436
2.575,0,0,125,-1.60206
2.6,0,0,125,-1.9686
2.625,0,0,125,-2.34326
2.65,0,0,125,-2.72609
2.675,0,0,125,-3.11712
2.7,0,0,125,-3.51638
2.725,0,0,125,-3.92388
2.75,0,0,125,-4.33961
2.775,0,0,125,-4.76356
2.8,0,0,125,-5.19568
2.825,0,0,125,-5.63593
2.85,0,0,125,-6.08424
2.875,0,0,125,-6.5405
2.9,0,0,125,-7.00459
2.925,0,0,125,-7.47639
2.95,0,0,125,-7.95572
2.975,0,0,125,-8.44239
3,0,0,125,-8.93619
3.025,0,0,125,-9.43687
3.05,0,0,125,-9.94415
3.075,0,0,125,-10.4577
3.1,0,0,125,-10.9773
3.125,0,0,125,-11.5025
3.15,0,0,125,-12.0329
3.175,0,0,125,-12.5681
3.2,0,0,125,-13.1077
3.225,0,0,125,-13.6512
3.25,0,0,125,-14.198
3.275,0,0,125,-14.7478
3.3,0,0,125,-15.2998
3.325,0,0,125,-15.8537
3.35,0,0,125,-16.4087
3.375,0,0,125,-16.9643
3.4,0,0,125,-17.5198
3.425,0,0,125,-18.0746
3.45,0,0,125,-18.6282
3.475,0,0,125,-19.1797
3.5,0,0,125,-19.7287
3.525,0,0,125,-20.2744
3.55,0,0,125,-20.8162
3.575,0,0,125,-21.3534
3.6,0,0,125,-21.8854
3.625,0,0,125,-22.4116
3.65,0,0,125,-22.9314
3.675,0,0,125,-23.4441
3.7,0,0,125,-23.9492
3.725,0,0,125,-24.4461
3.75,0,0,125,-24.9343
3.775,0,0,125,-25.4132
3.8,0,0,125,-25.8823
3.825,0,0,125,-26.3412
3.85,0,0,125,-26.7895
3.875,0,0,125,-27.2266
3.9,0,0,125,-27.6521
3.925,0,0,125,-28.0658
3.95,0,0,125,-28.4673
3.975,0,0,125,-28.8563
4,0,0,125,-29.2324
4.025,0,0,125,-29.5955
4.05,0,0,125,-29.9453
4.075,0,0,125,-30.2817
4.1,0,0,125,-30.6045
4.125,0,0,125,-30.9136
4.15,0,0,125,-31.2088
4.175,0,0,125,-31.4903
4.2,0,0,125,-31.7579
4.225,0,0,125,-32.0117
4.25,0,0,125,-32.2517
4.275,0,0,125,-32.4781
4.3,0,0,125,-32.6909
4.325,0,0,125,-32.8905
4.35,0,0,125,-33.0769
4.375,0,0,125,-33.2505
4.4,0,0,125,-33.4115
4.425,0,0,125,-33.5603
4.45,0,0,125,-33.6972
4.475,0,0,125,-33.8225
4.5,0,0,125,-33.9369
4.525,0,0,125,-34.0406
4.55,0,0,125,-34.1343
4.575,0,0,125,-34.2183
4.6,0,0,125,-34.2934
4.625,0,0,125,-34.3599
4.65,0,0,125,-34.4185
4.675,0,0,125,-34.4699
4.7,0,0,125,-34.5145
4.725,0,0,125,-34.553
4.75,0,0,125,-34.586
4.775,0,0,125,-34.614
4.8,0,0,125,-34.6376
4.825,0,0,125,-34.6573
4.85,0,0,125,-34.6736
4.875,0,0,125,-34.6868
4.9,0,0,125,-34.6973
4.925,0,0,125,-34.7054
4.95,0,0,125,-34.7112
4.975,0,0,125,-34.715
5,0,0,125,-34.7169
