0,0,0,125,-83.8446
0.025,0,0,125,-83.8448
0.05,0,0,125,-83.8453
0.075,0,0,125,-83.8459
0.1,0,0,125,-83.8466
0.125,0,0,125,-83.8475
0.15,0,0,125,-83.8485
0.175,0,0,125,-83.8495
0.2,0,0,125,-83.8505
0.225,0,0,125,-83.8516
0.25,0,0,125,-83.8526
0.275,0,0,125,-83.8537
0.3,0,0,125,-83.8548
0.325,0,0,125,-83.8558
0.35,0,0,125,-83.8569
0.375,0,0,125,-83.8579
0.4,0,0,125,-83.8589
0.425,0,0,125,-83.8599
0.45,0,0,125,-83.8609
0.475,0,0,125,-83.8619
0.5,0,0,125,-83.8628
0.525,0,0,125,-83.8638
0.55,0,0,125,-83.8647
0.575,0,0,125,-83.8656
0.6,0,0,125,-83.8665
0.625,0,0,125,-83.8674
0.65,0,0,125,-83.8682
0.675,0,0,125,-83.8691
0.7,0,0,125,-83.8699
0.725,0,0,125,-83.8708
0.75,0,0,125,-83.8716
0.775,0,0,125,-83.8725
0.8,0,0,125,-83.8734
0.825,0,0,125,-83.8742
0.85,0,0,125,-83.8751
0.875,0,0,125,-83.876
0.9,0,0,125,-83.877
0.925,0,0,125,-83.8779
0.95,0,0,125,-83.8788
0.975,0,0,125,-83.8798
1,0,0,125,-83.8807
1.025,0,0,125,-83.8817
1.05,0,0,125,-83.8826
1.075,0,0,125,-83.8836
1.1,0,0,125,-83.8846
1.125,0,0,125,-83.8856
1.15,0,0,125,-83.8866
1.175,0,0,125,-83.8876
1.2,0,0,125,-83.8887
1.225,0,0,125,-83.8897
1.25,0,0,125,-83.8907
1.275,0,0,125,-83.8918
1.3,0,0,125,-83.8929
1.325,0,0,125,-83.8939
1.35,0,0,125,-83.895
1.375,0,0,125,-83.8962
1.4,0,0,125,-83.8973
1.425,0,0,125,-83.8985
1.45,0,0,125,-83.8998
1.475,0,0,125,-83.901
1.5,0,0,125,-83.9023
1.525,0,0,125,-83.9037
1.55,0,0,125,-83.905
1.575,0,0,125,-83.9065
1.6,0,0,125,-83.9079
1.625,0,0,125,-83.9094
1.65,0,0,125,-83.9109
1.675,0,0,125,-83.9124
1.7,0,0,125,-83.914
1.725,0,0,125,-83.9156
1.75,0,0,125,-83.9172
1.775,0,0,125,-83.9189
1.8,0,0,125,-83.9206
1.825,0,0,125,-83.9223
1.85,0,0,125,-83.9241
1.875,0,0,125,-83.9259
1.9,0,0,125,-83.9278
1.925,0,0,125,-83.9297
1.95,0,0,125,-83.9316
1.975,0,0,125,-83.9335
2,0,0,125,-83.9355
2.025,0,0,125,-83.9376
2.05,0,0,125,-83.9397
2.075,0,0,125,-83.9418
2.1,0,0,125,-83.9439
2.125,0,0,125,-83.9461
2.15,0,0,125,-83.9484
2.175,0,0,125,-83.9507
2.2,0,0,125,-83.9531
2.225,0,0,125,-83.9556
2.25,0,0,125,-83.9581
2.275,0,0,125,-83.9606
2.3,0,0,125,-83.9633
2.325,0,0,125,-83.966
2.35,0,0,125,-83.9687
2.375,0,0,125,-83.9715
2.4,0,0,125,-83.9744
2.425,0,0,125,-83.9773
2.45,0,0,125,-83.9803
2.475,0,0,125,-83.9834
2.5,0,0,125,-83.9865
2.525,0,0,125,-83.9897
2.55,0,0,125,-83.9929
2.575,0,0,125,-83.9962
2.6,0,0,125,-83.9996
2.625,0,0,125,-84.003
2.65,0,0,125,-84.0065
2.675,0,0,125,-84.0101
2.7,0,0,125,-84.0136
2.725,0,0,125,-84.0173
2.75,0,0,125,-84.0209
2.775,0,0,125,-84.0246
2.8,0,0,125,-84.0283
2.825,0,0,125,-84.032
2.85,0,0,125,-84.0358
2.875,0,0,125,-84.0395
2.9,0,0,125,-84.0433
2.925,0,0,125,-84.0471
2.95,0,0,125,-84.0509
2.975,0,0,125,-84.0547
3,0,0,125,-84.0585
3.025,0,0,125,-84.0624
3.05,0,0,125,-84.0662
3.075,0,0,125,-84.0701
3.1,0,0,125,-84.0739
3.125,0,0,125,-84.0778
3.15,0,0,125,-84.0816
3.175,0,0,125,-84.0854
3.2,0,0,125,-84.0891
3.225,0,0,125,-84.0929
3.25,0,0,125,-84.0967
3.275,0,0,125,-84.1004
3.3,0,0,125,-84.1041
3.325,0,0,125,-84.1078
3.35,0,0,125,-84.1114
3.375,0,0,125,-84.115
3.4,0,0,125,-84.1186
3.425,0,0,125,-84.122
3.45,0,0,125,-84.1254
3.475,0,0,125,-84.1288
3.5,0,0,125,-84.1321
3.525,0,0,125,-84.1353
3.55,0,0,125,-84.1385
3.575,0,0,125,-84.1416
3.6,0,0,125,-84.1446
3.625,0,0,125,-84.1476
3.65,0,0,125,-84.1505
3.675,0,0,125,-84.1534
3.7,0,0,125,-84.1562
3.725,0,0,125,-84.1589
3.75,0,0,125,-84.1616
3.775,0,0,125,-84.1642
3.8,0,0,125,-84.1666
3.825,0,0,125,-84.169
3.85,0,0,125,-84.1714
3.875,0,0,125,-84.1736
3.9,0,0,125,-84.1757
3.925,0,0,125,-84.1778
3.95,0,0,125,-84.1798
3.975,0,0,125,-84.1817
4,0,0,125,-84.1836
4.025,0,0,125,-84.1854
4.05,0,0,125,-84.1871
4.075,0,0,125,-84.1888
4.1,0,0,125,-84.1903
4.125,0,0,125,-84.1919
4.15,0,0,125,-84.1933
4.175,0,0,125,-84.1948
4.2,0,0,125,-84.1961
4.225,0,0,125,-84.1974
4.25,0,0,125,-84.1986
4.275,0,0,125,-84.1997
4.3,0,0,125,-84.2008
4.325,0,0,125,-84.2018
4.35,0,0,125,-84.2027
4.375,0,0,125,-84.2036
4.4,0,0,125,-84.2044
4.425,0,0,125,-84.2052
4.45,0,0,125,-84.2059
4.475,0,0,125,-84.2066
4.5,0,0,125,-84.2072
4.525,0,0,125,-84.2078
4.55,0,0,125,-84.2083
4.575,0,0,125,-84.2088
4.6,0,0,125,-84.2093
4.625,0,0,125,-84.2097
4.65,0,0,125,-84.2101
4.675,0,0,125,-84.2104
4.7,0,0,125,-84.2108
4.725,0,0,125,-84.211
4.75,0,0,125,-84.2113
4.775,0,0,125,-84.2115
4.8,0,0,125,-84.2116
4.825,0,0,125,-84.2117
4.85,0,0,125,-84.2118
4.875,0,0,125,-84.2119
4.9,0,0,125,-84.212
4.925,0,0,125,-84.2121
4.95,0,0,125,-84.2121
4.975,0,0,125,-84.2121
5,0,0,125,-84.2121
