0,0,0,125,-32.5799
0.025,0,0,125,-32.5761
0.05,0,0,125,-32.5687
0.075,0,0,125,-32.5579
0.1,0,0,125,-32.5442
0.125,0,0,125,-32.5281
0.15,0,0,125,-32.5102
0.175,0,0,125,-32.4909
0.2,0,0,125,-32.4706
0.225,0,0,125,-32.4495
0.25,0,0,125,-32.428
0.275,0,0,125,-32.4063
0.3,0,0,125,-32.3847
0.325,0,0,125,-32.3634
0.35,0,0,125,-32.3427
0.375,0,0,125,-32.3229
0.4,0,0,125,-32.3041
0.425,0,0,125,-32.2866
0.45,0,0,125,-32.2708
0.475,0,0,125,-32.2567
0.5,0,0,125,-32.2448
0.525,0,0,125,-32.2351
0.55,0,0,125,-32.2281
0.575,0,0,125,-32.2238
0.6,0,0,125,-32.2227
0.625,0,0,125,-32.2249
0.65,0,0,125,-32.2308
0.675,0,0,125,-32.2405
0.7,0,0,125,-32.2543
0.725,0,0,125,-32.2726
0.75,0,0,125,-32.2956
0.775,0,0,125,-32.3235
0.8,0,0,125,-32.3568
0.825,0,0,125,-32.3956
0.85,0,0,125,-32.4402
0.875,0,0,125,-32.4911
0.9,0,0,125,-32.5484
0.925,0,0,125,-32.6125
0.95,0,0,125,-32.6839
0.975,0,0,125,-32.7626
1,0,0,125,-32.8493
1.025,0,0,125,-32.9441
1.05,0,0,125,-33.0475
1.075,0,0,125,-33.1598
1.1,0,0,125,-33.2814
1.125,0,0,125,-33.4128
1.15,0,0,125,-33.5543
1.175,0,0,125,-33.7064
1.2,0,0,125,-33.8695
1.225,0,0,125,-34.044
1.25,0,0,125,-34.2304
1.275,0,0,125,-34.4291
1.3,0,0,125,-34.6407
1.325,0,0,125,-34.8657
1.35,0,0,125,-35.1045
1.375,0,0,125,-35.3576
1.4,0,0,125,-35.6257
1.425,0,0,125,-35.9091
1.45,0,0,125,-36.2085
1.475,0,0,125,-36.5244
1.5,0,0,125,-36.8574
1.525,0,0,125,-37.208
1.55,0,0,125,-37.5767
1.575,0,0,125,-37.9642
1.6,0,0,125,-38.3709
1.625,0,0,125,-38.7974
1.65,0,0,125,-39.2442
1.675,0,0,125,-39.7119
1.7,0,0,125,-40.2008
1.725,0,0,125,-40.7114
1.75,0,0,125,-41.2441
1.775,0,0,125,-41.7992
1.8,0,0,125,-42.3771
1.825,0,0,125,-42.978
1.85,0,0,125,-43.6019
1.875,0,0,125,-44.2491
1.9,0,0,125,-44.9194
1.925,0,0,125,-45.6127
1.95,0,0,125,-46.3288
1.975,0,0,125,-47.0673
2,0,0,125,-47.8277
2.025,0,0,125,-48.6094
2.05,0,0,125,-49.4116
2.075,0,0,125,-50.2333
2.1,0,0,125,-51.0735
2.125,0,0,125,-51.9308
2.15,0,0,125,-52.8039
2.175,0,0,125,-53.6912
2.2,0,0,125,-54.591
2.225,0,0,125,-55.5014
2.25,0,0,125,-56.4204
2.275,0,0,125,-57.3459
2.3,0,0,125,-58.2756
2.325,0,0,125,-59.2073
2.35,0,0,125,-60.1386
2.375,0,0,125,-61.0671
2.4,0,0,125,-61.9904
2.425,0,0,125,-62.906
2.45,0,0,125,-63.8116
2.475,0,0,125,-64.7049
2.5,0,0,125,-65.5836
2.525,0,0,125,-66.4456
2.55,0,0,125,-67.2889
2.575,0,0,125,-68.1118
2.6,0,0,125,-68.9124
2.625,0,0,125,-69.6895
2.65,0,0,125,-70.4416
2.675,0,0,125,-71.1676
2.7,0,0,125,-71.8668
2.725,0,0,125,-72.5383
2.75,0,0,125,-73.1817
2.775,0,0,125,-73.7967
2.8,0,0,125,-74.3833
2.825,0,0,125,-74.9414
2.85,0,0,125,-75.4713
2.875,0,0,125,-75.9734
2.9,0,0,125,-76.4482
2.925,0,0,125,-76.8963
2.95,0,0,125,-77.3184
2.975,0,0,125,-77.7153
3,0,0,125,-78.0881
3.025,0,0,125,-78.4374
3.05,0,0,125,-78.7645
3.075,0,0,125,-79.0702
3.1,0,0,125,-79.3556
3.125,0,0,125,-79.6217
3.15,0,0,125,-79.8695
3.175,0,0,125,-80.1002
3.2,0,0,125,-80.3146
3.225,0,0,125,-80.5137
3.25,0,0,125,-80.6986
3.275,0,0,125,-80.87
3.3,0,0,125,-81.0289
3.325,0,0,125,-81.1762
3.35,0,0,125,-81.3125
3.375,0,0,125,-81.4388
3.4,0,0,125,-81.5556
3.425,0,0,125,-81.6637
3.45,0,0,125,-81.7638
3.475,0,0,125,-81.8563
3.5,0,0,125,-81.9419
3.525,0,0,125,-82.0211
3.55,0,0,125,-82.0944
3.575,0,0,125,-82.1622
3.6,0,0,125,-82.2249
3.625,0,0,125,-82.283
3.65,0,0,125,-82.3368
3.675,0,0,125,-82.3866
3.7,0,0,125,-82.4327
3.725,0,0,125,-82.4754
3.75,0,0,125,-82.515
3.775,0,0,125,-82.5518
3.8,0,0,125,-82.5858
3.825,0,0,125,-82.6174
3.85,0,0,125,-82.6467
3.875,0,0,125,-82.6739
3.9,0,0,125,-82.6992
3.925,0,0,125,-82.7227
3.95,0,0,125,-82.7445
3.975,0,0,125,-82.7647
4,0,0,125,-82.7836
4.025,0,0,125,-82.8011
4.05,0,0,125,-82.8173
4.075,0,0,125,-82.8324
4.1,0,0,125,-82.8465
4.125,0,0,125,-82.8595
4.15,0,0,125,-82.8717
4.175,0,0,125,-82.8829
4.2,0,0,125,-82.8934
4.225,0,0,125,-82.9031
4.25,0,0,125,-82.9121
4.275,0,0,125,-82.9205
4.3,0,0,125,-82.9282
4.325,0,0,125,-82.9354
4.35,0,0,125,-82.942
4.375,0,0,125,-82.9481
4.4,0,0,125,-82.9538
4.425,0,0,125,-82.959
4.45,0,0,125,-82.9638
4.475,0,0,125,-82.9682
4.5,0,0,125,-82.9722
4.525,0,0,125,-82.9759
4.55,0,0,125,-82.9793
4.575,0,0,125,-82.9823
4.6,0,0,125,-82.9851
4.625,0,0,125,-82.9876
4.65,0,0,125,-82.9898
4.675,0,0,125,-82.9918
4.7,0,0,125,-82.9936
4.725,0,0,125,-82.9952
4.75,0,0,125,-82.9965
4.775,0,0,125,-82.9977
4.8,0,0,125,-82.9987
4.825,0,0,125,-82.9995
4.85,0,0,125,-83.0002
4.875,0,0,125,-83.0007
4.9,0,0,125,-83.0011
4.925,0,0,125,-83.0014
4.95,0,0,125,-83.0016
4.975,0,0,125,-83.0018
5,0,0,125,-83.0018
