0,0,0,125,-24.0006
0.025,0,0,125,-24.0094
0.05,0,0,125,-24.0271
0.075,0,0,125,-24.0536
0.1,0,0,125,-24.0891
0.125,0,0,125,-24.1336
0.15,0,0,125,-24.1871
0.175,0,0,125,-24.2497
0.2,0,0,125,-24.3214
0.225,0,0,125,-24.4022
0.25,0,0,125,-24.4921
0.275,0,0,125,-24.591
0.3,0,0,125,-24.699
0.325,0,0,125,-24.8159
0.35,0,0,125,-24.9418
0.375,0,0,125,-25.0767
0.4,0,0,125,-25.2205
0.425,0,0,125,-25.3733
0.45,0,0,125,-25.5351
0.475,0,0,125,-25.706
0.5,0,0,125,-25.8859
0.525,0,0,125,-26.075
0.55,0,0,125,-26.2733
0.575,0,0,125,-26.4809
0.6,0,0,125,-26.6979
0.625,0,0,125,-26.9245
0.65,0,0,125,-27.1608
0.675,0,0,125,-27.4068
0.7,0,0,125,-27.6629
0.725,0,0,125,-27.9291
0.75,0,0,125,-28.2057
0.775,0,0,125,-28.4929
0.8,0,0,125,-28.791
0.825,0,0,125,-29.1002
0.85,0,0,125,-29.4208
0.875,0,0,125,-29.7531
0.9,0,0,125,-30.0975
0.925,0,0,125,-30.4542
0.95,0,0,125,-30.8237
0.975,0,0,125,-31.2064
1,0,0,125,-31.6025
1.025,0,0,125,-32.0127
1.05,0,0,125,-32.4373
1.075,0,0,125,-32.8769
1.1,0,0,125,-33.3318
1.125,0,0,125,-33.8026
1.15,0,0,125,-34.2899
1.175,0,0,125,-34.7941
1.2,0,0,125,-35.3157
1.225,0,0,125,-35.8554
1.25,0,0,125,-36.4136
1.275,0,0,125,-36.9908
1.3,0,0,125,-37.5876
1.325,0,0,125,-38.2043
1.35,0,0,125,-38.8416
1.375,0,0,125,-39.4996
1.4,0,0,125,-40.1788
1.425,0,0,125,-40.8795
1.45,0,0,125,-41.6018
1.475,0,0,125,-42.3458
1.5,0,0,125,-43.1115
1.525,0,0,125,-43.8989
1.55,0,0,125,-44.7077
1.575,0,0,125,-45.5375
1.6,0,0,125,-46.3877
1.625,0,0,125,-47.2578
1.65,0,0,125,-48.1468
1.675,0,0,125,-49.0538
1.7,0,0,125,-49.9774
1.725,0,0,125,-50.9165
1.75,0,0,125,-51.8693
1.775,0,0,125,-52.8343
1.8,0,0,125,-53.8094
1.825,0,0,125,-54.7928
1.85,0,0,125,-55.7821
1.875,0,0,125,-56.7751
1.9,0,0,125,-57.7695
1.925,0,0,125,-58.7628
1.95,0,0,125,-59.7524
1.975,0,0,125,-60.7359
2,0,0,125,-61.7106
2.025,0,0,125,-62.6741
2.05,0,0,125,-63.624
2.075,0,0,125,-64.5579
2.1,0,0,125,-65.4736
2.125,0,0,125,-66.3691
2.15,0,0,125,-67.2424
2.175,0,0,125,-68.0917
2.2,0,0,125,-68.9156
2.225,0,0,125,-69.7127
2.25,0,0,125,-70.4819
2.275,0,0,125,-71.2223
2.3,0,0,125,-71.9332
2.325,0,0,125,-72.6141
2.35,0,0,125,-73.2649
2.375,0,0,125,-73.8853
2.4,0,0,125,-74.4755
2.425,0,0,125,-75.0359
2.45,0,0,125,-75.5668
2.475,0,0,125,-76.0688
2.5,0,0,125,-76.5426
2.525,0,0,125,-76.989
2.55,0,0,125,-77.4089
2.575,0,0,125,-77.8033
2.6,0,0,125,-78.173
2.625,0,0,125,-78.5193
2.65,0,0,125,-78.843
2.675,0,0,125,-79.1455
2.7,0,0,125,-79.4276
2.725,0,0,125,-79.6905
2.75,0,0,125,-79.9353
2.775,0,0,125,-80.1631
2.8,0,0,125,-80.3747
2.825,0,0,125,-80.5712
2.85,0,0,125,-80.7537
2.875,0,0,125,-80.9229
2.9,0,0,125,-81.0797
2.925,0,0,125,-81.2251
2.95,0,0,125,-81.3597
2.975,0,0,125,-81.4843
3,0,0,125,-81.5997
3.025,0,0,125,-81.7065
3.05,0,0,125,-81.8053
3.075,0,0,125,-81.8967
3.1,0,0,125,-81.9813
3.125,0,0,125,-82.0595
3.15,0,0,125,-82.1318
3.175,0,0,125,-82.1988
3.2,0,0,125,-82.2607
3.225,0,0,125,-82.318
3.25,0,0,125,-82.371
3.275,0,0,125,-82.4201
3.3,0,0,125,-82.4656
3.325,0,0,125,-82.5076
3.35,0,0,125,-82.5466
3.375,0,0,125,-82.5827
3.4,0,0,125,-82.6162
3.425,0,0,125,-82.6472
3.45,0,0,125,-82.6759
3.475,0,0,125,-82.7026
3.5,0,0,125,-82.7273
3.525,0,0,125,-82.7502
3.55,0,0,125,-82.7714
3.575,0,0,125,-82.7912
3.6,0,0,125,-82.8095
3.625,0,0,125,-82.8264
3.65,0,0,125,-82.8422
3.675,0,0,125,-82.8567
3.7,0,0,125,-82.8703
3.725,0,0,125,-82.8828
3.75,0,0,125,-82.8944
3.775,0,0,125,-82.9051
3.8,0,0,125,-82.9151
3.825,0,0,125,-82.9242
3.85,0,0,125,-82.9327
3.875,0,0,125,-82.9405
3.9,0,0,125,-82.9476
3.925,0,0,125,-82.9542
3.95,0,0,125,-82.9602
3.975,0,0,125,-82.9656
4,0,0,125,-82.9706
4.025,0,0,125,-82.975
4.05,0,0,125,-82.9791
4.075,0,0,125,-82.9827
4.1,0,0,125,-82.9859
4.125,0,0,125,-82.9887
4.15,0,0,125,-82.9911
4.175,0,0,125,-82.9931
4.2,0,0,125,-82.9949
4.225,0,0,125,-82.9962
4.25,0,0,125,-82.9973
4.275,0,0,125,-82.9981
4.3,0,0,125,-82.9986
4.325,0,0,125,-82.9988
4.35,0,0,125,-82.9988
4.375,0,0,125,-82.9985
4.4,0,0,125,-82.998
4.425,0,0,125,-82.9972
4.45,0,0,125,-82.9963
4.475,0,0,125,-82.9951
4.5,0,0,125,-82.9937
4.525,0,0,125,-82.9922
4.55,0,0,125,-82.9905
4.575,0,0,125,-82.9886
4.6,0,0,125,-82.9866
4.625,0,0,125,-82.9844
4.65,0,0,125,-82.9822
4.675,0,0,125,-82.9798
4.7,0,0,125,-82.9773
4.725,0,0,125,-82.9748
4.75,0,0,125,-82.9723
4.775,0,0,125,-82.9697
4.8,0,0,125,-82.9671
4.825,0,0,125,-82.9645
4.85,0,0,125,-82.962
4.875,0,0,125,-82.9597
4.9,0,0,125,-82.9575
4.925,0,0,125,-82.9556
4.95,0,0,125,-82.9541
4.975,0,0,125,-82.9531
5,0,0,125,-82.9525
