0,0,0,125,-82.887
0.025,0,0,125,-82.8857
0.05,0,0,125,-82.8827
0.075,0,0,125,-82.8775
0.1,0,0,125,-82.8691
0.125,0,0,125,-82.8559
0.15,0,0,125,-82.8356
0.175,0,0,125,-82.8046
0.2,0,0,125,-82.7578
0.225,0,0,125,-82.6876
0.25,0,0,125,-82.5825
0.275,0,0,125,-82.4258
0.3,0,0,125,-82.1923
0.325,0,0,125,-81.8448
0.35,0,0,125,-81.3281
0.375,0,0,125,-80.5605
0.4,0,0,125,-79.4208
0.425,0,0,125,-77.7301
0.45,0,0,125,-75.2251
0.475,0,0,125,-71.5195
0.5,0,0,125,-66.0509
0.525,0,0,125,-58.0157
0.55,0,0,125,-46.3667
0.575,0,0,125,-30.721
0.6,0,0,125,-15.4905
0.625,0,0,125,-4.88116
0.65,0,0,125,2.00554
0.675,0,0,125,6.42236
0.7,0,0,125,9.22874
0.725,0,0,125,10.9715
0.75,0,0,125,12.0001
0.775,0,0,125,12.5422
0.8,0,0,125,12.7496
0.825,0,0,125,12.7256
0.85,0,0,125,12.5414
0.875,0,0,125,12.2468
0.9,0,0,125,11.8769
0.925,0,0,125,11.4566
0.95,0,0,125,11.0035
0.975,0,0,125,10.5303
1,0,0,125,10.0458
1.025,0,0,125,9.55652
1.05,0,0,125,9.06687
1.075,0,0,125,8.58001
1.1,0,0,125,8.09812
1.125,0,0,125,7.62269
1.15,0,0,125,7.15471
1.175,0,0,125,6.69481
1.2,0,0,125,6.24336
1.225,0,0,125,5.80056
1.25,0,0,125,5.36645
1.275,0,0,125,4.941
1.3,0,0,125,4.52412
1.325,0,0,125,4.11566
1.35,0,0,125,3.71544
1.375,0,0,125,3.32328
1.4,0,0,125,2.93896
1.425,0,0,125,2.56226
1.45,0,0,125,2.19298
1.475,0,0,125,1.83088
1.5,0,0,125,1.47575
1.525,0,0,125,1.12736
1.55,0,0,125,0.785517
1.575,0,0,125,0.449991
1.6,0,0,125,0.12058
1.625,0,0,125,-0.202922
1.65,0,0,125,-0.520714
1.675,0,0,125,-0.832993
1.7,0,0,125,-1.13995
1.725,0,0,125,-1.44178
1.75,0,0,125,-1.73865
1.775,0,0,125,-2.03076
1.8,0,0,125,-2.31828
1.825,0,0,125,-2.60139
1.85,0,0,125,-2.88025
1.875,0,0,125,-3.15503
1.9,0,0,125,-3.4259
1.925,0,0,125,-3.69302
1.95,0,0,125,-3.95655
1.975,0,0,125,-4.21665
2,0,0,125,-4.47346
2.025,0,0,125,-4.72714
2.05,0,0,125,-4.97785
2.075,0,0,125,-5.22572
2.1,0,0,125,-5.4709
2.125,0,0,125,-5.71354
2.15,0,0,125,-5.95377
2.175,0,0,125,-6.19174
2.2,0,0,125,-6.42758
2.225,0,0,125,-6.66143
2.25,0,0,125,-6.89342
2.275,0,0,125,-7.12369
2.3,0,0,125,-7.35235
2.325,0,0,125,-7.57955
2.35,0,0,125,-7.80541
2.375,0,0,125,-8.03005
2.4,0,0,125,-8.2536
2.425,0,0,125,-8.47617
2.45,0,0,125,-8.69789
2.475,0,0,125,-8.91887
2.5,0,0,125,-9.13924
2.525,0,0,125,-9.35909
2.55,0,0,125,-9.57855
2.575,0,0,125,-9.79772
2.6,0,0,125,-10.0167
2.625,0,0,125,-10.2356
2.65,0,0,125,-10.4545
2.675,0,0,125,-10.6736
2.7,0,0,125,-10.8928
2.725,0,0,125,-11.1124
2.75,0,0,125,-11.3323
2.775,0,0,125,-11.5527
2.8,0,0,125,-11.7737
2.825,0,0,125,-11.9952
2.85,0,0,125,-12.2174
2.875,0,0,125,-12.4404
2.9,0,0,125,-12.6641
2.925,0,0,125,-12.8887
2.95,0,0,125,-13.1141
2.975,0,0,125,-13.3405
3,0,0,125,-13.5678
3.025,0,0,125,-13.796
3.05,0,0,125,-14.0251
3.075,0,0,125,-14.2552
3.1,0,0,125,-14.4861
3.125,0,0,125,-14.718
3.15,0,0,125,-14.9507
3.175,0,0,125,-15.1842
3.2,0,0,125,-15.4184
3.225,0,0,125,-15.6532
3.25,0,0,125,-15.8885
3.275,0,0,125,-16.1243
3.3,0,0,125,-16.3603
3.325,0,0,125,-16.5965
3.35,0,0,125,-16.8327
3.375,0,0,125,-17.0686
3.4,0,0,125,-17.3042
3.425,0,0,125,-17.5391
3.45,0,0,125,-17.7731
3.475,0,0,125,-18.006
3.5,0,0,125,-18.2375
3.525,0,0,125,-18.4672
3.55,0,0,125,-18.695
3.575,0,0,125,-18.9203
3.6,0,0,125,-19.1429
3.625,0,0,125,-19.3624
3.65,0,0,125,-19.5784
3.675,0,0,125,-19.7905
3.7,0,0,125,-19.9981
3.725,0,0,125,-20.201
3.75,0,0,125,-20.3986
3.775,0,0,125,-20.5904
3.8,0,0,125,-20.776
3.825,0,0,125,-20.9548
3.85,0,0,125,-21.1264
3.875,0,0,125,-21.2901
3.9,0,0,125,-21.4456
3.925,0,0,125,-21.5922
3.95,0,0,125,-21.7295
3.975,0,0,125,-21.8569
4,0,0,125,-21.974
4.025,0,0,125,-22.0802
4.05,0,0,125,-22.1751
4.075,0,0,125,-22.2582
4.1,0,0,125,-22.3291
4.125,0,0,125,-22.3874
4.15,0,0,125,-22.4328
4.175,0,0,125,-22.4649
4.2,0,0,125,-22.4834
4.225,0,0,125,-22.4883
4.25,0,0,125,-22.4792
4.275,0,0,125,-22.4561
4.3,0,0,125,-22.419
4.325,0,0,125,-22.3679
4.35,0,0,125,-22.3031
4.375,0,0,125,-22.2246
4.4,0,0,125,-22.133
4.425,0,0,125,-22.0285
4.45,0,0,125,-21.9118
4.475,0,0,125,-21.7835
4.5,0,0,125,-21.6445
4.525,0,0,125,-21.4956
4.55,0,0,125,-21.3378
4.575,0,0,125,-21.1725
4.6,0,0,125,-21.0009
4.625,0,0,125,-20.8245
4.65,0,0,125,-20.645
4.675,0,0,125,-20.4642
4.7,0,0,125,-20.284
4.725,0,0,125,-20.1066
4.75,0,0,125,-19.9344
4.775,0,0,125,-19.7696
4.8,0,0,125,-19.6151
4.825,0,0,125,-19.4733
4.85,0,0,125,-19.3469
4.875,0,0,125,-19.2378
4.9,0,0,125,-19.1473
4.925,0,0,125,-19.0755
4.95,0,0,125,-19.0221
4.975,0,0,125,-18.9867
5,0,0,125,-18.969
