0,0,0,125,-82.9304
0.025,0,0,125,-82.9308
0.05,0,0,125,-82.9315
0.075,0,0,125,-82.9324
0.1,0,0,125,-82.9335
0.125,0,0,125,-82.9347
0.15,0,0,125,-82.9357
0.175,0,0,125,-82.9365
0.2,0,0,125,-82.9371
0.225,0,0,125,-82.9373
0.25,0,0,125,-82.937
0.275,0,0,125,-82.9363
0.3,0,0,125,-82.9351
0.325,0,0,125,-82.9333
0.35,0,0,125,-82.9308
0.375,0,0,125,-82.9275
0.4,0,0,125,-82.9235
0.425,0,0,125,-82.9187
0.45,0,0,125,-82.9129
0.475,0,0,125,-82.9061
0.5,0,0,125,-82.8982
0.525,0,0,125,-82.889
0.55,0,0,125,-82.8786
0.575,0,0,125,-82.8667
0.6,0,0,125,-82.8533
0.625,0,0,125,-82.8381
0.65,0,0,125,-82.8211
0.675,0,0,125,-82.8021
0.7,0,0,125,-82.7808
0.725,0,0,125,-82.7571
0.75,0,0,125,-82.7307
0.775,0,0,125,-82.7014
0.8,0,0,125,-82.669
0.825,0,0,125,-82.633
0.85,0,0,125,-82.5931
0.875,0,0,125,-82.5491
0.9,0,0,125,-82.5004
0.925,0,0,125,-82.4466
0.95,0,0,125,-82.3873
0.975,0,0,125,-82.3218
1,0,0,125,-82.2496
1.025,0,0,125,-82.17
1.05,0,0,125,-82.0822
1.075,0,0,125,-81.9855
1.1,0,0,125,-81.8791
1.125,0,0,125,-81.7618
1.15,0,0,125,-81.6327
1.175,0,0,125,-81.4906
1.2,0,0,125,-81.3343
1.225,0,0,125,-81.1623
1.25,0,0,125,-80.9732
1.275,0,0,125,-80.7652
1.3,0,0,125,-80.5368
1.325,0,0,125,-80.2858
1.35,0,0,125,-80.0103
1.375,0,0,125,-79.7079
1.4,0,0,125,-79.3764
1.425,0,0,125,-79.0131
1.45,0,0,125,-78.6153
1.475,0,0,125,-78.1803
1.5,0,0,125,-77.7049
1.525,0,0,125,-77.186
1.55,0,0,125,-76.6206
1.575,0,0,125,-76.0052
1.6,0,0,125,-75.3368
1.625,0,0,125,-74.6121
1.65,0,0,125,-73.8282
1.675,0,0,125,-72.9822
1.7,0,0,125,-72.0716
1.725,0,0,125,-71.0945
1.75,0,0,125,-70.0493
1.775,0,0,125,-68.9352
1.8,0,0,125,-67.7522
1.825,0,0,125,-66.501
1.85,0,0,125,-65.1835
1.875,0,0,125,-63.8024
1.9,0,0,125,-62.3614
1.925,0,0,125,-60.8652
1.95,0,0,125,-59.3195
1.975,0,0,125,-57.7308
2,0,0,125,-56.1061
2.025,0,0,125,-54.453
2.05,0,0,125,-52.7795
2.075,0,0,125,-51.0935
2.1,0,0,125,-49.4029
2.125,0,0,125,-47.7151
2.15,0,0,125,-46.0372
2.175,0,0,125,-44.3758
2.2,0,0,125,-42.7365
2.225,0,0,125,-41.1243
2.25,0,0,125,-39.5434
2.275,0,0,125,-37.9974
2.3,0,0,125,-36.4888
2.325,0,0,125,-35.0199
2.35,0,0,125,-33.5923
2.375,0,0,125,-32.2069
2.4,0,0,125,-30.8645
2.425,0,0,125,-29.5656
2.45,0,0,125,-28.3103
2.475,0,0,125,-27.0985
2.5,0,0,125,-25.9301
2.525,0,0,125,-24.8048
2.55,0,0,125,-23.722
2.575,0,0,125,-22.6812
2.6,0,0,125,-21.6818
2.625,0,0,125,-20.7229
2.65,0,0,125,-19.8038
2.675,0,0,125,-18.9235
2.7,0,0,125,-18.0809
2.725,0,0,125,-17.2752
2.75,0,0,125,-16.505
2.775,0,0,125,-15.7694
2.8,0,0,125,-15.0671
2.825,0,0,125,-14.3969
2.85,0,0,125,-13.7577
2.875,0,0,125,-13.1482
2.9,0,0,125,-12.5673
2.925,0,0,125,-12.0136
2.95,0,0,125,-11.4861
2.975,0,0,125,-10.9836
3,0,0,125,-10.5049
3.025,0,0,125,-10.049
3.05,0,0,125,-9.61478
3.075,0,0,125,-9.20117
3.1,0,0,125,-8.80719
3.125,0,0,125,-8.43187
3.15,0,0,125,-8.07426
3.175,0,0,125,-7.73349
3.2,0,0,125,-7.40869
3.225,0,0,125,-7.09903
3.25,0,0,125,-6.80374
3.275,0,0,125,-6.52206
3.3,0,0,125,-6.2533
3.325,0,0,125,-5.99677
3.35,0,0,125,-5.75183
3.375,0,0,125,-5.51788
3.4,0,0,125,-5.29434
3.425,0,0,125,-5.08066
3.45,0,0,125,-4.87633
3.475,0,0,125,-4.68086
3.5,0,0,125,-4.49379
3.525,0,0,125,-4.31467
3.55,0,0,125,-4.14312
3.575,0,0,125,-3.97873
3.6,0,0,125,-3.82114
3.625,0,0,125,-3.67002
3.65,0,0,125,-3.52503
3.675,0,0,125,-3.38588
3.7,0,0,125,-3.25227
3.725,0,0,125,-3.12395
3.75,0,0,125,-3.00064
3.775,0,0,125,-2.88213
3.8,0,0,125,-2.76818
3.825,0,0,125,-2.65859
3.85,0,0,125,-2.55315
3.875,0,0,125,-2.45169
3.9,0,0,125,-2.35403
3.925,0,0,125,-2.26
3.95,0,0,125,-2.16946
3.975,0,0,125,-2.08227
4,0,0,125,-1.99827
4.025,0,0,125,-1.91736
4.05,0,0,125,-1.83941
4.075,0,0,125,-1.76432
4.1,0,0,125,-1.69198
4.125,0,0,125,-1.62229
4.15,0,0,125,-1.55516
4.175,0,0,125,-1.49051
4.2,0,0,125,-1.42827
4.225,0,0,125,-1.36835
4.25,0,0,125,-1.31068
4.275,0,0,125,-1.25522
4.3,0,0,125,-1.20189
4.325,0,0,125,-1.15065
4.35,0,0,125,-1.10145
4.375,0,0,125,-1.05423
4.4,0,0,125,-1.00897
4.425,0,0,125,-0.96563
4.45,0,0,125,-0.924173
4.475,0,0,125,-0.884571
4.5,0,0,125,-0.846798
4.525,0,0,125,-0.810835
4.55,0,0,125,-0.776672
4.575,0,0,125,-0.744299
4.6,0,0,125,-0.713711
4.625,0,0,125,-0.684898
4.65,0,0,125,-0.657865
4.675,0,0,125,-0.632622
4.7,0,0,125,-0.609173
4.725,0,0,125,-0.58753
4.75,0,0,125,-0.567716
4.775,0,0,125,-0.549739
4.8,0,0,125,-0.533624
4.825,0,0,125,-0.519387
4.85,0,0,125,-0.507036
4.875,0,0,125,-0.49657
4.9,0,0,125,-0.487947
4.925,0,0,125,-0.481121
4.95,0,0,125,-0.476041
4.975,0,0,125,-0.472672
5,0,0,125,-0.470987
