0,0,0,125,-78.8916
0.025,0,0,125,-78.896
0.05,0,0,125,-78.9047
0.075,0,0,125,-78.9177
0.1,0,0,125,-78.9349
0.125,0,0,125,-78.9563
0.15,0,0,125,-78.9817
0.175,0,0,125,-79.0112
0.2,0,0,125,-79.0445
0.225,0,0,125,-79.0815
0.25,0,0,125,-79.1221
0.275,0,0,125,-79.1662
0.3,0,0,125,-79.2136
0.325,0,0,125,-79.2641
0.35,0,0,125,-79.3176
0.375,0,0,125,-79.3738
0.4,0,0,125,-79.4327
0.425,0,0,125,-79.4939
0.45,0,0,125,-79.5574
0.475,0,0,125,-79.6229
0.5,0,0,125,-79.6902
0.525,0,0,125,-79.7592
0.55,0,0,125,-79.8295
0.575,0,0,125,-79.901
0.6,0,0,125,-79.9736
0.625,0,0,125,-80.047
0.65,0,0,125,-80.1211
0.675,0,0,125,-80.1956
0.7,0,0,125,-80.2704
0.725,0,0,125,-80.3453
0.75,0,0,125,-80.4201
0.775,0,0,125,-80.4947
0.8,0,0,125,-80.569
0.825,0,0,125,-80.6428
0.85,0,0,125,-80.7159
0.875,0,0,125,-80.7882
0.9,0,0,125,-80.8597
0.925,0,0,125,-80.9301
0.95,0,0,125,-80.9995
0.975,0,0,125,-81.0678
1,0,0,125,-81.1347
1.025,0,0,125,-81.2004
1.05,0,0,125,-81.2646
1.075,0,0,125,-81.3275
1.1,0,0,125,-81.3888
1.125,0,0,125,-81.4486
1.15,0,0,125,-81.5069
1.175,0,0,125,-81.5636
1.2,0,0,125,-81.6186
1.225,0,0,125,-81.6721
1.25,0,0,125,-81.724
1.275,0,0,125,-81.7743
1.3,0,0,125,-81.823
1.325,0,0,125,-81.8701
1.35,0,0,125,-81.9156
1.375,0,0,125,-81.9596
1.4,0,0,125,-82.002
1.425,0,0,125,-82.043
1.45,0,0,125,-82.0825
1.475,0,0,125,-82.1205
1.5,0,0,125,-82.1572
1.525,0,0,125,-82.1926
1.55,0,0,125,-82.2266
1.575,0,0,125,-82.2593
1.6,0,0,125,-82.2908
1.625,0,0,125,-82.3212
1.65,0,0,125,-82.3504
1.675,0,0,125,-82.3784
1.7,0,0,125,-82.4055
1.725,0,0,125,-82.4315
1.75,0,0,125,-82.4566
1.775,0,0,125,-82.4807
1.8,0,0,125,-82.504
1.825,0,0,125,-82.5264
1.85,0,0,125,-82.548
1.875,0,0,125,-82.5689
1.9,0,0,125,-82.589
1.925,0,0,125,-82.6085
1.95,0,0,125,-82.6273
1.975,0,0,125,-82.6456
2,0,0,125,-82.6632
2.025,0,0,125,-82.6803
2.05,0,0,125,-82.6969
2.075,0,0,125,-82.713
2.1,0,0,125,-82.7287
2.125,0,0,125,-82.7439
2.15,0,0,125,-82.7587
2.175,0,0,125,-82.7732
2.2,0,0,125,-82.7872
2.225,0,0,125,-82.801
2.25,0,0,125,-82.8144
2.275,0,0,125,-82.8276
2.3,0,0,125,-82.8405
2.325,0,0,125,-82.8531
2.35,0,0,125,-82.8654
2.375,0,0,125,-82.8776
2.4,0,0,125,-82.8895
2.425,0,0,125,-82.9011
2.45,0,0,125,-82.9126
2.475,0,0,125,-82.9239
2.5,0,0,125,-82.935
2.525,0,0,125,-82.946
2.55,0,0,125,-82.9567
2.575,0,0,125,-82.9673
2.6,0,0,125,-82.9778
2.625,0,0,125,-82.9881
2.65,0,0,125,-82.9982
2.675,0,0,125,-83.0082
2.7,0,0,125,-83.018
2.725,0,0,125,-83.0277
2.75,0,0,125,-83.0372
2.775,0,0,125,-83.0466
2.8,0,0,125,-83.0559
2.825,0,0,125,-83.065
2.85,0,0,125,-83.074
2.875,0,0,125,-83.0828
2.9,0,0,125,-83.0915
2.925,0,0,125,-83.1001
2.95,0,0,125,-83.1085
2.975,0,0,125,-83.1168
3,0,0,125,-83.1249
3.025,0,0,125,-83.133
3.05,0,0,125,-83.1408
3.075,0,0,125,-83.1485
3.1,0,0,125,-83.156
3.125,0,0,125,-83.1634
3.15,0,0,125,-83.1706
3.175,0,0,125,-83.1777
3.2,0,0,125,-83.1847
3.225,0,0,125,-83.1915
3.25,0,0,125,-83.1981
3.275,0,0,125,-83.2045
3.3,0,0,125,-83.2109
3.325,0,0,125,-83.217
3.35,0,0,125,-83.223
3.375,0,0,125,-83.2288
3.4,0,0,125,-83.2345
3.425,0,0,125,-83.24
3.45,0,0,125,-83.2453
3.475,0,0,125,-83.2505
3.5,0,0,125,-83.2555
3.525,0,0,125,-83.2603
3.55,0,0,125,-83.265
3.575,0,0,125,-83.2695
3.6,0,0,125,-83.2739
3.625,0,0,125,-83.2781
3.65,0,0,125,-83.2821
3.675,0,0,125,-83.2859
3.7,0,0,125,-83.2896
3.725,0,0,125,-83.2931
3.75,0,0,125,-83.2965
3.775,0,0,125,-83.2996
3.8,0,0,125,-83.3026
3.825,0,0,125,-83.3054
3.85,0,0,125,-83.308
3.875,0,0,125,-83.3104
3.9,0,0,125,-83.3127
3.925,0,0,125,-83.3147
3.95,0,0,125,-83.3166
3.975,0,0,125,-83.3183
4,0,0,125,-83.3197
4.025,0,0,125,-83.3211
4.05,0,0,125,-83.3222
4.075,0,0,125,-83.3231
4.1,0,0,125,-83.3239
4.125,0,0,125,-83.3246
4.15,0,0,125,-83.325
4.175,0,0,125,-83.3254
4.2,0,0,125,-83.3255
4.225,0,0,125,-83.3255
4.25,0,0,125,-83.3253
4.275,0,0,125,-83.325
4.3,0,0,125,-83.3245
4.325,0,0,125,-83.3238
4.35,0,0,125,-83.323
4.375,0,0,125,-83.3221
4.4,0,0,125,-83.321
4.425,0,0,125,-83.3198
4.45,0,0,125,-83.3185
4.475,0,0,125,-83.317
4.5,0,0,125,-83.3154
4.525,0,0,125,-83.3137
4.55,0,0,125,-83.3118
4.575,0,0,125,-83.3099
4.6,0,0,125,-83.3079
4.625,0,0,125,-83.3059
4.65,0,0,125,-83.3037
4.675,0,0,125,-83.3015
4.7,0,0,125,-83.2992
4.725,0,0,125,-83.2969
4.75,0,0,125,-83.2946
4.775,0,0,125,-83.2922
4.8,0,0,125,-83.2899
4.825,0,0,125,-83.2876
4.85,0,0,125,-83.2855
4.875,0,0,125,-83.2834
4.9,0,0,125,-83.2815
4.925,0,0,125,-83.2799
4.95,0,0,125,-83.2787
4.975,0,0,125,-83.2778
5,0,0,125,-83.2773
