0,0,0,125,-24.7653
0.025,0,0,125,-24.7611
0.05,0,0,125,-24.7529
0.075,0,0,125,-24.7409
0.1,0,0,125,-24.7256
0.125,0,0,125,-24.7076
0.15,0,0,125,-24.6873
0.175,0,0,125,-24.6653
0.2,0,0,125,-24.642
0.225,0,0,125,-24.6175
0.25,0,0,125,-24.5922
0.275,0,0,125,-24.5662
0.3,0,0,125,-24.5399
0.325,0,0,125,-24.5135
0.35,0,0,125,-24.4872
0.375,0,0,125,-24.4612
0.4,0,0,125,-24.4357
0.425,0,0,125,-24.411
0.45,0,0,125,-24.3873
0.475,0,0,125,-24.3648
0.5,0,0,125,-24.3437
0.525,0,0,125,-24.3243
0.55,0,0,125,-24.3067
0.575,0,0,125,-24.2912
0.6,0,0,125,-24.2779
0.625,0,0,125,-24.2672
0.65,0,0,125,-24.2592
0.675,0,0,125,-24.254
0.7,0,0,125,-24.2521
0.725,0,0,125,-24.2535
0.75,0,0,125,-24.2585
0.775,0,0,125,-24.2673
0.8,0,0,125,-24.2802
0.825,0,0,125,-24.2974
0.85,0,0,125,-24.3191
0.875,0,0,125,-24.3455
0.9,0,0,125,-24.377
0.925,0,0,125,-24.4138
0.95,0,0,125,-24.456
0.975,0,0,125,-24.5041
1,0,0,125,-24.5582
1.025,0,0,125,-24.6186
1.05,0,0,125,-24.6856
1.075,0,0,125,-24.7595
1.1,0,0,125,-24.8406
1.125,0,0,125,-24.9291
1.15,0,0,125,-25.0254
1.175,0,0,125,-25.1298
1.2,0,0,125,-25.2425
1.225,0,0,125,-25.364
1.25,0,0,125,-25.4946
1.275,0,0,125,-25.6345
1.3,0,0,125,-25.7841
1.325,0,0,125,-25.9438
1.35,0,0,125,-26.114
1.375,0,0,125,-26.2949
1.4,0,0,125,-26.4871
1.425,0,0,125,-26.6908
1.45,0,0,125,-26.9064
1.475,0,0,125,-27.1345
1.5,0,0,125,-27.3752
1.525,0,0,125,-27.6292
1.55,0,0,125,-27.8968
1.575,0,0,125,-28.1784
1.6,0,0,125,-28.4745
1.625,0,0,125,-28.7855
1.65,0,0,125,-29.112
1.675,0,0,125,-29.4543
1.7,0,0,125,-29.813
1.725,0,0,125,-30.1886
1.75,0,0,125,-30.5815
1.775,0,0,125,-30.9923
1.8,0,0,125,-31.4214
1.825,0,0,125,-31.8696
1.85,0,0,125,-32.3372
1.875,0,0,125,-32.8249
1.9,0,0,125,-33.3331
1.925,0,0,125,-33.8625
1.95,0,0,125,-34.4136
1.975,0,0,125,-34.9869
2,0,0,125,-35.5831
2.025,0,0,125,-36.2025
2.05,0,0,125,-36.8457
2.075,0,0,125,-37.5131
2.1,0,0,125,-38.2052
2.125,0,0,125,-38.9222
2.15,0,0,125,-39.6645
2.175,0,0,125,-40.4322
2.2,0,0,125,-41.2254
2.225,0,0,125,-42.044
2.25,0,0,125,-42.8879
2.275,0,0,125,-43.7568
2.3,0,0,125,-44.6501
2.325,0,0,125,-45.5672
2.35,0,0,125,-46.5072
2.375,0,0,125,-47.4691
2.4,0,0,125,-48.4514
2.425,0,0,125,-49.4529
2.45,0,0,125,-50.4716
2.475,0,0,125,-51.5057
2.5,0,0,125,-52.553
2.525,0,0,125,-53.6112
2.55,0,0,125,-54.6776
2.575,0,0,125,-55.7497
2.6,0,0,125,-56.8245
2.625,0,0,125,-57.8991
2.65,0,0,125,-58.9704
2.675,0,0,125,-60.0354
2.7,0,0,125,-61.091
2.725,0,0,125,-62.1342
2.75,0,0,125,-63.1619
2.775,0,0,125,-64.1714
2.8,0,0,125,-65.16
2.825,0,0,125,-66.125
2.85,0,0,125,-67.0642
2.875,0,0,125,-67.9755
2.9,0,0,125,-68.8572
2.925,0,0,125,-69.7076
2.95,0,0,125,-70.5255
2.975,0,0,125,-71.31
3,0,0,125,-72.0602
3.025,0,0,125,-72.7759
3.05,0,0,125,-73.4567
3.075,0,0,125,-74.1028
3.1,0,0,125,-74.7145
3.125,0,0,125,-75.2923
3.15,0,0,125,-75.8369
3.175,0,0,125,-76.349
3.2,0,0,125,-76.8298
3.225,0,0,125,-77.2802
3.25,0,0,125,-77.7014
3.275,0,0,125,-78.0948
3.3,0,0,125,-78.4615
3.325,0,0,125,-78.8029
3.35,0,0,125,-79.1203
3.375,0,0,125,-79.4151
3.4,0,0,125,-79.6885
3.425,0,0,125,-79.9419
3.45,0,0,125,-80.1764
3.475,0,0,125,-80.3934
3.5,0,0,125,-80.594
3.525,0,0,125,-80.7793
3.55,0,0,125,-80.9503
3.575,0,0,125,-81.1081
3.6,0,0,125,-81.2537
3.625,0,0,125,-81.3879
3.65,0,0,125,-81.5116
3.675,0,0,125,-81.6255
3.7,0,0,125,-81.7305
3.725,0,0,125,-81.8272
3.75,0,0,125,-81.9163
3.775,0,0,125,-81.9983
3.8,0,0,125,-82.0738
3.825,0,0,125,-82.1434
3.85,0,0,125,-82.2074
3.875,0,0,125,-82.2664
3.9,0,0,125,-82.3207
3.925,0,0,125,-82.3707
3.95,0,0,125,-82.4167
3.975,0,0,125,-82.4591
4,0,0,125,-82.4982
4.025,0,0,125,-82.5342
4.05,0,0,125,-82.5673
4.075,0,0,125,-82.5978
4.1,0,0,125,-82.626
4.125,0,0,125,-82.6519
4.15,0,0,125,-82.6757
4.175,0,0,125,-82.6977
4.2,0,0,125,-82.7179
4.225,0,0,125,-82.7365
4.25,0,0,125,-82.7537
4.275,0,0,125,-82.7694
4.3,0,0,125,-82.7839
4.325,0,0,125,-82.7973
4.35,0,0,125,-82.8095
4.375,0,0,125,-82.8207
4.4,0,0,125,-82.8311
4.425,0,0,125,-82.8405
4.45,0,0,125,-82.8492
4.475,0,0,125,-82.8571
4.5,0,0,125,-82.8643
4.525,0,0,125,-82.8709
4.55,0,0,125,-82.8769
4.575,0,0,125,-82.8824
4.6,0,0,125,-82.8873
4.625,0,0,125,-82.8917
4.65,0,0,125,-82.8957
4.675,0,0,125,-82.8993
4.7,0,0,125,-82.9025
4.725,0,0,125,-82.9054
4.75,0,0,125,-82.9079
4.775,0,0,125,-82.91
4.8,0,0,125,-82.9119
4.825,0,0,125,-82.9135
4.85,0,0,125,-82.9148
4.875,0,0,125,-82.9158
4.9,0,0,125,-82.9166
4.925,0,0,125,-82.9173
4.95,0,0,125,-82.9177
4.975,0,0,125,-82.918
5,0,0,125,-82.9181
