0,0,0,125,12.2699
0.025,0,0,125,12.2734
0.05,0,0,125,12.2801
0.075,0,0,125,12.2898
0.1,0,0,125,12.3022
0.125,0,0,125,12.3166
0.15,0,0,125,12.3327
0.175,0,0,125,12.3501
0.2,0,0,125,12.3686
0.225,0,0,125,12.3879
0.25,0,0,125,12.408
0.275,0,0,125,12.4289
0.3,0,0,125,12.4503
0.325,0,0,125,12.4723
0.35,0,0,125,12.4949
0.375,0,0,125,12.5178
0.4,0,0,125,12.5412
0.425,0,0,125,12.5648
0.45,0,0,125,12.5888
0.475,0,0,125,12.6131
0.5,0,0,125,12.6376
0.525,0,0,125,12.6623
0.55,0,0,125,12.6872
0.575,0,0,125,12.7123
0.6,0,0,125,12.7375
0.625,0,0,125,12.7629
0.65,0,0,125,12.7883
0.675,0,0,125,12.8139
0.7,0,0,125,12.8395
0.725,0,0,125,12.8652
0.75,0,0,125,12.8909
0.775,0,0,125,12.9167
0.8,0,0,125,12.9426
0.825,0,0,125,12.9684
0.85,0,0,125,12.9943
0.875,0,0,125,13.0203
0.9,0,0,125,13.0462
0.925,0,0,125,13.0721
0.95,0,0,125,13.098
0.975,0,0,125,13.1239
1,0,0,125,13.1499
1.025,0,0,125,13.1758
1.05,0,0,125,13.2016
1.075,0,0,125,13.2275
1.1,0,0,125,13.2533
1.125,0,0,125,13.2791
1.15,0,0,125,13.3049
1.175,0,0,125,13.3307
1.2,0,0,125,13.3564
1.225,0,0,125,13.3821
1.25,0,0,125,13.4077
1.275,0,0,125,13.4333
1.3,0,0,125,13.4589
1.325,0,0,125,13.4844
1.35,0,0,125,13.5099
1.375,0,0,125,13.5353
1.4,0,0,125,13.5607
1.425,0,0,125,13.586
1.45,0,0,125,13.6113
1.475,0,0,125,13.6366
1.5,0,0,125,13.6618
1.525,0,0,125,13.6869
1.55,0,0,125,13.712
1.575,0,0,125,13.7371
1.6,0,0,125,13.7621
1.625,0,0,125,13.787
1.65,0,0,125,13.8119
1.675,0,0,125,13.8367
1.7,0,0,125,13.8615
1.725,0,0,125,13.8862
1.75,0,0,125,13.9108
1.775,0,0,125,13.9354
1.8,0,0,125,13.9599
1.825,0,0,125,13.9844
1.85,0,0,125,14.0088
1.875,0,0,125,14.0332
1.9,0,0,125,14.0574
1.925,0,0,125,14.0816
1.95,0,0,125,14.1058
1.975,0,0,125,14.1299
2,0,0,125,14.1539
2.025,0,0,125,14.1779
2.05,0,0,125,14.2017
2.075,0,0,125,14.2255
2.1,0,0,125,14.2493
2.125,0,0,125,14.273
2.15,0,0,125,14.2966
2.175,0,0,125,14.3201
2.2,0,0,125,14.3436
2.225,0,0,125,14.367
2.25,0,0,125,14.3903
2.275,0,0,125,14.4135
2.3,0,0,125,14.4367
2.325,0,0,125,14.4598
2.35,0,0,125,14.4828
2.375,0,0,125,14.5057
2.4,0,0,125,14.5286
2.425,0,0,125,14.5514
2.45,0,0,125,14.5741
2.475,0,0,125,14.5968
2.5,0,0,125,14.6193
2.525,0,0,125,14.6418
2.55,0,0,125,14.6642
2.575,0,0,125,14.6865
2.6,0,0,125,14.7088
2.625,0,0,125,14.731
2.65,0,0,125,14.7531
2.675,0,0,125,14.7751
2.7,0,0,125,14.797
2.725,0,0,125,14.8188
2.75,0,0,125,14.8406
2.775,0,0,125,14.8623
2.8,0,0,125,14.8839
2.825,0,0,125,14.9055
2.85,0,0,125,14.9269
2.875,0,0,125,14.9483
2.9,0,0,125,14.9696
2.925,0,0,125,14.9908
2.95,0,0,125,15.0119
2.975,0,0,125,15.033
3,0,0,125,15.054
3.025,0,0,125,15.0749
3.05,0,0,125,15.0957
3.075,0,0,125,15.1164
3.1,0,0,125,15.1371
3.125,0,0,125,15.1577
3.15,0,0,125,15.1782
3.175,0,0,125,15.1987
3.2,0,0,125,15.219
3.225,0,0,125,15.2393
3.25,0,0,125,15.2596
3.275,0,0,125,15.2797
3.3,0,0,125,15.2998
3.325,0,0,125,15.3198
3.35,0,0,125,15.3398
3.375,0,0,125,15.3597
3.4,0,0,125,15.3795
3.425,0,0,125,15.3993
3.45,0,0,125,15.419
3.475,0,0,125,15.4386
3.5,0,0,125,15.4582
3.525,0,0,125,15.4777
3.55,0,0,125,15.4972
3.575,0,0,125,15.5166
3.6,0,0,125,15.536
3.625,0,0,125,15.5553
3.65,0,0,125,15.5746
3.675,0,0,125,15.5938
3.7,0,0,125,15.613
3.725,0,0,125,15.6322
3.75,0,0,125,15.6513
3.775,0,0,125,15.6704
3.8,0,0,125,15.6894
3.825,0,0,125,15.7084
3.85,0,0,125,15.7274
3.875,0,0,125,15.7463
3.9,0,0,125,15.7653
3.925,0,0,125,15.7841
3.95,0,0,125,15.803
3.975,0,0,125,15.8218
4,0,0,125,15.8406
4.025,0,0,125,15.8594
4.05,0,0,125,15.8781
4.075,0,0,125,15.8968
4.1,0,0,125,15.9155
4.125,0,0,125,15.9341
4.15,0,0,125,15.9527
4.175,0,0,125,15.9712
4.2,0,0,125,15.9897
4.225,0,0,125,16.0081
4.25,0,0,125,16.0264
4.275,0,0,125,16.0447
4.3,0,0,125,16.0629
4.325,0,0,125,16.081
4.35,0,0,125,16.0989
4.375,0,0,125,16.1168
4.4,0,0,125,16.1344
4.425,0,0,125,16.1519
4.45,0,0,125,16.1693
4.475,0,0,125,16.1864
4.5,0,0,125,16.2032
4.525,0,0,125,16.2198
4.55,0,0,125,16.2361
4.575,0,0,125,16.252
4.6,0,0,125,16.2675
4.625,0,0,125,16.2826
4.65,0,0,125,16.2972
4.675,0,0,125,16.3114
4.7,0,0,125,16.3249
4.725,0,0,125,16.3378
4.75,0,0,125,16.35
4.775,0,0,125,16.3614
4.8,0,0,125,16.3721
4.825,0,0,125,16.3818
4.85,0,0,125,16.3906
4.875,0,0,125,16.3984
4.9,0,0,125,16.405
4.925,0,0,125,16.4104
4.95,0,0,125,16.4146
4.975,0,0,125,16.4174
5,0,0,125,16.4189
