0,0,0,125,2.8801
0.025,0,0,125,2.8836
0.05,0,0,125,2.89048
0.075,0,0,125,2.90048
0.1,0,0,125,2.91326
0.125,0,0,125,2.92839
0.15,0,0,125,2.94547
0.175,0,0,125,2.96415
0.2,0,0,125,2.98423
0.225,0,0,125,3.00558
0.25,0,0,125,3.02808
0.275,0,0,125,3.05165
0.3,0,0,125,3.07621
0.325,0,0,125,3.10168
0.35,0,0,125,3.12797
0.375,0,0,125,3.15504
0.4,0,0,125,3.18281
0.425,0,0,125,3.21124
0.45,0,0,125,3.24028
0.475,0,0,125,3.26987
0.5,0,0,125,3.29998
0.525,0,0,125,3.33056
0.55,0,0,125,3.36159
0.575,0,0,125,3.39302
0.6,0,0,125,3.42483
0.625,0,0,125,3.45699
0.65,0,0,125,3.48946
0.675,0,0,125,3.52223
0.7,0,0,125,3.55528
0.725,0,0,125,3.58857
0.75,0,0,125,3.6221
0.775,0,0,125,3.65585
0.8,0,0,125,3.68979
0.825,0,0,125,3.72392
0.85,0,0,125,3.75821
0.875,0,0,125,3.79266
0.9,0,0,125,3.82725
0.925,0,0,125,3.86197
0.95,0,0,125,3.89681
0.975,0,0,125,3.93175
1,0,0,125,3.96679
1.025,0,0,125,4.00191
1.05,0,0,125,4.03712
1.075,0,0,125,4.07239
1.1,0,0,125,4.10774
1.125,0,0,125,4.14314
1.15,0,0,125,4.17859
1.175,0,0,125,4.21408
1.2,0,0,125,4.24962
1.225,0,0,125,4.28519
1.25,0,0,125,4.32079
1.275,0,0,125,4.35642
1.3,0,0,125,4.39207
1.325,0,0,125,4.42774
1.35,0,0,125,4.46342
1.375,0,0,125,4.49911
1.4,0,0,125,4.53481
1.425,0,0,125,4.57052
1.45,0,0,125,4.60623
1.475,0,0,125,4.64194
1.5,0,0,125,4.67764
1.525,0,0,125,4.71335
1.55,0,0,125,4.74904
1.575,0,0,125,4.78473
1.6,0,0,125,4.82041
1.625,0,0,125,4.85607
1.65,0,0,125,4.89173
1.675,0,0,125,4.92736
1.7,0,0,125,4.96298
1.725,0,0,125,4.99859
1.75,0,0,125,5.03417
1.775,0,0,125,5.06974
1.8,0,0,125,5.10528
1.825,0,0,125,5.14081
1.85,0,0,125,5.17631
1.875,0,0,125,5.21179
1.9,0,0,125,5.24724
1.925,0,0,125,5.28267
1.95,0,0,125,5.31808
1.975,0,0,125,5.35346
2,0,0,125,5.38881
2.025,0,0,125,5.42414
2.05,0,0,125,5.45944
2.075,0,0,125,5.49471
2.1,0,0,125,5.52996
2.125,0,0,125,5.56518
2.15,0,0,125,5.60036
2.175,0,0,125,5.63552
2.2,0,0,125,5.67065
2.225,0,0,125,5.70575
2.25,0,0,125,5.74083
2.275,0,0,125,5.77587
2.3,0,0,125,5.81088
2.325,0,0,125,5.84586
2.35,0,0,125,5.88082
2.375,0,0,125,5.91574
2.4,0,0,125,5.95063
2.425,0,0,125,5.98549
2.45,0,0,125,6.02032
2.475,0,0,125,6.05512
2.5,0,0,125,6.08989
2.525,0,0,125,6.12463
2.55,0,0,125,6.15933
2.575,0,0,125,6.19401
2.6,0,0,125,6.22866
2.625,0,0,125,6.26327
2.65,0,0,125,6.29785
2.675,0,0,125,6.3324
2.7,0,0,125,6.36693
2.725,0,0,125,6.40141
2.75,0,0,125,6.43587
2.775,0,0,125,6.47029
2.8,0,0,125,6.50469
2.825,0,0,125,6.53905
2.85,0,0,125,6.57337
2.875,0,0,125,6.60767
2.9,0,0,125,6.64193
2.925,0,0,125,6.67616
2.95,0,0,125,6.71036
2.975,0,0,125,6.74452
3,0,0,125,6.77865
3.025,0,0,125,6.81275
3.05,0,0,125,6.84681
3.075,0,0,125,6.88084
3.1,0,0,125,6.91483
3.125,0,0,125,6.94879
3.15,0,0,125,6.98271
3.175,0,0,125,7.0166
3.2,0,0,125,7.05045
3.225,0,0,125,7.08427
3.25,0,0,125,7.11804
3.275,0,0,125,7.15178
3.3,0,0,125,7.18548
3.325,0,0,125,7.21915
3.35,0,0,125,7.25277
3.375,0,0,125,7.28635
3.4,0,0,125,7.31989
3.425,0,0,125,7.35339
3.45,0,0,125,7.38684
3.475,0,0,125,7.42025
3.5,0,0,125,7.45361
3.525,0,0,125,7.48693
3.55,0,0,125,7.52019
3.575,0,0,125,7.55341
3.6,0,0,125,7.58657
3.625,0,0,125,7.61968
3.65,0,0,125,7.65272
3.675,0,0,125,7.68571
3.7,0,0,125,7.71864
3.725,0,0,125,7.7515
3.75,0,0,125,7.78429
3.775,0,0,125,7.81701
3.8,0,0,125,7.84966
3.825,0,0,125,7.88222
3.85,0,0,125,7.9147
3.875,0,0,125,7.94709
3.9,0,0,125,7.97939
3.925,0,0,125,8.01159
3.95,0,0,125,8.04368
3.975,0,0,125,8.07565
4,0,0,125,8.10751
4.025,0,0,125,8.13923
4.05,0,0,125,8.17082
4.075,0,0,125,8.20225
4.1,0,0,125,8.23353
4.125,0,0,125,8.26464
4.15,0,0,125,8.29557
4.175,0,0,125,8.32631
4.2,0,0,125,8.35683
4.225,0,0,125,8.38714
4.25,0,0,125,8.4172
4.275,0,0,125,8.44699
4.3,0,0,125,8.47651
4.325,0,0,125,8.50572
4.35,0,0,125,8.5346
4.375,0,0,125,8.56312
4.4,0,0,125,8.59126
4.425,0,0,125,8.61897
4.45,0,0,125,8.64624
4.475,0,0,125,8.67302
4.5,0,0,125,8.69928
4.525,0,0,125,8.72498
4.55,0,0,125,8.75006
4.575,0,0,125,8.77448
4.6,0,0,125,8.79819
4.625,0,0,125,8.82113
4.65,0,0,125,8.84324
4.675,0,0,125,8.86446
4.7,0,0,125,8.88472
4.725,0,0,125,8.90395
4.75,0,0,125,8.92207
4.775,0,0,125,8.939
4.8,0,0,125,8.95466
4.825,0,0,125,8.96895
4.85,0,0,125,8.98179
4.875,0,0,125,8.99308
4.9,0,0,125,9.00271
4.925,0,0,125,9.01058
4.95,0,0,125,9.01659
4.975,0,0,125,9.02065
5,0,0,125,9.0227
