0,0,0,125,-4.41446
0.025,0,0,125,-4.41025
0.05,0,0,125,-4.40197
0.075,0,0,125,-4.38995
0.1,0,0,125,-4.37467
0.125,0,0,125,-4.35671
0.15,0,0,125,-4.3366
0.175,0,0,125,-4.31484
0.2,0,0,125,-4.29172
0.225,0,0,125,-4.2675
0.25,0,0,125,-4.24238
0.275,0,0,125,-4.21653
0.3,0,0,125,-4.19013
0.325,0,0,125,-4.16334
0.35,0,0,125,-4.13631
0.375,0,0,125,-4.10918
0.4,0,0,125,-4.0821
0.425,0,0,125,-4.0552
0.45,0,0,125,-4.0286
0.475,0,0,125,-4.00242
0.5,0,0,125,-3.97678
0.525,0,0,125,-3.95181
0.55,0,0,125,-3.92761
0.575,0,0,125,-3.90429
0.6,0,0,125,-3.88194
0.625,0,0,125,-3.86067
0.65,0,0,125,-3.84059
0.675,0,0,125,-3.82178
0.7,0,0,125,-3.80436
0.725,0,0,125,-3.78842
0.75,0,0,125,-3.77405
0.775,0,0,125,-3.76135
0.8,0,0,125,-3.75042
0.825,0,0,125,-3.74136
0.85,0,0,125,-3.73427
0.875,0,0,125,-3.72926
0.9,0,0,125,-3.72641
0.925,0,0,125,-3.72584
0.95,0,0,125,-3.72765
0.975,0,0,125,-3.73194
1,0,0,125,-3.73882
1.025,0,0,125,-3.74841
1.05,0,0,125,-3.7608
1.075,0,0,125,-3.77611
1.1,0,0,125,-3.79447
1.125,0,0,125,-3.81598
1.15,0,0,125,-3.84078
1.175,0,0,125,-3.86898
1.2,0,0,125,-3.9007
1.225,0,0,125,-3.93608
1.25,0,0,125,-3.97526
1.275,0,0,125,-4.01835
1.3,0,0,125,-4.0655
1.325,0,0,125,-4.11686
1.35,0,0,125,-4.17255
1.375,0,0,125,-4.23273
1.4,0,0,125,-4.29754
1.425,0,0,125,-4.36713
1.45,0,0,125,-4.44166
1.475,0,0,125,-4.52127
1.5,0,0,125,-4.60611
1.525,0,0,125,-4.69635
1.55,0,0,125,-4.79214
1.575,0,0,125,-4.89364
1.6,0,0,125,-5.00103
1.625,0,0,125,-5.11446
1.65,0,0,125,-5.2341
1.675,0,0,125,-5.36012
1.7,0,0,125,-5.4927
1.725,0,0,125,-5.632
1.75,0,0,125,-5.7782
1.775,0,0,125,-5.93149
1.8,0,0,125,-6.09206
1.825,0,0,125,-6.26009
1.85,0,0,125,-6.43578
1.875,0,0,125,-6.61933
1.9,0,0,125,-6.81096
1.925,0,0,125,-7.01088
1.95,0,0,125,-7.21931
1.975,0,0,125,-7.43649
2,0,0,125,-7.66267
2.025,0,0,125,-7.89808
2.05,0,0,125,-8.14301
2.075,0,0,125,-8.39773
2.1,0,0,125,-8.66252
2.125,0,0,125,-8.93769
2.15,0,0,125,-9.22355
2.175,0,0,125,-9.52042
2.2,0,0,125,-9.82865
2.225,0,0,125,-10.1486
2.25,0,0,125,-10.4806
2.275,0,0,125,-10.8251
2.3,0,0,125,-11.1825
2.325,0,0,125,-11.5531
2.35,0,0,125,-11.9374
2.375,0,0,125,-12.3358
2.4,0,0,125,-12.7488
2.425,0,0,125,-13.1769
2.45,0,0,125,-13.6204
2.475,0,0,125,-14.0799
2.5,0,0,125,-14.5558
2.525,0,0,125,-15.0486
2.55,0,0,125,-15.5589
2.575,0,0,125,-16.087
2.6,0,0,125,-16.6335
2.625,0,0,125,-17.1989
2.65,0,0,125,-17.7835
2.675,0,0,125,-18.388
2.7,0,0,125,-19.0126
2.725,0,0,125,-19.658
2.75,0,0,125,-20.3244
2.775,0,0,125,-21.0123
2.8,0,0,125,-21.7221
2.825,0,0,125,-22.4541
2.85,0,0,125,-23.2087
2.875,0,0,125,-23.9862
2.9,0,0,125,-24.7868
2.925,0,0,125,-25.611
2.95,0,0,125,-26.4588
2.975,0,0,125,-27.3305
3,0,0,125,-28.2264
3.025,0,0,125,-29.1465
3.05,0,0,125,-30.0909
3.075,0,0,125,-31.0598
3.1,0,0,125,-32.0531
3.125,0,0,125,-33.0707
3.15,0,0,125,-34.1125
3.175,0,0,125,-35.1781
3.2,0,0,125,-36.267
3.225,0,0,125,-37.3787
3.25,0,0,125,-38.5123
3.275,0,0,125,-39.6668
3.3,0,0,125,-40.8408
3.325,0,0,125,-42.0328
3.35,0,0,125,-43.241
3.375,0,0,125,-44.4632
3.4,0,0,125,-45.6972
3.425,0,0,125,-46.9401
3.45,0,0,125,-48.1893
3.475,0,0,125,-49.4416
3.5,0,0,125,-50.6938
3.525,0,0,125,-51.9425
3.55,0,0,125,-53.1844
3.575,0,0,125,-54.416
3.6,0,0,125,-55.6338
3.625,0,0,125,-56.8345
3.65,0,0,125,-58.0149
3.675,0,0,125,-59.172
3.7,0,0,125,-60.3029
3.725,0,0,125,-61.4051
3.75,0,0,125,-62.4763
3.775,0,0,125,-63.5143
3.8,0,0,125,-64.5176
3.825,0,0,125,-65.4848
3.85,0,0,125,-66.4147
3.875,0,0,125,-67.3065
3.9,0,0,125,-68.1599
3.925,0,0,125,-68.9747
3.95,0,0,125,-69.7507
3.975,0,0,125,-70.4885
4,0,0,125,-71.1884
4.025,0,0,125,-71.8511
4.05,0,0,125,-72.4776
4.075,0,0,125,-73.0687
4.1,0,0,125,-73.6255
4.125,0,0,125,-74.1494
4.15,0,0,125,-74.6414
4.175,0,0,125,-75.1029
4.2,0,0,125,-75.5351
4.225,0,0,125,-75.9396
4.25,0,0,125,-76.3175
4.275,0,0,125,-76.6702
4.3,0,0,125,-76.9991
4.325,0,0,125,-77.3053
4.35,0,0,125,-77.5902
4.375,0,0,125,-77.8549
4.4,0,0,125,-78.1006
4.425,0,0,125,-78.3283
4.45,0,0,125,-78.5393
4.475,0,0,125,-78.7344
4.5,0,0,125,-78.9145
4.525,0,0,125,-79.0807
4.55,0,0,125,-79.2337
4.575,0,0,125,-79.3743
4.6,0,0,125,-79.5033
4.625,0,0,125,-79.6213
4.65,0,0,125,-79.729
4.675,0,0,125,-79.827
4.7,0,0,125,-79.9158
4.725,0,0,125,-79.9959
4.75,0,0,125,-80.0678
4.775,0,0,125,-80.1319
4.8,0,0,125,-80.1885
4.825,0,0,125,-80.2379
4.85,0,0,125,-80.2806
4.875,0,0,125,-80.3166
4.9,0,0,125,-80.3464
4.925,0,0,125,-80.3699
4.95,0,0,125,-80.3874
4.975,0,0,125,-80.399
5,0,0,125,-80.4048
