0,0,0,125,-84.3839
0.025,0,0,125,-84.384
0.05,0,0,125,-84.3841
0.075,0,0,125,-84.3843
0.1,0,0,125,-84.3845
0.125,0,0,125,-84.3847
0.15,0,0,125,-84.3849
0.175,0,0,125,-84.3852
0.2,0,0,125,-84.3854
0.225,0,0,125,-84.3857
0.25,0,0,125,-84.386
0.275,0,0,125,-84.3863
0.3,0,0,125,-84.3866
0.325,0,0,125,-84.3869
0.35,0,0,125,-84.3872
0.375,0,0,125,-84.3875
0.4,0,0,125,-84.3878
0.425,0,0,125,-84.3881
0.45,0,0,125,-84.3883
0.475,0,0,125,-84.3886
0.5,0,0,125,-84.3888
0.525,0,0,125,-84.3891
0.55,0,0,125,-84.3893
0.575,0,0,125,-84.3896
0.6,0,0,125,-84.3898
0.625,0,0,125,-84.39
0.65,0,0,125,-84.3903
0.675,0,0,125,-84.3905
0.7,0,0,125,-84.3907
0.725,0,0,125,-84.3909
0.75,0,0,125,-84.3911
0.775,0,0,125,-84.3914
0.8,0,0,125,-84.3916
0.825,0,0,125,-84.3918
0.85,0,0,125,-84.392
0.875,0,0,125,-84.3923
0.9,0,0,125,-84.3925
0.925,0,0,125,-84.3927
0.95,0,0,125,-84.3929
0.975,0,0,125,-84.3932
1,0,0,125,-84.3934
1.025,0,0,125,-84.3937
1.05,0,0,125,-84.3939
1.075,0,0,125,-84.3942
1.1,0,0,125,-84.3944
1.125,0,0,125,-84.3947
1.15,0,0,125,-84.395
1.175,0,0,125,-84.3953
1.2,0,0,125,-84.3956
1.225,0,0,125,-84.3959
1.25,0,0,125,-84.3962
1.275,0,0,125,-84.3966
1.3,0,0,125,-84.3969
1.325,0,0,125,-84.3973
1.35,0,0,125,-84.3976
1.375,0,0,125,-84.398
1.4,0,0,125,-84.3984
1.425,0,0,125,-84.3988
1.45,0,0,125,-84.3992
1.475,0,0,125,-84.3996
1.5,0,0,125,-84.4
1.525,0,0,125,-84.4004
1.55,0,0,125,-84.4009
1.575,0,0,125,-84.4013
1.6,0,0,125,-84.4018
1.625,0,0,125,-84.4022
1.65,0,0,125,-84.4027
1.675,0,0,125,-84.4032
1.7,0,0,125,-84.4037
1.725,0,0,125,-84.4042
1.75,0,0,125,-84.4047
1.775,0,0,125,-84.4052
1.8,0,0,125,-84.4056
1.825,0,0,125,-84.4061
1.85,0,0,125,-84.4066
1.875,0,0,125,-84.407
1.9,0,0,125,-84.4075
1.925,0,0,125,-84.408
1.95,0,0,125,-84.4085
1.975,0,0,125,-84.409
2,0,0,125,-84.4095
2.025,0,0,125,-84.41
2.05,0,0,125,-84.4106
2.075,0,0,125,-84.4112
2.1,0,0,125,-84.4118
2.125,0,0,125,-84.4124
2.15,0,0,125,-84.413
2.175,0,0,125,-84.4136
2.2,0,0,125,-84.4143
2.225,0,0,125,-84.4149
2.25,0,0,125,-84.4156
2.275,0,0,125,-84.4163
2.3,0,0,125,-84.417
2.325,0,0,125,-84.4178
2.35,0,0,125,-84.4185
2.375,0,0,125,-84.4193
2.4,0,0,125,-84.42
2.425,0,0,125,-84.4208
2.45,0,0,125,-84.4216
2.475,0,0,125,-84.4224
2.5,0,0,125,-84.4233
2.525,0,0,125,-84.4241
2.55,0,0,125,-84.425
2.575,0,0,125,-84.4259
2.6,0,0,125,-84.4268
2.625,0,0,125,-84.4277
2.65,0,0,125,-84.4286
2.675,0,0,125,-84.4295
2.7,0,0,125,-84.4305
2.725,0,0,125,-84.4315
2.75,0,0,125,-84.4325
2.775,0,0,125,-84.4335
2.8,0,0,125,-84.4345
2.825,0,0,125,-84.4355
2.85,0,0,125,-84.4366
2.875,0,0,125,-84.4376
2.9,0,0,125,-84.4387
2.925,0,0,125,-84.4397
2.95,0,0,125,-84.4408
2.975,0,0,125,-84.4419
3,0,0,125,-84.443
3.025,0,0,125,-84.444
3.05,0,0,125,-84.4451
3.075,0,0,125,-84.4462
3.1,0,0,125,-84.4472
3.125,0,0,125,-84.4483
3.15,0,0,125,-84.4493
3.175,0,0,125,-84.4503
3.2,0,0,125,-84.4513
3.225,0,0,125,-84.4523
3.25,0,0,125,-84.4532
3.275,0,0,125,-84.4542
3.3,0,0,125,-84.4551
3.325,0,0,125,-84.456
3.35,0,0,125,-84.4569
3.375,0,0,125,-84.4578
3.4,0,0,125,-84.4586
3.425,0,0,125,-84.4595
3.45,0,0,125,-84.4603
3.475,0,0,125,-84.4611
3.5,0,0,125,-84.462
3.525,0,0,125,-84.4627
3.55,0,0,125,-84.4635
3.575,0,0,125,-84.4643
3.6,0,0,125,-84.465
3.625,0,0,125,-84.4657
3.65,0,0,125,-84.4665
3.675,0,0,125,-84.4672
3.7,0,0,125,-84.4678
3.725,0,0,125,-84.4685
3.75,0,0,125,-84.4692
3.775,0,0,125,-84.4698
3.8,0,0,125,-84.4704
3.825,0,0,125,-84.471
3.85,0,0,125,-84.4716
3.875,0,0,125,-84.4722
3.9,0,0,125,-84.4728
3.925,0,0,125,-84.4733
3.95,0,0,125,-84.4738
3.975,0,0,125,-84.4744
4,0,0,125,-84.4749
4.025,0,0,125,-84.4753
4.05,0,0,125,-84.4758
4.075,0,0,125,-84.4763
4.1,0,0,125,-84.4767
4.125,0,0,125,-84.4771
4.15,0,0,125,-84.4775
4.175,0,0,125,-84.4779
4.2,0,0,125,-84.4783
4.225,0,0,125,-84.4787
4.25,0,0,125,-84.479
4.275,0,0,125,-84.4794
4.3,0,0,125,-84.4797
4.325,0,0,125,-84.48
4.35,0,0,125,-84.4803
4.375,0,0,125,-84.4805
4.4,0,0,125,-84.4808
4.425,0,0,125,-84.481
4.45,0,0,125,-84.4813
4.475,0,0,125,-84.4815
4.5,0,0,125,-84.4817
4.525,0,0,125,-84.4819
4.55,0,0,125,-84.482
4.575,0,0,125,-84.4822
4.6,0,0,125,-84.4823
4.625,0,0,125,-84.4824
4.65,0,0,125,-84.4825
4.675,0,0,125,-84.4826
4.7,0,0,125,-84.4827
4.725,0,0,125,-84.4828
4.75,0,0,125,-84.4828
4.775,0,0,125,-84.4829
4.8,0,0,125,-84.4829
4.825,0,0,125,-84.4829
4.85,0,0,125,-84.4829
4.875,0,0,125,-84.4828
4.9,0,0,125,-84.4828
4.925,0,0,125,-84.4827
4.95,0,0,125,-84.4827
4.975,0,0,125,-84.4827
5,0,0,125,-84.4827
