0,0,0,125,-35.8396
0.025,0,0,125,-35.855
0.05,0,0,125,-35.886
0.075,0,0,125,-35.9326
0.1,0,0,125,-35.9952
0.125,0,0,125,-36.0735
0.15,0,0,125,-36.1665
0.175,0,0,125,-36.2714
0.2,0,0,125,-36.3837
0.225,0,0,125,-36.4986
0.25,0,0,125,-36.611
0.275,0,0,125,-36.7165
0.3,0,0,125,-36.811
0.325,0,0,125,-36.891
0.35,0,0,125,-36.9533
0.375,0,0,125,-36.9954
0.4,0,0,125,-37.0149
0.425,0,0,125,-37.0099
0.45,0,0,125,-36.9789
0.475,0,0,125,-36.9207
0.5,0,0,125,-36.8344
0.525,0,0,125,-36.7192
0.55,0,0,125,-36.5749
0.575,0,0,125,-36.4012
0.6,0,0,125,-36.1981
0.625,0,0,125,-35.966
0.65,0,0,125,-35.7053
0.675,0,0,125,-35.4166
0.7,0,0,125,-35.1006
0.725,0,0,125,-34.7583
0.75,0,0,125,-34.3906
0.775,0,0,125,-33.9987
0.8,0,0,125,-33.5838
0.825,0,0,125,-33.1471
0.85,0,0,125,-32.69
0.875,0,0,125,-32.2138
0.9,0,0,125,-31.7201
0.925,0,0,125,-31.2102
0.95,0,0,125,-30.6857
0.975,0,0,125,-30.148
1,0,0,125,-29.5985
1.025,0,0,125,-29.0389
1.05,0,0,125,-28.4704
1.075,0,0,125,-27.8946
1.1,0,0,125,-27.3128
1.125,0,0,125,-26.7263
1.15,0,0,125,-26.1365
1.175,0,0,125,-25.5447
1.2,0,0,125,-24.952
1.225,0,0,125,-24.3596
1.25,0,0,125,-23.7685
1.275,0,0,125,-23.1798
1.3,0,0,125,-22.5945
1.325,0,0,125,-22.0135
1.35,0,0,125,-21.4376
1.375,0,0,125,-20.8675
1.4,0,0,125,-20.3039
1.425,0,0,125,-19.7476
1.45,0,0,125,-19.1989
1.475,0,0,125,-18.6585
1.5,0,0,125,-18.1269
1.525,0,0,125,-17.6042
1.55,0,0,125,-17.091
1.575,0,0,125,-16.5874
1.6,0,0,125,-16.0937
1.625,0,0,125,-15.6101
1.65,0,0,125,-15.1366
1.675,0,0,125,-14.6734
1.7,0,0,125,-14.2205
1.725,0,0,125,-13.7779
1.75,0,0,125,-13.3456
1.775,0,0,125,-12.9234
1.8,0,0,125,-12.5115
1.825,0,0,125,-12.1095
1.85,0,0,125,-11.7175
1.875,0,0,125,-11.3352
1.9,0,0,125,-10.9624
1.925,0,0,125,-10.5991
1.95,0,0,125,-10.2449
1.975,0,0,125,-9.8997
2,0,0,125,-9.56326
2.025,0,0,125,-9.23534
2.05,0,0,125,-8.91572
2.075,0,0,125,-8.60415
2.1,0,0,125,-8.30039
2.125,0,0,125,-8.00419
2.15,0,0,125,-7.71529
2.175,0,0,125,-7.43346
2.2,0,0,125,-7.15843
2.225,0,0,125,-6.88996
2.25,0,0,125,-6.6278
2.275,0,0,125,-6.37169
2.3,0,0,125,-6.1214
2.325,0,0,125,-5.87667
2.35,0,0,125,-5.63726
2.375,0,0,125,-5.40293
2.4,0,0,125,-5.17344
2.425,0,0,125,-4.94856
2.45,0,0,125,-4.72805
2.475,0,0,125,-4.51169
2.5,0,0,125,-4.29925
2.525,0,0,125,-4.0905
2.55,0,0,125,-3.88523
2.575,0,0,125,-3.68322
2.6,0,0,125,-3.48424
2.625,0,0,125,-3.2881
2.65,0,0,125,-3.09457
2.675,0,0,125,-2.90346
2.7,0,0,125,-2.71454
2.725,0,0,125,-2.52763
2.75,0,0,125,-2.34251
2.775,0,0,125,-2.15899
2.8,0,0,125,-1.97687
2.825,0,0,125,-1.79595
2.85,0,0,125,-1.61603
2.875,0,0,125,-1.43692
2.9,0,0,125,-1.25842
2.925,0,0,125,-1.08033
2.95,0,0,125,-0.902478
2.975,0,0,125,-0.724653
3,0,0,125,-0.546665
3.025,0,0,125,-0.368323
3.05,0,0,125,-0.189431
3.075,0,0,125,-0.0097977
3.1,0,0,125,0.170772
3.125,0,0,125,0.352473
3.15,0,0,125,0.5355
3.175,0,0,125,0.72005
3.2,0,0,125,0.906319
3.225,0,0,125,1.09451
3.25,0,0,125,1.28481
3.275,0,0,125,1.47744
3.3,0,0,125,1.67258
3.325,0,0,125,1.87046
3.35,0,0,125,2.07126
3.375,0,0,125,2.27521
3.4,0,0,125,2.4825
3.425,0,0,125,2.69336
3.45,0,0,125,2.908
3.475,0,0,125,3.12664
3.5,0,0,125,3.34949
3.525,0,0,125,3.57679
3.55,0,0,125,3.80875
3.575,0,0,125,4.04561
3.6,0,0,125,4.2876
3.625,0,0,125,4.53496
3.65,0,0,125,4.78792
3.675,0,0,125,5.04673
3.7,0,0,125,5.31163
3.725,0,0,125,5.58288
3.75,0,0,125,5.86072
3.775,0,0,125,6.1454
3.8,0,0,125,6.43717
3.825,0,0,125,6.73629
3.85,0,0,125,7.04301
3.875,0,0,125,7.35754
3.9,0,0,125,7.68013
3.925,0,0,125,8.01097
3.95,0,0,125,8.35023
3.975,0,0,125,8.69803
4,0,0,125,9.05442
4.025,0,0,125,9.41937
4.05,0,0,125,9.79271
4.075,0,0,125,10.174
4.1,0,0,125,10.5628
4.125,0,0,125,10.9579
4.15,0,0,125,11.3578
4.175,0,0,125,11.7604
4.2,0,0,125,12.1624
4.225,0,0,125,12.5592
4.25,0,0,125,12.9443
4.275,0,0,125,13.3085
4.3,0,0,125,13.6387
4.325,0,0,125,13.9169
4.35,0,0,125,14.1175
4.375,0,0,125,14.2043
4.4,0,0,125,14.1259
4.425,0,0,125,13.8086
4.45,0,0,125,13.1455
4.475,0,0,125,11.9785
4.5,0,0,125,10.0695
4.525,0,0,125,7.05082
4.55,0,0,125,2.34355
4.575,0,0,125,-4.96704
4.6,0,0,125,-16.2082
4.625,0,0,125,-32.1595
4.65,0,0,125,-47.8243
4.675,0,0,125,-59.2604
4.7,0,0,125,-67.108
4.725,0,0,125,-72.4352
4.75,0,0,125,-76.0374
4.775,0,0,125,-78.4675
4.8,0,0,125,-80.1039
4.825,0,0,125,-81.204
4.85,0,0,125,-81.942
4.875,0,0,125,-82.4355
4.9,0,0,125,-82.7634
4.925,0,0,125,-82.9784
4.95,0,0,125,-83.115
4.975,0,0,125,-83.1954
5,0,0,125,-83.2326
