0,0,0,125,-84.2215
0.025,0,0,125,-84.2216
0.05,0,0,125,-84.2218
0.075,0,0,125,-84.2221
0.1,0,0,125,-84.2225
0.125,0,0,125,-84.223
0.15,0,0,125,-84.2234
0.175,0,0,125,-84.224
0.2,0,0,125,-84.2245
0.225,0,0,125,-84.225
0.25,0,0,125,-84.2256
0.275,0,0,125,-84.2262
0.3,0,0,125,-84.2267
0.325,0,0,125,-84.2273
0.35,0,0,125,-84.2279
0.375,0,0,125,-84.2284
0.4,0,0,125,-84.229
0.425,0,0,125,-84.2295
0.45,0,0,125,-84.2301
0.475,0,0,125,-84.2306
0.5,0,0,125,-84.2311
0.525,0,0,125,-84.2316
0.55,0,0,125,-84.2321
0.575,0,0,125,-84.2326
0.6,0,0,125,-84.2331
0.625,0,0,125,-84.2336
0.65,0,0,125,-84.234
0.675,0,0,125,-84.2345
0.7,0,0,125,-84.2349
0.725,0,0,125,-84.2354
0.75,0,0,125,-84.2358
0.775,0,0,125,-84.2363
0.8,0,0,125,-84.2367
0.825,0,0,125,-84.2371
0.85,0,0,125,-84.2375
0.875,0,0,125,-84.2379
0.9,0,0,125,-84.2383
0.925,0,0,125,-84.2387
0.95,0,0,125,-84.2392
0.975,0,0,125,-84.2396
1,0,0,125,-84.24
1.025,0,0,125,-84.2404
1.05,0,0,125,-84.2409
1.075,0,0,125,-84.2413
1.1,0,0,125,-84.2418
1.125,0,0,125,-84.2423
1.15,0,0,125,-84.2427
1.175,0,0,125,-84.2432
1.2,0,0,125,-84.2437
1.225,0,0,125,-84.2443
1.25,0,0,125,-84.2448
1.275,0,0,125,-84.2454
1.3,0,0,125,-84.2459
1.325,0,0,125,-84.2465
1.35,0,0,125,-84.2471
1.375,0,0,125,-84.2477
1.4,0,0,125,-84.2484
1.425,0,0,125,-84.249
1.45,0,0,125,-84.2497
1.475,0,0,125,-84.2503
1.5,0,0,125,-84.251
1.525,0,0,125,-84.2517
1.55,0,0,125,-84.2525
1.575,0,0,125,-84.2532
1.6,0,0,125,-84.254
1.625,0,0,125,-84.2547
1.65,0,0,125,-84.2555
1.675,0,0,125,-84.2563
1.7,0,0,125,-84.2571
1.725,0,0,125,-84.2579
1.75,0,0,125,-84.2587
1.775,0,0,125,-84.2596
1.8,0,0,125,-84.2604
1.825,0,0,125,-84.2613
1.85,0,0,125,-84.2621
1.875,0,0,125,-84.263
1.9,0,0,125,-84.2639
1.925,0,0,125,-84.2648
1.95,0,0,125,-84.2657
1.975,0,0,125,-84.2666
2,0,0,125,-84.2676
2.025,0,0,125,-84.2685
2.05,0,0,125,-84.2695
2.075,0,0,125,-84.2705
2.1,0,0,125,-84.2716
2.125,0,0,125,-84.2727
2.15,0,0,125,-84.2738
2.175,0,0,125,-84.2749
2.2,0,0,125,-84.2761
2.225,0,0,125,-84.2773
2.25,0,0,125,-84.2785
2.275,0,0,125,-84.2797
2.3,0,0,125,-84.281
2.325,0,0,125,-84.2824
2.35,0,0,125,-84.2837
2.375,0,0,125,-84.2851
2.4,0,0,125,-84.2866
2.425,0,0,125,-84.288
2.45,0,0,125,-84.2895
2.475,0,0,125,-84.2911
2.5,0,0,125,-84.2926
2.525,0,0,125,-84.2942
2.55,0,0,125,-84.2959
2.575,0,0,125,-84.2976
2.6,0,0,125,-84.2993
2.625,0,0,125,-84.301
2.65,0,0,125,-84.3028
2.675,0,0,125,-84.3046
2.7,0,0,125,-84.3064
2.725,0,0,125,-84.3082
2.75,0,0,125,-84.3101
2.775,0,0,125,-84.3119
2.8,0,0,125,-84.3138
2.825,0,0,125,-84.3157
2.85,0,0,125,-84.3176
2.875,0,0,125,-84.3195
2.9,0,0,125,-84.3215
2.925,0,0,125,-84.3234
2.95,0,0,125,-84.3254
2.975,0,0,125,-84.3273
3,0,0,125,-84.3292
3.025,0,0,125,-84.3311
3.05,0,0,125,-84.333
3.075,0,0,125,-84.3349
3.1,0,0,125,-84.3368
3.125,0,0,125,-84.3386
3.15,0,0,125,-84.3405
3.175,0,0,125,-84.3423
3.2,0,0,125,-84.3442
3.225,0,0,125,-84.346
3.25,0,0,125,-84.3478
3.275,0,0,125,-84.3496
3.3,0,0,125,-84.3514
3.325,0,0,125,-84.3532
3.35,0,0,125,-84.3549
3.375,0,0,125,-84.3566
3.4,0,0,125,-84.3584
3.425,0,0,125,-84.3601
3.45,0,0,125,-84.3618
3.475,0,0,125,-84.3634
3.5,0,0,125,-84.3651
3.525,0,0,125,-84.3667
3.55,0,0,125,-84.3683
3.575,0,0,125,-84.3699
3.6,0,0,125,-84.3714
3.625,0,0,125,-84.3728
3.65,0,0,125,-84.3743
3.675,0,0,125,-84.3757
3.7,0,0,125,-84.377
3.725,0,0,125,-84.3783
3.75,0,0,125,-84.3796
3.775,0,0,125,-84.3809
3.8,0,0,125,-84.3821
3.825,0,0,125,-84.3832
3.85,0,0,125,-84.3844
3.875,0,0,125,-84.3855
3.9,0,0,125,-84.3865
3.925,0,0,125,-84.3875
3.95,0,0,125,-84.3885
3.975,0,0,125,-84.3894
4,0,0,125,-84.3903
4.025,0,0,125,-84.3912
4.05,0,0,125,-84.392
4.075,0,0,125,-84.3928
4.1,0,0,125,-84.3935
4.125,0,0,125,-84.3942
4.15,0,0,125,-84.3949
4.175,0,0,125,-84.3956
4.2,0,0,125,-84.3962
4.225,0,0,125,-84.3968
4.25,0,0,125,-84.3973
4.275,0,0,125,-84.3978
4.3,0,0,125,-84.3983
4.325,0,0,125,-84.3988
4.35,0,0,125,-84.3992
4.375,0,0,125,-84.3996
4.4,0,0,125,-84.3999
4.425,0,0,125,-84.4003
4.45,0,0,125,-84.4006
4.475,0,0,125,-84.4009
4.5,0,0,125,-84.4012
4.525,0,0,125,-84.4015
4.55,0,0,125,-84.4017
4.575,0,0,125,-84.402
4.6,0,0,125,-84.4022
4.625,0,0,125,-84.4024
4.65,0,0,125,-84.4026
4.675,0,0,125,-84.4028
4.7,0,0,125,-84.403
4.725,0,0,125,-84.4031
4.75,0,0,125,-84.4033
4.775,0,0,125,-84.4034
4.8,0,0,125,-84.4035
4.825,0,0,125,-84.4036
4.85,0,0,125,-84.4037
4.875,0,0,125,-84.4037
4.9,0,0,125,-84.4037
4.925,0,0,125,-84.4038
4.95,0,0,125,-84.4038
4.975,0,0,125,-84.4038
5,0,0,125,-84.4038
