0,0,0,125,-83.3498
0.025,0,0,125,-83.3502
0.05,0,0,125,-83.3512
0.075,0,0,125,-83.3524
0.1,0,0,125,-83.354
0.125,0,0,125,-83.3559
0.15,0,0,125,-83.3578
0.175,0,0,125,-83.3598
0.2,0,0,125,-83.3619
0.225,0,0,125,-83.3639
0.25,0,0,125,-83.3658
0.275,0,0,125,-83.3677
0.3,0,0,125,-83.3695
0.325,0,0,125,-83.3711
0.35,0,0,125,-83.3726
0.375,0,0,125,-83.374
0.4,0,0,125,-83.3752
0.425,0,0,125,-83.3763
0.45,0,0,125,-83.3772
0.475,0,0,125,-83.3779
0.5,0,0,125,-83.3783
0.525,0,0,125,-83.3786
0.55,0,0,125,-83.3786
0.575,0,0,125,-83.3785
0.6,0,0,125,-83.378
0.625,0,0,125,-83.3773
0.65,0,0,125,-83.3764
0.675,0,0,125,-83.3752
0.7,0,0,125,-83.3736
0.725,0,0,125,-83.3719
0.75,0,0,125,-83.3698
0.775,0,0,125,-83.3674
0.8,0,0,125,-83.3647
0.825,0,0,125,-83.3617
0.85,0,0,125,-83.3584
0.875,0,0,125,-83.3547
0.9,0,0,125,-83.3507
0.925,0,0,125,-83.3462
0.95,0,0,125,-83.3414
0.975,0,0,125,-83.3362
1,0,0,125,-83.3306
1.025,0,0,125,-83.3246
1.05,0,0,125,-83.3181
1.075,0,0,125,-83.3112
1.1,0,0,125,-83.3037
1.125,0,0,125,-83.2958
1.15,0,0,125,-83.2874
1.175,0,0,125,-83.2784
1.2,0,0,125,-83.2689
1.225,0,0,125,-83.2587
1.25,0,0,125,-83.248
1.275,0,0,125,-83.2366
1.3,0,0,125,-83.2245
1.325,0,0,125,-83.2118
1.35,0,0,125,-83.1983
1.375,0,0,125,-83.184
1.4,0,0,125,-83.1689
1.425,0,0,125,-83.1529
1.45,0,0,125,-83.136
1.475,0,0,125,-83.1182
1.5,0,0,125,-83.0993
1.525,0,0,125,-83.0794
1.55,0,0,125,-83.0583
1.575,0,0,125,-83.036
1.6,0,0,125,-83.0124
1.625,0,0,125,-82.9875
1.65,0,0,125,-82.961
1.675,0,0,125,-82.933
1.7,0,0,125,-82.9033
1.725,0,0,125,-82.8718
1.75,0,0,125,-82.8384
1.775,0,0,125,-82.8028
1.8,0,0,125,-82.765
1.825,0,0,125,-82.7247
1.85,0,0,125,-82.6818
1.875,0,0,125,-82.6361
1.9,0,0,125,-82.5872
1.925,0,0,125,-82.535
1.95,0,0,125,-82.4792
1.975,0,0,125,-82.4193
2,0,0,125,-82.3552
2.025,0,0,125,-82.2864
2.05,0,0,125,-82.2125
2.075,0,0,125,-82.1331
2.1,0,0,125,-82.0477
2.125,0,0,125,-81.9558
2.15,0,0,125,-81.8568
2.175,0,0,125,-81.7501
2.2,0,0,125,-81.6351
2.225,0,0,125,-81.511
2.25,0,0,125,-81.3772
2.275,0,0,125,-81.2329
2.3,0,0,125,-81.0773
2.325,0,0,125,-80.9094
2.35,0,0,125,-80.7284
2.375,0,0,125,-80.5333
2.4,0,0,125,-80.3231
2.425,0,0,125,-80.0969
2.45,0,0,125,-79.8535
2.475,0,0,125,-79.5919
2.5,0,0,125,-79.311
2.525,0,0,125,-79.0098
2.55,0,0,125,-78.6872
2.575,0,0,125,-78.3421
2.6,0,0,125,-77.9736
2.625,0,0,125,-77.5805
2.65,0,0,125,-77.1621
2.675,0,0,125,-76.7175
2.7,0,0,125,-76.246
2.725,0,0,125,-75.7469
2.75,0,0,125,-75.2198
2.775,0,0,125,-74.6642
2.8,0,0,125,-74.0801
2.825,0,0,125,-73.4673
2.85,0,0,125,-72.826
2.875,0,0,125,-72.1566
2.9,0,0,125,-71.4596
2.925,0,0,125,-70.7359
2.95,0,0,125,-69.9863
2.975,0,0,125,-69.2121
3,0,0,125,-68.4147
3.025,0,0,125,-67.5955
3.05,0,0,125,-66.7564
3.075,0,0,125,-65.8993
3.1,0,0,125,-65.0261
3.125,0,0,125,-64.1392
3.15,0,0,125,-63.2407
3.175,0,0,125,-62.3331
3.2,0,0,125,-61.4186
3.225,0,0,125,-60.4998
3.25,0,0,125,-59.5789
3.275,0,0,125,-58.6584
3.3,0,0,125,-57.7407
3.325,0,0,125,-56.8278
3.35,0,0,125,-55.9221
3.375,0,0,125,-55.0254
3.4,0,0,125,-54.1397
3.425,0,0,125,-53.2668
3.45,0,0,125,-52.4082
3.475,0,0,125,-51.5654
3.5,0,0,125,-50.7398
3.525,0,0,125,-49.9323
3.55,0,0,125,-49.144
3.575,0,0,125,-48.3757
3.6,0,0,125,-47.6281
3.625,0,0,125,-46.9016
3.65,0,0,125,-46.1967
3.675,0,0,125,-45.5135
3.7,0,0,125,-44.8523
3.725,0,0,125,-44.2131
3.75,0,0,125,-43.5957
3.775,0,0,125,-43.0001
3.8,0,0,125,-42.426
3.825,0,0,125,-41.873
3.85,0,0,125,-41.3409
3.875,0,0,125,-40.8293
3.9,0,0,125,-40.3376
3.925,0,0,125,-39.8655
3.95,0,0,125,-39.4123
3.975,0,0,125,-38.9777
4,0,0,125,-38.561
4.025,0,0,125,-38.1617
4.05,0,0,125,-37.7793
4.075,0,0,125,-37.4132
4.1,0,0,125,-37.0629
4.125,0,0,125,-36.7279
4.15,0,0,125,-36.4076
4.175,0,0,125,-36.1016
4.2,0,0,125,-35.8094
4.225,0,0,125,-35.5304
4.25,0,0,125,-35.2643
4.275,0,0,125,-35.0106
4.3,0,0,125,-34.7688
4.325,0,0,125,-34.5386
4.35,0,0,125,-34.3197
4.375,0,0,125,-34.1115
4.4,0,0,125,-33.9138
4.425,0,0,125,-33.7263
4.45,0,0,125,-33.5486
4.475,0,0,125,-33.3805
4.5,0,0,125,-33.2217
4.525,0,0,125,-33.0719
4.55,0,0,125,-32.9309
4.575,0,0,125,-32.7985
4.6,0,0,125,-32.6745
4.625,0,0,125,-32.5588
4.65,0,0,125,-32.451
4.675,0,0,125,-32.3512
4.7,0,0,125,-32.2591
4.725,0,0,125,-32.1746
4.75,0,0,125,-32.0977
4.775,0,0,125,-32.0281
4.8,0,0,125,-31.9659
4.825,0,0,125,-31.9109
4.85,0,0,125,-31.8631
4.875,0,0,125,-31.8224
4.9,0,0,125,-31.7887
4.925,0,0,125,-31.7618
4.95,0,0,125,-31.7417
4.975,0,0,125,-31.7284
5,0,0,125,-31.7217
