0,0,0,125,14.1448
0.025,0,0,125,14.1413
0.05,0,0,125,14.1341
0.075,0,0,125,14.1229
0.1,0,0,125,14.1071
0.125,0,0,125,14.0859
0.15,0,0,125,14.0589
0.175,0,0,125,14.0256
0.2,0,0,125,13.9862
0.225,0,0,125,13.9409
0.25,0,0,125,13.8899
0.275,0,0,125,13.8336
0.3,0,0,125,13.7724
0.325,0,0,125,13.7065
0.35,0,0,125,13.6363
0.375,0,0,125,13.562
0.4,0,0,125,13.484
0.425,0,0,125,13.4026
0.45,0,0,125,13.318
0.475,0,0,125,13.2305
0.5,0,0,125,13.1404
0.525,0,0,125,13.048
0.55,0,0,125,12.9534
0.575,0,0,125,12.8569
0.6,0,0,125,12.7588
0.625,0,0,125,12.6591
0.65,0,0,125,12.5582
0.675,0,0,125,12.4562
0.7,0,0,125,12.3533
0.725,0,0,125,12.2497
0.75,0,0,125,12.1454
0.775,0,0,125,12.0408
0.8,0,0,125,11.9357
0.825,0,0,125,11.8305
0.85,0,0,125,11.7253
0.875,0,0,125,11.62
0.9,0,0,125,11.5149
0.925,0,0,125,11.41
0.95,0,0,125,11.3054
0.975,0,0,125,11.2012
1,0,0,125,11.0974
1.025,0,0,125,10.9941
1.05,0,0,125,10.8914
1.075,0,0,125,10.7893
1.1,0,0,125,10.6878
1.125,0,0,125,10.5871
1.15,0,0,125,10.487
1.175,0,0,125,10.3877
1.2,0,0,125,10.2892
1.225,0,0,125,10.1914
1.25,0,0,125,10.0945
1.275,0,0,125,9.99837
1.3,0,0,125,9.9031
1.325,0,0,125,9.80868
1.35,0,0,125,9.71511
1.375,0,0,125,9.62241
1.4,0,0,125,9.53058
1.425,0,0,125,9.43961
1.45,0,0,125,9.34952
1.475,0,0,125,9.2603
1.5,0,0,125,9.17196
1.525,0,0,125,9.08449
1.55,0,0,125,8.9979
1.575,0,0,125,8.91219
1.6,0,0,125,8.82736
1.625,0,0,125,8.74342
1.65,0,0,125,8.66035
1.675,0,0,125,8.57817
1.7,0,0,125,8.49688
1.725,0,0,125,8.41648
1.75,0,0,125,8.33698
1.775,0,0,125,8.25839
1.8,0,0,125,8.18072
1.825,0,0,125,8.10396
1.85,0,0,125,8.02814
1.875,0,0,125,7.95327
1.9,0,0,125,7.87936
1.925,0,0,125,7.80641
1.95,0,0,125,7.73446
1.975,0,0,125,7.66352
2,0,0,125,7.59361
2.025,0,0,125,7.52474
2.05,0,0,125,7.45695
2.075,0,0,125,7.39025
2.1,0,0,125,7.32467
2.125,0,0,125,7.26025
2.15,0,0,125,7.197
2.175,0,0,125,7.13496
2.2,0,0,125,7.07416
2.225,0,0,125,7.01464
2.25,0,0,125,6.95643
2.275,0,0,125,6.89957
2.3,0,0,125,6.8441
2.325,0,0,125,6.79005
2.35,0,0,125,6.73748
2.375,0,0,125,6.68643
2.4,0,0,125,6.63693
2.425,0,0,125,6.58905
2.45,0,0,125,6.54282
2.475,0,0,125,6.4983
2.5,0,0,125,6.45554
2.525,0,0,125,6.41459
2.55,0,0,125,6.37551
2.575,0,0,125,6.33835
2.6,0,0,125,6.30318
2.625,0,0,125,6.27005
2.65,0,0,125,6.23902
2.675,0,0,125,6.21017
2.7,0,0,125,6.18354
2.725,0,0,125,6.15922
2.75,0,0,125,6.13726
2.775,0,0,125,6.11774
2.8,0,0,125,6.10073
2.825,0,0,125,6.0863
2.85,0,0,125,6.07453
2.875,0,0,125,6.06549
2.9,0,0,125,6.05926
2.925,0,0,125,6.05593
2.95,0,0,125,6.05558
2.975,0,0,125,6.05828
3,0,0,125,6.06413
3.025,0,0,125,6.07321
3.05,0,0,125,6.08562
3.075,0,0,125,6.10145
3.1,0,0,125,6.12078
3.125,0,0,125,6.14373
3.15,0,0,125,6.17038
3.175,0,0,125,6.20084
3.2,0,0,125,6.23521
3.225,0,0,125,6.2736
3.25,0,0,125,6.31612
3.275,0,0,125,6.36287
3.3,0,0,125,6.41397
3.325,0,0,125,6.46955
3.35,0,0,125,6.5297
3.375,0,0,125,6.59457
3.4,0,0,125,6.66427
3.425,0,0,125,6.73893
3.45,0,0,125,6.81868
3.475,0,0,125,6.90366
3.5,0,0,125,6.994
3.525,0,0,125,7.08985
3.55,0,0,125,7.19136
3.575,0,0,125,7.29866
3.6,0,0,125,7.41191
3.625,0,0,125,7.53127
3.65,0,0,125,7.65691
3.675,0,0,125,7.78897
3.7,0,0,125,7.92764
3.725,0,0,125,8.07308
3.75,0,0,125,8.22548
3.775,0,0,125,8.385
3.8,0,0,125,8.55185
3.825,0,0,125,8.7262
3.85,0,0,125,8.90825
3.875,0,0,125,9.09819
3.9,0,0,125,9.29622
3.925,0,0,125,9.50253
3.95,0,0,125,9.71731
3.975,0,0,125,9.94073
4,0,0,125,10.173
4.025,0,0,125,10.4142
4.05,0,0,125,10.6645
4.075,0,0,125,10.924
4.1,0,0,125,11.1926
4.125,0,0,125,11.4703
4.15,0,0,125,11.7569
4.175,0,0,125,12.0519
4.2,0,0,125,12.3546
4.225,0,0,125,12.6641
4.25,0,0,125,12.9787
4.275,0,0,125,13.296
4.3,0,0,125,13.6128
4.325,0,0,125,13.9243
4.35,0,0,125,14.2237
4.375,0,0,125,14.5015
4.4,0,0,125,14.7441
4.425,0,0,125,14.9325
4.45,0,0,125,15.0398
4.475,0,0,125,15.0278
4.5,0,0,125,14.8421
4.525,0,0,125,14.4039
4.55,0,0,125,13.5981
4.575,0,0,125,12.2536
4.6,0,0,125,10.1102
4.625,0,0,125,6.76246
4.65,0,0,125,1.56693
4.675,0,0,125,-6.49336
4.7,0,0,125,-18.8341
4.725,0,0,125,-35.6414
4.75,0,0,125,-50.7674
4.775,0,0,125,-61.5621
4.8,0,0,125,-68.9634
4.825,0,0,125,-73.9981
4.85,0,0,125,-77.4086
4.875,0,0,125,-79.7085
4.9,0,0,125,-81.2483
4.925,0,0,125,-82.2646
4.95,0,0,125,-82.9145
4.975,0,0,125,-83.2986
5,0,0,125,-83.4769
