0,0,0,125,-84.4652
0.025,0,0,125,-84.4653
0.05,0,0,125,-84.4653
0.075,0,0,125,-84.4654
0.1,0,0,125,-84.4656
0.125,0,0,125,-84.4657
0.15,0,0,125,-84.4658
0.175,0,0,125,-84.466
0.2,0,0,125,-84.4661
0.225,0,0,125,-84.4663
0.25,0,0,125,-84.4665
0.275,0,0,125,-84.4666
0.3,0,0,125,-84.4668
0.325,0,0,125,-84.467
0.35,0,0,125,-84.4672
0.375,0,0,125,-84.4674
0.4,0,0,125,-84.4675
0.425,0,0,125,-84.4677
0.45,0,0,125,-84.4679
0.475,0,0,125,-84.468
0.5,0,0,125,-84.4682
0.525,0,0,125,-84.4683
0.55,0,0,125,-84.4684
0.575,0,0,125,-84.4686
0.6,0,0,125,-84.4687
0.625,0,0,125,-84.4688
0.65,0,0,125,-84.469
0.675,0,0,125,-84.4691
0.7,0,0,125,-84.4692
0.725,0,0,125,-84.4693
0.75,0,0,125,-84.4695
0.775,0,0,125,-84.4696
0.8,0,0,125,-84.4697
0.825,0,0,125,-84.4698
0.85,0,0,125,-84.47
0.875,0,0,125,-84.4701
0.9,0,0,125,-84.4702
0.925,0,0,125,-84.4703
0.95,0,0,125,-84.4705
0.975,0,0,125,-84.4706
1,0,0,125,-84.4707
1.025,0,0,125,-84.4709
1.05,0,0,125,-84.471
1.075,0,0,125,-84.4712
1.1,0,0,125,-84.4713
1.125,0,0,125,-84.4714
1.15,0,0,125,-84.4716
1.175,0,0,125,-84.4717
1.2,0,0,125,-84.4719
1.225,0,0,125,-84.472
1.25,0,0,125,-84.4722
1.275,0,0,125,-84.4724
1.3,0,0,125,-84.4725
1.325,0,0,125,-84.4727
1.35,0,0,125,-84.4729
1.375,0,0,125,-84.473
1.4,0,0,125,-84.4732
1.425,0,0,125,-84.4734
1.45,0,0,125,-84.4736
1.475,0,0,125,-84.4738
1.5,0,0,125,-84.4739
1.525,0,0,125,-84.4741
1.55,0,0,125,-84.4743
1.575,0,0,125,-84.4745
1.6,0,0,125,-84.4747
1.625,0,0,125,-84.4749
1.65,0,0,125,-84.4752
1.675,0,0,125,-84.4754
1.7,0,0,125,-84.4756
1.725,0,0,125,-84.4758
1.75,0,0,125,-84.476
1.775,0,0,125,-84.4763
1.8,0,0,125,-84.4765
1.825,0,0,125,-84.4768
1.85,0,0,125,-84.4771
1.875,0,0,125,-84.4773
1.9,0,0,125,-84.4776
1.925,0,0,125,-84.4779
1.95,0,0,125,-84.4782
1.975,0,0,125,-84.4785
2,0,0,125,-84.4789
2.025,0,0,125,-84.4792
2.05,0,0,125,-84.4795
2.075,0,0,125,-84.4799
2.1,0,0,125,-84.4802
2.125,0,0,125,-84.4806
2.15,0,0,125,-84.481
2.175,0,0,125,-84.4814
2.2,0,0,125,-84.4818
2.225,0,0,125,-84.4822
2.25,0,0,125,-84.4826
2.275,0,0,125,-84.483
2.3,0,0,125,-84.4835
2.325,0,0,125,-84.4839
2.35,0,0,125,-84.4844
2.375,0,0,125,-84.4848
2.4,0,0,125,-84.4853
2.425,0,0,125,-84.4858
2.45,0,0,125,-84.4863
2.475,0,0,125,-84.4868
2.5,0,0,125,-84.4873
2.525,0,0,125,-84.4878
2.55,0,0,125,-84.4884
2.575,0,0,125,-84.4889
2.6,0,0,125,-84.4895
2.625,0,0,125,-84.49
2.65,0,0,125,-84.4906
2.675,0,0,125,-84.4912
2.7,0,0,125,-84.4918
2.725,0,0,125,-84.4924
2.75,0,0,125,-84.493
2.775,0,0,125,-84.4936
2.8,0,0,125,-84.4942
2.825,0,0,125,-84.4949
2.85,0,0,125,-84.4955
2.875,0,0,125,-84.4962
2.9,0,0,125,-84.4968
2.925,0,0,125,-84.4975
2.95,0,0,125,-84.4982
2.975,0,0,125,-84.4989
3,0,0,125,-84.4996
3.025,0,0,125,-84.5002
3.05,0,0,125,-84.5009
3.075,0,0,125,-84.5015
3.1,0,0,125,-84.5022
3.125,0,0,125,-84.5028
3.15,0,0,125,-84.5034
3.175,0,0,125,-84.504
3.2,0,0,125,-84.5046
3.225,0,0,125,-84.5052
3.25,0,0,125,-84.5058
3.275,0,0,125,-84.5063
3.3,0,0,125,-84.5069
3.325,0,0,125,-84.5074
3.35,0,0,125,-84.508
3.375,0,0,125,-84.5085
3.4,0,0,125,-84.509
3.425,0,0,125,-84.5095
3.45,0,0,125,-84.5101
3.475,0,0,125,-84.5105
3.5,0,0,125,-84.511
3.525,0,0,125,-84.5115
3.55,0,0,125,-84.512
3.575,0,0,125,-84.5124
3.6,0,0,125,-84.5129
3.625,0,0,125,-84.5133
3.65,0,0,125,-84.5137
3.675,0,0,125,-84.5141
3.7,0,0,125,-84.5145
3.725,0,0,125,-84.5149
3.75,0,0,125,-84.5153
3.775,0,0,125,-84.5157
3.8,0,0,125,-84.5161
3.825,0,0,125,-84.5164
3.85,0,0,125,-84.5168
3.875,0,0,125,-84.5171
3.9,0,0,125,-84.5174
3.925,0,0,125,-84.5178
3.95,0,0,125,-84.5181
3.975,0,0,125,-84.5184
4,0,0,125,-84.5187
4.025,0,0,125,-84.519
4.05,0,0,125,-84.5192
4.075,0,0,125,-84.5195
4.1,0,0,125,-84.5197
4.125,0,0,125,-84.52
4.15,0,0,125,-84.5202
4.175,0,0,125,-84.5204
4.2,0,0,125,-84.5206
4.225,0,0,125,-84.5208
4.25,0,0,125,-84.521
4.275,0,0,125,-84.5212
4.3,0,0,125,-84.5214
4.325,0,0,125,-84.5215
4.35,0,0,125,-84.5217
4.375,0,0,125,-84.5218
4.4,0,0,125,-84.5219
4.425,0,0,125,-84.5221
4.45,0,0,125,-84.5222
4.475,0,0,125,-84.5223
4.5,0,0,125,-84.5224
4.525,0,0,125,-84.5224
4.55,0,0,125,-84.5225
4.575,0,0,125,-84.5226
4.6,0,0,125,-84.5226
4.625,0,0,125,-84.5226
4.65,0,0,125,-84.5227
4.675,0,0,125,-84.5227
4.7,0,0,125,-84.5227
4.725,0,0,125,-84.5227
4.75,0,0,125,-84.5227
4.775,0,0,125,-84.5227
4.8,0,0,125,-84.5227
4.825,0,0,125,-84.5227
4.85,0,0,125,-84.5227
4.875,0,0,125,-84.5227
4.9,0,0,125,-84.5226
4.925,0,0,125,-84.5226
4.95,0,0,125,-84.5226
4.975,0,0,125,-84.5225
5,0,0,125,-84.5225
