0,0,0,125,0.770159
0.025,0,0,125,0.774306
0.05,0,0,125,0.782454
0.075,0,0,125,0.794258
0.1,0,0,125,0.809214
0.125,0,0,125,0.826739
0.15,0,0,125,0.846266
0.175,0,0,125,0.867305
0.2,0,0,125,0.889537
0.225,0,0,125,0.912727
0.25,0,0,125,0.93668
0.275,0,0,125,0.961228
0.3,0,0,125,0.986208
0.325,0,0,125,1.01147
0.35,0,0,125,1.03689
0.375,0,0,125,1.06231
0.4,0,0,125,1.08762
0.425,0,0,125,1.1127
0.45,0,0,125,1.13745
0.475,0,0,125,1.16174
0.5,0,0,125,1.18548
0.525,0,0,125,1.20857
0.55,0,0,125,1.23091
0.575,0,0,125,1.25242
0.6,0,0,125,1.273
0.625,0,0,125,1.29257
0.65,0,0,125,1.31105
0.675,0,0,125,1.32834
0.7,0,0,125,1.34437
0.725,0,0,125,1.35905
0.75,0,0,125,1.3723
0.775,0,0,125,1.38404
0.8,0,0,125,1.3942
0.825,0,0,125,1.40268
0.85,0,0,125,1.4094
0.875,0,0,125,1.41428
0.9,0,0,125,1.41724
0.925,0,0,125,1.41819
0.95,0,0,125,1.41705
0.975,0,0,125,1.41373
1,0,0,125,1.40814
1.025,0,0,125,1.40019
1.05,0,0,125,1.38978
1.075,0,0,125,1.37683
1.1,0,0,125,1.36124
1.125,0,0,125,1.3429
1.15,0,0,125,1.32174
1.175,0,0,125,1.29762
1.2,0,0,125,1.27047
1.225,0,0,125,1.24018
1.25,0,0,125,1.20663
1.275,0,0,125,1.16972
1.3,0,0,125,1.12934
1.325,0,0,125,1.08537
1.35,0,0,125,1.03772
1.375,0,0,125,0.986255
1.4,0,0,125,0.930867
1.425,0,0,125,0.871448
1.45,0,0,125,0.807875
1.475,0,0,125,0.740031
1.5,0,0,125,0.667808
1.525,0,0,125,0.591078
1.55,0,0,125,0.509728
1.575,0,0,125,0.423648
1.6,0,0,125,0.332709
1.625,0,0,125,0.2368
1.65,0,0,125,0.135807
1.675,0,0,125,0.0296159
1.7,0,0,125,-0.0818938
1.725,0,0,125,-0.198838
1.75,0,0,125,-0.32133
1.775,0,0,125,-0.449489
1.8,0,0,125,-0.583432
1.825,0,0,125,-0.72328
1.85,0,0,125,-0.869153
1.875,0,0,125,-1.02118
1.9,0,0,125,-1.17948
1.925,0,0,125,-1.34419
1.95,0,0,125,-1.51544
1.975,0,0,125,-1.69337
2,0,0,125,-1.87814
2.025,0,0,125,-2.06988
2.05,0,0,125,-2.26876
2.075,0,0,125,-2.47495
2.1,0,0,125,-2.68861
2.125,0,0,125,-2.90993
2.15,0,0,125,-3.13911
2.175,0,0,125,-3.37633
2.2,0,0,125,-3.62182
2.225,0,0,125,-3.87578
2.25,0,0,125,-4.13846
2.275,0,0,125,-4.4101
2.3,0,0,125,-4.69093
2.325,0,0,125,-4.98124
2.35,0,0,125,-5.28129
2.375,0,0,125,-5.59136
2.4,0,0,125,-5.91174
2.425,0,0,125,-6.24275
2.45,0,0,125,-6.58469
2.475,0,0,125,-6.93789
2.5,0,0,125,-7.30266
2.525,0,0,125,-7.67934
2.55,0,0,125,-8.06827
2.575,0,0,125,-8.4698
2.6,0,0,125,-8.88425
2.625,0,0,125,-9.31199
2.65,0,0,125,-9.75334
2.675,0,0,125,-10.2086
2.7,0,0,125,-10.6782
2.725,0,0,125,-11.1624
2.75,0,0,125,-11.6615
2.775,0,0,125,-12.1758
2.8,0,0,125,-12.7056
2.825,0,0,125,-13.2511
2.85,0,0,125,-13.8126
2.875,0,0,125,-14.3902
2.9,0,0,125,-14.9842
2.925,0,0,125,-15.5946
2.95,0,0,125,-16.2215
2.975,0,0,125,-16.8651
3,0,0,125,-17.5253
3.025,0,0,125,-18.2022
3.05,0,0,125,-18.8956
3.075,0,0,125,-19.6054
3.1,0,0,125,-20.3314
3.125,0,0,125,-21.0735
3.15,0,0,125,-21.8315
3.175,0,0,125,-22.6049
3.2,0,0,125,-23.3936
3.225,0,0,125,-24.1971
3.25,0,0,125,-25.015
3.275,0,0,125,-25.8469
3.3,0,0,125,-26.6925
3.325,0,0,125,-27.5511
3.35,0,0,125,-28.4223
3.375,0,0,125,-29.3057
3.4,0,0,125,-30.2006
3.425,0,0,125,-31.1065
3.45,0,0,125,-32.0227
3.475,0,0,125,-32.9488
3.5,0,0,125,-33.8838
3.525,0,0,125,-34.8272
3.55,0,0,125,-35.778
3.575,0,0,125,-36.7354
3.6,0,0,125,-37.6984
3.625,0,0,125,-38.6659
3.65,0,0,125,-39.6367
3.675,0,0,125,-40.6096
3.7,0,0,125,-41.5832
3.725,0,0,125,-42.5561
3.75,0,0,125,-43.5269
3.775,0,0,125,-44.4938
3.8,0,0,125,-45.4553
3.825,0,0,125,-46.4099
3.85,0,0,125,-47.3557
3.875,0,0,125,-48.2911
3.9,0,0,125,-49.2146
3.925,0,0,125,-50.1245
3.95,0,0,125,-51.0192
3.975,0,0,125,-51.8974
4,0,0,125,-52.7576
4.025,0,0,125,-53.5985
4.05,0,0,125,-54.4189
4.075,0,0,125,-55.2178
4.1,0,0,125,-55.9943
4.125,0,0,125,-56.7473
4.15,0,0,125,-57.4764
4.175,0,0,125,-58.1808
4.2,0,0,125,-58.8601
4.225,0,0,125,-59.514
4.25,0,0,125,-60.1421
4.275,0,0,125,-60.7445
4.3,0,0,125,-61.321
4.325,0,0,125,-61.8717
4.35,0,0,125,-62.3967
4.375,0,0,125,-62.8964
4.4,0,0,125,-63.3709
4.425,0,0,125,-63.8207
4.45,0,0,125,-64.2461
4.475,0,0,125,-64.6476
4.5,0,0,125,-65.0257
4.525,0,0,125,-65.3809
4.55,0,0,125,-65.7138
4.575,0,0,125,-66.025
4.6,0,0,125,-66.3149
4.625,0,0,125,-66.5841
4.65,0,0,125,-66.8333
4.675,0,0,125,-67.0631
4.7,0,0,125,-67.2738
4.725,0,0,125,-67.4662
4.75,0,0,125,-67.6406
4.775,0,0,125,-67.7976
4.8,0,0,125,-67.9376
4.825,0,0,125,-68.061
4.85,0,0,125,-68.1682
4.875,0,0,125,-68.2595
4.9,0,0,125,-68.3352
4.925,0,0,125,-68.3954
4.95,0,0,125,-68.4405
4.975,0,0,125,-68.4705
5,0,0,125,-68.4854
