0,0,0,125,-84.4084
0.025,0,0,125,-84.4084
0.05,0,0,125,-84.4085
0.075,0,0,125,-84.4087
0.1,0,0,125,-84.4089
0.125,0,0,125,-84.4091
0.15,0,0,125,-84.4094
0.175,0,0,125,-84.4096
0.2,0,0,125,-84.4099
0.225,0,0,125,-84.4101
0.25,0,0,125,-84.4104
0.275,0,0,125,-84.4107
0.3,0,0,125,-84.411
0.325,0,0,125,-84.4113
0.35,0,0,125,-84.4116
0.375,0,0,125,-84.4119
0.4,0,0,125,-84.4122
0.425,0,0,125,-84.4125
0.45,0,0,125,-84.4127
0.475,0,0,125,-84.413
0.5,0,0,125,-84.4133
0.525,0,0,125,-84.4135
0.55,0,0,125,-84.4137
0.575,0,0,125,-84.414
0.6,0,0,125,-84.4142
0.625,0,0,125,-84.4144
0.65,0,0,125,-84.4147
0.675,0,0,125,-84.4149
0.7,0,0,125,-84.4151
0.725,0,0,125,-84.4153
0.75,0,0,125,-84.4156
0.775,0,0,125,-84.4158
0.8,0,0,125,-84.416
0.825,0,0,125,-84.4162
0.85,0,0,125,-84.4164
0.875,0,0,125,-84.4167
0.9,0,0,125,-84.4169
0.925,0,0,125,-84.4171
0.95,0,0,125,-84.4174
0.975,0,0,125,-84.4176
1,0,0,125,-84.4178
1.025,0,0,125,-84.418
1.05,0,0,125,-84.4182
1.075,0,0,125,-84.4184
1.1,0,0,125,-84.4187
1.125,0,0,125,-84.4189
1.15,0,0,125,-84.4191
1.175,0,0,125,-84.4193
1.2,0,0,125,-84.4196
1.225,0,0,125,-84.4198
1.25,0,0,125,-84.4201
1.275,0,0,125,-84.4203
1.3,0,0,125,-84.4205
1.325,0,0,125,-84.4208
1.35,0,0,125,-84.4211
1.375,0,0,125,-84.4213
1.4,0,0,125,-84.4216
1.425,0,0,125,-84.4219
1.45,0,0,125,-84.4222
1.475,0,0,125,-84.4224
1.5,0,0,125,-84.4227
1.525,0,0,125,-84.423
1.55,0,0,125,-84.4233
1.575,0,0,125,-84.4236
1.6,0,0,125,-84.4239
1.625,0,0,125,-84.4243
1.65,0,0,125,-84.4246
1.675,0,0,125,-84.4249
1.7,0,0,125,-84.4252
1.725,0,0,125,-84.4256
1.75,0,0,125,-84.4259
1.775,0,0,125,-84.4263
1.8,0,0,125,-84.4267
1.825,0,0,125,-84.427
1.85,0,0,125,-84.4274
1.875,0,0,125,-84.4278
1.9,0,0,125,-84.4282
1.925,0,0,125,-84.4286
1.95,0,0,125,-84.429
1.975,0,0,125,-84.4295
2,0,0,125,-84.4299
2.025,0,0,125,-84.4304
2.05,0,0,125,-84.4309
2.075,0,0,125,-84.4314
2.1,0,0,125,-84.4319
2.125,0,0,125,-84.4324
2.15,0,0,125,-84.433
2.175,0,0,125,-84.4335
2.2,0,0,125,-84.4341
2.225,0,0,125,-84.4347
2.25,0,0,125,-84.4353
2.275,0,0,125,-84.4359
2.3,0,0,125,-84.4366
2.325,0,0,125,-84.4372
2.35,0,0,125,-84.4379
2.375,0,0,125,-84.4386
2.4,0,0,125,-84.4393
2.425,0,0,125,-84.44
2.45,0,0,125,-84.4407
2.475,0,0,125,-84.4414
2.5,0,0,125,-84.4422
2.525,0,0,125,-84.4429
2.55,0,0,125,-84.4437
2.575,0,0,125,-84.4445
2.6,0,0,125,-84.4452
2.625,0,0,125,-84.446
2.65,0,0,125,-84.4468
2.675,0,0,125,-84.4477
2.7,0,0,125,-84.4485
2.725,0,0,125,-84.4493
2.75,0,0,125,-84.4502
2.775,0,0,125,-84.451
2.8,0,0,125,-84.4519
2.825,0,0,125,-84.4528
2.85,0,0,125,-84.4537
2.875,0,0,125,-84.4546
2.9,0,0,125,-84.4555
2.925,0,0,125,-84.4564
2.95,0,0,125,-84.4573
2.975,0,0,125,-84.4583
3,0,0,125,-84.4592
3.025,0,0,125,-84.4601
3.05,0,0,125,-84.4611
3.075,0,0,125,-84.462
3.1,0,0,125,-84.463
3.125,0,0,125,-84.4639
3.15,0,0,125,-84.4648
3.175,0,0,125,-84.4658
3.2,0,0,125,-84.4667
3.225,0,0,125,-84.4676
3.25,0,0,125,-84.4685
3.275,0,0,125,-84.4694
3.3,0,0,125,-84.4703
3.325,0,0,125,-84.4711
3.35,0,0,125,-84.472
3.375,0,0,125,-84.4728
3.4,0,0,125,-84.4736
3.425,0,0,125,-84.4744
3.45,0,0,125,-84.4752
3.475,0,0,125,-84.4759
3.5,0,0,125,-84.4767
3.525,0,0,125,-84.4774
3.55,0,0,125,-84.4781
3.575,0,0,125,-84.4788
3.6,0,0,125,-84.4795
3.625,0,0,125,-84.4802
3.65,0,0,125,-84.4808
3.675,0,0,125,-84.4815
3.7,0,0,125,-84.4821
3.725,0,0,125,-84.4827
3.75,0,0,125,-84.4833
3.775,0,0,125,-84.4839
3.8,0,0,125,-84.4844
3.825,0,0,125,-84.485
3.85,0,0,125,-84.4855
3.875,0,0,125,-84.486
3.9,0,0,125,-84.4865
3.925,0,0,125,-84.487
3.95,0,0,125,-84.4875
3.975,0,0,125,-84.4879
4,0,0,125,-84.4884
4.025,0,0,125,-84.4888
4.05,0,0,125,-84.4892
4.075,0,0,125,-84.4896
4.1,0,0,125,-84.49
4.125,0,0,125,-84.4904
4.15,0,0,125,-84.4907
4.175,0,0,125,-84.4911
4.2,0,0,125,-84.4914
4.225,0,0,125,-84.4917
4.25,0,0,125,-84.4919
4.275,0,0,125,-84.4922
4.3,0,0,125,-84.4924
4.325,0,0,125,-84.4926
4.35,0,0,125,-84.4928
4.375,0,0,125,-84.493
4.4,0,0,125,-84.4932
4.425,0,0,125,-84.4934
4.45,0,0,125,-84.4935
4.475,0,0,125,-84.4937
4.5,0,0,125,-84.4938
4.525,0,0,125,-84.494
4.55,0,0,125,-84.4941
4.575,0,0,125,-84.4942
4.6,0,0,125,-84.4944
4.625,0,0,125,-84.4945
4.65,0,0,125,-84.4945
4.675,0,0,125,-84.4946
4.7,0,0,125,-84.4947
4.725,0,0,125,-84.4948
4.75,0,0,125,-84.4948
4.775,0,0,125,-84.4949
4.8,0,0,125,-84.4949
4.825,0,0,125,-84.4949
4.85,0,0,125,-84.4949
4.875,0,0,125,-84.495
4.9,0,0,125,-84.495
4.925,0,0,125,-84.4949
4.95,0,0,125,-84.4949
4.975,0,0,125,-84.4949
5,0,0,125,-84.4949
