0,0,0,125,-83.8389
0.025,0,0,125,-83.8391
0.05,0,0,125,-83.8395
0.075,0,0,125,-83.8402
0.1,0,0,125,-83.8409
0.125,0,0,125,-83.8418
0.15,0,0,125,-83.8428
0.175,0,0,125,-83.8438
0.2,0,0,125,-83.8448
0.225,0,0,125,-83.8459
0.25,0,0,125,-83.847
0.275,0,0,125,-83.848
0.3,0,0,125,-83.8491
0.325,0,0,125,-83.8502
0.35,0,0,125,-83.8512
0.375,0,0,125,-83.8523
0.4,0,0,125,-83.8533
0.425,0,0,125,-83.8543
0.45,0,0,125,-83.8553
0.475,0,0,125,-83.8563
0.5,0,0,125,-83.8573
0.525,0,0,125,-83.8582
0.55,0,0,125,-83.8591
0.575,0,0,125,-83.8601
0.6,0,0,125,-83.861
0.625,0,0,125,-83.8619
0.65,0,0,125,-83.8627
0.675,0,0,125,-83.8636
0.7,0,0,125,-83.8644
0.725,0,0,125,-83.8653
0.75,0,0,125,-83.8662
0.775,0,0,125,-83.867
0.8,0,0,125,-83.8679
0.825,0,0,125,-83.8688
0.85,0,0,125,-83.8697
0.875,0,0,125,-83.8706
0.9,0,0,125,-83.8715
0.925,0,0,125,-83.8725
0.95,0,0,125,-83.8734
0.975,0,0,125,-83.8743
1,0,0,125,-83.8753
1.025,0,0,125,-83.8763
1.05,0,0,125,-83.8772
1.075,0,0,125,-83.8782
1.1,0,0,125,-83.8792
1.125,0,0,125,-83.8802
1.15,0,0,125,-83.8812
1.175,0,0,125,-83.8823
1.2,0,0,125,-83.8833
1.225,0,0,125,-83.8843
1.25,0,0,125,-83.8854
1.275,0,0,125,-83.8865
1.3,0,0,125,-83.8875
1.325,0,0,125,-83.8886
1.35,0,0,125,-83.8897
1.375,0,0,125,-83.8908
1.4,0,0,125,-83.892
1.425,0,0,125,-83.8932
1.45,0,0,125,-83.8944
1.475,0,0,125,-83.8957
1.5,0,0,125,-83.897
1.525,0,0,125,-83.8983
1.55,0,0,125,-83.8997
1.575,0,0,125,-83.9011
1.6,0,0,125,-83.9026
1.625,0,0,125,-83.904
1.65,0,0,125,-83.9056
1.675,0,0,125,-83.9071
1.7,0,0,125,-83.9087
1.725,0,0,125,-83.9103
1.75,0,0,125,-83.912
1.775,0,0,125,-83.9136
1.8,0,0,125,-83.9154
1.825,0,0,125,-83.9171
1.85,0,0,125,-83.9189
1.875,0,0,125,-83.9207
1.9,0,0,125,-83.9226
1.925,0,0,125,-83.9245
1.95,0,0,125,-83.9265
1.975,0,0,125,-83.9284
2,0,0,125,-83.9305
2.025,0,0,125,-83.9325
2.05,0,0,125,-83.9346
2.075,0,0,125,-83.9368
2.1,0,0,125,-83.9389
2.125,0,0,125,-83.9411
2.15,0,0,125,-83.9434
2.175,0,0,125,-83.9458
2.2,0,0,125,-83.9482
2.225,0,0,125,-83.9506
2.25,0,0,125,-83.9532
2.275,0,0,125,-83.9558
2.3,0,0,125,-83.9584
2.325,0,0,125,-83.9611
2.35,0,0,125,-83.9639
2.375,0,0,125,-83.9667
2.4,0,0,125,-83.9696
2.425,0,0,125,-83.9726
2.45,0,0,125,-83.9756
2.475,0,0,125,-83.9787
2.5,0,0,125,-83.9818
2.525,0,0,125,-83.985
2.55,0,0,125,-83.9883
2.575,0,0,125,-83.9916
2.6,0,0,125,-83.995
2.625,0,0,125,-83.9984
2.65,0,0,125,-84.0019
2.675,0,0,125,-84.0055
2.7,0,0,125,-84.0091
2.725,0,0,125,-84.0128
2.75,0,0,125,-84.0165
2.775,0,0,125,-84.0202
2.8,0,0,125,-84.0239
2.825,0,0,125,-84.0277
2.85,0,0,125,-84.0315
2.875,0,0,125,-84.0353
2.9,0,0,125,-84.0391
2.925,0,0,125,-84.0429
2.95,0,0,125,-84.0467
2.975,0,0,125,-84.0506
3,0,0,125,-84.0544
3.025,0,0,125,-84.0583
3.05,0,0,125,-84.0622
3.075,0,0,125,-84.0661
3.1,0,0,125,-84.0699
3.125,0,0,125,-84.0738
3.15,0,0,125,-84.0776
3.175,0,0,125,-84.0814
3.2,0,0,125,-84.0852
3.225,0,0,125,-84.089
3.25,0,0,125,-84.0928
3.275,0,0,125,-84.0965
3.3,0,0,125,-84.1002
3.325,0,0,125,-84.1039
3.35,0,0,125,-84.1076
3.375,0,0,125,-84.1112
3.4,0,0,125,-84.1148
3.425,0,0,125,-84.1183
3.45,0,0,125,-84.1218
3.475,0,0,125,-84.1251
3.5,0,0,125,-84.1285
3.525,0,0,125,-84.1317
3.55,0,0,125,-84.1349
3.575,0,0,125,-84.1381
3.6,0,0,125,-84.1412
3.625,0,0,125,-84.1442
3.65,0,0,125,-84.1471
3.675,0,0,125,-84.15
3.7,0,0,125,-84.1529
3.725,0,0,125,-84.1556
3.75,0,0,125,-84.1583
3.775,0,0,125,-84.1609
3.8,0,0,125,-84.1634
3.825,0,0,125,-84.1658
3.85,0,0,125,-84.1682
3.875,0,0,125,-84.1704
3.9,0,0,125,-84.1726
3.925,0,0,125,-84.1747
3.95,0,0,125,-84.1767
3.975,0,0,125,-84.1786
4,0,0,125,-84.1804
4.025,0,0,125,-84.1822
4.05,0,0,125,-84.184
4.075,0,0,125,-84.1856
4.1,0,0,125,-84.1872
4.125,0,0,125,-84.1888
4.15,0,0,125,-84.1903
4.175,0,0,125,-84.1917
4.2,0,0,125,-84.193
4.225,0,0,125,-84.1943
4.25,0,0,125,-84.1955
4.275,0,0,125,-84.1966
4.3,0,0,125,-84.1977
4.325,0,0,125,-84.1987
4.35,0,0,125,-84.1997
4.375,0,0,125,-84.2006
4.4,0,0,125,-84.2014
4.425,0,0,125,-84.2022
4.45,0,0,125,-84.2029
4.475,0,0,125,-84.2035
4.5,0,0,125,-84.2041
4.525,0,0,125,-84.2047
4.55,0,0,125,-84.2052
4.575,0,0,125,-84.2058
4.6,0,0,125,-84.2062
4.625,0,0,125,-84.2066
4.65,0,0,125,-84.207
4.675,0,0,125,-84.2074
4.7,0,0,125,-84.2077
4.725,0,0,125,-84.208
4.75,0,0,125,-84.2082
4.775,0,0,125,-84.2084
4.8,0,0,125,-84.2086
4.825,0,0,125,-84.2087
4.85,0,0,125,-84.2088
4.875,0,0,125,-84.2089
4.9,0,0,125,-84.209
4.925,0,0,125,-84.209
4.95,0,0,125,-84.2091
4.975,0,0,125,-84.2091
5,0,0,125,-84.2091
