0,0,0,125,-30.9753
0.025,0,0,125,-30.993
0.05,0,0,125,-31.0284
0.075,0,0,125,-31.0818
0.1,0,0,125,-31.1535
0.125,0,0,125,-31.2435
0.15,0,0,125,-31.3506
0.175,0,0,125,-31.4718
0.2,0,0,125,-31.6021
0.225,0,0,125,-31.7363
0.25,0,0,125,-31.8688
0.275,0,0,125,-31.9948
0.3,0,0,125,-32.1099
0.325,0,0,125,-32.2103
0.35,0,0,125,-32.2926
0.375,0,0,125,-32.3541
0.4,0,0,125,-32.3924
0.425,0,0,125,-32.4056
0.45,0,0,125,-32.3921
0.475,0,0,125,-32.3507
0.5,0,0,125,-32.2805
0.525,0,0,125,-32.181
0.55,0,0,125,-32.0518
0.575,0,0,125,-31.8928
0.6,0,0,125,-31.7043
0.625,0,0,125,-31.4866
0.65,0,0,125,-31.2403
0.675,0,0,125,-30.9661
0.7,0,0,125,-30.6648
0.725,0,0,125,-30.3376
0.75,0,0,125,-29.9855
0.775,0,0,125,-29.6098
0.8,0,0,125,-29.2118
0.825,0,0,125,-28.7929
0.85,0,0,125,-28.3544
0.875,0,0,125,-27.898
0.9,0,0,125,-27.425
0.925,0,0,125,-26.937
0.95,0,0,125,-26.4355
0.975,0,0,125,-25.922
1,0,0,125,-25.3981
1.025,0,0,125,-24.8651
1.05,0,0,125,-24.3244
1.075,0,0,125,-23.7776
1.1,0,0,125,-23.2259
1.125,0,0,125,-22.6705
1.15,0,0,125,-22.1128
1.175,0,0,125,-21.5539
1.2,0,0,125,-20.9948
1.225,0,0,125,-20.4366
1.25,0,0,125,-19.8803
1.275,0,0,125,-19.3266
1.3,0,0,125,-18.7766
1.325,0,0,125,-18.2307
1.35,0,0,125,-17.6899
1.375,0,0,125,-17.1546
1.4,0,0,125,-16.6253
1.425,0,0,125,-16.1026
1.45,0,0,125,-15.5868
1.475,0,0,125,-15.0783
1.5,0,0,125,-14.5774
1.525,0,0,125,-14.0842
1.55,0,0,125,-13.599
1.575,0,0,125,-13.1219
1.6,0,0,125,-12.653
1.625,0,0,125,-12.1924
1.65,0,0,125,-11.7399
1.675,0,0,125,-11.2956
1.7,0,0,125,-10.8595
1.725,0,0,125,-10.4313
1.75,0,0,125,-10.0111
1.775,0,0,125,-9.59865
1.8,0,0,125,-9.19376
1.825,0,0,125,-8.79627
1.85,0,0,125,-8.40596
1.875,0,0,125,-8.02262
1.9,0,0,125,-7.646
1.925,0,0,125,-7.27587
1.95,0,0,125,-6.91196
1.975,0,0,125,-6.55401
2,0,0,125,-6.20174
2.025,0,0,125,-5.85487
2.05,0,0,125,-5.51313
2.075,0,0,125,-5.17622
2.1,0,0,125,-4.84386
2.125,0,0,125,-4.51575
2.15,0,0,125,-4.19159
2.175,0,0,125,-3.87109
2.2,0,0,125,-3.55396
2.225,0,0,125,-3.2399
2.25,0,0,125,-2.92862
2.275,0,0,125,-2.61981
2.3,0,0,125,-2.31319
2.325,0,0,125,-2.00846
2.35,0,0,125,-1.70533
2.375,0,0,125,-1.40351
2.4,0,0,125,-1.1027
2.425,0,0,125,-0.802619
2.45,0,0,125,-0.502977
2.475,0,0,125,-0.203483
2.5,0,0,125,0.0961488
2.525,0,0,125,0.396208
2.55,0,0,125,0.69698
2.575,0,0,125,0.998754
2.6,0,0,125,1.30182
2.625,0,0,125,1.60645
2.65,0,0,125,1.91296
2.675,0,0,125,2.22161
2.7,0,0,125,2.53272
2.725,0,0,125,2.84655
2.75,0,0,125,3.16342
2.775,0,0,125,3.48361
2.8,0,0,125,3.80742
2.825,0,0,125,4.13514
2.85,0,0,125,4.46707
2.875,0,0,125,4.80352
2.9,0,0,125,5.14478
2.925,0,0,125,5.49114
2.95,0,0,125,5.8429
2.975,0,0,125,6.20034
3,0,0,125,6.56375
3.025,0,0,125,6.93338
3.05,0,0,125,7.30948
3.075,0,0,125,7.69224
3.1,0,0,125,8.08184
3.125,0,0,125,8.47836
3.15,0,0,125,8.8818
3.175,0,0,125,9.29202
3.2,0,0,125,9.70869
3.225,0,0,125,10.1312
3.25,0,0,125,10.5587
3.275,0,0,125,10.9896
3.3,0,0,125,11.4218
3.325,0,0,125,11.8522
3.35,0,0,125,12.2763
3.375,0,0,125,12.6877
3.4,0,0,125,13.0774
3.425,0,0,125,13.4329
3.45,0,0,125,13.7362
3.475,0,0,125,13.9625
3.5,0,0,125,14.0765
3.525,0,0,125,14.028
3.55,0,0,125,13.7451
3.575,0,0,125,13.1237
3.6,0,0,125,12.0101
3.625,0,0,125,10.1729
3.65,0,0,125,7.25582
3.675,0,0,125,2.69819
3.7,0,0,125,-4.38729
3.725,0,0,125,-15.3059
3.75,0,0,125,-30.9885
3.775,0,0,125,-46.8781
3.8,0,0,125,-58.5968
3.825,0,0,125,-66.6528
3.85,0,0,125,-72.125
3.875,0,0,125,-75.8277
3.9,0,0,125,-78.3277
3.925,0,0,125,-80.0133
3.95,0,0,125,-81.1487
3.975,0,0,125,-81.913
4,0,0,125,-82.4275
4.025,0,0,125,-82.7736
4.05,0,0,125,-83.0065
4.075,0,0,125,-83.1632
4.1,0,0,125,-83.2687
4.125,0,0,125,-83.3397
4.15,0,0,125,-83.3874
4.175,0,0,125,-83.4194
4.2,0,0,125,-83.4409
4.225,0,0,125,-83.4553
4.25,0,0,125,-83.4647
4.275,0,0,125,-83.4709
4.3,0,0,125,-83.4748
4.325,0,0,125,-83.4772
4.35,0,0,125,-83.4784
4.375,0,0,125,-83.4789
4.4,0,0,125,-83.4789
4.425,0,0,125,-83.4784
4.45,0,0,125,-83.4776
4.475,0,0,125,-83.4766
4.5,0,0,125,-83.4753
4.525,0,0,125,-83.4739
4.55,0,0,125,-83.4724
4.575,0,0,125,-83.4708
4.6,0,0,125,-83.4691
4.625,0,0,125,-83.4673
4.65,0,0,125,-83.4654
4.675,0,0,125,-83.4635
4.7,0,0,125,-83.4615
4.725,0,0,125,-83.4595
4.75,0,0,125,-83.4575
4.775,0,0,125,-83.4554
4.8,0,0,125,-83.4534
4.825,0,0,125,-83.4515
4.85,0,0,125,-83.4495
4.875,0,0,125,-83.4477
4.9,0,0,125,-83.4461
4.925,0,0,125,-83.4447
4.95,0,0,125,-83.4435
4.975,0,0,125,-83.4427
5,0,0,125,-83.4423
