0,0,0,125,-6.20691
0.025,0,0,125,-6.2115
0.05,0,0,125,-6.22068
0.075,0,0,125,-6.23448
0.1,0,0,125,-6.25294
0.125,0,0,125,-6.2761
0.15,0,0,125,-6.30404
0.175,0,0,125,-6.33678
0.2,0,0,125,-6.37429
0.225,0,0,125,-6.41653
0.25,0,0,125,-6.46342
0.275,0,0,125,-6.51489
0.3,0,0,125,-6.57087
0.325,0,0,125,-6.63129
0.35,0,0,125,-6.69606
0.375,0,0,125,-6.76512
0.4,0,0,125,-6.8384
0.425,0,0,125,-6.91584
0.45,0,0,125,-6.99739
0.475,0,0,125,-7.083
0.5,0,0,125,-7.17262
0.525,0,0,125,-7.26622
0.55,0,0,125,-7.36376
0.575,0,0,125,-7.46524
0.6,0,0,125,-7.57063
0.625,0,0,125,-7.67992
0.65,0,0,125,-7.79312
0.675,0,0,125,-7.91024
0.7,0,0,125,-8.03128
0.725,0,0,125,-8.15627
0.75,0,0,125,-8.28524
0.775,0,0,125,-8.41824
0.8,0,0,125,-8.5553
0.825,0,0,125,-8.69648
0.85,0,0,125,-8.84185
0.875,0,0,125,-8.99146
0.9,0,0,125,-9.14542
0.925,0,0,125,-9.30379
0.95,0,0,125,-9.46668
0.975,0,0,125,-9.63419
1,0,0,125,-9.80643
1.025,0,0,125,-9.98353
1.05,0,0,125,-10.1656
1.075,0,0,125,-10.3528
1.1,0,0,125,-10.5453
1.125,0,0,125,-10.7433
1.15,0,0,125,-10.9468
1.175,0,0,125,-11.1561
1.2,0,0,125,-11.3714
1.225,0,0,125,-11.5928
1.25,0,0,125,-11.8207
1.275,0,0,125,-12.0551
1.3,0,0,125,-12.2964
1.325,0,0,125,-12.5447
1.35,0,0,125,-12.8003
1.375,0,0,125,-13.0635
1.4,0,0,125,-13.3345
1.425,0,0,125,-13.6137
1.45,0,0,125,-13.9013
1.475,0,0,125,-14.1975
1.5,0,0,125,-14.5028
1.525,0,0,125,-14.8175
1.55,0,0,125,-15.1418
1.575,0,0,125,-15.4761
1.6,0,0,125,-15.8208
1.625,0,0,125,-16.1762
1.65,0,0,125,-16.5427
1.675,0,0,125,-16.9207
1.7,0,0,125,-17.3105
1.725,0,0,125,-17.7126
1.75,0,0,125,-18.1273
1.775,0,0,125,-18.555
1.8,0,0,125,-18.9962
1.825,0,0,125,-19.4513
1.85,0,0,125,-19.9207
1.875,0,0,125,-20.4048
1.9,0,0,125,-20.904
1.925,0,0,125,-21.4188
1.95,0,0,125,-21.9496
1.975,0,0,125,-22.4969
2,0,0,125,-23.0611
2.025,0,0,125,-23.6426
2.05,0,0,125,-24.2419
2.075,0,0,125,-24.8594
2.1,0,0,125,-25.4956
2.125,0,0,125,-26.151
2.15,0,0,125,-26.826
2.175,0,0,125,-27.521
2.2,0,0,125,-28.2364
2.225,0,0,125,-28.9728
2.25,0,0,125,-29.7306
2.275,0,0,125,-30.5101
2.3,0,0,125,-31.3118
2.325,0,0,125,-32.136
2.35,0,0,125,-32.983
2.375,0,0,125,-33.8531
2.4,0,0,125,-34.7466
2.425,0,0,125,-35.6634
2.45,0,0,125,-36.6037
2.475,0,0,125,-37.5672
2.5,0,0,125,-38.5538
2.525,0,0,125,-39.563
2.55,0,0,125,-40.5942
2.575,0,0,125,-41.6465
2.6,0,0,125,-42.719
2.625,0,0,125,-43.8104
2.65,0,0,125,-44.9191
2.675,0,0,125,-46.0435
2.7,0,0,125,-47.1816
2.725,0,0,125,-48.3312
2.75,0,0,125,-49.49
2.775,0,0,125,-50.6552
2.8,0,0,125,-51.8242
2.825,0,0,125,-52.9942
2.85,0,0,125,-54.162
2.875,0,0,125,-55.3246
2.9,0,0,125,-56.479
2.925,0,0,125,-57.6221
2.95,0,0,125,-58.7508
2.975,0,0,125,-59.8623
3,0,0,125,-60.9538
3.025,0,0,125,-62.0227
3.05,0,0,125,-63.0665
3.075,0,0,125,-64.0831
3.1,0,0,125,-65.0704
3.125,0,0,125,-66.0269
3.15,0,0,125,-66.9511
3.175,0,0,125,-67.8417
3.2,0,0,125,-68.698
3.225,0,0,125,-69.5193
3.25,0,0,125,-70.3052
3.275,0,0,125,-71.0557
3.3,0,0,125,-71.7707
3.325,0,0,125,-72.4505
3.35,0,0,125,-73.0958
3.375,0,0,125,-73.707
3.4,0,0,125,-74.285
3.425,0,0,125,-74.8307
3.45,0,0,125,-75.3451
3.475,0,0,125,-75.8292
3.5,0,0,125,-76.2843
3.525,0,0,125,-76.7114
3.55,0,0,125,-77.1119
3.575,0,0,125,-77.4869
3.6,0,0,125,-77.8377
3.625,0,0,125,-78.1655
3.65,0,0,125,-78.4715
3.675,0,0,125,-78.757
3.7,0,0,125,-79.023
3.725,0,0,125,-79.2707
3.75,0,0,125,-79.5012
3.775,0,0,125,-79.7156
3.8,0,0,125,-79.9147
3.825,0,0,125,-80.0996
3.85,0,0,125,-80.2712
3.875,0,0,125,-80.4304
3.9,0,0,125,-80.5779
3.925,0,0,125,-80.7145
3.95,0,0,125,-80.8409
3.975,0,0,125,-80.9579
4,0,0,125,-81.0661
4.025,0,0,125,-81.166
4.05,0,0,125,-81.2582
4.075,0,0,125,-81.3433
4.1,0,0,125,-81.4217
4.125,0,0,125,-81.4939
4.15,0,0,125,-81.5603
4.175,0,0,125,-81.6214
4.2,0,0,125,-81.6775
4.225,0,0,125,-81.7289
4.25,0,0,125,-81.7759
4.275,0,0,125,-81.819
4.3,0,0,125,-81.8583
4.325,0,0,125,-81.8941
4.35,0,0,125,-81.9266
4.375,0,0,125,-81.9562
4.4,0,0,125,-81.9829
4.425,0,0,125,-82.007
4.45,0,0,125,-82.0287
4.475,0,0,125,-82.0481
4.5,0,0,125,-82.0654
4.525,0,0,125,-82.0808
4.55,0,0,125,-82.0944
4.575,0,0,125,-82.1064
4.6,0,0,125,-82.1167
4.625,0,0,125,-82.1257
4.65,0,0,125,-82.1334
4.675,0,0,125,-82.1399
4.7,0,0,125,-82.1453
4.725,0,0,125,-82.1497
4.75,0,0,125,-82.1532
4.775,0,0,125,-82.1559
4.8,0,0,125,-82.1579
4.825,0,0,125,-82.1593
4.85,0,0,125,-82.1601
4.875,0,0,125,-82.1605
4.9,0,0,125,-82.1606
4.925,0,0,125,-82.1604
4.95,0,0,125,-82.1602
4.975,0,0,125,-82.16
5,0,0,125,-82.1599
