0,0,0,125,-84.4508
0.025,0,0,125,-84.4509
0.05,0,0,125,-84.4509
0.075,0,0,125,-84.4511
0.1,0,0,125,-84.4512
0.125,0,0,125,-84.4514
0.15,0,0,125,-84.4515
0.175,0,0,125,-84.4517
0.2,0,0,125,-84.4519
0.225,0,0,125,-84.4521
0.25,0,0,125,-84.4523
0.275,0,0,125,-84.4525
0.3,0,0,125,-84.4527
0.325,0,0,125,-84.4529
0.35,0,0,125,-84.4531
0.375,0,0,125,-84.4533
0.4,0,0,125,-84.4535
0.425,0,0,125,-84.4537
0.45,0,0,125,-84.4539
0.475,0,0,125,-84.4541
0.5,0,0,125,-84.4542
0.525,0,0,125,-84.4544
0.55,0,0,125,-84.4545
0.575,0,0,125,-84.4547
0.6,0,0,125,-84.4548
0.625,0,0,125,-84.455
0.65,0,0,125,-84.4551
0.675,0,0,125,-84.4553
0.7,0,0,125,-84.4554
0.725,0,0,125,-84.4556
0.75,0,0,125,-84.4557
0.775,0,0,125,-84.4558
0.8,0,0,125,-84.456
0.825,0,0,125,-84.4561
0.85,0,0,125,-84.4563
0.875,0,0,125,-84.4564
0.9,0,0,125,-84.4566
0.925,0,0,125,-84.4567
0.95,0,0,125,-84.4568
0.975,0,0,125,-84.457
1,0,0,125,-84.4571
1.025,0,0,125,-84.4573
1.05,0,0,125,-84.4575
1.075,0,0,125,-84.4576
1.1,0,0,125,-84.4578
1.125,0,0,125,-84.4579
1.15,0,0,125,-84.4581
1.175,0,0,125,-84.4583
1.2,0,0,125,-84.4585
1.225,0,0,125,-84.4586
1.25,0,0,125,-84.4588
1.275,0,0,125,-84.459
1.3,0,0,125,-84.4592
1.325,0,0,125,-84.4594
1.35,0,0,125,-84.4596
1.375,0,0,125,-84.4598
1.4,0,0,125,-84.46
1.425,0,0,125,-84.4602
1.45,0,0,125,-84.4604
1.475,0,0,125,-84.4606
1.5,0,0,125,-84.4608
1.525,0,0,125,-84.461
1.55,0,0,125,-84.4612
1.575,0,0,125,-84.4615
1.6,0,0,125,-84.4617
1.625,0,0,125,-84.4619
1.65,0,0,125,-84.4622
1.675,0,0,125,-84.4624
1.7,0,0,125,-84.4627
1.725,0,0,125,-84.4629
1.75,0,0,125,-84.4632
1.775,0,0,125,-84.4634
1.8,0,0,125,-84.4637
1.825,0,0,125,-84.464
1.85,0,0,125,-84.4643
1.875,0,0,125,-84.4646
1.9,0,0,125,-84.4649
1.925,0,0,125,-84.4652
1.95,0,0,125,-84.4656
1.975,0,0,125,-84.4659
2,0,0,125,-84.4663
2.025,0,0,125,-84.4666
2.05,0,0,125,-84.467
2.075,0,0,125,-84.4674
2.1,0,0,125,-84.4678
2.125,0,0,125,-84.4682
2.15,0,0,125,-84.4686
2.175,0,0,125,-84.469
2.2,0,0,125,-84.4694
2.225,0,0,125,-84.4699
2.25,0,0,125,-84.4703
2.275,0,0,125,-84.4708
2.3,0,0,125,-84.4713
2.325,0,0,125,-84.4717
2.35,0,0,125,-84.4722
2.375,0,0,125,-84.4727
2.4,0,0,125,-84.4732
2.425,0,0,125,-84.4737
2.45,0,0,125,-84.4743
2.475,0,0,125,-84.4748
2.5,0,0,125,-84.4753
2.525,0,0,125,-84.4759
2.55,0,0,125,-84.4764
2.575,0,0,125,-84.477
2.6,0,0,125,-84.4776
2.625,0,0,125,-84.4782
2.65,0,0,125,-84.4788
2.675,0,0,125,-84.4794
2.7,0,0,125,-84.48
2.725,0,0,125,-84.4806
2.75,0,0,125,-84.4813
2.775,0,0,125,-84.4819
2.8,0,0,125,-84.4826
2.825,0,0,125,-84.4833
2.85,0,0,125,-84.4839
2.875,0,0,125,-84.4846
2.9,0,0,125,-84.4853
2.925,0,0,125,-84.486
2.95,0,0,125,-84.4867
2.975,0,0,125,-84.4875
3,0,0,125,-84.4882
3.025,0,0,125,-84.4889
3.05,0,0,125,-84.4897
3.075,0,0,125,-84.4904
3.1,0,0,125,-84.4911
3.125,0,0,125,-84.4918
3.15,0,0,125,-84.4925
3.175,0,0,125,-84.4932
3.2,0,0,125,-84.4938
3.225,0,0,125,-84.4945
3.25,0,0,125,-84.4951
3.275,0,0,125,-84.4958
3.3,0,0,125,-84.4964
3.325,0,0,125,-84.497
3.35,0,0,125,-84.4977
3.375,0,0,125,-84.4983
3.4,0,0,125,-84.4989
3.425,0,0,125,-84.4994
3.45,0,0,125,-84.5
3.475,0,0,125,-84.5006
3.5,0,0,125,-84.5011
3.525,0,0,125,-84.5017
3.55,0,0,125,-84.5022
3.575,0,0,125,-84.5028
3.6,0,0,125,-84.5033
3.625,0,0,125,-84.5038
3.65,0,0,125,-84.5043
3.675,0,0,125,-84.5048
3.7,0,0,125,-84.5053
3.725,0,0,125,-84.5057
3.75,0,0,125,-84.5062
3.775,0,0,125,-84.5066
3.8,0,0,125,-84.507
3.825,0,0,125,-84.5075
3.85,0,0,125,-84.5079
3.875,0,0,125,-84.5083
3.9,0,0,125,-84.5087
3.925,0,0,125,-84.509
3.95,0,0,125,-84.5094
3.975,0,0,125,-84.5098
4,0,0,125,-84.5101
4.025,0,0,125,-84.5104
4.05,0,0,125,-84.5108
4.075,0,0,125,-84.5111
4.1,0,0,125,-84.5114
4.125,0,0,125,-84.5117
4.15,0,0,125,-84.512
4.175,0,0,125,-84.5122
4.2,0,0,125,-84.5125
4.225,0,0,125,-84.5128
4.25,0,0,125,-84.513
4.275,0,0,125,-84.5132
4.3,0,0,125,-84.5135
4.325,0,0,125,-84.5137
4.35,0,0,125,-84.5139
4.375,0,0,125,-84.5141
4.4,0,0,125,-84.5143
4.425,0,0,125,-84.5144
4.45,0,0,125,-84.5146
4.475,0,0,125,-84.5148
4.5,0,0,125,-84.5149
4.525,0,0,125,-84.515
4.55,0,0,125,-84.5152
4.575,0,0,125,-84.5153
4.6,0,0,125,-84.5154
4.625,0,0,125,-84.5155
4.65,0,0,125,-84.5156
4.675,0,0,125,-84.5156
4.7,0,0,125,-84.5157
4.725,0,0,125,-84.5158
4.75,0,0,125,-84.5158
4.775,0,0,125,-84.5158
4.8,0,0,125,-84.5159
4.825,0,0,125,-84.5159
4.85,0,0,125,-84.5159
4.875,0,0,125,-84.5159
4.9,0,0,125,-84.5158
4.925,0,0,125,-84.5158
4.95,0,0,125,-84.5158
4.975,0,0,125,-84.5158
5,0,0,125,-84.5157
