0,0,0,125,3.30445
0.025,0,0,125,3.30794
0.05,0,0,125,3.31481
0.075,0,0,125,3.3248
0.1,0,0,125,3.33756
0.125,0,0,125,3.35266
0.15,0,0,125,3.36969
0.175,0,0,125,3.38832
0.2,0,0,125,3.40833
0.225,0,0,125,3.4296
0.25,0,0,125,3.45201
0.275,0,0,125,3.47547
0.3,0,0,125,3.49991
0.325,0,0,125,3.52524
0.35,0,0,125,3.55139
0.375,0,0,125,3.5783
0.4,0,0,125,3.60591
0.425,0,0,125,3.63416
0.45,0,0,125,3.66301
0.475,0,0,125,3.6924
0.5,0,0,125,3.7223
0.525,0,0,125,3.75266
0.55,0,0,125,3.78346
0.575,0,0,125,3.81466
0.6,0,0,125,3.84622
0.625,0,0,125,3.87812
0.65,0,0,125,3.91034
0.675,0,0,125,3.94285
0.7,0,0,125,3.97562
0.725,0,0,125,4.00863
0.75,0,0,125,4.04188
0.775,0,0,125,4.07533
0.8,0,0,125,4.10898
0.825,0,0,125,4.14281
0.85,0,0,125,4.1768
0.875,0,0,125,4.21094
0.9,0,0,125,4.24522
0.925,0,0,125,4.27962
0.95,0,0,125,4.31413
0.975,0,0,125,4.34875
1,0,0,125,4.38346
1.025,0,0,125,4.41826
1.05,0,0,125,4.45313
1.075,0,0,125,4.48807
1.1,0,0,125,4.52307
1.125,0,0,125,4.55813
1.15,0,0,125,4.59324
1.175,0,0,125,4.62839
1.2,0,0,125,4.66359
1.225,0,0,125,4.69881
1.25,0,0,125,4.73406
1.275,0,0,125,4.76934
1.3,0,0,125,4.80464
1.325,0,0,125,4.83996
1.35,0,0,125,4.87529
1.375,0,0,125,4.91063
1.4,0,0,125,4.94598
1.425,0,0,125,4.98133
1.45,0,0,125,5.01668
1.475,0,0,125,5.05203
1.5,0,0,125,5.08738
1.525,0,0,125,5.12273
1.55,0,0,125,5.15807
1.575,0,0,125,5.1934
1.6,0,0,125,5.22872
1.625,0,0,125,5.26403
1.65,0,0,125,5.29933
1.675,0,0,125,5.33461
1.7,0,0,125,5.36987
1.725,0,0,125,5.40512
1.75,0,0,125,5.44035
1.775,0,0,125,5.47556
1.8,0,0,125,5.51074
1.825,0,0,125,5.54591
1.85,0,0,125,5.58105
1.875,0,0,125,5.61618
1.9,0,0,125,5.65128
1.925,0,0,125,5.68635
1.95,0,0,125,5.7214
1.975,0,0,125,5.75643
2,0,0,125,5.79143
2.025,0,0,125,5.8264
2.05,0,0,125,5.86135
2.075,0,0,125,5.89627
2.1,0,0,125,5.93116
2.125,0,0,125,5.96603
2.15,0,0,125,6.00087
2.175,0,0,125,6.03567
2.2,0,0,125,6.07045
2.225,0,0,125,6.1052
2.25,0,0,125,6.13993
2.275,0,0,125,6.17462
2.3,0,0,125,6.20928
2.325,0,0,125,6.24392
2.35,0,0,125,6.27852
2.375,0,0,125,6.3131
2.4,0,0,125,6.34764
2.425,0,0,125,6.38216
2.45,0,0,125,6.41665
2.475,0,0,125,6.4511
2.5,0,0,125,6.48552
2.525,0,0,125,6.51992
2.55,0,0,125,6.55428
2.575,0,0,125,6.58862
2.6,0,0,125,6.62292
2.625,0,0,125,6.65719
2.65,0,0,125,6.69143
2.675,0,0,125,6.72564
2.7,0,0,125,6.75982
2.725,0,0,125,6.79397
2.75,0,0,125,6.82809
2.775,0,0,125,6.86217
2.8,0,0,125,6.89623
2.825,0,0,125,6.93025
2.85,0,0,125,6.96424
2.875,0,0,125,6.9982
2.9,0,0,125,7.03213
2.925,0,0,125,7.06603
2.95,0,0,125,7.09989
2.975,0,0,125,7.13372
3,0,0,125,7.16752
3.025,0,0,125,7.20128
3.05,0,0,125,7.23501
3.075,0,0,125,7.26871
3.1,0,0,125,7.30237
3.125,0,0,125,7.336
3.15,0,0,125,7.36959
3.175,0,0,125,7.40315
3.2,0,0,125,7.43668
3.225,0,0,125,7.47017
3.25,0,0,125,7.50362
3.275,0,0,125,7.53703
3.3,0,0,125,7.57041
3.325,0,0,125,7.60375
3.35,0,0,125,7.63705
3.375,0,0,125,7.67031
3.4,0,0,125,7.70353
3.425,0,0,125,7.73671
3.45,0,0,125,7.76984
3.475,0,0,125,7.80293
3.5,0,0,125,7.83598
3.525,0,0,125,7.86897
3.55,0,0,125,7.90193
3.575,0,0,125,7.93483
3.6,0,0,125,7.96768
3.625,0,0,125,8.00047
3.65,0,0,125,8.03321
3.675,0,0,125,8.06589
3.7,0,0,125,8.09851
3.725,0,0,125,8.13107
3.75,0,0,125,8.16356
3.775,0,0,125,8.19598
3.8,0,0,125,8.22832
3.825,0,0,125,8.26059
3.85,0,0,125,8.29277
3.875,0,0,125,8.32487
3.9,0,0,125,8.35687
3.925,0,0,125,8.38878
3.95,0,0,125,8.42058
3.975,0,0,125,8.45227
4,0,0,125,8.48384
4.025,0,0,125,8.51528
4.05,0,0,125,8.54659
4.075,0,0,125,8.57775
4.1,0,0,125,8.60876
4.125,0,0,125,8.6396
4.15,0,0,125,8.67026
4.175,0,0,125,8.70073
4.2,0,0,125,8.731
4.225,0,0,125,8.76105
4.25,0,0,125,8.79086
4.275,0,0,125,8.82041
4.3,0,0,125,8.84968
4.325,0,0,125,8.87865
4.35,0,0,125,8.90729
4.375,0,0,125,8.93559
4.4,0,0,125,8.9635
4.425,0,0,125,8.991
4.45,0,0,125,9.01805
4.475,0,0,125,9.04462
4.5,0,0,125,9.07068
4.525,0,0,125,9.09618
4.55,0,0,125,9.12107
4.575,0,0,125,9.14531
4.6,0,0,125,9.16884
4.625,0,0,125,9.19161
4.65,0,0,125,9.21357
4.675,0,0,125,9.23463
4.7,0,0,125,9.25475
4.725,0,0,125,9.27384
4.75,0,0,125,9.29184
4.775,0,0,125,9.30865
4.8,0,0,125,9.32421
4.825,0,0,125,9.33841
4.85,0,0,125,9.35116
4.875,0,0,125,9.36237
4.9,0,0,125,9.37194
4.925,0,0,125,9.37976
4.95,0,0,125,9.38573
4.975,0,0,125,9.38977
5,0,0,125,9.3918
