0,0,0,125,-83.8993
0.025,0,0,125,-83.8995
0.05,0,0,125,-83.8999
0.075,0,0,125,-83.9005
0.1,0,0,125,-83.9011
0.125,0,0,125,-83.9019
0.15,0,0,125,-83.9028
0.175,0,0,125,-83.9038
0.2,0,0,125,-83.9047
0.225,0,0,125,-83.9057
0.25,0,0,125,-83.9067
0.275,0,0,125,-83.9077
0.3,0,0,125,-83.9087
0.325,0,0,125,-83.9097
0.35,0,0,125,-83.9107
0.375,0,0,125,-83.9117
0.4,0,0,125,-83.9126
0.425,0,0,125,-83.9136
0.45,0,0,125,-83.9145
0.475,0,0,125,-83.9154
0.5,0,0,125,-83.9164
0.525,0,0,125,-83.9173
0.55,0,0,125,-83.9182
0.575,0,0,125,-83.9191
0.6,0,0,125,-83.92
0.625,0,0,125,-83.9208
0.65,0,0,125,-83.9217
0.675,0,0,125,-83.9226
0.7,0,0,125,-83.9234
0.725,0,0,125,-83.9243
0.75,0,0,125,-83.9251
0.775,0,0,125,-83.926
0.8,0,0,125,-83.9268
0.825,0,0,125,-83.9277
0.85,0,0,125,-83.9285
0.875,0,0,125,-83.9293
0.9,0,0,125,-83.9301
0.925,0,0,125,-83.931
0.95,0,0,125,-83.9318
0.975,0,0,125,-83.9327
1,0,0,125,-83.9335
1.025,0,0,125,-83.9344
1.05,0,0,125,-83.9353
1.075,0,0,125,-83.9363
1.1,0,0,125,-83.9372
1.125,0,0,125,-83.9381
1.15,0,0,125,-83.9391
1.175,0,0,125,-83.9401
1.2,0,0,125,-83.9411
1.225,0,0,125,-83.9421
1.25,0,0,125,-83.9431
1.275,0,0,125,-83.9442
1.3,0,0,125,-83.9452
1.325,0,0,125,-83.9463
1.35,0,0,125,-83.9474
1.375,0,0,125,-83.9485
1.4,0,0,125,-83.9496
1.425,0,0,125,-83.9507
1.45,0,0,125,-83.9518
1.475,0,0,125,-83.953
1.5,0,0,125,-83.9542
1.525,0,0,125,-83.9553
1.55,0,0,125,-83.9565
1.575,0,0,125,-83.9577
1.6,0,0,125,-83.959
1.625,0,0,125,-83.9603
1.65,0,0,125,-83.9616
1.675,0,0,125,-83.963
1.7,0,0,125,-83.9644
1.725,0,0,125,-83.9658
1.75,0,0,125,-83.9673
1.775,0,0,125,-83.9688
1.8,0,0,125,-83.9704
1.825,0,0,125,-83.972
1.85,0,0,125,-83.9736
1.875,0,0,125,-83.9752
1.9,0,0,125,-83.9769
1.925,0,0,125,-83.9787
1.95,0,0,125,-83.9804
1.975,0,0,125,-83.9822
2,0,0,125,-83.984
2.025,0,0,125,-83.9859
2.05,0,0,125,-83.9878
2.075,0,0,125,-83.9898
2.1,0,0,125,-83.9918
2.125,0,0,125,-83.9939
2.15,0,0,125,-83.9961
2.175,0,0,125,-83.9983
2.2,0,0,125,-84.0005
2.225,0,0,125,-84.0029
2.25,0,0,125,-84.0053
2.275,0,0,125,-84.0077
2.3,0,0,125,-84.0102
2.325,0,0,125,-84.0128
2.35,0,0,125,-84.0155
2.375,0,0,125,-84.0181
2.4,0,0,125,-84.0209
2.425,0,0,125,-84.0237
2.45,0,0,125,-84.0266
2.475,0,0,125,-84.0295
2.5,0,0,125,-84.0324
2.525,0,0,125,-84.0354
2.55,0,0,125,-84.0384
2.575,0,0,125,-84.0414
2.6,0,0,125,-84.0445
2.625,0,0,125,-84.0476
2.65,0,0,125,-84.0508
2.675,0,0,125,-84.054
2.7,0,0,125,-84.0572
2.725,0,0,125,-84.0605
2.75,0,0,125,-84.0638
2.775,0,0,125,-84.0672
2.8,0,0,125,-84.0706
2.825,0,0,125,-84.074
2.85,0,0,125,-84.0775
2.875,0,0,125,-84.081
2.9,0,0,125,-84.0845
2.925,0,0,125,-84.088
2.95,0,0,125,-84.0916
2.975,0,0,125,-84.0951
3,0,0,125,-84.0987
3.025,0,0,125,-84.1022
3.05,0,0,125,-84.1058
3.075,0,0,125,-84.1094
3.1,0,0,125,-84.113
3.125,0,0,125,-84.1166
3.15,0,0,125,-84.1202
3.175,0,0,125,-84.1237
3.2,0,0,125,-84.1273
3.225,0,0,125,-84.1308
3.25,0,0,125,-84.1343
3.275,0,0,125,-84.1377
3.3,0,0,125,-84.1411
3.325,0,0,125,-84.1444
3.35,0,0,125,-84.1478
3.375,0,0,125,-84.151
3.4,0,0,125,-84.1543
3.425,0,0,125,-84.1575
3.45,0,0,125,-84.1607
3.475,0,0,125,-84.1638
3.5,0,0,125,-84.1669
3.525,0,0,125,-84.1699
3.55,0,0,125,-84.1728
3.575,0,0,125,-84.1757
3.6,0,0,125,-84.1785
3.625,0,0,125,-84.1813
3.65,0,0,125,-84.184
3.675,0,0,125,-84.1866
3.7,0,0,125,-84.1892
3.725,0,0,125,-84.1916
3.75,0,0,125,-84.1941
3.775,0,0,125,-84.1964
3.8,0,0,125,-84.1987
3.825,0,0,125,-84.201
3.85,0,0,125,-84.2031
3.875,0,0,125,-84.2052
3.9,0,0,125,-84.2073
3.925,0,0,125,-84.2092
3.95,0,0,125,-84.2111
3.975,0,0,125,-84.213
4,0,0,125,-84.2148
4.025,0,0,125,-84.2165
4.05,0,0,125,-84.2181
4.075,0,0,125,-84.2197
4.1,0,0,125,-84.2212
4.125,0,0,125,-84.2227
4.15,0,0,125,-84.2241
4.175,0,0,125,-84.2254
4.2,0,0,125,-84.2267
4.225,0,0,125,-84.2279
4.25,0,0,125,-84.229
4.275,0,0,125,-84.2301
4.3,0,0,125,-84.2311
4.325,0,0,125,-84.2321
4.35,0,0,125,-84.233
4.375,0,0,125,-84.2338
4.4,0,0,125,-84.2346
4.425,0,0,125,-84.2353
4.45,0,0,125,-84.236
4.475,0,0,125,-84.2366
4.5,0,0,125,-84.2372
4.525,0,0,125,-84.2377
4.55,0,0,125,-84.2382
4.575,0,0,125,-84.2387
4.6,0,0,125,-84.2391
4.625,0,0,125,-84.2395
4.65,0,0,125,-84.2399
4.675,0,0,125,-84.2402
4.7,0,0,125,-84.2405
4.725,0,0,125,-84.2407
4.75,0,0,125,-84.2409
4.775,0,0,125,-84.2411
4.8,0,0,125,-84.2412
4.825,0,0,125,-84.2413
4.85,0,0,125,-84.2414
4.875,0,0,125,-84.2414
4.9,0,0,125,-84.2415
4.925,0,0,125,-84.2415
4.95,0,0,125,-84.2416
4.975,0,0,125,-84.2416
5,0,0,125,-84.2416
