0,0,0,125,-82.1857
0.025,0,0,125,-82.1858
0.05,0,0,125,-82.186
0.075,0,0,125,-82.1863
0.1,0,0,125,-82.1866
0.125,0,0,125,-82.1868
0.15,0,0,125,-82.1869
0.175,0,0,125,-82.1868
0.2,0,0,125,-82.1864
0.225,0,0,125,-82.1859
0.25,0,0,125,-82.185
0.275,0,0,125,-82.1839
0.3,0,0,125,-82.1825
0.325,0,0,125,-82.1808
0.35,0,0,125,-82.1789
0.375,0,0,125,-82.1766
0.4,0,0,125,-82.1741
0.425,0,0,125,-82.1714
0.45,0,0,125,-82.1683
0.475,0,0,125,-82.1649
0.5,0,0,125,-82.1613
0.525,0,0,125,-82.1574
0.55,0,0,125,-82.1533
0.575,0,0,125,-82.1489
0.6,0,0,125,-82.1442
0.625,0,0,125,-82.1393
0.65,0,0,125,-82.1341
0.675,0,0,125,-82.1287
0.7,0,0,125,-82.123
0.725,0,0,125,-82.117
0.75,0,0,125,-82.1108
0.775,0,0,125,-82.1043
0.8,0,0,125,-82.0976
0.825,0,0,125,-82.0906
0.85,0,0,125,-82.0834
0.875,0,0,125,-82.076
0.9,0,0,125,-82.0682
0.925,0,0,125,-82.0603
0.95,0,0,125,-82.052
0.975,0,0,125,-82.0436
1,0,0,125,-82.0348
1.025,0,0,125,-82.0259
1.05,0,0,125,-82.0166
1.075,0,0,125,-82.0071
1.1,0,0,125,-81.9974
1.125,0,0,125,-81.9874
1.15,0,0,125,-81.9772
1.175,0,0,125,-81.9666
1.2,0,0,125,-81.9559
1.225,0,0,125,-81.9448
1.25,0,0,125,-81.9335
1.275,0,0,125,-81.922
1.3,0,0,125,-81.9101
1.325,0,0,125,-81.898
1.35,0,0,125,-81.8856
1.375,0,0,125,-81.873
1.4,0,0,125,-81.86
1.425,0,0,125,-81.8468
1.45,0,0,125,-81.8333
1.475,0,0,125,-81.8195
1.5,0,0,125,-81.8054
1.525,0,0,125,-81.791
1.55,0,0,125,-81.7764
1.575,0,0,125,-81.7614
1.6,0,0,125,-81.7461
1.625,0,0,125,-81.7305
1.65,0,0,125,-81.7146
1.675,0,0,125,-81.6984
1.7,0,0,125,-81.6819
1.725,0,0,125,-81.6651
1.75,0,0,125,-81.6479
1.775,0,0,125,-81.6304
1.8,0,0,125,-81.6125
1.825,0,0,125,-81.5943
1.85,0,0,125,-81.5758
1.875,0,0,125,-81.5569
1.9,0,0,125,-81.5377
1.925,0,0,125,-81.5181
1.95,0,0,125,-81.4982
1.975,0,0,125,-81.4779
2,0,0,125,-81.4572
2.025,0,0,125,-81.4361
2.05,0,0,125,-81.4147
2.075,0,0,125,-81.3928
2.1,0,0,125,-81.3706
2.125,0,0,125,-81.348
2.15,0,0,125,-81.325
2.175,0,0,125,-81.3016
2.2,0,0,125,-81.2777
2.225,0,0,125,-81.2535
2.25,0,0,125,-81.2288
2.275,0,0,125,-81.2037
2.3,0,0,125,-81.1782
2.325,0,0,125,-81.1522
2.35,0,0,125,-81.1258
2.375,0,0,125,-81.0989
2.4,0,0,125,-81.0716
2.425,0,0,125,-81.0438
2.45,0,0,125,-81.0155
2.475,0,0,125,-80.9868
2.5,0,0,125,-80.9576
2.525,0,0,125,-80.9279
2.55,0,0,125,-80.8978
2.575,0,0,125,-80.8671
2.6,0,0,125,-80.836
2.625,0,0,125,-80.8043
2.65,0,0,125,-80.7722
2.675,0,0,125,-80.7395
2.7,0,0,125,-80.7064
2.725,0,0,125,-80.6727
2.75,0,0,125,-80.6385
2.775,0,0,125,-80.6038
2.8,0,0,125,-80.5685
2.825,0,0,125,-80.5327
2.85,0,0,125,-80.4964
2.875,0,0,125,-80.4595
2.9,0,0,125,-80.4221
2.925,0,0,125,-80.3842
2.95,0,0,125,-80.3457
2.975,0,0,125,-80.3067
3,0,0,125,-80.2671
3.025,0,0,125,-80.227
3.05,0,0,125,-80.1864
3.075,0,0,125,-80.1452
3.1,0,0,125,-80.1034
3.125,0,0,125,-80.0611
3.15,0,0,125,-80.0183
3.175,0,0,125,-79.9749
3.2,0,0,125,-79.931
3.225,0,0,125,-79.8866
3.25,0,0,125,-79.8417
3.275,0,0,125,-79.7962
3.3,0,0,125,-79.7502
3.325,0,0,125,-79.7037
3.35,0,0,125,-79.6568
3.375,0,0,125,-79.6093
3.4,0,0,125,-79.5613
3.425,0,0,125,-79.5129
3.45,0,0,125,-79.464
3.475,0,0,125,-79.4147
3.5,0,0,125,-79.365
3.525,0,0,125,-79.3148
3.55,0,0,125,-79.2643
3.575,0,0,125,-79.2134
3.6,0,0,125,-79.1621
3.625,0,0,125,-79.1104
3.65,0,0,125,-79.0585
3.675,0,0,125,-79.0063
3.7,0,0,125,-78.9538
3.725,0,0,125,-78.901
3.75,0,0,125,-78.8481
3.775,0,0,125,-78.7949
3.8,0,0,125,-78.7416
3.825,0,0,125,-78.6882
3.85,0,0,125,-78.6347
3.875,0,0,125,-78.5811
3.9,0,0,125,-78.5276
3.925,0,0,125,-78.474
3.95,0,0,125,-78.4205
3.975,0,0,125,-78.3671
4,0,0,125,-78.3139
4.025,0,0,125,-78.2608
4.05,0,0,125,-78.208
4.075,0,0,125,-78.1555
4.1,0,0,125,-78.1033
4.125,0,0,125,-78.0515
4.15,0,0,125,-78.0001
4.175,0,0,125,-77.9492
4.2,0,0,125,-77.8989
4.225,0,0,125,-77.8492
4.25,0,0,125,-77.8002
4.275,0,0,125,-77.7518
4.3,0,0,125,-77.7043
4.325,0,0,125,-77.6576
4.35,0,0,125,-77.6118
4.375,0,0,125,-77.567
4.4,0,0,125,-77.5232
4.425,0,0,125,-77.4805
4.45,0,0,125,-77.439
4.475,0,0,125,-77.3986
4.5,0,0,125,-77.3596
4.525,0,0,125,-77.3219
4.55,0,0,125,-77.2856
4.575,0,0,125,-77.2508
4.6,0,0,125,-77.2175
4.625,0,0,125,-77.1858
4.65,0,0,125,-77.1558
4.675,0,0,125,-77.1275
4.7,0,0,125,-77.1009
4.725,0,0,125,-77.0761
4.75,0,0,125,-77.0532
4.775,0,0,125,-77.0322
4.8,0,0,125,-77.0131
4.825,0,0,125,-76.9961
4.85,0,0,125,-76.9811
4.875,0,0,125,-76.9681
4.9,0,0,125,-76.9573
4.925,0,0,125,-76.9486
4.95,0,0,125,-76.9421
4.975,0,0,125,-76.9377
5,0,0,125,-76.9355
