0,0,0,125,-48.2975
0.025,0,0,125,-48.2914
0.05,0,0,125,-48.2792
0.075,0,0,125,-48.2611
0.1,0,0,125,-48.2374
0.125,0,0,125,-48.2085
0.15,0,0,125,-48.1746
0.175,0,0,125,-48.1361
0.2,0,0,125,-48.0932
0.225,0,0,125,-48.046
0.25,0,0,125,-47.9948
0.275,0,0,125,-47.9397
0.3,0,0,125,-47.8808
0.325,0,0,125,-47.8183
0.35,0,0,125,-47.7524
0.375,0,0,125,-47.6832
0.4,0,0,125,-47.6107
0.425,0,0,125,-47.5352
0.45,0,0,125,-47.4567
0.475,0,0,125,-47.3754
0.5,0,0,125,-47.2914
0.525,0,0,125,-47.2048
0.55,0,0,125,-47.1157
0.575,0,0,125,-47.0242
0.6,0,0,125,-46.9305
0.625,0,0,125,-46.8347
0.65,0,0,125,-46.7368
0.675,0,0,125,-46.6369
0.7,0,0,125,-46.5352
0.725,0,0,125,-46.4317
0.75,0,0,125,-46.3265
0.775,0,0,125,-46.2198
0.8,0,0,125,-46.1115
0.825,0,0,125,-46.0019
0.85,0,0,125,-45.8909
0.875,0,0,125,-45.7786
0.9,0,0,125,-45.6652
0.925,0,0,125,-45.5506
0.95,0,0,125,-45.435
0.975,0,0,125,-45.3184
1,0,0,125,-45.201
1.025,0,0,125,-45.0826
1.05,0,0,125,-44.9635
1.075,0,0,125,-44.8437
1.1,0,0,125,-44.7231
1.125,0,0,125,-44.602
1.15,0,0,125,-44.4803
1.175,0,0,125,-44.3581
1.2,0,0,125,-44.2354
1.225,0,0,125,-44.1123
1.25,0,0,125,-43.9888
1.275,0,0,125,-43.8649
1.3,0,0,125,-43.7408
1.325,0,0,125,-43.6164
1.35,0,0,125,-43.4918
1.375,0,0,125,-43.367
1.4,0,0,125,-43.2421
1.425,0,0,125,-43.117
1.45,0,0,125,-42.9918
1.475,0,0,125,-42.8666
1.5,0,0,125,-42.7413
1.525,0,0,125,-42.616
1.55,0,0,125,-42.4907
1.575,0,0,125,-42.3654
1.6,0,0,125,-42.2402
1.625,0,0,125,-42.1151
1.65,0,0,125,-41.9901
1.675,0,0,125,-41.8652
1.7,0,0,125,-41.7404
1.725,0,0,125,-41.6158
1.75,0,0,125,-41.4913
1.775,0,0,125,-41.367
1.8,0,0,125,-41.2429
1.825,0,0,125,-41.119
1.85,0,0,125,-40.9953
1.875,0,0,125,-40.8719
1.9,0,0,125,-40.7486
1.925,0,0,125,-40.6257
1.95,0,0,125,-40.5029
1.975,0,0,125,-40.3805
2,0,0,125,-40.2583
2.025,0,0,125,-40.1364
2.05,0,0,125,-40.0148
2.075,0,0,125,-39.8935
2.1,0,0,125,-39.7724
2.125,0,0,125,-39.6517
2.15,0,0,125,-39.5313
2.175,0,0,125,-39.4112
2.2,0,0,125,-39.2914
2.225,0,0,125,-39.1719
2.25,0,0,125,-39.0528
2.275,0,0,125,-38.9339
2.3,0,0,125,-38.8154
2.325,0,0,125,-38.6973
2.35,0,0,125,-38.5794
2.375,0,0,125,-38.4619
2.4,0,0,125,-38.3447
2.425,0,0,125,-38.2279
2.45,0,0,125,-38.1114
2.475,0,0,125,-37.9952
2.5,0,0,125,-37.8794
2.525,0,0,125,-37.7639
2.55,0,0,125,-37.6488
2.575,0,0,125,-37.534
2.6,0,0,125,-37.4195
2.625,0,0,125,-37.3054
2.65,0,0,125,-37.1916
2.675,0,0,125,-37.0782
2.7,0,0,125,-36.9651
2.725,0,0,125,-36.8524
2.75,0,0,125,-36.74
2.775,0,0,125,-36.628
2.8,0,0,125,-36.5163
2.825,0,0,125,-36.405
2.85,0,0,125,-36.294
2.875,0,0,125,-36.1833
2.9,0,0,125,-36.073
2.925,0,0,125,-35.9631
2.95,0,0,125,-35.8535
2.975,0,0,125,-35.7442
3,0,0,125,-35.6354
3.025,0,0,125,-35.5268
3.05,0,0,125,-35.4187
3.075,0,0,125,-35.3109
3.1,0,0,125,-35.2034
3.125,0,0,125,-35.0964
3.15,0,0,125,-34.9897
3.175,0,0,125,-34.8834
3.2,0,0,125,-34.7774
3.225,0,0,125,-34.6718
3.25,0,0,125,-34.5667
3.275,0,0,125,-34.4619
3.3,0,0,125,-34.3575
3.325,0,0,125,-34.2536
3.35,0,0,125,-34.15
3.375,0,0,125,-34.0469
3.4,0,0,125,-33.9442
3.425,0,0,125,-33.8419
3.45,0,0,125,-33.7401
3.475,0,0,125,-33.6387
3.5,0,0,125,-33.5378
3.525,0,0,125,-33.4374
3.55,0,0,125,-33.3374
3.575,0,0,125,-33.238
3.6,0,0,125,-33.139
3.625,0,0,125,-33.0406
3.65,0,0,125,-32.9428
3.675,0,0,125,-32.8455
3.7,0,0,125,-32.7487
3.725,0,0,125,-32.6526
3.75,0,0,125,-32.5571
3.775,0,0,125,-32.4622
3.8,0,0,125,-32.3679
3.825,0,0,125,-32.2744
3.85,0,0,125,-32.1815
3.875,0,0,125,-32.0894
3.9,0,0,125,-31.998
3.925,0,0,125,-31.9074
3.95,0,0,125,-31.8175
3.975,0,0,125,-31.7286
4,0,0,125,-31.6405
4.025,0,0,125,-31.5533
4.05,0,0,125,-31.467
4.075,0,0,125,-31.3817
4.1,0,0,125,-31.2974
4.125,0,0,125,-31.2142
4.15,0,0,125,-31.132
4.175,0,0,125,-31.051
4.2,0,0,125,-30.9712
4.225,0,0,125,-30.8926
4.25,0,0,125,-30.8153
4.275,0,0,125,-30.7393
4.3,0,0,125,-30.6647
4.325,0,0,125,-30.5916
4.35,0,0,125,-30.5199
4.375,0,0,125,-30.4499
4.4,0,0,125,-30.3815
4.425,0,0,125,-30.3148
4.45,0,0,125,-30.2498
4.475,0,0,125,-30.1867
4.5,0,0,125,-30.1256
4.525,0,0,125,-30.0664
4.55,0,0,125,-30.0093
4.575,0,0,125,-29.9544
4.6,0,0,125,-29.9017
4.625,0,0,125,-29.8514
4.65,0,0,125,-29.8035
4.675,0,0,125,-29.7581
4.7,0,0,125,-29.7154
4.725,0,0,125,-29.6753
4.75,0,0,125,-29.6381
4.775,0,0,125,-29.6038
4.8,0,0,125,-29.5725
4.825,0,0,125,-29.5443
4.85,0,0,125,-29.5193
4.875,0,0,125,-29.4977
4.9,0,0,125,-29.4794
4.925,0,0,125,-29.4647
4.95,0,0,125,-29.4535
4.975,0,0,125,-29.4461
5,0,0,125,-29.4423
