0,0,0,125,-84.4643
0.025,0,0,125,-84.4644
0.05,0,0,125,-84.4645
0.075,0,0,125,-84.4646
0.1,0,0,125,-84.4647
0.125,0,0,125,-84.4648
0.15,0,0,125,-84.4649
0.175,0,0,125,-84.4651
0.2,0,0,125,-84.4652
0.225,0,0,125,-84.4654
0.25,0,0,125,-84.4656
0.275,0,0,125,-84.4658
0.3,0,0,125,-84.4659
0.325,0,0,125,-84.4661
0.35,0,0,125,-84.4663
0.375,0,0,125,-84.4665
0.4,0,0,125,-84.4667
0.425,0,0,125,-84.4668
0.45,0,0,125,-84.467
0.475,0,0,125,-84.4671
0.5,0,0,125,-84.4673
0.525,0,0,125,-84.4674
0.55,0,0,125,-84.4676
0.575,0,0,125,-84.4677
0.6,0,0,125,-84.4678
0.625,0,0,125,-84.468
0.65,0,0,125,-84.4681
0.675,0,0,125,-84.4682
0.7,0,0,125,-84.4683
0.725,0,0,125,-84.4685
0.75,0,0,125,-84.4686
0.775,0,0,125,-84.4687
0.8,0,0,125,-84.4689
0.825,0,0,125,-84.469
0.85,0,0,125,-84.4691
0.875,0,0,125,-84.4692
0.9,0,0,125,-84.4694
0.925,0,0,125,-84.4695
0.95,0,0,125,-84.4696
0.975,0,0,125,-84.4698
1,0,0,125,-84.4699
1.025,0,0,125,-84.47
1.05,0,0,125,-84.4702
1.075,0,0,125,-84.4703
1.1,0,0,125,-84.4704
1.125,0,0,125,-84.4706
1.15,0,0,125,-84.4707
1.175,0,0,125,-84.4709
1.2,0,0,125,-84.471
1.225,0,0,125,-84.4712
1.25,0,0,125,-84.4714
1.275,0,0,125,-84.4715
1.3,0,0,125,-84.4717
1.325,0,0,125,-84.4719
1.35,0,0,125,-84.472
1.375,0,0,125,-84.4722
1.4,0,0,125,-84.4724
1.425,0,0,125,-84.4726
1.45,0,0,125,-84.4727
1.475,0,0,125,-84.4729
1.5,0,0,125,-84.4731
1.525,0,0,125,-84.4733
1.55,0,0,125,-84.4735
1.575,0,0,125,-84.4737
1.6,0,0,125,-84.4739
1.625,0,0,125,-84.4741
1.65,0,0,125,-84.4743
1.675,0,0,125,-84.4746
1.7,0,0,125,-84.4748
1.725,0,0,125,-84.475
1.75,0,0,125,-84.4752
1.775,0,0,125,-84.4755
1.8,0,0,125,-84.4757
1.825,0,0,125,-84.476
1.85,0,0,125,-84.4762
1.875,0,0,125,-84.4765
1.9,0,0,125,-84.4768
1.925,0,0,125,-84.4771
1.95,0,0,125,-84.4774
1.975,0,0,125,-84.4777
2,0,0,125,-84.4781
2.025,0,0,125,-84.4784
2.05,0,0,125,-84.4787
2.075,0,0,125,-84.4791
2.1,0,0,125,-84.4795
2.125,0,0,125,-84.4798
2.15,0,0,125,-84.4802
2.175,0,0,125,-84.4806
2.2,0,0,125,-84.481
2.225,0,0,125,-84.4814
2.25,0,0,125,-84.4818
2.275,0,0,125,-84.4823
2.3,0,0,125,-84.4827
2.325,0,0,125,-84.4831
2.35,0,0,125,-84.4836
2.375,0,0,125,-84.4841
2.4,0,0,125,-84.4846
2.425,0,0,125,-84.485
2.45,0,0,125,-84.4855
2.475,0,0,125,-84.486
2.5,0,0,125,-84.4866
2.525,0,0,125,-84.4871
2.55,0,0,125,-84.4876
2.575,0,0,125,-84.4882
2.6,0,0,125,-84.4887
2.625,0,0,125,-84.4893
2.65,0,0,125,-84.4898
2.675,0,0,125,-84.4904
2.7,0,0,125,-84.491
2.725,0,0,125,-84.4916
2.75,0,0,125,-84.4922
2.775,0,0,125,-84.4928
2.8,0,0,125,-84.4935
2.825,0,0,125,-84.4941
2.85,0,0,125,-84.4948
2.875,0,0,125,-84.4954
2.9,0,0,125,-84.4961
2.925,0,0,125,-84.4968
2.95,0,0,125,-84.4974
2.975,0,0,125,-84.4981
3,0,0,125,-84.4988
3.025,0,0,125,-84.4995
3.05,0,0,125,-84.5001
3.075,0,0,125,-84.5008
3.1,0,0,125,-84.5014
3.125,0,0,125,-84.5021
3.15,0,0,125,-84.5027
3.175,0,0,125,-84.5033
3.2,0,0,125,-84.5039
3.225,0,0,125,-84.5045
3.25,0,0,125,-84.5051
3.275,0,0,125,-84.5056
3.3,0,0,125,-84.5062
3.325,0,0,125,-84.5068
3.35,0,0,125,-84.5073
3.375,0,0,125,-84.5078
3.4,0,0,125,-84.5084
3.425,0,0,125,-84.5089
3.45,0,0,125,-84.5094
3.475,0,0,125,-84.5099
3.5,0,0,125,-84.5104
3.525,0,0,125,-84.5108
3.55,0,0,125,-84.5113
3.575,0,0,125,-84.5118
3.6,0,0,125,-84.5122
3.625,0,0,125,-84.5127
3.65,0,0,125,-84.5131
3.675,0,0,125,-84.5135
3.7,0,0,125,-84.5139
3.725,0,0,125,-84.5143
3.75,0,0,125,-84.5147
3.775,0,0,125,-84.5151
3.8,0,0,125,-84.5155
3.825,0,0,125,-84.5158
3.85,0,0,125,-84.5162
3.875,0,0,125,-84.5165
3.9,0,0,125,-84.5169
3.925,0,0,125,-84.5172
3.95,0,0,125,-84.5175
3.975,0,0,125,-84.5178
4,0,0,125,-84.5181
4.025,0,0,125,-84.5184
4.05,0,0,125,-84.5187
4.075,0,0,125,-84.5189
4.1,0,0,125,-84.5192
4.125,0,0,125,-84.5194
4.15,0,0,125,-84.5197
4.175,0,0,125,-84.5199
4.2,0,0,125,-84.5201
4.225,0,0,125,-84.5203
4.25,0,0,125,-84.5205
4.275,0,0,125,-84.5207
4.3,0,0,125,-84.5209
4.325,0,0,125,-84.521
4.35,0,0,125,-84.5212
4.375,0,0,125,-84.5213
4.4,0,0,125,-84.5215
4.425,0,0,125,-84.5216
4.45,0,0,125,-84.5217
4.475,0,0,125,-84.5218
4.5,0,0,125,-84.5219
4.525,0,0,125,-84.522
4.55,0,0,125,-84.5221
4.575,0,0,125,-84.5221
4.6,0,0,125,-84.5222
4.625,0,0,125,-84.5222
4.65,0,0,125,-84.5222
4.675,0,0,125,-84.5223
4.7,0,0,125,-84.5223
4.725,0,0,125,-84.5223
4.75,0,0,125,-84.5223
4.775,0,0,125,-84.5223
4.8,0,0,125,-84.5223
4.825,0,0,125,-84.5223
4.85,0,0,125,-84.5223
4.875,0,0,125,-84.5223
4.9,0,0,125,-84.5222
4.925,0,0,125,-84.5222
4.95,0,0,125,-84.5221
4.975,0,0,125,-84.5221
5,0,0,125,-84.5221
