0,0,0,125,-83.8034
0.025,0,0,125,-83.8037
0.05,0,0,125,-83.8041
0.075,0,0,125,-83.8048
0.1,0,0,125,-83.8056
0.125,0,0,125,-83.8065
0.15,0,0,125,-83.8076
0.175,0,0,125,-83.8087
0.2,0,0,125,-83.8098
0.225,0,0,125,-83.8109
0.25,0,0,125,-83.812
0.275,0,0,125,-83.8131
0.3,0,0,125,-83.8142
0.325,0,0,125,-83.8153
0.35,0,0,125,-83.8164
0.375,0,0,125,-83.8175
0.4,0,0,125,-83.8186
0.425,0,0,125,-83.8196
0.45,0,0,125,-83.8207
0.475,0,0,125,-83.8217
0.5,0,0,125,-83.8227
0.525,0,0,125,-83.8237
0.55,0,0,125,-83.8248
0.575,0,0,125,-83.8258
0.6,0,0,125,-83.8267
0.625,0,0,125,-83.8277
0.65,0,0,125,-83.8287
0.675,0,0,125,-83.8296
0.7,0,0,125,-83.8306
0.725,0,0,125,-83.8315
0.75,0,0,125,-83.8325
0.775,0,0,125,-83.8334
0.8,0,0,125,-83.8343
0.825,0,0,125,-83.8352
0.85,0,0,125,-83.8361
0.875,0,0,125,-83.837
0.9,0,0,125,-83.838
0.925,0,0,125,-83.8389
0.95,0,0,125,-83.8399
0.975,0,0,125,-83.8409
1,0,0,125,-83.8419
1.025,0,0,125,-83.8429
1.05,0,0,125,-83.8439
1.075,0,0,125,-83.845
1.1,0,0,125,-83.8461
1.125,0,0,125,-83.8471
1.15,0,0,125,-83.8482
1.175,0,0,125,-83.8493
1.2,0,0,125,-83.8504
1.225,0,0,125,-83.8515
1.25,0,0,125,-83.8526
1.275,0,0,125,-83.8538
1.3,0,0,125,-83.8549
1.325,0,0,125,-83.8561
1.35,0,0,125,-83.8572
1.375,0,0,125,-83.8584
1.4,0,0,125,-83.8596
1.425,0,0,125,-83.8608
1.45,0,0,125,-83.862
1.475,0,0,125,-83.8633
1.5,0,0,125,-83.8646
1.525,0,0,125,-83.866
1.55,0,0,125,-83.8674
1.575,0,0,125,-83.8688
1.6,0,0,125,-83.8703
1.625,0,0,125,-83.8718
1.65,0,0,125,-83.8733
1.675,0,0,125,-83.8749
1.7,0,0,125,-83.8765
1.725,0,0,125,-83.8781
1.75,0,0,125,-83.8798
1.775,0,0,125,-83.8815
1.8,0,0,125,-83.8833
1.825,0,0,125,-83.8851
1.85,0,0,125,-83.8869
1.875,0,0,125,-83.8887
1.9,0,0,125,-83.8906
1.925,0,0,125,-83.8926
1.95,0,0,125,-83.8946
1.975,0,0,125,-83.8967
2,0,0,125,-83.8988
2.025,0,0,125,-83.901
2.05,0,0,125,-83.9033
2.075,0,0,125,-83.9056
2.1,0,0,125,-83.908
2.125,0,0,125,-83.9104
2.15,0,0,125,-83.9128
2.175,0,0,125,-83.9153
2.2,0,0,125,-83.9179
2.225,0,0,125,-83.9204
2.25,0,0,125,-83.9231
2.275,0,0,125,-83.9258
2.3,0,0,125,-83.9286
2.325,0,0,125,-83.9314
2.35,0,0,125,-83.9343
2.375,0,0,125,-83.9372
2.4,0,0,125,-83.9403
2.425,0,0,125,-83.9434
2.45,0,0,125,-83.9465
2.475,0,0,125,-83.9497
2.5,0,0,125,-83.953
2.525,0,0,125,-83.9564
2.55,0,0,125,-83.9598
2.575,0,0,125,-83.9632
2.6,0,0,125,-83.9668
2.625,0,0,125,-83.9703
2.65,0,0,125,-83.974
2.675,0,0,125,-83.9777
2.7,0,0,125,-83.9814
2.725,0,0,125,-83.9852
2.75,0,0,125,-83.989
2.775,0,0,125,-83.9928
2.8,0,0,125,-83.9967
2.825,0,0,125,-84.0006
2.85,0,0,125,-84.0046
2.875,0,0,125,-84.0086
2.9,0,0,125,-84.0126
2.925,0,0,125,-84.0166
2.95,0,0,125,-84.0206
2.975,0,0,125,-84.0247
3,0,0,125,-84.0287
3.025,0,0,125,-84.0328
3.05,0,0,125,-84.0369
3.075,0,0,125,-84.0409
3.1,0,0,125,-84.0449
3.125,0,0,125,-84.049
3.15,0,0,125,-84.053
3.175,0,0,125,-84.057
3.2,0,0,125,-84.061
3.225,0,0,125,-84.0649
3.25,0,0,125,-84.0689
3.275,0,0,125,-84.0728
3.3,0,0,125,-84.0766
3.325,0,0,125,-84.0804
3.35,0,0,125,-84.0842
3.375,0,0,125,-84.088
3.4,0,0,125,-84.0917
3.425,0,0,125,-84.0953
3.45,0,0,125,-84.099
3.475,0,0,125,-84.1026
3.5,0,0,125,-84.1061
3.525,0,0,125,-84.1096
3.55,0,0,125,-84.113
3.575,0,0,125,-84.1164
3.6,0,0,125,-84.1197
3.625,0,0,125,-84.1229
3.65,0,0,125,-84.126
3.675,0,0,125,-84.1291
3.7,0,0,125,-84.1321
3.725,0,0,125,-84.135
3.75,0,0,125,-84.1378
3.775,0,0,125,-84.1405
3.8,0,0,125,-84.1431
3.825,0,0,125,-84.1457
3.85,0,0,125,-84.1482
3.875,0,0,125,-84.1506
3.9,0,0,125,-84.1529
3.925,0,0,125,-84.1551
3.95,0,0,125,-84.1572
3.975,0,0,125,-84.1593
4,0,0,125,-84.1612
4.025,0,0,125,-84.1631
4.05,0,0,125,-84.1648
4.075,0,0,125,-84.1665
4.1,0,0,125,-84.1682
4.125,0,0,125,-84.1698
4.15,0,0,125,-84.1713
4.175,0,0,125,-84.1727
4.2,0,0,125,-84.1741
4.225,0,0,125,-84.1754
4.25,0,0,125,-84.1767
4.275,0,0,125,-84.1779
4.3,0,0,125,-84.179
4.325,0,0,125,-84.18
4.35,0,0,125,-84.181
4.375,0,0,125,-84.182
4.4,0,0,125,-84.1828
4.425,0,0,125,-84.1836
4.45,0,0,125,-84.1844
4.475,0,0,125,-84.185
4.5,0,0,125,-84.1857
4.525,0,0,125,-84.1863
4.55,0,0,125,-84.1868
4.575,0,0,125,-84.1873
4.6,0,0,125,-84.1878
4.625,0,0,125,-84.1882
4.65,0,0,125,-84.1886
4.675,0,0,125,-84.1889
4.7,0,0,125,-84.1893
4.725,0,0,125,-84.1895
4.75,0,0,125,-84.1898
4.775,0,0,125,-84.19
4.8,0,0,125,-84.1901
4.825,0,0,125,-84.1902
4.85,0,0,125,-84.1904
4.875,0,0,125,-84.1904
4.9,0,0,125,-84.1905
4.925,0,0,125,-84.1906
4.95,0,0,125,-84.1906
4.975,0,0,125,-84.1907
5,0,0,125,-84.1907
