0,0,0,125,-83.5539
0.025,0,0,125,-83.5543
0.05,0,0,125,-83.5551
0.075,0,0,125,-83.5563
0.1,0,0,125,-83.5577
0.125,0,0,125,-83.5593
0.15,0,0,125,-83.561
0.175,0,0,125,-83.5628
0.2,0,0,125,-83.5646
0.225,0,0,125,-83.5663
0.25,0,0,125,-83.5681
0.275,0,0,125,-83.5698
0.3,0,0,125,-83.5714
0.325,0,0,125,-83.5729
0.35,0,0,125,-83.5743
0.375,0,0,125,-83.5756
0.4,0,0,125,-83.5768
0.425,0,0,125,-83.5778
0.45,0,0,125,-83.5787
0.475,0,0,125,-83.5794
0.5,0,0,125,-83.58
0.525,0,0,125,-83.5804
0.55,0,0,125,-83.5806
0.575,0,0,125,-83.5806
0.6,0,0,125,-83.5805
0.625,0,0,125,-83.5801
0.65,0,0,125,-83.5796
0.675,0,0,125,-83.5788
0.7,0,0,125,-83.5778
0.725,0,0,125,-83.5767
0.75,0,0,125,-83.5753
0.775,0,0,125,-83.5736
0.8,0,0,125,-83.5718
0.825,0,0,125,-83.5697
0.85,0,0,125,-83.5673
0.875,0,0,125,-83.5648
0.9,0,0,125,-83.562
0.925,0,0,125,-83.5589
0.95,0,0,125,-83.5556
0.975,0,0,125,-83.5521
1,0,0,125,-83.5483
1.025,0,0,125,-83.5442
1.05,0,0,125,-83.5398
1.075,0,0,125,-83.5352
1.1,0,0,125,-83.5303
1.125,0,0,125,-83.5251
1.15,0,0,125,-83.5196
1.175,0,0,125,-83.5139
1.2,0,0,125,-83.5078
1.225,0,0,125,-83.5014
1.25,0,0,125,-83.4948
1.275,0,0,125,-83.4878
1.3,0,0,125,-83.4805
1.325,0,0,125,-83.4728
1.35,0,0,125,-83.4649
1.375,0,0,125,-83.4567
1.4,0,0,125,-83.4481
1.425,0,0,125,-83.4392
1.45,0,0,125,-83.43
1.475,0,0,125,-83.4205
1.5,0,0,125,-83.4107
1.525,0,0,125,-83.4006
1.55,0,0,125,-83.3901
1.575,0,0,125,-83.3794
1.6,0,0,125,-83.3683
1.625,0,0,125,-83.3569
1.65,0,0,125,-83.3453
1.675,0,0,125,-83.3334
1.7,0,0,125,-83.3212
1.725,0,0,125,-83.3088
1.75,0,0,125,-83.2961
1.775,0,0,125,-83.2832
1.8,0,0,125,-83.27
1.825,0,0,125,-83.2566
1.85,0,0,125,-83.2431
1.875,0,0,125,-83.2293
1.9,0,0,125,-83.2153
1.925,0,0,125,-83.2011
1.95,0,0,125,-83.1868
1.975,0,0,125,-83.1723
2,0,0,125,-83.1576
2.025,0,0,125,-83.1428
2.05,0,0,125,-83.1279
2.075,0,0,125,-83.1129
2.1,0,0,125,-83.0978
2.125,0,0,125,-83.0826
2.15,0,0,125,-83.0672
2.175,0,0,125,-83.0518
2.2,0,0,125,-83.0363
2.225,0,0,125,-83.0207
2.25,0,0,125,-83.005
2.275,0,0,125,-82.9893
2.3,0,0,125,-82.9735
2.325,0,0,125,-82.9576
2.35,0,0,125,-82.9416
2.375,0,0,125,-82.9256
2.4,0,0,125,-82.9094
2.425,0,0,125,-82.8931
2.45,0,0,125,-82.8767
2.475,0,0,125,-82.8602
2.5,0,0,125,-82.8435
2.525,0,0,125,-82.8266
2.55,0,0,125,-82.8096
2.575,0,0,125,-82.7924
2.6,0,0,125,-82.7749
2.625,0,0,125,-82.7572
2.65,0,0,125,-82.7391
2.675,0,0,125,-82.7208
2.7,0,0,125,-82.7021
2.725,0,0,125,-82.683
2.75,0,0,125,-82.6635
2.775,0,0,125,-82.6435
2.8,0,0,125,-82.623
2.825,0,0,125,-82.602
2.85,0,0,125,-82.5803
2.875,0,0,125,-82.5581
2.9,0,0,125,-82.5351
2.925,0,0,125,-82.5113
2.95,0,0,125,-82.4868
2.975,0,0,125,-82.4613
3,0,0,125,-82.435
3.025,0,0,125,-82.4077
3.05,0,0,125,-82.3794
3.075,0,0,125,-82.3499
3.1,0,0,125,-82.3193
3.125,0,0,125,-82.2875
3.15,0,0,125,-82.2544
3.175,0,0,125,-82.2199
3.2,0,0,125,-82.1841
3.225,0,0,125,-82.1468
3.25,0,0,125,-82.1079
3.275,0,0,125,-82.0675
3.3,0,0,125,-82.0255
3.325,0,0,125,-81.9817
3.35,0,0,125,-81.9362
3.375,0,0,125,-81.8889
3.4,0,0,125,-81.8398
3.425,0,0,125,-81.7887
3.45,0,0,125,-81.7358
3.475,0,0,125,-81.6809
3.5,0,0,125,-81.6239
3.525,0,0,125,-81.565
3.55,0,0,125,-81.504
3.575,0,0,125,-81.4409
3.6,0,0,125,-81.3758
3.625,0,0,125,-81.3086
3.65,0,0,125,-81.2394
3.675,0,0,125,-81.168
3.7,0,0,125,-81.0946
3.725,0,0,125,-81.0192
3.75,0,0,125,-80.9418
3.775,0,0,125,-80.8625
3.8,0,0,125,-80.7813
3.825,0,0,125,-80.6982
3.85,0,0,125,-80.6133
3.875,0,0,125,-80.5267
3.9,0,0,125,-80.4385
3.925,0,0,125,-80.3488
3.95,0,0,125,-80.2576
3.975,0,0,125,-80.1651
4,0,0,125,-80.0714
4.025,0,0,125,-79.9766
4.05,0,0,125,-79.8809
4.075,0,0,125,-79.7843
4.1,0,0,125,-79.6871
4.125,0,0,125,-79.5894
4.15,0,0,125,-79.4913
4.175,0,0,125,-79.3931
4.2,0,0,125,-79.2948
4.225,0,0,125,-79.1967
4.25,0,0,125,-79.099
4.275,0,0,125,-79.0018
4.3,0,0,125,-78.9053
4.325,0,0,125,-78.8098
4.35,0,0,125,-78.7154
4.375,0,0,125,-78.6223
4.4,0,0,125,-78.5308
4.425,0,0,125,-78.441
4.45,0,0,125,-78.3531
4.475,0,0,125,-78.2674
4.5,0,0,125,-78.1839
4.525,0,0,125,-78.103
4.55,0,0,125,-78.0248
4.575,0,0,125,-77.9495
4.6,0,0,125,-77.8773
4.625,0,0,125,-77.8083
4.65,0,0,125,-77.7427
4.675,0,0,125,-77.6807
4.7,0,0,125,-77.6225
4.725,0,0,125,-77.5681
4.75,0,0,125,-77.5178
4.775,0,0,125,-77.4716
4.8,0,0,125,-77.4297
4.825,0,0,125,-77.3921
4.85,0,0,125,-77.359
4.875,0,0,125,-77.3305
4.9,0,0,125,-77.3066
4.925,0,0,125,-77.2874
4.95,0,0,125,-77.273
4.975,0,0,125,-77.2634
5,0,0,125,-77.2585
