0,0,0,125,-84.4519
0.025,0,0,125,-84.4519
0.05,0,0,125,-84.452
0.075,0,0,125,-84.4521
0.1,0,0,125,-84.4522
0.125,0,0,125,-84.4524
0.15,0,0,125,-84.4525
0.175,0,0,125,-84.4527
0.2,0,0,125,-84.4529
0.225,0,0,125,-84.4531
0.25,0,0,125,-84.4533
0.275,0,0,125,-84.4535
0.3,0,0,125,-84.4537
0.325,0,0,125,-84.4539
0.35,0,0,125,-84.4541
0.375,0,0,125,-84.4543
0.4,0,0,125,-84.4545
0.425,0,0,125,-84.4547
0.45,0,0,125,-84.4549
0.475,0,0,125,-84.455
0.5,0,0,125,-84.4552
0.525,0,0,125,-84.4554
0.55,0,0,125,-84.4555
0.575,0,0,125,-84.4557
0.6,0,0,125,-84.4558
0.625,0,0,125,-84.456
0.65,0,0,125,-84.4561
0.675,0,0,125,-84.4563
0.7,0,0,125,-84.4564
0.725,0,0,125,-84.4565
0.75,0,0,125,-84.4567
0.775,0,0,125,-84.4568
0.8,0,0,125,-84.457
0.825,0,0,125,-84.4571
0.85,0,0,125,-84.4572
0.875,0,0,125,-84.4574
0.9,0,0,125,-84.4575
0.925,0,0,125,-84.4577
0.95,0,0,125,-84.4578
0.975,0,0,125,-84.458
1,0,0,125,-84.4581
1.025,0,0,125,-84.4583
1.05,0,0,125,-84.4584
1.075,0,0,125,-84.4586
1.1,0,0,125,-84.4587
1.125,0,0,125,-84.4589
1.15,0,0,125,-84.4591
1.175,0,0,125,-84.4592
1.2,0,0,125,-84.4594
1.225,0,0,125,-84.4596
1.25,0,0,125,-84.4598
1.275,0,0,125,-84.4599
1.3,0,0,125,-84.4601
1.325,0,0,125,-84.4603
1.35,0,0,125,-84.4605
1.375,0,0,125,-84.4607
1.4,0,0,125,-84.4609
1.425,0,0,125,-84.4611
1.45,0,0,125,-84.4613
1.475,0,0,125,-84.4615
1.5,0,0,125,-84.4617
1.525,0,0,125,-84.4619
1.55,0,0,125,-84.4622
1.575,0,0,125,-84.4624
1.6,0,0,125,-84.4626
1.625,0,0,125,-84.4628
1.65,0,0,125,-84.4631
1.675,0,0,125,-84.4633
1.7,0,0,125,-84.4636
1.725,0,0,125,-84.4638
1.75,0,0,125,-84.4641
1.775,0,0,125,-84.4644
1.8,0,0,125,-84.4646
1.825,0,0,125,-84.4649
1.85,0,0,125,-84.4652
1.875,0,0,125,-84.4655
1.9,0,0,125,-84.4658
1.925,0,0,125,-84.4661
1.95,0,0,125,-84.4665
1.975,0,0,125,-84.4668
2,0,0,125,-84.4672
2.025,0,0,125,-84.4675
2.05,0,0,125,-84.4679
2.075,0,0,125,-84.4683
2.1,0,0,125,-84.4686
2.125,0,0,125,-84.469
2.15,0,0,125,-84.4694
2.175,0,0,125,-84.4699
2.2,0,0,125,-84.4703
2.225,0,0,125,-84.4707
2.25,0,0,125,-84.4712
2.275,0,0,125,-84.4716
2.3,0,0,125,-84.4721
2.325,0,0,125,-84.4726
2.35,0,0,125,-84.473
2.375,0,0,125,-84.4735
2.4,0,0,125,-84.474
2.425,0,0,125,-84.4745
2.45,0,0,125,-84.4751
2.475,0,0,125,-84.4756
2.5,0,0,125,-84.4761
2.525,0,0,125,-84.4767
2.55,0,0,125,-84.4773
2.575,0,0,125,-84.4778
2.6,0,0,125,-84.4784
2.625,0,0,125,-84.479
2.65,0,0,125,-84.4796
2.675,0,0,125,-84.4802
2.7,0,0,125,-84.4808
2.725,0,0,125,-84.4814
2.75,0,0,125,-84.4821
2.775,0,0,125,-84.4827
2.8,0,0,125,-84.4834
2.825,0,0,125,-84.484
2.85,0,0,125,-84.4847
2.875,0,0,125,-84.4854
2.9,0,0,125,-84.4861
2.925,0,0,125,-84.4868
2.95,0,0,125,-84.4875
2.975,0,0,125,-84.4882
3,0,0,125,-84.4889
3.025,0,0,125,-84.4897
3.05,0,0,125,-84.4904
3.075,0,0,125,-84.4911
3.1,0,0,125,-84.4918
3.125,0,0,125,-84.4925
3.15,0,0,125,-84.4932
3.175,0,0,125,-84.4939
3.2,0,0,125,-84.4945
3.225,0,0,125,-84.4952
3.25,0,0,125,-84.4958
3.275,0,0,125,-84.4965
3.3,0,0,125,-84.4971
3.325,0,0,125,-84.4977
3.35,0,0,125,-84.4983
3.375,0,0,125,-84.4989
3.4,0,0,125,-84.4995
3.425,0,0,125,-84.5001
3.45,0,0,125,-84.5006
3.475,0,0,125,-84.5012
3.5,0,0,125,-84.5018
3.525,0,0,125,-84.5023
3.55,0,0,125,-84.5028
3.575,0,0,125,-84.5034
3.6,0,0,125,-84.5039
3.625,0,0,125,-84.5044
3.65,0,0,125,-84.5049
3.675,0,0,125,-84.5053
3.7,0,0,125,-84.5058
3.725,0,0,125,-84.5063
3.75,0,0,125,-84.5067
3.775,0,0,125,-84.5072
3.8,0,0,125,-84.5076
3.825,0,0,125,-84.508
3.85,0,0,125,-84.5084
3.875,0,0,125,-84.5088
3.9,0,0,125,-84.5092
3.925,0,0,125,-84.5096
3.95,0,0,125,-84.5099
3.975,0,0,125,-84.5103
4,0,0,125,-84.5106
4.025,0,0,125,-84.511
4.05,0,0,125,-84.5113
4.075,0,0,125,-84.5116
4.1,0,0,125,-84.5119
4.125,0,0,125,-84.5122
4.15,0,0,125,-84.5125
4.175,0,0,125,-84.5128
4.2,0,0,125,-84.513
4.225,0,0,125,-84.5133
4.25,0,0,125,-84.5135
4.275,0,0,125,-84.5138
4.3,0,0,125,-84.514
4.325,0,0,125,-84.5142
4.35,0,0,125,-84.5144
4.375,0,0,125,-84.5146
4.4,0,0,125,-84.5148
4.425,0,0,125,-84.515
4.45,0,0,125,-84.5151
4.475,0,0,125,-84.5153
4.5,0,0,125,-84.5154
4.525,0,0,125,-84.5156
4.55,0,0,125,-84.5157
4.575,0,0,125,-84.5158
4.6,0,0,125,-84.5159
4.625,0,0,125,-84.516
4.65,0,0,125,-84.5161
4.675,0,0,125,-84.5161
4.7,0,0,125,-84.5162
4.725,0,0,125,-84.5163
4.75,0,0,125,-84.5163
4.775,0,0,125,-84.5163
4.8,0,0,125,-84.5164
4.825,0,0,125,-84.5164
4.85,0,0,125,-84.5164
4.875,0,0,125,-84.5164
4.9,0,0,125,-84.5163
4.925,0,0,125,-84.5163
4.95,0,0,125,-84.5163
4.975,0,0,125,-84.5162
5,0,0,125,-84.5162
