0,0,0,125,7.35387
0.025,0,0,125,7.34225
0.05,0,0,125,7.3188
0.075,0,0,125,7.28287
0.1,0,0,125,7.23346
0.125,0,0,125,7.16946
0.15,0,0,125,7.0901
0.175,0,0,125,6.99573
0.2,0,0,125,6.88759
0.225,0,0,125,6.76744
0.25,0,0,125,6.63726
0.275,0,0,125,6.49905
0.3,0,0,125,6.35476
0.325,0,0,125,6.20629
0.35,0,0,125,6.05541
0.375,0,0,125,5.90385
0.4,0,0,125,5.75318
0.425,0,0,125,5.60493
0.45,0,0,125,5.46049
0.475,0,0,125,5.32114
0.5,0,0,125,5.18808
0.525,0,0,125,5.06238
0.55,0,0,125,4.94503
0.575,0,0,125,4.83687
0.6,0,0,125,4.73869
0.625,0,0,125,4.65115
0.65,0,0,125,4.57481
0.675,0,0,125,4.51015
0.7,0,0,125,4.45756
0.725,0,0,125,4.41736
0.75,0,0,125,4.38977
0.775,0,0,125,4.37496
0.8,0,0,125,4.37303
0.825,0,0,125,4.38402
0.85,0,0,125,4.40793
0.875,0,0,125,4.44471
0.9,0,0,125,4.49428
0.925,0,0,125,4.55652
0.95,0,0,125,4.63129
0.975,0,0,125,4.71845
1,0,0,125,4.81781
1.025,0,0,125,4.92921
1.05,0,0,125,5.05248
1.075,0,0,125,5.18744
1.1,0,0,125,5.33392
1.125,0,0,125,5.49178
1.15,0,0,125,5.66087
1.175,0,0,125,5.84106
1.2,0,0,125,6.03224
1.225,0,0,125,6.23434
1.25,0,0,125,6.44728
1.275,0,0,125,6.67101
1.3,0,0,125,6.90551
1.325,0,0,125,7.15077
1.35,0,0,125,7.4068
1.375,0,0,125,7.67361
1.4,0,0,125,7.95124
1.425,0,0,125,8.2397
1.45,0,0,125,8.53901
1.475,0,0,125,8.84915
1.5,0,0,125,9.17004
1.525,0,0,125,9.50153
1.55,0,0,125,9.84335
1.575,0,0,125,10.195
1.6,0,0,125,10.5559
1.625,0,0,125,10.9248
1.65,0,0,125,11.3002
1.675,0,0,125,11.6797
1.7,0,0,125,12.06
1.725,0,0,125,12.4364
1.75,0,0,125,12.8021
1.775,0,0,125,13.1476
1.8,0,0,125,13.4598
1.825,0,0,125,13.7198
1.85,0,0,125,13.9015
1.875,0,0,125,13.9676
1.9,0,0,125,13.8655
1.925,0,0,125,13.5194
1.95,0,0,125,12.8192
1.975,0,0,125,11.6025
2,0,0,125,9.62414
2.025,0,0,125,6.50583
2.05,0,0,125,1.65249
2.075,0,0,125,-5.87043
2.1,0,0,125,-17.3854
2.125,0,0,125,-33.4333
2.15,0,0,125,-48.7023
2.175,0,0,125,-59.7594
2.2,0,0,125,-67.3353
2.225,0,0,125,-72.4719
2.25,0,0,125,-75.9402
2.275,0,0,125,-78.2753
2.3,0,0,125,-79.8436
2.325,0,0,125,-80.8945
2.35,0,0,125,-81.5966
2.375,0,0,125,-82.0641
2.4,0,0,125,-82.3738
2.425,0,0,125,-82.5776
2.45,0,0,125,-82.7101
2.475,0,0,125,-82.7949
2.5,0,0,125,-82.8477
2.525,0,0,125,-82.879
2.55,0,0,125,-82.896
2.575,0,0,125,-82.9033
2.6,0,0,125,-82.9042
2.625,0,0,125,-82.9008
2.65,0,0,125,-82.8946
2.675,0,0,125,-82.8865
2.7,0,0,125,-82.8772
2.725,0,0,125,-82.8671
2.75,0,0,125,-82.8565
2.775,0,0,125,-82.8456
2.8,0,0,125,-82.8346
2.825,0,0,125,-82.8234
2.85,0,0,125,-82.8121
2.875,0,0,125,-82.8009
2.9,0,0,125,-82.7896
2.925,0,0,125,-82.7784
2.95,0,0,125,-82.7672
2.975,0,0,125,-82.756
3,0,0,125,-82.7448
3.025,0,0,125,-82.7335
3.05,0,0,125,-82.7223
3.075,0,0,125,-82.7111
3.1,0,0,125,-82.6998
3.125,0,0,125,-82.6885
3.15,0,0,125,-82.6771
3.175,0,0,125,-82.6657
3.2,0,0,125,-82.6542
3.225,0,0,125,-82.6426
3.25,0,0,125,-82.631
3.275,0,0,125,-82.6192
3.3,0,0,125,-82.6073
3.325,0,0,125,-82.5953
3.35,0,0,125,-82.5831
3.375,0,0,125,-82.5708
3.4,0,0,125,-82.5583
3.425,0,0,125,-82.5457
3.45,0,0,125,-82.5328
3.475,0,0,125,-82.5198
3.5,0,0,125,-82.5066
3.525,0,0,125,-82.4932
3.55,0,0,125,-82.4795
3.575,0,0,125,-82.4657
3.6,0,0,125,-82.4516
3.625,0,0,125,-82.4374
3.65,0,0,125,-82.4229
3.675,0,0,125,-82.4081
3.7,0,0,125,-82.3932
3.725,0,0,125,-82.378
3.75,0,0,125,-82.3626
3.775,0,0,125,-82.3469
3.8,0,0,125,-82.3311
3.825,0,0,125,-82.315
3.85,0,0,125,-82.2988
3.875,0,0,125,-82.2823
3.9,0,0,125,-82.2657
3.925,0,0,125,-82.2489
3.95,0,0,125,-82.2319
3.975,0,0,125,-82.2148
4,0,0,125,-82.1976
4.025,0,0,125,-82.1802
4.05,0,0,125,-82.1628
4.075,0,0,125,-82.1453
4.1,0,0,125,-82.1277
4.125,0,0,125,-82.1101
4.15,0,0,125,-82.0925
4.175,0,0,125,-82.0749
4.2,0,0,125,-82.0573
4.225,0,0,125,-82.0398
4.25,0,0,125,-82.0224
4.275,0,0,125,-82.0052
4.3,0,0,125,-81.9881
4.325,0,0,125,-81.9711
4.35,0,0,125,-81.9544
4.375,0,0,125,-81.938
4.4,0,0,125,-81.9218
4.425,0,0,125,-81.9059
4.45,0,0,125,-81.8903
4.475,0,0,125,-81.8751
4.5,0,0,125,-81.8603
4.525,0,0,125,-81.846
4.55,0,0,125,-81.8321
4.575,0,0,125,-81.8187
4.6,0,0,125,-81.8058
4.625,0,0,125,-81.7934
4.65,0,0,125,-81.7817
4.675,0,0,125,-81.7705
4.7,0,0,125,-81.76
4.725,0,0,125,-81.7501
4.75,0,0,125,-81.7409
4.775,0,0,125,-81.7325
4.8,0,0,125,-81.7247
4.825,0,0,125,-81.7177
4.85,0,0,125,-81.7115
4.875,0,0,125,-81.7061
4.9,0,0,125,-81.7015
4.925,0,0,125,-81.6978
4.95,0,0,125,-81.695
4.975,0,0,125,-81.6931
5,0,0,125,-81.6921
