0,0,0,125,-83.9658
0.025,0,0,125,-83.966
0.05,0,0,125,-83.9664
0.075,0,0,125,-83.9669
0.1,0,0,125,-83.9675
0.125,0,0,125,-83.9682
0.15,0,0,125,-83.969
0.175,0,0,125,-83.9698
0.2,0,0,125,-83.9707
0.225,0,0,125,-83.9716
0.25,0,0,125,-83.9724
0.275,0,0,125,-83.9733
0.3,0,0,125,-83.9742
0.325,0,0,125,-83.9751
0.35,0,0,125,-83.976
0.375,0,0,125,-83.9769
0.4,0,0,125,-83.9778
0.425,0,0,125,-83.9786
0.45,0,0,125,-83.9794
0.475,0,0,125,-83.9803
0.5,0,0,125,-83.9811
0.525,0,0,125,-83.9818
0.55,0,0,125,-83.9826
0.575,0,0,125,-83.9834
0.6,0,0,125,-83.9841
0.625,0,0,125,-83.9848
0.65,0,0,125,-83.9855
0.675,0,0,125,-83.9862
0.7,0,0,125,-83.9869
0.725,0,0,125,-83.9877
0.75,0,0,125,-83.9884
0.775,0,0,125,-83.9891
0.8,0,0,125,-83.9899
0.825,0,0,125,-83.9906
0.85,0,0,125,-83.9914
0.875,0,0,125,-83.9922
0.9,0,0,125,-83.993
0.925,0,0,125,-83.9938
0.95,0,0,125,-83.9946
0.975,0,0,125,-83.9954
1,0,0,125,-83.9962
1.025,0,0,125,-83.997
1.05,0,0,125,-83.9979
1.075,0,0,125,-83.9987
1.1,0,0,125,-83.9996
1.125,0,0,125,-84.0004
1.15,0,0,125,-84.0013
1.175,0,0,125,-84.0022
1.2,0,0,125,-84.0031
1.225,0,0,125,-84.004
1.25,0,0,125,-84.0049
1.275,0,0,125,-84.0058
1.3,0,0,125,-84.0068
1.325,0,0,125,-84.0077
1.35,0,0,125,-84.0087
1.375,0,0,125,-84.0096
1.4,0,0,125,-84.0106
1.425,0,0,125,-84.0116
1.45,0,0,125,-84.0127
1.475,0,0,125,-84.0137
1.5,0,0,125,-84.0148
1.525,0,0,125,-84.0159
1.55,0,0,125,-84.017
1.575,0,0,125,-84.0182
1.6,0,0,125,-84.0194
1.625,0,0,125,-84.0207
1.65,0,0,125,-84.022
1.675,0,0,125,-84.0233
1.7,0,0,125,-84.0246
1.725,0,0,125,-84.026
1.75,0,0,125,-84.0274
1.775,0,0,125,-84.0288
1.8,0,0,125,-84.0303
1.825,0,0,125,-84.0317
1.85,0,0,125,-84.0332
1.875,0,0,125,-84.0348
1.9,0,0,125,-84.0363
1.925,0,0,125,-84.0379
1.95,0,0,125,-84.0396
1.975,0,0,125,-84.0413
2,0,0,125,-84.043
2.025,0,0,125,-84.0448
2.05,0,0,125,-84.0466
2.075,0,0,125,-84.0484
2.1,0,0,125,-84.0503
2.125,0,0,125,-84.0522
2.15,0,0,125,-84.0541
2.175,0,0,125,-84.0561
2.2,0,0,125,-84.0581
2.225,0,0,125,-84.0602
2.25,0,0,125,-84.0623
2.275,0,0,125,-84.0644
2.3,0,0,125,-84.0666
2.325,0,0,125,-84.0689
2.35,0,0,125,-84.0712
2.375,0,0,125,-84.0735
2.4,0,0,125,-84.0759
2.425,0,0,125,-84.0784
2.45,0,0,125,-84.081
2.475,0,0,125,-84.0835
2.5,0,0,125,-84.0862
2.525,0,0,125,-84.0889
2.55,0,0,125,-84.0917
2.575,0,0,125,-84.0945
2.6,0,0,125,-84.0973
2.625,0,0,125,-84.1002
2.65,0,0,125,-84.1031
2.675,0,0,125,-84.1061
2.7,0,0,125,-84.1091
2.725,0,0,125,-84.1121
2.75,0,0,125,-84.1152
2.775,0,0,125,-84.1182
2.8,0,0,125,-84.1213
2.825,0,0,125,-84.1244
2.85,0,0,125,-84.1276
2.875,0,0,125,-84.1307
2.9,0,0,125,-84.1339
2.925,0,0,125,-84.137
2.95,0,0,125,-84.1402
2.975,0,0,125,-84.1434
3,0,0,125,-84.1466
3.025,0,0,125,-84.1499
3.05,0,0,125,-84.1531
3.075,0,0,125,-84.1563
3.1,0,0,125,-84.1595
3.125,0,0,125,-84.1627
3.15,0,0,125,-84.1659
3.175,0,0,125,-84.1691
3.2,0,0,125,-84.1722
3.225,0,0,125,-84.1753
3.25,0,0,125,-84.1785
3.275,0,0,125,-84.1816
3.3,0,0,125,-84.1846
3.325,0,0,125,-84.1877
3.35,0,0,125,-84.1907
3.375,0,0,125,-84.1937
3.4,0,0,125,-84.1966
3.425,0,0,125,-84.1995
3.45,0,0,125,-84.2023
3.475,0,0,125,-84.2052
3.5,0,0,125,-84.2079
3.525,0,0,125,-84.2107
3.55,0,0,125,-84.2134
3.575,0,0,125,-84.216
3.6,0,0,125,-84.2186
3.625,0,0,125,-84.2211
3.65,0,0,125,-84.2236
3.675,0,0,125,-84.226
3.7,0,0,125,-84.2283
3.725,0,0,125,-84.2306
3.75,0,0,125,-84.2328
3.775,0,0,125,-84.2349
3.8,0,0,125,-84.237
3.825,0,0,125,-84.239
3.85,0,0,125,-84.241
3.875,0,0,125,-84.2429
3.9,0,0,125,-84.2448
3.925,0,0,125,-84.2466
3.95,0,0,125,-84.2483
3.975,0,0,125,-84.25
4,0,0,125,-84.2516
4.025,0,0,125,-84.2531
4.05,0,0,125,-84.2546
4.075,0,0,125,-84.256
4.1,0,0,125,-84.2574
4.125,0,0,125,-84.2587
4.15,0,0,125,-84.2599
4.175,0,0,125,-84.2611
4.2,0,0,125,-84.2622
4.225,0,0,125,-84.2632
4.25,0,0,125,-84.2642
4.275,0,0,125,-84.2651
4.3,0,0,125,-84.2659
4.325,0,0,125,-84.2668
4.35,0,0,125,-84.2675
4.375,0,0,125,-84.2682
4.4,0,0,125,-84.2689
4.425,0,0,125,-84.2696
4.45,0,0,125,-84.2702
4.475,0,0,125,-84.2708
4.5,0,0,125,-84.2713
4.525,0,0,125,-84.2718
4.55,0,0,125,-84.2723
4.575,0,0,125,-84.2727
4.6,0,0,125,-84.2731
4.625,0,0,125,-84.2734
4.65,0,0,125,-84.2737
4.675,0,0,125,-84.274
4.7,0,0,125,-84.2742
4.725,0,0,125,-84.2744
4.75,0,0,125,-84.2746
4.775,0,0,125,-84.2748
4.8,0,0,125,-84.2749
4.825,0,0,125,-84.275
4.85,0,0,125,-84.2751
4.875,0,0,125,-84.2752
4.9,0,0,125,-84.2753
4.925,0,0,125,-84.2753
4.95,0,0,125,-84.2754
4.975,0,0,125,-84.2754
5,0,0,125,-84.2754
