0,0,0,125,9.83152
0.025,0,0,125,9.83039
0.05,0,0,125,9.82793
0.075,0,0,125,9.8237
0.1,0,0,125,9.81702
0.125,0,0,125,9.8071
0.15,0,0,125,9.79322
0.175,0,0,125,9.77492
0.2,0,0,125,9.75203
0.225,0,0,125,9.72455
0.25,0,0,125,9.69257
0.275,0,0,125,9.6562
0.3,0,0,125,9.61557
0.325,0,0,125,9.57081
0.35,0,0,125,9.52207
0.375,0,0,125,9.46947
0.4,0,0,125,9.41315
0.425,0,0,125,9.35324
0.45,0,0,125,9.28987
0.475,0,0,125,9.22316
0.5,0,0,125,9.15323
0.525,0,0,125,9.0802
0.55,0,0,125,9.00416
0.575,0,0,125,8.92522
0.6,0,0,125,8.84346
0.625,0,0,125,8.75899
0.65,0,0,125,8.67187
0.675,0,0,125,8.58218
0.7,0,0,125,8.48997
0.725,0,0,125,8.3953
0.75,0,0,125,8.29822
0.775,0,0,125,8.19877
0.8,0,0,125,8.09698
0.825,0,0,125,7.99286
0.85,0,0,125,7.88645
0.875,0,0,125,7.77774
0.9,0,0,125,7.66673
0.925,0,0,125,7.55343
0.95,0,0,125,7.43782
0.975,0,0,125,7.31987
1,0,0,125,7.19957
1.025,0,0,125,7.07687
1.05,0,0,125,6.95176
1.075,0,0,125,6.82418
1.1,0,0,125,6.69408
1.125,0,0,125,6.56142
1.15,0,0,125,6.42614
1.175,0,0,125,6.28819
1.2,0,0,125,6.1475
1.225,0,0,125,6.00401
1.25,0,0,125,5.85765
1.275,0,0,125,5.70836
1.3,0,0,125,5.55607
1.325,0,0,125,5.40072
1.35,0,0,125,5.24223
1.375,0,0,125,5.08055
1.4,0,0,125,4.91562
1.425,0,0,125,4.74736
1.45,0,0,125,4.57573
1.475,0,0,125,4.40068
1.5,0,0,125,4.22215
1.525,0,0,125,4.0401
1.55,0,0,125,3.8545
1.575,0,0,125,3.66532
1.6,0,0,125,3.47254
1.625,0,0,125,3.27613
1.65,0,0,125,3.0761
1.675,0,0,125,2.87244
1.7,0,0,125,2.66517
1.725,0,0,125,2.45431
1.75,0,0,125,2.23988
1.775,0,0,125,2.02191
1.8,0,0,125,1.80047
1.825,0,0,125,1.5756
1.85,0,0,125,1.34738
1.875,0,0,125,1.11587
1.9,0,0,125,0.88115
1.925,0,0,125,0.643322
1.95,0,0,125,0.402481
1.975,0,0,125,0.158732
2,0,0,125,-0.08781
2.025,0,0,125,-0.337027
2.05,0,0,125,-0.588793
2.075,0,0,125,-0.842978
2.1,0,0,125,-1.09944
2.125,0,0,125,-1.35805
2.15,0,0,125,-1.61865
2.175,0,0,125,-1.88109
2.2,0,0,125,-2.14523
2.225,0,0,125,-2.41091
2.25,0,0,125,-2.67797
2.275,0,0,125,-2.94625
2.3,0,0,125,-3.21558
2.325,0,0,125,-3.48581
2.35,0,0,125,-3.75677
2.375,0,0,125,-4.0283
2.4,0,0,125,-4.30022
2.425,0,0,125,-4.57238
2.45,0,0,125,-4.8446
2.475,0,0,125,-5.11672
2.5,0,0,125,-5.38857
2.525,0,0,125,-5.65999
2.55,0,0,125,-5.93081
2.575,0,0,125,-6.20086
2.6,0,0,125,-6.46997
2.625,0,0,125,-6.73799
2.65,0,0,125,-7.00476
2.675,0,0,125,-7.27009
2.7,0,0,125,-7.53384
2.725,0,0,125,-7.79584
2.75,0,0,125,-8.05593
2.775,0,0,125,-8.31395
2.8,0,0,125,-8.56973
2.825,0,0,125,-8.82312
2.85,0,0,125,-9.07396
2.875,0,0,125,-9.32208
2.9,0,0,125,-9.56734
2.925,0,0,125,-9.80956
2.95,0,0,125,-10.0486
2.975,0,0,125,-10.2843
3,0,0,125,-10.5165
3.025,0,0,125,-10.745
3.05,0,0,125,-10.9697
3.075,0,0,125,-11.1904
3.1,0,0,125,-11.4071
3.125,0,0,125,-11.6194
3.15,0,0,125,-11.8272
3.175,0,0,125,-12.0305
3.2,0,0,125,-12.229
3.225,0,0,125,-12.4226
3.25,0,0,125,-12.6111
3.275,0,0,125,-12.7944
3.3,0,0,125,-12.9723
3.325,0,0,125,-13.1447
3.35,0,0,125,-13.3113
3.375,0,0,125,-13.4721
3.4,0,0,125,-13.6269
3.425,0,0,125,-13.7755
3.45,0,0,125,-13.9177
3.475,0,0,125,-14.0535
3.5,0,0,125,-14.1826
3.525,0,0,125,-14.3048
3.55,0,0,125,-14.42
3.575,0,0,125,-14.5281
3.6,0,0,125,-14.6287
3.625,0,0,125,-14.7219
3.65,0,0,125,-14.8072
3.675,0,0,125,-14.8847
3.7,0,0,125,-14.9539
3.725,0,0,125,-15.0148
3.75,0,0,125,-15.0671
3.775,0,0,125,-15.1104
3.8,0,0,125,-15.1446
3.825,0,0,125,-15.1694
3.85,0,0,125,-15.1844
3.875,0,0,125,-15.1893
3.9,0,0,125,-15.1838
3.925,0,0,125,-15.1674
3.95,0,0,125,-15.1398
3.975,0,0,125,-15.1005
4,0,0,125,-15.049
4.025,0,0,125,-14.9849
4.05,0,0,125,-14.9076
4.075,0,0,125,-14.8166
4.1,0,0,125,-14.7115
4.125,0,0,125,-14.5915
4.15,0,0,125,-14.4563
4.175,0,0,125,-14.3052
4.2,0,0,125,-14.1379
4.225,0,0,125,-13.9538
4.25,0,0,125,-13.7525
4.275,0,0,125,-13.5339
4.3,0,0,125,-13.2976
4.325,0,0,125,-13.0437
4.35,0,0,125,-12.7722
4.375,0,0,125,-12.4832
4.4,0,0,125,-12.1774
4.425,0,0,125,-11.8553
4.45,0,0,125,-11.5179
4.475,0,0,125,-11.1662
4.5,0,0,125,-10.8017
4.525,0,0,125,-10.4261
4.55,0,0,125,-10.0414
4.575,0,0,125,-9.64981
4.6,0,0,125,-9.2539
4.625,0,0,125,-8.85647
4.65,0,0,125,-8.46057
4.675,0,0,125,-8.06943
4.7,0,0,125,-7.68647
4.725,0,0,125,-7.31524
4.75,0,0,125,-6.95931
4.775,0,0,125,-6.62228
4.8,0,0,125,-6.30765
4.825,0,0,125,-6.01877
4.85,0,0,125,-5.75874
4.875,0,0,125,-5.5304
4.9,0,0,125,-5.3362
4.925,0,0,125,-5.17822
4.95,0,0,125,-5.05816
4.975,0,0,125,-4.97736
5,0,0,125,-4.93671
