0,0,0,125,-84.4607
0.025,0,0,125,-84.4608
0.05,0,0,125,-84.4608
0.075,0,0,125,-84.4609
0.1,0,0,125,-84.4611
0.125,0,0,125,-84.4612
0.15,0,0,125,-84.4613
0.175,0,0,125,-84.4615
0.2,0,0,125,-84.4616
0.225,0,0,125,-84.4618
0.25,0,0,125,-84.462
0.275,0,0,125,-84.4621
0.3,0,0,125,-84.4623
0.325,0,0,125,-84.4625
0.35,0,0,125,-84.4627
0.375,0,0,125,-84.4629
0.4,0,0,125,-84.4631
0.425,0,0,125,-84.4632
0.45,0,0,125,-84.4634
0.475,0,0,125,-84.4636
0.5,0,0,125,-84.4637
0.525,0,0,125,-84.4639
0.55,0,0,125,-84.464
0.575,0,0,125,-84.4641
0.6,0,0,125,-84.4643
0.625,0,0,125,-84.4644
0.65,0,0,125,-84.4645
0.675,0,0,125,-84.4647
0.7,0,0,125,-84.4648
0.725,0,0,125,-84.4649
0.75,0,0,125,-84.4651
0.775,0,0,125,-84.4652
0.8,0,0,125,-84.4653
0.825,0,0,125,-84.4655
0.85,0,0,125,-84.4656
0.875,0,0,125,-84.4657
0.9,0,0,125,-84.4659
0.925,0,0,125,-84.466
0.95,0,0,125,-84.4661
0.975,0,0,125,-84.4663
1,0,0,125,-84.4664
1.025,0,0,125,-84.4665
1.05,0,0,125,-84.4667
1.075,0,0,125,-84.4668
1.1,0,0,125,-84.467
1.125,0,0,125,-84.4671
1.15,0,0,125,-84.4673
1.175,0,0,125,-84.4674
1.2,0,0,125,-84.4676
1.225,0,0,125,-84.4678
1.25,0,0,125,-84.4679
1.275,0,0,125,-84.4681
1.3,0,0,125,-84.4683
1.325,0,0,125,-84.4684
1.35,0,0,125,-84.4686
1.375,0,0,125,-84.4688
1.4,0,0,125,-84.469
1.425,0,0,125,-84.4692
1.45,0,0,125,-84.4694
1.475,0,0,125,-84.4696
1.5,0,0,125,-84.4697
1.525,0,0,125,-84.4699
1.55,0,0,125,-84.4702
1.575,0,0,125,-84.4704
1.6,0,0,125,-84.4706
1.625,0,0,125,-84.4708
1.65,0,0,125,-84.471
1.675,0,0,125,-84.4712
1.7,0,0,125,-84.4715
1.725,0,0,125,-84.4717
1.75,0,0,125,-84.4719
1.775,0,0,125,-84.4722
1.8,0,0,125,-84.4724
1.825,0,0,125,-84.4727
1.85,0,0,125,-84.473
1.875,0,0,125,-84.4733
1.9,0,0,125,-84.4736
1.925,0,0,125,-84.4739
1.95,0,0,125,-84.4742
1.975,0,0,125,-84.4745
2,0,0,125,-84.4748
2.025,0,0,125,-84.4752
2.05,0,0,125,-84.4755
2.075,0,0,125,-84.4759
2.1,0,0,125,-84.4762
2.125,0,0,125,-84.4766
2.15,0,0,125,-84.477
2.175,0,0,125,-84.4774
2.2,0,0,125,-84.4778
2.225,0,0,125,-84.4782
2.25,0,0,125,-84.4786
2.275,0,0,125,-84.4791
2.3,0,0,125,-84.4795
2.325,0,0,125,-84.48
2.35,0,0,125,-84.4804
2.375,0,0,125,-84.4809
2.4,0,0,125,-84.4814
2.425,0,0,125,-84.4819
2.45,0,0,125,-84.4824
2.475,0,0,125,-84.4829
2.5,0,0,125,-84.4834
2.525,0,0,125,-84.4839
2.55,0,0,125,-84.4845
2.575,0,0,125,-84.485
2.6,0,0,125,-84.4856
2.625,0,0,125,-84.4861
2.65,0,0,125,-84.4867
2.675,0,0,125,-84.4873
2.7,0,0,125,-84.4879
2.725,0,0,125,-84.4885
2.75,0,0,125,-84.4891
2.775,0,0,125,-84.4897
2.8,0,0,125,-84.4904
2.825,0,0,125,-84.491
2.85,0,0,125,-84.4917
2.875,0,0,125,-84.4923
2.9,0,0,125,-84.493
2.925,0,0,125,-84.4937
2.95,0,0,125,-84.4944
2.975,0,0,125,-84.4951
3,0,0,125,-84.4958
3.025,0,0,125,-84.4965
3.05,0,0,125,-84.4971
3.075,0,0,125,-84.4978
3.1,0,0,125,-84.4985
3.125,0,0,125,-84.4991
3.15,0,0,125,-84.4998
3.175,0,0,125,-84.5004
3.2,0,0,125,-84.501
3.225,0,0,125,-84.5016
3.25,0,0,125,-84.5022
3.275,0,0,125,-84.5028
3.3,0,0,125,-84.5034
3.325,0,0,125,-84.504
3.35,0,0,125,-84.5045
3.375,0,0,125,-84.5051
3.4,0,0,125,-84.5056
3.425,0,0,125,-84.5062
3.45,0,0,125,-84.5067
3.475,0,0,125,-84.5072
3.5,0,0,125,-84.5077
3.525,0,0,125,-84.5082
3.55,0,0,125,-84.5087
3.575,0,0,125,-84.5092
3.6,0,0,125,-84.5096
3.625,0,0,125,-84.5101
3.65,0,0,125,-84.5105
3.675,0,0,125,-84.511
3.7,0,0,125,-84.5114
3.725,0,0,125,-84.5118
3.75,0,0,125,-84.5122
3.775,0,0,125,-84.5126
3.8,0,0,125,-84.513
3.825,0,0,125,-84.5134
3.85,0,0,125,-84.5138
3.875,0,0,125,-84.5141
3.9,0,0,125,-84.5145
3.925,0,0,125,-84.5148
3.95,0,0,125,-84.5152
3.975,0,0,125,-84.5155
4,0,0,125,-84.5158
4.025,0,0,125,-84.5161
4.05,0,0,125,-84.5164
4.075,0,0,125,-84.5167
4.1,0,0,125,-84.517
4.125,0,0,125,-84.5172
4.15,0,0,125,-84.5175
4.175,0,0,125,-84.5177
4.2,0,0,125,-84.518
4.225,0,0,125,-84.5182
4.25,0,0,125,-84.5184
4.275,0,0,125,-84.5186
4.3,0,0,125,-84.5188
4.325,0,0,125,-84.519
4.35,0,0,125,-84.5192
4.375,0,0,125,-84.5193
4.4,0,0,125,-84.5195
4.425,0,0,125,-84.5196
4.45,0,0,125,-84.5198
4.475,0,0,125,-84.5199
4.5,0,0,125,-84.52
4.525,0,0,125,-84.5201
4.55,0,0,125,-84.5202
4.575,0,0,125,-84.5203
4.6,0,0,125,-84.5204
4.625,0,0,125,-84.5204
4.65,0,0,125,-84.5205
4.675,0,0,125,-84.5205
4.7,0,0,125,-84.5205
4.725,0,0,125,-84.5206
4.75,0,0,125,-84.5206
4.775,0,0,125,-84.5206
4.8,0,0,125,-84.5206
4.825,0,0,125,-84.5206
4.85,0,0,125,-84.5206
4.875,0,0,125,-84.5205
4.9,0,0,125,-84.5205
4.925,0,0,125,-84.5204
4.95,0,0,125,-84.5204
4.975,0,0,125,-84.5204
5,0,0,125,-84.5204
