0,0,0,125,-84.1588
0.025,0,0,125,-84.1589
0.05,0,0,125,-84.1591
0.075,0,0,125,-84.1595
0.1,0,0,125,-84.1599
0.125,0,0,125,-84.1604
0.15,0,0,125,-84.1609
0.175,0,0,125,-84.1615
0.2,0,0,125,-84.1621
0.225,0,0,125,-84.1627
0.25,0,0,125,-84.1633
0.275,0,0,125,-84.1639
0.3,0,0,125,-84.1645
0.325,0,0,125,-84.1651
0.35,0,0,125,-84.1658
0.375,0,0,125,-84.1664
0.4,0,0,125,-84.167
0.425,0,0,125,-84.1676
0.45,0,0,125,-84.1682
0.475,0,0,125,-84.1688
0.5,0,0,125,-84.1693
0.525,0,0,125,-84.1699
0.55,0,0,125,-84.1704
0.575,0,0,125,-84.1709
0.6,0,0,125,-84.1714
0.625,0,0,125,-84.1719
0.65,0,0,125,-84.1724
0.675,0,0,125,-84.1728
0.7,0,0,125,-84.1733
0.725,0,0,125,-84.1738
0.75,0,0,125,-84.1742
0.775,0,0,125,-84.1747
0.8,0,0,125,-84.1752
0.825,0,0,125,-84.1757
0.85,0,0,125,-84.1762
0.875,0,0,125,-84.1768
0.9,0,0,125,-84.1773
0.925,0,0,125,-84.1778
0.95,0,0,125,-84.1784
0.975,0,0,125,-84.179
1,0,0,125,-84.1795
1.025,0,0,125,-84.1801
1.05,0,0,125,-84.1807
1.075,0,0,125,-84.1813
1.1,0,0,125,-84.1819
1.125,0,0,125,-84.1825
1.15,0,0,125,-84.1832
1.175,0,0,125,-84.1838
1.2,0,0,125,-84.1844
1.225,0,0,125,-84.1851
1.25,0,0,125,-84.1858
1.275,0,0,125,-84.1864
1.3,0,0,125,-84.1871
1.325,0,0,125,-84.1878
1.35,0,0,125,-84.1885
1.375,0,0,125,-84.1892
1.4,0,0,125,-84.19
1.425,0,0,125,-84.1907
1.45,0,0,125,-84.1914
1.475,0,0,125,-84.1922
1.5,0,0,125,-84.193
1.525,0,0,125,-84.1937
1.55,0,0,125,-84.1945
1.575,0,0,125,-84.1953
1.6,0,0,125,-84.1961
1.625,0,0,125,-84.1969
1.65,0,0,125,-84.1977
1.675,0,0,125,-84.1986
1.7,0,0,125,-84.1994
1.725,0,0,125,-84.2003
1.75,0,0,125,-84.2011
1.775,0,0,125,-84.2021
1.8,0,0,125,-84.203
1.825,0,0,125,-84.204
1.85,0,0,125,-84.2051
1.875,0,0,125,-84.2061
1.9,0,0,125,-84.2072
1.925,0,0,125,-84.2084
1.95,0,0,125,-84.2095
1.975,0,0,125,-84.2108
2,0,0,125,-84.212
2.025,0,0,125,-84.2133
2.05,0,0,125,-84.2146
2.075,0,0,125,-84.216
2.1,0,0,125,-84.2173
2.125,0,0,125,-84.2187
2.15,0,0,125,-84.2201
2.175,0,0,125,-84.2215
2.2,0,0,125,-84.223
2.225,0,0,125,-84.2244
2.25,0,0,125,-84.2259
2.275,0,0,125,-84.2274
2.3,0,0,125,-84.2289
2.325,0,0,125,-84.2305
2.35,0,0,125,-84.2321
2.375,0,0,125,-84.2337
2.4,0,0,125,-84.2354
2.425,0,0,125,-84.2371
2.45,0,0,125,-84.2389
2.475,0,0,125,-84.2407
2.5,0,0,125,-84.2425
2.525,0,0,125,-84.2444
2.55,0,0,125,-84.2463
2.575,0,0,125,-84.2482
2.6,0,0,125,-84.2502
2.625,0,0,125,-84.2523
2.65,0,0,125,-84.2543
2.675,0,0,125,-84.2564
2.7,0,0,125,-84.2584
2.725,0,0,125,-84.2605
2.75,0,0,125,-84.2626
2.775,0,0,125,-84.2647
2.8,0,0,125,-84.2669
2.825,0,0,125,-84.269
2.85,0,0,125,-84.2711
2.875,0,0,125,-84.2733
2.9,0,0,125,-84.2754
2.925,0,0,125,-84.2776
2.95,0,0,125,-84.2798
2.975,0,0,125,-84.282
3,0,0,125,-84.2842
3.025,0,0,125,-84.2864
3.05,0,0,125,-84.2886
3.075,0,0,125,-84.2908
3.1,0,0,125,-84.293
3.125,0,0,125,-84.2953
3.15,0,0,125,-84.2975
3.175,0,0,125,-84.2998
3.2,0,0,125,-84.302
3.225,0,0,125,-84.3042
3.25,0,0,125,-84.3064
3.275,0,0,125,-84.3085
3.3,0,0,125,-84.3107
3.325,0,0,125,-84.3128
3.35,0,0,125,-84.3149
3.375,0,0,125,-84.3169
3.4,0,0,125,-84.3189
3.425,0,0,125,-84.3209
3.45,0,0,125,-84.3229
3.475,0,0,125,-84.3248
3.5,0,0,125,-84.3266
3.525,0,0,125,-84.3285
3.55,0,0,125,-84.3302
3.575,0,0,125,-84.332
3.6,0,0,125,-84.3337
3.625,0,0,125,-84.3354
3.65,0,0,125,-84.3371
3.675,0,0,125,-84.3387
3.7,0,0,125,-84.3402
3.725,0,0,125,-84.3418
3.75,0,0,125,-84.3433
3.775,0,0,125,-84.3447
3.8,0,0,125,-84.3462
3.825,0,0,125,-84.3475
3.85,0,0,125,-84.3489
3.875,0,0,125,-84.3501
3.9,0,0,125,-84.3514
3.925,0,0,125,-84.3526
3.95,0,0,125,-84.3538
3.975,0,0,125,-84.3549
4,0,0,125,-84.356
4.025,0,0,125,-84.3571
4.05,0,0,125,-84.3581
4.075,0,0,125,-84.3591
4.1,0,0,125,-84.36
4.125,0,0,125,-84.3609
4.15,0,0,125,-84.3618
4.175,0,0,125,-84.3626
4.2,0,0,125,-84.3634
4.225,0,0,125,-84.3641
4.25,0,0,125,-84.3648
4.275,0,0,125,-84.3655
4.3,0,0,125,-84.3661
4.325,0,0,125,-84.3667
4.35,0,0,125,-84.3673
4.375,0,0,125,-84.3678
4.4,0,0,125,-84.3683
4.425,0,0,125,-84.3687
4.45,0,0,125,-84.3691
4.475,0,0,125,-84.3695
4.5,0,0,125,-84.3698
4.525,0,0,125,-84.3701
4.55,0,0,125,-84.3704
4.575,0,0,125,-84.3707
4.6,0,0,125,-84.3709
4.625,0,0,125,-84.3711
4.65,0,0,125,-84.3713
4.675,0,0,125,-84.3715
4.7,0,0,125,-84.3717
4.725,0,0,125,-84.3719
4.75,0,0,125,-84.372
4.775,0,0,125,-84.3721
4.8,0,0,125,-84.3723
4.825,0,0,125,-84.3724
4.85,0,0,125,-84.3724
4.875,0,0,125,-84.3725
4.9,0,0,125,-84.3726
4.925,0,0,125,-84.3726
4.95,0,0,125,-84.3726
4.975,0,0,125,-84.3726
5,0,0,125,-84.3726
