0,0,0,125,-83.9312
0.025,0,0,125,-83.9314
0.05,0,0,125,-83.9318
0.075,0,0,125,-83.9323
0.1,0,0,125,-83.933
0.125,0,0,125,-83.9338
0.15,0,0,125,-83.9346
0.175,0,0,125,-83.9355
0.2,0,0,125,-83.9364
0.225,0,0,125,-83.9373
0.25,0,0,125,-83.9383
0.275,0,0,125,-83.9392
0.3,0,0,125,-83.9402
0.325,0,0,125,-83.9411
0.35,0,0,125,-83.942
0.375,0,0,125,-83.9429
0.4,0,0,125,-83.9438
0.425,0,0,125,-83.9447
0.45,0,0,125,-83.9456
0.475,0,0,125,-83.9465
0.5,0,0,125,-83.9473
0.525,0,0,125,-83.9482
0.55,0,0,125,-83.949
0.575,0,0,125,-83.9499
0.6,0,0,125,-83.9507
0.625,0,0,125,-83.9515
0.65,0,0,125,-83.9523
0.675,0,0,125,-83.9531
0.7,0,0,125,-83.9538
0.725,0,0,125,-83.9546
0.75,0,0,125,-83.9553
0.775,0,0,125,-83.9561
0.8,0,0,125,-83.9569
0.825,0,0,125,-83.9577
0.85,0,0,125,-83.9585
0.875,0,0,125,-83.9593
0.9,0,0,125,-83.9601
0.925,0,0,125,-83.9609
0.95,0,0,125,-83.9617
0.975,0,0,125,-83.9626
1,0,0,125,-83.9634
1.025,0,0,125,-83.9643
1.05,0,0,125,-83.9652
1.075,0,0,125,-83.9661
1.1,0,0,125,-83.967
1.125,0,0,125,-83.9679
1.15,0,0,125,-83.9688
1.175,0,0,125,-83.9697
1.2,0,0,125,-83.9706
1.225,0,0,125,-83.9716
1.25,0,0,125,-83.9725
1.275,0,0,125,-83.9735
1.3,0,0,125,-83.9745
1.325,0,0,125,-83.9755
1.35,0,0,125,-83.9765
1.375,0,0,125,-83.9775
1.4,0,0,125,-83.9785
1.425,0,0,125,-83.9795
1.45,0,0,125,-83.9805
1.475,0,0,125,-83.9816
1.5,0,0,125,-83.9827
1.525,0,0,125,-83.9838
1.55,0,0,125,-83.9849
1.575,0,0,125,-83.9861
1.6,0,0,125,-83.9873
1.625,0,0,125,-83.9886
1.65,0,0,125,-83.9899
1.675,0,0,125,-83.9912
1.7,0,0,125,-83.9926
1.725,0,0,125,-83.994
1.75,0,0,125,-83.9954
1.775,0,0,125,-83.9969
1.8,0,0,125,-83.9984
1.825,0,0,125,-83.9999
1.85,0,0,125,-84.0015
1.875,0,0,125,-84.0031
1.9,0,0,125,-84.0047
1.925,0,0,125,-84.0064
1.95,0,0,125,-84.0081
1.975,0,0,125,-84.0099
2,0,0,125,-84.0117
2.025,0,0,125,-84.0135
2.05,0,0,125,-84.0154
2.075,0,0,125,-84.0174
2.1,0,0,125,-84.0194
2.125,0,0,125,-84.0215
2.15,0,0,125,-84.0236
2.175,0,0,125,-84.0258
2.2,0,0,125,-84.028
2.225,0,0,125,-84.0303
2.25,0,0,125,-84.0326
2.275,0,0,125,-84.035
2.3,0,0,125,-84.0374
2.325,0,0,125,-84.0398
2.35,0,0,125,-84.0423
2.375,0,0,125,-84.0448
2.4,0,0,125,-84.0473
2.425,0,0,125,-84.0499
2.45,0,0,125,-84.0526
2.475,0,0,125,-84.0553
2.5,0,0,125,-84.0581
2.525,0,0,125,-84.0609
2.55,0,0,125,-84.0638
2.575,0,0,125,-84.0667
2.6,0,0,125,-84.0697
2.625,0,0,125,-84.0727
2.65,0,0,125,-84.0757
2.675,0,0,125,-84.0787
2.7,0,0,125,-84.0818
2.725,0,0,125,-84.0849
2.75,0,0,125,-84.0881
2.775,0,0,125,-84.0913
2.8,0,0,125,-84.0945
2.825,0,0,125,-84.0978
2.85,0,0,125,-84.1011
2.875,0,0,125,-84.1044
2.9,0,0,125,-84.1078
2.925,0,0,125,-84.1112
2.95,0,0,125,-84.1146
2.975,0,0,125,-84.1181
3,0,0,125,-84.1215
3.025,0,0,125,-84.1249
3.05,0,0,125,-84.1283
3.075,0,0,125,-84.1317
3.1,0,0,125,-84.1351
3.125,0,0,125,-84.1385
3.15,0,0,125,-84.1419
3.175,0,0,125,-84.1452
3.2,0,0,125,-84.1486
3.225,0,0,125,-84.1519
3.25,0,0,125,-84.1552
3.275,0,0,125,-84.1585
3.3,0,0,125,-84.1617
3.325,0,0,125,-84.1649
3.35,0,0,125,-84.1681
3.375,0,0,125,-84.1712
3.4,0,0,125,-84.1743
3.425,0,0,125,-84.1773
3.45,0,0,125,-84.1804
3.475,0,0,125,-84.1833
3.5,0,0,125,-84.1863
3.525,0,0,125,-84.1891
3.55,0,0,125,-84.192
3.575,0,0,125,-84.1948
3.6,0,0,125,-84.1976
3.625,0,0,125,-84.2003
3.65,0,0,125,-84.2029
3.675,0,0,125,-84.2055
3.7,0,0,125,-84.208
3.725,0,0,125,-84.2104
3.75,0,0,125,-84.2128
3.775,0,0,125,-84.215
3.8,0,0,125,-84.2172
3.825,0,0,125,-84.2194
3.85,0,0,125,-84.2214
3.875,0,0,125,-84.2234
3.9,0,0,125,-84.2253
3.925,0,0,125,-84.2272
3.95,0,0,125,-84.229
3.975,0,0,125,-84.2307
4,0,0,125,-84.2324
4.025,0,0,125,-84.234
4.05,0,0,125,-84.2356
4.075,0,0,125,-84.2371
4.1,0,0,125,-84.2385
4.125,0,0,125,-84.2399
4.15,0,0,125,-84.2412
4.175,0,0,125,-84.2425
4.2,0,0,125,-84.2436
4.225,0,0,125,-84.2448
4.25,0,0,125,-84.2458
4.275,0,0,125,-84.2468
4.3,0,0,125,-84.2478
4.325,0,0,125,-84.2487
4.35,0,0,125,-84.2495
4.375,0,0,125,-84.2502
4.4,0,0,125,-84.2509
4.425,0,0,125,-84.2516
4.45,0,0,125,-84.2523
4.475,0,0,125,-84.2529
4.5,0,0,125,-84.2534
4.525,0,0,125,-84.2539
4.55,0,0,125,-84.2544
4.575,0,0,125,-84.2549
4.6,0,0,125,-84.2553
4.625,0,0,125,-84.2557
4.65,0,0,125,-84.256
4.675,0,0,125,-84.2563
4.7,0,0,125,-84.2565
4.725,0,0,125,-84.2568
4.75,0,0,125,-84.257
4.775,0,0,125,-84.2571
4.8,0,0,125,-84.2572
4.825,0,0,125,-84.2573
4.85,0,0,125,-84.2574
4.875,0,0,125,-84.2575
4.9,0,0,125,-84.2575
4.925,0,0,125,-84.2576
4.95,0,0,125,-84.2576
4.975,0,0,125,-84.2576
5,0,0,125,-84.2576
