0,0,0,125,-84.3196
0.025,0,0,125,-84.3197
0.05,0,0,125,-84.3199
0.075,0,0,125,-84.3201
0.1,0,0,125,-84.3204
0.125,0,0,125,-84.3207
0.15,0,0,125,-84.3211
0.175,0,0,125,-84.3214
0.2,0,0,125,-84.3218
0.225,0,0,125,-84.3222
0.25,0,0,125,-84.3226
0.275,0,0,125,-84.323
0.3,0,0,125,-84.3235
0.325,0,0,125,-84.3239
0.35,0,0,125,-84.3243
0.375,0,0,125,-84.3248
0.4,0,0,125,-84.3252
0.425,0,0,125,-84.3256
0.45,0,0,125,-84.326
0.475,0,0,125,-84.3264
0.5,0,0,125,-84.3268
0.525,0,0,125,-84.3272
0.55,0,0,125,-84.3275
0.575,0,0,125,-84.3279
0.6,0,0,125,-84.3282
0.625,0,0,125,-84.3286
0.65,0,0,125,-84.3289
0.675,0,0,125,-84.3292
0.7,0,0,125,-84.3295
0.725,0,0,125,-84.3298
0.75,0,0,125,-84.3301
0.775,0,0,125,-84.3304
0.8,0,0,125,-84.3307
0.825,0,0,125,-84.331
0.85,0,0,125,-84.3313
0.875,0,0,125,-84.3316
0.9,0,0,125,-84.3319
0.925,0,0,125,-84.3322
0.95,0,0,125,-84.3325
0.975,0,0,125,-84.3328
1,0,0,125,-84.3331
1.025,0,0,125,-84.3334
1.05,0,0,125,-84.3337
1.075,0,0,125,-84.3341
1.1,0,0,125,-84.3344
1.125,0,0,125,-84.3347
1.15,0,0,125,-84.3351
1.175,0,0,125,-84.3354
1.2,0,0,125,-84.3358
1.225,0,0,125,-84.3362
1.25,0,0,125,-84.3365
1.275,0,0,125,-84.3369
1.3,0,0,125,-84.3373
1.325,0,0,125,-84.3377
1.35,0,0,125,-84.3381
1.375,0,0,125,-84.3385
1.4,0,0,125,-84.3389
1.425,0,0,125,-84.3393
1.45,0,0,125,-84.3398
1.475,0,0,125,-84.3403
1.5,0,0,125,-84.3407
1.525,0,0,125,-84.3412
1.55,0,0,125,-84.3418
1.575,0,0,125,-84.3423
1.6,0,0,125,-84.3428
1.625,0,0,125,-84.3434
1.65,0,0,125,-84.344
1.675,0,0,125,-84.3446
1.7,0,0,125,-84.3452
1.725,0,0,125,-84.3458
1.75,0,0,125,-84.3464
1.775,0,0,125,-84.3471
1.8,0,0,125,-84.3477
1.825,0,0,125,-84.3484
1.85,0,0,125,-84.3491
1.875,0,0,125,-84.3498
1.9,0,0,125,-84.3505
1.925,0,0,125,-84.3513
1.95,0,0,125,-84.352
1.975,0,0,125,-84.3528
2,0,0,125,-84.3535
2.025,0,0,125,-84.3543
2.05,0,0,125,-84.3551
2.075,0,0,125,-84.3559
2.1,0,0,125,-84.3567
2.125,0,0,125,-84.3575
2.15,0,0,125,-84.3583
2.175,0,0,125,-84.3592
2.2,0,0,125,-84.36
2.225,0,0,125,-84.3609
2.25,0,0,125,-84.3618
2.275,0,0,125,-84.3627
2.3,0,0,125,-84.3637
2.325,0,0,125,-84.3646
2.35,0,0,125,-84.3656
2.375,0,0,125,-84.3666
2.4,0,0,125,-84.3677
2.425,0,0,125,-84.3687
2.45,0,0,125,-84.3698
2.475,0,0,125,-84.3709
2.5,0,0,125,-84.3721
2.525,0,0,125,-84.3732
2.55,0,0,125,-84.3744
2.575,0,0,125,-84.3756
2.6,0,0,125,-84.3768
2.625,0,0,125,-84.3781
2.65,0,0,125,-84.3793
2.675,0,0,125,-84.3806
2.7,0,0,125,-84.3818
2.725,0,0,125,-84.3831
2.75,0,0,125,-84.3843
2.775,0,0,125,-84.3856
2.8,0,0,125,-84.3869
2.825,0,0,125,-84.3882
2.85,0,0,125,-84.3895
2.875,0,0,125,-84.3908
2.9,0,0,125,-84.3922
2.925,0,0,125,-84.3935
2.95,0,0,125,-84.3949
2.975,0,0,125,-84.3962
3,0,0,125,-84.3976
3.025,0,0,125,-84.399
3.05,0,0,125,-84.4003
3.075,0,0,125,-84.4017
3.1,0,0,125,-84.4031
3.125,0,0,125,-84.4045
3.15,0,0,125,-84.4059
3.175,0,0,125,-84.4072
3.2,0,0,125,-84.4086
3.225,0,0,125,-84.4099
3.25,0,0,125,-84.4112
3.275,0,0,125,-84.4125
3.3,0,0,125,-84.4139
3.325,0,0,125,-84.4152
3.35,0,0,125,-84.4164
3.375,0,0,125,-84.4177
3.4,0,0,125,-84.419
3.425,0,0,125,-84.4203
3.45,0,0,125,-84.4215
3.475,0,0,125,-84.4227
3.5,0,0,125,-84.4239
3.525,0,0,125,-84.4251
3.55,0,0,125,-84.4263
3.575,0,0,125,-84.4274
3.6,0,0,125,-84.4285
3.625,0,0,125,-84.4296
3.65,0,0,125,-84.4307
3.675,0,0,125,-84.4317
3.7,0,0,125,-84.4327
3.725,0,0,125,-84.4336
3.75,0,0,125,-84.4346
3.775,0,0,125,-84.4355
3.8,0,0,125,-84.4363
3.825,0,0,125,-84.4372
3.85,0,0,125,-84.438
3.875,0,0,125,-84.4387
3.9,0,0,125,-84.4395
3.925,0,0,125,-84.4402
3.95,0,0,125,-84.4409
3.975,0,0,125,-84.4415
4,0,0,125,-84.4422
4.025,0,0,125,-84.4428
4.05,0,0,125,-84.4434
4.075,0,0,125,-84.4439
4.1,0,0,125,-84.4444
4.125,0,0,125,-84.4449
4.15,0,0,125,-84.4454
4.175,0,0,125,-84.4458
4.2,0,0,125,-84.4462
4.225,0,0,125,-84.4467
4.25,0,0,125,-84.4471
4.275,0,0,125,-84.4474
4.3,0,0,125,-84.4478
4.325,0,0,125,-84.4482
4.35,0,0,125,-84.4485
4.375,0,0,125,-84.4488
4.4,0,0,125,-84.4491
4.425,0,0,125,-84.4494
4.45,0,0,125,-84.4497
4.475,0,0,125,-84.45
4.5,0,0,125,-84.4502
4.525,0,0,125,-84.4505
4.55,0,0,125,-84.4507
4.575,0,0,125,-84.4509
4.6,0,0,125,-84.4511
4.625,0,0,125,-84.4513
4.65,0,0,125,-84.4514
4.675,0,0,125,-84.4515
4.7,0,0,125,-84.4517
4.725,0,0,125,-84.4518
4.75,0,0,125,-84.4519
4.775,0,0,125,-84.452
4.8,0,0,125,-84.452
4.825,0,0,125,-84.4521
4.85,0,0,125,-84.4521
4.875,0,0,125,-84.4521
4.9,0,0,125,-84.4521
4.925,0,0,125,-84.4521
4.95,0,0,125,-84.4521
4.975,0,0,125,-84.4521
5,0,0,125,-84.4521
