0,0,0,125,-46.5637
0.025,0,0,125,-46.5577
0.05,0,0,125,-46.5458
0.075,0,0,125,-46.5282
0.1,0,0,125,-46.5051
0.125,0,0,125,-46.4769
0.15,0,0,125,-46.444
0.175,0,0,125,-46.4065
0.2,0,0,125,-46.3649
0.225,0,0,125,-46.3192
0.25,0,0,125,-46.2696
0.275,0,0,125,-46.2163
0.3,0,0,125,-46.1594
0.325,0,0,125,-46.0991
0.35,0,0,125,-46.0354
0.375,0,0,125,-45.9686
0.4,0,0,125,-45.8987
0.425,0,0,125,-45.8259
0.45,0,0,125,-45.7503
0.475,0,0,125,-45.6721
0.5,0,0,125,-45.5912
0.525,0,0,125,-45.508
0.55,0,0,125,-45.4223
0.575,0,0,125,-45.3345
0.6,0,0,125,-45.2444
0.625,0,0,125,-45.1524
0.65,0,0,125,-45.0584
0.675,0,0,125,-44.9626
0.7,0,0,125,-44.865
0.725,0,0,125,-44.7658
0.75,0,0,125,-44.665
0.775,0,0,125,-44.5627
0.8,0,0,125,-44.459
0.825,0,0,125,-44.3539
0.85,0,0,125,-44.2476
0.875,0,0,125,-44.1401
0.9,0,0,125,-44.0315
0.925,0,0,125,-43.9219
0.95,0,0,125,-43.8112
0.975,0,0,125,-43.6997
1,0,0,125,-43.5873
1.025,0,0,125,-43.4741
1.05,0,0,125,-43.3601
1.075,0,0,125,-43.2455
1.1,0,0,125,-43.1302
1.125,0,0,125,-43.0144
1.15,0,0,125,-42.898
1.175,0,0,125,-42.7812
1.2,0,0,125,-42.6638
1.225,0,0,125,-42.5461
1.25,0,0,125,-42.428
1.275,0,0,125,-42.3096
1.3,0,0,125,-42.191
1.325,0,0,125,-42.072
1.35,0,0,125,-41.9529
1.375,0,0,125,-41.8335
1.4,0,0,125,-41.714
1.425,0,0,125,-41.5944
1.45,0,0,125,-41.4746
1.475,0,0,125,-41.3548
1.5,0,0,125,-41.235
1.525,0,0,125,-41.1151
1.55,0,0,125,-40.9952
1.575,0,0,125,-40.8753
1.6,0,0,125,-40.7555
1.625,0,0,125,-40.6357
1.65,0,0,125,-40.516
1.675,0,0,125,-40.3963
1.7,0,0,125,-40.2768
1.725,0,0,125,-40.1574
1.75,0,0,125,-40.0381
1.775,0,0,125,-39.919
1.8,0,0,125,-39.8001
1.825,0,0,125,-39.6813
1.85,0,0,125,-39.5626
1.875,0,0,125,-39.4442
1.9,0,0,125,-39.326
1.925,0,0,125,-39.208
1.95,0,0,125,-39.0902
1.975,0,0,125,-38.9726
2,0,0,125,-38.8552
2.025,0,0,125,-38.7381
2.05,0,0,125,-38.6212
2.075,0,0,125,-38.5046
2.1,0,0,125,-38.3883
2.125,0,0,125,-38.2721
2.15,0,0,125,-38.1563
2.175,0,0,125,-38.0407
2.2,0,0,125,-37.9254
2.225,0,0,125,-37.8103
2.25,0,0,125,-37.6956
2.275,0,0,125,-37.5811
2.3,0,0,125,-37.4669
2.325,0,0,125,-37.3529
2.35,0,0,125,-37.2393
2.375,0,0,125,-37.1259
2.4,0,0,125,-37.0129
2.425,0,0,125,-36.9001
2.45,0,0,125,-36.7876
2.475,0,0,125,-36.6754
2.5,0,0,125,-36.5635
2.525,0,0,125,-36.4519
2.55,0,0,125,-36.3405
2.575,0,0,125,-36.2295
2.6,0,0,125,-36.1188
2.625,0,0,125,-36.0084
2.65,0,0,125,-35.8982
2.675,0,0,125,-35.7884
2.7,0,0,125,-35.6789
2.725,0,0,125,-35.5696
2.75,0,0,125,-35.4607
2.775,0,0,125,-35.3521
2.8,0,0,125,-35.2437
2.825,0,0,125,-35.1357
2.85,0,0,125,-35.028
2.875,0,0,125,-34.9206
2.9,0,0,125,-34.8135
2.925,0,0,125,-34.7067
2.95,0,0,125,-34.6002
2.975,0,0,125,-34.494
3,0,0,125,-34.3882
3.025,0,0,125,-34.2826
3.05,0,0,125,-34.1774
3.075,0,0,125,-34.0725
3.1,0,0,125,-33.9679
3.125,0,0,125,-33.8637
3.15,0,0,125,-33.7597
3.175,0,0,125,-33.6562
3.2,0,0,125,-33.5529
3.225,0,0,125,-33.45
3.25,0,0,125,-33.3475
3.275,0,0,125,-33.2453
3.3,0,0,125,-33.1435
3.325,0,0,125,-33.042
3.35,0,0,125,-32.9409
3.375,0,0,125,-32.8402
3.4,0,0,125,-32.7399
3.425,0,0,125,-32.64
3.45,0,0,125,-32.5405
3.475,0,0,125,-32.4414
3.5,0,0,125,-32.3428
3.525,0,0,125,-32.2446
3.55,0,0,125,-32.1468
3.575,0,0,125,-32.0495
3.6,0,0,125,-31.9527
3.625,0,0,125,-31.8564
3.65,0,0,125,-31.7605
3.675,0,0,125,-31.6652
3.7,0,0,125,-31.5705
3.725,0,0,125,-31.4763
3.75,0,0,125,-31.3826
3.775,0,0,125,-31.2896
3.8,0,0,125,-31.1972
3.825,0,0,125,-31.1054
3.85,0,0,125,-31.0143
3.875,0,0,125,-30.9238
3.9,0,0,125,-30.8341
3.925,0,0,125,-30.7451
3.95,0,0,125,-30.6569
3.975,0,0,125,-30.5695
4,0,0,125,-30.4829
4.025,0,0,125,-30.3972
4.05,0,0,125,-30.3124
4.075,0,0,125,-30.2285
4.1,0,0,125,-30.1456
4.125,0,0,125,-30.0637
4.15,0,0,125,-29.9828
4.175,0,0,125,-29.9031
4.2,0,0,125,-29.8245
4.225,0,0,125,-29.747
4.25,0,0,125,-29.6709
4.275,0,0,125,-29.596
4.3,0,0,125,-29.5224
4.325,0,0,125,-29.4503
4.35,0,0,125,-29.3796
4.375,0,0,125,-29.3105
4.4,0,0,125,-29.243
4.425,0,0,125,-29.1771
4.45,0,0,125,-29.1129
4.475,0,0,125,-29.0506
4.5,0,0,125,-28.9901
4.525,0,0,125,-28.9316
4.55,0,0,125,-28.8752
4.575,0,0,125,-28.8208
4.6,0,0,125,-28.7687
4.625,0,0,125,-28.7188
4.65,0,0,125,-28.6714
4.675,0,0,125,-28.6264
4.7,0,0,125,-28.5841
4.725,0,0,125,-28.5444
4.75,0,0,125,-28.5074
4.775,0,0,125,-28.4734
4.8,0,0,125,-28.4423
4.825,0,0,125,-28.4143
4.85,0,0,125,-28.3895
4.875,0,0,125,-28.368
4.9,0,0,125,-28.3498
4.925,0,0,125,-28.3352
4.95,0,0,125,-28.3241
4.975,0,0,125,-28.3166
5,0,0,125,-28.3129
