0,0,0,125,-83.6889
0.025,0,0,125,-83.6892
0.05,0,0,125,-83.6897
0.075,0,0,125,-83.6905
0.1,0,0,125,-83.6914
0.125,0,0,125,-83.6925
0.15,0,0,125,-83.6937
0.175,0,0,125,-83.6949
0.2,0,0,125,-83.6961
0.225,0,0,125,-83.6974
0.25,0,0,125,-83.6986
0.275,0,0,125,-83.6999
0.3,0,0,125,-83.7011
0.325,0,0,125,-83.7024
0.35,0,0,125,-83.7036
0.375,0,0,125,-83.7048
0.4,0,0,125,-83.706
0.425,0,0,125,-83.7072
0.45,0,0,125,-83.7084
0.475,0,0,125,-83.7095
0.5,0,0,125,-83.7107
0.525,0,0,125,-83.7119
0.55,0,0,125,-83.713
0.575,0,0,125,-83.7141
0.6,0,0,125,-83.7153
0.625,0,0,125,-83.7164
0.65,0,0,125,-83.7175
0.675,0,0,125,-83.7186
0.7,0,0,125,-83.7196
0.725,0,0,125,-83.7207
0.75,0,0,125,-83.7218
0.775,0,0,125,-83.7228
0.8,0,0,125,-83.7238
0.825,0,0,125,-83.7249
0.85,0,0,125,-83.7259
0.875,0,0,125,-83.727
0.9,0,0,125,-83.7281
0.925,0,0,125,-83.7292
0.95,0,0,125,-83.7303
0.975,0,0,125,-83.7314
1,0,0,125,-83.7325
1.025,0,0,125,-83.7337
1.05,0,0,125,-83.7348
1.075,0,0,125,-83.736
1.1,0,0,125,-83.7372
1.125,0,0,125,-83.7384
1.15,0,0,125,-83.7396
1.175,0,0,125,-83.7408
1.2,0,0,125,-83.742
1.225,0,0,125,-83.7432
1.25,0,0,125,-83.7444
1.275,0,0,125,-83.7457
1.3,0,0,125,-83.7469
1.325,0,0,125,-83.7482
1.35,0,0,125,-83.7495
1.375,0,0,125,-83.7509
1.4,0,0,125,-83.7522
1.425,0,0,125,-83.7537
1.45,0,0,125,-83.7551
1.475,0,0,125,-83.7566
1.5,0,0,125,-83.7581
1.525,0,0,125,-83.7597
1.55,0,0,125,-83.7613
1.575,0,0,125,-83.7629
1.6,0,0,125,-83.7646
1.625,0,0,125,-83.7663
1.65,0,0,125,-83.768
1.675,0,0,125,-83.7698
1.7,0,0,125,-83.7716
1.725,0,0,125,-83.7734
1.75,0,0,125,-83.7753
1.775,0,0,125,-83.7772
1.8,0,0,125,-83.7792
1.825,0,0,125,-83.7812
1.85,0,0,125,-83.7832
1.875,0,0,125,-83.7854
1.9,0,0,125,-83.7875
1.925,0,0,125,-83.7898
1.95,0,0,125,-83.7921
1.975,0,0,125,-83.7945
2,0,0,125,-83.7969
2.025,0,0,125,-83.7994
2.05,0,0,125,-83.802
2.075,0,0,125,-83.8046
2.1,0,0,125,-83.8072
2.125,0,0,125,-83.81
2.15,0,0,125,-83.8128
2.175,0,0,125,-83.8156
2.2,0,0,125,-83.8186
2.225,0,0,125,-83.8216
2.25,0,0,125,-83.8246
2.275,0,0,125,-83.8278
2.3,0,0,125,-83.831
2.325,0,0,125,-83.8342
2.35,0,0,125,-83.8375
2.375,0,0,125,-83.8409
2.4,0,0,125,-83.8444
2.425,0,0,125,-83.8479
2.45,0,0,125,-83.8515
2.475,0,0,125,-83.8551
2.5,0,0,125,-83.8588
2.525,0,0,125,-83.8626
2.55,0,0,125,-83.8664
2.575,0,0,125,-83.8703
2.6,0,0,125,-83.8742
2.625,0,0,125,-83.8783
2.65,0,0,125,-83.8823
2.675,0,0,125,-83.8865
2.7,0,0,125,-83.8907
2.725,0,0,125,-83.8949
2.75,0,0,125,-83.8992
2.775,0,0,125,-83.9036
2.8,0,0,125,-83.908
2.825,0,0,125,-83.9125
2.85,0,0,125,-83.917
2.875,0,0,125,-83.9215
2.9,0,0,125,-83.9261
2.925,0,0,125,-83.9306
2.95,0,0,125,-83.9352
2.975,0,0,125,-83.9398
3,0,0,125,-83.9444
3.025,0,0,125,-83.949
3.05,0,0,125,-83.9536
3.075,0,0,125,-83.9582
3.1,0,0,125,-83.9628
3.125,0,0,125,-83.9674
3.15,0,0,125,-83.972
3.175,0,0,125,-83.9766
3.2,0,0,125,-83.9811
3.225,0,0,125,-83.9857
3.25,0,0,125,-83.9902
3.275,0,0,125,-83.9947
3.3,0,0,125,-83.9991
3.325,0,0,125,-84.0035
3.35,0,0,125,-84.0079
3.375,0,0,125,-84.0122
3.4,0,0,125,-84.0165
3.425,0,0,125,-84.0207
3.45,0,0,125,-84.0248
3.475,0,0,125,-84.0289
3.5,0,0,125,-84.0329
3.525,0,0,125,-84.0369
3.55,0,0,125,-84.0407
3.575,0,0,125,-84.0445
3.6,0,0,125,-84.0482
3.625,0,0,125,-84.0518
3.65,0,0,125,-84.0553
3.675,0,0,125,-84.0588
3.7,0,0,125,-84.0621
3.725,0,0,125,-84.0654
3.75,0,0,125,-84.0686
3.775,0,0,125,-84.0717
3.8,0,0,125,-84.0747
3.825,0,0,125,-84.0776
3.85,0,0,125,-84.0804
3.875,0,0,125,-84.0831
3.9,0,0,125,-84.0858
3.925,0,0,125,-84.0883
3.95,0,0,125,-84.0908
3.975,0,0,125,-84.0932
4,0,0,125,-84.0955
4.025,0,0,125,-84.0977
4.05,0,0,125,-84.0998
4.075,0,0,125,-84.1018
4.1,0,0,125,-84.1037
4.125,0,0,125,-84.1055
4.15,0,0,125,-84.1072
4.175,0,0,125,-84.1089
4.2,0,0,125,-84.1105
4.225,0,0,125,-84.112
4.25,0,0,125,-84.1134
4.275,0,0,125,-84.1148
4.3,0,0,125,-84.1161
4.325,0,0,125,-84.1173
4.35,0,0,125,-84.1185
4.375,0,0,125,-84.1196
4.4,0,0,125,-84.1207
4.425,0,0,125,-84.1216
4.45,0,0,125,-84.1225
4.475,0,0,125,-84.1234
4.5,0,0,125,-84.1242
4.525,0,0,125,-84.1249
4.55,0,0,125,-84.1256
4.575,0,0,125,-84.1262
4.6,0,0,125,-84.1267
4.625,0,0,125,-84.1272
4.65,0,0,125,-84.1276
4.675,0,0,125,-84.128
4.7,0,0,125,-84.1284
4.725,0,0,125,-84.1287
4.75,0,0,125,-84.129
4.775,0,0,125,-84.1292
4.8,0,0,125,-84.1294
4.825,0,0,125,-84.1296
4.85,0,0,125,-84.1297
4.875,0,0,125,-84.1298
4.9,0,0,125,-84.1299
4.925,0,0,125,-84.1299
4.95,0,0,125,-84.13
4.975,0,0,125,-84.13
5,0,0,125,-84.13
