0,0,0,125,-5.52506
0.025,0,0,125,-5.52613
0.05,0,0,125,-5.52834
0.075,0,0,125,-5.53184
0.1,0,0,125,-5.53687
0.125,0,0,125,-5.54375
0.15,0,0,125,-5.5528
0.175,0,0,125,-5.56434
0.2,0,0,125,-5.57857
0.225,0,0,125,-5.59563
0.25,0,0,125,-5.61559
0.275,0,0,125,-5.63848
0.3,0,0,125,-5.66429
0.325,0,0,125,-5.69295
0.35,0,0,125,-5.7244
0.375,0,0,125,-5.75853
0.4,0,0,125,-5.79523
0.425,0,0,125,-5.83437
0.45,0,0,125,-5.87582
0.475,0,0,125,-5.91945
0.5,0,0,125,-5.96513
0.525,0,0,125,-6.01272
0.55,0,0,125,-6.0621
0.575,0,0,125,-6.11313
0.6,0,0,125,-6.16572
0.625,0,0,125,-6.21973
0.65,0,0,125,-6.27509
0.675,0,0,125,-6.33168
0.7,0,0,125,-6.38942
0.725,0,0,125,-6.44824
0.75,0,0,125,-6.50806
0.775,0,0,125,-6.56883
0.8,0,0,125,-6.63049
0.825,0,0,125,-6.693
0.85,0,0,125,-6.75632
0.875,0,0,125,-6.82042
0.9,0,0,125,-6.88528
0.925,0,0,125,-6.95089
0.95,0,0,125,-7.01724
0.975,0,0,125,-7.08432
1,0,0,125,-7.15214
1.025,0,0,125,-7.22072
1.05,0,0,125,-7.29007
1.075,0,0,125,-7.3602
1.1,0,0,125,-7.43115
1.125,0,0,125,-7.50294
1.15,0,0,125,-7.57561
1.175,0,0,125,-7.6492
1.2,0,0,125,-7.72376
1.225,0,0,125,-7.79931
1.25,0,0,125,-7.87592
1.275,0,0,125,-7.95364
1.3,0,0,125,-8.03252
1.325,0,0,125,-8.11261
1.35,0,0,125,-8.19398
1.375,0,0,125,-8.27668
1.4,0,0,125,-8.36078
1.425,0,0,125,-8.44633
1.45,0,0,125,-8.53342
1.475,0,0,125,-8.6221
1.5,0,0,125,-8.71244
1.525,0,0,125,-8.80451
1.55,0,0,125,-8.89838
1.575,0,0,125,-8.99412
1.6,0,0,125,-9.09181
1.625,0,0,125,-9.19151
1.65,0,0,125,-9.2933
1.675,0,0,125,-9.39726
1.7,0,0,125,-9.50345
1.725,0,0,125,-9.61196
1.75,0,0,125,-9.72286
1.775,0,0,125,-9.83622
1.8,0,0,125,-9.95213
1.825,0,0,125,-10.0707
1.85,0,0,125,-10.1919
1.875,0,0,125,-10.3159
1.9,0,0,125,-10.4427
1.925,0,0,125,-10.5725
1.95,0,0,125,-10.7052
1.975,0,0,125,-10.8411
2,0,0,125,-10.9801
2.025,0,0,125,-11.1224
2.05,0,0,125,-11.2679
2.075,0,0,125,-11.4169
2.1,0,0,125,-11.5693
2.125,0,0,125,-11.7253
2.15,0,0,125,-11.8848
2.175,0,0,125,-12.0481
2.2,0,0,125,-12.2152
2.225,0,0,125,-12.386
2.25,0,0,125,-12.5608
2.275,0,0,125,-12.7396
2.3,0,0,125,-12.9223
2.325,0,0,125,-13.1092
2.35,0,0,125,-13.3003
2.375,0,0,125,-13.4956
2.4,0,0,125,-13.6952
2.425,0,0,125,-13.8991
2.45,0,0,125,-14.1074
2.475,0,0,125,-14.3201
2.5,0,0,125,-14.5373
2.525,0,0,125,-14.759
2.55,0,0,125,-14.9852
2.575,0,0,125,-15.216
2.6,0,0,125,-15.4513
2.625,0,0,125,-15.6913
2.65,0,0,125,-15.9358
2.675,0,0,125,-16.1849
2.7,0,0,125,-16.4386
2.725,0,0,125,-16.6968
2.75,0,0,125,-16.9596
2.775,0,0,125,-17.2268
2.8,0,0,125,-17.4984
2.825,0,0,125,-17.7744
2.85,0,0,125,-18.0547
2.875,0,0,125,-18.3391
2.9,0,0,125,-18.6277
2.925,0,0,125,-18.9202
2.95,0,0,125,-19.2165
2.975,0,0,125,-19.5166
3,0,0,125,-19.8202
3.025,0,0,125,-20.1271
3.05,0,0,125,-20.4373
3.075,0,0,125,-20.7504
3.1,0,0,125,-21.0663
3.125,0,0,125,-21.3846
3.15,0,0,125,-21.7053
3.175,0,0,125,-22.0279
3.2,0,0,125,-22.3522
3.225,0,0,125,-22.6779
3.25,0,0,125,-23.0047
3.275,0,0,125,-23.3322
3.3,0,0,125,-23.6601
3.325,0,0,125,-23.988
3.35,0,0,125,-24.3155
3.375,0,0,125,-24.6423
3.4,0,0,125,-24.9679
3.425,0,0,125,-25.2918
3.45,0,0,125,-25.6137
3.475,0,0,125,-25.933
3.5,0,0,125,-26.2494
3.525,0,0,125,-26.5623
3.55,0,0,125,-26.8713
3.575,0,0,125,-27.1758
3.6,0,0,125,-27.4754
3.625,0,0,125,-27.7696
3.65,0,0,125,-28.0578
3.675,0,0,125,-28.3395
3.7,0,0,125,-28.6143
3.725,0,0,125,-28.8815
3.75,0,0,125,-29.1408
3.775,0,0,125,-29.3916
3.8,0,0,125,-29.6334
3.825,0,0,125,-29.8657
3.85,0,0,125,-30.0881
3.875,0,0,125,-30.3001
3.9,0,0,125,-30.5012
3.925,0,0,125,-30.6911
3.95,0,0,125,-30.8693
3.975,0,0,125,-31.0355
4,0,0,125,-31.1893
4.025,0,0,125,-31.3304
4.05,0,0,125,-31.4586
4.075,0,0,125,-31.5736
4.1,0,0,125,-31.6752
4.125,0,0,125,-31.7633
4.15,0,0,125,-31.8378
4.175,0,0,125,-31.8987
4.2,0,0,125,-31.9459
4.225,0,0,125,-31.9795
4.25,0,0,125,-31.9996
4.275,0,0,125,-32.0065
4.3,0,0,125,-32.0003
4.325,0,0,125,-31.9815
4.35,0,0,125,-31.9503
4.375,0,0,125,-31.9073
4.4,0,0,125,-31.853
4.425,0,0,125,-31.788
4.45,0,0,125,-31.713
4.475,0,0,125,-31.6287
4.5,0,0,125,-31.5361
4.525,0,0,125,-31.4359
4.55,0,0,125,-31.3292
4.575,0,0,125,-31.2171
4.6,0,0,125,-31.1007
4.625,0,0,125,-30.9812
4.65,0,0,125,-30.8598
4.675,0,0,125,-30.738
4.7,0,0,125,-30.6172
4.725,0,0,125,-30.4988
4.75,0,0,125,-30.3843
4.775,0,0,125,-30.2753
4.8,0,0,125,-30.1734
4.825,0,0,125,-30.0802
4.85,0,0,125,-29.9973
4.875,0,0,125,-29.9256
4.9,0,0,125,-29.8661
4.925,0,0,125,-29.8187
4.95,0,0,125,-29.7833
4.975,0,0,125,-29.7598
5,0,0,125,-29.7481
