0,0,0,125,-29.0725
0.025,0,0,125,-29.0685
0.05,0,0,125,-29.0607
0.075,0,0,125,-29.0493
0.1,0,0,125,-29.0348
0.125,0,0,125,-29.0178
0.15,0,0,125,-28.9987
0.175,0,0,125,-28.978
0.2,0,0,125,-28.9562
0.225,0,0,125,-28.9334
0.25,0,0,125,-28.91
0.275,0,0,125,-28.8861
0.3,0,0,125,-28.8622
0.325,0,0,125,-28.8383
0.35,0,0,125,-28.8148
0.375,0,0,125,-28.7919
0.4,0,0,125,-28.7697
0.425,0,0,125,-28.7487
0.45,0,0,125,-28.7289
0.475,0,0,125,-28.7107
0.5,0,0,125,-28.6942
0.525,0,0,125,-28.6797
0.55,0,0,125,-28.6674
0.575,0,0,125,-28.6576
0.6,0,0,125,-28.6504
0.625,0,0,125,-28.6463
0.65,0,0,125,-28.6453
0.675,0,0,125,-28.6477
0.7,0,0,125,-28.6537
0.725,0,0,125,-28.6637
0.75,0,0,125,-28.6779
0.775,0,0,125,-28.6964
0.8,0,0,125,-28.7197
0.825,0,0,125,-28.7478
0.85,0,0,125,-28.7812
0.875,0,0,125,-28.8201
0.9,0,0,125,-28.8648
0.925,0,0,125,-28.9155
0.95,0,0,125,-28.9725
0.975,0,0,125,-29.0362
1,0,0,125,-29.1068
1.025,0,0,125,-29.1847
1.05,0,0,125,-29.2701
1.075,0,0,125,-29.3634
1.1,0,0,125,-29.465
1.125,0,0,125,-29.5752
1.15,0,0,125,-29.6942
1.175,0,0,125,-29.8226
1.2,0,0,125,-29.9606
1.225,0,0,125,-30.1087
1.25,0,0,125,-30.2672
1.275,0,0,125,-30.4365
1.3,0,0,125,-30.617
1.325,0,0,125,-30.8092
1.35,0,0,125,-31.0135
1.375,0,0,125,-31.2304
1.4,0,0,125,-31.4602
1.425,0,0,125,-31.7035
1.45,0,0,125,-31.9608
1.475,0,0,125,-32.2324
1.5,0,0,125,-32.519
1.525,0,0,125,-32.821
1.55,0,0,125,-33.139
1.575,0,0,125,-33.4735
1.6,0,0,125,-33.825
1.625,0,0,125,-34.1941
1.65,0,0,125,-34.5814
1.675,0,0,125,-34.9873
1.7,0,0,125,-35.4125
1.725,0,0,125,-35.8574
1.75,0,0,125,-36.3228
1.775,0,0,125,-36.809
1.8,0,0,125,-37.3166
1.825,0,0,125,-37.8462
1.85,0,0,125,-38.3982
1.875,0,0,125,-38.9731
1.9,0,0,125,-39.5712
1.925,0,0,125,-40.193
1.95,0,0,125,-40.8386
1.975,0,0,125,-41.5084
2,0,0,125,-42.2025
2.025,0,0,125,-42.9209
2.05,0,0,125,-43.6636
2.075,0,0,125,-44.4304
2.1,0,0,125,-45.2209
2.125,0,0,125,-46.0347
2.15,0,0,125,-46.8713
2.175,0,0,125,-47.7297
2.2,0,0,125,-48.6092
2.225,0,0,125,-49.5085
2.25,0,0,125,-50.4263
2.275,0,0,125,-51.3612
2.3,0,0,125,-52.3114
2.325,0,0,125,-53.2751
2.35,0,0,125,-54.2504
2.375,0,0,125,-55.2349
2.4,0,0,125,-56.2263
2.425,0,0,125,-57.2223
2.45,0,0,125,-58.2202
2.475,0,0,125,-59.2175
2.5,0,0,125,-60.2113
2.525,0,0,125,-61.199
2.55,0,0,125,-62.178
2.575,0,0,125,-63.1455
2.6,0,0,125,-64.0989
2.625,0,0,125,-65.0358
2.65,0,0,125,-65.9538
2.675,0,0,125,-66.8507
2.7,0,0,125,-67.7245
2.725,0,0,125,-68.5733
2.75,0,0,125,-69.3956
2.775,0,0,125,-70.19
2.8,0,0,125,-70.9554
2.825,0,0,125,-71.6907
2.85,0,0,125,-72.3954
2.875,0,0,125,-73.0691
2.9,0,0,125,-73.7114
2.925,0,0,125,-74.3224
2.95,0,0,125,-74.9022
2.975,0,0,125,-75.4513
3,0,0,125,-75.9701
3.025,0,0,125,-76.4594
3.05,0,0,125,-76.9199
3.075,0,0,125,-77.3525
3.1,0,0,125,-77.7581
3.125,0,0,125,-78.1379
3.15,0,0,125,-78.493
3.175,0,0,125,-78.8244
3.2,0,0,125,-79.1334
3.225,0,0,125,-79.421
3.25,0,0,125,-79.6885
3.275,0,0,125,-79.9371
3.3,0,0,125,-80.1677
3.325,0,0,125,-80.3816
3.35,0,0,125,-80.5798
3.375,0,0,125,-80.7633
3.4,0,0,125,-80.9331
3.425,0,0,125,-81.0901
3.45,0,0,125,-81.2353
3.475,0,0,125,-81.3694
3.5,0,0,125,-81.4933
3.525,0,0,125,-81.6078
3.55,0,0,125,-81.7134
3.575,0,0,125,-81.811
3.6,0,0,125,-81.901
3.625,0,0,125,-81.9842
3.65,0,0,125,-82.0609
3.675,0,0,125,-82.1318
3.7,0,0,125,-82.1972
3.725,0,0,125,-82.2576
3.75,0,0,125,-82.3133
3.775,0,0,125,-82.3648
3.8,0,0,125,-82.4124
3.825,0,0,125,-82.4564
3.85,0,0,125,-82.497
3.875,0,0,125,-82.5345
3.9,0,0,125,-82.5692
3.925,0,0,125,-82.6013
3.95,0,0,125,-82.631
3.975,0,0,125,-82.6585
4,0,0,125,-82.6839
4.025,0,0,125,-82.7074
4.05,0,0,125,-82.7291
4.075,0,0,125,-82.7492
4.1,0,0,125,-82.7678
4.125,0,0,125,-82.785
4.15,0,0,125,-82.801
4.175,0,0,125,-82.8157
4.2,0,0,125,-82.8293
4.225,0,0,125,-82.8419
4.25,0,0,125,-82.8536
4.275,0,0,125,-82.8643
4.3,0,0,125,-82.8743
4.325,0,0,125,-82.8834
4.35,0,0,125,-82.8919
4.375,0,0,125,-82.8997
4.4,0,0,125,-82.9068
4.425,0,0,125,-82.9134
4.45,0,0,125,-82.9195
4.475,0,0,125,-82.925
4.5,0,0,125,-82.9301
4.525,0,0,125,-82.9347
4.55,0,0,125,-82.9389
4.575,0,0,125,-82.9428
4.6,0,0,125,-82.9462
4.625,0,0,125,-82.9494
4.65,0,0,125,-82.9522
4.675,0,0,125,-82.9547
4.7,0,0,125,-82.9569
4.725,0,0,125,-82.9589
4.75,0,0,125,-82.9606
4.775,0,0,125,-82.9621
4.8,0,0,125,-82.9634
4.825,0,0,125,-82.9645
4.85,0,0,125,-82.9654
4.875,0,0,125,-82.966
4.9,0,0,125,-82.9666
4.925,0,0,125,-82.967
4.95,0,0,125,-82.9672
4.975,0,0,125,-82.9674
5,0,0,125,-82.9675
