0,0,0,125,-84.4661
0.025,0,0,125,-84.4661
0.05,0,0,125,-84.4662
0.075,0,0,125,-84.4663
0.1,0,0,125,-84.4664
0.125,0,0,125,-84.4666
0.15,0,0,125,-84.4667
0.175,0,0,125,-84.4668
0.2,0,0,125,-84.467
0.225,0,0,125,-84.4672
0.25,0,0,125,-84.4673
0.275,0,0,125,-84.4675
0.3,0,0,125,-84.4677
0.325,0,0,125,-84.4679
0.35,0,0,125,-84.4681
0.375,0,0,125,-84.4683
0.4,0,0,125,-84.4684
0.425,0,0,125,-84.4686
0.45,0,0,125,-84.4687
0.475,0,0,125,-84.4689
0.5,0,0,125,-84.469
0.525,0,0,125,-84.4692
0.55,0,0,125,-84.4693
0.575,0,0,125,-84.4694
0.6,0,0,125,-84.4696
0.625,0,0,125,-84.4697
0.65,0,0,125,-84.4698
0.675,0,0,125,-84.4699
0.7,0,0,125,-84.4701
0.725,0,0,125,-84.4702
0.75,0,0,125,-84.4703
0.775,0,0,125,-84.4704
0.8,0,0,125,-84.4706
0.825,0,0,125,-84.4707
0.85,0,0,125,-84.4708
0.875,0,0,125,-84.4709
0.9,0,0,125,-84.4711
0.925,0,0,125,-84.4712
0.95,0,0,125,-84.4713
0.975,0,0,125,-84.4715
1,0,0,125,-84.4716
1.025,0,0,125,-84.4717
1.05,0,0,125,-84.4719
1.075,0,0,125,-84.472
1.1,0,0,125,-84.4721
1.125,0,0,125,-84.4723
1.15,0,0,125,-84.4724
1.175,0,0,125,-84.4726
1.2,0,0,125,-84.4727
1.225,0,0,125,-84.4729
1.25,0,0,125,-84.473
1.275,0,0,125,-84.4732
1.3,0,0,125,-84.4734
1.325,0,0,125,-84.4735
1.35,0,0,125,-84.4737
1.375,0,0,125,-84.4739
1.4,0,0,125,-84.474
1.425,0,0,125,-84.4742
1.45,0,0,125,-84.4744
1.475,0,0,125,-84.4746
1.5,0,0,125,-84.4748
1.525,0,0,125,-84.475
1.55,0,0,125,-84.4751
1.575,0,0,125,-84.4753
1.6,0,0,125,-84.4755
1.625,0,0,125,-84.4757
1.65,0,0,125,-84.476
1.675,0,0,125,-84.4762
1.7,0,0,125,-84.4764
1.725,0,0,125,-84.4766
1.75,0,0,125,-84.4768
1.775,0,0,125,-84.4771
1.8,0,0,125,-84.4773
1.825,0,0,125,-84.4776
1.85,0,0,125,-84.4778
1.875,0,0,125,-84.4781
1.9,0,0,125,-84.4784
1.925,0,0,125,-84.4787
1.95,0,0,125,-84.479
1.975,0,0,125,-84.4793
2,0,0,125,-84.4796
2.025,0,0,125,-84.48
2.05,0,0,125,-84.4803
2.075,0,0,125,-84.4807
2.1,0,0,125,-84.481
2.125,0,0,125,-84.4814
2.15,0,0,125,-84.4818
2.175,0,0,125,-84.4822
2.2,0,0,125,-84.4826
2.225,0,0,125,-84.483
2.25,0,0,125,-84.4834
2.275,0,0,125,-84.4838
2.3,0,0,125,-84.4843
2.325,0,0,125,-84.4847
2.35,0,0,125,-84.4852
2.375,0,0,125,-84.4856
2.4,0,0,125,-84.4861
2.425,0,0,125,-84.4866
2.45,0,0,125,-84.4871
2.475,0,0,125,-84.4876
2.5,0,0,125,-84.4881
2.525,0,0,125,-84.4886
2.55,0,0,125,-84.4892
2.575,0,0,125,-84.4897
2.6,0,0,125,-84.4903
2.625,0,0,125,-84.4908
2.65,0,0,125,-84.4914
2.675,0,0,125,-84.492
2.7,0,0,125,-84.4926
2.725,0,0,125,-84.4932
2.75,0,0,125,-84.4938
2.775,0,0,125,-84.4944
2.8,0,0,125,-84.495
2.825,0,0,125,-84.4956
2.85,0,0,125,-84.4963
2.875,0,0,125,-84.4969
2.9,0,0,125,-84.4976
2.925,0,0,125,-84.4983
2.95,0,0,125,-84.499
2.975,0,0,125,-84.4996
3,0,0,125,-84.5003
3.025,0,0,125,-84.501
3.05,0,0,125,-84.5016
3.075,0,0,125,-84.5023
3.1,0,0,125,-84.5029
3.125,0,0,125,-84.5035
3.15,0,0,125,-84.5041
3.175,0,0,125,-84.5047
3.2,0,0,125,-84.5053
3.225,0,0,125,-84.5059
3.25,0,0,125,-84.5065
3.275,0,0,125,-84.507
3.3,0,0,125,-84.5076
3.325,0,0,125,-84.5081
3.35,0,0,125,-84.5087
3.375,0,0,125,-84.5092
3.4,0,0,125,-84.5097
3.425,0,0,125,-84.5102
3.45,0,0,125,-84.5107
3.475,0,0,125,-84.5112
3.5,0,0,125,-84.5117
3.525,0,0,125,-84.5121
3.55,0,0,125,-84.5126
3.575,0,0,125,-84.5131
3.6,0,0,125,-84.5135
3.625,0,0,125,-84.5139
3.65,0,0,125,-84.5143
3.675,0,0,125,-84.5148
3.7,0,0,125,-84.5152
3.725,0,0,125,-84.5155
3.75,0,0,125,-84.5159
3.775,0,0,125,-84.5163
3.8,0,0,125,-84.5167
3.825,0,0,125,-84.517
3.85,0,0,125,-84.5174
3.875,0,0,125,-84.5177
3.9,0,0,125,-84.518
3.925,0,0,125,-84.5183
3.95,0,0,125,-84.5186
3.975,0,0,125,-84.5189
4,0,0,125,-84.5192
4.025,0,0,125,-84.5195
4.05,0,0,125,-84.5198
4.075,0,0,125,-84.52
4.1,0,0,125,-84.5203
4.125,0,0,125,-84.5205
4.15,0,0,125,-84.5207
4.175,0,0,125,-84.5209
4.2,0,0,125,-84.5211
4.225,0,0,125,-84.5213
4.25,0,0,125,-84.5215
4.275,0,0,125,-84.5217
4.3,0,0,125,-84.5219
4.325,0,0,125,-84.522
4.35,0,0,125,-84.5222
4.375,0,0,125,-84.5223
4.4,0,0,125,-84.5224
4.425,0,0,125,-84.5225
4.45,0,0,125,-84.5226
4.475,0,0,125,-84.5227
4.5,0,0,125,-84.5228
4.525,0,0,125,-84.5229
4.55,0,0,125,-84.5229
4.575,0,0,125,-84.523
4.6,0,0,125,-84.523
4.625,0,0,125,-84.5231
4.65,0,0,125,-84.5231
4.675,0,0,125,-84.5231
4.7,0,0,125,-84.5231
4.725,0,0,125,-84.5232
4.75,0,0,125,-84.5232
4.775,0,0,125,-84.5232
4.8,0,0,125,-84.5232
4.825,0,0,125,-84.5232
4.85,0,0,125,-84.5231
4.875,0,0,125,-84.5231
4.9,0,0,125,-84.5231
4.925,0,0,125,-84.523
4.95,0,0,125,-84.523
4.975,0,0,125,-84.523
5,0,0,125,-84.523
