0,0,0,125,-83.1546
0.025,0,0,125,-83.155
0.05,0,0,125,-83.1558
0.075,0,0,125,-83.1569
0.1,0,0,125,-83.1583
0.125,0,0,125,-83.1599
0.15,0,0,125,-83.1616
0.175,0,0,125,-83.1635
0.2,0,0,125,-83.1653
0.225,0,0,125,-83.1672
0.25,0,0,125,-83.1691
0.275,0,0,125,-83.171
0.3,0,0,125,-83.1729
0.325,0,0,125,-83.1748
0.35,0,0,125,-83.1766
0.375,0,0,125,-83.1785
0.4,0,0,125,-83.1803
0.425,0,0,125,-83.182
0.45,0,0,125,-83.1838
0.475,0,0,125,-83.1855
0.5,0,0,125,-83.1872
0.525,0,0,125,-83.1888
0.55,0,0,125,-83.1905
0.575,0,0,125,-83.1921
0.6,0,0,125,-83.1937
0.625,0,0,125,-83.1953
0.65,0,0,125,-83.1969
0.675,0,0,125,-83.1985
0.7,0,0,125,-83.2001
0.725,0,0,125,-83.2016
0.75,0,0,125,-83.2032
0.775,0,0,125,-83.2047
0.8,0,0,125,-83.2062
0.825,0,0,125,-83.2078
0.85,0,0,125,-83.2093
0.875,0,0,125,-83.2109
0.9,0,0,125,-83.2124
0.925,0,0,125,-83.214
0.95,0,0,125,-83.2156
0.975,0,0,125,-83.2172
1,0,0,125,-83.2188
1.025,0,0,125,-83.2204
1.05,0,0,125,-83.2221
1.075,0,0,125,-83.2237
1.1,0,0,125,-83.2254
1.125,0,0,125,-83.227
1.15,0,0,125,-83.2288
1.175,0,0,125,-83.2305
1.2,0,0,125,-83.2323
1.225,0,0,125,-83.2341
1.25,0,0,125,-83.236
1.275,0,0,125,-83.2379
1.3,0,0,125,-83.2398
1.325,0,0,125,-83.2418
1.35,0,0,125,-83.2438
1.375,0,0,125,-83.2458
1.4,0,0,125,-83.2479
1.425,0,0,125,-83.25
1.45,0,0,125,-83.2521
1.475,0,0,125,-83.2543
1.5,0,0,125,-83.2565
1.525,0,0,125,-83.2588
1.55,0,0,125,-83.2611
1.575,0,0,125,-83.2635
1.6,0,0,125,-83.2659
1.625,0,0,125,-83.2684
1.65,0,0,125,-83.271
1.675,0,0,125,-83.2736
1.7,0,0,125,-83.2763
1.725,0,0,125,-83.279
1.75,0,0,125,-83.2818
1.775,0,0,125,-83.2847
1.8,0,0,125,-83.2876
1.825,0,0,125,-83.2906
1.85,0,0,125,-83.2937
1.875,0,0,125,-83.2969
1.9,0,0,125,-83.3001
1.925,0,0,125,-83.3034
1.95,0,0,125,-83.3067
1.975,0,0,125,-83.3102
2,0,0,125,-83.3137
2.025,0,0,125,-83.3173
2.05,0,0,125,-83.321
2.075,0,0,125,-83.3248
2.1,0,0,125,-83.3287
2.125,0,0,125,-83.3327
2.15,0,0,125,-83.3368
2.175,0,0,125,-83.341
2.2,0,0,125,-83.3453
2.225,0,0,125,-83.3497
2.25,0,0,125,-83.3542
2.275,0,0,125,-83.3589
2.3,0,0,125,-83.3636
2.325,0,0,125,-83.3685
2.35,0,0,125,-83.3735
2.375,0,0,125,-83.3785
2.4,0,0,125,-83.3837
2.425,0,0,125,-83.389
2.45,0,0,125,-83.3944
2.475,0,0,125,-83.4
2.5,0,0,125,-83.4056
2.525,0,0,125,-83.4113
2.55,0,0,125,-83.4172
2.575,0,0,125,-83.4232
2.6,0,0,125,-83.4292
2.625,0,0,125,-83.4354
2.65,0,0,125,-83.4416
2.675,0,0,125,-83.4479
2.7,0,0,125,-83.4544
2.725,0,0,125,-83.4609
2.75,0,0,125,-83.4675
2.775,0,0,125,-83.4741
2.8,0,0,125,-83.4809
2.825,0,0,125,-83.4877
2.85,0,0,125,-83.4945
2.875,0,0,125,-83.5014
2.9,0,0,125,-83.5084
2.925,0,0,125,-83.5154
2.95,0,0,125,-83.5225
2.975,0,0,125,-83.5295
3,0,0,125,-83.5367
3.025,0,0,125,-83.5438
3.05,0,0,125,-83.551
3.075,0,0,125,-83.5582
3.1,0,0,125,-83.5653
3.125,0,0,125,-83.5725
3.15,0,0,125,-83.5796
3.175,0,0,125,-83.5867
3.2,0,0,125,-83.5938
3.225,0,0,125,-83.6008
3.25,0,0,125,-83.6078
3.275,0,0,125,-83.6148
3.3,0,0,125,-83.6217
3.325,0,0,125,-83.6285
3.35,0,0,125,-83.6353
3.375,0,0,125,-83.642
3.4,0,0,125,-83.6486
3.425,0,0,125,-83.6552
3.45,0,0,125,-83.6617
3.475,0,0,125,-83.668
3.5,0,0,125,-83.6743
3.525,0,0,125,-83.6805
3.55,0,0,125,-83.6865
3.575,0,0,125,-83.6925
3.6,0,0,125,-83.6983
3.625,0,0,125,-83.704
3.65,0,0,125,-83.7096
3.675,0,0,125,-83.715
3.7,0,0,125,-83.7203
3.725,0,0,125,-83.7254
3.75,0,0,125,-83.7304
3.775,0,0,125,-83.7353
3.8,0,0,125,-83.74
3.825,0,0,125,-83.7446
3.85,0,0,125,-83.7491
3.875,0,0,125,-83.7534
3.9,0,0,125,-83.7576
3.925,0,0,125,-83.7616
3.95,0,0,125,-83.7655
3.975,0,0,125,-83.7693
4,0,0,125,-83.7729
4.025,0,0,125,-83.7764
4.05,0,0,125,-83.7797
4.075,0,0,125,-83.7829
4.1,0,0,125,-83.786
4.125,0,0,125,-83.7889
4.15,0,0,125,-83.7917
4.175,0,0,125,-83.7944
4.2,0,0,125,-83.797
4.225,0,0,125,-83.7994
4.25,0,0,125,-83.8018
4.275,0,0,125,-83.804
4.3,0,0,125,-83.8061
4.325,0,0,125,-83.808
4.35,0,0,125,-83.8099
4.375,0,0,125,-83.8116
4.4,0,0,125,-83.8133
4.425,0,0,125,-83.8148
4.45,0,0,125,-83.8162
4.475,0,0,125,-83.8175
4.5,0,0,125,-83.8187
4.525,0,0,125,-83.8198
4.55,0,0,125,-83.8208
4.575,0,0,125,-83.8218
4.6,0,0,125,-83.8226
4.625,0,0,125,-83.8234
4.65,0,0,125,-83.8241
4.675,0,0,125,-83.8247
4.7,0,0,125,-83.8253
4.725,0,0,125,-83.8257
4.75,0,0,125,-83.8262
4.775,0,0,125,-83.8265
4.8,0,0,125,-83.8268
4.825,0,0,125,-83.827
4.85,0,0,125,-83.8272
4.875,0,0,125,-83.8274
4.9,0,0,125,-83.8275
4.925,0,0,125,-83.8275
4.95,0,0,125,-83.8275
4.975,0,0,125,-83.8276
5,0,0,125,-83.8276
