0,0,0,125,-84.3517
0.025,0,0,125,-84.3518
0.05,0,0,125,-84.3519
0.075,0,0,125,-84.3521
0.1,0,0,125,-84.3523
0.125,0,0,125,-84.3526
0.15,0,0,125,-84.3529
0.175,0,0,125,-84.3532
0.2,0,0,125,-84.3535
0.225,0,0,125,-84.3538
0.25,0,0,125,-84.3542
0.275,0,0,125,-84.3545
0.3,0,0,125,-84.3549
0.325,0,0,125,-84.3552
0.35,0,0,125,-84.3556
0.375,0,0,125,-84.356
0.4,0,0,125,-84.3563
0.425,0,0,125,-84.3566
0.45,0,0,125,-84.3569
0.475,0,0,125,-84.3573
0.5,0,0,125,-84.3575
0.525,0,0,125,-84.3578
0.55,0,0,125,-84.3581
0.575,0,0,125,-84.3584
0.6,0,0,125,-84.3587
0.625,0,0,125,-84.3589
0.65,0,0,125,-84.3592
0.675,0,0,125,-84.3594
0.7,0,0,125,-84.3597
0.725,0,0,125,-84.36
0.75,0,0,125,-84.3602
0.775,0,0,125,-84.3605
0.8,0,0,125,-84.3607
0.825,0,0,125,-84.361
0.85,0,0,125,-84.3612
0.875,0,0,125,-84.3615
0.9,0,0,125,-84.3617
0.925,0,0,125,-84.362
0.95,0,0,125,-84.3623
0.975,0,0,125,-84.3625
1,0,0,125,-84.3628
1.025,0,0,125,-84.3631
1.05,0,0,125,-84.3634
1.075,0,0,125,-84.3637
1.1,0,0,125,-84.364
1.125,0,0,125,-84.3643
1.15,0,0,125,-84.3646
1.175,0,0,125,-84.3649
1.2,0,0,125,-84.3653
1.225,0,0,125,-84.3656
1.25,0,0,125,-84.366
1.275,0,0,125,-84.3663
1.3,0,0,125,-84.3667
1.325,0,0,125,-84.3671
1.35,0,0,125,-84.3675
1.375,0,0,125,-84.3679
1.4,0,0,125,-84.3683
1.425,0,0,125,-84.3687
1.45,0,0,125,-84.3692
1.475,0,0,125,-84.3696
1.5,0,0,125,-84.3701
1.525,0,0,125,-84.3705
1.55,0,0,125,-84.371
1.575,0,0,125,-84.3715
1.6,0,0,125,-84.372
1.625,0,0,125,-84.3725
1.65,0,0,125,-84.373
1.675,0,0,125,-84.3735
1.7,0,0,125,-84.374
1.725,0,0,125,-84.3746
1.75,0,0,125,-84.3751
1.775,0,0,125,-84.3757
1.8,0,0,125,-84.3763
1.825,0,0,125,-84.3768
1.85,0,0,125,-84.3774
1.875,0,0,125,-84.378
1.9,0,0,125,-84.3786
1.925,0,0,125,-84.3792
1.95,0,0,125,-84.3799
1.975,0,0,125,-84.3805
2,0,0,125,-84.3811
2.025,0,0,125,-84.3818
2.05,0,0,125,-84.3825
2.075,0,0,125,-84.3831
2.1,0,0,125,-84.3838
2.125,0,0,125,-84.3845
2.15,0,0,125,-84.3852
2.175,0,0,125,-84.3859
2.2,0,0,125,-84.3867
2.225,0,0,125,-84.3874
2.25,0,0,125,-84.3882
2.275,0,0,125,-84.389
2.3,0,0,125,-84.3899
2.325,0,0,125,-84.3907
2.35,0,0,125,-84.3916
2.375,0,0,125,-84.3925
2.4,0,0,125,-84.3934
2.425,0,0,125,-84.3944
2.45,0,0,125,-84.3953
2.475,0,0,125,-84.3963
2.5,0,0,125,-84.3973
2.525,0,0,125,-84.3984
2.55,0,0,125,-84.3994
2.575,0,0,125,-84.4004
2.6,0,0,125,-84.4015
2.625,0,0,125,-84.4026
2.65,0,0,125,-84.4037
2.675,0,0,125,-84.4048
2.7,0,0,125,-84.4059
2.725,0,0,125,-84.4071
2.75,0,0,125,-84.4083
2.775,0,0,125,-84.4094
2.8,0,0,125,-84.4106
2.825,0,0,125,-84.4119
2.85,0,0,125,-84.4131
2.875,0,0,125,-84.4143
2.9,0,0,125,-84.4156
2.925,0,0,125,-84.4168
2.95,0,0,125,-84.418
2.975,0,0,125,-84.4192
3,0,0,125,-84.4205
3.025,0,0,125,-84.4217
3.05,0,0,125,-84.4228
3.075,0,0,125,-84.424
3.1,0,0,125,-84.4252
3.125,0,0,125,-84.4264
3.15,0,0,125,-84.4275
3.175,0,0,125,-84.4287
3.2,0,0,125,-84.4298
3.225,0,0,125,-84.4309
3.25,0,0,125,-84.432
3.275,0,0,125,-84.4331
3.3,0,0,125,-84.4342
3.325,0,0,125,-84.4353
3.35,0,0,125,-84.4364
3.375,0,0,125,-84.4374
3.4,0,0,125,-84.4385
3.425,0,0,125,-84.4395
3.45,0,0,125,-84.4405
3.475,0,0,125,-84.4415
3.5,0,0,125,-84.4425
3.525,0,0,125,-84.4435
3.55,0,0,125,-84.4445
3.575,0,0,125,-84.4454
3.6,0,0,125,-84.4463
3.625,0,0,125,-84.4473
3.65,0,0,125,-84.4482
3.675,0,0,125,-84.4491
3.7,0,0,125,-84.4499
3.725,0,0,125,-84.4508
3.75,0,0,125,-84.4516
3.775,0,0,125,-84.4524
3.8,0,0,125,-84.4531
3.825,0,0,125,-84.4538
3.85,0,0,125,-84.4545
3.875,0,0,125,-84.4552
3.9,0,0,125,-84.4559
3.925,0,0,125,-84.4565
3.95,0,0,125,-84.4571
3.975,0,0,125,-84.4577
4,0,0,125,-84.4582
4.025,0,0,125,-84.4587
4.05,0,0,125,-84.4593
4.075,0,0,125,-84.4597
4.1,0,0,125,-84.4602
4.125,0,0,125,-84.4607
4.15,0,0,125,-84.4611
4.175,0,0,125,-84.4615
4.2,0,0,125,-84.4619
4.225,0,0,125,-84.4623
4.25,0,0,125,-84.4627
4.275,0,0,125,-84.4631
4.3,0,0,125,-84.4634
4.325,0,0,125,-84.4638
4.35,0,0,125,-84.4641
4.375,0,0,125,-84.4644
4.4,0,0,125,-84.4647
4.425,0,0,125,-84.4649
4.45,0,0,125,-84.4652
4.475,0,0,125,-84.4655
4.5,0,0,125,-84.4657
4.525,0,0,125,-84.4659
4.55,0,0,125,-84.4661
4.575,0,0,125,-84.4663
4.6,0,0,125,-84.4664
4.625,0,0,125,-84.4666
4.65,0,0,125,-84.4667
4.675,0,0,125,-84.4669
4.7,0,0,125,-84.467
4.725,0,0,125,-84.4671
4.75,0,0,125,-84.4671
4.775,0,0,125,-84.4672
4.8,0,0,125,-84.4673
4.825,0,0,125,-84.4673
4.85,0,0,125,-84.4673
4.875,0,0,125,-84.4673
4.9,0,0,125,-84.4673
4.925,0,0,125,-84.4673
4.95,0,0,125,-84.4672
4.975,0,0,125,-84.4672
5,0,0,125,-84.4672
