0,0,0,125,-84.4488
0.025,0,0,125,-84.4488
0.05,0,0,125,-84.4489
0.075,0,0,125,-84.449
0.1,0,0,125,-84.4491
0.125,0,0,125,-84.4493
0.15,0,0,125,-84.4495
0.175,0,0,125,-84.4496
0.2,0,0,125,-84.4498
0.225,0,0,125,-84.45
0.25,0,0,125,-84.4502
0.275,0,0,125,-84.4505
0.3,0,0,125,-84.4507
0.325,0,0,125,-84.4509
0.35,0,0,125,-84.4511
0.375,0,0,125,-84.4513
0.4,0,0,125,-84.4515
0.425,0,0,125,-84.4517
0.45,0,0,125,-84.4519
0.475,0,0,125,-84.4521
0.5,0,0,125,-84.4522
0.525,0,0,125,-84.4524
0.55,0,0,125,-84.4525
0.575,0,0,125,-84.4527
0.6,0,0,125,-84.4528
0.625,0,0,125,-84.453
0.65,0,0,125,-84.4531
0.675,0,0,125,-84.4533
0.7,0,0,125,-84.4534
0.725,0,0,125,-84.4536
0.75,0,0,125,-84.4537
0.775,0,0,125,-84.4539
0.8,0,0,125,-84.454
0.825,0,0,125,-84.4542
0.85,0,0,125,-84.4543
0.875,0,0,125,-84.4545
0.9,0,0,125,-84.4546
0.925,0,0,125,-84.4547
0.95,0,0,125,-84.4549
0.975,0,0,125,-84.455
1,0,0,125,-84.4552
1.025,0,0,125,-84.4554
1.05,0,0,125,-84.4555
1.075,0,0,125,-84.4557
1.1,0,0,125,-84.4558
1.125,0,0,125,-84.456
1.15,0,0,125,-84.4562
1.175,0,0,125,-84.4564
1.2,0,0,125,-84.4565
1.225,0,0,125,-84.4567
1.25,0,0,125,-84.4569
1.275,0,0,125,-84.4571
1.3,0,0,125,-84.4573
1.325,0,0,125,-84.4575
1.35,0,0,125,-84.4577
1.375,0,0,125,-84.4578
1.4,0,0,125,-84.4581
1.425,0,0,125,-84.4583
1.45,0,0,125,-84.4585
1.475,0,0,125,-84.4587
1.5,0,0,125,-84.4589
1.525,0,0,125,-84.4591
1.55,0,0,125,-84.4594
1.575,0,0,125,-84.4596
1.6,0,0,125,-84.4598
1.625,0,0,125,-84.4601
1.65,0,0,125,-84.4603
1.675,0,0,125,-84.4606
1.7,0,0,125,-84.4608
1.725,0,0,125,-84.4611
1.75,0,0,125,-84.4613
1.775,0,0,125,-84.4616
1.8,0,0,125,-84.4619
1.825,0,0,125,-84.4622
1.85,0,0,125,-84.4625
1.875,0,0,125,-84.4628
1.9,0,0,125,-84.4631
1.925,0,0,125,-84.4634
1.95,0,0,125,-84.4638
1.975,0,0,125,-84.4641
2,0,0,125,-84.4645
2.025,0,0,125,-84.4649
2.05,0,0,125,-84.4652
2.075,0,0,125,-84.4656
2.1,0,0,125,-84.466
2.125,0,0,125,-84.4664
2.15,0,0,125,-84.4668
2.175,0,0,125,-84.4673
2.2,0,0,125,-84.4677
2.225,0,0,125,-84.4682
2.25,0,0,125,-84.4686
2.275,0,0,125,-84.4691
2.3,0,0,125,-84.4695
2.325,0,0,125,-84.47
2.35,0,0,125,-84.4705
2.375,0,0,125,-84.471
2.4,0,0,125,-84.4715
2.425,0,0,125,-84.472
2.45,0,0,125,-84.4726
2.475,0,0,125,-84.4731
2.5,0,0,125,-84.4737
2.525,0,0,125,-84.4742
2.55,0,0,125,-84.4748
2.575,0,0,125,-84.4754
2.6,0,0,125,-84.476
2.625,0,0,125,-84.4766
2.65,0,0,125,-84.4772
2.675,0,0,125,-84.4778
2.7,0,0,125,-84.4784
2.725,0,0,125,-84.479
2.75,0,0,125,-84.4797
2.775,0,0,125,-84.4803
2.8,0,0,125,-84.481
2.825,0,0,125,-84.4817
2.85,0,0,125,-84.4824
2.875,0,0,125,-84.4831
2.9,0,0,125,-84.4838
2.925,0,0,125,-84.4845
2.95,0,0,125,-84.4852
2.975,0,0,125,-84.4859
3,0,0,125,-84.4867
3.025,0,0,125,-84.4874
3.05,0,0,125,-84.4881
3.075,0,0,125,-84.4889
3.1,0,0,125,-84.4896
3.125,0,0,125,-84.4903
3.15,0,0,125,-84.491
3.175,0,0,125,-84.4917
3.2,0,0,125,-84.4924
3.225,0,0,125,-84.4931
3.25,0,0,125,-84.4938
3.275,0,0,125,-84.4944
3.3,0,0,125,-84.4951
3.325,0,0,125,-84.4957
3.35,0,0,125,-84.4963
3.375,0,0,125,-84.497
3.4,0,0,125,-84.4976
3.425,0,0,125,-84.4982
3.45,0,0,125,-84.4988
3.475,0,0,125,-84.4994
3.5,0,0,125,-84.4999
3.525,0,0,125,-84.5005
3.55,0,0,125,-84.5011
3.575,0,0,125,-84.5016
3.6,0,0,125,-84.5021
3.625,0,0,125,-84.5027
3.65,0,0,125,-84.5032
3.675,0,0,125,-84.5037
3.7,0,0,125,-84.5041
3.725,0,0,125,-84.5046
3.75,0,0,125,-84.5051
3.775,0,0,125,-84.5055
3.8,0,0,125,-84.5059
3.825,0,0,125,-84.5064
3.85,0,0,125,-84.5068
3.875,0,0,125,-84.5072
3.9,0,0,125,-84.5076
3.925,0,0,125,-84.5079
3.95,0,0,125,-84.5083
3.975,0,0,125,-84.5087
4,0,0,125,-84.509
4.025,0,0,125,-84.5094
4.05,0,0,125,-84.5097
4.075,0,0,125,-84.51
4.1,0,0,125,-84.5103
4.125,0,0,125,-84.5106
4.15,0,0,125,-84.5109
4.175,0,0,125,-84.5112
4.2,0,0,125,-84.5115
4.225,0,0,125,-84.5117
4.25,0,0,125,-84.512
4.275,0,0,125,-84.5122
4.3,0,0,125,-84.5124
4.325,0,0,125,-84.5126
4.35,0,0,125,-84.5129
4.375,0,0,125,-84.5131
4.4,0,0,125,-84.5132
4.425,0,0,125,-84.5134
4.45,0,0,125,-84.5136
4.475,0,0,125,-84.5137
4.5,0,0,125,-84.5139
4.525,0,0,125,-84.514
4.55,0,0,125,-84.5141
4.575,0,0,125,-84.5143
4.6,0,0,125,-84.5144
4.625,0,0,125,-84.5145
4.65,0,0,125,-84.5146
4.675,0,0,125,-84.5146
4.7,0,0,125,-84.5147
4.725,0,0,125,-84.5148
4.75,0,0,125,-84.5148
4.775,0,0,125,-84.5148
4.8,0,0,125,-84.5149
4.825,0,0,125,-84.5149
4.85,0,0,125,-84.5149
4.875,0,0,125,-84.5149
4.9,0,0,125,-84.5149
4.925,0,0,125,-84.5148
4.95,0,0,125,-84.5148
4.975,0,0,125,-84.5148
5,0,0,125,-84.5148
