0,0,0,125,-2.90473
0.025,0,0,125,-2.90054
0.05,0,0,125,-2.8923
0.075,0,0,125,-2.88034
0.1,0,0,125,-2.86516
0.125,0,0,125,-2.84732
0.15,0,0,125,-2.82738
0.175,0,0,125,-2.80582
0.2,0,0,125,-2.78295
0.225,0,0,125,-2.75901
0.25,0,0,125,-2.7342
0.275,0,0,125,-2.7087
0.3,0,0,125,-2.68268
0.325,0,0,125,-2.65629
0.35,0,0,125,-2.62967
0.375,0,0,125,-2.60298
0.4,0,0,125,-2.57635
0.425,0,0,125,-2.5499
0.45,0,0,125,-2.52375
0.475,0,0,125,-2.49803
0.5,0,0,125,-2.47284
0.525,0,0,125,-2.4483
0.55,0,0,125,-2.42451
0.575,0,0,125,-2.40157
0.6,0,0,125,-2.37959
0.625,0,0,125,-2.35865
0.65,0,0,125,-2.33885
0.675,0,0,125,-2.32029
0.7,0,0,125,-2.30306
0.725,0,0,125,-2.28726
0.75,0,0,125,-2.27297
0.775,0,0,125,-2.26029
0.8,0,0,125,-2.2493
0.825,0,0,125,-2.24011
0.85,0,0,125,-2.2328
0.875,0,0,125,-2.22748
0.9,0,0,125,-2.22423
0.925,0,0,125,-2.22316
0.95,0,0,125,-2.22436
0.975,0,0,125,-2.22793
1,0,0,125,-2.23397
1.025,0,0,125,-2.24258
1.05,0,0,125,-2.25387
1.075,0,0,125,-2.26793
1.1,0,0,125,-2.2849
1.125,0,0,125,-2.30486
1.15,0,0,125,-2.32794
1.175,0,0,125,-2.35425
1.2,0,0,125,-2.3839
1.225,0,0,125,-2.41703
1.25,0,0,125,-2.45374
1.275,0,0,125,-2.49417
1.3,0,0,125,-2.53843
1.325,0,0,125,-2.58667
1.35,0,0,125,-2.639
1.375,0,0,125,-2.69558
1.4,0,0,125,-2.75652
1.425,0,0,125,-2.82196
1.45,0,0,125,-2.89205
1.475,0,0,125,-2.96692
1.5,0,0,125,-3.04671
1.525,0,0,125,-3.13156
1.55,0,0,125,-3.22162
1.575,0,0,125,-3.31703
1.6,0,0,125,-3.41794
1.625,0,0,125,-3.5245
1.65,0,0,125,-3.63685
1.675,0,0,125,-3.75514
1.7,0,0,125,-3.87953
1.725,0,0,125,-4.01017
1.75,0,0,125,-4.14722
1.775,0,0,125,-4.29082
1.8,0,0,125,-4.44116
1.825,0,0,125,-4.59838
1.85,0,0,125,-4.76267
1.875,0,0,125,-4.93419
1.9,0,0,125,-5.11312
1.925,0,0,125,-5.29967
1.95,0,0,125,-5.494
1.975,0,0,125,-5.69634
2,0,0,125,-5.90688
2.025,0,0,125,-6.12586
2.05,0,0,125,-6.35348
2.075,0,0,125,-6.59001
2.1,0,0,125,-6.83567
2.125,0,0,125,-7.09075
2.15,0,0,125,-7.3555
2.175,0,0,125,-7.63023
2.2,0,0,125,-7.91522
2.225,0,0,125,-8.21079
2.25,0,0,125,-8.51726
2.275,0,0,125,-8.83498
2.3,0,0,125,-9.1643
2.325,0,0,125,-9.50559
2.35,0,0,125,-9.85921
2.375,0,0,125,-10.2256
2.4,0,0,125,-10.6051
2.425,0,0,125,-10.9981
2.45,0,0,125,-11.4052
2.475,0,0,125,-11.8266
2.5,0,0,125,-12.2629
2.525,0,0,125,-12.7145
2.55,0,0,125,-13.1818
2.575,0,0,125,-13.6654
2.6,0,0,125,-14.1656
2.625,0,0,125,-14.6829
2.65,0,0,125,-15.2177
2.675,0,0,125,-15.7706
2.7,0,0,125,-16.3418
2.725,0,0,125,-16.9319
2.75,0,0,125,-17.5413
2.775,0,0,125,-18.1702
2.8,0,0,125,-18.8191
2.825,0,0,125,-19.4884
2.85,0,0,125,-20.1783
2.875,0,0,125,-20.8891
2.9,0,0,125,-21.6211
2.925,0,0,125,-22.3744
2.95,0,0,125,-23.1494
2.975,0,0,125,-23.9462
3,0,0,125,-24.7649
3.025,0,0,125,-25.6056
3.05,0,0,125,-26.4684
3.075,0,0,125,-27.3533
3.1,0,0,125,-28.2604
3.125,0,0,125,-29.1897
3.15,0,0,125,-30.141
3.175,0,0,125,-31.1142
3.2,0,0,125,-32.1092
3.225,0,0,125,-33.1256
3.25,0,0,125,-34.1633
3.275,0,0,125,-35.2215
3.3,0,0,125,-36.2998
3.325,0,0,125,-37.3975
3.35,0,0,125,-38.5134
3.375,0,0,125,-39.6465
3.4,0,0,125,-40.7955
3.425,0,0,125,-41.9587
3.45,0,0,125,-43.1343
3.475,0,0,125,-44.3204
3.5,0,0,125,-45.5145
3.525,0,0,125,-46.7144
3.55,0,0,125,-47.9173
3.575,0,0,125,-49.1204
3.6,0,0,125,-50.3209
3.625,0,0,125,-51.5158
3.65,0,0,125,-52.7021
3.675,0,0,125,-53.8767
3.7,0,0,125,-55.0368
3.725,0,0,125,-56.1794
3.75,0,0,125,-57.3019
3.775,0,0,125,-58.4016
3.8,0,0,125,-59.4762
3.825,0,0,125,-60.5234
3.85,0,0,125,-61.5415
3.875,0,0,125,-62.5286
3.9,0,0,125,-63.4834
3.925,0,0,125,-64.4047
3.95,0,0,125,-65.2916
3.975,0,0,125,-66.1436
4,0,0,125,-66.9601
4.025,0,0,125,-67.741
4.05,0,0,125,-68.4863
4.075,0,0,125,-69.1964
4.1,0,0,125,-69.8715
4.125,0,0,125,-70.5123
4.15,0,0,125,-71.1195
4.175,0,0,125,-71.6939
4.2,0,0,125,-72.2364
4.225,0,0,125,-72.7479
4.25,0,0,125,-73.2296
4.275,0,0,125,-73.6824
4.3,0,0,125,-74.1077
4.325,0,0,125,-74.5064
4.35,0,0,125,-74.8797
4.375,0,0,125,-75.2289
4.4,0,0,125,-75.5549
4.425,0,0,125,-75.8589
4.45,0,0,125,-76.142
4.475,0,0,125,-76.4052
4.5,0,0,125,-76.6495
4.525,0,0,125,-76.8759
4.55,0,0,125,-77.0854
4.575,0,0,125,-77.2787
4.6,0,0,125,-77.4568
4.625,0,0,125,-77.6204
4.65,0,0,125,-77.7702
4.675,0,0,125,-77.907
4.7,0,0,125,-78.0314
4.725,0,0,125,-78.144
4.75,0,0,125,-78.2452
4.775,0,0,125,-78.3357
4.8,0,0,125,-78.4159
4.825,0,0,125,-78.4862
4.85,0,0,125,-78.5469
4.875,0,0,125,-78.5983
4.9,0,0,125,-78.6407
4.925,0,0,125,-78.6744
4.95,0,0,125,-78.6995
4.975,0,0,125,-78.7162
5,0,0,125,-78.7245
