0,0,0,125,-9.91014
0.025,0,0,125,-9.90623
0.05,0,0,125,-9.89854
0.075,0,0,125,-9.88729
0.1,0,0,125,-9.8728
0.125,0,0,125,-9.85547
0.15,0,0,125,-9.83566
0.175,0,0,125,-9.8137
0.2,0,0,125,-9.78978
0.225,0,0,125,-9.76404
0.25,0,0,125,-9.73661
0.275,0,0,125,-9.70758
0.3,0,0,125,-9.67705
0.325,0,0,125,-9.64512
0.35,0,0,125,-9.61187
0.375,0,0,125,-9.57738
0.4,0,0,125,-9.54173
0.425,0,0,125,-9.50498
0.45,0,0,125,-9.46722
0.475,0,0,125,-9.42851
0.5,0,0,125,-9.3889
0.525,0,0,125,-9.34845
0.55,0,0,125,-9.3072
0.575,0,0,125,-9.26522
0.6,0,0,125,-9.22254
0.625,0,0,125,-9.17922
0.65,0,0,125,-9.13529
0.675,0,0,125,-9.0908
0.7,0,0,125,-9.04578
0.725,0,0,125,-9.00028
0.75,0,0,125,-8.95431
0.775,0,0,125,-8.90792
0.8,0,0,125,-8.86113
0.825,0,0,125,-8.81396
0.85,0,0,125,-8.76645
0.875,0,0,125,-8.71862
0.9,0,0,125,-8.67049
0.925,0,0,125,-8.62209
0.95,0,0,125,-8.57344
0.975,0,0,125,-8.52456
1,0,0,125,-8.47547
1.025,0,0,125,-8.42617
1.05,0,0,125,-8.37671
1.075,0,0,125,-8.32707
1.1,0,0,125,-8.2773
1.125,0,0,125,-8.22739
1.15,0,0,125,-8.17736
1.175,0,0,125,-8.12722
1.2,0,0,125,-8.07699
1.225,0,0,125,-8.02668
1.25,0,0,125,-7.9763
1.275,0,0,125,-7.92586
1.3,0,0,125,-7.87536
1.325,0,0,125,-7.82483
1.35,0,0,125,-7.77425
1.375,0,0,125,-7.72366
1.4,0,0,125,-7.67304
1.425,0,0,125,-7.6224
1.45,0,0,125,-7.57176
1.475,0,0,125,-7.52112
1.5,0,0,125,-7.47048
1.525,0,0,125,-7.41985
1.55,0,0,125,-7.36923
1.575,0,0,125,-7.31863
1.6,0,0,125,-7.26805
1.625,0,0,125,-7.2175
1.65,0,0,125,-7.16698
1.675,0,0,125,-7.1165
1.7,0,0,125,-7.06605
1.725,0,0,125,-7.01564
1.75,0,0,125,-6.96527
1.775,0,0,125,-6.91496
1.8,0,0,125,-6.86469
1.825,0,0,125,-6.81447
1.85,0,0,125,-6.7643
1.875,0,0,125,-6.71419
1.9,0,0,125,-6.66414
1.925,0,0,125,-6.61414
1.95,0,0,125,-6.56421
1.975,0,0,125,-6.51433
2,0,0,125,-6.46452
2.025,0,0,125,-6.41478
2.05,0,0,125,-6.3651
2.075,0,0,125,-6.31549
2.1,0,0,125,-6.26595
2.125,0,0,125,-6.21647
2.15,0,0,125,-6.16707
2.175,0,0,125,-6.11774
2.2,0,0,125,-6.06848
2.225,0,0,125,-6.01929
2.25,0,0,125,-5.97017
2.275,0,0,125,-5.92113
2.3,0,0,125,-5.87216
2.325,0,0,125,-5.82327
2.35,0,0,125,-5.77446
2.375,0,0,125,-5.72571
2.4,0,0,125,-5.67705
2.425,0,0,125,-5.62846
2.45,0,0,125,-5.57995
2.475,0,0,125,-5.53151
2.5,0,0,125,-5.48316
2.525,0,0,125,-5.43488
2.55,0,0,125,-5.38668
2.575,0,0,125,-5.33855
2.6,0,0,125,-5.29051
2.625,0,0,125,-5.24255
2.65,0,0,125,-5.19466
2.675,0,0,125,-5.14686
2.7,0,0,125,-5.09913
2.725,0,0,125,-5.05149
2.75,0,0,125,-5.00392
2.775,0,0,125,-4.95644
2.8,0,0,125,-4.90904
2.825,0,0,125,-4.86172
2.85,0,0,125,-4.81449
2.875,0,0,125,-4.76733
2.9,0,0,125,-4.72025
2.925,0,0,125,-4.67326
2.95,0,0,125,-4.62635
2.975,0,0,125,-4.57951
3,0,0,125,-4.53276
3.025,0,0,125,-4.4861
3.05,0,0,125,-4.43951
3.075,0,0,125,-4.39301
3.1,0,0,125,-4.34659
3.125,0,0,125,-4.30026
3.15,0,0,125,-4.25401
3.175,0,0,125,-4.20785
3.2,0,0,125,-4.16177
3.225,0,0,125,-4.11578
3.25,0,0,125,-4.06988
3.275,0,0,125,-4.02406
3.3,0,0,125,-3.97834
3.325,0,0,125,-3.93271
3.35,0,0,125,-3.88718
3.375,0,0,125,-3.84173
3.4,0,0,125,-3.79639
3.425,0,0,125,-3.75114
3.45,0,0,125,-3.70599
3.475,0,0,125,-3.66095
3.5,0,0,125,-3.61601
3.525,0,0,125,-3.57118
3.55,0,0,125,-3.52645
3.575,0,0,125,-3.48184
3.6,0,0,125,-3.43735
3.625,0,0,125,-3.39297
3.65,0,0,125,-3.34872
3.675,0,0,125,-3.3046
3.7,0,0,125,-3.26061
3.725,0,0,125,-3.21676
3.75,0,0,125,-3.17304
3.775,0,0,125,-3.12948
3.8,0,0,125,-3.08607
3.825,0,0,125,-3.04283
3.85,0,0,125,-2.99975
3.875,0,0,125,-2.95684
3.9,0,0,125,-2.91413
3.925,0,0,125,-2.8716
3.95,0,0,125,-2.82929
3.975,0,0,125,-2.78718
4,0,0,125,-2.74531
4.025,0,0,125,-2.70367
4.05,0,0,125,-2.66228
4.075,0,0,125,-2.62115
4.1,0,0,125,-2.58029
4.125,0,0,125,-2.53973
4.15,0,0,125,-2.49948
4.175,0,0,125,-2.45955
4.2,0,0,125,-2.41997
4.225,0,0,125,-2.38076
4.25,0,0,125,-2.34194
4.275,0,0,125,-2.30355
4.3,0,0,125,-2.2656
4.325,0,0,125,-2.22812
4.35,0,0,125,-2.19116
4.375,0,0,125,-2.15473
4.4,0,0,125,-2.11888
4.425,0,0,125,-2.08365
4.45,0,0,125,-2.04908
4.475,0,0,125,-2.01521
4.5,0,0,125,-1.98209
4.525,0,0,125,-1.94977
4.55,0,0,125,-1.91831
4.575,0,0,125,-1.88776
4.6,0,0,125,-1.85818
4.625,0,0,125,-1.82965
4.65,0,0,125,-1.80222
4.675,0,0,125,-1.77598
4.7,0,0,125,-1.751
4.725,0,0,125,-1.72737
4.75,0,0,125,-1.70516
4.775,0,0,125,-1.68448
4.8,0,0,125,-1.6654
4.825,0,0,125,-1.64804
4.85,0,0,125,-1.63249
4.875,0,0,125,-1.61886
4.9,0,0,125,-1.60727
4.925,0,0,125,-1.59782
4.95,0,0,125,-1.59062
4.975,0,0,125,-1.58576
5,0,0,125,-1.58331
