0,0,0,125,-84.3285
0.025,0,0,125,-84.3285
0.05,0,0,125,-84.3286
0.075,0,0,125,-84.3288
0.1,0,0,125,-84.3291
0.125,0,0,125,-84.3294
0.15,0,0,125,-84.3297
0.175,0,0,125,-84.3301
0.2,0,0,125,-84.3304
0.225,0,0,125,-84.3308
0.25,0,0,125,-84.3312
0.275,0,0,125,-84.3316
0.3,0,0,125,-84.3321
0.325,0,0,125,-84.3325
0.35,0,0,125,-84.3329
0.375,0,0,125,-84.3333
0.4,0,0,125,-84.3336
0.425,0,0,125,-84.334
0.45,0,0,125,-84.3344
0.475,0,0,125,-84.3347
0.5,0,0,125,-84.3351
0.525,0,0,125,-84.3354
0.55,0,0,125,-84.3357
0.575,0,0,125,-84.336
0.6,0,0,125,-84.3363
0.625,0,0,125,-84.3366
0.65,0,0,125,-84.3369
0.675,0,0,125,-84.3372
0.7,0,0,125,-84.3375
0.725,0,0,125,-84.3378
0.75,0,0,125,-84.338
0.775,0,0,125,-84.3383
0.8,0,0,125,-84.3386
0.825,0,0,125,-84.3389
0.85,0,0,125,-84.3392
0.875,0,0,125,-84.3394
0.9,0,0,125,-84.3397
0.925,0,0,125,-84.34
0.95,0,0,125,-84.3403
0.975,0,0,125,-84.3406
1,0,0,125,-84.3409
1.025,0,0,125,-84.3412
1.05,0,0,125,-84.3415
1.075,0,0,125,-84.3418
1.1,0,0,125,-84.3422
1.125,0,0,125,-84.3425
1.15,0,0,125,-84.3428
1.175,0,0,125,-84.3432
1.2,0,0,125,-84.3435
1.225,0,0,125,-84.3439
1.25,0,0,125,-84.3442
1.275,0,0,125,-84.3446
1.3,0,0,125,-84.345
1.325,0,0,125,-84.3453
1.35,0,0,125,-84.3457
1.375,0,0,125,-84.3461
1.4,0,0,125,-84.3466
1.425,0,0,125,-84.347
1.45,0,0,125,-84.3475
1.475,0,0,125,-84.3479
1.5,0,0,125,-84.3484
1.525,0,0,125,-84.3489
1.55,0,0,125,-84.3494
1.575,0,0,125,-84.35
1.6,0,0,125,-84.3505
1.625,0,0,125,-84.3511
1.65,0,0,125,-84.3516
1.675,0,0,125,-84.3522
1.7,0,0,125,-84.3528
1.725,0,0,125,-84.3534
1.75,0,0,125,-84.3541
1.775,0,0,125,-84.3547
1.8,0,0,125,-84.3553
1.825,0,0,125,-84.356
1.85,0,0,125,-84.3567
1.875,0,0,125,-84.3573
1.9,0,0,125,-84.358
1.925,0,0,125,-84.3587
1.95,0,0,125,-84.3594
1.975,0,0,125,-84.3601
2,0,0,125,-84.3608
2.025,0,0,125,-84.3616
2.05,0,0,125,-84.3623
2.075,0,0,125,-84.3631
2.1,0,0,125,-84.3638
2.125,0,0,125,-84.3646
2.15,0,0,125,-84.3654
2.175,0,0,125,-84.3662
2.2,0,0,125,-84.367
2.225,0,0,125,-84.3679
2.25,0,0,125,-84.3687
2.275,0,0,125,-84.3696
2.3,0,0,125,-84.3705
2.325,0,0,125,-84.3715
2.35,0,0,125,-84.3724
2.375,0,0,125,-84.3734
2.4,0,0,125,-84.3744
2.425,0,0,125,-84.3755
2.45,0,0,125,-84.3765
2.475,0,0,125,-84.3776
2.5,0,0,125,-84.3787
2.525,0,0,125,-84.3798
2.55,0,0,125,-84.381
2.575,0,0,125,-84.3821
2.6,0,0,125,-84.3833
2.625,0,0,125,-84.3845
2.65,0,0,125,-84.3857
2.675,0,0,125,-84.387
2.7,0,0,125,-84.3882
2.725,0,0,125,-84.3894
2.75,0,0,125,-84.3907
2.775,0,0,125,-84.3919
2.8,0,0,125,-84.3932
2.825,0,0,125,-84.3945
2.85,0,0,125,-84.3958
2.875,0,0,125,-84.3971
2.9,0,0,125,-84.3984
2.925,0,0,125,-84.3997
2.95,0,0,125,-84.401
2.975,0,0,125,-84.4024
3,0,0,125,-84.4037
3.025,0,0,125,-84.405
3.05,0,0,125,-84.4064
3.075,0,0,125,-84.4077
3.1,0,0,125,-84.409
3.125,0,0,125,-84.4103
3.15,0,0,125,-84.4116
3.175,0,0,125,-84.4129
3.2,0,0,125,-84.4142
3.225,0,0,125,-84.4155
3.25,0,0,125,-84.4167
3.275,0,0,125,-84.418
3.3,0,0,125,-84.4192
3.325,0,0,125,-84.4204
3.35,0,0,125,-84.4217
3.375,0,0,125,-84.4229
3.4,0,0,125,-84.4241
3.425,0,0,125,-84.4253
3.45,0,0,125,-84.4264
3.475,0,0,125,-84.4276
3.5,0,0,125,-84.4288
3.525,0,0,125,-84.4299
3.55,0,0,125,-84.431
3.575,0,0,125,-84.4321
3.6,0,0,125,-84.4332
3.625,0,0,125,-84.4342
3.65,0,0,125,-84.4353
3.675,0,0,125,-84.4362
3.7,0,0,125,-84.4372
3.725,0,0,125,-84.4381
3.75,0,0,125,-84.439
3.775,0,0,125,-84.4399
3.8,0,0,125,-84.4407
3.825,0,0,125,-84.4415
3.85,0,0,125,-84.4423
3.875,0,0,125,-84.4431
3.9,0,0,125,-84.4438
3.925,0,0,125,-84.4445
3.95,0,0,125,-84.4452
3.975,0,0,125,-84.4458
4,0,0,125,-84.4464
4.025,0,0,125,-84.447
4.05,0,0,125,-84.4475
4.075,0,0,125,-84.4481
4.1,0,0,125,-84.4486
4.125,0,0,125,-84.449
4.15,0,0,125,-84.4495
4.175,0,0,125,-84.4499
4.2,0,0,125,-84.4503
4.225,0,0,125,-84.4508
4.25,0,0,125,-84.4512
4.275,0,0,125,-84.4515
4.3,0,0,125,-84.4519
4.325,0,0,125,-84.4522
4.35,0,0,125,-84.4526
4.375,0,0,125,-84.4529
4.4,0,0,125,-84.4532
4.425,0,0,125,-84.4535
4.45,0,0,125,-84.4538
4.475,0,0,125,-84.454
4.5,0,0,125,-84.4543
4.525,0,0,125,-84.4545
4.55,0,0,125,-84.4547
4.575,0,0,125,-84.4549
4.6,0,0,125,-84.4551
4.625,0,0,125,-84.4552
4.65,0,0,125,-84.4554
4.675,0,0,125,-84.4555
4.7,0,0,125,-84.4557
4.725,0,0,125,-84.4558
4.75,0,0,125,-84.4559
4.775,0,0,125,-84.4559
4.8,0,0,125,-84.456
4.825,0,0,125,-84.4561
4.85,0,0,125,-84.4561
4.875,0,0,125,-84.4561
4.9,0,0,125,-84.4561
4.925,0,0,125,-84.4561
4.95,0,0,125,-84.4561
4.975,0,0,125,-84.456
5,0,0,125,-84.456
