0,0,0,125,-54.0886
0.025,0,0,125,-54.0913
0.05,0,0,125,-54.0967
0.075,0,0,125,-54.1048
0.1,0,0,125,-54.1155
0.125,0,0,125,-54.1284
0.15,0,0,125,-54.1428
0.175,0,0,125,-54.1564
0.2,0,0,125,-54.1665
0.225,0,0,125,-54.1696
0.25,0,0,125,-54.1623
0.275,0,0,125,-54.1416
0.3,0,0,125,-54.1045
0.325,0,0,125,-54.0484
0.35,0,0,125,-53.9709
0.375,0,0,125,-53.8699
0.4,0,0,125,-53.7435
0.425,0,0,125,-53.59
0.45,0,0,125,-53.4081
0.475,0,0,125,-53.1965
0.5,0,0,125,-52.9542
0.525,0,0,125,-52.6803
0.55,0,0,125,-52.3744
0.575,0,0,125,-52.0358
0.6,0,0,125,-51.6644
0.625,0,0,125,-51.26
0.65,0,0,125,-50.8228
0.675,0,0,125,-50.3529
0.7,0,0,125,-49.8509
0.725,0,0,125,-49.3173
0.75,0,0,125,-48.7527
0.775,0,0,125,-48.1581
0.8,0,0,125,-47.5345
0.825,0,0,125,-46.8829
0.85,0,0,125,-46.2047
0.875,0,0,125,-45.5011
0.9,0,0,125,-44.7736
0.925,0,0,125,-44.0238
0.95,0,0,125,-43.2533
0.975,0,0,125,-42.4637
1,0,0,125,-41.6567
1.025,0,0,125,-40.8341
1.05,0,0,125,-39.9975
1.075,0,0,125,-39.1489
1.1,0,0,125,-38.2897
1.125,0,0,125,-37.4219
1.15,0,0,125,-36.547
1.175,0,0,125,-35.6668
1.2,0,0,125,-34.7826
1.225,0,0,125,-33.8962
1.25,0,0,125,-33.0089
1.275,0,0,125,-32.1222
1.3,0,0,125,-31.2374
1.325,0,0,125,-30.3558
1.35,0,0,125,-29.4786
1.375,0,0,125,-28.6069
1.4,0,0,125,-27.742
1.425,0,0,125,-26.8849
1.45,0,0,125,-26.0366
1.475,0,0,125,-25.198
1.5,0,0,125,-24.37
1.525,0,0,125,-23.5535
1.55,0,0,125,-22.7492
1.575,0,0,125,-21.958
1.6,0,0,125,-21.1803
1.625,0,0,125,-20.4169
1.65,0,0,125,-19.6683
1.675,0,0,125,-18.9348
1.7,0,0,125,-18.2169
1.725,0,0,125,-17.515
1.75,0,0,125,-16.8293
1.775,0,0,125,-16.1599
1.8,0,0,125,-15.5072
1.825,0,0,125,-14.871
1.85,0,0,125,-14.2516
1.875,0,0,125,-13.6489
1.9,0,0,125,-13.0627
1.925,0,0,125,-12.4932
1.95,0,0,125,-11.94
1.975,0,0,125,-11.403
2,0,0,125,-10.8821
2.025,0,0,125,-10.377
2.05,0,0,125,-9.8875
2.075,0,0,125,-9.4133
2.1,0,0,125,-8.95411
2.125,0,0,125,-8.50965
2.15,0,0,125,-8.07961
2.175,0,0,125,-7.66367
2.2,0,0,125,-7.2615
2.225,0,0,125,-6.87278
2.25,0,0,125,-6.49718
2.275,0,0,125,-6.13436
2.3,0,0,125,-5.78399
2.325,0,0,125,-5.44574
2.35,0,0,125,-5.11929
2.375,0,0,125,-4.8043
2.4,0,0,125,-4.50046
2.425,0,0,125,-4.20745
2.45,0,0,125,-3.92497
2.475,0,0,125,-3.65272
2.5,0,0,125,-3.39039
2.525,0,0,125,-3.13772
2.55,0,0,125,-2.8944
2.575,0,0,125,-2.66018
2.6,0,0,125,-2.43478
2.625,0,0,125,-2.21795
2.65,0,0,125,-2.00945
2.675,0,0,125,-1.80902
2.7,0,0,125,-1.61644
2.725,0,0,125,-1.43147
2.75,0,0,125,-1.2539
2.775,0,0,125,-1.08351
2.8,0,0,125,-0.920097
2.825,0,0,125,-0.763461
2.85,0,0,125,-0.613407
2.875,0,0,125,-0.469746
2.9,0,0,125,-0.332295
2.925,0,0,125,-0.200878
2.95,0,0,125,-0.0753208
2.975,0,0,125,0.0445432
3,0,0,125,0.158877
3.025,0,0,125,0.26784
3.05,0,0,125,0.371588
3.075,0,0,125,0.47027
3.1,0,0,125,0.564036
3.125,0,0,125,0.65303
3.15,0,0,125,0.737395
3.175,0,0,125,0.81727
3.2,0,0,125,0.892793
3.225,0,0,125,0.964099
3.25,0,0,125,1.03132
3.275,0,0,125,1.09459
3.3,0,0,125,1.15404
3.325,0,0,125,1.2098
3.35,0,0,125,1.26199
3.375,0,0,125,1.31075
3.4,0,0,125,1.35621
3.425,0,0,125,1.39848
3.45,0,0,125,1.43769
3.475,0,0,125,1.47398
3.5,0,0,125,1.50747
3.525,0,0,125,1.53828
3.55,0,0,125,1.56654
3.575,0,0,125,1.59238
3.6,0,0,125,1.61593
3.625,0,0,125,1.6373
3.65,0,0,125,1.65663
3.675,0,0,125,1.67404
3.7,0,0,125,1.68966
3.725,0,0,125,1.70361
3.75,0,0,125,1.71602
3.775,0,0,125,1.72701
3.8,0,0,125,1.7367
3.825,0,0,125,1.74521
3.85,0,0,125,1.75267
3.875,0,0,125,1.75917
3.9,0,0,125,1.76485
3.925,0,0,125,1.76979
3.95,0,0,125,1.77412
3.975,0,0,125,1.77794
4,0,0,125,1.78132
4.025,0,0,125,1.78438
4.05,0,0,125,1.78718
4.075,0,0,125,1.7898
4.1,0,0,125,1.79232
4.125,0,0,125,1.79479
4.15,0,0,125,1.79727
4.175,0,0,125,1.79979
4.2,0,0,125,1.80239
4.225,0,0,125,1.8051
4.25,0,0,125,1.80792
4.275,0,0,125,1.81085
4.3,0,0,125,1.81389
4.325,0,0,125,1.81701
4.35,0,0,125,1.82019
4.375,0,0,125,1.82337
4.4,0,0,125,1.8265
4.425,0,0,125,1.82952
4.45,0,0,125,1.83236
4.475,0,0,125,1.83493
4.5,0,0,125,1.83715
4.525,0,0,125,1.83893
4.55,0,0,125,1.84016
4.575,0,0,125,1.84074
4.6,0,0,125,1.8406
4.625,0,0,125,1.83963
4.65,0,0,125,1.83776
4.675,0,0,125,1.83494
4.7,0,0,125,1.83112
4.725,0,0,125,1.8263
4.75,0,0,125,1.82052
4.775,0,0,125,1.81383
4.8,0,0,125,1.80639
4.825,0,0,125,1.79839
4.85,0,0,125,1.79009
4.875,0,0,125,1.78184
4.9,0,0,125,1.77406
4.925,0,0,125,1.76721
4.95,0,0,125,1.76169
4.975,0,0,125,1.75784
5,0,0,125,1.75587
