0,0,0,125,-83.4924
0.025,0,0,125,-83.4928
0.05,0,0,125,-83.4936
0.075,0,0,125,-83.4948
0.1,0,0,125,-83.4962
0.125,0,0,125,-83.4978
0.15,0,0,125,-83.4996
0.175,0,0,125,-83.5014
0.2,0,0,125,-83.5033
0.225,0,0,125,-83.5051
0.25,0,0,125,-83.5069
0.275,0,0,125,-83.5086
0.3,0,0,125,-83.5102
0.325,0,0,125,-83.5118
0.35,0,0,125,-83.5132
0.375,0,0,125,-83.5145
0.4,0,0,125,-83.5157
0.425,0,0,125,-83.5167
0.45,0,0,125,-83.5176
0.475,0,0,125,-83.5183
0.5,0,0,125,-83.5189
0.525,0,0,125,-83.5193
0.55,0,0,125,-83.5195
0.575,0,0,125,-83.5195
0.6,0,0,125,-83.5194
0.625,0,0,125,-83.519
0.65,0,0,125,-83.5184
0.675,0,0,125,-83.5176
0.7,0,0,125,-83.5166
0.725,0,0,125,-83.5154
0.75,0,0,125,-83.5139
0.775,0,0,125,-83.5122
0.8,0,0,125,-83.5103
0.825,0,0,125,-83.5081
0.85,0,0,125,-83.5057
0.875,0,0,125,-83.503
0.9,0,0,125,-83.5
0.925,0,0,125,-83.4968
0.95,0,0,125,-83.4933
0.975,0,0,125,-83.4895
1,0,0,125,-83.4854
1.025,0,0,125,-83.4811
1.05,0,0,125,-83.4764
1.075,0,0,125,-83.4714
1.1,0,0,125,-83.4662
1.125,0,0,125,-83.4606
1.15,0,0,125,-83.4547
1.175,0,0,125,-83.4485
1.2,0,0,125,-83.4419
1.225,0,0,125,-83.4351
1.25,0,0,125,-83.4279
1.275,0,0,125,-83.4203
1.3,0,0,125,-83.4124
1.325,0,0,125,-83.4042
1.35,0,0,125,-83.3956
1.375,0,0,125,-83.3867
1.4,0,0,125,-83.3774
1.425,0,0,125,-83.3677
1.45,0,0,125,-83.3577
1.475,0,0,125,-83.3473
1.5,0,0,125,-83.3366
1.525,0,0,125,-83.3255
1.55,0,0,125,-83.3141
1.575,0,0,125,-83.3022
1.6,0,0,125,-83.29
1.625,0,0,125,-83.2775
1.65,0,0,125,-83.2646
1.675,0,0,125,-83.2513
1.7,0,0,125,-83.2377
1.725,0,0,125,-83.2237
1.75,0,0,125,-83.2094
1.775,0,0,125,-83.1947
1.8,0,0,125,-83.1797
1.825,0,0,125,-83.1643
1.85,0,0,125,-83.1486
1.875,0,0,125,-83.1325
1.9,0,0,125,-83.1161
1.925,0,0,125,-83.0993
1.95,0,0,125,-83.0822
1.975,0,0,125,-83.0647
2,0,0,125,-83.0469
2.025,0,0,125,-83.0286
2.05,0,0,125,-83.01
2.075,0,0,125,-82.991
2.1,0,0,125,-82.9716
2.125,0,0,125,-82.9517
2.15,0,0,125,-82.9314
2.175,0,0,125,-82.9105
2.2,0,0,125,-82.8892
2.225,0,0,125,-82.8673
2.25,0,0,125,-82.8449
2.275,0,0,125,-82.8217
2.3,0,0,125,-82.798
2.325,0,0,125,-82.7734
2.35,0,0,125,-82.7481
2.375,0,0,125,-82.7219
2.4,0,0,125,-82.6948
2.425,0,0,125,-82.6666
2.45,0,0,125,-82.6374
2.475,0,0,125,-82.6069
2.5,0,0,125,-82.5752
2.525,0,0,125,-82.542
2.55,0,0,125,-82.5074
2.575,0,0,125,-82.4711
2.6,0,0,125,-82.433
2.625,0,0,125,-82.393
2.65,0,0,125,-82.3509
2.675,0,0,125,-82.3067
2.7,0,0,125,-82.26
2.725,0,0,125,-82.2109
2.75,0,0,125,-82.1589
2.775,0,0,125,-82.1041
2.8,0,0,125,-82.0462
2.825,0,0,125,-81.9849
2.85,0,0,125,-81.9201
2.875,0,0,125,-81.8516
2.9,0,0,125,-81.7791
2.925,0,0,125,-81.7025
2.95,0,0,125,-81.6214
2.975,0,0,125,-81.5357
3,0,0,125,-81.4451
3.025,0,0,125,-81.3493
3.05,0,0,125,-81.2482
3.075,0,0,125,-81.1415
3.1,0,0,125,-81.0289
3.125,0,0,125,-80.9102
3.15,0,0,125,-80.7853
3.175,0,0,125,-80.6537
3.2,0,0,125,-80.5154
3.225,0,0,125,-80.3702
3.25,0,0,125,-80.2177
3.275,0,0,125,-80.0579
3.3,0,0,125,-79.8906
3.325,0,0,125,-79.7156
3.35,0,0,125,-79.5327
3.375,0,0,125,-79.3419
3.4,0,0,125,-79.143
3.425,0,0,125,-78.936
3.45,0,0,125,-78.7209
3.475,0,0,125,-78.4975
3.5,0,0,125,-78.2659
3.525,0,0,125,-78.0261
3.55,0,0,125,-77.7782
3.575,0,0,125,-77.5222
3.6,0,0,125,-77.2583
3.625,0,0,125,-76.9867
3.65,0,0,125,-76.7075
3.675,0,0,125,-76.4209
3.7,0,0,125,-76.1273
3.725,0,0,125,-75.8268
3.75,0,0,125,-75.5198
3.775,0,0,125,-75.2066
3.8,0,0,125,-74.8877
3.825,0,0,125,-74.5634
3.85,0,0,125,-74.2342
3.875,0,0,125,-73.9006
3.9,0,0,125,-73.563
3.925,0,0,125,-73.2219
3.95,0,0,125,-72.878
3.975,0,0,125,-72.5317
4,0,0,125,-72.1836
4.025,0,0,125,-71.8343
4.05,0,0,125,-71.4844
4.075,0,0,125,-71.1346
4.1,0,0,125,-70.7853
4.125,0,0,125,-70.4374
4.15,0,0,125,-70.0912
4.175,0,0,125,-69.7476
4.2,0,0,125,-69.4071
4.225,0,0,125,-69.0703
4.25,0,0,125,-68.7378
4.275,0,0,125,-68.4102
4.3,0,0,125,-68.0881
4.325,0,0,125,-67.772
4.35,0,0,125,-67.4625
4.375,0,0,125,-67.1602
4.4,0,0,125,-66.8655
4.425,0,0,125,-66.579
4.45,0,0,125,-66.301
4.475,0,0,125,-66.0321
4.5,0,0,125,-65.7728
4.525,0,0,125,-65.5233
4.55,0,0,125,-65.2841
4.575,0,0,125,-65.0556
4.6,0,0,125,-64.8381
4.625,0,0,125,-64.6319
4.65,0,0,125,-64.4373
4.675,0,0,125,-64.2546
4.7,0,0,125,-64.084
4.725,0,0,125,-63.9258
4.75,0,0,125,-63.7802
4.775,0,0,125,-63.6474
4.8,0,0,125,-63.5274
4.825,0,0,125,-63.4206
4.85,0,0,125,-63.3269
4.875,0,0,125,-63.2466
4.9,0,0,125,-63.1795
4.925,0,0,125,-63.1259
4.95,0,0,125,-63.0856
4.975,0,0,125,-63.0588
5,0,0,125,-63.0453
