0,0,0,125,-82.6501
0.025,0,0,125,-82.6506
0.05,0,0,125,-82.6516
0.075,0,0,125,-82.653
0.1,0,0,125,-82.6548
0.125,0,0,125,-82.6569
0.15,0,0,125,-82.6592
0.175,0,0,125,-82.6615
0.2,0,0,125,-82.6639
0.225,0,0,125,-82.6664
0.25,0,0,125,-82.6688
0.275,0,0,125,-82.6713
0.3,0,0,125,-82.6737
0.325,0,0,125,-82.6761
0.35,0,0,125,-82.6785
0.375,0,0,125,-82.6809
0.4,0,0,125,-82.6832
0.425,0,0,125,-82.6854
0.45,0,0,125,-82.6877
0.475,0,0,125,-82.6899
0.5,0,0,125,-82.692
0.525,0,0,125,-82.6941
0.55,0,0,125,-82.6962
0.575,0,0,125,-82.6983
0.6,0,0,125,-82.7003
0.625,0,0,125,-82.7023
0.65,0,0,125,-82.7043
0.675,0,0,125,-82.7063
0.7,0,0,125,-82.7083
0.725,0,0,125,-82.7103
0.75,0,0,125,-82.7122
0.775,0,0,125,-82.7142
0.8,0,0,125,-82.7161
0.825,0,0,125,-82.718
0.85,0,0,125,-82.72
0.875,0,0,125,-82.722
0.9,0,0,125,-82.7239
0.925,0,0,125,-82.7259
0.95,0,0,125,-82.7279
0.975,0,0,125,-82.7299
1,0,0,125,-82.7319
1.025,0,0,125,-82.734
1.05,0,0,125,-82.7361
1.075,0,0,125,-82.7382
1.1,0,0,125,-82.7403
1.125,0,0,125,-82.7425
1.15,0,0,125,-82.7446
1.175,0,0,125,-82.7468
1.2,0,0,125,-82.7491
1.225,0,0,125,-82.7513
1.25,0,0,125,-82.7536
1.275,0,0,125,-82.756
1.3,0,0,125,-82.7584
1.325,0,0,125,-82.7608
1.35,0,0,125,-82.7632
1.375,0,0,125,-82.7657
1.4,0,0,125,-82.7682
1.425,0,0,125,-82.7708
1.45,0,0,125,-82.7734
1.475,0,0,125,-82.776
1.5,0,0,125,-82.7788
1.525,0,0,125,-82.7816
1.55,0,0,125,-82.7844
1.575,0,0,125,-82.7873
1.6,0,0,125,-82.7903
1.625,0,0,125,-82.7933
1.65,0,0,125,-82.7964
1.675,0,0,125,-82.7995
1.7,0,0,125,-82.8028
1.725,0,0,125,-82.806
1.75,0,0,125,-82.8094
1.775,0,0,125,-82.8128
1.8,0,0,125,-82.8163
1.825,0,0,125,-82.8199
1.85,0,0,125,-82.8236
1.875,0,0,125,-82.8273
1.9,0,0,125,-82.8312
1.925,0,0,125,-82.8351
1.95,0,0,125,-82.8391
1.975,0,0,125,-82.8433
2,0,0,125,-82.8476
2.025,0,0,125,-82.8519
2.05,0,0,125,-82.8564
2.075,0,0,125,-82.861
2.1,0,0,125,-82.8658
2.125,0,0,125,-82.8706
2.15,0,0,125,-82.8757
2.175,0,0,125,-82.8808
2.2,0,0,125,-82.8861
2.225,0,0,125,-82.8915
2.25,0,0,125,-82.8971
2.275,0,0,125,-82.9028
2.3,0,0,125,-82.9086
2.325,0,0,125,-82.9146
2.35,0,0,125,-82.9208
2.375,0,0,125,-82.9271
2.4,0,0,125,-82.9336
2.425,0,0,125,-82.9402
2.45,0,0,125,-82.9469
2.475,0,0,125,-82.9538
2.5,0,0,125,-82.9609
2.525,0,0,125,-82.968
2.55,0,0,125,-82.9753
2.575,0,0,125,-82.9828
2.6,0,0,125,-82.9903
2.625,0,0,125,-82.9981
2.65,0,0,125,-83.0059
2.675,0,0,125,-83.0139
2.7,0,0,125,-83.022
2.725,0,0,125,-83.0302
2.75,0,0,125,-83.0386
2.775,0,0,125,-83.047
2.8,0,0,125,-83.0556
2.825,0,0,125,-83.0642
2.85,0,0,125,-83.073
2.875,0,0,125,-83.0818
2.9,0,0,125,-83.0907
2.925,0,0,125,-83.0997
2.95,0,0,125,-83.1087
2.975,0,0,125,-83.1178
3,0,0,125,-83.127
3.025,0,0,125,-83.1361
3.05,0,0,125,-83.1453
3.075,0,0,125,-83.1545
3.1,0,0,125,-83.1637
3.125,0,0,125,-83.1729
3.15,0,0,125,-83.1821
3.175,0,0,125,-83.1913
3.2,0,0,125,-83.2005
3.225,0,0,125,-83.2096
3.25,0,0,125,-83.2187
3.275,0,0,125,-83.2278
3.3,0,0,125,-83.2368
3.325,0,0,125,-83.2457
3.35,0,0,125,-83.2546
3.375,0,0,125,-83.2634
3.4,0,0,125,-83.272
3.425,0,0,125,-83.2806
3.45,0,0,125,-83.2891
3.475,0,0,125,-83.2974
3.5,0,0,125,-83.3056
3.525,0,0,125,-83.3137
3.55,0,0,125,-83.3216
3.575,0,0,125,-83.3294
3.6,0,0,125,-83.337
3.625,0,0,125,-83.3445
3.65,0,0,125,-83.3518
3.675,0,0,125,-83.359
3.7,0,0,125,-83.3659
3.725,0,0,125,-83.3727
3.75,0,0,125,-83.3794
3.775,0,0,125,-83.3859
3.8,0,0,125,-83.3922
3.825,0,0,125,-83.3983
3.85,0,0,125,-83.4043
3.875,0,0,125,-83.41
3.9,0,0,125,-83.4156
3.925,0,0,125,-83.421
3.95,0,0,125,-83.4262
3.975,0,0,125,-83.4312
4,0,0,125,-83.4361
4.025,0,0,125,-83.4407
4.05,0,0,125,-83.4452
4.075,0,0,125,-83.4495
4.1,0,0,125,-83.4536
4.125,0,0,125,-83.4575
4.15,0,0,125,-83.4612
4.175,0,0,125,-83.4647
4.2,0,0,125,-83.4681
4.225,0,0,125,-83.4713
4.25,0,0,125,-83.4744
4.275,0,0,125,-83.4773
4.3,0,0,125,-83.48
4.325,0,0,125,-83.4825
4.35,0,0,125,-83.4849
4.375,0,0,125,-83.4872
4.4,0,0,125,-83.4893
4.425,0,0,125,-83.4913
4.45,0,0,125,-83.4931
4.475,0,0,125,-83.4948
4.5,0,0,125,-83.4964
4.525,0,0,125,-83.4978
4.55,0,0,125,-83.4992
4.575,0,0,125,-83.5004
4.6,0,0,125,-83.5015
4.625,0,0,125,-83.5025
4.65,0,0,125,-83.5034
4.675,0,0,125,-83.5042
4.7,0,0,125,-83.5049
4.725,0,0,125,-83.5055
4.75,0,0,125,-83.506
4.775,0,0,125,-83.5065
4.8,0,0,125,-83.5068
4.825,0,0,125,-83.5071
4.85,0,0,125,-83.5074
4.875,0,0,125,-83.5075
4.9,0,0,125,-83.5076
4.925,0,0,125,-83.5077
4.95,0,0,125,-83.5077
4.975,0,0,125,-83.5078
5,0,0,125,-83.5078
