0,0,0,125,-84.0123
0.025,0,0,125,-84.0125
0.05,0,0,125,-84.0128
0.075,0,0,125,-84.0133
0.1,0,0,125,-84.0139
0.125,0,0,125,-84.0146
0.15,0,0,125,-84.0153
0.175,0,0,125,-84.0161
0.2,0,0,125,-84.0169
0.225,0,0,125,-84.0178
0.25,0,0,125,-84.0186
0.275,0,0,125,-84.0194
0.3,0,0,125,-84.0203
0.325,0,0,125,-84.0211
0.35,0,0,125,-84.022
0.375,0,0,125,-84.0228
0.4,0,0,125,-84.0236
0.425,0,0,125,-84.0244
0.45,0,0,125,-84.0252
0.475,0,0,125,-84.026
0.5,0,0,125,-84.0268
0.525,0,0,125,-84.0276
0.55,0,0,125,-84.0283
0.575,0,0,125,-84.0291
0.6,0,0,125,-84.0298
0.625,0,0,125,-84.0306
0.65,0,0,125,-84.0313
0.675,0,0,125,-84.032
0.7,0,0,125,-84.0327
0.725,0,0,125,-84.0334
0.75,0,0,125,-84.0342
0.775,0,0,125,-84.0349
0.8,0,0,125,-84.0356
0.825,0,0,125,-84.0363
0.85,0,0,125,-84.037
0.875,0,0,125,-84.0376
0.9,0,0,125,-84.0383
0.925,0,0,125,-84.039
0.95,0,0,125,-84.0397
0.975,0,0,125,-84.0404
1,0,0,125,-84.0411
1.025,0,0,125,-84.0419
1.05,0,0,125,-84.0426
1.075,0,0,125,-84.0434
1.1,0,0,125,-84.0441
1.125,0,0,125,-84.0449
1.15,0,0,125,-84.0458
1.175,0,0,125,-84.0466
1.2,0,0,125,-84.0474
1.225,0,0,125,-84.0483
1.25,0,0,125,-84.0492
1.275,0,0,125,-84.0501
1.3,0,0,125,-84.051
1.325,0,0,125,-84.0519
1.35,0,0,125,-84.0528
1.375,0,0,125,-84.0538
1.4,0,0,125,-84.0547
1.425,0,0,125,-84.0557
1.45,0,0,125,-84.0567
1.475,0,0,125,-84.0577
1.5,0,0,125,-84.0587
1.525,0,0,125,-84.0597
1.55,0,0,125,-84.0608
1.575,0,0,125,-84.0618
1.6,0,0,125,-84.0629
1.625,0,0,125,-84.0639
1.65,0,0,125,-84.065
1.675,0,0,125,-84.0661
1.7,0,0,125,-84.0673
1.725,0,0,125,-84.0685
1.75,0,0,125,-84.0697
1.775,0,0,125,-84.071
1.8,0,0,125,-84.0723
1.825,0,0,125,-84.0736
1.85,0,0,125,-84.075
1.875,0,0,125,-84.0764
1.9,0,0,125,-84.0778
1.925,0,0,125,-84.0793
1.95,0,0,125,-84.0808
1.975,0,0,125,-84.0823
2,0,0,125,-84.0839
2.025,0,0,125,-84.0855
2.05,0,0,125,-84.0872
2.075,0,0,125,-84.0889
2.1,0,0,125,-84.0906
2.125,0,0,125,-84.0923
2.15,0,0,125,-84.0941
2.175,0,0,125,-84.096
2.2,0,0,125,-84.0978
2.225,0,0,125,-84.0997
2.25,0,0,125,-84.1017
2.275,0,0,125,-84.1037
2.3,0,0,125,-84.1058
2.325,0,0,125,-84.1079
2.35,0,0,125,-84.1101
2.375,0,0,125,-84.1123
2.4,0,0,125,-84.1146
2.425,0,0,125,-84.117
2.45,0,0,125,-84.1194
2.475,0,0,125,-84.1218
2.5,0,0,125,-84.1242
2.525,0,0,125,-84.1268
2.55,0,0,125,-84.1293
2.575,0,0,125,-84.1319
2.6,0,0,125,-84.1345
2.625,0,0,125,-84.1371
2.65,0,0,125,-84.1398
2.675,0,0,125,-84.1426
2.7,0,0,125,-84.1453
2.725,0,0,125,-84.1481
2.75,0,0,125,-84.151
2.775,0,0,125,-84.1539
2.8,0,0,125,-84.1567
2.825,0,0,125,-84.1596
2.85,0,0,125,-84.1625
2.875,0,0,125,-84.1655
2.9,0,0,125,-84.1684
2.925,0,0,125,-84.1713
2.95,0,0,125,-84.1743
2.975,0,0,125,-84.1772
3,0,0,125,-84.1802
3.025,0,0,125,-84.1831
3.05,0,0,125,-84.1861
3.075,0,0,125,-84.1891
3.1,0,0,125,-84.1921
3.125,0,0,125,-84.1951
3.15,0,0,125,-84.1981
3.175,0,0,125,-84.2011
3.2,0,0,125,-84.204
3.225,0,0,125,-84.207
3.25,0,0,125,-84.2099
3.275,0,0,125,-84.2128
3.3,0,0,125,-84.2157
3.325,0,0,125,-84.2185
3.35,0,0,125,-84.2213
3.375,0,0,125,-84.2241
3.4,0,0,125,-84.2268
3.425,0,0,125,-84.2296
3.45,0,0,125,-84.2322
3.475,0,0,125,-84.2349
3.5,0,0,125,-84.2374
3.525,0,0,125,-84.24
3.55,0,0,125,-84.2425
3.575,0,0,125,-84.245
3.6,0,0,125,-84.2474
3.625,0,0,125,-84.2498
3.65,0,0,125,-84.2521
3.675,0,0,125,-84.2543
3.7,0,0,125,-84.2565
3.725,0,0,125,-84.2586
3.75,0,0,125,-84.2607
3.775,0,0,125,-84.2627
3.8,0,0,125,-84.2646
3.825,0,0,125,-84.2664
3.85,0,0,125,-84.2682
3.875,0,0,125,-84.2699
3.9,0,0,125,-84.2716
3.925,0,0,125,-84.2732
3.95,0,0,125,-84.2747
3.975,0,0,125,-84.2762
4,0,0,125,-84.2776
4.025,0,0,125,-84.2789
4.05,0,0,125,-84.2802
4.075,0,0,125,-84.2814
4.1,0,0,125,-84.2825
4.125,0,0,125,-84.2836
4.15,0,0,125,-84.2847
4.175,0,0,125,-84.2857
4.2,0,0,125,-84.2866
4.225,0,0,125,-84.2875
4.25,0,0,125,-84.2884
4.275,0,0,125,-84.2893
4.3,0,0,125,-84.2901
4.325,0,0,125,-84.2909
4.35,0,0,125,-84.2916
4.375,0,0,125,-84.2923
4.4,0,0,125,-84.2929
4.425,0,0,125,-84.2935
4.45,0,0,125,-84.2941
4.475,0,0,125,-84.2947
4.5,0,0,125,-84.2951
4.525,0,0,125,-84.2956
4.55,0,0,125,-84.296
4.575,0,0,125,-84.2964
4.6,0,0,125,-84.2967
4.625,0,0,125,-84.2971
4.65,0,0,125,-84.2973
4.675,0,0,125,-84.2975
4.7,0,0,125,-84.2977
4.725,0,0,125,-84.2979
4.75,0,0,125,-84.2981
4.775,0,0,125,-84.2982
4.8,0,0,125,-84.2984
4.825,0,0,125,-84.2985
4.85,0,0,125,-84.2986
4.875,0,0,125,-84.2987
4.9,0,0,125,-84.2987
4.925,0,0,125,-84.2988
4.95,0,0,125,-84.2988
4.975,0,0,125,-84.2988
5,0,0,125,-84.2988
