0,0,0,125,-82.6088
0.025,0,0,125,-82.6093
0.05,0,0,125,-82.6103
0.075,0,0,125,-82.6118
0.1,0,0,125,-82.6136
0.125,0,0,125,-82.6157
0.15,0,0,125,-82.618
0.175,0,0,125,-82.6204
0.2,0,0,125,-82.6228
0.225,0,0,125,-82.6253
0.25,0,0,125,-82.6278
0.275,0,0,125,-82.6303
0.3,0,0,125,-82.6328
0.325,0,0,125,-82.6353
0.35,0,0,125,-82.6377
0.375,0,0,125,-82.6401
0.4,0,0,125,-82.6424
0.425,0,0,125,-82.6447
0.45,0,0,125,-82.647
0.475,0,0,125,-82.6493
0.5,0,0,125,-82.6515
0.525,0,0,125,-82.6537
0.55,0,0,125,-82.6558
0.575,0,0,125,-82.658
0.6,0,0,125,-82.6601
0.625,0,0,125,-82.6622
0.65,0,0,125,-82.6643
0.675,0,0,125,-82.6664
0.7,0,0,125,-82.6685
0.725,0,0,125,-82.6706
0.75,0,0,125,-82.6726
0.775,0,0,125,-82.6747
0.8,0,0,125,-82.6767
0.825,0,0,125,-82.6788
0.85,0,0,125,-82.6808
0.875,0,0,125,-82.6829
0.9,0,0,125,-82.685
0.925,0,0,125,-82.6871
0.95,0,0,125,-82.6892
0.975,0,0,125,-82.6913
1,0,0,125,-82.6935
1.025,0,0,125,-82.6957
1.05,0,0,125,-82.6979
1.075,0,0,125,-82.7001
1.1,0,0,125,-82.7024
1.125,0,0,125,-82.7047
1.15,0,0,125,-82.707
1.175,0,0,125,-82.7093
1.2,0,0,125,-82.7117
1.225,0,0,125,-82.7141
1.25,0,0,125,-82.7165
1.275,0,0,125,-82.719
1.3,0,0,125,-82.7216
1.325,0,0,125,-82.7241
1.35,0,0,125,-82.7267
1.375,0,0,125,-82.7294
1.4,0,0,125,-82.7321
1.425,0,0,125,-82.7348
1.45,0,0,125,-82.7375
1.475,0,0,125,-82.7403
1.5,0,0,125,-82.7432
1.525,0,0,125,-82.7461
1.55,0,0,125,-82.749
1.575,0,0,125,-82.7521
1.6,0,0,125,-82.7552
1.625,0,0,125,-82.7583
1.65,0,0,125,-82.7615
1.675,0,0,125,-82.7648
1.7,0,0,125,-82.7681
1.725,0,0,125,-82.7715
1.75,0,0,125,-82.775
1.775,0,0,125,-82.7785
1.8,0,0,125,-82.7821
1.825,0,0,125,-82.7858
1.85,0,0,125,-82.7896
1.875,0,0,125,-82.7934
1.9,0,0,125,-82.7974
1.925,0,0,125,-82.8014
1.95,0,0,125,-82.8056
1.975,0,0,125,-82.8099
2,0,0,125,-82.8143
2.025,0,0,125,-82.8188
2.05,0,0,125,-82.8234
2.075,0,0,125,-82.8281
2.1,0,0,125,-82.833
2.125,0,0,125,-82.8379
2.15,0,0,125,-82.843
2.175,0,0,125,-82.8482
2.2,0,0,125,-82.8536
2.225,0,0,125,-82.8591
2.25,0,0,125,-82.8647
2.275,0,0,125,-82.8705
2.3,0,0,125,-82.8764
2.325,0,0,125,-82.8825
2.35,0,0,125,-82.8887
2.375,0,0,125,-82.895
2.4,0,0,125,-82.9015
2.425,0,0,125,-82.9082
2.45,0,0,125,-82.9151
2.475,0,0,125,-82.9221
2.5,0,0,125,-82.9292
2.525,0,0,125,-82.9365
2.55,0,0,125,-82.9439
2.575,0,0,125,-82.9515
2.6,0,0,125,-82.9592
2.625,0,0,125,-82.967
2.65,0,0,125,-82.975
2.675,0,0,125,-82.9831
2.7,0,0,125,-82.9913
2.725,0,0,125,-82.9996
2.75,0,0,125,-83.0081
2.775,0,0,125,-83.0166
2.8,0,0,125,-83.0253
2.825,0,0,125,-83.034
2.85,0,0,125,-83.0428
2.875,0,0,125,-83.0518
2.9,0,0,125,-83.0608
2.925,0,0,125,-83.0698
2.95,0,0,125,-83.079
2.975,0,0,125,-83.0882
3,0,0,125,-83.0975
3.025,0,0,125,-83.1068
3.05,0,0,125,-83.1161
3.075,0,0,125,-83.1255
3.1,0,0,125,-83.1348
3.125,0,0,125,-83.1442
3.15,0,0,125,-83.1535
3.175,0,0,125,-83.1628
3.2,0,0,125,-83.1721
3.225,0,0,125,-83.1814
3.25,0,0,125,-83.1906
3.275,0,0,125,-83.1998
3.3,0,0,125,-83.2089
3.325,0,0,125,-83.2179
3.35,0,0,125,-83.2269
3.375,0,0,125,-83.2358
3.4,0,0,125,-83.2446
3.425,0,0,125,-83.2533
3.45,0,0,125,-83.2619
3.475,0,0,125,-83.2704
3.5,0,0,125,-83.2787
3.525,0,0,125,-83.2869
3.55,0,0,125,-83.295
3.575,0,0,125,-83.3029
3.6,0,0,125,-83.3107
3.625,0,0,125,-83.3183
3.65,0,0,125,-83.3257
3.675,0,0,125,-83.333
3.7,0,0,125,-83.3401
3.725,0,0,125,-83.347
3.75,0,0,125,-83.3538
3.775,0,0,125,-83.3604
3.8,0,0,125,-83.3668
3.825,0,0,125,-83.373
3.85,0,0,125,-83.3791
3.875,0,0,125,-83.3849
3.9,0,0,125,-83.3905
3.925,0,0,125,-83.396
3.95,0,0,125,-83.4012
3.975,0,0,125,-83.4063
4,0,0,125,-83.4112
4.025,0,0,125,-83.4159
4.05,0,0,125,-83.4204
4.075,0,0,125,-83.4247
4.1,0,0,125,-83.4289
4.125,0,0,125,-83.4328
4.15,0,0,125,-83.4367
4.175,0,0,125,-83.4403
4.2,0,0,125,-83.4437
4.225,0,0,125,-83.447
4.25,0,0,125,-83.4501
4.275,0,0,125,-83.453
4.3,0,0,125,-83.4558
4.325,0,0,125,-83.4584
4.35,0,0,125,-83.4609
4.375,0,0,125,-83.4632
4.4,0,0,125,-83.4653
4.425,0,0,125,-83.4674
4.45,0,0,125,-83.4692
4.475,0,0,125,-83.471
4.5,0,0,125,-83.4726
4.525,0,0,125,-83.4741
4.55,0,0,125,-83.4754
4.575,0,0,125,-83.4767
4.6,0,0,125,-83.4778
4.625,0,0,125,-83.4788
4.65,0,0,125,-83.4798
4.675,0,0,125,-83.4806
4.7,0,0,125,-83.4813
4.725,0,0,125,-83.4819
4.75,0,0,125,-83.4825
4.775,0,0,125,-83.4829
4.8,0,0,125,-83.4833
4.825,0,0,125,-83.4836
4.85,0,0,125,-83.4838
4.875,0,0,125,-83.484
4.9,0,0,125,-83.4841
4.925,0,0,125,-83.4842
4.95,0,0,125,-83.4842
4.975,0,0,125,-83.4842
5,0,0,125,-83.4842
