0,0,0,125,-84.4403
0.025,0,0,125,-84.4403
0.05,0,0,125,-84.4404
0.075,0,0,125,-84.4405
0.1,0,0,125,-84.4407
0.125,0,0,125,-84.4408
0.15,0,0,125,-84.441
0.175,0,0,125,-84.4412
0.2,0,0,125,-84.4414
0.225,0,0,125,-84.4416
0.25,0,0,125,-84.4418
0.275,0,0,125,-84.442
0.3,0,0,125,-84.4422
0.325,0,0,125,-84.4425
0.35,0,0,125,-84.4427
0.375,0,0,125,-84.4429
0.4,0,0,125,-84.4431
0.425,0,0,125,-84.4433
0.45,0,0,125,-84.4435
0.475,0,0,125,-84.4437
0.5,0,0,125,-84.4439
0.525,0,0,125,-84.4441
0.55,0,0,125,-84.4442
0.575,0,0,125,-84.4444
0.6,0,0,125,-84.4446
0.625,0,0,125,-84.4447
0.65,0,0,125,-84.4449
0.675,0,0,125,-84.445
0.7,0,0,125,-84.4452
0.725,0,0,125,-84.4453
0.75,0,0,125,-84.4455
0.775,0,0,125,-84.4456
0.8,0,0,125,-84.4458
0.825,0,0,125,-84.446
0.85,0,0,125,-84.4461
0.875,0,0,125,-84.4463
0.9,0,0,125,-84.4464
0.925,0,0,125,-84.4466
0.95,0,0,125,-84.4467
0.975,0,0,125,-84.4469
1,0,0,125,-84.4471
1.025,0,0,125,-84.4472
1.05,0,0,125,-84.4474
1.075,0,0,125,-84.4476
1.1,0,0,125,-84.4478
1.125,0,0,125,-84.4479
1.15,0,0,125,-84.4481
1.175,0,0,125,-84.4483
1.2,0,0,125,-84.4485
1.225,0,0,125,-84.4487
1.25,0,0,125,-84.4489
1.275,0,0,125,-84.4491
1.3,0,0,125,-84.4493
1.325,0,0,125,-84.4495
1.35,0,0,125,-84.4497
1.375,0,0,125,-84.4499
1.4,0,0,125,-84.4501
1.425,0,0,125,-84.4504
1.45,0,0,125,-84.4506
1.475,0,0,125,-84.4508
1.5,0,0,125,-84.451
1.525,0,0,125,-84.4513
1.55,0,0,125,-84.4515
1.575,0,0,125,-84.4518
1.6,0,0,125,-84.452
1.625,0,0,125,-84.4523
1.65,0,0,125,-84.4525
1.675,0,0,125,-84.4528
1.7,0,0,125,-84.4531
1.725,0,0,125,-84.4534
1.75,0,0,125,-84.4536
1.775,0,0,125,-84.454
1.8,0,0,125,-84.4543
1.825,0,0,125,-84.4546
1.85,0,0,125,-84.4549
1.875,0,0,125,-84.4552
1.9,0,0,125,-84.4556
1.925,0,0,125,-84.456
1.95,0,0,125,-84.4563
1.975,0,0,125,-84.4567
2,0,0,125,-84.4571
2.025,0,0,125,-84.4575
2.05,0,0,125,-84.4579
2.075,0,0,125,-84.4583
2.1,0,0,125,-84.4588
2.125,0,0,125,-84.4592
2.15,0,0,125,-84.4596
2.175,0,0,125,-84.4601
2.2,0,0,125,-84.4606
2.225,0,0,125,-84.461
2.25,0,0,125,-84.4615
2.275,0,0,125,-84.462
2.3,0,0,125,-84.4625
2.325,0,0,125,-84.4631
2.35,0,0,125,-84.4636
2.375,0,0,125,-84.4641
2.4,0,0,125,-84.4647
2.425,0,0,125,-84.4652
2.45,0,0,125,-84.4658
2.475,0,0,125,-84.4663
2.5,0,0,125,-84.4669
2.525,0,0,125,-84.4675
2.55,0,0,125,-84.4681
2.575,0,0,125,-84.4687
2.6,0,0,125,-84.4693
2.625,0,0,125,-84.47
2.65,0,0,125,-84.4706
2.675,0,0,125,-84.4713
2.7,0,0,125,-84.4719
2.725,0,0,125,-84.4726
2.75,0,0,125,-84.4733
2.775,0,0,125,-84.4739
2.8,0,0,125,-84.4746
2.825,0,0,125,-84.4754
2.85,0,0,125,-84.4761
2.875,0,0,125,-84.4768
2.9,0,0,125,-84.4775
2.925,0,0,125,-84.4783
2.95,0,0,125,-84.479
2.975,0,0,125,-84.4798
3,0,0,125,-84.4805
3.025,0,0,125,-84.4813
3.05,0,0,125,-84.4821
3.075,0,0,125,-84.4828
3.1,0,0,125,-84.4836
3.125,0,0,125,-84.4844
3.15,0,0,125,-84.4852
3.175,0,0,125,-84.4859
3.2,0,0,125,-84.4867
3.225,0,0,125,-84.4874
3.25,0,0,125,-84.4881
3.275,0,0,125,-84.4889
3.3,0,0,125,-84.4896
3.325,0,0,125,-84.4903
3.35,0,0,125,-84.491
3.375,0,0,125,-84.4917
3.4,0,0,125,-84.4923
3.425,0,0,125,-84.493
3.45,0,0,125,-84.4936
3.475,0,0,125,-84.4943
3.5,0,0,125,-84.4949
3.525,0,0,125,-84.4955
3.55,0,0,125,-84.4962
3.575,0,0,125,-84.4967
3.6,0,0,125,-84.4973
3.625,0,0,125,-84.4979
3.65,0,0,125,-84.4984
3.675,0,0,125,-84.499
3.7,0,0,125,-84.4995
3.725,0,0,125,-84.5
3.75,0,0,125,-84.5005
3.775,0,0,125,-84.5009
3.8,0,0,125,-84.5014
3.825,0,0,125,-84.5018
3.85,0,0,125,-84.5023
3.875,0,0,125,-84.5027
3.9,0,0,125,-84.5031
3.925,0,0,125,-84.5034
3.95,0,0,125,-84.5038
3.975,0,0,125,-84.5042
4,0,0,125,-84.5045
4.025,0,0,125,-84.5049
4.05,0,0,125,-84.5052
4.075,0,0,125,-84.5055
4.1,0,0,125,-84.5059
4.125,0,0,125,-84.5062
4.15,0,0,125,-84.5065
4.175,0,0,125,-84.5067
4.2,0,0,125,-84.507
4.225,0,0,125,-84.5073
4.25,0,0,125,-84.5076
4.275,0,0,125,-84.5078
4.3,0,0,125,-84.508
4.325,0,0,125,-84.5083
4.35,0,0,125,-84.5085
4.375,0,0,125,-84.5087
4.4,0,0,125,-84.5089
4.425,0,0,125,-84.5091
4.45,0,0,125,-84.5093
4.475,0,0,125,-84.5094
4.5,0,0,125,-84.5096
4.525,0,0,125,-84.5097
4.55,0,0,125,-84.5099
4.575,0,0,125,-84.51
4.6,0,0,125,-84.5101
4.625,0,0,125,-84.5102
4.65,0,0,125,-84.5103
4.675,0,0,125,-84.5104
4.7,0,0,125,-84.5105
4.725,0,0,125,-84.5106
4.75,0,0,125,-84.5106
4.775,0,0,125,-84.5107
4.8,0,0,125,-84.5107
4.825,0,0,125,-84.5107
4.85,0,0,125,-84.5108
4.875,0,0,125,-84.5108
4.9,0,0,125,-84.5108
4.925,0,0,125,-84.5108
4.95,0,0,125,-84.5107
4.975,0,0,125,-84.5107
5,0,0,125,-84.5107
