0,0,0,125,-84.3365
0.025,0,0,125,-84.3365
0.05,0,0,125,-84.3367
0.075,0,0,125,-84.3369
0.1,0,0,125,-84.3371
0.125,0,0,125,-84.3374
0.15,0,0,125,-84.3377
0.175,0,0,125,-84.338
0.2,0,0,125,-84.3384
0.225,0,0,125,-84.3387
0.25,0,0,125,-84.3391
0.275,0,0,125,-84.3395
0.3,0,0,125,-84.3399
0.325,0,0,125,-84.3403
0.35,0,0,125,-84.3407
0.375,0,0,125,-84.3411
0.4,0,0,125,-84.3415
0.425,0,0,125,-84.3418
0.45,0,0,125,-84.3422
0.475,0,0,125,-84.3425
0.5,0,0,125,-84.3428
0.525,0,0,125,-84.3431
0.55,0,0,125,-84.3434
0.575,0,0,125,-84.3437
0.6,0,0,125,-84.344
0.625,0,0,125,-84.3443
0.65,0,0,125,-84.3446
0.675,0,0,125,-84.3449
0.7,0,0,125,-84.3451
0.725,0,0,125,-84.3454
0.75,0,0,125,-84.3457
0.775,0,0,125,-84.3459
0.8,0,0,125,-84.3462
0.825,0,0,125,-84.3465
0.85,0,0,125,-84.3468
0.875,0,0,125,-84.347
0.9,0,0,125,-84.3473
0.925,0,0,125,-84.3476
0.95,0,0,125,-84.3479
0.975,0,0,125,-84.3482
1,0,0,125,-84.3485
1.025,0,0,125,-84.3488
1.05,0,0,125,-84.3491
1.075,0,0,125,-84.3494
1.1,0,0,125,-84.3497
1.125,0,0,125,-84.35
1.15,0,0,125,-84.3503
1.175,0,0,125,-84.3507
1.2,0,0,125,-84.351
1.225,0,0,125,-84.3514
1.25,0,0,125,-84.3517
1.275,0,0,125,-84.3521
1.3,0,0,125,-84.3525
1.325,0,0,125,-84.3529
1.35,0,0,125,-84.3533
1.375,0,0,125,-84.3538
1.4,0,0,125,-84.3542
1.425,0,0,125,-84.3546
1.45,0,0,125,-84.3551
1.475,0,0,125,-84.3556
1.5,0,0,125,-84.356
1.525,0,0,125,-84.3565
1.55,0,0,125,-84.357
1.575,0,0,125,-84.3576
1.6,0,0,125,-84.3581
1.625,0,0,125,-84.3586
1.65,0,0,125,-84.3592
1.675,0,0,125,-84.3597
1.7,0,0,125,-84.3603
1.725,0,0,125,-84.3609
1.75,0,0,125,-84.3615
1.775,0,0,125,-84.3621
1.8,0,0,125,-84.3627
1.825,0,0,125,-84.3633
1.85,0,0,125,-84.3639
1.875,0,0,125,-84.3645
1.9,0,0,125,-84.3652
1.925,0,0,125,-84.3658
1.95,0,0,125,-84.3665
1.975,0,0,125,-84.3672
2,0,0,125,-84.3679
2.025,0,0,125,-84.3686
2.05,0,0,125,-84.3693
2.075,0,0,125,-84.37
2.1,0,0,125,-84.3707
2.125,0,0,125,-84.3715
2.15,0,0,125,-84.3722
2.175,0,0,125,-84.373
2.2,0,0,125,-84.3738
2.225,0,0,125,-84.3746
2.25,0,0,125,-84.3754
2.275,0,0,125,-84.3763
2.3,0,0,125,-84.3772
2.325,0,0,125,-84.3781
2.35,0,0,125,-84.379
2.375,0,0,125,-84.38
2.4,0,0,125,-84.381
2.425,0,0,125,-84.3819
2.45,0,0,125,-84.383
2.475,0,0,125,-84.384
2.5,0,0,125,-84.3851
2.525,0,0,125,-84.3862
2.55,0,0,125,-84.3873
2.575,0,0,125,-84.3884
2.6,0,0,125,-84.3896
2.625,0,0,125,-84.3907
2.65,0,0,125,-84.3919
2.675,0,0,125,-84.3931
2.7,0,0,125,-84.3943
2.725,0,0,125,-84.3956
2.75,0,0,125,-84.3968
2.775,0,0,125,-84.3981
2.8,0,0,125,-84.3994
2.825,0,0,125,-84.4006
2.85,0,0,125,-84.4019
2.875,0,0,125,-84.4032
2.9,0,0,125,-84.4045
2.925,0,0,125,-84.4058
2.95,0,0,125,-84.4071
2.975,0,0,125,-84.4084
3,0,0,125,-84.4097
3.025,0,0,125,-84.411
3.05,0,0,125,-84.4123
3.075,0,0,125,-84.4135
3.1,0,0,125,-84.4148
3.125,0,0,125,-84.416
3.15,0,0,125,-84.4173
3.175,0,0,125,-84.4185
3.2,0,0,125,-84.4197
3.225,0,0,125,-84.4209
3.25,0,0,125,-84.4221
3.275,0,0,125,-84.4233
3.3,0,0,125,-84.4244
3.325,0,0,125,-84.4256
3.35,0,0,125,-84.4268
3.375,0,0,125,-84.4279
3.4,0,0,125,-84.429
3.425,0,0,125,-84.4302
3.45,0,0,125,-84.4313
3.475,0,0,125,-84.4324
3.5,0,0,125,-84.4335
3.525,0,0,125,-84.4346
3.55,0,0,125,-84.4356
3.575,0,0,125,-84.4367
3.6,0,0,125,-84.4377
3.625,0,0,125,-84.4387
3.65,0,0,125,-84.4397
3.675,0,0,125,-84.4407
3.7,0,0,125,-84.4416
3.725,0,0,125,-84.4425
3.75,0,0,125,-84.4434
3.775,0,0,125,-84.4442
3.8,0,0,125,-84.445
3.825,0,0,125,-84.4458
3.85,0,0,125,-84.4465
3.875,0,0,125,-84.4473
3.9,0,0,125,-84.448
3.925,0,0,125,-84.4486
3.95,0,0,125,-84.4493
3.975,0,0,125,-84.4499
4,0,0,125,-84.4505
4.025,0,0,125,-84.451
4.05,0,0,125,-84.4516
4.075,0,0,125,-84.4521
4.1,0,0,125,-84.4526
4.125,0,0,125,-84.453
4.15,0,0,125,-84.4535
4.175,0,0,125,-84.4539
4.2,0,0,125,-84.4543
4.225,0,0,125,-84.4548
4.25,0,0,125,-84.4552
4.275,0,0,125,-84.4555
4.3,0,0,125,-84.4559
4.325,0,0,125,-84.4562
4.35,0,0,125,-84.4566
4.375,0,0,125,-84.4569
4.4,0,0,125,-84.4572
4.425,0,0,125,-84.4575
4.45,0,0,125,-84.4578
4.475,0,0,125,-84.458
4.5,0,0,125,-84.4583
4.525,0,0,125,-84.4585
4.55,0,0,125,-84.4587
4.575,0,0,125,-84.4589
4.6,0,0,125,-84.4591
4.625,0,0,125,-84.4592
4.65,0,0,125,-84.4594
4.675,0,0,125,-84.4595
4.7,0,0,125,-84.4596
4.725,0,0,125,-84.4597
4.75,0,0,125,-84.4598
4.775,0,0,125,-84.4599
4.8,0,0,125,-84.4599
4.825,0,0,125,-84.46
4.85,0,0,125,-84.46
4.875,0,0,125,-84.46
4.9,0,0,125,-84.46
4.925,0,0,125,-84.46
4.95,0,0,125,-84.4599
4.975,0,0,125,-84.4599
5,0,0,125,-84.4599
