0,0,0,125,13.2087
0.025,0,0,125,13.2121
0.05,0,0,125,13.2187
0.075,0,0,125,13.2283
0.1,0,0,125,13.2404
0.125,0,0,125,13.2546
0.15,0,0,125,13.2704
0.175,0,0,125,13.2873
0.2,0,0,125,13.3052
0.225,0,0,125,13.3239
0.25,0,0,125,13.3434
0.275,0,0,125,13.3634
0.3,0,0,125,13.384
0.325,0,0,125,13.4051
0.35,0,0,125,13.4266
0.375,0,0,125,13.4484
0.4,0,0,125,13.4706
0.425,0,0,125,13.493
0.45,0,0,125,13.5157
0.475,0,0,125,13.5386
0.5,0,0,125,13.5617
0.525,0,0,125,13.5849
0.55,0,0,125,13.6083
0.575,0,0,125,13.6317
0.6,0,0,125,13.6553
0.625,0,0,125,13.6789
0.65,0,0,125,13.7026
0.675,0,0,125,13.7263
0.7,0,0,125,13.7501
0.725,0,0,125,13.7739
0.75,0,0,125,13.7977
0.775,0,0,125,13.8216
0.8,0,0,125,13.8454
0.825,0,0,125,13.8692
0.85,0,0,125,13.893
0.875,0,0,125,13.9168
0.9,0,0,125,13.9406
0.925,0,0,125,13.9644
0.95,0,0,125,13.9881
0.975,0,0,125,14.0118
1,0,0,125,14.0354
1.025,0,0,125,14.0591
1.05,0,0,125,14.0826
1.075,0,0,125,14.1062
1.1,0,0,125,14.1296
1.125,0,0,125,14.1531
1.15,0,0,125,14.1765
1.175,0,0,125,14.1998
1.2,0,0,125,14.2231
1.225,0,0,125,14.2463
1.25,0,0,125,14.2694
1.275,0,0,125,14.2926
1.3,0,0,125,14.3156
1.325,0,0,125,14.3386
1.35,0,0,125,14.3615
1.375,0,0,125,14.3844
1.4,0,0,125,14.4072
1.425,0,0,125,14.4299
1.45,0,0,125,14.4526
1.475,0,0,125,14.4751
1.5,0,0,125,14.4977
1.525,0,0,125,14.5201
1.55,0,0,125,14.5425
1.575,0,0,125,14.5648
1.6,0,0,125,14.5871
1.625,0,0,125,14.6092
1.65,0,0,125,14.6313
1.675,0,0,125,14.6534
1.7,0,0,125,14.6753
1.725,0,0,125,14.6972
1.75,0,0,125,14.7189
1.775,0,0,125,14.7407
1.8,0,0,125,14.7623
1.825,0,0,125,14.7838
1.85,0,0,125,14.8053
1.875,0,0,125,14.8267
1.9,0,0,125,14.848
1.925,0,0,125,14.8692
1.95,0,0,125,14.8903
1.975,0,0,125,14.9113
2,0,0,125,14.9323
2.025,0,0,125,14.9531
2.05,0,0,125,14.9739
2.075,0,0,125,14.9946
2.1,0,0,125,15.0152
2.125,0,0,125,15.0357
2.15,0,0,125,15.0561
2.175,0,0,125,15.0764
2.2,0,0,125,15.0966
2.225,0,0,125,15.1167
2.25,0,0,125,15.1367
2.275,0,0,125,15.1566
2.3,0,0,125,15.1764
2.325,0,0,125,15.1962
2.35,0,0,125,15.2158
2.375,0,0,125,15.2353
2.4,0,0,125,15.2547
2.425,0,0,125,15.274
2.45,0,0,125,15.2933
2.475,0,0,125,15.3124
2.5,0,0,125,15.3314
2.525,0,0,125,15.3503
2.55,0,0,125,15.3691
2.575,0,0,125,15.3878
2.6,0,0,125,15.4063
2.625,0,0,125,15.4248
2.65,0,0,125,15.4432
2.675,0,0,125,15.4614
2.7,0,0,125,15.4796
2.725,0,0,125,15.4976
2.75,0,0,125,15.5156
2.775,0,0,125,15.5334
2.8,0,0,125,15.5511
2.825,0,0,125,15.5687
2.85,0,0,125,15.5862
2.875,0,0,125,15.6036
2.9,0,0,125,15.6209
2.925,0,0,125,15.6381
2.95,0,0,125,15.6551
2.975,0,0,125,15.6721
3,0,0,125,15.689
3.025,0,0,125,15.7057
3.05,0,0,125,15.7223
3.075,0,0,125,15.7389
3.1,0,0,125,15.7553
3.125,0,0,125,15.7716
3.15,0,0,125,15.7879
3.175,0,0,125,15.804
3.2,0,0,125,15.82
3.225,0,0,125,15.8359
3.25,0,0,125,15.8518
3.275,0,0,125,15.8675
3.3,0,0,125,15.8832
3.325,0,0,125,15.8987
3.35,0,0,125,15.9142
3.375,0,0,125,15.9296
3.4,0,0,125,15.9449
3.425,0,0,125,15.9601
3.45,0,0,125,15.9752
3.475,0,0,125,15.9902
3.5,0,0,125,16.0052
3.525,0,0,125,16.0201
3.55,0,0,125,16.035
3.575,0,0,125,16.0498
3.6,0,0,125,16.0645
3.625,0,0,125,16.0791
3.65,0,0,125,16.0937
3.675,0,0,125,16.1083
3.7,0,0,125,16.1228
3.725,0,0,125,16.1373
3.75,0,0,125,16.1517
3.775,0,0,125,16.1661
3.8,0,0,125,16.1804
3.825,0,0,125,16.1947
3.85,0,0,125,16.2091
3.875,0,0,125,16.2233
3.9,0,0,125,16.2376
3.925,0,0,125,16.2518
3.95,0,0,125,16.2661
3.975,0,0,125,16.2803
4,0,0,125,16.2945
4.025,0,0,125,16.3088
4.05,0,0,125,16.323
4.075,0,0,125,16.3372
4.1,0,0,125,16.3514
4.125,0,0,125,16.3657
4.15,0,0,125,16.3799
4.175,0,0,125,16.3941
4.2,0,0,125,16.4083
4.225,0,0,125,16.4226
4.25,0,0,125,16.4368
4.275,0,0,125,16.451
4.3,0,0,125,16.4651
4.325,0,0,125,16.4792
4.35,0,0,125,16.4933
4.375,0,0,125,16.5074
4.4,0,0,125,16.5213
4.425,0,0,125,16.5352
4.45,0,0,125,16.549
4.475,0,0,125,16.5626
4.5,0,0,125,16.5761
4.525,0,0,125,16.5895
4.55,0,0,125,16.6026
4.575,0,0,125,16.6155
4.6,0,0,125,16.6281
4.625,0,0,125,16.6404
4.65,0,0,125,16.6524
4.675,0,0,125,16.6639
4.7,0,0,125,16.6751
4.725,0,0,125,16.6857
4.75,0,0,125,16.6958
4.775,0,0,125,16.7053
4.8,0,0,125,16.7141
4.825,0,0,125,16.7222
4.85,0,0,125,16.7295
4.875,0,0,125,16.736
4.9,0,0,125,16.7416
4.925,0,0,125,16.7461
4.95,0,0,125,16.7496
4.975,0,0,125,16.752
5,0,0,125,16.7532
