0,0,0,125,-81.2328
0.025,0,0,125,-81.2346
0.05,0,0,125,-81.238
0.075,0,0,125,-81.2431
0.1,0,0,125,-81.2499
0.125,0,0,125,-81.2583
0.15,0,0,125,-81.2682
0.175,0,0,125,-81.2795
0.2,0,0,125,-81.2924
0.225,0,0,125,-81.3066
0.25,0,0,125,-81.3221
0.275,0,0,125,-81.3389
0.3,0,0,125,-81.3569
0.325,0,0,125,-81.3761
0.35,0,0,125,-81.3964
0.375,0,0,125,-81.4177
0.4,0,0,125,-81.44
0.425,0,0,125,-81.4632
0.45,0,0,125,-81.4872
0.475,0,0,125,-81.512
0.5,0,0,125,-81.5375
0.525,0,0,125,-81.5636
0.55,0,0,125,-81.5902
0.575,0,0,125,-81.6174
0.6,0,0,125,-81.6449
0.625,0,0,125,-81.6728
0.65,0,0,125,-81.7009
0.675,0,0,125,-81.7293
0.7,0,0,125,-81.7578
0.725,0,0,125,-81.7864
0.75,0,0,125,-81.8151
0.775,0,0,125,-81.8437
0.8,0,0,125,-81.8722
0.825,0,0,125,-81.9007
0.85,0,0,125,-81.9289
0.875,0,0,125,-81.9569
0.9,0,0,125,-81.9847
0.925,0,0,125,-82.0122
0.95,0,0,125,-82.0394
0.975,0,0,125,-82.0662
1,0,0,125,-82.0926
1.025,0,0,125,-82.1186
1.05,0,0,125,-82.1442
1.075,0,0,125,-82.1693
1.1,0,0,125,-82.194
1.125,0,0,125,-82.2182
1.15,0,0,125,-82.2419
1.175,0,0,125,-82.2652
1.2,0,0,125,-82.2879
1.225,0,0,125,-82.3101
1.25,0,0,125,-82.3319
1.275,0,0,125,-82.3531
1.3,0,0,125,-82.3738
1.325,0,0,125,-82.3941
1.35,0,0,125,-82.4138
1.375,0,0,125,-82.4331
1.4,0,0,125,-82.4519
1.425,0,0,125,-82.4702
1.45,0,0,125,-82.4881
1.475,0,0,125,-82.5056
1.5,0,0,125,-82.5226
1.525,0,0,125,-82.5392
1.55,0,0,125,-82.5555
1.575,0,0,125,-82.5713
1.6,0,0,125,-82.5868
1.625,0,0,125,-82.6019
1.65,0,0,125,-82.6167
1.675,0,0,125,-82.6311
1.7,0,0,125,-82.6452
1.725,0,0,125,-82.6591
1.75,0,0,125,-82.6726
1.775,0,0,125,-82.6859
1.8,0,0,125,-82.699
1.825,0,0,125,-82.7118
1.85,0,0,125,-82.7244
1.875,0,0,125,-82.7367
1.9,0,0,125,-82.7489
1.925,0,0,125,-82.7609
1.95,0,0,125,-82.7727
1.975,0,0,125,-82.7843
2,0,0,125,-82.7958
2.025,0,0,125,-82.8071
2.05,0,0,125,-82.8183
2.075,0,0,125,-82.8294
2.1,0,0,125,-82.8403
2.125,0,0,125,-82.8512
2.15,0,0,125,-82.8619
2.175,0,0,125,-82.8725
2.2,0,0,125,-82.883
2.225,0,0,125,-82.8934
2.25,0,0,125,-82.9038
2.275,0,0,125,-82.914
2.3,0,0,125,-82.9242
2.325,0,0,125,-82.9343
2.35,0,0,125,-82.9443
2.375,0,0,125,-82.9542
2.4,0,0,125,-82.9641
2.425,0,0,125,-82.9738
2.45,0,0,125,-82.9835
2.475,0,0,125,-82.9932
2.5,0,0,125,-83.0027
2.525,0,0,125,-83.0122
2.55,0,0,125,-83.0216
2.575,0,0,125,-83.0309
2.6,0,0,125,-83.0402
2.625,0,0,125,-83.0494
2.65,0,0,125,-83.0585
2.675,0,0,125,-83.0675
2.7,0,0,125,-83.0765
2.725,0,0,125,-83.0853
2.75,0,0,125,-83.0941
2.775,0,0,125,-83.1027
2.8,0,0,125,-83.1113
2.825,0,0,125,-83.1198
2.85,0,0,125,-83.1281
2.875,0,0,125,-83.1364
2.9,0,0,125,-83.1445
2.925,0,0,125,-83.1526
2.95,0,0,125,-83.1605
2.975,0,0,125,-83.1683
3,0,0,125,-83.176
3.025,0,0,125,-83.1836
3.05,0,0,125,-83.191
3.075,0,0,125,-83.1983
3.1,0,0,125,-83.2055
3.125,0,0,125,-83.2126
3.15,0,0,125,-83.2195
3.175,0,0,125,-83.2262
3.2,0,0,125,-83.2329
3.225,0,0,125,-83.2394
3.25,0,0,125,-83.2457
3.275,0,0,125,-83.2519
3.3,0,0,125,-83.258
3.325,0,0,125,-83.2639
3.35,0,0,125,-83.2697
3.375,0,0,125,-83.2754
3.4,0,0,125,-83.2808
3.425,0,0,125,-83.2861
3.45,0,0,125,-83.2913
3.475,0,0,125,-83.2963
3.5,0,0,125,-83.3011
3.525,0,0,125,-83.3058
3.55,0,0,125,-83.3103
3.575,0,0,125,-83.3147
3.6,0,0,125,-83.3188
3.625,0,0,125,-83.3229
3.65,0,0,125,-83.3267
3.675,0,0,125,-83.3304
3.7,0,0,125,-83.3339
3.725,0,0,125,-83.3373
3.75,0,0,125,-83.3404
3.775,0,0,125,-83.3434
3.8,0,0,125,-83.3463
3.825,0,0,125,-83.3489
3.85,0,0,125,-83.3514
3.875,0,0,125,-83.3537
3.9,0,0,125,-83.3558
3.925,0,0,125,-83.3578
3.95,0,0,125,-83.3596
3.975,0,0,125,-83.3613
4,0,0,125,-83.3627
4.025,0,0,125,-83.3641
4.05,0,0,125,-83.3652
4.075,0,0,125,-83.3662
4.1,0,0,125,-83.367
4.125,0,0,125,-83.3677
4.15,0,0,125,-83.3682
4.175,0,0,125,-83.3685
4.2,0,0,125,-83.3686
4.225,0,0,125,-83.3686
4.25,0,0,125,-83.3684
4.275,0,0,125,-83.3681
4.3,0,0,125,-83.3676
4.325,0,0,125,-83.367
4.35,0,0,125,-83.3663
4.375,0,0,125,-83.3654
4.4,0,0,125,-83.3643
4.425,0,0,125,-83.3631
4.45,0,0,125,-83.3619
4.475,0,0,125,-83.3605
4.5,0,0,125,-83.3589
4.525,0,0,125,-83.3573
4.55,0,0,125,-83.3556
4.575,0,0,125,-83.3538
4.6,0,0,125,-83.3519
4.625,0,0,125,-83.3499
4.65,0,0,125,-83.3479
4.675,0,0,125,-83.3458
4.7,0,0,125,-83.3436
4.725,0,0,125,-83.3414
4.75,0,0,125,-83.3393
4.775,0,0,125,-83.3371
4.8,0,0,125,-83.3349
4.825,0,0,125,-83.3328
4.85,0,0,125,-83.3307
4.875,0,0,125,-83.3288
4.9,0,0,125,-83.327
4.925,0,0,125,-83.3255
4.95,0,0,125,-83.3242
4.975,0,0,125,-83.3234
5,0,0,125,-83.3229
