0,0,0,125,-35.187
0.025,0,0,125,-35.1819
0.05,0,0,125,-35.1718
0.075,0,0,125,-35.1569
0.1,0,0,125,-35.1375
0.125,0,0,125,-35.114
0.15,0,0,125,-35.0866
0.175,0,0,125,-35.0557
0.2,0,0,125,-35.0216
0.225,0,0,125,-34.9844
0.25,0,0,125,-34.9442
0.275,0,0,125,-34.9012
0.3,0,0,125,-34.8554
0.325,0,0,125,-34.8071
0.35,0,0,125,-34.7563
0.375,0,0,125,-34.7031
0.4,0,0,125,-34.6476
0.425,0,0,125,-34.59
0.45,0,0,125,-34.5303
0.475,0,0,125,-34.4686
0.5,0,0,125,-34.405
0.525,0,0,125,-34.3396
0.55,0,0,125,-34.2724
0.575,0,0,125,-34.2037
0.6,0,0,125,-34.1333
0.625,0,0,125,-34.0614
0.65,0,0,125,-33.9881
0.675,0,0,125,-33.9134
0.7,0,0,125,-33.8374
0.725,0,0,125,-33.7602
0.75,0,0,125,-33.6818
0.775,0,0,125,-33.6023
0.8,0,0,125,-33.5217
0.825,0,0,125,-33.4401
0.85,0,0,125,-33.3575
0.875,0,0,125,-33.274
0.9,0,0,125,-33.1897
0.925,0,0,125,-33.1045
0.95,0,0,125,-33.0186
0.975,0,0,125,-32.932
1,0,0,125,-32.8446
1.025,0,0,125,-32.7566
1.05,0,0,125,-32.668
1.075,0,0,125,-32.5789
1.1,0,0,125,-32.4892
1.125,0,0,125,-32.3989
1.15,0,0,125,-32.3083
1.175,0,0,125,-32.2171
1.2,0,0,125,-32.1256
1.225,0,0,125,-32.0336
1.25,0,0,125,-31.9413
1.275,0,0,125,-31.8487
1.3,0,0,125,-31.7557
1.325,0,0,125,-31.6625
1.35,0,0,125,-31.569
1.375,0,0,125,-31.4753
1.4,0,0,125,-31.3813
1.425,0,0,125,-31.2872
1.45,0,0,125,-31.1928
1.475,0,0,125,-31.0983
1.5,0,0,125,-31.0036
1.525,0,0,125,-30.9088
1.55,0,0,125,-30.8139
1.575,0,0,125,-30.7189
1.6,0,0,125,-30.6238
1.625,0,0,125,-30.5286
1.65,0,0,125,-30.4333
1.675,0,0,125,-30.338
1.7,0,0,125,-30.2427
1.725,0,0,125,-30.1473
1.75,0,0,125,-30.0519
1.775,0,0,125,-29.9565
1.8,0,0,125,-29.8611
1.825,0,0,125,-29.7657
1.85,0,0,125,-29.6703
1.875,0,0,125,-29.575
1.9,0,0,125,-29.4796
1.925,0,0,125,-29.3844
1.95,0,0,125,-29.2891
1.975,0,0,125,-29.194
2,0,0,125,-29.0989
2.025,0,0,125,-29.0038
2.05,0,0,125,-28.9089
2.075,0,0,125,-28.814
2.1,0,0,125,-28.7192
2.125,0,0,125,-28.6245
2.15,0,0,125,-28.5299
2.175,0,0,125,-28.4354
2.2,0,0,125,-28.341
2.225,0,0,125,-28.2467
2.25,0,0,125,-28.1525
2.275,0,0,125,-28.0585
2.3,0,0,125,-27.9645
2.325,0,0,125,-27.8707
2.35,0,0,125,-27.7771
2.375,0,0,125,-27.6835
2.4,0,0,125,-27.5901
2.425,0,0,125,-27.4969
2.45,0,0,125,-27.4038
2.475,0,0,125,-27.3108
2.5,0,0,125,-27.218
2.525,0,0,125,-27.1253
2.55,0,0,125,-27.0328
2.575,0,0,125,-26.9405
2.6,0,0,125,-26.8483
2.625,0,0,125,-26.7563
2.65,0,0,125,-26.6644
2.675,0,0,125,-26.5727
2.7,0,0,125,-26.4812
2.725,0,0,125,-26.3899
2.75,0,0,125,-26.2988
2.775,0,0,125,-26.2078
2.8,0,0,125,-26.117
2.825,0,0,125,-26.0265
2.85,0,0,125,-25.9361
2.875,0,0,125,-25.8459
2.9,0,0,125,-25.7559
2.925,0,0,125,-25.6661
2.95,0,0,125,-25.5765
2.975,0,0,125,-25.4871
3,0,0,125,-25.3979
3.025,0,0,125,-25.309
3.05,0,0,125,-25.2202
3.075,0,0,125,-25.1317
3.1,0,0,125,-25.0434
3.125,0,0,125,-24.9553
3.15,0,0,125,-24.8675
3.175,0,0,125,-24.7799
3.2,0,0,125,-24.6925
3.225,0,0,125,-24.6054
3.25,0,0,125,-24.5185
3.275,0,0,125,-24.4319
3.3,0,0,125,-24.3456
3.325,0,0,125,-24.2595
3.35,0,0,125,-24.1737
3.375,0,0,125,-24.0882
3.4,0,0,125,-24.003
3.425,0,0,125,-23.9181
3.45,0,0,125,-23.8334
3.475,0,0,125,-23.7491
3.5,0,0,125,-23.6651
3.525,0,0,125,-23.5815
3.55,0,0,125,-23.4982
3.575,0,0,125,-23.4152
3.6,0,0,125,-23.3326
3.625,0,0,125,-23.2504
3.65,0,0,125,-23.1685
3.675,0,0,125,-23.0871
3.7,0,0,125,-23.006
3.725,0,0,125,-22.9254
3.75,0,0,125,-22.8452
3.775,0,0,125,-22.7655
3.8,0,0,125,-22.6862
3.825,0,0,125,-22.6075
3.85,0,0,125,-22.5292
3.875,0,0,125,-22.4515
3.9,0,0,125,-22.3743
3.925,0,0,125,-22.2977
3.95,0,0,125,-22.2217
3.975,0,0,125,-22.1463
4,0,0,125,-22.0716
4.025,0,0,125,-21.9975
4.05,0,0,125,-21.9241
4.075,0,0,125,-21.8514
4.1,0,0,125,-21.7795
4.125,0,0,125,-21.7084
4.15,0,0,125,-21.6382
4.175,0,0,125,-21.5687
4.2,0,0,125,-21.5002
4.225,0,0,125,-21.4326
4.25,0,0,125,-21.366
4.275,0,0,125,-21.3005
4.3,0,0,125,-21.236
4.325,0,0,125,-21.1726
4.35,0,0,125,-21.1105
4.375,0,0,125,-21.0495
4.4,0,0,125,-20.9899
4.425,0,0,125,-20.9316
4.45,0,0,125,-20.8747
4.475,0,0,125,-20.8194
4.5,0,0,125,-20.7655
4.525,0,0,125,-20.7134
4.55,0,0,125,-20.6629
4.575,0,0,125,-20.6142
4.6,0,0,125,-20.5674
4.625,0,0,125,-20.5225
4.65,0,0,125,-20.4797
4.675,0,0,125,-20.439
4.7,0,0,125,-20.4006
4.725,0,0,125,-20.3645
4.75,0,0,125,-20.3308
4.775,0,0,125,-20.2997
4.8,0,0,125,-20.2712
4.825,0,0,125,-20.2455
4.85,0,0,125,-20.2226
4.875,0,0,125,-20.2027
4.9,0,0,125,-20.1859
4.925,0,0,125,-20.1723
4.95,0,0,125,-20.162
4.975,0,0,125,-20.155
5,0,0,125,-20.1515
