0,0,0,125,-83.7912
0.025,0,0,125,-83.7915
0.05,0,0,125,-83.7919
0.075,0,0,125,-83.7926
0.1,0,0,125,-83.7934
0.125,0,0,125,-83.7943
0.15,0,0,125,-83.7954
0.175,0,0,125,-83.7965
0.2,0,0,125,-83.7976
0.225,0,0,125,-83.7987
0.25,0,0,125,-83.7999
0.275,0,0,125,-83.801
0.3,0,0,125,-83.8021
0.325,0,0,125,-83.8033
0.35,0,0,125,-83.8044
0.375,0,0,125,-83.8055
0.4,0,0,125,-83.8066
0.425,0,0,125,-83.8077
0.45,0,0,125,-83.8087
0.475,0,0,125,-83.8098
0.5,0,0,125,-83.8108
0.525,0,0,125,-83.8119
0.55,0,0,125,-83.8129
0.575,0,0,125,-83.814
0.6,0,0,125,-83.815
0.625,0,0,125,-83.816
0.65,0,0,125,-83.817
0.675,0,0,125,-83.818
0.7,0,0,125,-83.8189
0.725,0,0,125,-83.8199
0.75,0,0,125,-83.8209
0.775,0,0,125,-83.8218
0.8,0,0,125,-83.8228
0.825,0,0,125,-83.8237
0.85,0,0,125,-83.8246
0.875,0,0,125,-83.8255
0.9,0,0,125,-83.8265
0.925,0,0,125,-83.8275
0.95,0,0,125,-83.8284
0.975,0,0,125,-83.8294
1,0,0,125,-83.8304
1.025,0,0,125,-83.8314
1.05,0,0,125,-83.8325
1.075,0,0,125,-83.8335
1.1,0,0,125,-83.8346
1.125,0,0,125,-83.8357
1.15,0,0,125,-83.8368
1.175,0,0,125,-83.8379
1.2,0,0,125,-83.839
1.225,0,0,125,-83.8401
1.25,0,0,125,-83.8413
1.275,0,0,125,-83.8425
1.3,0,0,125,-83.8436
1.325,0,0,125,-83.8448
1.35,0,0,125,-83.846
1.375,0,0,125,-83.8472
1.4,0,0,125,-83.8485
1.425,0,0,125,-83.8497
1.45,0,0,125,-83.851
1.475,0,0,125,-83.8523
1.5,0,0,125,-83.8536
1.525,0,0,125,-83.855
1.55,0,0,125,-83.8564
1.575,0,0,125,-83.8578
1.6,0,0,125,-83.8593
1.625,0,0,125,-83.8608
1.65,0,0,125,-83.8624
1.675,0,0,125,-83.8639
1.7,0,0,125,-83.8656
1.725,0,0,125,-83.8672
1.75,0,0,125,-83.8689
1.775,0,0,125,-83.8707
1.8,0,0,125,-83.8724
1.825,0,0,125,-83.8742
1.85,0,0,125,-83.8761
1.875,0,0,125,-83.8779
1.9,0,0,125,-83.8798
1.925,0,0,125,-83.8818
1.95,0,0,125,-83.8838
1.975,0,0,125,-83.8859
2,0,0,125,-83.8881
2.025,0,0,125,-83.8903
2.05,0,0,125,-83.8926
2.075,0,0,125,-83.8949
2.1,0,0,125,-83.8973
2.125,0,0,125,-83.8997
2.15,0,0,125,-83.9023
2.175,0,0,125,-83.9048
2.2,0,0,125,-83.9074
2.225,0,0,125,-83.9101
2.25,0,0,125,-83.9128
2.275,0,0,125,-83.9155
2.3,0,0,125,-83.9183
2.325,0,0,125,-83.9212
2.35,0,0,125,-83.9241
2.375,0,0,125,-83.9271
2.4,0,0,125,-83.9302
2.425,0,0,125,-83.9333
2.45,0,0,125,-83.9366
2.475,0,0,125,-83.9398
2.5,0,0,125,-83.9431
2.525,0,0,125,-83.9465
2.55,0,0,125,-83.95
2.575,0,0,125,-83.9535
2.6,0,0,125,-83.9571
2.625,0,0,125,-83.9607
2.65,0,0,125,-83.9644
2.675,0,0,125,-83.9682
2.7,0,0,125,-83.972
2.725,0,0,125,-83.9758
2.75,0,0,125,-83.9796
2.775,0,0,125,-83.9835
2.8,0,0,125,-83.9874
2.825,0,0,125,-83.9914
2.85,0,0,125,-83.9954
2.875,0,0,125,-83.9994
2.9,0,0,125,-84.0034
2.925,0,0,125,-84.0075
2.95,0,0,125,-84.0116
2.975,0,0,125,-84.0158
3,0,0,125,-84.0199
3.025,0,0,125,-84.024
3.05,0,0,125,-84.0281
3.075,0,0,125,-84.0323
3.1,0,0,125,-84.0364
3.125,0,0,125,-84.0404
3.15,0,0,125,-84.0445
3.175,0,0,125,-84.0486
3.2,0,0,125,-84.0526
3.225,0,0,125,-84.0567
3.25,0,0,125,-84.0607
3.275,0,0,125,-84.0646
3.3,0,0,125,-84.0685
3.325,0,0,125,-84.0724
3.35,0,0,125,-84.0763
3.375,0,0,125,-84.0801
3.4,0,0,125,-84.0838
3.425,0,0,125,-84.0876
3.45,0,0,125,-84.0913
3.475,0,0,125,-84.0949
3.5,0,0,125,-84.0984
3.525,0,0,125,-84.1019
3.55,0,0,125,-84.1054
3.575,0,0,125,-84.1087
3.6,0,0,125,-84.112
3.625,0,0,125,-84.1153
3.65,0,0,125,-84.1184
3.675,0,0,125,-84.1215
3.7,0,0,125,-84.1246
3.725,0,0,125,-84.1275
3.75,0,0,125,-84.1304
3.775,0,0,125,-84.1332
3.8,0,0,125,-84.1359
3.825,0,0,125,-84.1385
3.85,0,0,125,-84.141
3.875,0,0,125,-84.1435
3.9,0,0,125,-84.1458
3.925,0,0,125,-84.1481
3.95,0,0,125,-84.1503
3.975,0,0,125,-84.1524
4,0,0,125,-84.1544
4.025,0,0,125,-84.1563
4.05,0,0,125,-84.1582
4.075,0,0,125,-84.1599
4.1,0,0,125,-84.1616
4.125,0,0,125,-84.1632
4.15,0,0,125,-84.1647
4.175,0,0,125,-84.1662
4.2,0,0,125,-84.1676
4.225,0,0,125,-84.1689
4.25,0,0,125,-84.1702
4.275,0,0,125,-84.1714
4.3,0,0,125,-84.1726
4.325,0,0,125,-84.1736
4.35,0,0,125,-84.1747
4.375,0,0,125,-84.1756
4.4,0,0,125,-84.1765
4.425,0,0,125,-84.1773
4.45,0,0,125,-84.1781
4.475,0,0,125,-84.1788
4.5,0,0,125,-84.1794
4.525,0,0,125,-84.18
4.55,0,0,125,-84.1805
4.575,0,0,125,-84.181
4.6,0,0,125,-84.1815
4.625,0,0,125,-84.182
4.65,0,0,125,-84.1824
4.675,0,0,125,-84.1827
4.7,0,0,125,-84.183
4.725,0,0,125,-84.1833
4.75,0,0,125,-84.1836
4.775,0,0,125,-84.1838
4.8,0,0,125,-84.1839
4.825,0,0,125,-84.1841
4.85,0,0,125,-84.1842
4.875,0,0,125,-84.1843
4.9,0,0,125,-84.1843
4.925,0,0,125,-84.1844
4.95,0,0,125,-84.1844
4.975,0,0,125,-84.1845
5,0,0,125,-84.1845
