0,0,0,125,-0.958974
0.025,0,0,125,-0.962084
0.05,0,0,125,-0.96833
0.075,0,0,125,-0.97775
0.1,0,0,125,-0.990427
0.125,0,0,125,-1.00647
0.15,0,0,125,-1.02599
0.175,0,0,125,-1.04907
0.2,0,0,125,-1.07574
0.225,0,0,125,-1.10595
0.25,0,0,125,-1.13968
0.275,0,0,125,-1.17686
0.3,0,0,125,-1.21742
0.325,0,0,125,-1.26129
0.35,0,0,125,-1.30837
0.375,0,0,125,-1.3586
0.4,0,0,125,-1.41188
0.425,0,0,125,-1.46813
0.45,0,0,125,-1.52727
0.475,0,0,125,-1.58923
0.5,0,0,125,-1.65392
0.525,0,0,125,-1.72128
0.55,0,0,125,-1.79124
0.575,0,0,125,-1.86374
0.6,0,0,125,-1.93872
0.625,0,0,125,-2.01612
0.65,0,0,125,-2.09591
0.675,0,0,125,-2.17803
0.7,0,0,125,-2.26245
0.725,0,0,125,-2.34914
0.75,0,0,125,-2.43807
0.775,0,0,125,-2.52923
0.8,0,0,125,-2.62258
0.825,0,0,125,-2.71812
0.85,0,0,125,-2.81585
0.875,0,0,125,-2.91576
0.9,0,0,125,-3.01786
0.925,0,0,125,-3.12214
0.95,0,0,125,-3.22863
0.975,0,0,125,-3.33734
1,0,0,125,-3.44829
1.025,0,0,125,-3.56151
1.05,0,0,125,-3.67703
1.075,0,0,125,-3.79488
1.1,0,0,125,-3.9151
1.125,0,0,125,-4.03774
1.15,0,0,125,-4.16283
1.175,0,0,125,-4.29044
1.2,0,0,125,-4.42061
1.225,0,0,125,-4.5534
1.25,0,0,125,-4.68889
1.275,0,0,125,-4.82713
1.3,0,0,125,-4.9682
1.325,0,0,125,-5.11217
1.35,0,0,125,-5.25912
1.375,0,0,125,-5.40913
1.4,0,0,125,-5.5623
1.425,0,0,125,-5.7187
1.45,0,0,125,-5.87844
1.475,0,0,125,-6.0416
1.5,0,0,125,-6.2083
1.525,0,0,125,-6.37864
1.55,0,0,125,-6.55273
1.575,0,0,125,-6.73067
1.6,0,0,125,-6.91259
1.625,0,0,125,-7.0986
1.65,0,0,125,-7.28884
1.675,0,0,125,-7.48341
1.7,0,0,125,-7.68246
1.725,0,0,125,-7.88611
1.75,0,0,125,-8.09451
1.775,0,0,125,-8.30779
1.8,0,0,125,-8.52609
1.825,0,0,125,-8.74955
1.85,0,0,125,-8.97833
1.875,0,0,125,-9.21257
1.9,0,0,125,-9.45242
1.925,0,0,125,-9.69804
1.95,0,0,125,-9.94957
1.975,0,0,125,-10.2072
2,0,0,125,-10.471
2.025,0,0,125,-10.7412
2.05,0,0,125,-11.018
2.075,0,0,125,-11.3015
2.1,0,0,125,-11.5918
2.125,0,0,125,-11.8891
2.15,0,0,125,-12.1935
2.175,0,0,125,-12.5053
2.2,0,0,125,-12.8245
2.225,0,0,125,-13.1513
2.25,0,0,125,-13.4858
2.275,0,0,125,-13.8282
2.3,0,0,125,-14.1785
2.325,0,0,125,-14.5369
2.35,0,0,125,-14.9036
2.375,0,0,125,-15.2785
2.4,0,0,125,-15.6618
2.425,0,0,125,-16.0535
2.45,0,0,125,-16.4538
2.475,0,0,125,-16.8627
2.5,0,0,125,-17.2802
2.525,0,0,125,-17.7064
2.55,0,0,125,-18.1413
2.575,0,0,125,-18.5848
2.6,0,0,125,-19.037
2.625,0,0,125,-19.4978
2.65,0,0,125,-19.9671
2.675,0,0,125,-20.445
2.7,0,0,125,-20.9313
2.725,0,0,125,-21.426
2.75,0,0,125,-21.9288
2.775,0,0,125,-22.4397
2.8,0,0,125,-22.9586
2.825,0,0,125,-23.4852
2.85,0,0,125,-24.0194
2.875,0,0,125,-24.5609
2.9,0,0,125,-25.1097
2.925,0,0,125,-25.6653
2.95,0,0,125,-26.2277
2.975,0,0,125,-26.7965
3,0,0,125,-27.3714
3.025,0,0,125,-27.9522
3.05,0,0,125,-28.5386
3.075,0,0,125,-29.1303
3.1,0,0,125,-29.7269
3.125,0,0,125,-30.3281
3.15,0,0,125,-30.9334
3.175,0,0,125,-31.5427
3.2,0,0,125,-32.1553
3.225,0,0,125,-32.7709
3.25,0,0,125,-33.389
3.275,0,0,125,-34.0092
3.3,0,0,125,-34.6309
3.325,0,0,125,-35.2536
3.35,0,0,125,-35.8768
3.375,0,0,125,-36.4997
3.4,0,0,125,-37.1218
3.425,0,0,125,-37.7424
3.45,0,0,125,-38.3608
3.475,0,0,125,-38.9762
3.5,0,0,125,-39.5879
3.525,0,0,125,-40.1952
3.55,0,0,125,-40.7972
3.575,0,0,125,-41.3931
3.6,0,0,125,-41.982
3.625,0,0,125,-42.5631
3.65,0,0,125,-43.1356
3.675,0,0,125,-43.6986
3.7,0,0,125,-44.2513
3.725,0,0,125,-44.7929
3.75,0,0,125,-45.3225
3.775,0,0,125,-45.8394
3.8,0,0,125,-46.3428
3.825,0,0,125,-46.832
3.85,0,0,125,-47.3063
3.875,0,0,125,-47.765
3.9,0,0,125,-48.2077
3.925,0,0,125,-48.6336
3.95,0,0,125,-49.0424
3.975,0,0,125,-49.4336
4,0,0,125,-49.8068
4.025,0,0,125,-50.1617
4.05,0,0,125,-50.498
4.075,0,0,125,-50.8156
4.1,0,0,125,-51.1143
4.125,0,0,125,-51.394
4.15,0,0,125,-51.6549
4.175,0,0,125,-51.8968
4.2,0,0,125,-52.12
4.225,0,0,125,-52.3246
4.25,0,0,125,-52.511
4.275,0,0,125,-52.6795
4.3,0,0,125,-52.8304
4.325,0,0,125,-52.9642
4.35,0,0,125,-53.0814
4.375,0,0,125,-53.1827
4.4,0,0,125,-53.2686
4.425,0,0,125,-53.3399
4.45,0,0,125,-53.3973
4.475,0,0,125,-53.4416
4.5,0,0,125,-53.4738
4.525,0,0,125,-53.4947
4.55,0,0,125,-53.5052
4.575,0,0,125,-53.5064
4.6,0,0,125,-53.4993
4.625,0,0,125,-53.485
4.65,0,0,125,-53.4646
4.675,0,0,125,-53.4391
4.7,0,0,125,-53.4099
4.725,0,0,125,-53.3779
4.75,0,0,125,-53.3444
4.775,0,0,125,-53.3104
4.8,0,0,125,-53.2772
4.825,0,0,125,-53.2457
4.85,0,0,125,-53.217
4.875,0,0,125,-53.1919
4.9,0,0,125,-53.1707
4.925,0,0,125,-53.1539
4.95,0,0,125,-53.1412
4.975,0,0,125,-53.1328
5,0,0,125,-53.1286
