0,0,0,125,-8.29044
0.025,0,0,125,-8.28618
0.05,0,0,125,-8.27778
0.075,0,0,125,-8.26559
0.1,0,0,125,-8.25006
0.125,0,0,125,-8.23177
0.15,0,0,125,-8.21125
0.175,0,0,125,-8.18897
0.2,0,0,125,-8.16525
0.225,0,0,125,-8.14035
0.25,0,0,125,-8.11447
0.275,0,0,125,-8.0878
0.3,0,0,125,-8.06053
0.325,0,0,125,-8.03282
0.35,0,0,125,-8.00485
0.375,0,0,125,-7.97676
0.4,0,0,125,-7.94872
0.425,0,0,125,-7.92087
0.45,0,0,125,-7.89335
0.475,0,0,125,-7.86629
0.5,0,0,125,-7.83983
0.525,0,0,125,-7.8141
0.55,0,0,125,-7.78923
0.575,0,0,125,-7.76534
0.6,0,0,125,-7.74254
0.625,0,0,125,-7.72096
0.65,0,0,125,-7.70071
0.675,0,0,125,-7.6819
0.7,0,0,125,-7.66467
0.725,0,0,125,-7.64911
0.75,0,0,125,-7.63534
0.775,0,0,125,-7.62348
0.8,0,0,125,-7.61365
0.825,0,0,125,-7.60596
0.85,0,0,125,-7.60053
0.875,0,0,125,-7.59748
0.9,0,0,125,-7.59693
0.925,0,0,125,-7.59902
0.95,0,0,125,-7.60385
0.975,0,0,125,-7.61156
1,0,0,125,-7.62227
1.025,0,0,125,-7.63613
1.05,0,0,125,-7.65325
1.075,0,0,125,-7.67378
1.1,0,0,125,-7.69787
1.125,0,0,125,-7.72566
1.15,0,0,125,-7.75728
1.175,0,0,125,-7.79291
1.2,0,0,125,-7.83268
1.225,0,0,125,-7.87677
1.25,0,0,125,-7.92532
1.275,0,0,125,-7.97852
1.3,0,0,125,-8.03652
1.325,0,0,125,-8.09951
1.35,0,0,125,-8.16766
1.375,0,0,125,-8.24117
1.4,0,0,125,-8.3202
1.425,0,0,125,-8.40495
1.45,0,0,125,-8.49563
1.475,0,0,125,-8.59242
1.5,0,0,125,-8.69552
1.525,0,0,125,-8.80515
1.55,0,0,125,-8.92151
1.575,0,0,125,-9.04482
1.6,0,0,125,-9.17529
1.625,0,0,125,-9.31316
1.65,0,0,125,-9.45864
1.675,0,0,125,-9.61196
1.7,0,0,125,-9.77337
1.725,0,0,125,-9.94311
1.75,0,0,125,-10.1214
1.775,0,0,125,-10.3086
1.8,0,0,125,-10.5048
1.825,0,0,125,-10.7103
1.85,0,0,125,-10.9256
1.875,0,0,125,-11.1507
1.9,0,0,125,-11.386
1.925,0,0,125,-11.6318
1.95,0,0,125,-11.8884
1.975,0,0,125,-12.1562
2,0,0,125,-12.4355
2.025,0,0,125,-12.7265
2.05,0,0,125,-13.0297
2.075,0,0,125,-13.3455
2.1,0,0,125,-13.6742
2.125,0,0,125,-14.0161
2.15,0,0,125,-14.3718
2.175,0,0,125,-14.7416
2.2,0,0,125,-15.126
2.225,0,0,125,-15.5254
2.25,0,0,125,-15.9402
2.275,0,0,125,-16.3709
2.3,0,0,125,-16.818
2.325,0,0,125,-17.2819
2.35,0,0,125,-17.7632
2.375,0,0,125,-18.2623
2.4,0,0,125,-18.7798
2.425,0,0,125,-19.3161
2.45,0,0,125,-19.8718
2.475,0,0,125,-20.4474
2.5,0,0,125,-21.0433
2.525,0,0,125,-21.6601
2.55,0,0,125,-22.2984
2.575,0,0,125,-22.9585
2.6,0,0,125,-23.6411
2.625,0,0,125,-24.3466
2.65,0,0,125,-25.0756
2.675,0,0,125,-25.8285
2.7,0,0,125,-26.6057
2.725,0,0,125,-27.4079
2.75,0,0,125,-28.2355
2.775,0,0,125,-29.0888
2.8,0,0,125,-29.9684
2.825,0,0,125,-30.8746
2.85,0,0,125,-31.8078
2.875,0,0,125,-32.7682
2.9,0,0,125,-33.7561
2.925,0,0,125,-34.7716
2.95,0,0,125,-35.8147
2.975,0,0,125,-36.8852
3,0,0,125,-37.9828
3.025,0,0,125,-39.1068
3.05,0,0,125,-40.2565
3.075,0,0,125,-41.4308
3.1,0,0,125,-42.6282
3.125,0,0,125,-43.847
3.15,0,0,125,-45.0852
3.175,0,0,125,-46.3404
3.2,0,0,125,-47.6098
3.225,0,0,125,-48.8905
3.25,0,0,125,-50.179
3.275,0,0,125,-51.4719
3.3,0,0,125,-52.7653
3.325,0,0,125,-54.0554
3.35,0,0,125,-55.338
3.375,0,0,125,-56.6092
3.4,0,0,125,-57.865
3.425,0,0,125,-59.1014
3.45,0,0,125,-60.3148
3.475,0,0,125,-61.5015
3.5,0,0,125,-62.6583
3.525,0,0,125,-63.7824
3.55,0,0,125,-64.8712
3.575,0,0,125,-65.9223
3.6,0,0,125,-66.9341
3.625,0,0,125,-67.9051
3.65,0,0,125,-68.8343
3.675,0,0,125,-69.721
3.7,0,0,125,-70.565
3.725,0,0,125,-71.3662
3.75,0,0,125,-72.125
3.775,0,0,125,-72.842
3.8,0,0,125,-73.518
3.825,0,0,125,-74.1542
3.85,0,0,125,-74.7516
3.875,0,0,125,-75.3118
3.9,0,0,125,-75.836
3.925,0,0,125,-76.326
3.95,0,0,125,-76.7831
3.975,0,0,125,-77.2092
4,0,0,125,-77.6057
4.025,0,0,125,-77.9743
4.05,0,0,125,-78.3166
4.075,0,0,125,-78.6342
4.1,0,0,125,-78.9286
4.125,0,0,125,-79.2012
4.15,0,0,125,-79.4534
4.175,0,0,125,-79.6866
4.2,0,0,125,-79.9021
4.225,0,0,125,-80.1011
4.25,0,0,125,-80.2846
4.275,0,0,125,-80.4539
4.3,0,0,125,-80.6099
4.325,0,0,125,-80.7536
4.35,0,0,125,-80.8858
4.375,0,0,125,-81.0074
4.4,0,0,125,-81.1192
4.425,0,0,125,-81.2219
4.45,0,0,125,-81.3161
4.475,0,0,125,-81.4025
4.5,0,0,125,-81.4817
4.525,0,0,125,-81.5541
4.55,0,0,125,-81.6203
4.575,0,0,125,-81.6807
4.6,0,0,125,-81.7357
4.625,0,0,125,-81.7857
4.65,0,0,125,-81.831
4.675,0,0,125,-81.872
4.7,0,0,125,-81.9089
4.725,0,0,125,-81.9421
4.75,0,0,125,-81.9716
4.775,0,0,125,-81.9979
4.8,0,0,125,-82.0209
4.825,0,0,125,-82.0409
4.85,0,0,125,-82.0581
4.875,0,0,125,-82.0726
4.9,0,0,125,-82.0845
4.925,0,0,125,-82.0939
4.95,0,0,125,-82.1008
4.975,0,0,125,-82.1054
5,0,0,125,-82.1077
