0,0,0,125,-83.5616
0.025,0,0,125,-83.562
0.05,0,0,125,-83.5628
0.075,0,0,125,-83.5639
0.1,0,0,125,-83.5653
0.125,0,0,125,-83.5669
0.15,0,0,125,-83.5686
0.175,0,0,125,-83.5704
0.2,0,0,125,-83.5722
0.225,0,0,125,-83.5739
0.25,0,0,125,-83.5757
0.275,0,0,125,-83.5773
0.3,0,0,125,-83.5789
0.325,0,0,125,-83.5804
0.35,0,0,125,-83.5818
0.375,0,0,125,-83.5831
0.4,0,0,125,-83.5843
0.425,0,0,125,-83.5853
0.45,0,0,125,-83.5861
0.475,0,0,125,-83.5869
0.5,0,0,125,-83.5874
0.525,0,0,125,-83.5878
0.55,0,0,125,-83.588
0.575,0,0,125,-83.588
0.6,0,0,125,-83.5879
0.625,0,0,125,-83.5875
0.65,0,0,125,-83.587
0.675,0,0,125,-83.5863
0.7,0,0,125,-83.5853
0.725,0,0,125,-83.5842
0.75,0,0,125,-83.5828
0.775,0,0,125,-83.5812
0.8,0,0,125,-83.5793
0.825,0,0,125,-83.5773
0.85,0,0,125,-83.5749
0.875,0,0,125,-83.5724
0.9,0,0,125,-83.5696
0.925,0,0,125,-83.5665
0.95,0,0,125,-83.5633
0.975,0,0,125,-83.5597
1,0,0,125,-83.5559
1.025,0,0,125,-83.5519
1.05,0,0,125,-83.5475
1.075,0,0,125,-83.5429
1.1,0,0,125,-83.5381
1.125,0,0,125,-83.5329
1.15,0,0,125,-83.5275
1.175,0,0,125,-83.5217
1.2,0,0,125,-83.5157
1.225,0,0,125,-83.5094
1.25,0,0,125,-83.5028
1.275,0,0,125,-83.4958
1.3,0,0,125,-83.4886
1.325,0,0,125,-83.481
1.35,0,0,125,-83.4731
1.375,0,0,125,-83.4649
1.4,0,0,125,-83.4564
1.425,0,0,125,-83.4476
1.45,0,0,125,-83.4385
1.475,0,0,125,-83.4291
1.5,0,0,125,-83.4193
1.525,0,0,125,-83.4092
1.55,0,0,125,-83.3989
1.575,0,0,125,-83.3882
1.6,0,0,125,-83.3773
1.625,0,0,125,-83.366
1.65,0,0,125,-83.3545
1.675,0,0,125,-83.3427
1.7,0,0,125,-83.3307
1.725,0,0,125,-83.3184
1.75,0,0,125,-83.3058
1.775,0,0,125,-83.293
1.8,0,0,125,-83.28
1.825,0,0,125,-83.2667
1.85,0,0,125,-83.2533
1.875,0,0,125,-83.2397
1.9,0,0,125,-83.2258
1.925,0,0,125,-83.2118
1.95,0,0,125,-83.1977
1.975,0,0,125,-83.1834
2,0,0,125,-83.1689
2.025,0,0,125,-83.1544
2.05,0,0,125,-83.1397
2.075,0,0,125,-83.1249
2.1,0,0,125,-83.11
2.125,0,0,125,-83.0951
2.15,0,0,125,-83.08
2.175,0,0,125,-83.0649
2.2,0,0,125,-83.0498
2.225,0,0,125,-83.0346
2.25,0,0,125,-83.0193
2.275,0,0,125,-83.004
2.3,0,0,125,-82.9886
2.325,0,0,125,-82.9732
2.35,0,0,125,-82.9577
2.375,0,0,125,-82.9422
2.4,0,0,125,-82.9266
2.425,0,0,125,-82.9109
2.45,0,0,125,-82.8952
2.475,0,0,125,-82.8794
2.5,0,0,125,-82.8635
2.525,0,0,125,-82.8475
2.55,0,0,125,-82.8314
2.575,0,0,125,-82.8151
2.6,0,0,125,-82.7987
2.625,0,0,125,-82.7821
2.65,0,0,125,-82.7653
2.675,0,0,125,-82.7483
2.7,0,0,125,-82.731
2.725,0,0,125,-82.7135
2.75,0,0,125,-82.6956
2.775,0,0,125,-82.6774
2.8,0,0,125,-82.6588
2.825,0,0,125,-82.6398
2.85,0,0,125,-82.6203
2.875,0,0,125,-82.6004
2.9,0,0,125,-82.5799
2.925,0,0,125,-82.5588
2.95,0,0,125,-82.5371
2.975,0,0,125,-82.5148
3,0,0,125,-82.4917
3.025,0,0,125,-82.4679
3.05,0,0,125,-82.4432
3.075,0,0,125,-82.4177
3.1,0,0,125,-82.3913
3.125,0,0,125,-82.3639
3.15,0,0,125,-82.3355
3.175,0,0,125,-82.3061
3.2,0,0,125,-82.2755
3.225,0,0,125,-82.2438
3.25,0,0,125,-82.2108
3.275,0,0,125,-82.1766
3.3,0,0,125,-82.1411
3.325,0,0,125,-82.1042
3.35,0,0,125,-82.0659
3.375,0,0,125,-82.0262
3.4,0,0,125,-81.985
3.425,0,0,125,-81.9423
3.45,0,0,125,-81.898
3.475,0,0,125,-81.8522
3.5,0,0,125,-81.8047
3.525,0,0,125,-81.7556
3.55,0,0,125,-81.7049
3.575,0,0,125,-81.6525
3.6,0,0,125,-81.5984
3.625,0,0,125,-81.5427
3.65,0,0,125,-81.4852
3.675,0,0,125,-81.4261
3.7,0,0,125,-81.3653
3.725,0,0,125,-81.3029
3.75,0,0,125,-81.2389
3.775,0,0,125,-81.1733
3.8,0,0,125,-81.1061
3.825,0,0,125,-81.0375
3.85,0,0,125,-80.9674
3.875,0,0,125,-80.8959
3.9,0,0,125,-80.8231
3.925,0,0,125,-80.749
3.95,0,0,125,-80.6738
3.975,0,0,125,-80.5974
4,0,0,125,-80.5201
4.025,0,0,125,-80.4419
4.05,0,0,125,-80.3629
4.075,0,0,125,-80.2833
4.1,0,0,125,-80.2031
4.125,0,0,125,-80.1225
4.15,0,0,125,-80.0416
4.175,0,0,125,-79.9605
4.2,0,0,125,-79.8794
4.225,0,0,125,-79.7985
4.25,0,0,125,-79.7178
4.275,0,0,125,-79.6376
4.3,0,0,125,-79.558
4.325,0,0,125,-79.4792
4.35,0,0,125,-79.4012
4.375,0,0,125,-79.3244
4.4,0,0,125,-79.2488
4.425,0,0,125,-79.1746
4.45,0,0,125,-79.102
4.475,0,0,125,-79.0311
4.5,0,0,125,-78.9622
4.525,0,0,125,-78.8953
4.55,0,0,125,-78.8306
4.575,0,0,125,-78.7684
4.6,0,0,125,-78.7086
4.625,0,0,125,-78.6515
4.65,0,0,125,-78.5972
4.675,0,0,125,-78.5459
4.7,0,0,125,-78.4977
4.725,0,0,125,-78.4527
4.75,0,0,125,-78.4109
4.775,0,0,125,-78.3726
4.8,0,0,125,-78.3379
4.825,0,0,125,-78.3067
4.85,0,0,125,-78.2793
4.875,0,0,125,-78.2556
4.9,0,0,125,-78.2357
4.925,0,0,125,-78.2198
4.95,0,0,125,-78.2078
4.975,0,0,125,-78.1998
5,0,0,125,-78.1957
