0,0,0,125,13.5082
0.025,0,0,125,13.5116
0.05,0,0,125,13.5182
0.075,0,0,125,13.5277
0.1,0,0,125,13.5397
0.125,0,0,125,13.5538
0.15,0,0,125,13.5694
0.175,0,0,125,13.5862
0.2,0,0,125,13.6038
0.225,0,0,125,13.6223
0.25,0,0,125,13.6414
0.275,0,0,125,13.6612
0.3,0,0,125,13.6814
0.325,0,0,125,13.7021
0.35,0,0,125,13.7231
0.375,0,0,125,13.7445
0.4,0,0,125,13.7662
0.425,0,0,125,13.7881
0.45,0,0,125,13.8103
0.475,0,0,125,13.8326
0.5,0,0,125,13.8551
0.525,0,0,125,13.8777
0.55,0,0,125,13.9004
0.575,0,0,125,13.9232
0.6,0,0,125,13.9461
0.625,0,0,125,13.9691
0.65,0,0,125,13.992
0.675,0,0,125,14.015
0.7,0,0,125,14.038
0.725,0,0,125,14.0611
0.75,0,0,125,14.0841
0.775,0,0,125,14.1071
0.8,0,0,125,14.1302
0.825,0,0,125,14.1532
0.85,0,0,125,14.1761
0.875,0,0,125,14.1991
0.9,0,0,125,14.222
0.925,0,0,125,14.2449
0.95,0,0,125,14.2677
0.975,0,0,125,14.2905
1,0,0,125,14.3132
1.025,0,0,125,14.3359
1.05,0,0,125,14.3586
1.075,0,0,125,14.3812
1.1,0,0,125,14.4037
1.125,0,0,125,14.4262
1.15,0,0,125,14.4486
1.175,0,0,125,14.4709
1.2,0,0,125,14.4932
1.225,0,0,125,14.5155
1.25,0,0,125,14.5376
1.275,0,0,125,14.5597
1.3,0,0,125,14.5817
1.325,0,0,125,14.6037
1.35,0,0,125,14.6256
1.375,0,0,125,14.6474
1.4,0,0,125,14.6692
1.425,0,0,125,14.6908
1.45,0,0,125,14.7124
1.475,0,0,125,14.734
1.5,0,0,125,14.7554
1.525,0,0,125,14.7768
1.55,0,0,125,14.7981
1.575,0,0,125,14.8193
1.6,0,0,125,14.8404
1.625,0,0,125,14.8615
1.65,0,0,125,14.8824
1.675,0,0,125,14.9033
1.7,0,0,125,14.9241
1.725,0,0,125,14.9448
1.75,0,0,125,14.9655
1.775,0,0,125,14.986
1.8,0,0,125,15.0065
1.825,0,0,125,15.0268
1.85,0,0,125,15.0471
1.875,0,0,125,15.0673
1.9,0,0,125,15.0874
1.925,0,0,125,15.1074
1.95,0,0,125,15.1273
1.975,0,0,125,15.1471
2,0,0,125,15.1668
2.025,0,0,125,15.1864
2.05,0,0,125,15.2059
2.075,0,0,125,15.2253
2.1,0,0,125,15.2446
2.125,0,0,125,15.2638
2.15,0,0,125,15.2829
2.175,0,0,125,15.3019
2.2,0,0,125,15.3208
2.225,0,0,125,15.3396
2.25,0,0,125,15.3583
2.275,0,0,125,15.3768
2.3,0,0,125,15.3953
2.325,0,0,125,15.4137
2.35,0,0,125,15.4319
2.375,0,0,125,15.45
2.4,0,0,125,15.468
2.425,0,0,125,15.4859
2.45,0,0,125,15.5037
2.475,0,0,125,15.5214
2.5,0,0,125,15.539
2.525,0,0,125,15.5564
2.55,0,0,125,15.5737
2.575,0,0,125,15.5909
2.6,0,0,125,15.608
2.625,0,0,125,15.625
2.65,0,0,125,15.6418
2.675,0,0,125,15.6586
2.7,0,0,125,15.6752
2.725,0,0,125,15.6917
2.75,0,0,125,15.708
2.775,0,0,125,15.7243
2.8,0,0,125,15.7404
2.825,0,0,125,15.7564
2.85,0,0,125,15.7723
2.875,0,0,125,15.7881
2.9,0,0,125,15.8037
2.925,0,0,125,15.8192
2.95,0,0,125,15.8346
2.975,0,0,125,15.8499
3,0,0,125,15.8651
3.025,0,0,125,15.8801
3.05,0,0,125,15.895
3.075,0,0,125,15.9098
3.1,0,0,125,15.9245
3.125,0,0,125,15.9391
3.15,0,0,125,15.9536
3.175,0,0,125,15.9679
3.2,0,0,125,15.9822
3.225,0,0,125,15.9963
3.25,0,0,125,16.0103
3.275,0,0,125,16.0242
3.3,0,0,125,16.0381
3.325,0,0,125,16.0518
3.35,0,0,125,16.0654
3.375,0,0,125,16.0789
3.4,0,0,125,16.0923
3.425,0,0,125,16.1057
3.45,0,0,125,16.1189
3.475,0,0,125,16.1321
3.5,0,0,125,16.1451
3.525,0,0,125,16.1581
3.55,0,0,125,16.1711
3.575,0,0,125,16.1839
3.6,0,0,125,16.1967
3.625,0,0,125,16.2094
3.65,0,0,125,16.2221
3.675,0,0,125,16.2347
3.7,0,0,125,16.2473
3.725,0,0,125,16.2598
3.75,0,0,125,16.2723
3.775,0,0,125,16.2847
3.8,0,0,125,16.2971
3.825,0,0,125,16.3095
3.85,0,0,125,16.3219
3.875,0,0,125,16.3342
3.9,0,0,125,16.3466
3.925,0,0,125,16.3589
3.95,0,0,125,16.3712
3.975,0,0,125,16.3835
4,0,0,125,16.3958
4.025,0,0,125,16.4082
4.05,0,0,125,16.4205
4.075,0,0,125,16.4329
4.1,0,0,125,16.4453
4.125,0,0,125,16.4576
4.15,0,0,125,16.4701
4.175,0,0,125,16.4825
4.2,0,0,125,16.4949
4.225,0,0,125,16.5074
4.25,0,0,125,16.5199
4.275,0,0,125,16.5323
4.3,0,0,125,16.5448
4.325,0,0,125,16.5573
4.35,0,0,125,16.5698
4.375,0,0,125,16.5822
4.4,0,0,125,16.5946
4.425,0,0,125,16.607
4.45,0,0,125,16.6193
4.475,0,0,125,16.6315
4.5,0,0,125,16.6436
4.525,0,0,125,16.6556
4.55,0,0,125,16.6674
4.575,0,0,125,16.679
4.6,0,0,125,16.6904
4.625,0,0,125,16.7015
4.65,0,0,125,16.7123
4.675,0,0,125,16.7228
4.7,0,0,125,16.7329
4.725,0,0,125,16.7426
4.75,0,0,125,16.7518
4.775,0,0,125,16.7605
4.8,0,0,125,16.7685
4.825,0,0,125,16.7759
4.85,0,0,125,16.7826
4.875,0,0,125,16.7886
4.9,0,0,125,16.7937
4.925,0,0,125,16.7979
4.95,0,0,125,16.8011
4.975,0,0,125,16.8033
5,0,0,125,16.8044
