0,0,0,125,-11.2068
0.025,0,0,125,-11.2028
0.05,0,0,125,-11.195
0.075,0,0,125,-11.1836
0.1,0,0,125,-11.1688
0.125,0,0,125,-11.1511
0.15,0,0,125,-11.1309
0.175,0,0,125,-11.1084
0.2,0,0,125,-11.0839
0.225,0,0,125,-11.0575
0.25,0,0,125,-11.0294
0.275,0,0,125,-10.9996
0.3,0,0,125,-10.9682
0.325,0,0,125,-10.9353
0.35,0,0,125,-10.9011
0.375,0,0,125,-10.8655
0.4,0,0,125,-10.8288
0.425,0,0,125,-10.7909
0.45,0,0,125,-10.7519
0.475,0,0,125,-10.7119
0.5,0,0,125,-10.671
0.525,0,0,125,-10.6291
0.55,0,0,125,-10.5865
0.575,0,0,125,-10.543
0.6,0,0,125,-10.4989
0.625,0,0,125,-10.454
0.65,0,0,125,-10.4085
0.675,0,0,125,-10.3624
0.7,0,0,125,-10.3157
0.725,0,0,125,-10.2685
0.75,0,0,125,-10.2208
0.775,0,0,125,-10.1727
0.8,0,0,125,-10.1241
0.825,0,0,125,-10.0751
0.85,0,0,125,-10.0258
0.875,0,0,125,-9.97609
0.9,0,0,125,-9.9261
0.925,0,0,125,-9.8758
0.95,0,0,125,-9.82524
0.975,0,0,125,-9.77442
1,0,0,125,-9.72338
1.025,0,0,125,-9.67213
1.05,0,0,125,-9.62069
1.075,0,0,125,-9.56907
1.1,0,0,125,-9.51729
1.125,0,0,125,-9.46537
1.15,0,0,125,-9.41332
1.175,0,0,125,-9.36116
1.2,0,0,125,-9.30889
1.225,0,0,125,-9.25654
1.25,0,0,125,-9.20411
1.275,0,0,125,-9.15161
1.3,0,0,125,-9.09906
1.325,0,0,125,-9.04646
1.35,0,0,125,-8.99382
1.375,0,0,125,-8.94116
1.4,0,0,125,-8.88847
1.425,0,0,125,-8.83576
1.45,0,0,125,-8.78305
1.475,0,0,125,-8.73033
1.5,0,0,125,-8.67762
1.525,0,0,125,-8.62492
1.55,0,0,125,-8.57223
1.575,0,0,125,-8.51956
1.6,0,0,125,-8.46692
1.625,0,0,125,-8.41431
1.65,0,0,125,-8.36173
1.675,0,0,125,-8.30918
1.7,0,0,125,-8.25668
1.725,0,0,125,-8.20422
1.75,0,0,125,-8.15181
1.775,0,0,125,-8.09944
1.8,0,0,125,-8.04714
1.825,0,0,125,-7.99488
1.85,0,0,125,-7.94269
1.875,0,0,125,-7.89055
1.9,0,0,125,-7.83848
1.925,0,0,125,-7.78647
1.95,0,0,125,-7.73453
1.975,0,0,125,-7.68265
2,0,0,125,-7.63084
2.025,0,0,125,-7.57911
2.05,0,0,125,-7.52745
2.075,0,0,125,-7.47586
2.1,0,0,125,-7.42434
2.125,0,0,125,-7.37291
2.15,0,0,125,-7.32154
2.175,0,0,125,-7.27026
2.2,0,0,125,-7.21906
2.225,0,0,125,-7.16793
2.25,0,0,125,-7.11689
2.275,0,0,125,-7.06592
2.3,0,0,125,-7.01504
2.325,0,0,125,-6.96424
2.35,0,0,125,-6.91352
2.375,0,0,125,-6.86288
2.4,0,0,125,-6.81233
2.425,0,0,125,-6.76186
2.45,0,0,125,-6.71148
2.475,0,0,125,-6.66118
2.5,0,0,125,-6.61096
2.525,0,0,125,-6.56083
2.55,0,0,125,-6.51079
2.575,0,0,125,-6.46083
2.6,0,0,125,-6.41096
2.625,0,0,125,-6.36118
2.65,0,0,125,-6.31148
2.675,0,0,125,-6.26187
2.7,0,0,125,-6.21235
2.725,0,0,125,-6.16292
2.75,0,0,125,-6.11357
2.775,0,0,125,-6.06431
2.8,0,0,125,-6.01515
2.825,0,0,125,-5.96607
2.85,0,0,125,-5.91708
2.875,0,0,125,-5.86818
2.9,0,0,125,-5.81937
2.925,0,0,125,-5.77065
2.95,0,0,125,-5.72202
2.975,0,0,125,-5.67347
3,0,0,125,-5.62502
3.025,0,0,125,-5.57666
3.05,0,0,125,-5.52838
3.075,0,0,125,-5.4802
3.1,0,0,125,-5.43211
3.125,0,0,125,-5.38411
3.15,0,0,125,-5.33621
3.175,0,0,125,-5.2884
3.2,0,0,125,-5.24068
3.225,0,0,125,-5.19306
3.25,0,0,125,-5.14553
3.275,0,0,125,-5.09811
3.3,0,0,125,-5.05078
3.325,0,0,125,-5.00355
3.35,0,0,125,-4.95643
3.375,0,0,125,-4.9094
3.4,0,0,125,-4.86249
3.425,0,0,125,-4.81568
3.45,0,0,125,-4.76897
3.475,0,0,125,-4.72239
3.5,0,0,125,-4.67591
3.525,0,0,125,-4.62955
3.55,0,0,125,-4.58331
3.575,0,0,125,-4.53719
3.6,0,0,125,-4.49121
3.625,0,0,125,-4.44534
3.65,0,0,125,-4.39962
3.675,0,0,125,-4.35403
3.7,0,0,125,-4.30859
3.725,0,0,125,-4.26329
3.75,0,0,125,-4.21815
3.775,0,0,125,-4.17316
3.8,0,0,125,-4.12835
3.825,0,0,125,-4.0837
3.85,0,0,125,-4.03924
3.875,0,0,125,-3.99497
3.9,0,0,125,-3.95089
3.925,0,0,125,-3.90703
3.95,0,0,125,-3.86338
3.975,0,0,125,-3.81996
4,0,0,125,-3.77679
4.025,0,0,125,-3.73387
4.05,0,0,125,-3.69121
4.075,0,0,125,-3.64883
4.1,0,0,125,-3.60674
4.125,0,0,125,-3.56496
4.15,0,0,125,-3.52351
4.175,0,0,125,-3.4824
4.2,0,0,125,-3.44166
4.225,0,0,125,-3.40131
4.25,0,0,125,-3.36138
4.275,0,0,125,-3.32189
4.3,0,0,125,-3.28287
4.325,0,0,125,-3.24435
4.35,0,0,125,-3.20635
4.375,0,0,125,-3.16893
4.4,0,0,125,-3.13211
4.425,0,0,125,-3.09594
4.45,0,0,125,-3.06045
4.475,0,0,125,-3.0257
4.5,0,0,125,-2.99172
4.525,0,0,125,-2.95857
4.55,0,0,125,-2.92632
4.575,0,0,125,-2.89501
4.6,0,0,125,-2.86471
4.625,0,0,125,-2.83549
4.65,0,0,125,-2.80741
4.675,0,0,125,-2.78056
4.7,0,0,125,-2.755
4.725,0,0,125,-2.73083
4.75,0,0,125,-2.70813
4.775,0,0,125,-2.68699
4.8,0,0,125,-2.66751
4.825,0,0,125,-2.64978
4.85,0,0,125,-2.63391
4.875,0,0,125,-2.62001
4.9,0,0,125,-2.60818
4.925,0,0,125,-2.59854
4.95,0,0,125,-2.5912
4.975,0,0,125,-2.58625
5,0,0,125,-2.58376
