0,0,0,125,-4.18603
0.025,0,0,125,-4.18748
0.05,0,0,125,-4.19044
0.075,0,0,125,-4.195
0.1,0,0,125,-4.20136
0.125,0,0,125,-4.20975
0.15,0,0,125,-4.22043
0.175,0,0,125,-4.23362
0.2,0,0,125,-4.24947
0.225,0,0,125,-4.26806
0.25,0,0,125,-4.28944
0.275,0,0,125,-4.31359
0.3,0,0,125,-4.34051
0.325,0,0,125,-4.37014
0.35,0,0,125,-4.40241
0.375,0,0,125,-4.43725
0.4,0,0,125,-4.47457
0.425,0,0,125,-4.51427
0.45,0,0,125,-4.55626
0.475,0,0,125,-4.60044
0.5,0,0,125,-4.6467
0.525,0,0,125,-4.69497
0.55,0,0,125,-4.74513
0.575,0,0,125,-4.79711
0.6,0,0,125,-4.85082
0.625,0,0,125,-4.90619
0.65,0,0,125,-4.96314
0.675,0,0,125,-5.02161
0.7,0,0,125,-5.08154
0.725,0,0,125,-5.14288
0.75,0,0,125,-5.20558
0.775,0,0,125,-5.2696
0.8,0,0,125,-5.33492
0.825,0,0,125,-5.40149
0.85,0,0,125,-5.46931
0.875,0,0,125,-5.53835
0.9,0,0,125,-5.60861
0.925,0,0,125,-5.68008
0.95,0,0,125,-5.75276
0.975,0,0,125,-5.82666
1,0,0,125,-5.90179
1.025,0,0,125,-5.97816
1.05,0,0,125,-6.05579
1.075,0,0,125,-6.13471
1.1,0,0,125,-6.21495
1.125,0,0,125,-6.29653
1.15,0,0,125,-6.37948
1.175,0,0,125,-6.46386
1.2,0,0,125,-6.54969
1.225,0,0,125,-6.63703
1.25,0,0,125,-6.72592
1.275,0,0,125,-6.8164
1.3,0,0,125,-6.90854
1.325,0,0,125,-7.00238
1.35,0,0,125,-7.09798
1.375,0,0,125,-7.1954
1.4,0,0,125,-7.2947
1.425,0,0,125,-7.39595
1.45,0,0,125,-7.4992
1.475,0,0,125,-7.60453
1.5,0,0,125,-7.712
1.525,0,0,125,-7.82169
1.55,0,0,125,-7.93365
1.575,0,0,125,-8.04797
1.6,0,0,125,-8.16472
1.625,0,0,125,-8.28398
1.65,0,0,125,-8.40582
1.675,0,0,125,-8.53031
1.7,0,0,125,-8.65755
1.725,0,0,125,-8.7876
1.75,0,0,125,-8.92055
1.775,0,0,125,-9.05649
1.8,0,0,125,-9.19549
1.825,0,0,125,-9.33764
1.85,0,0,125,-9.48302
1.875,0,0,125,-9.63172
1.9,0,0,125,-9.78383
1.925,0,0,125,-9.93943
1.95,0,0,125,-10.0986
1.975,0,0,125,-10.2615
2,0,0,125,-10.4281
2.025,0,0,125,-10.5985
2.05,0,0,125,-10.7729
2.075,0,0,125,-10.9513
2.1,0,0,125,-11.1338
2.125,0,0,125,-11.3205
2.15,0,0,125,-11.5114
2.175,0,0,125,-11.7067
2.2,0,0,125,-11.9065
2.225,0,0,125,-12.1108
2.25,0,0,125,-12.3197
2.275,0,0,125,-12.5333
2.3,0,0,125,-12.7516
2.325,0,0,125,-12.9748
2.35,0,0,125,-13.2028
2.375,0,0,125,-13.4358
2.4,0,0,125,-13.6739
2.425,0,0,125,-13.917
2.45,0,0,125,-14.1652
2.475,0,0,125,-14.4187
2.5,0,0,125,-14.6773
2.525,0,0,125,-14.9412
2.55,0,0,125,-15.2103
2.575,0,0,125,-15.4847
2.6,0,0,125,-15.7645
2.625,0,0,125,-16.0495
2.65,0,0,125,-16.3398
2.675,0,0,125,-16.6354
2.7,0,0,125,-16.9363
2.725,0,0,125,-17.2423
2.75,0,0,125,-17.5535
2.775,0,0,125,-17.8697
2.8,0,0,125,-18.191
2.825,0,0,125,-18.5171
2.85,0,0,125,-18.8481
2.875,0,0,125,-19.1838
2.9,0,0,125,-19.5239
2.925,0,0,125,-19.8685
2.95,0,0,125,-20.2173
2.975,0,0,125,-20.5702
3,0,0,125,-20.9269
3.025,0,0,125,-21.2872
3.05,0,0,125,-21.6509
3.075,0,0,125,-22.0177
3.1,0,0,125,-22.3874
3.125,0,0,125,-22.7597
3.15,0,0,125,-23.1342
3.175,0,0,125,-23.5107
3.2,0,0,125,-23.8889
3.225,0,0,125,-24.2682
3.25,0,0,125,-24.6485
3.275,0,0,125,-25.0294
3.3,0,0,125,-25.4103
3.325,0,0,125,-25.7909
3.35,0,0,125,-26.1708
3.375,0,0,125,-26.5495
3.4,0,0,125,-26.9266
3.425,0,0,125,-27.3016
3.45,0,0,125,-27.6741
3.475,0,0,125,-28.0435
3.5,0,0,125,-28.4093
3.525,0,0,125,-28.771
3.55,0,0,125,-29.1282
3.575,0,0,125,-29.4803
3.6,0,0,125,-29.8267
3.625,0,0,125,-30.167
3.65,0,0,125,-30.5006
3.675,0,0,125,-30.827
3.7,0,0,125,-31.1456
3.725,0,0,125,-31.4559
3.75,0,0,125,-31.7575
3.775,0,0,125,-32.0497
3.8,0,0,125,-32.3321
3.825,0,0,125,-32.6041
3.85,0,0,125,-32.8654
3.875,0,0,125,-33.1154
3.9,0,0,125,-33.3537
3.925,0,0,125,-33.58
3.95,0,0,125,-33.7937
3.975,0,0,125,-33.9945
4,0,0,125,-34.1821
4.025,0,0,125,-34.3563
4.05,0,0,125,-34.5167
4.075,0,0,125,-34.6632
4.1,0,0,125,-34.7955
4.125,0,0,125,-34.9136
4.15,0,0,125,-35.0174
4.175,0,0,125,-35.1068
4.2,0,0,125,-35.182
4.225,0,0,125,-35.243
4.25,0,0,125,-35.2899
4.275,0,0,125,-35.3231
4.3,0,0,125,-35.3427
4.325,0,0,125,-35.3492
4.35,0,0,125,-35.3429
4.375,0,0,125,-35.3244
4.4,0,0,125,-35.2942
4.425,0,0,125,-35.2529
4.45,0,0,125,-35.2012
4.475,0,0,125,-35.14
4.5,0,0,125,-35.07
4.525,0,0,125,-34.9921
4.55,0,0,125,-34.9074
4.575,0,0,125,-34.8169
4.6,0,0,125,-34.7216
4.625,0,0,125,-34.6228
4.65,0,0,125,-34.5216
4.675,0,0,125,-34.4193
4.7,0,0,125,-34.3172
4.725,0,0,125,-34.2168
4.75,0,0,125,-34.1194
4.775,0,0,125,-34.0265
4.8,0,0,125,-33.9394
4.825,0,0,125,-33.8597
4.85,0,0,125,-33.7886
4.875,0,0,125,-33.7273
4.9,0,0,125,-33.6762
4.925,0,0,125,-33.6356
4.95,0,0,125,-33.6053
4.975,0,0,125,-33.5852
5,0,0,125,-33.5752
