0,0,0,125,-82.9727
0.025,0,0,125,-82.9732
0.05,0,0,125,-82.974
0.075,0,0,125,-82.9752
0.1,0,0,125,-82.9768
0.125,0,0,125,-82.9785
0.15,0,0,125,-82.9805
0.175,0,0,125,-82.9825
0.2,0,0,125,-82.9846
0.225,0,0,125,-82.9866
0.25,0,0,125,-82.9887
0.275,0,0,125,-82.9908
0.3,0,0,125,-82.9929
0.325,0,0,125,-82.995
0.35,0,0,125,-82.997
0.375,0,0,125,-82.999
0.4,0,0,125,-83.001
0.425,0,0,125,-83.0029
0.45,0,0,125,-83.0048
0.475,0,0,125,-83.0067
0.5,0,0,125,-83.0085
0.525,0,0,125,-83.0103
0.55,0,0,125,-83.0121
0.575,0,0,125,-83.0139
0.6,0,0,125,-83.0157
0.625,0,0,125,-83.0174
0.65,0,0,125,-83.0192
0.675,0,0,125,-83.0209
0.7,0,0,125,-83.0226
0.725,0,0,125,-83.0243
0.75,0,0,125,-83.0259
0.775,0,0,125,-83.0276
0.8,0,0,125,-83.0293
0.825,0,0,125,-83.0309
0.85,0,0,125,-83.0326
0.875,0,0,125,-83.0343
0.9,0,0,125,-83.036
0.925,0,0,125,-83.0377
0.95,0,0,125,-83.0395
0.975,0,0,125,-83.0412
1,0,0,125,-83.0429
1.025,0,0,125,-83.0447
1.05,0,0,125,-83.0464
1.075,0,0,125,-83.0482
1.1,0,0,125,-83.05
1.125,0,0,125,-83.0519
1.15,0,0,125,-83.0537
1.175,0,0,125,-83.0557
1.2,0,0,125,-83.0576
1.225,0,0,125,-83.0596
1.25,0,0,125,-83.0616
1.275,0,0,125,-83.0637
1.3,0,0,125,-83.0658
1.325,0,0,125,-83.0679
1.35,0,0,125,-83.07
1.375,0,0,125,-83.0722
1.4,0,0,125,-83.0745
1.425,0,0,125,-83.0767
1.45,0,0,125,-83.0791
1.475,0,0,125,-83.0814
1.5,0,0,125,-83.0838
1.525,0,0,125,-83.0863
1.55,0,0,125,-83.0888
1.575,0,0,125,-83.0914
1.6,0,0,125,-83.094
1.625,0,0,125,-83.0967
1.65,0,0,125,-83.0995
1.675,0,0,125,-83.1023
1.7,0,0,125,-83.1052
1.725,0,0,125,-83.1081
1.75,0,0,125,-83.1112
1.775,0,0,125,-83.1143
1.8,0,0,125,-83.1175
1.825,0,0,125,-83.1207
1.85,0,0,125,-83.1241
1.875,0,0,125,-83.1275
1.9,0,0,125,-83.131
1.925,0,0,125,-83.1346
1.95,0,0,125,-83.1383
1.975,0,0,125,-83.142
2,0,0,125,-83.1459
2.025,0,0,125,-83.1499
2.05,0,0,125,-83.1539
2.075,0,0,125,-83.1581
2.1,0,0,125,-83.1623
2.125,0,0,125,-83.1667
2.15,0,0,125,-83.1712
2.175,0,0,125,-83.1758
2.2,0,0,125,-83.1805
2.225,0,0,125,-83.1854
2.25,0,0,125,-83.1903
2.275,0,0,125,-83.1954
2.3,0,0,125,-83.2005
2.325,0,0,125,-83.2058
2.35,0,0,125,-83.2112
2.375,0,0,125,-83.2167
2.4,0,0,125,-83.2224
2.425,0,0,125,-83.2282
2.45,0,0,125,-83.2342
2.475,0,0,125,-83.2403
2.5,0,0,125,-83.2465
2.525,0,0,125,-83.2528
2.55,0,0,125,-83.2593
2.575,0,0,125,-83.2659
2.6,0,0,125,-83.2727
2.625,0,0,125,-83.2795
2.65,0,0,125,-83.2864
2.675,0,0,125,-83.2934
2.7,0,0,125,-83.3005
2.725,0,0,125,-83.3076
2.75,0,0,125,-83.3149
2.775,0,0,125,-83.3223
2.8,0,0,125,-83.3297
2.825,0,0,125,-83.3372
2.85,0,0,125,-83.3448
2.875,0,0,125,-83.3524
2.9,0,0,125,-83.3601
2.925,0,0,125,-83.3679
2.95,0,0,125,-83.3757
2.975,0,0,125,-83.3836
3,0,0,125,-83.3915
3.025,0,0,125,-83.3994
3.05,0,0,125,-83.4073
3.075,0,0,125,-83.4153
3.1,0,0,125,-83.4233
3.125,0,0,125,-83.4312
3.15,0,0,125,-83.4392
3.175,0,0,125,-83.4471
3.2,0,0,125,-83.455
3.225,0,0,125,-83.4628
3.25,0,0,125,-83.4707
3.275,0,0,125,-83.4784
3.3,0,0,125,-83.4861
3.325,0,0,125,-83.4937
3.35,0,0,125,-83.5012
3.375,0,0,125,-83.5087
3.4,0,0,125,-83.5161
3.425,0,0,125,-83.5234
3.45,0,0,125,-83.5307
3.475,0,0,125,-83.5378
3.5,0,0,125,-83.5448
3.525,0,0,125,-83.5517
3.55,0,0,125,-83.5585
3.575,0,0,125,-83.5652
3.6,0,0,125,-83.5717
3.625,0,0,125,-83.578
3.65,0,0,125,-83.5843
3.675,0,0,125,-83.5904
3.7,0,0,125,-83.5963
3.725,0,0,125,-83.6021
3.75,0,0,125,-83.6078
3.775,0,0,125,-83.6133
3.8,0,0,125,-83.6186
3.825,0,0,125,-83.6238
3.85,0,0,125,-83.6288
3.875,0,0,125,-83.6337
3.9,0,0,125,-83.6383
3.925,0,0,125,-83.6428
3.95,0,0,125,-83.6472
3.975,0,0,125,-83.6513
4,0,0,125,-83.6554
4.025,0,0,125,-83.6592
4.05,0,0,125,-83.6629
4.075,0,0,125,-83.6665
4.1,0,0,125,-83.67
4.125,0,0,125,-83.6733
4.15,0,0,125,-83.6764
4.175,0,0,125,-83.6794
4.2,0,0,125,-83.6823
4.225,0,0,125,-83.6851
4.25,0,0,125,-83.6877
4.275,0,0,125,-83.6901
4.3,0,0,125,-83.6925
4.325,0,0,125,-83.6947
4.35,0,0,125,-83.6967
4.375,0,0,125,-83.6987
4.4,0,0,125,-83.7005
4.425,0,0,125,-83.7022
4.45,0,0,125,-83.7037
4.475,0,0,125,-83.7052
4.5,0,0,125,-83.7066
4.525,0,0,125,-83.7078
4.55,0,0,125,-83.709
4.575,0,0,125,-83.71
4.6,0,0,125,-83.7109
4.625,0,0,125,-83.7118
4.65,0,0,125,-83.7126
4.675,0,0,125,-83.7133
4.7,0,0,125,-83.7139
4.725,0,0,125,-83.7144
4.75,0,0,125,-83.7148
4.775,0,0,125,-83.7152
4.8,0,0,125,-83.7155
4.825,0,0,125,-83.7158
4.85,0,0,125,-83.716
4.875,0,0,125,-83.7161
4.9,0,0,125,-83.7162
4.925,0,0,125,-83.7163
4.95,0,0,125,-83.7163
4.975,0,0,125,-83.7163
5,0,0,125,-83.7164
