0,0,0,125,-77.1241
0.025,0,0,125,-77.1304
0.05,0,0,125,-77.143
0.075,0,0,125,-77.1619
0.1,0,0,125,-77.187
0.125,0,0,125,-77.2181
0.15,0,0,125,-77.2552
0.175,0,0,125,-77.2981
0.2,0,0,125,-77.3468
0.225,0,0,125,-77.4009
0.25,0,0,125,-77.4603
0.275,0,0,125,-77.5249
0.3,0,0,125,-77.5943
0.325,0,0,125,-77.6683
0.35,0,0,125,-77.7468
0.375,0,0,125,-77.8293
0.4,0,0,125,-77.9157
0.425,0,0,125,-78.0056
0.45,0,0,125,-78.0989
0.475,0,0,125,-78.1951
0.5,0,0,125,-78.294
0.525,0,0,125,-78.3953
0.55,0,0,125,-78.4987
0.575,0,0,125,-78.6039
0.6,0,0,125,-78.7106
0.625,0,0,125,-78.8185
0.65,0,0,125,-78.9274
0.675,0,0,125,-79.037
0.7,0,0,125,-79.1469
0.725,0,0,125,-79.2571
0.75,0,0,125,-79.3671
0.775,0,0,125,-79.4768
0.8,0,0,125,-79.5859
0.825,0,0,125,-79.6943
0.85,0,0,125,-79.8017
0.875,0,0,125,-79.908
0.9,0,0,125,-80.0129
0.925,0,0,125,-80.1163
0.95,0,0,125,-80.2181
0.975,0,0,125,-80.3181
1,0,0,125,-80.4162
1.025,0,0,125,-80.5122
1.05,0,0,125,-80.6062
1.075,0,0,125,-80.698
1.1,0,0,125,-80.7875
1.125,0,0,125,-80.8748
1.15,0,0,125,-80.9596
1.175,0,0,125,-81.0421
1.2,0,0,125,-81.1221
1.225,0,0,125,-81.1997
1.25,0,0,125,-81.2748
1.275,0,0,125,-81.3475
1.3,0,0,125,-81.4177
1.325,0,0,125,-81.4856
1.35,0,0,125,-81.551
1.375,0,0,125,-81.614
1.4,0,0,125,-81.6748
1.425,0,0,125,-81.7332
1.45,0,0,125,-81.7894
1.475,0,0,125,-81.8434
1.5,0,0,125,-81.8953
1.525,0,0,125,-81.9451
1.55,0,0,125,-81.9928
1.575,0,0,125,-82.0386
1.6,0,0,125,-82.0825
1.625,0,0,125,-82.1246
1.65,0,0,125,-82.1649
1.675,0,0,125,-82.2036
1.7,0,0,125,-82.2406
1.725,0,0,125,-82.276
1.75,0,0,125,-82.3099
1.775,0,0,125,-82.3424
1.8,0,0,125,-82.3735
1.825,0,0,125,-82.4034
1.85,0,0,125,-82.432
1.875,0,0,125,-82.4594
1.9,0,0,125,-82.4857
1.925,0,0,125,-82.5109
1.95,0,0,125,-82.5351
1.975,0,0,125,-82.5584
2,0,0,125,-82.5807
2.025,0,0,125,-82.6023
2.05,0,0,125,-82.623
2.075,0,0,125,-82.643
2.1,0,0,125,-82.6622
2.125,0,0,125,-82.6808
2.15,0,0,125,-82.6988
2.175,0,0,125,-82.7161
2.2,0,0,125,-82.7329
2.225,0,0,125,-82.7492
2.25,0,0,125,-82.765
2.275,0,0,125,-82.7804
2.3,0,0,125,-82.7953
2.325,0,0,125,-82.8098
2.35,0,0,125,-82.8239
2.375,0,0,125,-82.8377
2.4,0,0,125,-82.8511
2.425,0,0,125,-82.8642
2.45,0,0,125,-82.877
2.475,0,0,125,-82.8895
2.5,0,0,125,-82.9017
2.525,0,0,125,-82.9137
2.55,0,0,125,-82.9254
2.575,0,0,125,-82.9369
2.6,0,0,125,-82.9482
2.625,0,0,125,-82.9592
2.65,0,0,125,-82.9701
2.675,0,0,125,-82.9808
2.7,0,0,125,-82.9912
2.725,0,0,125,-83.0015
2.75,0,0,125,-83.0116
2.775,0,0,125,-83.0215
2.8,0,0,125,-83.0312
2.825,0,0,125,-83.0408
2.85,0,0,125,-83.0502
2.875,0,0,125,-83.0594
2.9,0,0,125,-83.0684
2.925,0,0,125,-83.0774
2.95,0,0,125,-83.0861
2.975,0,0,125,-83.0947
3,0,0,125,-83.1031
3.025,0,0,125,-83.1113
3.05,0,0,125,-83.1194
3.075,0,0,125,-83.1274
3.1,0,0,125,-83.1351
3.125,0,0,125,-83.1427
3.15,0,0,125,-83.1502
3.175,0,0,125,-83.1575
3.2,0,0,125,-83.1646
3.225,0,0,125,-83.1715
3.25,0,0,125,-83.1783
3.275,0,0,125,-83.185
3.3,0,0,125,-83.1914
3.325,0,0,125,-83.1977
3.35,0,0,125,-83.2039
3.375,0,0,125,-83.2098
3.4,0,0,125,-83.2156
3.425,0,0,125,-83.2211
3.45,0,0,125,-83.2265
3.475,0,0,125,-83.2318
3.5,0,0,125,-83.2368
3.525,0,0,125,-83.2417
3.55,0,0,125,-83.2465
3.575,0,0,125,-83.251
3.6,0,0,125,-83.2554
3.625,0,0,125,-83.2597
3.65,0,0,125,-83.2637
3.675,0,0,125,-83.2676
3.7,0,0,125,-83.2713
3.725,0,0,125,-83.2748
3.75,0,0,125,-83.2782
3.775,0,0,125,-83.2814
3.8,0,0,125,-83.2843
3.825,0,0,125,-83.2872
3.85,0,0,125,-83.2898
3.875,0,0,125,-83.2922
3.9,0,0,125,-83.2945
3.925,0,0,125,-83.2966
3.95,0,0,125,-83.2985
3.975,0,0,125,-83.3003
4,0,0,125,-83.3018
4.025,0,0,125,-83.3032
4.05,0,0,125,-83.3044
4.075,0,0,125,-83.3054
4.1,0,0,125,-83.3062
4.125,0,0,125,-83.3069
4.15,0,0,125,-83.3073
4.175,0,0,125,-83.3076
4.2,0,0,125,-83.3078
4.225,0,0,125,-83.3078
4.25,0,0,125,-83.3076
4.275,0,0,125,-83.3072
4.3,0,0,125,-83.3067
4.325,0,0,125,-83.3061
4.35,0,0,125,-83.3053
4.375,0,0,125,-83.3043
4.4,0,0,125,-83.3032
4.425,0,0,125,-83.302
4.45,0,0,125,-83.3006
4.475,0,0,125,-83.2991
4.5,0,0,125,-83.2974
4.525,0,0,125,-83.2957
4.55,0,0,125,-83.2938
4.575,0,0,125,-83.2919
4.6,0,0,125,-83.2899
4.625,0,0,125,-83.2877
4.65,0,0,125,-83.2855
4.675,0,0,125,-83.2833
4.7,0,0,125,-83.281
4.725,0,0,125,-83.2786
4.75,0,0,125,-83.2763
4.775,0,0,125,-83.2739
4.8,0,0,125,-83.2716
4.825,0,0,125,-83.2693
4.85,0,0,125,-83.2671
4.875,0,0,125,-83.2651
4.9,0,0,125,-83.2632
4.925,0,0,125,-83.2616
4.95,0,0,125,-83.2603
4.975,0,0,125,-83.2594
5,0,0,125,-83.2589
