0,0,0,125,-82.465
0.025,0,0,125,-82.4653
0.05,0,0,125,-82.4658
0.075,0,0,125,-82.4665
0.1,0,0,125,-82.4673
0.125,0,0,125,-82.4682
0.15,0,0,125,-82.4691
0.175,0,0,125,-82.4699
0.2,0,0,125,-82.4706
0.225,0,0,125,-82.4712
0.25,0,0,125,-82.4716
0.275,0,0,125,-82.4719
0.3,0,0,125,-82.472
0.325,0,0,125,-82.472
0.35,0,0,125,-82.4718
0.375,0,0,125,-82.4714
0.4,0,0,125,-82.4709
0.425,0,0,125,-82.4702
0.45,0,0,125,-82.4694
0.475,0,0,125,-82.4684
0.5,0,0,125,-82.4672
0.525,0,0,125,-82.4659
0.55,0,0,125,-82.4645
0.575,0,0,125,-82.4628
0.6,0,0,125,-82.4611
0.625,0,0,125,-82.4592
0.65,0,0,125,-82.4571
0.675,0,0,125,-82.4549
0.7,0,0,125,-82.4526
0.725,0,0,125,-82.4501
0.75,0,0,125,-82.4475
0.775,0,0,125,-82.4448
0.8,0,0,125,-82.4419
0.825,0,0,125,-82.4389
0.85,0,0,125,-82.4358
0.875,0,0,125,-82.4325
0.9,0,0,125,-82.4291
0.925,0,0,125,-82.4256
0.95,0,0,125,-82.4219
0.975,0,0,125,-82.4181
1,0,0,125,-82.4142
1.025,0,0,125,-82.4102
1.05,0,0,125,-82.406
1.075,0,0,125,-82.4017
1.1,0,0,125,-82.3973
1.125,0,0,125,-82.3927
1.15,0,0,125,-82.3881
1.175,0,0,125,-82.3833
1.2,0,0,125,-82.3783
1.225,0,0,125,-82.3733
1.25,0,0,125,-82.3681
1.275,0,0,125,-82.3628
1.3,0,0,125,-82.3574
1.325,0,0,125,-82.3519
1.35,0,0,125,-82.3462
1.375,0,0,125,-82.3404
1.4,0,0,125,-82.3344
1.425,0,0,125,-82.3283
1.45,0,0,125,-82.3221
1.475,0,0,125,-82.3158
1.5,0,0,125,-82.3093
1.525,0,0,125,-82.3027
1.55,0,0,125,-82.296
1.575,0,0,125,-82.2891
1.6,0,0,125,-82.2821
1.625,0,0,125,-82.275
1.65,0,0,125,-82.2677
1.675,0,0,125,-82.2602
1.7,0,0,125,-82.2526
1.725,0,0,125,-82.2449
1.75,0,0,125,-82.237
1.775,0,0,125,-82.229
1.8,0,0,125,-82.2208
1.825,0,0,125,-82.2125
1.85,0,0,125,-82.204
1.875,0,0,125,-82.1953
1.9,0,0,125,-82.1865
1.925,0,0,125,-82.1776
1.95,0,0,125,-82.1684
1.975,0,0,125,-82.1591
2,0,0,125,-82.1497
2.025,0,0,125,-82.14
2.05,0,0,125,-82.1302
2.075,0,0,125,-82.1203
2.1,0,0,125,-82.1101
2.125,0,0,125,-82.0998
2.15,0,0,125,-82.0893
2.175,0,0,125,-82.0786
2.2,0,0,125,-82.0677
2.225,0,0,125,-82.0566
2.25,0,0,125,-82.0454
2.275,0,0,125,-82.0339
2.3,0,0,125,-82.0223
2.325,0,0,125,-82.0104
2.35,0,0,125,-81.9984
2.375,0,0,125,-81.9862
2.4,0,0,125,-81.9737
2.425,0,0,125,-81.961
2.45,0,0,125,-81.9482
2.475,0,0,125,-81.9351
2.5,0,0,125,-81.9218
2.525,0,0,125,-81.9083
2.55,0,0,125,-81.8945
2.575,0,0,125,-81.8806
2.6,0,0,125,-81.8664
2.625,0,0,125,-81.852
2.65,0,0,125,-81.8374
2.675,0,0,125,-81.8225
2.7,0,0,125,-81.8074
2.725,0,0,125,-81.792
2.75,0,0,125,-81.7765
2.775,0,0,125,-81.7606
2.8,0,0,125,-81.7446
2.825,0,0,125,-81.7283
2.85,0,0,125,-81.7118
2.875,0,0,125,-81.695
2.9,0,0,125,-81.6779
2.925,0,0,125,-81.6606
2.95,0,0,125,-81.6431
2.975,0,0,125,-81.6253
3,0,0,125,-81.6073
3.025,0,0,125,-81.589
3.05,0,0,125,-81.5704
3.075,0,0,125,-81.5516
3.1,0,0,125,-81.5326
3.125,0,0,125,-81.5133
3.15,0,0,125,-81.4937
3.175,0,0,125,-81.4739
3.2,0,0,125,-81.4539
3.225,0,0,125,-81.4336
3.25,0,0,125,-81.413
3.275,0,0,125,-81.3922
3.3,0,0,125,-81.3712
3.325,0,0,125,-81.3499
3.35,0,0,125,-81.3284
3.375,0,0,125,-81.3067
3.4,0,0,125,-81.2847
3.425,0,0,125,-81.2625
3.45,0,0,125,-81.2401
3.475,0,0,125,-81.2175
3.5,0,0,125,-81.1946
3.525,0,0,125,-81.1716
3.55,0,0,125,-81.1484
3.575,0,0,125,-81.125
3.6,0,0,125,-81.1014
3.625,0,0,125,-81.0777
3.65,0,0,125,-81.0538
3.675,0,0,125,-81.0297
3.7,0,0,125,-81.0055
3.725,0,0,125,-80.9812
3.75,0,0,125,-80.9568
3.775,0,0,125,-80.9323
3.8,0,0,125,-80.9077
3.825,0,0,125,-80.883
3.85,0,0,125,-80.8583
3.875,0,0,125,-80.8335
3.9,0,0,125,-80.8087
3.925,0,0,125,-80.7839
3.95,0,0,125,-80.7592
3.975,0,0,125,-80.7344
4,0,0,125,-80.7097
4.025,0,0,125,-80.6851
4.05,0,0,125,-80.6606
4.075,0,0,125,-80.6362
4.1,0,0,125,-80.612
4.125,0,0,125,-80.5879
4.15,0,0,125,-80.564
4.175,0,0,125,-80.5403
4.2,0,0,125,-80.5169
4.225,0,0,125,-80.4938
4.25,0,0,125,-80.4709
4.275,0,0,125,-80.4484
4.3,0,0,125,-80.4262
4.325,0,0,125,-80.4044
4.35,0,0,125,-80.383
4.375,0,0,125,-80.3621
4.4,0,0,125,-80.3416
4.425,0,0,125,-80.3217
4.45,0,0,125,-80.3022
4.475,0,0,125,-80.2833
4.5,0,0,125,-80.2651
4.525,0,0,125,-80.2474
4.55,0,0,125,-80.2304
4.575,0,0,125,-80.2141
4.6,0,0,125,-80.1984
4.625,0,0,125,-80.1835
4.65,0,0,125,-80.1694
4.675,0,0,125,-80.1561
4.7,0,0,125,-80.1436
4.725,0,0,125,-80.1319
4.75,0,0,125,-80.1211
4.775,0,0,125,-80.1112
4.8,0,0,125,-80.1023
4.825,0,0,125,-80.0942
4.85,0,0,125,-80.0871
4.875,0,0,125,-80.081
4.9,0,0,125,-80.0759
4.925,0,0,125,-80.0718
4.95,0,0,125,-80.0686
4.975,0,0,125,-80.0666
5,0,0,125,-80.0655
