0,0,0,125,-79.1128
0.025,0,0,125,-79.1135
0.05,0,0,125,-79.1149
0.075,0,0,125,-79.117
0.1,0,0,125,-79.1197
0.125,0,0,125,-79.1232
0.15,0,0,125,-79.1272
0.175,0,0,125,-79.132
0.2,0,0,125,-79.1374
0.225,0,0,125,-79.1436
0.25,0,0,125,-79.1505
0.275,0,0,125,-79.1581
0.3,0,0,125,-79.1666
0.325,0,0,125,-79.176
0.35,0,0,125,-79.1863
0.375,0,0,125,-79.1976
0.4,0,0,125,-79.2099
0.425,0,0,125,-79.2232
0.45,0,0,125,-79.2377
0.475,0,0,125,-79.2533
0.5,0,0,125,-79.2701
0.525,0,0,125,-79.2881
0.55,0,0,125,-79.3074
0.575,0,0,125,-79.3281
0.6,0,0,125,-79.35
0.625,0,0,125,-79.3734
0.65,0,0,125,-79.3981
0.675,0,0,125,-79.4243
0.7,0,0,125,-79.4519
0.725,0,0,125,-79.481
0.75,0,0,125,-79.5115
0.775,0,0,125,-79.5435
0.8,0,0,125,-79.577
0.825,0,0,125,-79.6119
0.85,0,0,125,-79.6483
0.875,0,0,125,-79.6861
0.9,0,0,125,-79.7254
0.925,0,0,125,-79.766
0.95,0,0,125,-79.8081
0.975,0,0,125,-79.8514
1,0,0,125,-79.8961
1.025,0,0,125,-79.942
1.05,0,0,125,-79.9891
1.075,0,0,125,-80.0373
1.1,0,0,125,-80.0866
1.125,0,0,125,-80.137
1.15,0,0,125,-80.1883
1.175,0,0,125,-80.2404
1.2,0,0,125,-80.2934
1.225,0,0,125,-80.3471
1.25,0,0,125,-80.4015
1.275,0,0,125,-80.4564
1.3,0,0,125,-80.5118
1.325,0,0,125,-80.5676
1.35,0,0,125,-80.6237
1.375,0,0,125,-80.68
1.4,0,0,125,-80.7364
1.425,0,0,125,-80.7929
1.45,0,0,125,-80.8493
1.475,0,0,125,-80.9056
1.5,0,0,125,-80.9616
1.525,0,0,125,-81.0174
1.55,0,0,125,-81.0728
1.575,0,0,125,-81.1277
1.6,0,0,125,-81.1821
1.625,0,0,125,-81.2358
1.65,0,0,125,-81.2889
1.675,0,0,125,-81.3413
1.7,0,0,125,-81.3928
1.725,0,0,125,-81.4435
1.75,0,0,125,-81.4932
1.775,0,0,125,-81.5421
1.8,0,0,125,-81.5899
1.825,0,0,125,-81.6366
1.85,0,0,125,-81.6824
1.875,0,0,125,-81.727
1.9,0,0,125,-81.7705
1.925,0,0,125,-81.8129
1.95,0,0,125,-81.8541
1.975,0,0,125,-81.8942
2,0,0,125,-81.9332
2.025,0,0,125,-81.971
2.05,0,0,125,-82.0076
2.075,0,0,125,-82.0432
2.1,0,0,125,-82.0776
2.125,0,0,125,-82.1109
2.15,0,0,125,-82.1431
2.175,0,0,125,-82.1743
2.2,0,0,125,-82.2044
2.225,0,0,125,-82.2335
2.25,0,0,125,-82.2616
2.275,0,0,125,-82.2888
2.3,0,0,125,-82.3151
2.325,0,0,125,-82.3405
2.35,0,0,125,-82.3651
2.375,0,0,125,-82.3888
2.4,0,0,125,-82.4118
2.425,0,0,125,-82.434
2.45,0,0,125,-82.4555
2.475,0,0,125,-82.4764
2.5,0,0,125,-82.4966
2.525,0,0,125,-82.5162
2.55,0,0,125,-82.5352
2.575,0,0,125,-82.5537
2.6,0,0,125,-82.5718
2.625,0,0,125,-82.5893
2.65,0,0,125,-82.6064
2.675,0,0,125,-82.6231
2.7,0,0,125,-82.6394
2.725,0,0,125,-82.6553
2.75,0,0,125,-82.6709
2.775,0,0,125,-82.6862
2.8,0,0,125,-82.7011
2.825,0,0,125,-82.7158
2.85,0,0,125,-82.7303
2.875,0,0,125,-82.7445
2.9,0,0,125,-82.7585
2.925,0,0,125,-82.7722
2.95,0,0,125,-82.7858
2.975,0,0,125,-82.7991
3,0,0,125,-82.8123
3.025,0,0,125,-82.8253
3.05,0,0,125,-82.8382
3.075,0,0,125,-82.8508
3.1,0,0,125,-82.8634
3.125,0,0,125,-82.8757
3.15,0,0,125,-82.8879
3.175,0,0,125,-82.8999
3.2,0,0,125,-82.9118
3.225,0,0,125,-82.9236
3.25,0,0,125,-82.9352
3.275,0,0,125,-82.9466
3.3,0,0,125,-82.9579
3.325,0,0,125,-82.969
3.35,0,0,125,-82.9799
3.375,0,0,125,-82.9907
3.4,0,0,125,-83.0013
3.425,0,0,125,-83.0117
3.45,0,0,125,-83.022
3.475,0,0,125,-83.0321
3.5,0,0,125,-83.042
3.525,0,0,125,-83.0517
3.55,0,0,125,-83.0612
3.575,0,0,125,-83.0705
3.6,0,0,125,-83.0796
3.625,0,0,125,-83.0885
3.65,0,0,125,-83.0972
3.675,0,0,125,-83.1057
3.7,0,0,125,-83.1139
3.725,0,0,125,-83.1219
3.75,0,0,125,-83.1298
3.775,0,0,125,-83.1374
3.8,0,0,125,-83.1447
3.825,0,0,125,-83.1519
3.85,0,0,125,-83.1589
3.875,0,0,125,-83.1656
3.9,0,0,125,-83.1722
3.925,0,0,125,-83.1785
3.95,0,0,125,-83.1846
3.975,0,0,125,-83.1904
4,0,0,125,-83.1961
4.025,0,0,125,-83.2015
4.05,0,0,125,-83.2066
4.075,0,0,125,-83.2116
4.1,0,0,125,-83.2163
4.125,0,0,125,-83.2209
4.15,0,0,125,-83.2252
4.175,0,0,125,-83.2293
4.2,0,0,125,-83.2332
4.225,0,0,125,-83.2369
4.25,0,0,125,-83.2405
4.275,0,0,125,-83.2438
4.3,0,0,125,-83.2469
4.325,0,0,125,-83.2499
4.35,0,0,125,-83.2527
4.375,0,0,125,-83.2553
4.4,0,0,125,-83.2577
4.425,0,0,125,-83.26
4.45,0,0,125,-83.2621
4.475,0,0,125,-83.2641
4.5,0,0,125,-83.2659
4.525,0,0,125,-83.2676
4.55,0,0,125,-83.2691
4.575,0,0,125,-83.2705
4.6,0,0,125,-83.2718
4.625,0,0,125,-83.273
4.65,0,0,125,-83.274
4.675,0,0,125,-83.275
4.7,0,0,125,-83.2758
4.725,0,0,125,-83.2765
4.75,0,0,125,-83.2771
4.775,0,0,125,-83.2776
4.8,0,0,125,-83.278
4.825,0,0,125,-83.2784
4.85,0,0,125,-83.2786
4.875,0,0,125,-83.2788
4.9,0,0,125,-83.2789
4.925,0,0,125,-83.279
4.95,0,0,125,-83.279
4.975,0,0,125,-83.2791
5,0,0,125,-83.2791
