0,0,0,125,-84.1379
0.025,0,0,125,-84.138
0.05,0,0,125,-84.1383
0.075,0,0,125,-84.1387
0.1,0,0,125,-84.1391
0.125,0,0,125,-84.1396
0.15,0,0,125,-84.1402
0.175,0,0,125,-84.1408
0.2,0,0,125,-84.1414
0.225,0,0,125,-84.1421
0.25,0,0,125,-84.1427
0.275,0,0,125,-84.1434
0.3,0,0,125,-84.1441
0.325,0,0,125,-84.1447
0.35,0,0,125,-84.1454
0.375,0,0,125,-84.146
0.4,0,0,125,-84.1467
0.425,0,0,125,-84.1473
0.45,0,0,125,-84.1479
0.475,0,0,125,-84.1485
0.5,0,0,125,-84.1491
0.525,0,0,125,-84.1497
0.55,0,0,125,-84.1503
0.575,0,0,125,-84.1509
0.6,0,0,125,-84.1514
0.625,0,0,125,-84.152
0.65,0,0,125,-84.1525
0.675,0,0,125,-84.153
0.7,0,0,125,-84.1535
0.725,0,0,125,-84.154
0.75,0,0,125,-84.1545
0.775,0,0,125,-84.155
0.8,0,0,125,-84.1555
0.825,0,0,125,-84.156
0.85,0,0,125,-84.1565
0.875,0,0,125,-84.157
0.9,0,0,125,-84.1575
0.925,0,0,125,-84.1581
0.95,0,0,125,-84.1586
0.975,0,0,125,-84.1592
1,0,0,125,-84.1598
1.025,0,0,125,-84.1604
1.05,0,0,125,-84.161
1.075,0,0,125,-84.1616
1.1,0,0,125,-84.1622
1.125,0,0,125,-84.1628
1.15,0,0,125,-84.1635
1.175,0,0,125,-84.1641
1.2,0,0,125,-84.1648
1.225,0,0,125,-84.1655
1.25,0,0,125,-84.1662
1.275,0,0,125,-84.167
1.3,0,0,125,-84.1677
1.325,0,0,125,-84.1684
1.35,0,0,125,-84.1692
1.375,0,0,125,-84.1699
1.4,0,0,125,-84.1707
1.425,0,0,125,-84.1715
1.45,0,0,125,-84.1723
1.475,0,0,125,-84.1731
1.5,0,0,125,-84.1739
1.525,0,0,125,-84.1747
1.55,0,0,125,-84.1755
1.575,0,0,125,-84.1764
1.6,0,0,125,-84.1772
1.625,0,0,125,-84.1781
1.65,0,0,125,-84.1789
1.675,0,0,125,-84.1798
1.7,0,0,125,-84.1807
1.725,0,0,125,-84.1816
1.75,0,0,125,-84.1825
1.775,0,0,125,-84.1835
1.8,0,0,125,-84.1844
1.825,0,0,125,-84.1855
1.85,0,0,125,-84.1865
1.875,0,0,125,-84.1876
1.9,0,0,125,-84.1887
1.925,0,0,125,-84.1899
1.95,0,0,125,-84.1911
1.975,0,0,125,-84.1923
2,0,0,125,-84.1936
2.025,0,0,125,-84.1949
2.05,0,0,125,-84.1962
2.075,0,0,125,-84.1976
2.1,0,0,125,-84.199
2.125,0,0,125,-84.2004
2.15,0,0,125,-84.2019
2.175,0,0,125,-84.2034
2.2,0,0,125,-84.205
2.225,0,0,125,-84.2065
2.25,0,0,125,-84.2082
2.275,0,0,125,-84.2098
2.3,0,0,125,-84.2115
2.325,0,0,125,-84.2132
2.35,0,0,125,-84.2149
2.375,0,0,125,-84.2166
2.4,0,0,125,-84.2184
2.425,0,0,125,-84.2202
2.45,0,0,125,-84.222
2.475,0,0,125,-84.2239
2.5,0,0,125,-84.2258
2.525,0,0,125,-84.2278
2.55,0,0,125,-84.2298
2.575,0,0,125,-84.2319
2.6,0,0,125,-84.2339
2.625,0,0,125,-84.2361
2.65,0,0,125,-84.2382
2.675,0,0,125,-84.2403
2.7,0,0,125,-84.2425
2.725,0,0,125,-84.2447
2.75,0,0,125,-84.2469
2.775,0,0,125,-84.2491
2.8,0,0,125,-84.2513
2.825,0,0,125,-84.2535
2.85,0,0,125,-84.2558
2.875,0,0,125,-84.258
2.9,0,0,125,-84.2603
2.925,0,0,125,-84.2625
2.95,0,0,125,-84.2648
2.975,0,0,125,-84.2671
3,0,0,125,-84.2694
3.025,0,0,125,-84.2717
3.05,0,0,125,-84.274
3.075,0,0,125,-84.2764
3.1,0,0,125,-84.2787
3.125,0,0,125,-84.281
3.15,0,0,125,-84.2834
3.175,0,0,125,-84.2856
3.2,0,0,125,-84.2879
3.225,0,0,125,-84.2902
3.25,0,0,125,-84.2924
3.275,0,0,125,-84.2947
3.3,0,0,125,-84.2969
3.325,0,0,125,-84.2991
3.35,0,0,125,-84.3013
3.375,0,0,125,-84.3034
3.4,0,0,125,-84.3056
3.425,0,0,125,-84.3077
3.45,0,0,125,-84.3098
3.475,0,0,125,-84.3118
3.5,0,0,125,-84.3138
3.525,0,0,125,-84.3158
3.55,0,0,125,-84.3178
3.575,0,0,125,-84.3197
3.6,0,0,125,-84.3215
3.625,0,0,125,-84.3233
3.65,0,0,125,-84.3251
3.675,0,0,125,-84.3269
3.7,0,0,125,-84.3286
3.725,0,0,125,-84.3302
3.75,0,0,125,-84.3318
3.775,0,0,125,-84.3334
3.8,0,0,125,-84.3349
3.825,0,0,125,-84.3363
3.85,0,0,125,-84.3377
3.875,0,0,125,-84.339
3.9,0,0,125,-84.3403
3.925,0,0,125,-84.3416
3.95,0,0,125,-84.3428
3.975,0,0,125,-84.3439
4,0,0,125,-84.3451
4.025,0,0,125,-84.3461
4.05,0,0,125,-84.3472
4.075,0,0,125,-84.3482
4.1,0,0,125,-84.3492
4.125,0,0,125,-84.3501
4.15,0,0,125,-84.351
4.175,0,0,125,-84.3519
4.2,0,0,125,-84.3527
4.225,0,0,125,-84.3535
4.25,0,0,125,-84.3542
4.275,0,0,125,-84.3549
4.3,0,0,125,-84.3556
4.325,0,0,125,-84.3562
4.35,0,0,125,-84.3568
4.375,0,0,125,-84.3574
4.4,0,0,125,-84.3579
4.425,0,0,125,-84.3584
4.45,0,0,125,-84.3588
4.475,0,0,125,-84.3592
4.5,0,0,125,-84.3595
4.525,0,0,125,-84.3599
4.55,0,0,125,-84.3602
4.575,0,0,125,-84.3604
4.6,0,0,125,-84.3607
4.625,0,0,125,-84.3609
4.65,0,0,125,-84.3611
4.675,0,0,125,-84.3613
4.7,0,0,125,-84.3615
4.725,0,0,125,-84.3616
4.75,0,0,125,-84.3618
4.775,0,0,125,-84.3619
4.8,0,0,125,-84.362
4.825,0,0,125,-84.3621
4.85,0,0,125,-84.3622
4.875,0,0,125,-84.3623
4.9,0,0,125,-84.3624
4.925,0,0,125,-84.3624
4.95,0,0,125,-84.3624
4.975,0,0,125,-84.3624
5,0,0,125,-84.3624
