0,0,0,125,-83.8615
0.025,0,0,125,-83.8617
0.05,0,0,125,-83.8621
0.075,0,0,125,-83.8627
0.1,0,0,125,-83.8634
0.125,0,0,125,-83.8643
0.15,0,0,125,-83.8652
0.175,0,0,125,-83.8662
0.2,0,0,125,-83.8672
0.225,0,0,125,-83.8682
0.25,0,0,125,-83.8692
0.275,0,0,125,-83.8703
0.3,0,0,125,-83.8713
0.325,0,0,125,-83.8723
0.35,0,0,125,-83.8734
0.375,0,0,125,-83.8744
0.4,0,0,125,-83.8754
0.425,0,0,125,-83.8763
0.45,0,0,125,-83.8773
0.475,0,0,125,-83.8782
0.5,0,0,125,-83.8792
0.525,0,0,125,-83.8801
0.55,0,0,125,-83.881
0.575,0,0,125,-83.8818
0.6,0,0,125,-83.8827
0.625,0,0,125,-83.8836
0.65,0,0,125,-83.8844
0.675,0,0,125,-83.8852
0.7,0,0,125,-83.886
0.725,0,0,125,-83.8869
0.75,0,0,125,-83.8877
0.775,0,0,125,-83.8886
0.8,0,0,125,-83.8895
0.825,0,0,125,-83.8904
0.85,0,0,125,-83.8912
0.875,0,0,125,-83.8921
0.9,0,0,125,-83.893
0.925,0,0,125,-83.894
0.95,0,0,125,-83.8949
0.975,0,0,125,-83.8958
1,0,0,125,-83.8968
1.025,0,0,125,-83.8977
1.05,0,0,125,-83.8987
1.075,0,0,125,-83.8997
1.1,0,0,125,-83.9007
1.125,0,0,125,-83.9016
1.15,0,0,125,-83.9026
1.175,0,0,125,-83.9036
1.2,0,0,125,-83.9047
1.225,0,0,125,-83.9057
1.25,0,0,125,-83.9067
1.275,0,0,125,-83.9078
1.3,0,0,125,-83.9089
1.325,0,0,125,-83.91
1.35,0,0,125,-83.9111
1.375,0,0,125,-83.9122
1.4,0,0,125,-83.9134
1.425,0,0,125,-83.9146
1.45,0,0,125,-83.9158
1.475,0,0,125,-83.917
1.5,0,0,125,-83.9184
1.525,0,0,125,-83.9197
1.55,0,0,125,-83.9211
1.575,0,0,125,-83.9225
1.6,0,0,125,-83.9239
1.625,0,0,125,-83.9253
1.65,0,0,125,-83.9268
1.675,0,0,125,-83.9282
1.7,0,0,125,-83.9297
1.725,0,0,125,-83.9312
1.75,0,0,125,-83.9328
1.775,0,0,125,-83.9344
1.8,0,0,125,-83.936
1.825,0,0,125,-83.9377
1.85,0,0,125,-83.9394
1.875,0,0,125,-83.9412
1.9,0,0,125,-83.943
1.925,0,0,125,-83.9448
1.95,0,0,125,-83.9467
1.975,0,0,125,-83.9486
2,0,0,125,-83.9505
2.025,0,0,125,-83.9525
2.05,0,0,125,-83.9545
2.075,0,0,125,-83.9566
2.1,0,0,125,-83.9587
2.125,0,0,125,-83.9608
2.15,0,0,125,-83.963
2.175,0,0,125,-83.9653
2.2,0,0,125,-83.9676
2.225,0,0,125,-83.97
2.25,0,0,125,-83.9725
2.275,0,0,125,-83.975
2.3,0,0,125,-83.9776
2.325,0,0,125,-83.9803
2.35,0,0,125,-83.983
2.375,0,0,125,-83.9857
2.4,0,0,125,-83.9886
2.425,0,0,125,-83.9914
2.45,0,0,125,-83.9944
2.475,0,0,125,-83.9974
2.5,0,0,125,-84.0005
2.525,0,0,125,-84.0036
2.55,0,0,125,-84.0068
2.575,0,0,125,-84.0101
2.6,0,0,125,-84.0134
2.625,0,0,125,-84.0167
2.65,0,0,125,-84.0201
2.675,0,0,125,-84.0235
2.7,0,0,125,-84.027
2.725,0,0,125,-84.0305
2.75,0,0,125,-84.0341
2.775,0,0,125,-84.0377
2.8,0,0,125,-84.0413
2.825,0,0,125,-84.0449
2.85,0,0,125,-84.0486
2.875,0,0,125,-84.0523
2.9,0,0,125,-84.056
2.925,0,0,125,-84.0597
2.95,0,0,125,-84.0634
2.975,0,0,125,-84.0671
3,0,0,125,-84.0709
3.025,0,0,125,-84.0746
3.05,0,0,125,-84.0784
3.075,0,0,125,-84.0821
3.1,0,0,125,-84.0859
3.125,0,0,125,-84.0897
3.15,0,0,125,-84.0934
3.175,0,0,125,-84.0971
3.2,0,0,125,-84.1008
3.225,0,0,125,-84.1045
3.25,0,0,125,-84.1082
3.275,0,0,125,-84.1119
3.3,0,0,125,-84.1155
3.325,0,0,125,-84.1191
3.35,0,0,125,-84.1226
3.375,0,0,125,-84.1261
3.4,0,0,125,-84.1296
3.425,0,0,125,-84.133
3.45,0,0,125,-84.1363
3.475,0,0,125,-84.1396
3.5,0,0,125,-84.1428
3.525,0,0,125,-84.1459
3.55,0,0,125,-84.149
3.575,0,0,125,-84.152
3.6,0,0,125,-84.1549
3.625,0,0,125,-84.1578
3.65,0,0,125,-84.1606
3.675,0,0,125,-84.1634
3.7,0,0,125,-84.1661
3.725,0,0,125,-84.1687
3.75,0,0,125,-84.1713
3.775,0,0,125,-84.1738
3.8,0,0,125,-84.1762
3.825,0,0,125,-84.1785
3.85,0,0,125,-84.1808
3.875,0,0,125,-84.183
3.9,0,0,125,-84.1851
3.925,0,0,125,-84.1871
3.95,0,0,125,-84.1891
3.975,0,0,125,-84.191
4,0,0,125,-84.1929
4.025,0,0,125,-84.1947
4.05,0,0,125,-84.1964
4.075,0,0,125,-84.198
4.1,0,0,125,-84.1996
4.125,0,0,125,-84.2011
4.15,0,0,125,-84.2026
4.175,0,0,125,-84.204
4.2,0,0,125,-84.2053
4.225,0,0,125,-84.2066
4.25,0,0,125,-84.2078
4.275,0,0,125,-84.2089
4.3,0,0,125,-84.21
4.325,0,0,125,-84.211
4.35,0,0,125,-84.2119
4.375,0,0,125,-84.2128
4.4,0,0,125,-84.2136
4.425,0,0,125,-84.2144
4.45,0,0,125,-84.2151
4.475,0,0,125,-84.2157
4.5,0,0,125,-84.2163
4.525,0,0,125,-84.2169
4.55,0,0,125,-84.2175
4.575,0,0,125,-84.218
4.6,0,0,125,-84.2184
4.625,0,0,125,-84.2189
4.65,0,0,125,-84.2192
4.675,0,0,125,-84.2196
4.7,0,0,125,-84.2199
4.725,0,0,125,-84.2202
4.75,0,0,125,-84.2204
4.775,0,0,125,-84.2206
4.8,0,0,125,-84.2208
4.825,0,0,125,-84.2209
4.85,0,0,125,-84.221
4.875,0,0,125,-84.2211
4.9,0,0,125,-84.2212
4.925,0,0,125,-84.2212
4.95,0,0,125,-84.2212
4.975,0,0,125,-84.2212
5,0,0,125,-84.2213
