0,0,0,125,-82.559
0.025,0,0,125,-82.5595
0.05,0,0,125,-82.5605
0.075,0,0,125,-82.562
0.1,0,0,125,-82.5639
0.125,0,0,125,-82.5661
0.15,0,0,125,-82.5684
0.175,0,0,125,-82.5709
0.2,0,0,125,-82.5734
0.225,0,0,125,-82.5759
0.25,0,0,125,-82.5785
0.275,0,0,125,-82.581
0.3,0,0,125,-82.5836
0.325,0,0,125,-82.5861
0.35,0,0,125,-82.5886
0.375,0,0,125,-82.5911
0.4,0,0,125,-82.5935
0.425,0,0,125,-82.5959
0.45,0,0,125,-82.5983
0.475,0,0,125,-82.6007
0.5,0,0,125,-82.603
0.525,0,0,125,-82.6053
0.55,0,0,125,-82.6076
0.575,0,0,125,-82.6099
0.6,0,0,125,-82.6122
0.625,0,0,125,-82.6144
0.65,0,0,125,-82.6167
0.675,0,0,125,-82.6189
0.7,0,0,125,-82.6211
0.725,0,0,125,-82.6233
0.75,0,0,125,-82.6256
0.775,0,0,125,-82.6278
0.8,0,0,125,-82.6301
0.825,0,0,125,-82.6323
0.85,0,0,125,-82.6346
0.875,0,0,125,-82.6369
0.9,0,0,125,-82.6392
0.925,0,0,125,-82.6415
0.95,0,0,125,-82.6438
0.975,0,0,125,-82.6462
1,0,0,125,-82.6486
1.025,0,0,125,-82.6511
1.05,0,0,125,-82.6535
1.075,0,0,125,-82.656
1.1,0,0,125,-82.6585
1.125,0,0,125,-82.661
1.15,0,0,125,-82.6636
1.175,0,0,125,-82.6662
1.2,0,0,125,-82.6689
1.225,0,0,125,-82.6716
1.25,0,0,125,-82.6743
1.275,0,0,125,-82.6771
1.3,0,0,125,-82.6799
1.325,0,0,125,-82.6827
1.35,0,0,125,-82.6856
1.375,0,0,125,-82.6885
1.4,0,0,125,-82.6915
1.425,0,0,125,-82.6945
1.45,0,0,125,-82.6975
1.475,0,0,125,-82.7006
1.5,0,0,125,-82.7037
1.525,0,0,125,-82.7069
1.55,0,0,125,-82.7101
1.575,0,0,125,-82.7134
1.6,0,0,125,-82.7168
1.625,0,0,125,-82.7202
1.65,0,0,125,-82.7236
1.675,0,0,125,-82.7271
1.7,0,0,125,-82.7307
1.725,0,0,125,-82.7343
1.75,0,0,125,-82.738
1.775,0,0,125,-82.7417
1.8,0,0,125,-82.7456
1.825,0,0,125,-82.7495
1.85,0,0,125,-82.7535
1.875,0,0,125,-82.7576
1.9,0,0,125,-82.7617
1.925,0,0,125,-82.766
1.95,0,0,125,-82.7703
1.975,0,0,125,-82.7748
2,0,0,125,-82.7793
2.025,0,0,125,-82.784
2.05,0,0,125,-82.7888
2.075,0,0,125,-82.7936
2.1,0,0,125,-82.7986
2.125,0,0,125,-82.8037
2.15,0,0,125,-82.809
2.175,0,0,125,-82.8144
2.2,0,0,125,-82.8199
2.225,0,0,125,-82.8255
2.25,0,0,125,-82.8313
2.275,0,0,125,-82.8373
2.3,0,0,125,-82.8433
2.325,0,0,125,-82.8496
2.35,0,0,125,-82.856
2.375,0,0,125,-82.8625
2.4,0,0,125,-82.8691
2.425,0,0,125,-82.8759
2.45,0,0,125,-82.8829
2.475,0,0,125,-82.8899
2.5,0,0,125,-82.8972
2.525,0,0,125,-82.9045
2.55,0,0,125,-82.912
2.575,0,0,125,-82.9197
2.6,0,0,125,-82.9275
2.625,0,0,125,-82.9354
2.65,0,0,125,-82.9434
2.675,0,0,125,-82.9516
2.7,0,0,125,-82.9599
2.725,0,0,125,-82.9684
2.75,0,0,125,-82.9769
2.775,0,0,125,-82.9856
2.8,0,0,125,-82.9944
2.825,0,0,125,-83.0032
2.85,0,0,125,-83.0122
2.875,0,0,125,-83.0212
2.9,0,0,125,-83.0304
2.925,0,0,125,-83.0396
2.95,0,0,125,-83.0488
2.975,0,0,125,-83.0581
3,0,0,125,-83.0675
3.025,0,0,125,-83.0769
3.05,0,0,125,-83.0864
3.075,0,0,125,-83.0958
3.1,0,0,125,-83.1053
3.125,0,0,125,-83.1148
3.15,0,0,125,-83.1243
3.175,0,0,125,-83.1338
3.2,0,0,125,-83.1432
3.225,0,0,125,-83.1526
3.25,0,0,125,-83.162
3.275,0,0,125,-83.1713
3.3,0,0,125,-83.1805
3.325,0,0,125,-83.1897
3.35,0,0,125,-83.1988
3.375,0,0,125,-83.2078
3.4,0,0,125,-83.2167
3.425,0,0,125,-83.2255
3.45,0,0,125,-83.2342
3.475,0,0,125,-83.2428
3.5,0,0,125,-83.2512
3.525,0,0,125,-83.2596
3.55,0,0,125,-83.2678
3.575,0,0,125,-83.2758
3.6,0,0,125,-83.2837
3.625,0,0,125,-83.2914
3.65,0,0,125,-83.299
3.675,0,0,125,-83.3064
3.7,0,0,125,-83.3136
3.725,0,0,125,-83.3207
3.75,0,0,125,-83.3275
3.775,0,0,125,-83.3342
3.8,0,0,125,-83.3406
3.825,0,0,125,-83.3469
3.85,0,0,125,-83.353
3.875,0,0,125,-83.359
3.9,0,0,125,-83.3647
3.925,0,0,125,-83.3702
3.95,0,0,125,-83.3756
3.975,0,0,125,-83.3807
4,0,0,125,-83.3857
4.025,0,0,125,-83.3905
4.05,0,0,125,-83.395
4.075,0,0,125,-83.3994
4.1,0,0,125,-83.4036
4.125,0,0,125,-83.4076
4.15,0,0,125,-83.4115
4.175,0,0,125,-83.4151
4.2,0,0,125,-83.4186
4.225,0,0,125,-83.422
4.25,0,0,125,-83.4252
4.275,0,0,125,-83.4282
4.3,0,0,125,-83.431
4.325,0,0,125,-83.4337
4.35,0,0,125,-83.4362
4.375,0,0,125,-83.4386
4.4,0,0,125,-83.4408
4.425,0,0,125,-83.4429
4.45,0,0,125,-83.4448
4.475,0,0,125,-83.4466
4.5,0,0,125,-83.4482
4.525,0,0,125,-83.4498
4.55,0,0,125,-83.4511
4.575,0,0,125,-83.4524
4.6,0,0,125,-83.4536
4.625,0,0,125,-83.4546
4.65,0,0,125,-83.4556
4.675,0,0,125,-83.4564
4.7,0,0,125,-83.4571
4.725,0,0,125,-83.4577
4.75,0,0,125,-83.4583
4.775,0,0,125,-83.4587
4.8,0,0,125,-83.4591
4.825,0,0,125,-83.4594
4.85,0,0,125,-83.4596
4.875,0,0,125,-83.4598
4.9,0,0,125,-83.4599
4.925,0,0,125,-83.46
4.95,0,0,125,-83.46
4.975,0,0,125,-83.46
5,0,0,125,-83.46
