0,0,0,125,-81.0642
0.025,0,0,125,-81.0638
0.05,0,0,125,-81.0627
0.075,0,0,125,-81.0612
0.1,0,0,125,-81.0591
0.125,0,0,125,-81.0563
0.15,0,0,125,-81.0529
0.175,0,0,125,-81.0487
0.2,0,0,125,-81.0437
0.225,0,0,125,-81.038
0.25,0,0,125,-81.0315
0.275,0,0,125,-81.0242
0.3,0,0,125,-81.0162
0.325,0,0,125,-81.0073
0.35,0,0,125,-80.9977
0.375,0,0,125,-80.9874
0.4,0,0,125,-80.9762
0.425,0,0,125,-80.9643
0.45,0,0,125,-80.9516
0.475,0,0,125,-80.9382
0.5,0,0,125,-80.924
0.525,0,0,125,-80.9091
0.55,0,0,125,-80.8934
0.575,0,0,125,-80.877
0.6,0,0,125,-80.8598
0.625,0,0,125,-80.8419
0.65,0,0,125,-80.8232
0.675,0,0,125,-80.8038
0.7,0,0,125,-80.7837
0.725,0,0,125,-80.7628
0.75,0,0,125,-80.7412
0.775,0,0,125,-80.7189
0.8,0,0,125,-80.6958
0.825,0,0,125,-80.672
0.85,0,0,125,-80.6475
0.875,0,0,125,-80.6222
0.9,0,0,125,-80.5961
0.925,0,0,125,-80.5693
0.95,0,0,125,-80.5418
0.975,0,0,125,-80.5135
1,0,0,125,-80.4845
1.025,0,0,125,-80.4547
1.05,0,0,125,-80.4241
1.075,0,0,125,-80.3928
1.1,0,0,125,-80.3607
1.125,0,0,125,-80.3278
1.15,0,0,125,-80.2941
1.175,0,0,125,-80.2596
1.2,0,0,125,-80.2244
1.225,0,0,125,-80.1883
1.25,0,0,125,-80.1515
1.275,0,0,125,-80.1138
1.3,0,0,125,-80.0754
1.325,0,0,125,-80.0361
1.35,0,0,125,-79.9959
1.375,0,0,125,-79.955
1.4,0,0,125,-79.9131
1.425,0,0,125,-79.8705
1.45,0,0,125,-79.827
1.475,0,0,125,-79.7826
1.5,0,0,125,-79.7373
1.525,0,0,125,-79.6912
1.55,0,0,125,-79.6441
1.575,0,0,125,-79.5962
1.6,0,0,125,-79.5474
1.625,0,0,125,-79.4976
1.65,0,0,125,-79.4469
1.675,0,0,125,-79.3953
1.7,0,0,125,-79.3428
1.725,0,0,125,-79.2893
1.75,0,0,125,-79.2349
1.775,0,0,125,-79.1794
1.8,0,0,125,-79.123
1.825,0,0,125,-79.0657
1.85,0,0,125,-79.0073
1.875,0,0,125,-78.9479
1.9,0,0,125,-78.8876
1.925,0,0,125,-78.8262
1.95,0,0,125,-78.7638
1.975,0,0,125,-78.7003
2,0,0,125,-78.6358
2.025,0,0,125,-78.5702
2.05,0,0,125,-78.5036
2.075,0,0,125,-78.4359
2.1,0,0,125,-78.3672
2.125,0,0,125,-78.2973
2.15,0,0,125,-78.2264
2.175,0,0,125,-78.1544
2.2,0,0,125,-78.0812
2.225,0,0,125,-78.0069
2.25,0,0,125,-77.9316
2.275,0,0,125,-77.855
2.3,0,0,125,-77.7774
2.325,0,0,125,-77.6986
2.35,0,0,125,-77.6187
2.375,0,0,125,-77.5376
2.4,0,0,125,-77.4554
2.425,0,0,125,-77.372
2.45,0,0,125,-77.2874
2.475,0,0,125,-77.2017
2.5,0,0,125,-77.1147
2.525,0,0,125,-77.0267
2.55,0,0,125,-76.9374
2.575,0,0,125,-76.8469
2.6,0,0,125,-76.7553
2.625,0,0,125,-76.6625
2.65,0,0,125,-76.5685
2.675,0,0,125,-76.4734
2.7,0,0,125,-76.377
2.725,0,0,125,-76.2795
2.75,0,0,125,-76.1808
2.775,0,0,125,-76.0809
2.8,0,0,125,-75.9799
2.825,0,0,125,-75.8777
2.85,0,0,125,-75.7743
2.875,0,0,125,-75.6698
2.9,0,0,125,-75.5641
2.925,0,0,125,-75.4574
2.95,0,0,125,-75.3495
2.975,0,0,125,-75.2405
3,0,0,125,-75.1304
3.025,0,0,125,-75.0192
3.05,0,0,125,-74.9069
3.075,0,0,125,-74.7936
3.1,0,0,125,-74.6793
3.125,0,0,125,-74.564
3.15,0,0,125,-74.4476
3.175,0,0,125,-74.3303
3.2,0,0,125,-74.2121
3.225,0,0,125,-74.0929
3.25,0,0,125,-73.9728
3.275,0,0,125,-73.8519
3.3,0,0,125,-73.7301
3.325,0,0,125,-73.6075
3.35,0,0,125,-73.4842
3.375,0,0,125,-73.3601
3.4,0,0,125,-73.2353
3.425,0,0,125,-73.1099
3.45,0,0,125,-72.9838
3.475,0,0,125,-72.8572
3.5,0,0,125,-72.73
3.525,0,0,125,-72.6023
3.55,0,0,125,-72.4742
3.575,0,0,125,-72.3458
3.6,0,0,125,-72.217
3.625,0,0,125,-72.0879
3.65,0,0,125,-71.9586
3.675,0,0,125,-71.8292
3.7,0,0,125,-71.6996
3.725,0,0,125,-71.5701
3.75,0,0,125,-71.4406
3.775,0,0,125,-71.3112
3.8,0,0,125,-71.182
3.825,0,0,125,-71.053
3.85,0,0,125,-70.9244
3.875,0,0,125,-70.7962
3.9,0,0,125,-70.6685
3.925,0,0,125,-70.5414
3.95,0,0,125,-70.4149
3.975,0,0,125,-70.2892
4,0,0,125,-70.1644
4.025,0,0,125,-70.0405
4.05,0,0,125,-69.9177
4.075,0,0,125,-69.7959
4.1,0,0,125,-69.6755
4.125,0,0,125,-69.5563
4.15,0,0,125,-69.4386
4.175,0,0,125,-69.3225
4.2,0,0,125,-69.208
4.225,0,0,125,-69.0953
4.25,0,0,125,-68.9844
4.275,0,0,125,-68.8755
4.3,0,0,125,-68.7688
4.325,0,0,125,-68.6642
4.35,0,0,125,-68.562
4.375,0,0,125,-68.4622
4.4,0,0,125,-68.365
4.425,0,0,125,-68.2705
4.45,0,0,125,-68.1788
4.475,0,0,125,-68.0899
4.5,0,0,125,-68.0041
4.525,0,0,125,-67.9215
4.55,0,0,125,-67.8421
4.575,0,0,125,-67.766
4.6,0,0,125,-67.6935
4.625,0,0,125,-67.6245
4.65,0,0,125,-67.5592
4.675,0,0,125,-67.4978
4.7,0,0,125,-67.4402
4.725,0,0,125,-67.3866
4.75,0,0,125,-67.3371
4.775,0,0,125,-67.2918
4.8,0,0,125,-67.2508
4.825,0,0,125,-67.2141
4.85,0,0,125,-67.1818
4.875,0,0,125,-67.1539
4.9,0,0,125,-67.1307
4.925,0,0,125,-67.112
4.95,0,0,125,-67.0979
4.975,0,0,125,-67.0885
5,0,0,125,-67.0838
