0,0,0,125,7.96221
0.025,0,0,125,7.9579
0.05,0,0,125,7.94906
0.075,0,0,125,7.93521
0.1,0,0,125,7.91559
0.125,0,0,125,7.88933
0.15,0,0,125,7.85567
0.175,0,0,125,7.81426
0.2,0,0,125,7.76514
0.225,0,0,125,7.70857
0.25,0,0,125,7.64494
0.275,0,0,125,7.57466
0.3,0,0,125,7.49813
0.325,0,0,125,7.41576
0.35,0,0,125,7.32796
0.375,0,0,125,7.23511
0.4,0,0,125,7.13759
0.425,0,0,125,7.03574
0.45,0,0,125,6.92992
0.475,0,0,125,6.82046
0.5,0,0,125,6.70766
0.525,0,0,125,6.59183
0.55,0,0,125,6.47325
0.575,0,0,125,6.35217
0.6,0,0,125,6.22885
0.625,0,0,125,6.10351
0.65,0,0,125,5.97636
0.675,0,0,125,5.84761
0.7,0,0,125,5.71743
0.725,0,0,125,5.58598
0.75,0,0,125,5.4534
0.775,0,0,125,5.31985
0.8,0,0,125,5.18542
0.825,0,0,125,5.05022
0.85,0,0,125,4.91434
0.875,0,0,125,4.77785
0.9,0,0,125,4.64082
0.925,0,0,125,4.5033
0.95,0,0,125,4.36532
0.975,0,0,125,4.22691
1,0,0,125,4.08809
1.025,0,0,125,3.94887
1.05,0,0,125,3.80925
1.075,0,0,125,3.66922
1.1,0,0,125,3.52877
1.125,0,0,125,3.38786
1.15,0,0,125,3.24649
1.175,0,0,125,3.10461
1.2,0,0,125,2.96219
1.225,0,0,125,2.81919
1.25,0,0,125,2.67558
1.275,0,0,125,2.5313
1.3,0,0,125,2.38632
1.325,0,0,125,2.24059
1.35,0,0,125,2.09408
1.375,0,0,125,1.94674
1.4,0,0,125,1.79853
1.425,0,0,125,1.64943
1.45,0,0,125,1.4994
1.475,0,0,125,1.34842
1.5,0,0,125,1.19647
1.525,0,0,125,1.04353
1.55,0,0,125,0.889613
1.575,0,0,125,0.734705
1.6,0,0,125,0.578821
1.625,0,0,125,0.421978
1.65,0,0,125,0.264204
1.675,0,0,125,0.105533
1.7,0,0,125,-0.0539888
1.725,0,0,125,-0.214308
1.75,0,0,125,-0.375361
1.775,0,0,125,-0.537075
1.8,0,0,125,-0.699369
1.825,0,0,125,-0.862152
1.85,0,0,125,-1.02532
1.875,0,0,125,-1.18878
1.9,0,0,125,-1.35241
1.925,0,0,125,-1.51608
1.95,0,0,125,-1.67967
1.975,0,0,125,-1.84304
2,0,0,125,-2.00606
2.025,0,0,125,-2.16858
2.05,0,0,125,-2.33044
2.075,0,0,125,-2.49151
2.1,0,0,125,-2.65161
2.125,0,0,125,-2.8106
2.15,0,0,125,-2.96831
2.175,0,0,125,-3.12458
2.2,0,0,125,-3.27924
2.225,0,0,125,-3.43214
2.25,0,0,125,-3.58311
2.275,0,0,125,-3.73198
2.3,0,0,125,-3.8786
2.325,0,0,125,-4.0228
2.35,0,0,125,-4.16441
2.375,0,0,125,-4.30328
2.4,0,0,125,-4.43926
2.425,0,0,125,-4.57218
2.45,0,0,125,-4.70189
2.475,0,0,125,-4.82823
2.5,0,0,125,-4.95107
2.525,0,0,125,-5.07023
2.55,0,0,125,-5.1856
2.575,0,0,125,-5.297
2.6,0,0,125,-5.40431
2.625,0,0,125,-5.50738
2.65,0,0,125,-5.60607
2.675,0,0,125,-5.70024
2.7,0,0,125,-5.78975
2.725,0,0,125,-5.87448
2.75,0,0,125,-5.95427
2.775,0,0,125,-6.02901
2.8,0,0,125,-6.09855
2.825,0,0,125,-6.16275
2.85,0,0,125,-6.2215
2.875,0,0,125,-6.27465
2.9,0,0,125,-6.32206
2.925,0,0,125,-6.36361
2.95,0,0,125,-6.39915
2.975,0,0,125,-6.42854
3,0,0,125,-6.45166
3.025,0,0,125,-6.46835
3.05,0,0,125,-6.47848
3.075,0,0,125,-6.4819
3.1,0,0,125,-6.47847
3.125,0,0,125,-6.46803
3.15,0,0,125,-6.45042
3.175,0,0,125,-6.42551
3.2,0,0,125,-6.39312
3.225,0,0,125,-6.3531
3.25,0,0,125,-6.30527
3.275,0,0,125,-6.24947
3.3,0,0,125,-6.18552
3.325,0,0,125,-6.11325
3.35,0,0,125,-6.03247
3.375,0,0,125,-5.943
3.4,0,0,125,-5.84464
3.425,0,0,125,-5.73719
3.45,0,0,125,-5.62045
3.475,0,0,125,-5.49422
3.5,0,0,125,-5.35828
3.525,0,0,125,-5.21241
3.55,0,0,125,-5.05639
3.575,0,0,125,-4.88998
3.6,0,0,125,-4.71296
3.625,0,0,125,-4.52506
3.65,0,0,125,-4.32606
3.675,0,0,125,-4.11568
3.7,0,0,125,-3.89368
3.725,0,0,125,-3.65978
3.75,0,0,125,-3.41372
3.775,0,0,125,-3.15521
3.8,0,0,125,-2.88398
3.825,0,0,125,-2.59976
3.85,0,0,125,-2.30225
3.875,0,0,125,-1.9912
3.9,0,0,125,-1.66635
3.925,0,0,125,-1.32745
3.95,0,0,125,-0.974312
3.975,0,0,125,-0.60677
4,0,0,125,-0.224747
4.025,0,0,125,0.171728
4.05,0,0,125,0.582467
4.075,0,0,125,1.00705
4.1,0,0,125,1.44475
4.125,0,0,125,1.89434
4.15,0,0,125,2.35396
4.175,0,0,125,2.82077
4.2,0,0,125,3.2906
4.225,0,0,125,3.7573
4.25,0,0,125,4.21201
4.275,0,0,125,4.64185
4.3,0,0,125,5.02826
4.325,0,0,125,5.34447
4.35,0,0,125,5.55176
4.375,0,0,125,5.59394
4.4,0,0,125,5.38904
4.425,0,0,125,4.81632
4.45,0,0,125,3.69606
4.475,0,0,125,1.75716
4.5,0,0,125,-1.41421
4.525,0,0,125,-6.449
4.55,0,0,125,-14.2582
4.575,0,0,125,-25.7892
4.6,0,0,125,-39.9752
4.625,0,0,125,-52.2679
4.65,0,0,125,-61.2862
4.675,0,0,125,-67.6721
4.7,0,0,125,-72.1552
4.725,0,0,125,-75.2901
4.75,0,0,125,-77.4768
4.775,0,0,125,-78.999
4.8,0,0,125,-80.0569
4.825,0,0,125,-80.7906
4.85,0,0,125,-81.2984
4.875,0,0,125,-81.6482
4.9,0,0,125,-81.8875
4.925,0,0,125,-82.0485
4.95,0,0,125,-82.1533
4.975,0,0,125,-82.2161
5,0,0,125,-82.2454
