0,0,0,125,-76.4249
0.025,0,0,125,-76.4257
0.05,0,0,125,-76.4272
0.075,0,0,125,-76.4295
0.1,0,0,125,-76.4327
0.125,0,0,125,-76.4368
0.15,0,0,125,-76.4419
0.175,0,0,125,-76.448
0.2,0,0,125,-76.4552
0.225,0,0,125,-76.4637
0.25,0,0,125,-76.4735
0.275,0,0,125,-76.4846
0.3,0,0,125,-76.4972
0.325,0,0,125,-76.5114
0.35,0,0,125,-76.5272
0.375,0,0,125,-76.5448
0.4,0,0,125,-76.5642
0.425,0,0,125,-76.5855
0.45,0,0,125,-76.6089
0.475,0,0,125,-76.6343
0.5,0,0,125,-76.6619
0.525,0,0,125,-76.6917
0.55,0,0,125,-76.7239
0.575,0,0,125,-76.7584
0.6,0,0,125,-76.7954
0.625,0,0,125,-76.8349
0.65,0,0,125,-76.8769
0.675,0,0,125,-76.9216
0.7,0,0,125,-76.9689
0.725,0,0,125,-77.0188
0.75,0,0,125,-77.0714
0.775,0,0,125,-77.1267
0.8,0,0,125,-77.1847
0.825,0,0,125,-77.2454
0.85,0,0,125,-77.3088
0.875,0,0,125,-77.3748
0.9,0,0,125,-77.4434
0.925,0,0,125,-77.5146
0.95,0,0,125,-77.5884
0.975,0,0,125,-77.6646
1,0,0,125,-77.7432
1.025,0,0,125,-77.8241
1.05,0,0,125,-77.9072
1.075,0,0,125,-77.9925
1.1,0,0,125,-78.0797
1.125,0,0,125,-78.1689
1.15,0,0,125,-78.2599
1.175,0,0,125,-78.3525
1.2,0,0,125,-78.4466
1.225,0,0,125,-78.5421
1.25,0,0,125,-78.6388
1.275,0,0,125,-78.7367
1.3,0,0,125,-78.8354
1.325,0,0,125,-78.9349
1.35,0,0,125,-79.035
1.375,0,0,125,-79.1356
1.4,0,0,125,-79.2364
1.425,0,0,125,-79.3374
1.45,0,0,125,-79.4383
1.475,0,0,125,-79.539
1.5,0,0,125,-79.6393
1.525,0,0,125,-79.7391
1.55,0,0,125,-79.8382
1.575,0,0,125,-79.9365
1.6,0,0,125,-80.0338
1.625,0,0,125,-80.1301
1.65,0,0,125,-80.225
1.675,0,0,125,-80.3186
1.7,0,0,125,-80.4107
1.725,0,0,125,-80.5013
1.75,0,0,125,-80.5901
1.775,0,0,125,-80.6772
1.8,0,0,125,-80.7624
1.825,0,0,125,-80.8456
1.85,0,0,125,-80.9269
1.875,0,0,125,-81.0061
1.9,0,0,125,-81.0832
1.925,0,0,125,-81.1581
1.95,0,0,125,-81.2309
1.975,0,0,125,-81.3015
2,0,0,125,-81.3699
2.025,0,0,125,-81.436
2.05,0,0,125,-81.5
2.075,0,0,125,-81.5618
2.1,0,0,125,-81.6214
2.125,0,0,125,-81.6789
2.15,0,0,125,-81.7342
2.175,0,0,125,-81.7875
2.2,0,0,125,-81.8387
2.225,0,0,125,-81.888
2.25,0,0,125,-81.9353
2.275,0,0,125,-81.9807
2.3,0,0,125,-82.0243
2.325,0,0,125,-82.0662
2.35,0,0,125,-82.1063
2.375,0,0,125,-82.1448
2.4,0,0,125,-82.1816
2.425,0,0,125,-82.217
2.45,0,0,125,-82.2509
2.475,0,0,125,-82.2835
2.5,0,0,125,-82.3147
2.525,0,0,125,-82.3446
2.55,0,0,125,-82.3734
2.575,0,0,125,-82.401
2.6,0,0,125,-82.4276
2.625,0,0,125,-82.4531
2.65,0,0,125,-82.4777
2.675,0,0,125,-82.5014
2.7,0,0,125,-82.5243
2.725,0,0,125,-82.5463
2.75,0,0,125,-82.5676
2.775,0,0,125,-82.5882
2.8,0,0,125,-82.6081
2.825,0,0,125,-82.6274
2.85,0,0,125,-82.6462
2.875,0,0,125,-82.6644
2.9,0,0,125,-82.6821
2.925,0,0,125,-82.6993
2.95,0,0,125,-82.716
2.975,0,0,125,-82.7324
3,0,0,125,-82.7483
3.025,0,0,125,-82.7639
3.05,0,0,125,-82.7791
3.075,0,0,125,-82.794
3.1,0,0,125,-82.8085
3.125,0,0,125,-82.8228
3.15,0,0,125,-82.8367
3.175,0,0,125,-82.8504
3.2,0,0,125,-82.8638
3.225,0,0,125,-82.877
3.25,0,0,125,-82.8899
3.275,0,0,125,-82.9025
3.3,0,0,125,-82.9149
3.325,0,0,125,-82.9271
3.35,0,0,125,-82.939
3.375,0,0,125,-82.9507
3.4,0,0,125,-82.9621
3.425,0,0,125,-82.9733
3.45,0,0,125,-82.9843
3.475,0,0,125,-82.9951
3.5,0,0,125,-83.0056
3.525,0,0,125,-83.0159
3.55,0,0,125,-83.026
3.575,0,0,125,-83.0358
3.6,0,0,125,-83.0454
3.625,0,0,125,-83.0547
3.65,0,0,125,-83.0638
3.675,0,0,125,-83.0727
3.7,0,0,125,-83.0813
3.725,0,0,125,-83.0898
3.75,0,0,125,-83.0979
3.775,0,0,125,-83.1058
3.8,0,0,125,-83.1135
3.825,0,0,125,-83.121
3.85,0,0,125,-83.1282
3.875,0,0,125,-83.1351
3.9,0,0,125,-83.1419
3.925,0,0,125,-83.1484
3.95,0,0,125,-83.1546
3.975,0,0,125,-83.1606
4,0,0,125,-83.1664
4.025,0,0,125,-83.172
4.05,0,0,125,-83.1773
4.075,0,0,125,-83.1824
4.1,0,0,125,-83.1874
4.125,0,0,125,-83.192
4.15,0,0,125,-83.1965
4.175,0,0,125,-83.2007
4.2,0,0,125,-83.2048
4.225,0,0,125,-83.2086
4.25,0,0,125,-83.2122
4.275,0,0,125,-83.2156
4.3,0,0,125,-83.2189
4.325,0,0,125,-83.2219
4.35,0,0,125,-83.2248
4.375,0,0,125,-83.2274
4.4,0,0,125,-83.2299
4.425,0,0,125,-83.2323
4.45,0,0,125,-83.2344
4.475,0,0,125,-83.2364
4.5,0,0,125,-83.2383
4.525,0,0,125,-83.24
4.55,0,0,125,-83.2416
4.575,0,0,125,-83.243
4.6,0,0,125,-83.2443
4.625,0,0,125,-83.2454
4.65,0,0,125,-83.2465
4.675,0,0,125,-83.2474
4.7,0,0,125,-83.2483
4.725,0,0,125,-83.249
4.75,0,0,125,-83.2496
4.775,0,0,125,-83.2501
4.8,0,0,125,-83.2506
4.825,0,0,125,-83.2509
4.85,0,0,125,-83.2511
4.875,0,0,125,-83.2513
4.9,0,0,125,-83.2515
4.925,0,0,125,-83.2515
4.95,0,0,125,-83.2516
4.975,0,0,125,-83.2516
5,0,0,125,-83.2516
