0,0,0,125,-83.9463
0.025,0,0,125,-83.9465
0.05,0,0,125,-83.9469
0.075,0,0,125,-83.9474
0.1,0,0,125,-83.948
0.125,0,0,125,-83.9488
0.15,0,0,125,-83.9496
0.175,0,0,125,-83.9505
0.2,0,0,125,-83.9514
0.225,0,0,125,-83.9523
0.25,0,0,125,-83.9532
0.275,0,0,125,-83.9542
0.3,0,0,125,-83.9551
0.325,0,0,125,-83.956
0.35,0,0,125,-83.957
0.375,0,0,125,-83.9579
0.4,0,0,125,-83.9587
0.425,0,0,125,-83.9596
0.45,0,0,125,-83.9605
0.475,0,0,125,-83.9613
0.5,0,0,125,-83.9621
0.525,0,0,125,-83.963
0.55,0,0,125,-83.9638
0.575,0,0,125,-83.9645
0.6,0,0,125,-83.9653
0.625,0,0,125,-83.9661
0.65,0,0,125,-83.9668
0.675,0,0,125,-83.9676
0.7,0,0,125,-83.9683
0.725,0,0,125,-83.969
0.75,0,0,125,-83.9697
0.775,0,0,125,-83.9705
0.8,0,0,125,-83.9712
0.825,0,0,125,-83.972
0.85,0,0,125,-83.9728
0.875,0,0,125,-83.9736
0.9,0,0,125,-83.9744
0.925,0,0,125,-83.9752
0.95,0,0,125,-83.976
0.975,0,0,125,-83.9768
1,0,0,125,-83.9777
1.025,0,0,125,-83.9785
1.05,0,0,125,-83.9794
1.075,0,0,125,-83.9802
1.1,0,0,125,-83.9811
1.125,0,0,125,-83.982
1.15,0,0,125,-83.9829
1.175,0,0,125,-83.9838
1.2,0,0,125,-83.9847
1.225,0,0,125,-83.9856
1.25,0,0,125,-83.9866
1.275,0,0,125,-83.9875
1.3,0,0,125,-83.9885
1.325,0,0,125,-83.9894
1.35,0,0,125,-83.9904
1.375,0,0,125,-83.9914
1.4,0,0,125,-83.9923
1.425,0,0,125,-83.9933
1.45,0,0,125,-83.9944
1.475,0,0,125,-83.9954
1.5,0,0,125,-83.9965
1.525,0,0,125,-83.9976
1.55,0,0,125,-83.9987
1.575,0,0,125,-83.9999
1.6,0,0,125,-84.0011
1.625,0,0,125,-84.0024
1.65,0,0,125,-84.0037
1.675,0,0,125,-84.005
1.7,0,0,125,-84.0063
1.725,0,0,125,-84.0077
1.75,0,0,125,-84.0092
1.775,0,0,125,-84.0106
1.8,0,0,125,-84.0121
1.825,0,0,125,-84.0136
1.85,0,0,125,-84.0152
1.875,0,0,125,-84.0168
1.9,0,0,125,-84.0185
1.925,0,0,125,-84.0201
1.95,0,0,125,-84.0218
1.975,0,0,125,-84.0236
2,0,0,125,-84.0254
2.025,0,0,125,-84.0272
2.05,0,0,125,-84.0291
2.075,0,0,125,-84.0311
2.1,0,0,125,-84.033
2.125,0,0,125,-84.035
2.15,0,0,125,-84.0371
2.175,0,0,125,-84.0392
2.2,0,0,125,-84.0413
2.225,0,0,125,-84.0434
2.25,0,0,125,-84.0456
2.275,0,0,125,-84.0479
2.3,0,0,125,-84.0502
2.325,0,0,125,-84.0525
2.35,0,0,125,-84.0548
2.375,0,0,125,-84.0573
2.4,0,0,125,-84.0598
2.425,0,0,125,-84.0623
2.45,0,0,125,-84.0649
2.475,0,0,125,-84.0676
2.5,0,0,125,-84.0703
2.525,0,0,125,-84.0731
2.55,0,0,125,-84.0759
2.575,0,0,125,-84.0788
2.6,0,0,125,-84.0817
2.625,0,0,125,-84.0846
2.65,0,0,125,-84.0876
2.675,0,0,125,-84.0906
2.7,0,0,125,-84.0936
2.725,0,0,125,-84.0967
2.75,0,0,125,-84.0998
2.775,0,0,125,-84.103
2.8,0,0,125,-84.1061
2.825,0,0,125,-84.1094
2.85,0,0,125,-84.1126
2.875,0,0,125,-84.1159
2.9,0,0,125,-84.1191
2.925,0,0,125,-84.1224
2.95,0,0,125,-84.1258
2.975,0,0,125,-84.1291
3,0,0,125,-84.1324
3.025,0,0,125,-84.1358
3.05,0,0,125,-84.1391
3.075,0,0,125,-84.1424
3.1,0,0,125,-84.1457
3.125,0,0,125,-84.149
3.15,0,0,125,-84.1523
3.175,0,0,125,-84.1556
3.2,0,0,125,-84.1588
3.225,0,0,125,-84.1621
3.25,0,0,125,-84.1653
3.275,0,0,125,-84.1685
3.3,0,0,125,-84.1717
3.325,0,0,125,-84.1748
3.35,0,0,125,-84.1779
3.375,0,0,125,-84.1809
3.4,0,0,125,-84.1839
3.425,0,0,125,-84.1869
3.45,0,0,125,-84.1898
3.475,0,0,125,-84.1927
3.5,0,0,125,-84.1956
3.525,0,0,125,-84.1984
3.55,0,0,125,-84.2012
3.575,0,0,125,-84.2039
3.6,0,0,125,-84.2066
3.625,0,0,125,-84.2092
3.65,0,0,125,-84.2117
3.675,0,0,125,-84.2142
3.7,0,0,125,-84.2166
3.725,0,0,125,-84.219
3.75,0,0,125,-84.2213
3.775,0,0,125,-84.2235
3.8,0,0,125,-84.2257
3.825,0,0,125,-84.2278
3.85,0,0,125,-84.2298
3.875,0,0,125,-84.2317
3.9,0,0,125,-84.2336
3.925,0,0,125,-84.2355
3.95,0,0,125,-84.2373
3.975,0,0,125,-84.239
4,0,0,125,-84.2406
4.025,0,0,125,-84.2422
4.05,0,0,125,-84.2438
4.075,0,0,125,-84.2453
4.1,0,0,125,-84.2467
4.125,0,0,125,-84.248
4.15,0,0,125,-84.2493
4.175,0,0,125,-84.2505
4.2,0,0,125,-84.2517
4.225,0,0,125,-84.2528
4.25,0,0,125,-84.2538
4.275,0,0,125,-84.2548
4.3,0,0,125,-84.2557
4.325,0,0,125,-84.2566
4.35,0,0,125,-84.2574
4.375,0,0,125,-84.2581
4.4,0,0,125,-84.2588
4.425,0,0,125,-84.2595
4.45,0,0,125,-84.2601
4.475,0,0,125,-84.2607
4.5,0,0,125,-84.2612
4.525,0,0,125,-84.2618
4.55,0,0,125,-84.2622
4.575,0,0,125,-84.2627
4.6,0,0,125,-84.2631
4.625,0,0,125,-84.2634
4.65,0,0,125,-84.2638
4.675,0,0,125,-84.264
4.7,0,0,125,-84.2643
4.725,0,0,125,-84.2645
4.75,0,0,125,-84.2647
4.775,0,0,125,-84.2648
4.8,0,0,125,-84.2649
4.825,0,0,125,-84.2651
4.85,0,0,125,-84.2652
4.875,0,0,125,-84.2653
4.9,0,0,125,-84.2653
4.925,0,0,125,-84.2654
4.95,0,0,125,-84.2654
4.975,0,0,125,-84.2655
5,0,0,125,-84.2655
