0,0,0,125,-36.3122
0.025,0,0,125,-36.3247
0.05,0,0,125,-36.3497
0.075,0,0,125,-36.3873
0.1,0,0,125,-36.4376
0.125,0,0,125,-36.5006
0.15,0,0,125,-36.5766
0.175,0,0,125,-36.6656
0.2,0,0,125,-36.7677
0.225,0,0,125,-36.883
0.25,0,0,125,-37.0116
0.275,0,0,125,-37.1536
0.3,0,0,125,-37.309
0.325,0,0,125,-37.478
0.35,0,0,125,-37.6607
0.375,0,0,125,-37.8571
0.4,0,0,125,-38.0676
0.425,0,0,125,-38.2921
0.45,0,0,125,-38.531
0.475,0,0,125,-38.7843
0.5,0,0,125,-39.0523
0.525,0,0,125,-39.3353
0.55,0,0,125,-39.6333
0.575,0,0,125,-39.9468
0.6,0,0,125,-40.2759
0.625,0,0,125,-40.6208
0.65,0,0,125,-40.9819
0.675,0,0,125,-41.3594
0.7,0,0,125,-41.7535
0.725,0,0,125,-42.1645
0.75,0,0,125,-42.5927
0.775,0,0,125,-43.0382
0.8,0,0,125,-43.5013
0.825,0,0,125,-43.9821
0.85,0,0,125,-44.4809
0.875,0,0,125,-44.9976
0.9,0,0,125,-45.5325
0.925,0,0,125,-46.0855
0.95,0,0,125,-46.6566
0.975,0,0,125,-47.2457
1,0,0,125,-47.8527
1.025,0,0,125,-48.4773
1.05,0,0,125,-49.1193
1.075,0,0,125,-49.7782
1.1,0,0,125,-50.4537
1.125,0,0,125,-51.1451
1.15,0,0,125,-51.8517
1.175,0,0,125,-52.5728
1.2,0,0,125,-53.3076
1.225,0,0,125,-54.0551
1.25,0,0,125,-54.8142
1.275,0,0,125,-55.5838
1.3,0,0,125,-56.3626
1.325,0,0,125,-57.1493
1.35,0,0,125,-57.9423
1.375,0,0,125,-58.7404
1.4,0,0,125,-59.5417
1.425,0,0,125,-60.3449
1.45,0,0,125,-61.1481
1.475,0,0,125,-61.9497
1.5,0,0,125,-62.7479
1.525,0,0,125,-63.5412
1.55,0,0,125,-64.3277
1.575,0,0,125,-65.1058
1.6,0,0,125,-65.8738
1.625,0,0,125,-66.6303
1.65,0,0,125,-67.3737
1.675,0,0,125,-68.1026
1.7,0,0,125,-68.8157
1.725,0,0,125,-69.5117
1.75,0,0,125,-70.1897
1.775,0,0,125,-70.8485
1.8,0,0,125,-71.4875
1.825,0,0,125,-72.1057
1.85,0,0,125,-72.7027
1.875,0,0,125,-73.278
1.9,0,0,125,-73.8312
1.925,0,0,125,-74.3622
1.95,0,0,125,-74.8708
1.975,0,0,125,-75.3571
2,0,0,125,-75.8212
2.025,0,0,125,-76.2633
2.05,0,0,125,-76.6838
2.075,0,0,125,-77.083
2.1,0,0,125,-77.4614
2.125,0,0,125,-77.8196
2.15,0,0,125,-78.1581
2.175,0,0,125,-78.4775
2.2,0,0,125,-78.7785
2.225,0,0,125,-79.0619
2.25,0,0,125,-79.3283
2.275,0,0,125,-79.5785
2.3,0,0,125,-79.8132
2.325,0,0,125,-80.0331
2.35,0,0,125,-80.239
2.375,0,0,125,-80.4316
2.4,0,0,125,-80.6117
2.425,0,0,125,-80.7798
2.45,0,0,125,-80.9367
2.475,0,0,125,-81.0831
2.5,0,0,125,-81.2196
2.525,0,0,125,-81.3468
2.55,0,0,125,-81.4653
2.575,0,0,125,-81.5756
2.6,0,0,125,-81.6783
2.625,0,0,125,-81.774
2.65,0,0,125,-81.8629
2.675,0,0,125,-81.9458
2.7,0,0,125,-82.0228
2.725,0,0,125,-82.0946
2.75,0,0,125,-82.1613
2.775,0,0,125,-82.2235
2.8,0,0,125,-82.2814
2.825,0,0,125,-82.3353
2.85,0,0,125,-82.3855
2.875,0,0,125,-82.4324
2.9,0,0,125,-82.476
2.925,0,0,125,-82.5168
2.95,0,0,125,-82.5549
2.975,0,0,125,-82.5904
3,0,0,125,-82.6236
3.025,0,0,125,-82.6547
3.05,0,0,125,-82.6837
3.075,0,0,125,-82.711
3.1,0,0,125,-82.7365
3.125,0,0,125,-82.7604
3.15,0,0,125,-82.7829
3.175,0,0,125,-82.804
3.2,0,0,125,-82.8238
3.225,0,0,125,-82.8424
3.25,0,0,125,-82.8599
3.275,0,0,125,-82.8765
3.3,0,0,125,-82.892
3.325,0,0,125,-82.9067
3.35,0,0,125,-82.9205
3.375,0,0,125,-82.9335
3.4,0,0,125,-82.9458
3.425,0,0,125,-82.9575
3.45,0,0,125,-82.9685
3.475,0,0,125,-82.9788
3.5,0,0,125,-82.9886
3.525,0,0,125,-82.9978
3.55,0,0,125,-83.0066
3.575,0,0,125,-83.0148
3.6,0,0,125,-83.0226
3.625,0,0,125,-83.0299
3.65,0,0,125,-83.0369
3.675,0,0,125,-83.0434
3.7,0,0,125,-83.0495
3.725,0,0,125,-83.0552
3.75,0,0,125,-83.0606
3.775,0,0,125,-83.0657
3.8,0,0,125,-83.0704
3.825,0,0,125,-83.0748
3.85,0,0,125,-83.0789
3.875,0,0,125,-83.0826
3.9,0,0,125,-83.0861
3.925,0,0,125,-83.0893
3.95,0,0,125,-83.0923
3.975,0,0,125,-83.0949
4,0,0,125,-83.0973
4.025,0,0,125,-83.0995
4.05,0,0,125,-83.1014
4.075,0,0,125,-83.103
4.1,0,0,125,-83.1044
4.125,0,0,125,-83.1056
4.15,0,0,125,-83.1065
4.175,0,0,125,-83.1072
4.2,0,0,125,-83.1077
4.225,0,0,125,-83.108
4.25,0,0,125,-83.1081
4.275,0,0,125,-83.1079
4.3,0,0,125,-83.1076
4.325,0,0,125,-83.1071
4.35,0,0,125,-83.1063
4.375,0,0,125,-83.1054
4.4,0,0,125,-83.1044
4.425,0,0,125,-83.1031
4.45,0,0,125,-83.1017
4.475,0,0,125,-83.1002
4.5,0,0,125,-83.0985
4.525,0,0,125,-83.0967
4.55,0,0,125,-83.0947
4.575,0,0,125,-83.0927
4.6,0,0,125,-83.0905
4.625,0,0,125,-83.0882
4.65,0,0,125,-83.0859
4.675,0,0,125,-83.0834
4.7,0,0,125,-83.081
4.725,0,0,125,-83.0784
4.75,0,0,125,-83.0759
4.775,0,0,125,-83.0733
4.8,0,0,125,-83.0708
4.825,0,0,125,-83.0683
4.85,0,0,125,-83.0658
4.875,0,0,125,-83.0636
4.9,0,0,125,-83.0615
4.925,0,0,125,-83.0597
4.95,0,0,125,-83.0582
4.975,0,0,125,-83.0572
5,0,0,125,-83.0567
