0,0,0,125,-59.5651
0.025,0,0,125,-59.5644
0.05,0,0,125,-59.5631
0.075,0,0,125,-59.5614
0.1,0,0,125,-59.5597
0.125,0,0,125,-59.5584
0.15,0,0,125,-59.5578
0.175,0,0,125,-59.5585
0.2,0,0,125,-59.5607
0.225,0,0,125,-59.5647
0.25,0,0,125,-59.571
0.275,0,0,125,-59.5799
0.3,0,0,125,-59.5915
0.325,0,0,125,-59.6064
0.35,0,0,125,-59.6249
0.375,0,0,125,-59.6472
0.4,0,0,125,-59.6737
0.425,0,0,125,-59.7047
0.45,0,0,125,-59.7407
0.475,0,0,125,-59.7819
0.5,0,0,125,-59.8287
0.525,0,0,125,-59.8815
0.55,0,0,125,-59.9405
0.575,0,0,125,-60.0062
0.6,0,0,125,-60.0789
0.625,0,0,125,-60.1588
0.65,0,0,125,-60.2464
0.675,0,0,125,-60.3419
0.7,0,0,125,-60.4456
0.725,0,0,125,-60.5579
0.75,0,0,125,-60.6789
0.775,0,0,125,-60.8091
0.8,0,0,125,-60.9486
0.825,0,0,125,-61.0977
0.85,0,0,125,-61.2565
0.875,0,0,125,-61.4253
0.9,0,0,125,-61.6042
0.925,0,0,125,-61.7935
0.95,0,0,125,-61.9931
0.975,0,0,125,-62.2032
1,0,0,125,-62.4239
1.025,0,0,125,-62.6552
1.05,0,0,125,-62.8971
1.075,0,0,125,-63.1494
1.1,0,0,125,-63.4123
1.125,0,0,125,-63.6855
1.15,0,0,125,-63.9689
1.175,0,0,125,-64.2623
1.2,0,0,125,-64.5655
1.225,0,0,125,-64.8782
1.25,0,0,125,-65.2
1.275,0,0,125,-65.5307
1.3,0,0,125,-65.8698
1.325,0,0,125,-66.2169
1.35,0,0,125,-66.5716
1.375,0,0,125,-66.9332
1.4,0,0,125,-67.3013
1.425,0,0,125,-67.6753
1.45,0,0,125,-68.0546
1.475,0,0,125,-68.4384
1.5,0,0,125,-68.8262
1.525,0,0,125,-69.2173
1.55,0,0,125,-69.6109
1.575,0,0,125,-70.0064
1.6,0,0,125,-70.4029
1.625,0,0,125,-70.7997
1.65,0,0,125,-71.1962
1.675,0,0,125,-71.5915
1.7,0,0,125,-71.9849
1.725,0,0,125,-72.3757
1.75,0,0,125,-72.7633
1.775,0,0,125,-73.1468
1.8,0,0,125,-73.5256
1.825,0,0,125,-73.8991
1.85,0,0,125,-74.2668
1.875,0,0,125,-74.628
1.9,0,0,125,-74.9821
1.925,0,0,125,-75.3288
1.95,0,0,125,-75.6676
1.975,0,0,125,-75.998
2,0,0,125,-76.3197
2.025,0,0,125,-76.6324
2.05,0,0,125,-76.9359
2.075,0,0,125,-77.2299
2.1,0,0,125,-77.5142
2.125,0,0,125,-77.7888
2.15,0,0,125,-78.0535
2.175,0,0,125,-78.3083
2.2,0,0,125,-78.5532
2.225,0,0,125,-78.7882
2.25,0,0,125,-79.0135
2.275,0,0,125,-79.229
2.3,0,0,125,-79.4351
2.325,0,0,125,-79.6317
2.35,0,0,125,-79.8192
2.375,0,0,125,-79.9977
2.4,0,0,125,-80.1675
2.425,0,0,125,-80.3288
2.45,0,0,125,-80.4819
2.475,0,0,125,-80.627
2.5,0,0,125,-80.7644
2.525,0,0,125,-80.8945
2.55,0,0,125,-81.0175
2.575,0,0,125,-81.1338
2.6,0,0,125,-81.2435
2.625,0,0,125,-81.3471
2.65,0,0,125,-81.4448
2.675,0,0,125,-81.5369
2.7,0,0,125,-81.6236
2.725,0,0,125,-81.7054
2.75,0,0,125,-81.7824
2.775,0,0,125,-81.8549
2.8,0,0,125,-81.9232
2.825,0,0,125,-81.9875
2.85,0,0,125,-82.0481
2.875,0,0,125,-82.1051
2.9,0,0,125,-82.1589
2.925,0,0,125,-82.2095
2.95,0,0,125,-82.2573
2.975,0,0,125,-82.3023
3,0,0,125,-82.3448
3.025,0,0,125,-82.385
3.05,0,0,125,-82.4229
3.075,0,0,125,-82.4588
3.1,0,0,125,-82.4927
3.125,0,0,125,-82.5249
3.15,0,0,125,-82.5554
3.175,0,0,125,-82.5844
3.2,0,0,125,-82.6119
3.225,0,0,125,-82.638
3.25,0,0,125,-82.6628
3.275,0,0,125,-82.6865
3.3,0,0,125,-82.7091
3.325,0,0,125,-82.7306
3.35,0,0,125,-82.7512
3.375,0,0,125,-82.7709
3.4,0,0,125,-82.7896
3.425,0,0,125,-82.8076
3.45,0,0,125,-82.8249
3.475,0,0,125,-82.8414
3.5,0,0,125,-82.8572
3.525,0,0,125,-82.8724
3.55,0,0,125,-82.8869
3.575,0,0,125,-82.9009
3.6,0,0,125,-82.9144
3.625,0,0,125,-82.9273
3.65,0,0,125,-82.9396
3.675,0,0,125,-82.9515
3.7,0,0,125,-82.963
3.725,0,0,125,-82.974
3.75,0,0,125,-82.9845
3.775,0,0,125,-82.9946
3.8,0,0,125,-83.0044
3.825,0,0,125,-83.0137
3.85,0,0,125,-83.0226
3.875,0,0,125,-83.0312
3.9,0,0,125,-83.0394
3.925,0,0,125,-83.0473
3.95,0,0,125,-83.0548
3.975,0,0,125,-83.062
4,0,0,125,-83.0689
4.025,0,0,125,-83.0755
4.05,0,0,125,-83.0818
4.075,0,0,125,-83.0878
4.1,0,0,125,-83.0935
4.125,0,0,125,-83.0989
4.15,0,0,125,-83.104
4.175,0,0,125,-83.1089
4.2,0,0,125,-83.1135
4.225,0,0,125,-83.1179
4.25,0,0,125,-83.122
4.275,0,0,125,-83.1259
4.3,0,0,125,-83.1296
4.325,0,0,125,-83.133
4.35,0,0,125,-83.1362
4.375,0,0,125,-83.1392
4.4,0,0,125,-83.1421
4.425,0,0,125,-83.1447
4.45,0,0,125,-83.1471
4.475,0,0,125,-83.1493
4.5,0,0,125,-83.1514
4.525,0,0,125,-83.1533
4.55,0,0,125,-83.1551
4.575,0,0,125,-83.1567
4.6,0,0,125,-83.1581
4.625,0,0,125,-83.1595
4.65,0,0,125,-83.1607
4.675,0,0,125,-83.1617
4.7,0,0,125,-83.1627
4.725,0,0,125,-83.1635
4.75,0,0,125,-83.1642
4.775,0,0,125,-83.1648
4.8,0,0,125,-83.1653
4.825,0,0,125,-83.1657
4.85,0,0,125,-83.166
4.875,0,0,125,-83.1662
4.9,0,0,125,-83.1663
4.925,0,0,125,-83.1664
4.95,0,0,125,-83.1665
4.975,0,0,125,-83.1665
5,0,0,125,-83.1665
