0,0,0,125,-83.926
0.025,0,0,125,-83.9262
0.05,0,0,125,-83.9266
0.075,0,0,125,-83.9271
0.1,0,0,125,-83.9278
0.125,0,0,125,-83.9286
0.15,0,0,125,-83.9295
0.175,0,0,125,-83.9304
0.2,0,0,125,-83.9313
0.225,0,0,125,-83.9322
0.25,0,0,125,-83.9332
0.275,0,0,125,-83.9341
0.3,0,0,125,-83.9351
0.325,0,0,125,-83.936
0.35,0,0,125,-83.937
0.375,0,0,125,-83.9379
0.4,0,0,125,-83.9388
0.425,0,0,125,-83.9397
0.45,0,0,125,-83.9406
0.475,0,0,125,-83.9415
0.5,0,0,125,-83.9423
0.525,0,0,125,-83.9432
0.55,0,0,125,-83.944
0.575,0,0,125,-83.9449
0.6,0,0,125,-83.9457
0.625,0,0,125,-83.9465
0.65,0,0,125,-83.9473
0.675,0,0,125,-83.9481
0.7,0,0,125,-83.9489
0.725,0,0,125,-83.9497
0.75,0,0,125,-83.9505
0.775,0,0,125,-83.9512
0.8,0,0,125,-83.952
0.825,0,0,125,-83.9527
0.85,0,0,125,-83.9535
0.875,0,0,125,-83.9543
0.9,0,0,125,-83.9551
0.925,0,0,125,-83.9559
0.95,0,0,125,-83.9568
0.975,0,0,125,-83.9576
1,0,0,125,-83.9585
1.025,0,0,125,-83.9594
1.05,0,0,125,-83.9603
1.075,0,0,125,-83.9612
1.1,0,0,125,-83.9621
1.125,0,0,125,-83.963
1.15,0,0,125,-83.9639
1.175,0,0,125,-83.9649
1.2,0,0,125,-83.9658
1.225,0,0,125,-83.9668
1.25,0,0,125,-83.9677
1.275,0,0,125,-83.9687
1.3,0,0,125,-83.9697
1.325,0,0,125,-83.9707
1.35,0,0,125,-83.9717
1.375,0,0,125,-83.9727
1.4,0,0,125,-83.9738
1.425,0,0,125,-83.9748
1.45,0,0,125,-83.9759
1.475,0,0,125,-83.9769
1.5,0,0,125,-83.978
1.525,0,0,125,-83.9791
1.55,0,0,125,-83.9803
1.575,0,0,125,-83.9815
1.6,0,0,125,-83.9827
1.625,0,0,125,-83.9839
1.65,0,0,125,-83.9852
1.675,0,0,125,-83.9866
1.7,0,0,125,-83.9879
1.725,0,0,125,-83.9893
1.75,0,0,125,-83.9908
1.775,0,0,125,-83.9922
1.8,0,0,125,-83.9937
1.825,0,0,125,-83.9953
1.85,0,0,125,-83.9969
1.875,0,0,125,-83.9985
1.9,0,0,125,-84.0001
1.925,0,0,125,-84.0018
1.95,0,0,125,-84.0035
1.975,0,0,125,-84.0053
2,0,0,125,-84.0071
2.025,0,0,125,-84.0089
2.05,0,0,125,-84.0108
2.075,0,0,125,-84.0128
2.1,0,0,125,-84.0148
2.125,0,0,125,-84.0169
2.15,0,0,125,-84.019
2.175,0,0,125,-84.0212
2.2,0,0,125,-84.0235
2.225,0,0,125,-84.0258
2.25,0,0,125,-84.0282
2.275,0,0,125,-84.0306
2.3,0,0,125,-84.033
2.325,0,0,125,-84.0355
2.35,0,0,125,-84.038
2.375,0,0,125,-84.0405
2.4,0,0,125,-84.0431
2.425,0,0,125,-84.0457
2.45,0,0,125,-84.0484
2.475,0,0,125,-84.0512
2.5,0,0,125,-84.054
2.525,0,0,125,-84.0568
2.55,0,0,125,-84.0597
2.575,0,0,125,-84.0626
2.6,0,0,125,-84.0656
2.625,0,0,125,-84.0686
2.65,0,0,125,-84.0717
2.675,0,0,125,-84.0747
2.7,0,0,125,-84.0778
2.725,0,0,125,-84.081
2.75,0,0,125,-84.0842
2.775,0,0,125,-84.0874
2.8,0,0,125,-84.0906
2.825,0,0,125,-84.0939
2.85,0,0,125,-84.0972
2.875,0,0,125,-84.1006
2.9,0,0,125,-84.104
2.925,0,0,125,-84.1074
2.95,0,0,125,-84.1109
2.975,0,0,125,-84.1144
3,0,0,125,-84.1178
3.025,0,0,125,-84.1213
3.05,0,0,125,-84.1247
3.075,0,0,125,-84.1281
3.1,0,0,125,-84.1316
3.125,0,0,125,-84.135
3.15,0,0,125,-84.1384
3.175,0,0,125,-84.1418
3.2,0,0,125,-84.1451
3.225,0,0,125,-84.1485
3.25,0,0,125,-84.1518
3.275,0,0,125,-84.1551
3.3,0,0,125,-84.1584
3.325,0,0,125,-84.1616
3.35,0,0,125,-84.1648
3.375,0,0,125,-84.168
3.4,0,0,125,-84.1711
3.425,0,0,125,-84.1741
3.45,0,0,125,-84.1772
3.475,0,0,125,-84.1801
3.5,0,0,125,-84.1831
3.525,0,0,125,-84.186
3.55,0,0,125,-84.1889
3.575,0,0,125,-84.1917
3.6,0,0,125,-84.1945
3.625,0,0,125,-84.1972
3.65,0,0,125,-84.1998
3.675,0,0,125,-84.2024
3.7,0,0,125,-84.2049
3.725,0,0,125,-84.2074
3.75,0,0,125,-84.2097
3.775,0,0,125,-84.2121
3.8,0,0,125,-84.2143
3.825,0,0,125,-84.2165
3.85,0,0,125,-84.2186
3.875,0,0,125,-84.2206
3.9,0,0,125,-84.2225
3.925,0,0,125,-84.2244
3.95,0,0,125,-84.2262
3.975,0,0,125,-84.2279
4,0,0,125,-84.2296
4.025,0,0,125,-84.2313
4.05,0,0,125,-84.2328
4.075,0,0,125,-84.2343
4.1,0,0,125,-84.2358
4.125,0,0,125,-84.2371
4.15,0,0,125,-84.2385
4.175,0,0,125,-84.2397
4.2,0,0,125,-84.2409
4.225,0,0,125,-84.2421
4.25,0,0,125,-84.2431
4.275,0,0,125,-84.2441
4.3,0,0,125,-84.2451
4.325,0,0,125,-84.246
4.35,0,0,125,-84.2468
4.375,0,0,125,-84.2476
4.4,0,0,125,-84.2483
4.425,0,0,125,-84.249
4.45,0,0,125,-84.2496
4.475,0,0,125,-84.2502
4.5,0,0,125,-84.2507
4.525,0,0,125,-84.2513
4.55,0,0,125,-84.2517
4.575,0,0,125,-84.2522
4.6,0,0,125,-84.2526
4.625,0,0,125,-84.253
4.65,0,0,125,-84.2533
4.675,0,0,125,-84.2536
4.7,0,0,125,-84.2539
4.725,0,0,125,-84.2541
4.75,0,0,125,-84.2543
4.775,0,0,125,-84.2545
4.8,0,0,125,-84.2546
4.825,0,0,125,-84.2547
4.85,0,0,125,-84.2547
4.875,0,0,125,-84.2548
4.9,0,0,125,-84.2549
4.925,0,0,125,-84.2549
4.95,0,0,125,-84.2549
4.975,0,0,125,-84.2549
5,0,0,125,-84.255
