0,0,0,125,14.0839
0.025,0,0,125,14.0872
0.05,0,0,125,14.0937
0.075,0,0,125,14.103
0.1,0,0,125,14.1148
0.125,0,0,125,14.1286
0.15,0,0,125,14.1438
0.175,0,0,125,14.1601
0.2,0,0,125,14.1772
0.225,0,0,125,14.195
0.25,0,0,125,14.2135
0.275,0,0,125,14.2324
0.3,0,0,125,14.2517
0.325,0,0,125,14.2715
0.35,0,0,125,14.2915
0.375,0,0,125,14.3118
0.4,0,0,125,14.3324
0.425,0,0,125,14.3531
0.45,0,0,125,14.3739
0.475,0,0,125,14.3949
0.5,0,0,125,14.416
0.525,0,0,125,14.4372
0.55,0,0,125,14.4584
0.575,0,0,125,14.4797
0.6,0,0,125,14.501
0.625,0,0,125,14.5222
0.65,0,0,125,14.5435
0.675,0,0,125,14.5648
0.7,0,0,125,14.5861
0.725,0,0,125,14.6073
0.75,0,0,125,14.6285
0.775,0,0,125,14.6497
0.8,0,0,125,14.6708
0.825,0,0,125,14.6918
0.85,0,0,125,14.7129
0.875,0,0,125,14.7338
0.9,0,0,125,14.7547
0.925,0,0,125,14.7755
0.95,0,0,125,14.7963
0.975,0,0,125,14.817
1,0,0,125,14.8376
1.025,0,0,125,14.8581
1.05,0,0,125,14.8786
1.075,0,0,125,14.899
1.1,0,0,125,14.9193
1.125,0,0,125,14.9395
1.15,0,0,125,14.9597
1.175,0,0,125,14.9798
1.2,0,0,125,14.9998
1.225,0,0,125,15.0197
1.25,0,0,125,15.0395
1.275,0,0,125,15.0593
1.3,0,0,125,15.0789
1.325,0,0,125,15.0985
1.35,0,0,125,15.118
1.375,0,0,125,15.1374
1.4,0,0,125,15.1567
1.425,0,0,125,15.1759
1.45,0,0,125,15.195
1.475,0,0,125,15.2141
1.5,0,0,125,15.233
1.525,0,0,125,15.2518
1.55,0,0,125,15.2706
1.575,0,0,125,15.2892
1.6,0,0,125,15.3078
1.625,0,0,125,15.3262
1.65,0,0,125,15.3446
1.675,0,0,125,15.3628
1.7,0,0,125,15.381
1.725,0,0,125,15.399
1.75,0,0,125,15.4169
1.775,0,0,125,15.4348
1.8,0,0,125,15.4525
1.825,0,0,125,15.4701
1.85,0,0,125,15.4876
1.875,0,0,125,15.505
1.9,0,0,125,15.5223
1.925,0,0,125,15.5394
1.95,0,0,125,15.5565
1.975,0,0,125,15.5734
2,0,0,125,15.5902
2.025,0,0,125,15.6069
2.05,0,0,125,15.6235
2.075,0,0,125,15.6399
2.1,0,0,125,15.6562
2.125,0,0,125,15.6724
2.15,0,0,125,15.6885
2.175,0,0,125,15.7044
2.2,0,0,125,15.7202
2.225,0,0,125,15.7359
2.25,0,0,125,15.7515
2.275,0,0,125,15.7669
2.3,0,0,125,15.7822
2.325,0,0,125,15.7973
2.35,0,0,125,15.8123
2.375,0,0,125,15.8272
2.4,0,0,125,15.8419
2.425,0,0,125,15.8565
2.45,0,0,125,15.8709
2.475,0,0,125,15.8852
2.5,0,0,125,15.8994
2.525,0,0,125,15.9134
2.55,0,0,125,15.9273
2.575,0,0,125,15.941
2.6,0,0,125,15.9546
2.625,0,0,125,15.968
2.65,0,0,125,15.9813
2.675,0,0,125,15.9945
2.7,0,0,125,16.0075
2.725,0,0,125,16.0203
2.75,0,0,125,16.033
2.775,0,0,125,16.0455
2.8,0,0,125,16.0579
2.825,0,0,125,16.0701
2.85,0,0,125,16.0822
2.875,0,0,125,16.0942
2.9,0,0,125,16.1059
2.925,0,0,125,16.1176
2.95,0,0,125,16.1291
2.975,0,0,125,16.1404
3,0,0,125,16.1516
3.025,0,0,125,16.1626
3.05,0,0,125,16.1735
3.075,0,0,125,16.1843
3.1,0,0,125,16.1949
3.125,0,0,125,16.2053
3.15,0,0,125,16.2156
3.175,0,0,125,16.2258
3.2,0,0,125,16.2358
3.225,0,0,125,16.2457
3.25,0,0,125,16.2555
3.275,0,0,125,16.2651
3.3,0,0,125,16.2746
3.325,0,0,125,16.284
3.35,0,0,125,16.2932
3.375,0,0,125,16.3024
3.4,0,0,125,16.3114
3.425,0,0,125,16.3203
3.45,0,0,125,16.3291
3.475,0,0,125,16.3378
3.5,0,0,125,16.3464
3.525,0,0,125,16.3549
3.55,0,0,125,16.3633
3.575,0,0,125,16.3716
3.6,0,0,125,16.3798
3.625,0,0,125,16.388
3.65,0,0,125,16.3961
3.675,0,0,125,16.4041
3.7,0,0,125,16.412
3.725,0,0,125,16.42
3.75,0,0,125,16.4278
3.775,0,0,125,16.4357
3.8,0,0,125,16.4435
3.825,0,0,125,16.4512
3.85,0,0,125,16.459
3.875,0,0,125,16.4668
3.9,0,0,125,16.4745
3.925,0,0,125,16.4823
3.95,0,0,125,16.49
3.975,0,0,125,16.4978
4,0,0,125,16.5056
4.025,0,0,125,16.5135
4.05,0,0,125,16.5213
4.075,0,0,125,16.5293
4.1,0,0,125,16.5372
4.125,0,0,125,16.5453
4.15,0,0,125,16.5533
4.175,0,0,125,16.5615
4.2,0,0,125,16.5697
4.225,0,0,125,16.578
4.25,0,0,125,16.5863
4.275,0,0,125,16.5947
4.3,0,0,125,16.6032
4.325,0,0,125,16.6118
4.35,0,0,125,16.6204
4.375,0,0,125,16.629
4.4,0,0,125,16.6377
4.425,0,0,125,16.6464
4.45,0,0,125,16.6551
4.475,0,0,125,16.6639
4.5,0,0,125,16.6726
4.525,0,0,125,16.6813
4.55,0,0,125,16.69
4.575,0,0,125,16.6985
4.6,0,0,125,16.707
4.625,0,0,125,16.7153
4.65,0,0,125,16.7234
4.675,0,0,125,16.7313
4.7,0,0,125,16.739
4.725,0,0,125,16.7464
4.75,0,0,125,16.7534
4.775,0,0,125,16.7601
4.8,0,0,125,16.7663
4.825,0,0,125,16.772
4.85,0,0,125,16.7772
4.875,0,0,125,16.7819
4.9,0,0,125,16.7859
4.925,0,0,125,16.7892
4.95,0,0,125,16.7917
4.975,0,0,125,16.7934
5,0,0,125,16.7943
