0,0,0,125,-83.9513
0.025,0,0,125,-83.9515
0.05,0,0,125,-83.9518
0.075,0,0,125,-83.9523
0.1,0,0,125,-83.953
0.125,0,0,125,-83.9537
0.15,0,0,125,-83.9546
0.175,0,0,125,-83.9554
0.2,0,0,125,-83.9563
0.225,0,0,125,-83.9572
0.25,0,0,125,-83.9581
0.275,0,0,125,-83.9591
0.3,0,0,125,-83.96
0.325,0,0,125,-83.9609
0.35,0,0,125,-83.9618
0.375,0,0,125,-83.9627
0.4,0,0,125,-83.9636
0.425,0,0,125,-83.9645
0.45,0,0,125,-83.9653
0.475,0,0,125,-83.9662
0.5,0,0,125,-83.967
0.525,0,0,125,-83.9678
0.55,0,0,125,-83.9686
0.575,0,0,125,-83.9693
0.6,0,0,125,-83.9701
0.625,0,0,125,-83.9708
0.65,0,0,125,-83.9716
0.675,0,0,125,-83.9723
0.7,0,0,125,-83.973
0.725,0,0,125,-83.9737
0.75,0,0,125,-83.9745
0.775,0,0,125,-83.9752
0.8,0,0,125,-83.976
0.825,0,0,125,-83.9767
0.85,0,0,125,-83.9775
0.875,0,0,125,-83.9783
0.9,0,0,125,-83.9791
0.925,0,0,125,-83.9799
0.95,0,0,125,-83.9807
0.975,0,0,125,-83.9815
1,0,0,125,-83.9823
1.025,0,0,125,-83.9832
1.05,0,0,125,-83.984
1.075,0,0,125,-83.9849
1.1,0,0,125,-83.9858
1.125,0,0,125,-83.9866
1.15,0,0,125,-83.9875
1.175,0,0,125,-83.9884
1.2,0,0,125,-83.9893
1.225,0,0,125,-83.9902
1.25,0,0,125,-83.9912
1.275,0,0,125,-83.9921
1.3,0,0,125,-83.9931
1.325,0,0,125,-83.994
1.35,0,0,125,-83.995
1.375,0,0,125,-83.9959
1.4,0,0,125,-83.9969
1.425,0,0,125,-83.9979
1.45,0,0,125,-83.9989
1.475,0,0,125,-84
1.5,0,0,125,-84.0011
1.525,0,0,125,-84.0022
1.55,0,0,125,-84.0033
1.575,0,0,125,-84.0045
1.6,0,0,125,-84.0057
1.625,0,0,125,-84.007
1.65,0,0,125,-84.0082
1.675,0,0,125,-84.0096
1.7,0,0,125,-84.0109
1.725,0,0,125,-84.0123
1.75,0,0,125,-84.0137
1.775,0,0,125,-84.0152
1.8,0,0,125,-84.0167
1.825,0,0,125,-84.0182
1.85,0,0,125,-84.0198
1.875,0,0,125,-84.0214
1.9,0,0,125,-84.023
1.925,0,0,125,-84.0247
1.95,0,0,125,-84.0264
1.975,0,0,125,-84.0281
2,0,0,125,-84.0299
2.025,0,0,125,-84.0317
2.05,0,0,125,-84.0336
2.075,0,0,125,-84.0355
2.1,0,0,125,-84.0374
2.125,0,0,125,-84.0394
2.15,0,0,125,-84.0414
2.175,0,0,125,-84.0435
2.2,0,0,125,-84.0456
2.225,0,0,125,-84.0477
2.25,0,0,125,-84.0499
2.275,0,0,125,-84.0521
2.3,0,0,125,-84.0543
2.325,0,0,125,-84.0566
2.35,0,0,125,-84.059
2.375,0,0,125,-84.0614
2.4,0,0,125,-84.0639
2.425,0,0,125,-84.0664
2.45,0,0,125,-84.069
2.475,0,0,125,-84.0716
2.5,0,0,125,-84.0743
2.525,0,0,125,-84.0771
2.55,0,0,125,-84.0799
2.575,0,0,125,-84.0828
2.6,0,0,125,-84.0856
2.625,0,0,125,-84.0886
2.65,0,0,125,-84.0915
2.675,0,0,125,-84.0945
2.7,0,0,125,-84.0975
2.725,0,0,125,-84.1006
2.75,0,0,125,-84.1037
2.775,0,0,125,-84.1068
2.8,0,0,125,-84.11
2.825,0,0,125,-84.1132
2.85,0,0,125,-84.1164
2.875,0,0,125,-84.1196
2.9,0,0,125,-84.1229
2.925,0,0,125,-84.1261
2.95,0,0,125,-84.1294
2.975,0,0,125,-84.1327
3,0,0,125,-84.1361
3.025,0,0,125,-84.1394
3.05,0,0,125,-84.1427
3.075,0,0,125,-84.1459
3.1,0,0,125,-84.1492
3.125,0,0,125,-84.1525
3.15,0,0,125,-84.1557
3.175,0,0,125,-84.159
3.2,0,0,125,-84.1622
3.225,0,0,125,-84.1654
3.25,0,0,125,-84.1686
3.275,0,0,125,-84.1718
3.3,0,0,125,-84.1749
3.325,0,0,125,-84.178
3.35,0,0,125,-84.1811
3.375,0,0,125,-84.1841
3.4,0,0,125,-84.1871
3.425,0,0,125,-84.19
3.45,0,0,125,-84.193
3.475,0,0,125,-84.1958
3.5,0,0,125,-84.1987
3.525,0,0,125,-84.2015
3.55,0,0,125,-84.2042
3.575,0,0,125,-84.2069
3.6,0,0,125,-84.2096
3.625,0,0,125,-84.2121
3.65,0,0,125,-84.2147
3.675,0,0,125,-84.2171
3.7,0,0,125,-84.2195
3.725,0,0,125,-84.2218
3.75,0,0,125,-84.2241
3.775,0,0,125,-84.2263
3.8,0,0,125,-84.2284
3.825,0,0,125,-84.2305
3.85,0,0,125,-84.2325
3.875,0,0,125,-84.2345
3.9,0,0,125,-84.2364
3.925,0,0,125,-84.2382
3.95,0,0,125,-84.24
3.975,0,0,125,-84.2417
4,0,0,125,-84.2434
4.025,0,0,125,-84.245
4.05,0,0,125,-84.2465
4.075,0,0,125,-84.248
4.1,0,0,125,-84.2494
4.125,0,0,125,-84.2507
4.15,0,0,125,-84.252
4.175,0,0,125,-84.2532
4.2,0,0,125,-84.2544
4.225,0,0,125,-84.2554
4.25,0,0,125,-84.2565
4.275,0,0,125,-84.2574
4.3,0,0,125,-84.2583
4.325,0,0,125,-84.2591
4.35,0,0,125,-84.2599
4.375,0,0,125,-84.2607
4.4,0,0,125,-84.2614
4.425,0,0,125,-84.262
4.45,0,0,125,-84.2627
4.475,0,0,125,-84.2632
4.5,0,0,125,-84.2638
4.525,0,0,125,-84.2643
4.55,0,0,125,-84.2648
4.575,0,0,125,-84.2652
4.6,0,0,125,-84.2656
4.625,0,0,125,-84.266
4.65,0,0,125,-84.2663
4.675,0,0,125,-84.2666
4.7,0,0,125,-84.2668
4.725,0,0,125,-84.267
4.75,0,0,125,-84.2672
4.775,0,0,125,-84.2673
4.8,0,0,125,-84.2674
4.825,0,0,125,-84.2676
4.85,0,0,125,-84.2677
4.875,0,0,125,-84.2678
4.9,0,0,125,-84.2678
4.925,0,0,125,-84.2679
4.95,0,0,125,-84.2679
4.975,0,0,125,-84.268
5,0,0,125,-84.268
