0,0,0,125,-15.7711
0.025,0,0,125,-15.7668
0.05,0,0,125,-15.7582
0.075,0,0,125,-15.7458
0.1,0,0,125,-15.73
0.125,0,0,125,-15.7112
0.15,0,0,125,-15.6901
0.175,0,0,125,-15.6672
0.2,0,0,125,-15.6427
0.225,0,0,125,-15.617
0.25,0,0,125,-15.5902
0.275,0,0,125,-15.5626
0.3,0,0,125,-15.5344
0.325,0,0,125,-15.5058
0.35,0,0,125,-15.477
0.375,0,0,125,-15.4481
0.4,0,0,125,-15.4194
0.425,0,0,125,-15.3911
0.45,0,0,125,-15.3632
0.475,0,0,125,-15.3361
0.5,0,0,125,-15.3098
0.525,0,0,125,-15.2845
0.55,0,0,125,-15.2605
0.575,0,0,125,-15.2377
0.6,0,0,125,-15.2165
0.625,0,0,125,-15.197
0.65,0,0,125,-15.1793
0.675,0,0,125,-15.1636
0.7,0,0,125,-15.15
0.725,0,0,125,-15.1388
0.75,0,0,125,-15.13
0.775,0,0,125,-15.1239
0.8,0,0,125,-15.1206
0.825,0,0,125,-15.1202
0.85,0,0,125,-15.123
0.875,0,0,125,-15.1292
0.9,0,0,125,-15.1388
0.925,0,0,125,-15.1521
0.95,0,0,125,-15.1692
0.975,0,0,125,-15.1904
1,0,0,125,-15.2159
1.025,0,0,125,-15.2457
1.05,0,0,125,-15.2802
1.075,0,0,125,-15.3195
1.1,0,0,125,-15.3639
1.125,0,0,125,-15.4135
1.15,0,0,125,-15.4686
1.175,0,0,125,-15.5294
1.2,0,0,125,-15.5961
1.225,0,0,125,-15.669
1.25,0,0,125,-15.7483
1.275,0,0,125,-15.8343
1.3,0,0,125,-15.9272
1.325,0,0,125,-16.0273
1.35,0,0,125,-16.1348
1.375,0,0,125,-16.2501
1.4,0,0,125,-16.3734
1.425,0,0,125,-16.505
1.45,0,0,125,-16.6452
1.475,0,0,125,-16.7942
1.5,0,0,125,-16.9525
1.525,0,0,125,-17.1203
1.55,0,0,125,-17.2979
1.575,0,0,125,-17.4856
1.6,0,0,125,-17.6838
1.625,0,0,125,-17.8928
1.65,0,0,125,-18.113
1.675,0,0,125,-18.3446
1.7,0,0,125,-18.588
1.725,0,0,125,-18.8437
1.75,0,0,125,-19.1119
1.775,0,0,125,-19.3929
1.8,0,0,125,-19.6873
1.825,0,0,125,-19.9953
1.85,0,0,125,-20.3173
1.875,0,0,125,-20.6538
1.9,0,0,125,-21.005
1.925,0,0,125,-21.3715
1.95,0,0,125,-21.7535
1.975,0,0,125,-22.1516
2,0,0,125,-22.5662
2.025,0,0,125,-22.9976
2.05,0,0,125,-23.4464
2.075,0,0,125,-23.913
2.1,0,0,125,-24.3977
2.125,0,0,125,-24.9012
2.15,0,0,125,-25.4239
2.175,0,0,125,-25.9663
2.2,0,0,125,-26.5289
2.225,0,0,125,-27.1123
2.25,0,0,125,-27.7168
2.275,0,0,125,-28.3432
2.3,0,0,125,-28.992
2.325,0,0,125,-29.6637
2.35,0,0,125,-30.3588
2.375,0,0,125,-31.0781
2.4,0,0,125,-31.822
2.425,0,0,125,-32.5911
2.45,0,0,125,-33.386
2.475,0,0,125,-34.2071
2.5,0,0,125,-35.0548
2.525,0,0,125,-35.9297
2.55,0,0,125,-36.832
2.575,0,0,125,-37.7618
2.6,0,0,125,-38.7192
2.625,0,0,125,-39.7042
2.65,0,0,125,-40.7164
2.675,0,0,125,-41.7553
2.7,0,0,125,-42.8203
2.725,0,0,125,-43.9102
2.75,0,0,125,-45.0239
2.775,0,0,125,-46.1598
2.8,0,0,125,-47.3159
2.825,0,0,125,-48.4902
2.85,0,0,125,-49.6801
2.875,0,0,125,-50.8828
2.9,0,0,125,-52.0954
2.925,0,0,125,-53.3144
2.95,0,0,125,-54.5365
2.975,0,0,125,-55.7579
3,0,0,125,-56.9748
3.025,0,0,125,-58.1834
3.05,0,0,125,-59.3797
3.075,0,0,125,-60.5601
3.1,0,0,125,-61.7208
3.125,0,0,125,-62.8582
3.15,0,0,125,-63.969
3.175,0,0,125,-65.0503
3.2,0,0,125,-66.0991
3.225,0,0,125,-67.1133
3.25,0,0,125,-68.0906
3.275,0,0,125,-69.0295
3.3,0,0,125,-69.9287
3.325,0,0,125,-70.7873
3.35,0,0,125,-71.6046
3.375,0,0,125,-72.3806
3.4,0,0,125,-73.1154
3.425,0,0,125,-73.8094
3.45,0,0,125,-74.4633
3.475,0,0,125,-75.078
3.5,0,0,125,-75.6546
3.525,0,0,125,-76.1944
3.55,0,0,125,-76.6988
3.575,0,0,125,-77.1693
3.6,0,0,125,-77.6074
3.625,0,0,125,-78.0149
3.65,0,0,125,-78.3932
3.675,0,0,125,-78.744
3.7,0,0,125,-79.0689
3.725,0,0,125,-79.3696
3.75,0,0,125,-79.6476
3.775,0,0,125,-79.9042
3.8,0,0,125,-80.1411
3.825,0,0,125,-80.3595
3.85,0,0,125,-80.5608
3.875,0,0,125,-80.7462
3.9,0,0,125,-80.9168
3.925,0,0,125,-81.0738
3.95,0,0,125,-81.2181
3.975,0,0,125,-81.3508
4,0,0,125,-81.4727
4.025,0,0,125,-81.5847
4.05,0,0,125,-81.6875
4.075,0,0,125,-81.782
4.1,0,0,125,-81.8686
4.125,0,0,125,-81.9481
4.15,0,0,125,-82.0211
4.175,0,0,125,-82.088
4.2,0,0,125,-82.1493
4.225,0,0,125,-82.2056
4.25,0,0,125,-82.2571
4.275,0,0,125,-82.3043
4.3,0,0,125,-82.3476
4.325,0,0,125,-82.3872
4.35,0,0,125,-82.4234
4.375,0,0,125,-82.4566
4.4,0,0,125,-82.4869
4.425,0,0,125,-82.5146
4.45,0,0,125,-82.5399
4.475,0,0,125,-82.563
4.5,0,0,125,-82.584
4.525,0,0,125,-82.6032
4.55,0,0,125,-82.6206
4.575,0,0,125,-82.6364
4.6,0,0,125,-82.6508
4.625,0,0,125,-82.6637
4.65,0,0,125,-82.6754
4.675,0,0,125,-82.6859
4.7,0,0,125,-82.6953
4.725,0,0,125,-82.7037
4.75,0,0,125,-82.7111
4.775,0,0,125,-82.7177
4.8,0,0,125,-82.7234
4.825,0,0,125,-82.7283
4.85,0,0,125,-82.7325
4.875,0,0,125,-82.7359
4.9,0,0,125,-82.7388
4.925,0,0,125,-82.7409
4.95,0,0,125,-82.7426
4.975,0,0,125,-82.7436
5,0,0,125,-82.7441
