0,0,0,125,-82.4655
0.025,0,0,125,-82.4661
0.05,0,0,125,-82.4671
0.075,0,0,125,-82.4687
0.1,0,0,125,-82.4706
0.125,0,0,125,-82.4728
0.15,0,0,125,-82.4752
0.175,0,0,125,-82.4777
0.2,0,0,125,-82.4803
0.225,0,0,125,-82.483
0.25,0,0,125,-82.4857
0.275,0,0,125,-82.4884
0.3,0,0,125,-82.491
0.325,0,0,125,-82.4937
0.35,0,0,125,-82.4964
0.375,0,0,125,-82.499
0.4,0,0,125,-82.5017
0.425,0,0,125,-82.5043
0.45,0,0,125,-82.5069
0.475,0,0,125,-82.5095
0.5,0,0,125,-82.5122
0.525,0,0,125,-82.5147
0.55,0,0,125,-82.5173
0.575,0,0,125,-82.5199
0.6,0,0,125,-82.5226
0.625,0,0,125,-82.5252
0.65,0,0,125,-82.5278
0.675,0,0,125,-82.5305
0.7,0,0,125,-82.5331
0.725,0,0,125,-82.5358
0.75,0,0,125,-82.5385
0.775,0,0,125,-82.5412
0.8,0,0,125,-82.544
0.825,0,0,125,-82.5468
0.85,0,0,125,-82.5496
0.875,0,0,125,-82.5525
0.9,0,0,125,-82.5554
0.925,0,0,125,-82.5583
0.95,0,0,125,-82.5613
0.975,0,0,125,-82.5644
1,0,0,125,-82.5674
1.025,0,0,125,-82.5705
1.05,0,0,125,-82.5737
1.075,0,0,125,-82.5769
1.1,0,0,125,-82.5802
1.125,0,0,125,-82.5835
1.15,0,0,125,-82.5868
1.175,0,0,125,-82.5902
1.2,0,0,125,-82.5937
1.225,0,0,125,-82.5972
1.25,0,0,125,-82.6007
1.275,0,0,125,-82.6043
1.3,0,0,125,-82.6079
1.325,0,0,125,-82.6116
1.35,0,0,125,-82.6153
1.375,0,0,125,-82.6191
1.4,0,0,125,-82.6229
1.425,0,0,125,-82.6267
1.45,0,0,125,-82.6306
1.475,0,0,125,-82.6345
1.5,0,0,125,-82.6385
1.525,0,0,125,-82.6424
1.55,0,0,125,-82.6465
1.575,0,0,125,-82.6505
1.6,0,0,125,-82.6547
1.625,0,0,125,-82.6588
1.65,0,0,125,-82.663
1.675,0,0,125,-82.6672
1.7,0,0,125,-82.6715
1.725,0,0,125,-82.6758
1.75,0,0,125,-82.6802
1.775,0,0,125,-82.6846
1.8,0,0,125,-82.6891
1.825,0,0,125,-82.6937
1.85,0,0,125,-82.6983
1.875,0,0,125,-82.703
1.9,0,0,125,-82.7077
1.925,0,0,125,-82.7125
1.95,0,0,125,-82.7174
1.975,0,0,125,-82.7224
2,0,0,125,-82.7275
2.025,0,0,125,-82.7327
2.05,0,0,125,-82.7379
2.075,0,0,125,-82.7433
2.1,0,0,125,-82.7487
2.125,0,0,125,-82.7542
2.15,0,0,125,-82.7599
2.175,0,0,125,-82.7657
2.2,0,0,125,-82.7716
2.225,0,0,125,-82.7776
2.25,0,0,125,-82.7837
2.275,0,0,125,-82.7899
2.3,0,0,125,-82.7963
2.325,0,0,125,-82.8028
2.35,0,0,125,-82.8095
2.375,0,0,125,-82.8163
2.4,0,0,125,-82.8232
2.425,0,0,125,-82.8303
2.45,0,0,125,-82.8375
2.475,0,0,125,-82.8448
2.5,0,0,125,-82.8523
2.525,0,0,125,-82.8599
2.55,0,0,125,-82.8677
2.575,0,0,125,-82.8756
2.6,0,0,125,-82.8836
2.625,0,0,125,-82.8918
2.65,0,0,125,-82.9001
2.675,0,0,125,-82.9085
2.7,0,0,125,-82.917
2.725,0,0,125,-82.9256
2.75,0,0,125,-82.9343
2.775,0,0,125,-82.9432
2.8,0,0,125,-82.9521
2.825,0,0,125,-82.9612
2.85,0,0,125,-82.9704
2.875,0,0,125,-82.9796
2.9,0,0,125,-82.9889
2.925,0,0,125,-82.9983
2.95,0,0,125,-83.0078
2.975,0,0,125,-83.0173
3,0,0,125,-83.0269
3.025,0,0,125,-83.0364
3.05,0,0,125,-83.0461
3.075,0,0,125,-83.0557
3.1,0,0,125,-83.0654
3.125,0,0,125,-83.075
3.15,0,0,125,-83.0847
3.175,0,0,125,-83.0943
3.2,0,0,125,-83.104
3.225,0,0,125,-83.1136
3.25,0,0,125,-83.1231
3.275,0,0,125,-83.1326
3.3,0,0,125,-83.1421
3.325,0,0,125,-83.1514
3.35,0,0,125,-83.1607
3.375,0,0,125,-83.1699
3.4,0,0,125,-83.179
3.425,0,0,125,-83.188
3.45,0,0,125,-83.1968
3.475,0,0,125,-83.2056
3.5,0,0,125,-83.2142
3.525,0,0,125,-83.2227
3.55,0,0,125,-83.231
3.575,0,0,125,-83.2392
3.6,0,0,125,-83.2472
3.625,0,0,125,-83.2551
3.65,0,0,125,-83.2628
3.675,0,0,125,-83.2704
3.7,0,0,125,-83.2777
3.725,0,0,125,-83.2849
3.75,0,0,125,-83.2919
3.775,0,0,125,-83.2987
3.8,0,0,125,-83.3053
3.825,0,0,125,-83.3117
3.85,0,0,125,-83.3179
3.875,0,0,125,-83.324
3.9,0,0,125,-83.3298
3.925,0,0,125,-83.3355
3.95,0,0,125,-83.3409
3.975,0,0,125,-83.3462
4,0,0,125,-83.3513
4.025,0,0,125,-83.3561
4.05,0,0,125,-83.3608
4.075,0,0,125,-83.3653
4.1,0,0,125,-83.3696
4.125,0,0,125,-83.3737
4.15,0,0,125,-83.3777
4.175,0,0,125,-83.3814
4.2,0,0,125,-83.3849
4.225,0,0,125,-83.3883
4.25,0,0,125,-83.3915
4.275,0,0,125,-83.3945
4.3,0,0,125,-83.3974
4.325,0,0,125,-83.4001
4.35,0,0,125,-83.4026
4.375,0,0,125,-83.405
4.4,0,0,125,-83.4072
4.425,0,0,125,-83.4093
4.45,0,0,125,-83.4113
4.475,0,0,125,-83.4131
4.5,0,0,125,-83.4148
4.525,0,0,125,-83.4163
4.55,0,0,125,-83.4177
4.575,0,0,125,-83.419
4.6,0,0,125,-83.4202
4.625,0,0,125,-83.4213
4.65,0,0,125,-83.4222
4.675,0,0,125,-83.4231
4.7,0,0,125,-83.4238
4.725,0,0,125,-83.4245
4.75,0,0,125,-83.4251
4.775,0,0,125,-83.4255
4.8,0,0,125,-83.4259
4.825,0,0,125,-83.4262
4.85,0,0,125,-83.4265
4.875,0,0,125,-83.4267
4.9,0,0,125,-83.4268
4.925,0,0,125,-83.4268
4.95,0,0,125,-83.4269
4.975,0,0,125,-83.4269
5,0,0,125,-83.4269
