0,0,0,125,5.36016
0.025,0,0,125,5.36364
0.05,0,0,125,5.37048
0.075,0,0,125,5.38042
0.1,0,0,125,5.3931
0.125,0,0,125,5.40807
0.15,0,0,125,5.42494
0.175,0,0,125,5.44333
0.2,0,0,125,5.46306
0.225,0,0,125,5.48398
0.25,0,0,125,5.50598
0.275,0,0,125,5.52897
0.3,0,0,125,5.55287
0.325,0,0,125,5.5776
0.35,0,0,125,5.6031
0.375,0,0,125,5.6293
0.4,0,0,125,5.65614
0.425,0,0,125,5.68358
0.45,0,0,125,5.71156
0.475,0,0,125,5.74003
0.5,0,0,125,5.76897
0.525,0,0,125,5.79832
0.55,0,0,125,5.82807
0.575,0,0,125,5.85818
0.6,0,0,125,5.88861
0.625,0,0,125,5.91935
0.65,0,0,125,5.95036
0.675,0,0,125,5.98163
0.7,0,0,125,6.01314
0.725,0,0,125,6.04486
0.75,0,0,125,6.07678
0.775,0,0,125,6.10888
0.8,0,0,125,6.14115
0.825,0,0,125,6.17358
0.85,0,0,125,6.20615
0.875,0,0,125,6.23884
0.9,0,0,125,6.27165
0.925,0,0,125,6.30457
0.95,0,0,125,6.33759
0.975,0,0,125,6.37069
1,0,0,125,6.40386
1.025,0,0,125,6.43711
1.05,0,0,125,6.47042
1.075,0,0,125,6.50379
1.1,0,0,125,6.53721
1.125,0,0,125,6.57067
1.15,0,0,125,6.60418
1.175,0,0,125,6.63771
1.2,0,0,125,6.67128
1.225,0,0,125,6.70487
1.25,0,0,125,6.73848
1.275,0,0,125,6.77211
1.3,0,0,125,6.80576
1.325,0,0,125,6.83942
1.35,0,0,125,6.87308
1.375,0,0,125,6.90675
1.4,0,0,125,6.94043
1.425,0,0,125,6.9741
1.45,0,0,125,7.00777
1.475,0,0,125,7.04144
1.5,0,0,125,7.07511
1.525,0,0,125,7.10876
1.55,0,0,125,7.14241
1.575,0,0,125,7.17605
1.6,0,0,125,7.20967
1.625,0,0,125,7.24328
1.65,0,0,125,7.27688
1.675,0,0,125,7.31046
1.7,0,0,125,7.34402
1.725,0,0,125,7.37756
1.75,0,0,125,7.41109
1.775,0,0,125,7.4446
1.8,0,0,125,7.47808
1.825,0,0,125,7.51155
1.85,0,0,125,7.54499
1.875,0,0,125,7.57841
1.9,0,0,125,7.6118
1.925,0,0,125,7.64518
1.95,0,0,125,7.67853
1.975,0,0,125,7.71185
2,0,0,125,7.74515
2.025,0,0,125,7.77842
2.05,0,0,125,7.81167
2.075,0,0,125,7.84489
2.1,0,0,125,7.87809
2.125,0,0,125,7.91126
2.15,0,0,125,7.9444
2.175,0,0,125,7.97751
2.2,0,0,125,8.01059
2.225,0,0,125,8.04365
2.25,0,0,125,8.07668
2.275,0,0,125,8.10969
2.3,0,0,125,8.14266
2.325,0,0,125,8.17561
2.35,0,0,125,8.20852
2.375,0,0,125,8.24141
2.4,0,0,125,8.27427
2.425,0,0,125,8.3071
2.45,0,0,125,8.3399
2.475,0,0,125,8.37268
2.5,0,0,125,8.40542
2.525,0,0,125,8.43813
2.55,0,0,125,8.47082
2.575,0,0,125,8.50347
2.6,0,0,125,8.5361
2.625,0,0,125,8.56869
2.65,0,0,125,8.60126
2.675,0,0,125,8.63379
2.7,0,0,125,8.6663
2.725,0,0,125,8.69878
2.75,0,0,125,8.73122
2.775,0,0,125,8.76364
2.8,0,0,125,8.79603
2.825,0,0,125,8.82838
2.85,0,0,125,8.86071
2.875,0,0,125,8.89301
2.9,0,0,125,8.92527
2.925,0,0,125,8.95751
2.95,0,0,125,8.98972
2.975,0,0,125,9.02189
3,0,0,125,9.05404
3.025,0,0,125,9.08615
3.05,0,0,125,9.11823
3.075,0,0,125,9.15028
3.1,0,0,125,9.18229
3.125,0,0,125,9.21428
3.15,0,0,125,9.24623
3.175,0,0,125,9.27814
3.2,0,0,125,9.31003
3.225,0,0,125,9.34188
3.25,0,0,125,9.3737
3.275,0,0,125,9.40548
3.3,0,0,125,9.43723
3.325,0,0,125,9.46894
3.35,0,0,125,9.50062
3.375,0,0,125,9.53226
3.4,0,0,125,9.56387
3.425,0,0,125,9.59543
3.45,0,0,125,9.62696
3.475,0,0,125,9.65844
3.5,0,0,125,9.68989
3.525,0,0,125,9.72129
3.55,0,0,125,9.75265
3.575,0,0,125,9.78397
3.6,0,0,125,9.81524
3.625,0,0,125,9.84646
3.65,0,0,125,9.87763
3.675,0,0,125,9.90875
3.7,0,0,125,9.93981
3.725,0,0,125,9.97082
3.75,0,0,125,10.0018
3.775,0,0,125,10.0326
3.8,0,0,125,10.0635
3.825,0,0,125,10.0942
3.85,0,0,125,10.1249
3.875,0,0,125,10.1555
3.9,0,0,125,10.186
3.925,0,0,125,10.2164
3.95,0,0,125,10.2467
3.975,0,0,125,10.277
4,0,0,125,10.3071
4.025,0,0,125,10.3371
4.05,0,0,125,10.367
4.075,0,0,125,10.3968
4.1,0,0,125,10.4264
4.125,0,0,125,10.4558
4.15,0,0,125,10.4851
4.175,0,0,125,10.5143
4.2,0,0,125,10.5432
4.225,0,0,125,10.5719
4.25,0,0,125,10.6005
4.275,0,0,125,10.6287
4.3,0,0,125,10.6568
4.325,0,0,125,10.6845
4.35,0,0,125,10.712
4.375,0,0,125,10.7391
4.4,0,0,125,10.7658
4.425,0,0,125,10.7922
4.45,0,0,125,10.8182
4.475,0,0,125,10.8437
4.5,0,0,125,10.8687
4.525,0,0,125,10.8932
4.55,0,0,125,10.9171
4.575,0,0,125,10.9404
4.6,0,0,125,10.963
4.625,0,0,125,10.985
4.65,0,0,125,11.0061
4.675,0,0,125,11.0264
4.7,0,0,125,11.0458
4.725,0,0,125,11.0642
4.75,0,0,125,11.0815
4.775,0,0,125,11.0977
4.8,0,0,125,11.1127
4.825,0,0,125,11.1264
4.85,0,0,125,11.1387
4.875,0,0,125,11.1496
4.9,0,0,125,11.1588
4.925,0,0,125,11.1664
4.95,0,0,125,11.1721
4.975,0,0,125,11.176
5,0,0,125,11.178
