0,0,0,125,-84.3082
0.025,0,0,125,-84.3083
0.05,0,0,125,-84.3084
0.075,0,0,125,-84.3087
0.1,0,0,125,-84.309
0.125,0,0,125,-84.3093
0.15,0,0,125,-84.3096
0.175,0,0,125,-84.31
0.2,0,0,125,-84.3104
0.225,0,0,125,-84.3108
0.25,0,0,125,-84.3112
0.275,0,0,125,-84.3116
0.3,0,0,125,-84.312
0.325,0,0,125,-84.3124
0.35,0,0,125,-84.3129
0.375,0,0,125,-84.3133
0.4,0,0,125,-84.3137
0.425,0,0,125,-84.3142
0.45,0,0,125,-84.3146
0.475,0,0,125,-84.315
0.5,0,0,125,-84.3153
0.525,0,0,125,-84.3157
0.55,0,0,125,-84.3161
0.575,0,0,125,-84.3164
0.6,0,0,125,-84.3168
0.625,0,0,125,-84.3171
0.65,0,0,125,-84.3175
0.675,0,0,125,-84.3178
0.7,0,0,125,-84.3182
0.725,0,0,125,-84.3185
0.75,0,0,125,-84.3188
0.775,0,0,125,-84.3191
0.8,0,0,125,-84.3195
0.825,0,0,125,-84.3198
0.85,0,0,125,-84.3202
0.875,0,0,125,-84.3205
0.9,0,0,125,-84.3209
0.925,0,0,125,-84.3213
0.95,0,0,125,-84.3217
0.975,0,0,125,-84.322
1,0,0,125,-84.3225
1.025,0,0,125,-84.3229
1.05,0,0,125,-84.3233
1.075,0,0,125,-84.3237
1.1,0,0,125,-84.3242
1.125,0,0,125,-84.3246
1.15,0,0,125,-84.325
1.175,0,0,125,-84.3254
1.2,0,0,125,-84.3258
1.225,0,0,125,-84.3262
1.25,0,0,125,-84.3265
1.275,0,0,125,-84.3269
1.3,0,0,125,-84.3273
1.325,0,0,125,-84.3277
1.35,0,0,125,-84.3282
1.375,0,0,125,-84.3286
1.4,0,0,125,-84.329
1.425,0,0,125,-84.3295
1.45,0,0,125,-84.3299
1.475,0,0,125,-84.3304
1.5,0,0,125,-84.3309
1.525,0,0,125,-84.3314
1.55,0,0,125,-84.332
1.575,0,0,125,-84.3325
1.6,0,0,125,-84.3331
1.625,0,0,125,-84.3336
1.65,0,0,125,-84.3342
1.675,0,0,125,-84.3348
1.7,0,0,125,-84.3355
1.725,0,0,125,-84.3361
1.75,0,0,125,-84.3368
1.775,0,0,125,-84.3374
1.8,0,0,125,-84.3381
1.825,0,0,125,-84.3388
1.85,0,0,125,-84.3395
1.875,0,0,125,-84.3402
1.9,0,0,125,-84.341
1.925,0,0,125,-84.3417
1.95,0,0,125,-84.3425
1.975,0,0,125,-84.3433
2,0,0,125,-84.3441
2.025,0,0,125,-84.3449
2.05,0,0,125,-84.3457
2.075,0,0,125,-84.3465
2.1,0,0,125,-84.3474
2.125,0,0,125,-84.3483
2.15,0,0,125,-84.3491
2.175,0,0,125,-84.35
2.2,0,0,125,-84.3509
2.225,0,0,125,-84.3519
2.25,0,0,125,-84.3528
2.275,0,0,125,-84.3537
2.3,0,0,125,-84.3547
2.325,0,0,125,-84.3557
2.35,0,0,125,-84.3568
2.375,0,0,125,-84.3578
2.4,0,0,125,-84.3589
2.425,0,0,125,-84.36
2.45,0,0,125,-84.3612
2.475,0,0,125,-84.3623
2.5,0,0,125,-84.3635
2.525,0,0,125,-84.3647
2.55,0,0,125,-84.366
2.575,0,0,125,-84.3672
2.6,0,0,125,-84.3685
2.625,0,0,125,-84.3697
2.65,0,0,125,-84.371
2.675,0,0,125,-84.3723
2.7,0,0,125,-84.3736
2.725,0,0,125,-84.3749
2.75,0,0,125,-84.3762
2.775,0,0,125,-84.3775
2.8,0,0,125,-84.3788
2.825,0,0,125,-84.3802
2.85,0,0,125,-84.3815
2.875,0,0,125,-84.3829
2.9,0,0,125,-84.3842
2.925,0,0,125,-84.3856
2.95,0,0,125,-84.387
2.975,0,0,125,-84.3884
3,0,0,125,-84.3898
3.025,0,0,125,-84.3912
3.05,0,0,125,-84.3927
3.075,0,0,125,-84.3941
3.1,0,0,125,-84.3955
3.125,0,0,125,-84.397
3.15,0,0,125,-84.3984
3.175,0,0,125,-84.3999
3.2,0,0,125,-84.4013
3.225,0,0,125,-84.4028
3.25,0,0,125,-84.4042
3.275,0,0,125,-84.4056
3.3,0,0,125,-84.407
3.325,0,0,125,-84.4084
3.35,0,0,125,-84.4097
3.375,0,0,125,-84.4111
3.4,0,0,125,-84.4125
3.425,0,0,125,-84.4138
3.45,0,0,125,-84.4151
3.475,0,0,125,-84.4164
3.5,0,0,125,-84.4177
3.525,0,0,125,-84.4189
3.55,0,0,125,-84.4201
3.575,0,0,125,-84.4213
3.6,0,0,125,-84.4225
3.625,0,0,125,-84.4236
3.65,0,0,125,-84.4247
3.675,0,0,125,-84.4257
3.7,0,0,125,-84.4268
3.725,0,0,125,-84.4278
3.75,0,0,125,-84.4287
3.775,0,0,125,-84.4297
3.8,0,0,125,-84.4306
3.825,0,0,125,-84.4315
3.85,0,0,125,-84.4323
3.875,0,0,125,-84.4331
3.9,0,0,125,-84.4339
3.925,0,0,125,-84.4346
3.95,0,0,125,-84.4354
3.975,0,0,125,-84.436
4,0,0,125,-84.4367
4.025,0,0,125,-84.4373
4.05,0,0,125,-84.4379
4.075,0,0,125,-84.4385
4.1,0,0,125,-84.439
4.125,0,0,125,-84.4395
4.15,0,0,125,-84.44
4.175,0,0,125,-84.4405
4.2,0,0,125,-84.4409
4.225,0,0,125,-84.4413
4.25,0,0,125,-84.4417
4.275,0,0,125,-84.4421
4.3,0,0,125,-84.4424
4.325,0,0,125,-84.4428
4.35,0,0,125,-84.4431
4.375,0,0,125,-84.4434
4.4,0,0,125,-84.4437
4.425,0,0,125,-84.444
4.45,0,0,125,-84.4442
4.475,0,0,125,-84.4445
4.5,0,0,125,-84.4447
4.525,0,0,125,-84.4449
4.55,0,0,125,-84.4451
4.575,0,0,125,-84.4453
4.6,0,0,125,-84.4455
4.625,0,0,125,-84.4457
4.65,0,0,125,-84.4458
4.675,0,0,125,-84.446
4.7,0,0,125,-84.4461
4.725,0,0,125,-84.4462
4.75,0,0,125,-84.4463
4.775,0,0,125,-84.4464
4.8,0,0,125,-84.4465
4.825,0,0,125,-84.4466
4.85,0,0,125,-84.4467
4.875,0,0,125,-84.4468
4.9,0,0,125,-84.4468
4.925,0,0,125,-84.4468
4.95,0,0,125,-84.4469
4.975,0,0,125,-84.4469
5,0,0,125,-84.4468
