0,0,0,125,-0.700193
0.025,0,0,125,-0.696633
0.05,0,0,125,-0.689639
0.075,0,0,125,-0.679443
0.1,0,0,125,-0.666393
0.125,0,0,125,-0.650898
0.15,0,0,125,-0.633352
0.175,0,0,125,-0.614085
0.2,0,0,125,-0.593293
0.225,0,0,125,-0.571113
0.25,0,0,125,-0.547655
0.275,0,0,125,-0.523009
0.3,0,0,125,-0.497261
0.325,0,0,125,-0.470496
0.35,0,0,125,-0.442787
0.375,0,0,125,-0.414201
0.4,0,0,125,-0.384801
0.425,0,0,125,-0.354645
0.45,0,0,125,-0.323792
0.475,0,0,125,-0.292291
0.5,0,0,125,-0.260189
0.525,0,0,125,-0.227527
0.55,0,0,125,-0.194343
0.575,0,0,125,-0.160674
0.6,0,0,125,-0.126557
0.625,0,0,125,-0.0920246
0.65,0,0,125,-0.0571085
0.675,0,0,125,-0.021837
0.7,0,0,125,0.0137647
0.725,0,0,125,0.0496733
0.75,0,0,125,0.0858668
0.775,0,0,125,0.122325
0.8,0,0,125,0.159028
0.825,0,0,125,0.195958
0.85,0,0,125,0.233099
0.875,0,0,125,0.270431
0.9,0,0,125,0.307939
0.925,0,0,125,0.345607
0.95,0,0,125,0.383423
0.975,0,0,125,0.421373
1,0,0,125,0.459445
1.025,0,0,125,0.49763
1.05,0,0,125,0.535916
1.075,0,0,125,0.574295
1.1,0,0,125,0.612758
1.125,0,0,125,0.651297
1.15,0,0,125,0.689903
1.175,0,0,125,0.728569
1.2,0,0,125,0.76729
1.225,0,0,125,0.806058
1.25,0,0,125,0.844867
1.275,0,0,125,0.883711
1.3,0,0,125,0.922587
1.325,0,0,125,0.961488
1.35,0,0,125,1.00041
1.375,0,0,125,1.03935
1.4,0,0,125,1.0783
1.425,0,0,125,1.11726
1.45,0,0,125,1.15623
1.475,0,0,125,1.19519
1.5,0,0,125,1.23416
1.525,0,0,125,1.27312
1.55,0,0,125,1.31208
1.575,0,0,125,1.35103
1.6,0,0,125,1.38997
1.625,0,0,125,1.42889
1.65,0,0,125,1.4678
1.675,0,0,125,1.50669
1.7,0,0,125,1.54557
1.725,0,0,125,1.58442
1.75,0,0,125,1.62325
1.775,0,0,125,1.66206
1.8,0,0,125,1.70085
1.825,0,0,125,1.7396
1.85,0,0,125,1.77834
1.875,0,0,125,1.81704
1.9,0,0,125,1.85572
1.925,0,0,125,1.89436
1.95,0,0,125,1.93298
1.975,0,0,125,1.97156
2,0,0,125,2.01011
2.025,0,0,125,2.04863
2.05,0,0,125,2.08712
2.075,0,0,125,2.12557
2.1,0,0,125,2.16399
2.125,0,0,125,2.20237
2.15,0,0,125,2.24072
2.175,0,0,125,2.27903
2.2,0,0,125,2.31731
2.225,0,0,125,2.35555
2.25,0,0,125,2.39375
2.275,0,0,125,2.43192
2.3,0,0,125,2.47005
2.325,0,0,125,2.50814
2.35,0,0,125,2.5462
2.375,0,0,125,2.58422
2.4,0,0,125,2.6222
2.425,0,0,125,2.66014
2.45,0,0,125,2.69804
2.475,0,0,125,2.73591
2.5,0,0,125,2.77374
2.525,0,0,125,2.81153
2.55,0,0,125,2.84928
2.575,0,0,125,2.88699
2.6,0,0,125,2.92467
2.625,0,0,125,2.9623
2.65,0,0,125,2.9999
2.675,0,0,125,3.03746
2.7,0,0,125,3.07497
2.725,0,0,125,3.11245
2.75,0,0,125,3.14989
2.775,0,0,125,3.18729
2.8,0,0,125,3.22465
2.825,0,0,125,3.26196
2.85,0,0,125,3.29924
2.875,0,0,125,3.33648
2.9,0,0,125,3.37368
2.925,0,0,125,3.41083
2.95,0,0,125,3.44795
2.975,0,0,125,3.48502
3,0,0,125,3.52205
3.025,0,0,125,3.55904
3.05,0,0,125,3.59599
3.075,0,0,125,3.63289
3.1,0,0,125,3.66975
3.125,0,0,125,3.70657
3.15,0,0,125,3.74335
3.175,0,0,125,3.78008
3.2,0,0,125,3.81676
3.225,0,0,125,3.8534
3.25,0,0,125,3.88999
3.275,0,0,125,3.92654
3.3,0,0,125,3.96303
3.325,0,0,125,3.99948
3.35,0,0,125,4.03588
3.375,0,0,125,4.07223
3.4,0,0,125,4.10852
3.425,0,0,125,4.14477
3.45,0,0,125,4.18096
3.475,0,0,125,4.21709
3.5,0,0,125,4.25317
3.525,0,0,125,4.28918
3.55,0,0,125,4.32514
3.575,0,0,125,4.36103
3.6,0,0,125,4.39686
3.625,0,0,125,4.43262
3.65,0,0,125,4.46831
3.675,0,0,125,4.50392
3.7,0,0,125,4.53946
3.725,0,0,125,4.57492
3.75,0,0,125,4.6103
3.775,0,0,125,4.64558
3.8,0,0,125,4.68078
3.825,0,0,125,4.71588
3.85,0,0,125,4.75088
3.875,0,0,125,4.78577
3.9,0,0,125,4.82055
3.925,0,0,125,4.85521
3.95,0,0,125,4.88974
3.975,0,0,125,4.92414
4,0,0,125,4.95839
4.025,0,0,125,4.9925
4.05,0,0,125,5.02644
4.075,0,0,125,5.06021
4.1,0,0,125,5.09379
4.125,0,0,125,5.12718
4.15,0,0,125,5.16035
4.175,0,0,125,5.19331
4.2,0,0,125,5.22602
4.225,0,0,125,5.25848
4.25,0,0,125,5.29067
4.275,0,0,125,5.32255
4.3,0,0,125,5.35412
4.325,0,0,125,5.38534
4.35,0,0,125,5.4162
4.375,0,0,125,5.44665
4.4,0,0,125,5.47668
4.425,0,0,125,5.50624
4.45,0,0,125,5.5353
4.475,0,0,125,5.56383
4.5,0,0,125,5.59178
4.525,0,0,125,5.61912
4.55,0,0,125,5.64578
4.575,0,0,125,5.67173
4.6,0,0,125,5.69689
4.625,0,0,125,5.72123
4.65,0,0,125,5.74468
4.675,0,0,125,5.76716
4.7,0,0,125,5.78861
4.725,0,0,125,5.80895
4.75,0,0,125,5.82811
4.775,0,0,125,5.846
4.8,0,0,125,5.86253
4.825,0,0,125,5.87761
4.85,0,0,125,5.89115
4.875,0,0,125,5.90304
4.9,0,0,125,5.91318
4.925,0,0,125,5.92146
4.95,0,0,125,5.92779
4.975,0,0,125,5.93206
5,0,0,125,5.93421
