0,0,0,125,-1.04023
0.025,0,0,125,-1.04325
0.05,0,0,125,-1.04933
0.075,0,0,125,-1.05849
0.1,0,0,125,-1.07084
0.125,0,0,125,-1.08647
0.15,0,0,125,-1.10552
0.175,0,0,125,-1.12807
0.2,0,0,125,-1.15414
0.225,0,0,125,-1.18372
0.25,0,0,125,-1.21676
0.275,0,0,125,-1.2532
0.3,0,0,125,-1.29298
0.325,0,0,125,-1.33603
0.35,0,0,125,-1.38225
0.375,0,0,125,-1.43157
0.4,0,0,125,-1.4839
0.425,0,0,125,-1.53917
0.45,0,0,125,-1.59728
0.475,0,0,125,-1.65816
0.5,0,0,125,-1.72174
0.525,0,0,125,-1.78794
0.55,0,0,125,-1.85669
0.575,0,0,125,-1.92793
0.6,0,0,125,-2.0016
0.625,0,0,125,-2.07764
0.65,0,0,125,-2.15602
0.675,0,0,125,-2.23668
0.7,0,0,125,-2.31958
0.725,0,0,125,-2.4047
0.75,0,0,125,-2.492
0.775,0,0,125,-2.58146
0.8,0,0,125,-2.67307
0.825,0,0,125,-2.7668
0.85,0,0,125,-2.86266
0.875,0,0,125,-2.96063
0.9,0,0,125,-3.06072
0.925,0,0,125,-3.16294
0.95,0,0,125,-3.2673
0.975,0,0,125,-3.37381
1,0,0,125,-3.48249
1.025,0,0,125,-3.59336
1.05,0,0,125,-3.70646
1.075,0,0,125,-3.82182
1.1,0,0,125,-3.93946
1.125,0,0,125,-4.05945
1.15,0,0,125,-4.18181
1.175,0,0,125,-4.3066
1.2,0,0,125,-4.43388
1.225,0,0,125,-4.56369
1.25,0,0,125,-4.6961
1.275,0,0,125,-4.83118
1.3,0,0,125,-4.96899
1.325,0,0,125,-5.1096
1.35,0,0,125,-5.25309
1.375,0,0,125,-5.39954
1.4,0,0,125,-5.54904
1.425,0,0,125,-5.70166
1.45,0,0,125,-5.85751
1.475,0,0,125,-6.01667
1.5,0,0,125,-6.17924
1.525,0,0,125,-6.34532
1.55,0,0,125,-6.51501
1.575,0,0,125,-6.68843
1.6,0,0,125,-6.86569
1.625,0,0,125,-7.0469
1.65,0,0,125,-7.23217
1.675,0,0,125,-7.42163
1.7,0,0,125,-7.61541
1.725,0,0,125,-7.81362
1.75,0,0,125,-8.0164
1.775,0,0,125,-8.22388
1.8,0,0,125,-8.4362
1.825,0,0,125,-8.65349
1.85,0,0,125,-8.8759
1.875,0,0,125,-9.10356
1.9,0,0,125,-9.33662
1.925,0,0,125,-9.57523
1.95,0,0,125,-9.81952
1.975,0,0,125,-10.0697
2,0,0,125,-10.3258
2.025,0,0,125,-10.588
2.05,0,0,125,-10.8566
2.075,0,0,125,-11.1316
2.1,0,0,125,-11.4131
2.125,0,0,125,-11.7014
2.15,0,0,125,-11.9966
2.175,0,0,125,-12.2987
2.2,0,0,125,-12.6081
2.225,0,0,125,-12.9247
2.25,0,0,125,-13.2487
2.275,0,0,125,-13.5802
2.3,0,0,125,-13.9194
2.325,0,0,125,-14.2664
2.35,0,0,125,-14.6212
2.375,0,0,125,-14.984
2.4,0,0,125,-15.3549
2.425,0,0,125,-15.7339
2.45,0,0,125,-16.1211
2.475,0,0,125,-16.5165
2.5,0,0,125,-16.9202
2.525,0,0,125,-17.3322
2.55,0,0,125,-17.7526
2.575,0,0,125,-18.1813
2.6,0,0,125,-18.6183
2.625,0,0,125,-19.0636
2.65,0,0,125,-19.5171
2.675,0,0,125,-19.9788
2.7,0,0,125,-20.4486
2.725,0,0,125,-20.9264
2.75,0,0,125,-21.4121
2.775,0,0,125,-21.9055
2.8,0,0,125,-22.4065
2.825,0,0,125,-22.9149
2.85,0,0,125,-23.4306
2.875,0,0,125,-23.9533
2.9,0,0,125,-24.4829
2.925,0,0,125,-25.019
2.95,0,0,125,-25.5615
2.975,0,0,125,-26.11
3,0,0,125,-26.6644
3.025,0,0,125,-27.2243
3.05,0,0,125,-27.7893
3.075,0,0,125,-28.3593
3.1,0,0,125,-28.9338
3.125,0,0,125,-29.5125
3.15,0,0,125,-30.0951
3.175,0,0,125,-30.681
3.2,0,0,125,-31.2701
3.225,0,0,125,-31.8617
3.25,0,0,125,-32.4555
3.275,0,0,125,-33.051
3.3,0,0,125,-33.6478
3.325,0,0,125,-34.2452
3.35,0,0,125,-34.8427
3.375,0,0,125,-35.4398
3.4,0,0,125,-36.0359
3.425,0,0,125,-36.6303
3.45,0,0,125,-37.2225
3.475,0,0,125,-37.8116
3.5,0,0,125,-38.397
3.525,0,0,125,-38.9779
3.55,0,0,125,-39.5537
3.575,0,0,125,-40.1235
3.6,0,0,125,-40.6865
3.625,0,0,125,-41.2421
3.65,0,0,125,-41.7893
3.675,0,0,125,-42.3273
3.7,0,0,125,-42.8555
3.725,0,0,125,-43.3729
3.75,0,0,125,-43.8788
3.775,0,0,125,-44.3726
3.8,0,0,125,-44.8533
3.825,0,0,125,-45.3204
3.85,0,0,125,-45.7732
3.875,0,0,125,-46.211
3.9,0,0,125,-46.6332
3.925,0,0,125,-47.0394
3.95,0,0,125,-47.429
3.975,0,0,125,-47.8015
4,0,0,125,-48.1566
4.025,0,0,125,-48.494
4.05,0,0,125,-48.8134
4.075,0,0,125,-49.1145
4.1,0,0,125,-49.3972
4.125,0,0,125,-49.6615
4.15,0,0,125,-49.9073
4.175,0,0,125,-50.1347
4.2,0,0,125,-50.3437
4.225,0,0,125,-50.5346
4.25,0,0,125,-50.7076
4.275,0,0,125,-50.863
4.3,0,0,125,-51.0012
4.325,0,0,125,-51.1226
4.35,0,0,125,-51.2278
4.375,0,0,125,-51.3173
4.4,0,0,125,-51.3918
4.425,0,0,125,-51.4519
4.45,0,0,125,-51.4984
4.475,0,0,125,-51.5321
4.5,0,0,125,-51.5539
4.525,0,0,125,-51.5648
4.55,0,0,125,-51.5655
4.575,0,0,125,-51.5573
4.6,0,0,125,-51.5411
4.625,0,0,125,-51.5181
4.65,0,0,125,-51.4893
4.675,0,0,125,-51.4558
4.7,0,0,125,-51.419
4.725,0,0,125,-51.3799
4.75,0,0,125,-51.3397
4.775,0,0,125,-51.2996
4.8,0,0,125,-51.2607
4.825,0,0,125,-51.2243
4.85,0,0,125,-51.1912
4.875,0,0,125,-51.1622
4.9,0,0,125,-51.138
4.925,0,0,125,-51.1186
4.95,0,0,125,-51.1041
4.975,0,0,125,-51.0945
5,0,0,125,-51.0897
