0,0,0,125,-84.2528
0.025,0,0,125,-84.2529
0.05,0,0,125,-84.253
0.075,0,0,125,-84.2533
0.1,0,0,125,-84.2536
0.125,0,0,125,-84.254
0.15,0,0,125,-84.2544
0.175,0,0,125,-84.2549
0.2,0,0,125,-84.2553
0.225,0,0,125,-84.2558
0.25,0,0,125,-84.2563
0.275,0,0,125,-84.2567
0.3,0,0,125,-84.2572
0.325,0,0,125,-84.2577
0.35,0,0,125,-84.2583
0.375,0,0,125,-84.2588
0.4,0,0,125,-84.2592
0.425,0,0,125,-84.2597
0.45,0,0,125,-84.2602
0.475,0,0,125,-84.2606
0.5,0,0,125,-84.261
0.525,0,0,125,-84.2615
0.55,0,0,125,-84.2619
0.575,0,0,125,-84.2623
0.6,0,0,125,-84.2626
0.625,0,0,125,-84.263
0.65,0,0,125,-84.2634
0.675,0,0,125,-84.2638
0.7,0,0,125,-84.2641
0.725,0,0,125,-84.2645
0.75,0,0,125,-84.2649
0.775,0,0,125,-84.2652
0.8,0,0,125,-84.2656
0.825,0,0,125,-84.266
0.85,0,0,125,-84.2663
0.875,0,0,125,-84.2667
0.9,0,0,125,-84.2671
0.925,0,0,125,-84.2675
0.95,0,0,125,-84.2679
0.975,0,0,125,-84.2683
1,0,0,125,-84.2688
1.025,0,0,125,-84.2692
1.05,0,0,125,-84.2696
1.075,0,0,125,-84.2701
1.1,0,0,125,-84.2706
1.125,0,0,125,-84.2711
1.15,0,0,125,-84.2716
1.175,0,0,125,-84.2721
1.2,0,0,125,-84.2726
1.225,0,0,125,-84.2731
1.25,0,0,125,-84.2736
1.275,0,0,125,-84.2742
1.3,0,0,125,-84.2747
1.325,0,0,125,-84.2753
1.35,0,0,125,-84.2758
1.375,0,0,125,-84.2764
1.4,0,0,125,-84.277
1.425,0,0,125,-84.2776
1.45,0,0,125,-84.2782
1.475,0,0,125,-84.2788
1.5,0,0,125,-84.2794
1.525,0,0,125,-84.2801
1.55,0,0,125,-84.2807
1.575,0,0,125,-84.2814
1.6,0,0,125,-84.282
1.625,0,0,125,-84.2827
1.65,0,0,125,-84.2834
1.675,0,0,125,-84.2841
1.7,0,0,125,-84.2848
1.725,0,0,125,-84.2855
1.75,0,0,125,-84.2862
1.775,0,0,125,-84.2869
1.8,0,0,125,-84.2877
1.825,0,0,125,-84.2884
1.85,0,0,125,-84.2892
1.875,0,0,125,-84.29
1.9,0,0,125,-84.2907
1.925,0,0,125,-84.2915
1.95,0,0,125,-84.2923
1.975,0,0,125,-84.2932
2,0,0,125,-84.294
2.025,0,0,125,-84.2949
2.05,0,0,125,-84.2958
2.075,0,0,125,-84.2967
2.1,0,0,125,-84.2977
2.125,0,0,125,-84.2987
2.15,0,0,125,-84.2997
2.175,0,0,125,-84.3008
2.2,0,0,125,-84.3019
2.225,0,0,125,-84.303
2.25,0,0,125,-84.3042
2.275,0,0,125,-84.3054
2.3,0,0,125,-84.3067
2.325,0,0,125,-84.308
2.35,0,0,125,-84.3093
2.375,0,0,125,-84.3106
2.4,0,0,125,-84.312
2.425,0,0,125,-84.3134
2.45,0,0,125,-84.3149
2.475,0,0,125,-84.3163
2.5,0,0,125,-84.3178
2.525,0,0,125,-84.3193
2.55,0,0,125,-84.3208
2.575,0,0,125,-84.3224
2.6,0,0,125,-84.3239
2.625,0,0,125,-84.3255
2.65,0,0,125,-84.327
2.675,0,0,125,-84.3286
2.7,0,0,125,-84.3302
2.725,0,0,125,-84.3318
2.75,0,0,125,-84.3335
2.775,0,0,125,-84.3351
2.8,0,0,125,-84.3368
2.825,0,0,125,-84.3384
2.85,0,0,125,-84.3401
2.875,0,0,125,-84.3418
2.9,0,0,125,-84.3435
2.925,0,0,125,-84.3453
2.95,0,0,125,-84.347
2.975,0,0,125,-84.3488
3,0,0,125,-84.3506
3.025,0,0,125,-84.3523
3.05,0,0,125,-84.3541
3.075,0,0,125,-84.3558
3.1,0,0,125,-84.3575
3.125,0,0,125,-84.3592
3.15,0,0,125,-84.3609
3.175,0,0,125,-84.3626
3.2,0,0,125,-84.3643
3.225,0,0,125,-84.3659
3.25,0,0,125,-84.3675
3.275,0,0,125,-84.3692
3.3,0,0,125,-84.3708
3.325,0,0,125,-84.3724
3.35,0,0,125,-84.3739
3.375,0,0,125,-84.3755
3.4,0,0,125,-84.377
3.425,0,0,125,-84.3786
3.45,0,0,125,-84.3801
3.475,0,0,125,-84.3816
3.5,0,0,125,-84.383
3.525,0,0,125,-84.3845
3.55,0,0,125,-84.386
3.575,0,0,125,-84.3874
3.6,0,0,125,-84.3888
3.625,0,0,125,-84.3902
3.65,0,0,125,-84.3915
3.675,0,0,125,-84.3929
3.7,0,0,125,-84.3942
3.725,0,0,125,-84.3955
3.75,0,0,125,-84.3967
3.775,0,0,125,-84.3979
3.8,0,0,125,-84.3991
3.825,0,0,125,-84.4002
3.85,0,0,125,-84.4013
3.875,0,0,125,-84.4023
3.9,0,0,125,-84.4034
3.925,0,0,125,-84.4044
3.95,0,0,125,-84.4053
3.975,0,0,125,-84.4062
4,0,0,125,-84.4071
4.025,0,0,125,-84.408
4.05,0,0,125,-84.4088
4.075,0,0,125,-84.4096
4.1,0,0,125,-84.4103
4.125,0,0,125,-84.411
4.15,0,0,125,-84.4117
4.175,0,0,125,-84.4123
4.2,0,0,125,-84.4129
4.225,0,0,125,-84.4135
4.25,0,0,125,-84.4141
4.275,0,0,125,-84.4145
4.3,0,0,125,-84.415
4.325,0,0,125,-84.4154
4.35,0,0,125,-84.4158
4.375,0,0,125,-84.4162
4.4,0,0,125,-84.4165
4.425,0,0,125,-84.4168
4.45,0,0,125,-84.417
4.475,0,0,125,-84.4173
4.5,0,0,125,-84.4175
4.525,0,0,125,-84.4177
4.55,0,0,125,-84.4179
4.575,0,0,125,-84.418
4.6,0,0,125,-84.4182
4.625,0,0,125,-84.4184
4.65,0,0,125,-84.4185
4.675,0,0,125,-84.4187
4.7,0,0,125,-84.4188
4.725,0,0,125,-84.4189
4.75,0,0,125,-84.419
4.775,0,0,125,-84.4191
4.8,0,0,125,-84.4192
4.825,0,0,125,-84.4193
4.85,0,0,125,-84.4193
4.875,0,0,125,-84.4194
4.9,0,0,125,-84.4195
4.925,0,0,125,-84.4195
4.95,0,0,125,-84.4195
4.975,0,0,125,-84.4195
5,0,0,125,-84.4196
