0,0,0,125,-61.8345
0.025,0,0,125,-61.8341
0.05,0,0,125,-61.8335
0.075,0,0,125,-61.8328
0.1,0,0,125,-61.8324
0.125,0,0,125,-61.8325
0.15,0,0,125,-61.8337
0.175,0,0,125,-61.8363
0.2,0,0,125,-61.8405
0.225,0,0,125,-61.8468
0.25,0,0,125,-61.8555
0.275,0,0,125,-61.8668
0.3,0,0,125,-61.881
0.325,0,0,125,-61.8985
0.35,0,0,125,-61.9196
0.375,0,0,125,-61.9445
0.4,0,0,125,-61.9737
0.425,0,0,125,-62.0074
0.45,0,0,125,-62.046
0.475,0,0,125,-62.0897
0.5,0,0,125,-62.139
0.525,0,0,125,-62.1941
0.55,0,0,125,-62.2552
0.575,0,0,125,-62.3229
0.6,0,0,125,-62.3972
0.625,0,0,125,-62.4786
0.65,0,0,125,-62.5673
0.675,0,0,125,-62.6636
0.7,0,0,125,-62.7677
0.725,0,0,125,-62.88
0.75,0,0,125,-63.0005
0.775,0,0,125,-63.1296
0.8,0,0,125,-63.2675
0.825,0,0,125,-63.4143
0.85,0,0,125,-63.5702
0.875,0,0,125,-63.7353
0.9,0,0,125,-63.9097
0.925,0,0,125,-64.0936
0.95,0,0,125,-64.287
0.975,0,0,125,-64.4899
1,0,0,125,-64.7023
1.025,0,0,125,-64.9242
1.05,0,0,125,-65.1555
1.075,0,0,125,-65.3962
1.1,0,0,125,-65.6461
1.125,0,0,125,-65.905
1.15,0,0,125,-66.1727
1.175,0,0,125,-66.4491
1.2,0,0,125,-66.7338
1.225,0,0,125,-67.0265
1.25,0,0,125,-67.3269
1.275,0,0,125,-67.6346
1.3,0,0,125,-67.9492
1.325,0,0,125,-68.2702
1.35,0,0,125,-68.5972
1.375,0,0,125,-68.9296
1.4,0,0,125,-69.267
1.425,0,0,125,-69.6088
1.45,0,0,125,-69.9543
1.475,0,0,125,-70.3031
1.5,0,0,125,-70.6544
1.525,0,0,125,-71.0076
1.55,0,0,125,-71.3621
1.575,0,0,125,-71.7172
1.6,0,0,125,-72.0724
1.625,0,0,125,-72.4268
1.65,0,0,125,-72.78
1.675,0,0,125,-73.1312
1.7,0,0,125,-73.4798
1.725,0,0,125,-73.8253
1.75,0,0,125,-74.167
1.775,0,0,125,-74.5043
1.8,0,0,125,-74.8367
1.825,0,0,125,-75.1638
1.85,0,0,125,-75.4849
1.875,0,0,125,-75.7998
1.9,0,0,125,-76.1078
1.925,0,0,125,-76.4088
1.95,0,0,125,-76.7023
1.975,0,0,125,-76.9881
2,0,0,125,-77.2658
2.025,0,0,125,-77.5354
2.05,0,0,125,-77.7965
2.075,0,0,125,-78.0491
2.1,0,0,125,-78.293
2.125,0,0,125,-78.5283
2.15,0,0,125,-78.7548
2.175,0,0,125,-78.9726
2.2,0,0,125,-79.1817
2.225,0,0,125,-79.3822
2.25,0,0,125,-79.5742
2.275,0,0,125,-79.7578
2.3,0,0,125,-79.9331
2.325,0,0,125,-80.1004
2.35,0,0,125,-80.2598
2.375,0,0,125,-80.4115
2.4,0,0,125,-80.5557
2.425,0,0,125,-80.6927
2.45,0,0,125,-80.8227
2.475,0,0,125,-80.946
2.5,0,0,125,-81.0627
2.525,0,0,125,-81.1733
2.55,0,0,125,-81.2778
2.575,0,0,125,-81.3767
2.6,0,0,125,-81.4701
2.625,0,0,125,-81.5583
2.65,0,0,125,-81.6415
2.675,0,0,125,-81.7201
2.7,0,0,125,-81.7942
2.725,0,0,125,-81.8641
2.75,0,0,125,-81.9301
2.775,0,0,125,-81.9923
2.8,0,0,125,-82.051
2.825,0,0,125,-82.1063
2.85,0,0,125,-82.1585
2.875,0,0,125,-82.2078
2.9,0,0,125,-82.2544
2.925,0,0,125,-82.2984
2.95,0,0,125,-82.34
2.975,0,0,125,-82.3793
3,0,0,125,-82.4165
3.025,0,0,125,-82.4518
3.05,0,0,125,-82.4852
3.075,0,0,125,-82.5169
3.1,0,0,125,-82.547
3.125,0,0,125,-82.5756
3.15,0,0,125,-82.6028
3.175,0,0,125,-82.6288
3.2,0,0,125,-82.6535
3.225,0,0,125,-82.677
3.25,0,0,125,-82.6995
3.275,0,0,125,-82.721
3.3,0,0,125,-82.7416
3.325,0,0,125,-82.7613
3.35,0,0,125,-82.7802
3.375,0,0,125,-82.7983
3.4,0,0,125,-82.8156
3.425,0,0,125,-82.8323
3.45,0,0,125,-82.8483
3.475,0,0,125,-82.8637
3.5,0,0,125,-82.8785
3.525,0,0,125,-82.8927
3.55,0,0,125,-82.9064
3.575,0,0,125,-82.9196
3.6,0,0,125,-82.9323
3.625,0,0,125,-82.9445
3.65,0,0,125,-82.9563
3.675,0,0,125,-82.9676
3.7,0,0,125,-82.9785
3.725,0,0,125,-82.989
3.75,0,0,125,-82.9991
3.775,0,0,125,-83.0089
3.8,0,0,125,-83.0182
3.825,0,0,125,-83.0272
3.85,0,0,125,-83.0358
3.875,0,0,125,-83.0441
3.9,0,0,125,-83.0521
3.925,0,0,125,-83.0597
3.95,0,0,125,-83.067
3.975,0,0,125,-83.074
4,0,0,125,-83.0807
4.025,0,0,125,-83.0871
4.05,0,0,125,-83.0932
4.075,0,0,125,-83.099
4.1,0,0,125,-83.1046
4.125,0,0,125,-83.1099
4.15,0,0,125,-83.1149
4.175,0,0,125,-83.1197
4.2,0,0,125,-83.1242
4.225,0,0,125,-83.1285
4.25,0,0,125,-83.1325
4.275,0,0,125,-83.1363
4.3,0,0,125,-83.1399
4.325,0,0,125,-83.1433
4.35,0,0,125,-83.1464
4.375,0,0,125,-83.1494
4.4,0,0,125,-83.1522
4.425,0,0,125,-83.1547
4.45,0,0,125,-83.1571
4.475,0,0,125,-83.1593
4.5,0,0,125,-83.1614
4.525,0,0,125,-83.1633
4.55,0,0,125,-83.165
4.575,0,0,125,-83.1666
4.6,0,0,125,-83.1681
4.625,0,0,125,-83.1694
4.65,0,0,125,-83.1706
4.675,0,0,125,-83.1716
4.7,0,0,125,-83.1726
4.725,0,0,125,-83.1734
4.75,0,0,125,-83.1741
4.775,0,0,125,-83.1747
4.8,0,0,125,-83.1751
4.825,0,0,125,-83.1755
4.85,0,0,125,-83.1758
4.875,0,0,125,-83.1761
4.9,0,0,125,-83.1762
4.925,0,0,125,-83.1763
4.95,0,0,125,-83.1763
4.975,0,0,125,-83.1764
5,0,0,125,-83.1764
