0,0,0,125,14.1196
0.025,0,0,125,14.0908
0.05,0,0,125,14.0335
0.075,0,0,125,13.9476
0.1,0,0,125,13.8331
0.125,0,0,125,13.6902
0.15,0,0,125,13.52
0.175,0,0,125,13.3253
0.2,0,0,125,13.1105
0.225,0,0,125,12.8808
0.25,0,0,125,12.6417
0.275,0,0,125,12.3987
0.3,0,0,125,12.1573
0.325,0,0,125,11.9227
0.35,0,0,125,11.6996
0.375,0,0,125,11.4925
0.4,0,0,125,11.3054
0.425,0,0,125,11.1418
0.45,0,0,125,11.0048
0.475,0,0,125,10.8969
0.5,0,0,125,10.8201
0.525,0,0,125,10.7759
0.55,0,0,125,10.7655
0.575,0,0,125,10.7893
0.6,0,0,125,10.8475
0.625,0,0,125,10.9398
0.65,0,0,125,11.0656
0.675,0,0,125,11.2236
0.7,0,0,125,11.4124
0.725,0,0,125,11.63
0.75,0,0,125,11.874
0.775,0,0,125,12.1413
0.8,0,0,125,12.428
0.825,0,0,125,12.7295
0.85,0,0,125,13.0395
0.875,0,0,125,13.3498
0.9,0,0,125,13.65
0.925,0,0,125,13.9255
0.95,0,0,125,14.1568
0.975,0,0,125,14.3171
1,0,0,125,14.3688
1.025,0,0,125,14.2595
1.05,0,0,125,13.914
1.075,0,0,125,13.2238
1.1,0,0,125,12.029
1.125,0,0,125,10.089
1.15,0,0,125,7.03223
1.175,0,0,125,2.27401
1.2,0,0,125,-5.10905
1.225,0,0,125,-16.4512
1.25,0,0,125,-32.4851
1.275,0,0,125,-48.0921
1.3,0,0,125,-59.4539
1.325,0,0,125,-67.2462
1.35,0,0,125,-72.534
1.375,0,0,125,-76.1081
1.4,0,0,125,-78.5176
1.425,0,0,125,-80.1387
1.45,0,0,125,-81.2272
1.475,0,0,125,-81.9564
1.5,0,0,125,-82.4436
1.525,0,0,125,-82.7677
1.55,0,0,125,-82.9821
1.575,0,0,125,-83.1227
1.6,0,0,125,-83.2134
1.625,0,0,125,-83.2707
1.65,0,0,125,-83.3053
1.675,0,0,125,-83.3247
1.7,0,0,125,-83.3337
1.725,0,0,125,-83.3357
1.75,0,0,125,-83.3329
1.775,0,0,125,-83.3269
1.8,0,0,125,-83.3186
1.825,0,0,125,-83.3087
1.85,0,0,125,-83.2977
1.875,0,0,125,-83.2859
1.9,0,0,125,-83.2736
1.925,0,0,125,-83.2608
1.95,0,0,125,-83.2477
1.975,0,0,125,-83.2343
2,0,0,125,-83.2208
2.025,0,0,125,-83.2071
2.05,0,0,125,-83.1934
2.075,0,0,125,-83.1795
2.1,0,0,125,-83.1655
2.125,0,0,125,-83.1515
2.15,0,0,125,-83.1375
2.175,0,0,125,-83.1235
2.2,0,0,125,-83.1094
2.225,0,0,125,-83.0954
2.25,0,0,125,-83.0813
2.275,0,0,125,-83.0673
2.3,0,0,125,-83.0534
2.325,0,0,125,-83.0394
2.35,0,0,125,-83.0255
2.375,0,0,125,-83.0117
2.4,0,0,125,-82.9979
2.425,0,0,125,-82.9842
2.45,0,0,125,-82.9705
2.475,0,0,125,-82.9569
2.5,0,0,125,-82.9434
2.525,0,0,125,-82.9299
2.55,0,0,125,-82.9165
2.575,0,0,125,-82.9032
2.6,0,0,125,-82.8899
2.625,0,0,125,-82.8767
2.65,0,0,125,-82.8635
2.675,0,0,125,-82.8503
2.7,0,0,125,-82.8372
2.725,0,0,125,-82.8241
2.75,0,0,125,-82.811
2.775,0,0,125,-82.798
2.8,0,0,125,-82.7849
2.825,0,0,125,-82.7718
2.85,0,0,125,-82.7586
2.875,0,0,125,-82.7454
2.9,0,0,125,-82.7322
2.925,0,0,125,-82.7188
2.95,0,0,125,-82.7054
2.975,0,0,125,-82.6919
3,0,0,125,-82.6782
3.025,0,0,125,-82.6644
3.05,0,0,125,-82.6504
3.075,0,0,125,-82.6362
3.1,0,0,125,-82.6218
3.125,0,0,125,-82.6072
3.15,0,0,125,-82.5923
3.175,0,0,125,-82.5772
3.2,0,0,125,-82.5618
3.225,0,0,125,-82.5461
3.25,0,0,125,-82.5301
3.275,0,0,125,-82.5137
3.3,0,0,125,-82.497
3.325,0,0,125,-82.4799
3.35,0,0,125,-82.4623
3.375,0,0,125,-82.4444
3.4,0,0,125,-82.4261
3.425,0,0,125,-82.4073
3.45,0,0,125,-82.388
3.475,0,0,125,-82.3683
3.5,0,0,125,-82.348
3.525,0,0,125,-82.3273
3.55,0,0,125,-82.3061
3.575,0,0,125,-82.2843
3.6,0,0,125,-82.2621
3.625,0,0,125,-82.2393
3.65,0,0,125,-82.216
3.675,0,0,125,-82.1922
3.7,0,0,125,-82.1679
3.725,0,0,125,-82.143
3.75,0,0,125,-82.1176
3.775,0,0,125,-82.0918
3.8,0,0,125,-82.0654
3.825,0,0,125,-82.0386
3.85,0,0,125,-82.0113
3.875,0,0,125,-81.9836
3.9,0,0,125,-81.9554
3.925,0,0,125,-81.9268
3.95,0,0,125,-81.8979
3.975,0,0,125,-81.8687
4,0,0,125,-81.8391
4.025,0,0,125,-81.8093
4.05,0,0,125,-81.7792
4.075,0,0,125,-81.7489
4.1,0,0,125,-81.7184
4.125,0,0,125,-81.6879
4.15,0,0,125,-81.6573
4.175,0,0,125,-81.6266
4.2,0,0,125,-81.596
4.225,0,0,125,-81.5654
4.25,0,0,125,-81.535
4.275,0,0,125,-81.5048
4.3,0,0,125,-81.4748
4.325,0,0,125,-81.4451
4.35,0,0,125,-81.4158
4.375,0,0,125,-81.3869
4.4,0,0,125,-81.3584
4.425,0,0,125,-81.3305
4.45,0,0,125,-81.3032
4.475,0,0,125,-81.2765
4.5,0,0,125,-81.2505
4.525,0,0,125,-81.2253
4.55,0,0,125,-81.2009
4.575,0,0,125,-81.1774
4.6,0,0,125,-81.1548
4.625,0,0,125,-81.1332
4.65,0,0,125,-81.1127
4.675,0,0,125,-81.0932
4.7,0,0,125,-81.0749
4.725,0,0,125,-81.0577
4.75,0,0,125,-81.0418
4.775,0,0,125,-81.0272
4.8,0,0,125,-81.0138
4.825,0,0,125,-81.0018
4.85,0,0,125,-80.9912
4.875,0,0,125,-80.982
4.9,0,0,125,-80.9742
4.925,0,0,125,-80.968
4.95,0,0,125,-80.9633
4.975,0,0,125,-80.9601
5,0,0,125,-80.9585
