0,0,0,125,6.37846
0.025,0,0,125,6.37119
0.05,0,0,125,6.35644
0.075,0,0,125,6.33364
0.1,0,0,125,6.30193
0.125,0,0,125,6.26034
0.15,0,0,125,6.20806
0.175,0,0,125,6.1449
0.2,0,0,125,6.0712
0.225,0,0,125,5.98765
0.25,0,0,125,5.89503
0.275,0,0,125,5.79419
0.3,0,0,125,5.68595
0.325,0,0,125,5.57111
0.35,0,0,125,5.45044
0.375,0,0,125,5.32468
0.4,0,0,125,5.19453
0.425,0,0,125,5.06067
0.45,0,0,125,4.92373
0.475,0,0,125,4.78432
0.5,0,0,125,4.64299
0.525,0,0,125,4.50029
0.55,0,0,125,4.3567
0.575,0,0,125,4.21269
0.6,0,0,125,4.06869
0.625,0,0,125,3.9251
0.65,0,0,125,3.78226
0.675,0,0,125,3.64053
0.7,0,0,125,3.50018
0.725,0,0,125,3.3615
0.75,0,0,125,3.22472
0.775,0,0,125,3.09005
0.8,0,0,125,2.95768
0.825,0,0,125,2.82776
0.85,0,0,125,2.70045
0.875,0,0,125,2.57584
0.9,0,0,125,2.45404
0.925,0,0,125,2.33512
0.95,0,0,125,2.21913
0.975,0,0,125,2.10612
1,0,0,125,1.9961
1.025,0,0,125,1.8891
1.05,0,0,125,1.78511
1.075,0,0,125,1.68413
1.1,0,0,125,1.58613
1.125,0,0,125,1.49108
1.15,0,0,125,1.39896
1.175,0,0,125,1.30972
1.2,0,0,125,1.22332
1.225,0,0,125,1.13973
1.25,0,0,125,1.05889
1.275,0,0,125,0.980757
1.3,0,0,125,0.905292
1.325,0,0,125,0.832453
1.35,0,0,125,0.762199
1.375,0,0,125,0.694498
1.4,0,0,125,0.629319
1.425,0,0,125,0.56664
1.45,0,0,125,0.506446
1.475,0,0,125,0.448726
1.5,0,0,125,0.393481
1.525,0,0,125,0.340718
1.55,0,0,125,0.290456
1.575,0,0,125,0.242719
1.6,0,0,125,0.197546
1.625,0,0,125,0.154984
1.65,0,0,125,0.11509
1.675,0,0,125,0.0779325
1.7,0,0,125,0.0435895
1.725,0,0,125,0.0121498
1.75,0,0,125,-0.0162876
1.775,0,0,125,-0.0416136
1.8,0,0,125,-0.0637102
1.825,0,0,125,-0.0824497
1.85,0,0,125,-0.0976963
1.875,0,0,125,-0.109305
1.9,0,0,125,-0.117126
1.925,0,0,125,-0.120999
1.95,0,0,125,-0.12076
1.975,0,0,125,-0.116237
2,0,0,125,-0.107257
2.025,0,0,125,-0.0936393
2.05,0,0,125,-0.0752003
2.075,0,0,125,-0.051754
2.1,0,0,125,-0.0231114
2.125,0,0,125,0.0109189
2.15,0,0,125,0.0505295
2.175,0,0,125,0.0959131
2.2,0,0,125,0.147265
2.225,0,0,125,0.20478
2.25,0,0,125,0.268652
2.275,0,0,125,0.339077
2.3,0,0,125,0.416248
2.325,0,0,125,0.500361
2.35,0,0,125,0.591607
2.375,0,0,125,0.690181
2.4,0,0,125,0.796275
2.425,0,0,125,0.910081
2.45,0,0,125,1.03179
2.475,0,0,125,1.1616
2.5,0,0,125,1.29969
2.525,0,0,125,1.44627
2.55,0,0,125,1.60151
2.575,0,0,125,1.76563
2.6,0,0,125,1.9388
2.625,0,0,125,2.12123
2.65,0,0,125,2.31311
2.675,0,0,125,2.51465
2.7,0,0,125,2.72602
2.725,0,0,125,2.94745
2.75,0,0,125,3.17911
2.775,0,0,125,3.4212
2.8,0,0,125,3.67391
2.825,0,0,125,3.9374
2.85,0,0,125,4.21183
2.875,0,0,125,4.49732
2.9,0,0,125,4.79396
2.925,0,0,125,5.10177
2.95,0,0,125,5.42066
2.975,0,0,125,5.75046
3,0,0,125,6.09075
3.025,0,0,125,6.44091
3.05,0,0,125,6.79992
3.075,0,0,125,7.16622
3.1,0,0,125,7.53755
3.125,0,0,125,7.91058
3.15,0,0,125,8.28053
3.175,0,0,125,8.64055
3.2,0,0,125,8.98086
3.225,0,0,125,9.28756
3.25,0,0,125,9.54086
3.275,0,0,125,9.71253
3.3,0,0,125,9.76222
3.325,0,0,125,9.63188
3.35,0,0,125,9.23729
3.375,0,0,125,8.45496
3.4,0,0,125,7.10108
3.425,0,0,125,4.89742
3.45,0,0,125,1.41568
3.475,0,0,125,-4.0072
3.5,0,0,125,-12.3552
3.525,0,0,125,-24.7167
3.55,0,0,125,-39.9235
3.575,0,0,125,-52.7903
3.6,0,0,125,-62.0348
3.625,0,0,125,-68.4678
3.65,0,0,125,-72.9083
3.675,0,0,125,-75.961
3.7,0,0,125,-78.0535
3.725,0,0,125,-79.4843
3.75,0,0,125,-80.4603
3.775,0,0,125,-81.1247
3.8,0,0,125,-81.5755
3.825,0,0,125,-81.8805
3.85,0,0,125,-82.0858
3.875,0,0,125,-82.2231
3.9,0,0,125,-82.314
3.925,0,0,125,-82.3732
3.95,0,0,125,-82.4109
3.975,0,0,125,-82.434
4,0,0,125,-82.4471
4.025,0,0,125,-82.4533
4.05,0,0,125,-82.455
4.075,0,0,125,-82.4536
4.1,0,0,125,-82.45
4.125,0,0,125,-82.4451
4.15,0,0,125,-82.4392
4.175,0,0,125,-82.4327
4.2,0,0,125,-82.4257
4.225,0,0,125,-82.4185
4.25,0,0,125,-82.4112
4.275,0,0,125,-82.4039
4.3,0,0,125,-82.3965
4.325,0,0,125,-82.3891
4.35,0,0,125,-82.3819
4.375,0,0,125,-82.3747
4.4,0,0,125,-82.3676
4.425,0,0,125,-82.3607
4.45,0,0,125,-82.3538
4.475,0,0,125,-82.3472
4.5,0,0,125,-82.3407
4.525,0,0,125,-82.3344
4.55,0,0,125,-82.3283
4.575,0,0,125,-82.3224
4.6,0,0,125,-82.3167
4.625,0,0,125,-82.3112
4.65,0,0,125,-82.306
4.675,0,0,125,-82.301
4.7,0,0,125,-82.2962
4.725,0,0,125,-82.2918
4.75,0,0,125,-82.2876
4.775,0,0,125,-82.2837
4.8,0,0,125,-82.2801
4.825,0,0,125,-82.2768
4.85,0,0,125,-82.2739
4.875,0,0,125,-82.2713
4.9,0,0,125,-82.269
4.925,0,0,125,-82.2672
4.95,0,0,125,-82.2658
4.975,0,0,125,-82.2649
5,0,0,125,-82.2644
