0,0,0,125,-11.4393
0.025,0,0,125,-11.435
0.05,0,0,125,-11.4265
0.075,0,0,125,-11.4141
0.1,0,0,125,-11.3984
0.125,0,0,125,-11.3799
0.15,0,0,125,-11.3591
0.175,0,0,125,-11.3364
0.2,0,0,125,-11.3123
0.225,0,0,125,-11.2869
0.25,0,0,125,-11.2605
0.275,0,0,125,-11.2333
0.3,0,0,125,-11.2055
0.325,0,0,125,-11.1772
0.35,0,0,125,-11.1486
0.375,0,0,125,-11.12
0.4,0,0,125,-11.0914
0.425,0,0,125,-11.0631
0.45,0,0,125,-11.0351
0.475,0,0,125,-11.0077
0.5,0,0,125,-10.981
0.525,0,0,125,-10.9551
0.55,0,0,125,-10.9301
0.575,0,0,125,-10.9063
0.6,0,0,125,-10.8837
0.625,0,0,125,-10.8625
0.65,0,0,125,-10.8428
0.675,0,0,125,-10.8247
0.7,0,0,125,-10.8084
0.725,0,0,125,-10.7941
0.75,0,0,125,-10.7817
0.775,0,0,125,-10.7716
0.8,0,0,125,-10.7637
0.825,0,0,125,-10.7583
0.85,0,0,125,-10.7554
0.875,0,0,125,-10.7553
0.9,0,0,125,-10.7581
0.925,0,0,125,-10.7639
0.95,0,0,125,-10.7728
0.975,0,0,125,-10.785
1,0,0,125,-10.8007
1.025,0,0,125,-10.8201
1.05,0,0,125,-10.8431
1.075,0,0,125,-10.8702
1.1,0,0,125,-10.9013
1.125,0,0,125,-10.9367
1.15,0,0,125,-10.9766
1.175,0,0,125,-11.0211
1.2,0,0,125,-11.0704
1.225,0,0,125,-11.1247
1.25,0,0,125,-11.1843
1.275,0,0,125,-11.2492
1.3,0,0,125,-11.3198
1.325,0,0,125,-11.3962
1.35,0,0,125,-11.4786
1.375,0,0,125,-11.5673
1.4,0,0,125,-11.6625
1.425,0,0,125,-11.7644
1.45,0,0,125,-11.8733
1.475,0,0,125,-11.9893
1.5,0,0,125,-12.1128
1.525,0,0,125,-12.244
1.55,0,0,125,-12.3832
1.575,0,0,125,-12.5306
1.6,0,0,125,-12.6864
1.625,0,0,125,-12.8511
1.65,0,0,125,-13.0247
1.675,0,0,125,-13.2077
1.7,0,0,125,-13.4004
1.725,0,0,125,-13.6029
1.75,0,0,125,-13.8157
1.775,0,0,125,-14.0389
1.8,0,0,125,-14.2731
1.825,0,0,125,-14.5184
1.85,0,0,125,-14.7752
1.875,0,0,125,-15.0438
1.9,0,0,125,-15.3246
1.925,0,0,125,-15.618
1.95,0,0,125,-15.9243
1.975,0,0,125,-16.2439
2,0,0,125,-16.5772
2.025,0,0,125,-16.9245
2.05,0,0,125,-17.2862
2.075,0,0,125,-17.6629
2.1,0,0,125,-18.0549
2.125,0,0,125,-18.4626
2.15,0,0,125,-18.8864
2.175,0,0,125,-19.3269
2.2,0,0,125,-19.7845
2.225,0,0,125,-20.2596
2.25,0,0,125,-20.7527
2.275,0,0,125,-21.2643
2.3,0,0,125,-21.7949
2.325,0,0,125,-22.345
2.35,0,0,125,-22.9151
2.375,0,0,125,-23.5057
2.4,0,0,125,-24.1174
2.425,0,0,125,-24.7505
2.45,0,0,125,-25.4058
2.475,0,0,125,-26.0837
2.5,0,0,125,-26.7847
2.525,0,0,125,-27.5095
2.55,0,0,125,-28.2585
2.575,0,0,125,-29.0323
2.6,0,0,125,-29.8315
2.625,0,0,125,-30.6566
2.65,0,0,125,-31.508
2.675,0,0,125,-32.3863
2.7,0,0,125,-33.2919
2.725,0,0,125,-34.2252
2.75,0,0,125,-35.1864
2.775,0,0,125,-36.1756
2.8,0,0,125,-37.1931
2.825,0,0,125,-38.2385
2.85,0,0,125,-39.3117
2.875,0,0,125,-40.4119
2.9,0,0,125,-41.5385
2.925,0,0,125,-42.6903
2.95,0,0,125,-43.8659
2.975,0,0,125,-45.0636
3,0,0,125,-46.2813
3.025,0,0,125,-47.5166
3.05,0,0,125,-48.7668
3.075,0,0,125,-50.0288
3.1,0,0,125,-51.2993
3.125,0,0,125,-52.5746
3.15,0,0,125,-53.8511
3.175,0,0,125,-55.1246
3.2,0,0,125,-56.3911
3.225,0,0,125,-57.6466
3.25,0,0,125,-58.887
3.275,0,0,125,-60.1082
3.3,0,0,125,-61.3064
3.325,0,0,125,-62.4781
3.35,0,0,125,-63.62
3.375,0,0,125,-64.7289
3.4,0,0,125,-65.8023
3.425,0,0,125,-66.8379
3.45,0,0,125,-67.8338
3.475,0,0,125,-68.7887
3.5,0,0,125,-69.7013
3.525,0,0,125,-70.5711
3.55,0,0,125,-71.3978
3.575,0,0,125,-72.1814
3.6,0,0,125,-72.9223
3.625,0,0,125,-73.6212
3.65,0,0,125,-74.2789
3.675,0,0,125,-74.8966
3.7,0,0,125,-75.4755
3.725,0,0,125,-76.0171
3.75,0,0,125,-76.5229
3.775,0,0,125,-76.9944
3.8,0,0,125,-77.4335
3.825,0,0,125,-77.8416
3.85,0,0,125,-78.2206
3.875,0,0,125,-78.5721
3.9,0,0,125,-78.8977
3.925,0,0,125,-79.1991
3.95,0,0,125,-79.4778
3.975,0,0,125,-79.7352
4,0,0,125,-79.9729
4.025,0,0,125,-80.1921
4.05,0,0,125,-80.3942
4.075,0,0,125,-80.5804
4.1,0,0,125,-80.7519
4.125,0,0,125,-80.9098
4.15,0,0,125,-81.0549
4.175,0,0,125,-81.1884
4.2,0,0,125,-81.3111
4.225,0,0,125,-81.4239
4.25,0,0,125,-81.5274
4.275,0,0,125,-81.6224
4.3,0,0,125,-81.7096
4.325,0,0,125,-81.7896
4.35,0,0,125,-81.8629
4.375,0,0,125,-81.9301
4.4,0,0,125,-81.9916
4.425,0,0,125,-82.0479
4.45,0,0,125,-82.0994
4.475,0,0,125,-82.1465
4.5,0,0,125,-82.1895
4.525,0,0,125,-82.2287
4.55,0,0,125,-82.2644
4.575,0,0,125,-82.2969
4.6,0,0,125,-82.3264
4.625,0,0,125,-82.3531
4.65,0,0,125,-82.3773
4.675,0,0,125,-82.3991
4.7,0,0,125,-82.4186
4.725,0,0,125,-82.4361
4.75,0,0,125,-82.4517
4.775,0,0,125,-82.4655
4.8,0,0,125,-82.4775
4.825,0,0,125,-82.488
4.85,0,0,125,-82.4969
4.875,0,0,125,-82.5044
4.9,0,0,125,-82.5105
4.925,0,0,125,-82.5153
4.95,0,0,125,-82.5189
4.975,0,0,125,-82.5212
5,0,0,125,-82.5224
