0,0,0,125,-43.6803
0.025,0,0,125,-43.6774
0.05,0,0,125,-43.6716
0.075,0,0,125,-43.6633
0.1,0,0,125,-43.653
0.125,0,0,125,-43.641
0.15,0,0,125,-43.6279
0.175,0,0,125,-43.6143
0.2,0,0,125,-43.6004
0.225,0,0,125,-43.5867
0.25,0,0,125,-43.5735
0.275,0,0,125,-43.5611
0.3,0,0,125,-43.5497
0.325,0,0,125,-43.5398
0.35,0,0,125,-43.5316
0.375,0,0,125,-43.5255
0.4,0,0,125,-43.5218
0.425,0,0,125,-43.5208
0.45,0,0,125,-43.5228
0.475,0,0,125,-43.5282
0.5,0,0,125,-43.5373
0.525,0,0,125,-43.5505
0.55,0,0,125,-43.5681
0.575,0,0,125,-43.5905
0.6,0,0,125,-43.618
0.625,0,0,125,-43.651
0.65,0,0,125,-43.6899
0.675,0,0,125,-43.7351
0.7,0,0,125,-43.7869
0.725,0,0,125,-43.8457
0.75,0,0,125,-43.912
0.775,0,0,125,-43.9862
0.8,0,0,125,-44.0686
0.825,0,0,125,-44.1598
0.85,0,0,125,-44.2601
0.875,0,0,125,-44.3699
0.9,0,0,125,-44.4898
0.925,0,0,125,-44.6201
0.95,0,0,125,-44.7614
0.975,0,0,125,-44.9141
1,0,0,125,-45.0786
1.025,0,0,125,-45.2554
1.05,0,0,125,-45.445
1.075,0,0,125,-45.6479
1.1,0,0,125,-45.8644
1.125,0,0,125,-46.0952
1.15,0,0,125,-46.3405
1.175,0,0,125,-46.6009
1.2,0,0,125,-46.8767
1.225,0,0,125,-47.1685
1.25,0,0,125,-47.4765
1.275,0,0,125,-47.8011
1.3,0,0,125,-48.1428
1.325,0,0,125,-48.5017
1.35,0,0,125,-48.8782
1.375,0,0,125,-49.2725
1.4,0,0,125,-49.6848
1.425,0,0,125,-50.1152
1.45,0,0,125,-50.5638
1.475,0,0,125,-51.0307
1.5,0,0,125,-51.5156
1.525,0,0,125,-52.0186
1.55,0,0,125,-52.5395
1.575,0,0,125,-53.0779
1.6,0,0,125,-53.6334
1.625,0,0,125,-54.2057
1.65,0,0,125,-54.7942
1.675,0,0,125,-55.3982
1.7,0,0,125,-56.017
1.725,0,0,125,-56.6498
1.75,0,0,125,-57.2956
1.775,0,0,125,-57.9534
1.8,0,0,125,-58.622
1.825,0,0,125,-59.3004
1.85,0,0,125,-59.9872
1.875,0,0,125,-60.681
1.9,0,0,125,-61.3804
1.925,0,0,125,-62.084
1.95,0,0,125,-62.7901
1.975,0,0,125,-63.4974
2,0,0,125,-64.2041
2.025,0,0,125,-64.9086
2.05,0,0,125,-65.6095
2.075,0,0,125,-66.3051
2.1,0,0,125,-66.9938
2.125,0,0,125,-67.6742
2.15,0,0,125,-68.3449
2.175,0,0,125,-69.0043
2.2,0,0,125,-69.6513
2.225,0,0,125,-70.2847
2.25,0,0,125,-70.9032
2.275,0,0,125,-71.506
2.3,0,0,125,-72.092
2.325,0,0,125,-72.6605
2.35,0,0,125,-73.2109
2.375,0,0,125,-73.7426
2.4,0,0,125,-74.2551
2.425,0,0,125,-74.7481
2.45,0,0,125,-75.2214
2.475,0,0,125,-75.675
2.5,0,0,125,-76.1087
2.525,0,0,125,-76.5228
2.55,0,0,125,-76.9173
2.575,0,0,125,-77.2926
2.6,0,0,125,-77.649
2.625,0,0,125,-77.9869
2.65,0,0,125,-78.3068
2.675,0,0,125,-78.6092
2.7,0,0,125,-78.8946
2.725,0,0,125,-79.1636
2.75,0,0,125,-79.4169
2.775,0,0,125,-79.655
2.8,0,0,125,-79.8787
2.825,0,0,125,-80.0886
2.85,0,0,125,-80.2853
2.875,0,0,125,-80.4695
2.9,0,0,125,-80.6418
2.925,0,0,125,-80.803
2.95,0,0,125,-80.9536
2.975,0,0,125,-81.0942
3,0,0,125,-81.2254
3.025,0,0,125,-81.3478
3.05,0,0,125,-81.4619
3.075,0,0,125,-81.5684
3.1,0,0,125,-81.6676
3.125,0,0,125,-81.76
3.15,0,0,125,-81.8461
3.175,0,0,125,-81.9264
3.2,0,0,125,-82.0012
3.225,0,0,125,-82.0709
3.25,0,0,125,-82.1359
3.275,0,0,125,-82.1965
3.3,0,0,125,-82.2531
3.325,0,0,125,-82.3058
3.35,0,0,125,-82.3551
3.375,0,0,125,-82.4011
3.4,0,0,125,-82.4441
3.425,0,0,125,-82.4843
3.45,0,0,125,-82.5219
3.475,0,0,125,-82.5571
3.5,0,0,125,-82.5901
3.525,0,0,125,-82.6211
3.55,0,0,125,-82.6501
3.575,0,0,125,-82.6773
3.6,0,0,125,-82.7028
3.625,0,0,125,-82.7269
3.65,0,0,125,-82.7495
3.675,0,0,125,-82.7707
3.7,0,0,125,-82.7907
3.725,0,0,125,-82.8096
3.75,0,0,125,-82.8273
3.775,0,0,125,-82.8441
3.8,0,0,125,-82.8598
3.825,0,0,125,-82.8747
3.85,0,0,125,-82.8888
3.875,0,0,125,-82.902
3.9,0,0,125,-82.9145
3.925,0,0,125,-82.9263
3.95,0,0,125,-82.9375
3.975,0,0,125,-82.948
4,0,0,125,-82.9579
4.025,0,0,125,-82.9672
4.05,0,0,125,-82.9761
4.075,0,0,125,-82.9844
4.1,0,0,125,-82.9922
4.125,0,0,125,-82.9996
4.15,0,0,125,-83.0066
4.175,0,0,125,-83.0131
4.2,0,0,125,-83.0192
4.225,0,0,125,-83.025
4.25,0,0,125,-83.0304
4.275,0,0,125,-83.0355
4.3,0,0,125,-83.0402
4.325,0,0,125,-83.0447
4.35,0,0,125,-83.0488
4.375,0,0,125,-83.0526
4.4,0,0,125,-83.0562
4.425,0,0,125,-83.0595
4.45,0,0,125,-83.0626
4.475,0,0,125,-83.0654
4.5,0,0,125,-83.0681
4.525,0,0,125,-83.0704
4.55,0,0,125,-83.0726
4.575,0,0,125,-83.0746
4.6,0,0,125,-83.0765
4.625,0,0,125,-83.0781
4.65,0,0,125,-83.0796
4.675,0,0,125,-83.0809
4.7,0,0,125,-83.0821
4.725,0,0,125,-83.0831
4.75,0,0,125,-83.0839
4.775,0,0,125,-83.0847
4.8,0,0,125,-83.0853
4.825,0,0,125,-83.0857
4.85,0,0,125,-83.0861
4.875,0,0,125,-83.0864
4.9,0,0,125,-83.0866
4.925,0,0,125,-83.0867
4.95,0,0,125,-83.0868
4.975,0,0,125,-83.0869
5,0,0,125,-83.0869
