0,0,0,125,-17.0601
0.025,0,0,125,-17.0558
0.05,0,0,125,-17.0473
0.075,0,0,125,-17.0348
0.1,0,0,125,-17.0187
0.125,0,0,125,-16.9993
0.15,0,0,125,-16.9769
0.175,0,0,125,-16.952
0.2,0,0,125,-16.9248
0.225,0,0,125,-16.8952
0.25,0,0,125,-16.8636
0.275,0,0,125,-16.8299
0.3,0,0,125,-16.7944
0.325,0,0,125,-16.7571
0.35,0,0,125,-16.7181
0.375,0,0,125,-16.6775
0.4,0,0,125,-16.6353
0.425,0,0,125,-16.5918
0.45,0,0,125,-16.5469
0.475,0,0,125,-16.5007
0.5,0,0,125,-16.4534
0.525,0,0,125,-16.4049
0.55,0,0,125,-16.3553
0.575,0,0,125,-16.3047
0.6,0,0,125,-16.2532
0.625,0,0,125,-16.2008
0.65,0,0,125,-16.1475
0.675,0,0,125,-16.0935
0.7,0,0,125,-16.0387
0.725,0,0,125,-15.9832
0.75,0,0,125,-15.9271
0.775,0,0,125,-15.8703
0.8,0,0,125,-15.813
0.825,0,0,125,-15.7551
0.85,0,0,125,-15.6968
0.875,0,0,125,-15.638
0.9,0,0,125,-15.5787
0.925,0,0,125,-15.519
0.95,0,0,125,-15.459
0.975,0,0,125,-15.3986
1,0,0,125,-15.3379
1.025,0,0,125,-15.2769
1.05,0,0,125,-15.2157
1.075,0,0,125,-15.1542
1.1,0,0,125,-15.0924
1.125,0,0,125,-15.0305
1.15,0,0,125,-14.9684
1.175,0,0,125,-14.9061
1.2,0,0,125,-14.8436
1.225,0,0,125,-14.7811
1.25,0,0,125,-14.7184
1.275,0,0,125,-14.6556
1.3,0,0,125,-14.5927
1.325,0,0,125,-14.5297
1.35,0,0,125,-14.4667
1.375,0,0,125,-14.4037
1.4,0,0,125,-14.3406
1.425,0,0,125,-14.2774
1.45,0,0,125,-14.2143
1.475,0,0,125,-14.1511
1.5,0,0,125,-14.088
1.525,0,0,125,-14.0248
1.55,0,0,125,-13.9617
1.575,0,0,125,-13.8985
1.6,0,0,125,-13.8354
1.625,0,0,125,-13.7724
1.65,0,0,125,-13.7094
1.675,0,0,125,-13.6464
1.7,0,0,125,-13.5835
1.725,0,0,125,-13.5206
1.75,0,0,125,-13.4578
1.775,0,0,125,-13.3951
1.8,0,0,125,-13.3325
1.825,0,0,125,-13.2699
1.85,0,0,125,-13.2074
1.875,0,0,125,-13.145
1.9,0,0,125,-13.0826
1.925,0,0,125,-13.0204
1.95,0,0,125,-12.9582
1.975,0,0,125,-12.8962
2,0,0,125,-12.8342
2.025,0,0,125,-12.7723
2.05,0,0,125,-12.7106
2.075,0,0,125,-12.6489
2.1,0,0,125,-12.5873
2.125,0,0,125,-12.5259
2.15,0,0,125,-12.4646
2.175,0,0,125,-12.4033
2.2,0,0,125,-12.3422
2.225,0,0,125,-12.2812
2.25,0,0,125,-12.2203
2.275,0,0,125,-12.1595
2.3,0,0,125,-12.0989
2.325,0,0,125,-12.0383
2.35,0,0,125,-11.9779
2.375,0,0,125,-11.9176
2.4,0,0,125,-11.8574
2.425,0,0,125,-11.7973
2.45,0,0,125,-11.7374
2.475,0,0,125,-11.6775
2.5,0,0,125,-11.6178
2.525,0,0,125,-11.5583
2.55,0,0,125,-11.4988
2.575,0,0,125,-11.4395
2.6,0,0,125,-11.3802
2.625,0,0,125,-11.3212
2.65,0,0,125,-11.2622
2.675,0,0,125,-11.2034
2.7,0,0,125,-11.1447
2.725,0,0,125,-11.0861
2.75,0,0,125,-11.0276
2.775,0,0,125,-10.9693
2.8,0,0,125,-10.9111
2.825,0,0,125,-10.853
2.85,0,0,125,-10.7951
2.875,0,0,125,-10.7373
2.9,0,0,125,-10.6796
2.925,0,0,125,-10.6221
2.95,0,0,125,-10.5646
2.975,0,0,125,-10.5073
3,0,0,125,-10.4502
3.025,0,0,125,-10.3932
3.05,0,0,125,-10.3363
3.075,0,0,125,-10.2795
3.1,0,0,125,-10.2229
3.125,0,0,125,-10.1664
3.15,0,0,125,-10.11
3.175,0,0,125,-10.0538
3.2,0,0,125,-9.99769
3.225,0,0,125,-9.94174
3.25,0,0,125,-9.88593
3.275,0,0,125,-9.83026
3.3,0,0,125,-9.77474
3.325,0,0,125,-9.71936
3.35,0,0,125,-9.66413
3.375,0,0,125,-9.60905
3.4,0,0,125,-9.55412
3.425,0,0,125,-9.49935
3.45,0,0,125,-9.44473
3.475,0,0,125,-9.39028
3.5,0,0,125,-9.33599
3.525,0,0,125,-9.28186
3.55,0,0,125,-9.22791
3.575,0,0,125,-9.17413
3.6,0,0,125,-9.12053
3.625,0,0,125,-9.06712
3.65,0,0,125,-9.01389
3.675,0,0,125,-8.96086
3.7,0,0,125,-8.90803
3.725,0,0,125,-8.85541
3.75,0,0,125,-8.80301
3.775,0,0,125,-8.75082
3.8,0,0,125,-8.69887
3.825,0,0,125,-8.64715
3.85,0,0,125,-8.59569
3.875,0,0,125,-8.54448
3.9,0,0,125,-8.49354
3.925,0,0,125,-8.44288
3.95,0,0,125,-8.39252
3.975,0,0,125,-8.34246
4,0,0,125,-8.29273
4.025,0,0,125,-8.24333
4.05,0,0,125,-8.19428
4.075,0,0,125,-8.1456
4.1,0,0,125,-8.0973
4.125,0,0,125,-8.04941
4.15,0,0,125,-8.00193
4.175,0,0,125,-7.95491
4.2,0,0,125,-7.90836
4.225,0,0,125,-7.8623
4.25,0,0,125,-7.81677
4.275,0,0,125,-7.7718
4.3,0,0,125,-7.72742
4.325,0,0,125,-7.68366
4.35,0,0,125,-7.64056
4.375,0,0,125,-7.59816
4.4,0,0,125,-7.5565
4.425,0,0,125,-7.51563
4.45,0,0,125,-7.47559
4.475,0,0,125,-7.43644
4.5,0,0,125,-7.39821
4.525,0,0,125,-7.36098
4.55,0,0,125,-7.32481
4.575,0,0,125,-7.28975
4.6,0,0,125,-7.25588
4.625,0,0,125,-7.22326
4.65,0,0,125,-7.19198
4.675,0,0,125,-7.1621
4.7,0,0,125,-7.13373
4.725,0,0,125,-7.10693
4.75,0,0,125,-7.08181
4.775,0,0,125,-7.05846
4.8,0,0,125,-7.03698
4.825,0,0,125,-7.01746
4.85,0,0,125,-7.00002
4.875,0,0,125,-6.98477
4.9,0,0,125,-6.97182
4.925,0,0,125,-6.96129
4.95,0,0,125,-6.95327
4.975,0,0,125,-6.94787
5,0,0,125,-6.94515
