0,0,0,125,7.69503
0.025,0,0,125,7.69851
0.05,0,0,125,7.70533
0.075,0,0,125,7.71525
0.1,0,0,125,7.72787
0.125,0,0,125,7.74275
0.15,0,0,125,7.75946
0.175,0,0,125,7.77764
0.2,0,0,125,7.79708
0.225,0,0,125,7.81764
0.25,0,0,125,7.83921
0.275,0,0,125,7.8617
0.3,0,0,125,7.88503
0.325,0,0,125,7.90913
0.35,0,0,125,7.93391
0.375,0,0,125,7.95934
0.4,0,0,125,7.98534
0.425,0,0,125,8.01188
0.45,0,0,125,8.03889
0.475,0,0,125,8.06635
0.5,0,0,125,8.09421
0.525,0,0,125,8.12244
0.55,0,0,125,8.151
0.575,0,0,125,8.17988
0.6,0,0,125,8.20904
0.625,0,0,125,8.23846
0.65,0,0,125,8.26812
0.675,0,0,125,8.29799
0.7,0,0,125,8.32805
0.725,0,0,125,8.3583
0.75,0,0,125,8.38871
0.775,0,0,125,8.41927
0.8,0,0,125,8.44997
0.825,0,0,125,8.48079
0.85,0,0,125,8.51173
0.875,0,0,125,8.54277
0.9,0,0,125,8.5739
0.925,0,0,125,8.60511
0.95,0,0,125,8.6364
0.975,0,0,125,8.66775
1,0,0,125,8.69915
1.025,0,0,125,8.73061
1.05,0,0,125,8.76212
1.075,0,0,125,8.79366
1.1,0,0,125,8.82524
1.125,0,0,125,8.85685
1.15,0,0,125,8.88849
1.175,0,0,125,8.92014
1.2,0,0,125,8.95182
1.225,0,0,125,8.9835
1.25,0,0,125,9.0152
1.275,0,0,125,9.0469
1.3,0,0,125,9.07861
1.325,0,0,125,9.11032
1.35,0,0,125,9.14203
1.375,0,0,125,9.17374
1.4,0,0,125,9.20544
1.425,0,0,125,9.23713
1.45,0,0,125,9.26882
1.475,0,0,125,9.30049
1.5,0,0,125,9.33216
1.525,0,0,125,9.36381
1.55,0,0,125,9.39544
1.575,0,0,125,9.42706
1.6,0,0,125,9.45867
1.625,0,0,125,9.49025
1.65,0,0,125,9.52181
1.675,0,0,125,9.55336
1.7,0,0,125,9.58488
1.725,0,0,125,9.61638
1.75,0,0,125,9.64786
1.775,0,0,125,9.67931
1.8,0,0,125,9.71074
1.825,0,0,125,9.74215
1.85,0,0,125,9.77353
1.875,0,0,125,9.80488
1.9,0,0,125,9.83621
1.925,0,0,125,9.86751
1.95,0,0,125,9.89878
1.975,0,0,125,9.93003
2,0,0,125,9.96124
2.025,0,0,125,9.99243
2.05,0,0,125,10.0236
2.075,0,0,125,10.0547
2.1,0,0,125,10.0858
2.125,0,0,125,10.1169
2.15,0,0,125,10.1479
2.175,0,0,125,10.1789
2.2,0,0,125,10.2099
2.225,0,0,125,10.2409
2.25,0,0,125,10.2718
2.275,0,0,125,10.3027
2.3,0,0,125,10.3335
2.325,0,0,125,10.3643
2.35,0,0,125,10.3951
2.375,0,0,125,10.4259
2.4,0,0,125,10.4566
2.425,0,0,125,10.4873
2.45,0,0,125,10.518
2.475,0,0,125,10.5486
2.5,0,0,125,10.5792
2.525,0,0,125,10.6098
2.55,0,0,125,10.6403
2.575,0,0,125,10.6708
2.6,0,0,125,10.7013
2.625,0,0,125,10.7317
2.65,0,0,125,10.7621
2.675,0,0,125,10.7925
2.7,0,0,125,10.8228
2.725,0,0,125,10.8531
2.75,0,0,125,10.8834
2.775,0,0,125,10.9137
2.8,0,0,125,10.9439
2.825,0,0,125,10.974
2.85,0,0,125,11.0042
2.875,0,0,125,11.0343
2.9,0,0,125,11.0644
2.925,0,0,125,11.0944
2.95,0,0,125,11.1244
2.975,0,0,125,11.1544
3,0,0,125,11.1843
3.025,0,0,125,11.2142
3.05,0,0,125,11.2441
3.075,0,0,125,11.2739
3.1,0,0,125,11.3038
3.125,0,0,125,11.3335
3.15,0,0,125,11.3633
3.175,0,0,125,11.393
3.2,0,0,125,11.4226
3.225,0,0,125,11.4523
3.25,0,0,125,11.4819
3.275,0,0,125,11.5114
3.3,0,0,125,11.541
3.325,0,0,125,11.5705
3.35,0,0,125,11.5999
3.375,0,0,125,11.6294
3.4,0,0,125,11.6587
3.425,0,0,125,11.6881
3.45,0,0,125,11.7174
3.475,0,0,125,11.7467
3.5,0,0,125,11.7759
3.525,0,0,125,11.8051
3.55,0,0,125,11.8343
3.575,0,0,125,11.8634
3.6,0,0,125,11.8925
3.625,0,0,125,11.9215
3.65,0,0,125,11.9505
3.675,0,0,125,11.9794
3.7,0,0,125,12.0083
3.725,0,0,125,12.0372
3.75,0,0,125,12.0659
3.775,0,0,125,12.0947
3.8,0,0,125,12.1234
3.825,0,0,125,12.152
3.85,0,0,125,12.1805
3.875,0,0,125,12.209
3.9,0,0,125,12.2374
3.925,0,0,125,12.2658
3.95,0,0,125,12.294
3.975,0,0,125,12.3222
4,0,0,125,12.3503
4.025,0,0,125,12.3783
4.05,0,0,125,12.4062
4.075,0,0,125,12.4339
4.1,0,0,125,12.4616
4.125,0,0,125,12.4891
4.15,0,0,125,12.5165
4.175,0,0,125,12.5437
4.2,0,0,125,12.5708
4.225,0,0,125,12.5977
4.25,0,0,125,12.6244
4.275,0,0,125,12.6509
4.3,0,0,125,12.6771
4.325,0,0,125,12.7032
4.35,0,0,125,12.7289
4.375,0,0,125,12.7544
4.4,0,0,125,12.7795
4.425,0,0,125,12.8043
4.45,0,0,125,12.8287
4.475,0,0,125,12.8527
4.5,0,0,125,12.8763
4.525,0,0,125,12.8993
4.55,0,0,125,12.9219
4.575,0,0,125,12.9439
4.6,0,0,125,12.9652
4.625,0,0,125,12.9859
4.65,0,0,125,13.0059
4.675,0,0,125,13.0251
4.7,0,0,125,13.0434
4.725,0,0,125,13.0608
4.75,0,0,125,13.0772
4.775,0,0,125,13.0926
4.8,0,0,125,13.1068
4.825,0,0,125,13.1198
4.85,0,0,125,13.1315
4.875,0,0,125,13.1418
4.9,0,0,125,13.1506
4.925,0,0,125,13.1577
4.95,0,0,125,13.1632
4.975,0,0,125,13.1669
5,0,0,125,13.1688
