0,0,0,125,-84.0998
0.025,0,0,125,-84.0999
0.05,0,0,125,-84.1002
0.075,0,0,125,-84.1005
0.1,0,0,125,-84.101
0.125,0,0,125,-84.1016
0.15,0,0,125,-84.1023
0.175,0,0,125,-84.1029
0.2,0,0,125,-84.1036
0.225,0,0,125,-84.1043
0.25,0,0,125,-84.105
0.275,0,0,125,-84.1057
0.3,0,0,125,-84.1065
0.325,0,0,125,-84.1072
0.35,0,0,125,-84.1079
0.375,0,0,125,-84.1086
0.4,0,0,125,-84.1093
0.425,0,0,125,-84.11
0.45,0,0,125,-84.1106
0.475,0,0,125,-84.1113
0.5,0,0,125,-84.1119
0.525,0,0,125,-84.1126
0.55,0,0,125,-84.1132
0.575,0,0,125,-84.1138
0.6,0,0,125,-84.1144
0.625,0,0,125,-84.115
0.65,0,0,125,-84.1156
0.675,0,0,125,-84.1162
0.7,0,0,125,-84.1168
0.725,0,0,125,-84.1174
0.75,0,0,125,-84.118
0.775,0,0,125,-84.1186
0.8,0,0,125,-84.1192
0.825,0,0,125,-84.1198
0.85,0,0,125,-84.1205
0.875,0,0,125,-84.1211
0.9,0,0,125,-84.1218
0.925,0,0,125,-84.1224
0.95,0,0,125,-84.1231
0.975,0,0,125,-84.1238
1,0,0,125,-84.1245
1.025,0,0,125,-84.1252
1.05,0,0,125,-84.1259
1.075,0,0,125,-84.1266
1.1,0,0,125,-84.1272
1.125,0,0,125,-84.1279
1.15,0,0,125,-84.1286
1.175,0,0,125,-84.1293
1.2,0,0,125,-84.13
1.225,0,0,125,-84.1307
1.25,0,0,125,-84.1314
1.275,0,0,125,-84.1322
1.3,0,0,125,-84.133
1.325,0,0,125,-84.1338
1.35,0,0,125,-84.1346
1.375,0,0,125,-84.1354
1.4,0,0,125,-84.1362
1.425,0,0,125,-84.1371
1.45,0,0,125,-84.1379
1.475,0,0,125,-84.1388
1.5,0,0,125,-84.1397
1.525,0,0,125,-84.1406
1.55,0,0,125,-84.1415
1.575,0,0,125,-84.1425
1.6,0,0,125,-84.1434
1.625,0,0,125,-84.1444
1.65,0,0,125,-84.1454
1.675,0,0,125,-84.1464
1.7,0,0,125,-84.1474
1.725,0,0,125,-84.1484
1.75,0,0,125,-84.1494
1.775,0,0,125,-84.1505
1.8,0,0,125,-84.1516
1.825,0,0,125,-84.1526
1.85,0,0,125,-84.1538
1.875,0,0,125,-84.1549
1.9,0,0,125,-84.1561
1.925,0,0,125,-84.1573
1.95,0,0,125,-84.1586
1.975,0,0,125,-84.1599
2,0,0,125,-84.1613
2.025,0,0,125,-84.1626
2.05,0,0,125,-84.164
2.075,0,0,125,-84.1655
2.1,0,0,125,-84.167
2.125,0,0,125,-84.1685
2.15,0,0,125,-84.1701
2.175,0,0,125,-84.1717
2.2,0,0,125,-84.1733
2.225,0,0,125,-84.175
2.25,0,0,125,-84.1767
2.275,0,0,125,-84.1784
2.3,0,0,125,-84.1802
2.325,0,0,125,-84.182
2.35,0,0,125,-84.1838
2.375,0,0,125,-84.1857
2.4,0,0,125,-84.1876
2.425,0,0,125,-84.1896
2.45,0,0,125,-84.1916
2.475,0,0,125,-84.1936
2.5,0,0,125,-84.1957
2.525,0,0,125,-84.1978
2.55,0,0,125,-84.1999
2.575,0,0,125,-84.2021
2.6,0,0,125,-84.2043
2.625,0,0,125,-84.2065
2.65,0,0,125,-84.2088
2.675,0,0,125,-84.2111
2.7,0,0,125,-84.2134
2.725,0,0,125,-84.2158
2.75,0,0,125,-84.2182
2.775,0,0,125,-84.2206
2.8,0,0,125,-84.2231
2.825,0,0,125,-84.2255
2.85,0,0,125,-84.228
2.875,0,0,125,-84.2305
2.9,0,0,125,-84.2329
2.925,0,0,125,-84.2355
2.95,0,0,125,-84.238
2.975,0,0,125,-84.2405
3,0,0,125,-84.2431
3.025,0,0,125,-84.2456
3.05,0,0,125,-84.2481
3.075,0,0,125,-84.2507
3.1,0,0,125,-84.2532
3.125,0,0,125,-84.2557
3.15,0,0,125,-84.2582
3.175,0,0,125,-84.2607
3.2,0,0,125,-84.2631
3.225,0,0,125,-84.2656
3.25,0,0,125,-84.268
3.275,0,0,125,-84.2704
3.3,0,0,125,-84.2728
3.325,0,0,125,-84.2752
3.35,0,0,125,-84.2776
3.375,0,0,125,-84.2799
3.4,0,0,125,-84.2822
3.425,0,0,125,-84.2845
3.45,0,0,125,-84.2867
3.475,0,0,125,-84.2889
3.5,0,0,125,-84.291
3.525,0,0,125,-84.2931
3.55,0,0,125,-84.2952
3.575,0,0,125,-84.2972
3.6,0,0,125,-84.2992
3.625,0,0,125,-84.3012
3.65,0,0,125,-84.3031
3.675,0,0,125,-84.305
3.7,0,0,125,-84.3068
3.725,0,0,125,-84.3086
3.75,0,0,125,-84.3104
3.775,0,0,125,-84.3121
3.8,0,0,125,-84.3138
3.825,0,0,125,-84.3154
3.85,0,0,125,-84.317
3.875,0,0,125,-84.3186
3.9,0,0,125,-84.3201
3.925,0,0,125,-84.3215
3.95,0,0,125,-84.3229
3.975,0,0,125,-84.3242
4,0,0,125,-84.3255
4.025,0,0,125,-84.3267
4.05,0,0,125,-84.3278
4.075,0,0,125,-84.3289
4.1,0,0,125,-84.3299
4.125,0,0,125,-84.3308
4.15,0,0,125,-84.3318
4.175,0,0,125,-84.3327
4.2,0,0,125,-84.3335
4.225,0,0,125,-84.3343
4.25,0,0,125,-84.3351
4.275,0,0,125,-84.3359
4.3,0,0,125,-84.3366
4.325,0,0,125,-84.3373
4.35,0,0,125,-84.3379
4.375,0,0,125,-84.3385
4.4,0,0,125,-84.3391
4.425,0,0,125,-84.3396
4.45,0,0,125,-84.3401
4.475,0,0,125,-84.3405
4.5,0,0,125,-84.341
4.525,0,0,125,-84.3413
4.55,0,0,125,-84.3417
4.575,0,0,125,-84.342
4.6,0,0,125,-84.3423
4.625,0,0,125,-84.3425
4.65,0,0,125,-84.3427
4.675,0,0,125,-84.3428
4.7,0,0,125,-84.343
4.725,0,0,125,-84.3431
4.75,0,0,125,-84.3432
4.775,0,0,125,-84.3433
4.8,0,0,125,-84.3434
4.825,0,0,125,-84.3435
4.85,0,0,125,-84.3436
4.875,0,0,125,-84.3436
4.9,0,0,125,-84.3437
4.925,0,0,125,-84.3437
4.95,0,0,125,-84.3438
4.975,0,0,125,-84.3438
5,0,0,125,-84.3438
