0,0,0,125,-83.4833
0.025,0,0,125,-83.4836
0.05,0,0,125,-83.4842
0.075,0,0,125,-83.4851
0.1,0,0,125,-83.4862
0.125,0,0,125,-83.4874
0.15,0,0,125,-83.4888
0.175,0,0,125,-83.4902
0.2,0,0,125,-83.4916
0.225,0,0,125,-83.4931
0.25,0,0,125,-83.4946
0.275,0,0,125,-83.4961
0.3,0,0,125,-83.4976
0.325,0,0,125,-83.499
0.35,0,0,125,-83.5005
0.375,0,0,125,-83.5019
0.4,0,0,125,-83.5034
0.425,0,0,125,-83.5048
0.45,0,0,125,-83.5062
0.475,0,0,125,-83.5075
0.5,0,0,125,-83.5089
0.525,0,0,125,-83.5102
0.55,0,0,125,-83.5116
0.575,0,0,125,-83.5129
0.6,0,0,125,-83.5142
0.625,0,0,125,-83.5155
0.65,0,0,125,-83.5167
0.675,0,0,125,-83.518
0.7,0,0,125,-83.5192
0.725,0,0,125,-83.5204
0.75,0,0,125,-83.5217
0.775,0,0,125,-83.5229
0.8,0,0,125,-83.5242
0.825,0,0,125,-83.5254
0.85,0,0,125,-83.5267
0.875,0,0,125,-83.528
0.9,0,0,125,-83.5292
0.925,0,0,125,-83.5305
0.95,0,0,125,-83.5318
0.975,0,0,125,-83.5332
1,0,0,125,-83.5345
1.025,0,0,125,-83.5358
1.05,0,0,125,-83.5372
1.075,0,0,125,-83.5385
1.1,0,0,125,-83.5399
1.125,0,0,125,-83.5412
1.15,0,0,125,-83.5426
1.175,0,0,125,-83.544
1.2,0,0,125,-83.5455
1.225,0,0,125,-83.547
1.25,0,0,125,-83.5485
1.275,0,0,125,-83.55
1.3,0,0,125,-83.5516
1.325,0,0,125,-83.5533
1.35,0,0,125,-83.5549
1.375,0,0,125,-83.5566
1.4,0,0,125,-83.5584
1.425,0,0,125,-83.5601
1.45,0,0,125,-83.5619
1.475,0,0,125,-83.5638
1.5,0,0,125,-83.5657
1.525,0,0,125,-83.5676
1.55,0,0,125,-83.5695
1.575,0,0,125,-83.5715
1.6,0,0,125,-83.5735
1.625,0,0,125,-83.5756
1.65,0,0,125,-83.5777
1.675,0,0,125,-83.5798
1.7,0,0,125,-83.582
1.725,0,0,125,-83.5842
1.75,0,0,125,-83.5865
1.775,0,0,125,-83.5888
1.8,0,0,125,-83.5911
1.825,0,0,125,-83.5935
1.85,0,0,125,-83.596
1.875,0,0,125,-83.5985
1.9,0,0,125,-83.6011
1.925,0,0,125,-83.6038
1.95,0,0,125,-83.6065
1.975,0,0,125,-83.6093
2,0,0,125,-83.6122
2.025,0,0,125,-83.6151
2.05,0,0,125,-83.6181
2.075,0,0,125,-83.6211
2.1,0,0,125,-83.6243
2.125,0,0,125,-83.6275
2.15,0,0,125,-83.6309
2.175,0,0,125,-83.6343
2.2,0,0,125,-83.6378
2.225,0,0,125,-83.6414
2.25,0,0,125,-83.645
2.275,0,0,125,-83.6488
2.3,0,0,125,-83.6526
2.325,0,0,125,-83.6565
2.35,0,0,125,-83.6605
2.375,0,0,125,-83.6646
2.4,0,0,125,-83.6687
2.425,0,0,125,-83.673
2.45,0,0,125,-83.6773
2.475,0,0,125,-83.6818
2.5,0,0,125,-83.6863
2.525,0,0,125,-83.6909
2.55,0,0,125,-83.6956
2.575,0,0,125,-83.7003
2.6,0,0,125,-83.7051
2.625,0,0,125,-83.71
2.65,0,0,125,-83.7149
2.675,0,0,125,-83.7199
2.7,0,0,125,-83.725
2.725,0,0,125,-83.7301
2.75,0,0,125,-83.7353
2.775,0,0,125,-83.7406
2.8,0,0,125,-83.7459
2.825,0,0,125,-83.7513
2.85,0,0,125,-83.7567
2.875,0,0,125,-83.7621
2.9,0,0,125,-83.7676
2.925,0,0,125,-83.7732
2.95,0,0,125,-83.7787
2.975,0,0,125,-83.7843
3,0,0,125,-83.79
3.025,0,0,125,-83.7956
3.05,0,0,125,-83.8013
3.075,0,0,125,-83.8069
3.1,0,0,125,-83.8125
3.125,0,0,125,-83.8181
3.15,0,0,125,-83.8237
3.175,0,0,125,-83.8293
3.2,0,0,125,-83.8349
3.225,0,0,125,-83.8404
3.25,0,0,125,-83.8459
3.275,0,0,125,-83.8513
3.3,0,0,125,-83.8567
3.325,0,0,125,-83.8621
3.35,0,0,125,-83.8674
3.375,0,0,125,-83.8726
3.4,0,0,125,-83.8778
3.425,0,0,125,-83.8829
3.45,0,0,125,-83.8879
3.475,0,0,125,-83.8929
3.5,0,0,125,-83.8978
3.525,0,0,125,-83.9027
3.55,0,0,125,-83.9075
3.575,0,0,125,-83.9121
3.6,0,0,125,-83.9167
3.625,0,0,125,-83.9212
3.65,0,0,125,-83.9255
3.675,0,0,125,-83.9298
3.7,0,0,125,-83.9339
3.725,0,0,125,-83.9379
3.75,0,0,125,-83.9418
3.775,0,0,125,-83.9456
3.8,0,0,125,-83.9493
3.825,0,0,125,-83.9529
3.85,0,0,125,-83.9563
3.875,0,0,125,-83.9597
3.9,0,0,125,-83.9629
3.925,0,0,125,-83.9661
3.95,0,0,125,-83.9691
3.975,0,0,125,-83.972
4,0,0,125,-83.9748
4.025,0,0,125,-83.9774
4.05,0,0,125,-83.98
4.075,0,0,125,-83.9825
4.1,0,0,125,-83.9848
4.125,0,0,125,-83.987
4.15,0,0,125,-83.9891
4.175,0,0,125,-83.9912
4.2,0,0,125,-83.9931
4.225,0,0,125,-83.995
4.25,0,0,125,-83.9968
4.275,0,0,125,-83.9984
4.3,0,0,125,-84
4.325,0,0,125,-84.0015
4.35,0,0,125,-84.0029
4.375,0,0,125,-84.0042
4.4,0,0,125,-84.0054
4.425,0,0,125,-84.0066
4.45,0,0,125,-84.0076
4.475,0,0,125,-84.0086
4.5,0,0,125,-84.0096
4.525,0,0,125,-84.0104
4.55,0,0,125,-84.0112
4.575,0,0,125,-84.0119
4.6,0,0,125,-84.0126
4.625,0,0,125,-84.0132
4.65,0,0,125,-84.0137
4.675,0,0,125,-84.0142
4.7,0,0,125,-84.0146
4.725,0,0,125,-84.015
4.75,0,0,125,-84.0153
4.775,0,0,125,-84.0155
4.8,0,0,125,-84.0158
4.825,0,0,125,-84.016
4.85,0,0,125,-84.0161
4.875,0,0,125,-84.0162
4.9,0,0,125,-84.0163
4.925,0,0,125,-84.0164
4.95,0,0,125,-84.0164
4.975,0,0,125,-84.0164
5,0,0,125,-84.0164
