0,0,0,125,-84.3855
0.025,0,0,125,-84.3855
0.05,0,0,125,-84.3857
0.075,0,0,125,-84.3858
0.1,0,0,125,-84.386
0.125,0,0,125,-84.3862
0.15,0,0,125,-84.3865
0.175,0,0,125,-84.3867
0.2,0,0,125,-84.387
0.225,0,0,125,-84.3872
0.25,0,0,125,-84.3875
0.275,0,0,125,-84.3878
0.3,0,0,125,-84.3881
0.325,0,0,125,-84.3884
0.35,0,0,125,-84.3887
0.375,0,0,125,-84.389
0.4,0,0,125,-84.3893
0.425,0,0,125,-84.3896
0.45,0,0,125,-84.3899
0.475,0,0,125,-84.3901
0.5,0,0,125,-84.3904
0.525,0,0,125,-84.3906
0.55,0,0,125,-84.3909
0.575,0,0,125,-84.3911
0.6,0,0,125,-84.3913
0.625,0,0,125,-84.3916
0.65,0,0,125,-84.3918
0.675,0,0,125,-84.392
0.7,0,0,125,-84.3922
0.725,0,0,125,-84.3924
0.75,0,0,125,-84.3927
0.775,0,0,125,-84.3929
0.8,0,0,125,-84.3931
0.825,0,0,125,-84.3933
0.85,0,0,125,-84.3936
0.875,0,0,125,-84.3938
0.9,0,0,125,-84.394
0.925,0,0,125,-84.3942
0.95,0,0,125,-84.3945
0.975,0,0,125,-84.3947
1,0,0,125,-84.3949
1.025,0,0,125,-84.3952
1.05,0,0,125,-84.3954
1.075,0,0,125,-84.3957
1.1,0,0,125,-84.396
1.125,0,0,125,-84.3962
1.15,0,0,125,-84.3965
1.175,0,0,125,-84.3968
1.2,0,0,125,-84.3971
1.225,0,0,125,-84.3974
1.25,0,0,125,-84.3978
1.275,0,0,125,-84.3981
1.3,0,0,125,-84.3984
1.325,0,0,125,-84.3988
1.35,0,0,125,-84.3991
1.375,0,0,125,-84.3995
1.4,0,0,125,-84.3999
1.425,0,0,125,-84.4003
1.45,0,0,125,-84.4007
1.475,0,0,125,-84.4011
1.5,0,0,125,-84.4015
1.525,0,0,125,-84.4019
1.55,0,0,125,-84.4024
1.575,0,0,125,-84.4028
1.6,0,0,125,-84.4033
1.625,0,0,125,-84.4038
1.65,0,0,125,-84.4042
1.675,0,0,125,-84.4047
1.7,0,0,125,-84.4052
1.725,0,0,125,-84.4057
1.75,0,0,125,-84.4062
1.775,0,0,125,-84.4066
1.8,0,0,125,-84.4071
1.825,0,0,125,-84.4075
1.85,0,0,125,-84.408
1.875,0,0,125,-84.4084
1.9,0,0,125,-84.4089
1.925,0,0,125,-84.4093
1.95,0,0,125,-84.4098
1.975,0,0,125,-84.4103
2,0,0,125,-84.4109
2.025,0,0,125,-84.4114
2.05,0,0,125,-84.4119
2.075,0,0,125,-84.4125
2.1,0,0,125,-84.4131
2.125,0,0,125,-84.4137
2.15,0,0,125,-84.4143
2.175,0,0,125,-84.4149
2.2,0,0,125,-84.4156
2.225,0,0,125,-84.4162
2.25,0,0,125,-84.4169
2.275,0,0,125,-84.4176
2.3,0,0,125,-84.4183
2.325,0,0,125,-84.419
2.35,0,0,125,-84.4198
2.375,0,0,125,-84.4205
2.4,0,0,125,-84.4213
2.425,0,0,125,-84.4221
2.45,0,0,125,-84.4229
2.475,0,0,125,-84.4237
2.5,0,0,125,-84.4245
2.525,0,0,125,-84.4254
2.55,0,0,125,-84.4262
2.575,0,0,125,-84.4271
2.6,0,0,125,-84.428
2.625,0,0,125,-84.4289
2.65,0,0,125,-84.4298
2.675,0,0,125,-84.4307
2.7,0,0,125,-84.4317
2.725,0,0,125,-84.4327
2.75,0,0,125,-84.4336
2.775,0,0,125,-84.4346
2.8,0,0,125,-84.4356
2.825,0,0,125,-84.4367
2.85,0,0,125,-84.4377
2.875,0,0,125,-84.4387
2.9,0,0,125,-84.4398
2.925,0,0,125,-84.4408
2.95,0,0,125,-84.4419
2.975,0,0,125,-84.443
3,0,0,125,-84.444
3.025,0,0,125,-84.4451
3.05,0,0,125,-84.4462
3.075,0,0,125,-84.4472
3.1,0,0,125,-84.4483
3.125,0,0,125,-84.4493
3.15,0,0,125,-84.4503
3.175,0,0,125,-84.4514
3.2,0,0,125,-84.4523
3.225,0,0,125,-84.4533
3.25,0,0,125,-84.4543
3.275,0,0,125,-84.4552
3.3,0,0,125,-84.4561
3.325,0,0,125,-84.4571
3.35,0,0,125,-84.458
3.375,0,0,125,-84.4588
3.4,0,0,125,-84.4597
3.425,0,0,125,-84.4606
3.45,0,0,125,-84.4614
3.475,0,0,125,-84.4622
3.5,0,0,125,-84.463
3.525,0,0,125,-84.4638
3.55,0,0,125,-84.4646
3.575,0,0,125,-84.4653
3.6,0,0,125,-84.4661
3.625,0,0,125,-84.4668
3.65,0,0,125,-84.4675
3.675,0,0,125,-84.4682
3.7,0,0,125,-84.4689
3.725,0,0,125,-84.4695
3.75,0,0,125,-84.4702
3.775,0,0,125,-84.4708
3.8,0,0,125,-84.4714
3.825,0,0,125,-84.472
3.85,0,0,125,-84.4726
3.875,0,0,125,-84.4732
3.9,0,0,125,-84.4738
3.925,0,0,125,-84.4743
3.95,0,0,125,-84.4748
3.975,0,0,125,-84.4753
4,0,0,125,-84.4758
4.025,0,0,125,-84.4763
4.05,0,0,125,-84.4768
4.075,0,0,125,-84.4772
4.1,0,0,125,-84.4777
4.125,0,0,125,-84.4781
4.15,0,0,125,-84.4785
4.175,0,0,125,-84.4789
4.2,0,0,125,-84.4793
4.225,0,0,125,-84.4796
4.25,0,0,125,-84.48
4.275,0,0,125,-84.4803
4.3,0,0,125,-84.4806
4.325,0,0,125,-84.4809
4.35,0,0,125,-84.4812
4.375,0,0,125,-84.4814
4.4,0,0,125,-84.4817
4.425,0,0,125,-84.4819
4.45,0,0,125,-84.4822
4.475,0,0,125,-84.4824
4.5,0,0,125,-84.4826
4.525,0,0,125,-84.4827
4.55,0,0,125,-84.4829
4.575,0,0,125,-84.483
4.6,0,0,125,-84.4832
4.625,0,0,125,-84.4833
4.65,0,0,125,-84.4834
4.675,0,0,125,-84.4835
4.7,0,0,125,-84.4835
4.725,0,0,125,-84.4836
4.75,0,0,125,-84.4836
4.775,0,0,125,-84.4836
4.8,0,0,125,-84.4837
4.825,0,0,125,-84.4836
4.85,0,0,125,-84.4836
4.875,0,0,125,-84.4836
4.9,0,0,125,-84.4835
4.925,0,0,125,-84.4835
4.95,0,0,125,-84.4835
4.975,0,0,125,-84.4835
5,0,0,125,-84.4834
