0,0,0,125,8.91757
0.025,0,0,125,8.92126
0.05,0,0,125,8.92847
0.075,0,0,125,8.93883
0.1,0,0,125,8.95177
0.125,0,0,125,8.96664
0.15,0,0,125,8.98282
0.175,0,0,125,8.99978
0.2,0,0,125,9.01717
0.225,0,0,125,9.03478
0.25,0,0,125,9.05242
0.275,0,0,125,9.06994
0.3,0,0,125,9.08721
0.325,0,0,125,9.10409
0.35,0,0,125,9.12048
0.375,0,0,125,9.13626
0.4,0,0,125,9.15134
0.425,0,0,125,9.16562
0.45,0,0,125,9.17901
0.475,0,0,125,9.19145
0.5,0,0,125,9.20283
0.525,0,0,125,9.21309
0.55,0,0,125,9.22216
0.575,0,0,125,9.22997
0.6,0,0,125,9.23644
0.625,0,0,125,9.24151
0.65,0,0,125,9.24512
0.675,0,0,125,9.24719
0.7,0,0,125,9.24767
0.725,0,0,125,9.24649
0.75,0,0,125,9.24357
0.775,0,0,125,9.23886
0.8,0,0,125,9.23228
0.825,0,0,125,9.22378
0.85,0,0,125,9.21327
0.875,0,0,125,9.20068
0.9,0,0,125,9.18595
0.925,0,0,125,9.169
0.95,0,0,125,9.14975
0.975,0,0,125,9.12812
1,0,0,125,9.10403
1.025,0,0,125,9.07739
1.05,0,0,125,9.04814
1.075,0,0,125,9.01616
1.1,0,0,125,8.98138
1.125,0,0,125,8.94371
1.15,0,0,125,8.90304
1.175,0,0,125,8.85929
1.2,0,0,125,8.81235
1.225,0,0,125,8.76213
1.25,0,0,125,8.70851
1.275,0,0,125,8.65141
1.3,0,0,125,8.59071
1.325,0,0,125,8.52632
1.35,0,0,125,8.45811
1.375,0,0,125,8.38599
1.4,0,0,125,8.30984
1.425,0,0,125,8.22957
1.45,0,0,125,8.14505
1.475,0,0,125,8.05619
1.5,0,0,125,7.96288
1.525,0,0,125,7.86501
1.55,0,0,125,7.76248
1.575,0,0,125,7.65519
1.6,0,0,125,7.54303
1.625,0,0,125,7.42591
1.65,0,0,125,7.30373
1.675,0,0,125,7.17641
1.7,0,0,125,7.04384
1.725,0,0,125,6.90594
1.75,0,0,125,6.76263
1.775,0,0,125,6.61382
1.8,0,0,125,6.45944
1.825,0,0,125,6.29941
1.85,0,0,125,6.13364
1.875,0,0,125,5.96208
1.9,0,0,125,5.78463
1.925,0,0,125,5.60125
1.95,0,0,125,5.41185
1.975,0,0,125,5.21637
2,0,0,125,5.01474
2.025,0,0,125,4.8069
2.05,0,0,125,4.59277
2.075,0,0,125,4.3723
2.1,0,0,125,4.14541
2.125,0,0,125,3.91203
2.15,0,0,125,3.6721
2.175,0,0,125,3.42556
2.2,0,0,125,3.17232
2.225,0,0,125,2.91232
2.25,0,0,125,2.6455
2.275,0,0,125,2.37177
2.3,0,0,125,2.09107
2.325,0,0,125,1.80334
2.35,0,0,125,1.50849
2.375,0,0,125,1.20647
2.4,0,0,125,0.897195
2.425,0,0,125,0.580613
2.45,0,0,125,0.256658
2.475,0,0,125,-0.0747281
2.5,0,0,125,-0.413602
2.525,0,0,125,-0.760013
2.55,0,0,125,-1.11401
2.575,0,0,125,-1.47562
2.6,0,0,125,-1.84489
2.625,0,0,125,-2.22183
2.65,0,0,125,-2.60645
2.675,0,0,125,-2.99876
2.7,0,0,125,-3.39874
2.725,0,0,125,-3.80638
2.75,0,0,125,-4.22164
2.775,0,0,125,-4.64446
2.8,0,0,125,-5.07477
2.825,0,0,125,-5.51248
2.85,0,0,125,-5.9575
2.875,0,0,125,-6.4097
2.9,0,0,125,-6.86891
2.925,0,0,125,-7.33499
2.95,0,0,125,-7.80774
2.975,0,0,125,-8.28693
3,0,0,125,-8.77234
3.025,0,0,125,-9.26369
3.05,0,0,125,-9.7607
3.075,0,0,125,-10.263
3.1,0,0,125,-10.7704
3.125,0,0,125,-11.2824
3.15,0,0,125,-11.7986
3.175,0,0,125,-12.3187
3.2,0,0,125,-12.8421
3.225,0,0,125,-13.3685
3.25,0,0,125,-13.8973
3.275,0,0,125,-14.428
3.3,0,0,125,-14.9601
3.325,0,0,125,-15.4931
3.35,0,0,125,-16.0264
3.375,0,0,125,-16.5595
3.4,0,0,125,-17.0916
3.425,0,0,125,-17.6223
3.45,0,0,125,-18.151
3.475,0,0,125,-18.677
3.5,0,0,125,-19.1998
3.525,0,0,125,-19.7186
3.55,0,0,125,-20.233
3.575,0,0,125,-20.7423
3.6,0,0,125,-21.246
3.625,0,0,125,-21.7434
3.65,0,0,125,-22.234
3.675,0,0,125,-22.7172
3.7,0,0,125,-23.1924
3.725,0,0,125,-23.6593
3.75,0,0,125,-24.1172
3.775,0,0,125,-24.5657
3.8,0,0,125,-25.0043
3.825,0,0,125,-25.4325
3.85,0,0,125,-25.8501
3.875,0,0,125,-26.2565
3.9,0,0,125,-26.6514
3.925,0,0,125,-27.0346
3.95,0,0,125,-27.4056
3.975,0,0,125,-27.7643
4,0,0,125,-28.1103
4.025,0,0,125,-28.4435
4.05,0,0,125,-28.7637
4.075,0,0,125,-29.0707
4.1,0,0,125,-29.3645
4.125,0,0,125,-29.6448
4.15,0,0,125,-29.9118
4.175,0,0,125,-30.1654
4.2,0,0,125,-30.4055
4.225,0,0,125,-30.6324
4.25,0,0,125,-30.846
4.275,0,0,125,-31.0464
4.3,0,0,125,-31.2339
4.325,0,0,125,-31.4087
4.35,0,0,125,-31.571
4.375,0,0,125,-31.7211
4.4,0,0,125,-31.8592
4.425,0,0,125,-31.9858
4.45,0,0,125,-32.1012
4.475,0,0,125,-32.2058
4.5,0,0,125,-32.3001
4.525,0,0,125,-32.3846
4.55,0,0,125,-32.4598
4.575,0,0,125,-32.5262
4.6,0,0,125,-32.5844
4.625,0,0,125,-32.6349
4.65,0,0,125,-32.6784
4.675,0,0,125,-32.7155
4.7,0,0,125,-32.7468
4.725,0,0,125,-32.773
4.75,0,0,125,-32.7945
4.775,0,0,125,-32.8121
4.8,0,0,125,-32.8262
4.825,0,0,125,-32.8375
4.85,0,0,125,-32.8463
4.875,0,0,125,-32.8532
4.9,0,0,125,-32.8583
4.925,0,0,125,-32.8621
4.95,0,0,125,-32.8647
4.975,0,0,125,-32.8664
5,0,0,125,-32.8671
