0,0,0,125,-26.1722
0.025,0,0,125,-26.1815
0.05,0,0,125,-26.2002
0.075,0,0,125,-26.2283
0.1,0,0,125,-26.2659
0.125,0,0,125,-26.313
0.15,0,0,125,-26.3697
0.175,0,0,125,-26.436
0.2,0,0,125,-26.512
0.225,0,0,125,-26.5976
0.25,0,0,125,-26.6929
0.275,0,0,125,-26.7978
0.3,0,0,125,-26.9123
0.325,0,0,125,-27.0363
0.35,0,0,125,-27.17
0.375,0,0,125,-27.3133
0.4,0,0,125,-27.4662
0.425,0,0,125,-27.6287
0.45,0,0,125,-27.8009
0.475,0,0,125,-27.9829
0.5,0,0,125,-28.1747
0.525,0,0,125,-28.3764
0.55,0,0,125,-28.588
0.575,0,0,125,-28.8098
0.6,0,0,125,-29.0419
0.625,0,0,125,-29.2844
0.65,0,0,125,-29.5374
0.675,0,0,125,-29.8012
0.7,0,0,125,-30.076
0.725,0,0,125,-30.362
0.75,0,0,125,-30.6595
0.775,0,0,125,-30.9687
0.8,0,0,125,-31.2899
0.825,0,0,125,-31.6235
0.85,0,0,125,-31.9697
0.875,0,0,125,-32.329
0.9,0,0,125,-32.7016
0.925,0,0,125,-33.0881
0.95,0,0,125,-33.4889
0.975,0,0,125,-33.9042
1,0,0,125,-34.3347
1.025,0,0,125,-34.7808
1.05,0,0,125,-35.243
1.075,0,0,125,-35.7216
1.1,0,0,125,-36.2173
1.125,0,0,125,-36.7306
1.15,0,0,125,-37.2618
1.175,0,0,125,-37.8115
1.2,0,0,125,-38.3802
1.225,0,0,125,-38.9683
1.25,0,0,125,-39.5761
1.275,0,0,125,-40.2041
1.3,0,0,125,-40.8525
1.325,0,0,125,-41.5217
1.35,0,0,125,-42.2117
1.375,0,0,125,-42.9228
1.4,0,0,125,-43.6549
1.425,0,0,125,-44.4078
1.45,0,0,125,-45.1815
1.475,0,0,125,-45.9756
1.5,0,0,125,-46.7895
1.525,0,0,125,-47.6227
1.55,0,0,125,-48.4745
1.575,0,0,125,-49.3439
1.6,0,0,125,-50.2299
1.625,0,0,125,-51.1311
1.65,0,0,125,-52.0463
1.675,0,0,125,-52.9738
1.7,0,0,125,-53.912
1.725,0,0,125,-54.8589
1.75,0,0,125,-55.8127
1.775,0,0,125,-56.7712
1.8,0,0,125,-57.7322
1.825,0,0,125,-58.6934
1.85,0,0,125,-59.6525
1.875,0,0,125,-60.6072
1.9,0,0,125,-61.555
1.925,0,0,125,-62.4936
1.95,0,0,125,-63.4207
1.975,0,0,125,-64.334
2,0,0,125,-65.2313
2.025,0,0,125,-66.1107
2.05,0,0,125,-66.9702
2.075,0,0,125,-67.8081
2.1,0,0,125,-68.6227
2.125,0,0,125,-69.4128
2.15,0,0,125,-70.177
2.175,0,0,125,-70.9145
2.2,0,0,125,-71.6244
2.225,0,0,125,-72.306
2.25,0,0,125,-72.9591
2.275,0,0,125,-73.5833
2.3,0,0,125,-74.1786
2.325,0,0,125,-74.7452
2.35,0,0,125,-75.2833
2.375,0,0,125,-75.7934
2.4,0,0,125,-76.276
2.425,0,0,125,-76.7317
2.45,0,0,125,-77.1613
2.475,0,0,125,-77.5657
2.5,0,0,125,-77.9457
2.525,0,0,125,-78.3023
2.55,0,0,125,-78.6364
2.575,0,0,125,-78.9491
2.6,0,0,125,-79.2414
2.625,0,0,125,-79.5143
2.65,0,0,125,-79.7688
2.675,0,0,125,-80.0059
2.7,0,0,125,-80.2267
2.725,0,0,125,-80.432
2.75,0,0,125,-80.6229
2.775,0,0,125,-80.8002
2.8,0,0,125,-80.9647
2.825,0,0,125,-81.1174
2.85,0,0,125,-81.259
2.875,0,0,125,-81.3903
2.9,0,0,125,-81.5119
2.925,0,0,125,-81.6246
2.95,0,0,125,-81.729
2.975,0,0,125,-81.8256
3,0,0,125,-81.9151
3.025,0,0,125,-81.998
3.05,0,0,125,-82.0748
3.075,0,0,125,-82.1458
3.1,0,0,125,-82.2117
3.125,0,0,125,-82.2726
3.15,0,0,125,-82.3291
3.175,0,0,125,-82.3814
3.2,0,0,125,-82.4299
3.225,0,0,125,-82.4748
3.25,0,0,125,-82.5165
3.275,0,0,125,-82.5552
3.3,0,0,125,-82.591
3.325,0,0,125,-82.6243
3.35,0,0,125,-82.6552
3.375,0,0,125,-82.6839
3.4,0,0,125,-82.7106
3.425,0,0,125,-82.7354
3.45,0,0,125,-82.7584
3.475,0,0,125,-82.7798
3.5,0,0,125,-82.7997
3.525,0,0,125,-82.8183
3.55,0,0,125,-82.8355
3.575,0,0,125,-82.8515
3.6,0,0,125,-82.8664
3.625,0,0,125,-82.8803
3.65,0,0,125,-82.8932
3.675,0,0,125,-82.9052
3.7,0,0,125,-82.9163
3.725,0,0,125,-82.9267
3.75,0,0,125,-82.9363
3.775,0,0,125,-82.9452
3.8,0,0,125,-82.9534
3.825,0,0,125,-82.9611
3.85,0,0,125,-82.9681
3.875,0,0,125,-82.9746
3.9,0,0,125,-82.9806
3.925,0,0,125,-82.9861
3.95,0,0,125,-82.9911
3.975,0,0,125,-82.9956
4,0,0,125,-82.9998
4.025,0,0,125,-83.0035
4.05,0,0,125,-83.0068
4.075,0,0,125,-83.0098
4.1,0,0,125,-83.0124
4.125,0,0,125,-83.0146
4.15,0,0,125,-83.0166
4.175,0,0,125,-83.0182
4.2,0,0,125,-83.0195
4.225,0,0,125,-83.0206
4.25,0,0,125,-83.0213
4.275,0,0,125,-83.0218
4.3,0,0,125,-83.022
4.325,0,0,125,-83.022
4.35,0,0,125,-83.0217
4.375,0,0,125,-83.0212
4.4,0,0,125,-83.0205
4.425,0,0,125,-83.0196
4.45,0,0,125,-83.0185
4.475,0,0,125,-83.0171
4.5,0,0,125,-83.0157
4.525,0,0,125,-83.014
4.55,0,0,125,-83.0122
4.575,0,0,125,-83.0102
4.6,0,0,125,-83.0081
4.625,0,0,125,-83.0059
4.65,0,0,125,-83.0036
4.675,0,0,125,-83.0012
4.7,0,0,125,-82.9987
4.725,0,0,125,-82.9962
4.75,0,0,125,-82.9936
4.775,0,0,125,-82.991
4.8,0,0,125,-82.9885
4.825,0,0,125,-82.9859
4.85,0,0,125,-82.9834
4.875,0,0,125,-82.981
4.9,0,0,125,-82.9789
4.925,0,0,125,-82.977
4.95,0,0,125,-82.9755
4.975,0,0,125,-82.9744
5,0,0,125,-82.9739
