0,0,0,125,-83.5605
0.025,0,0,125,-83.5608
0.05,0,0,125,-83.5614
0.075,0,0,125,-83.5622
0.1,0,0,125,-83.5632
0.125,0,0,125,-83.5644
0.15,0,0,125,-83.5657
0.175,0,0,125,-83.5671
0.2,0,0,125,-83.5685
0.225,0,0,125,-83.5699
0.25,0,0,125,-83.5714
0.275,0,0,125,-83.5728
0.3,0,0,125,-83.5742
0.325,0,0,125,-83.5755
0.35,0,0,125,-83.5769
0.375,0,0,125,-83.5783
0.4,0,0,125,-83.5797
0.425,0,0,125,-83.581
0.45,0,0,125,-83.5823
0.475,0,0,125,-83.5836
0.5,0,0,125,-83.5849
0.525,0,0,125,-83.5862
0.55,0,0,125,-83.5875
0.575,0,0,125,-83.5888
0.6,0,0,125,-83.59
0.625,0,0,125,-83.5913
0.65,0,0,125,-83.5925
0.675,0,0,125,-83.5937
0.7,0,0,125,-83.595
0.725,0,0,125,-83.5962
0.75,0,0,125,-83.5974
0.775,0,0,125,-83.5985
0.8,0,0,125,-83.5997
0.825,0,0,125,-83.6009
0.85,0,0,125,-83.6021
0.875,0,0,125,-83.6033
0.9,0,0,125,-83.6045
0.925,0,0,125,-83.6057
0.95,0,0,125,-83.6069
0.975,0,0,125,-83.6082
1,0,0,125,-83.6095
1.025,0,0,125,-83.6107
1.05,0,0,125,-83.612
1.075,0,0,125,-83.6133
1.1,0,0,125,-83.6146
1.125,0,0,125,-83.6159
1.15,0,0,125,-83.6173
1.175,0,0,125,-83.6186
1.2,0,0,125,-83.62
1.225,0,0,125,-83.6213
1.25,0,0,125,-83.6227
1.275,0,0,125,-83.6241
1.3,0,0,125,-83.6255
1.325,0,0,125,-83.627
1.35,0,0,125,-83.6285
1.375,0,0,125,-83.6301
1.4,0,0,125,-83.6316
1.425,0,0,125,-83.6333
1.45,0,0,125,-83.6349
1.475,0,0,125,-83.6366
1.5,0,0,125,-83.6383
1.525,0,0,125,-83.6401
1.55,0,0,125,-83.6419
1.575,0,0,125,-83.6437
1.6,0,0,125,-83.6456
1.625,0,0,125,-83.6475
1.65,0,0,125,-83.6494
1.675,0,0,125,-83.6514
1.7,0,0,125,-83.6534
1.725,0,0,125,-83.6554
1.75,0,0,125,-83.6575
1.775,0,0,125,-83.6597
1.8,0,0,125,-83.6619
1.825,0,0,125,-83.6642
1.85,0,0,125,-83.6665
1.875,0,0,125,-83.6689
1.9,0,0,125,-83.6714
1.925,0,0,125,-83.6739
1.95,0,0,125,-83.6765
1.975,0,0,125,-83.6792
2,0,0,125,-83.6819
2.025,0,0,125,-83.6847
2.05,0,0,125,-83.6875
2.075,0,0,125,-83.6905
2.1,0,0,125,-83.6935
2.125,0,0,125,-83.6965
2.15,0,0,125,-83.6996
2.175,0,0,125,-83.7028
2.2,0,0,125,-83.7061
2.225,0,0,125,-83.7094
2.25,0,0,125,-83.7128
2.275,0,0,125,-83.7162
2.3,0,0,125,-83.7197
2.325,0,0,125,-83.7233
2.35,0,0,125,-83.7271
2.375,0,0,125,-83.7309
2.4,0,0,125,-83.7347
2.425,0,0,125,-83.7387
2.45,0,0,125,-83.7427
2.475,0,0,125,-83.7469
2.5,0,0,125,-83.7511
2.525,0,0,125,-83.7554
2.55,0,0,125,-83.7598
2.575,0,0,125,-83.7643
2.6,0,0,125,-83.7688
2.625,0,0,125,-83.7734
2.65,0,0,125,-83.7781
2.675,0,0,125,-83.7829
2.7,0,0,125,-83.7877
2.725,0,0,125,-83.7925
2.75,0,0,125,-83.7975
2.775,0,0,125,-83.8024
2.8,0,0,125,-83.8074
2.825,0,0,125,-83.8124
2.85,0,0,125,-83.8175
2.875,0,0,125,-83.8226
2.9,0,0,125,-83.8277
2.925,0,0,125,-83.8329
2.95,0,0,125,-83.8381
2.975,0,0,125,-83.8433
3,0,0,125,-83.8485
3.025,0,0,125,-83.8538
3.05,0,0,125,-83.859
3.075,0,0,125,-83.8642
3.1,0,0,125,-83.8695
3.125,0,0,125,-83.8747
3.15,0,0,125,-83.88
3.175,0,0,125,-83.8852
3.2,0,0,125,-83.8904
3.225,0,0,125,-83.8956
3.25,0,0,125,-83.9007
3.275,0,0,125,-83.9058
3.3,0,0,125,-83.9109
3.325,0,0,125,-83.9159
3.35,0,0,125,-83.9209
3.375,0,0,125,-83.9257
3.4,0,0,125,-83.9306
3.425,0,0,125,-83.9353
3.45,0,0,125,-83.94
3.475,0,0,125,-83.9446
3.5,0,0,125,-83.9492
3.525,0,0,125,-83.9536
3.55,0,0,125,-83.958
3.575,0,0,125,-83.9623
3.6,0,0,125,-83.9664
3.625,0,0,125,-83.9705
3.65,0,0,125,-83.9745
3.675,0,0,125,-83.9785
3.7,0,0,125,-83.9823
3.725,0,0,125,-83.986
3.75,0,0,125,-83.9897
3.775,0,0,125,-83.9932
3.8,0,0,125,-83.9967
3.825,0,0,125,-84
3.85,0,0,125,-84.0033
3.875,0,0,125,-84.0065
3.9,0,0,125,-84.0096
3.925,0,0,125,-84.0126
3.95,0,0,125,-84.0154
3.975,0,0,125,-84.0182
4,0,0,125,-84.0209
4.025,0,0,125,-84.0234
4.05,0,0,125,-84.0259
4.075,0,0,125,-84.0282
4.1,0,0,125,-84.0304
4.125,0,0,125,-84.0325
4.15,0,0,125,-84.0345
4.175,0,0,125,-84.0365
4.2,0,0,125,-84.0383
4.225,0,0,125,-84.04
4.25,0,0,125,-84.0417
4.275,0,0,125,-84.0433
4.3,0,0,125,-84.0447
4.325,0,0,125,-84.0461
4.35,0,0,125,-84.0475
4.375,0,0,125,-84.0487
4.4,0,0,125,-84.0498
4.425,0,0,125,-84.0509
4.45,0,0,125,-84.0519
4.475,0,0,125,-84.0528
4.5,0,0,125,-84.0537
4.525,0,0,125,-84.0545
4.55,0,0,125,-84.0552
4.575,0,0,125,-84.0559
4.6,0,0,125,-84.0565
4.625,0,0,125,-84.0571
4.65,0,0,125,-84.0576
4.675,0,0,125,-84.058
4.7,0,0,125,-84.0584
4.725,0,0,125,-84.0587
4.75,0,0,125,-84.059
4.775,0,0,125,-84.0593
4.8,0,0,125,-84.0595
4.825,0,0,125,-84.0597
4.85,0,0,125,-84.0598
4.875,0,0,125,-84.0599
4.9,0,0,125,-84.06
4.925,0,0,125,-84.06
4.95,0,0,125,-84.0601
4.975,0,0,125,-84.0601
5,0,0,125,-84.0601
