0,0,0,125,-82.9181
0.025,0,0,125,-82.9185
0.05,0,0,125,-82.9191
0.075,0,0,125,-82.92
0.1,0,0,125,-82.9211
0.125,0,0,125,-82.9221
0.15,0,0,125,-82.9231
0.175,0,0,125,-82.9238
0.2,0,0,125,-82.9241
0.225,0,0,125,-82.9241
0.25,0,0,125,-82.9237
0.275,0,0,125,-82.9227
0.3,0,0,125,-82.9212
0.325,0,0,125,-82.9191
0.35,0,0,125,-82.9162
0.375,0,0,125,-82.9126
0.4,0,0,125,-82.9081
0.425,0,0,125,-82.9028
0.45,0,0,125,-82.8964
0.475,0,0,125,-82.889
0.5,0,0,125,-82.8804
0.525,0,0,125,-82.8705
0.55,0,0,125,-82.8592
0.575,0,0,125,-82.8463
0.6,0,0,125,-82.8318
0.625,0,0,125,-82.8155
0.65,0,0,125,-82.7972
0.675,0,0,125,-82.7767
0.7,0,0,125,-82.7538
0.725,0,0,125,-82.7283
0.75,0,0,125,-82.7
0.775,0,0,125,-82.6685
0.8,0,0,125,-82.6336
0.825,0,0,125,-82.5949
0.85,0,0,125,-82.5521
0.875,0,0,125,-82.5047
0.9,0,0,125,-82.4524
0.925,0,0,125,-82.3946
0.95,0,0,125,-82.3307
0.975,0,0,125,-82.2603
1,0,0,125,-82.1827
1.025,0,0,125,-82.097
1.05,0,0,125,-82.0026
1.075,0,0,125,-81.8986
1.1,0,0,125,-81.784
1.125,0,0,125,-81.6579
1.15,0,0,125,-81.5189
1.175,0,0,125,-81.366
1.2,0,0,125,-81.1977
1.225,0,0,125,-81.0126
1.25,0,0,125,-80.809
1.275,0,0,125,-80.5852
1.3,0,0,125,-80.3393
1.325,0,0,125,-80.0693
1.35,0,0,125,-79.7729
1.375,0,0,125,-79.4477
1.4,0,0,125,-79.0913
1.425,0,0,125,-78.701
1.45,0,0,125,-78.2738
1.475,0,0,125,-77.8069
1.5,0,0,125,-77.2971
1.525,0,0,125,-76.7412
1.55,0,0,125,-76.136
1.575,0,0,125,-75.4781
1.6,0,0,125,-74.7645
1.625,0,0,125,-73.9919
1.65,0,0,125,-73.1574
1.675,0,0,125,-72.2586
1.7,0,0,125,-71.2932
1.725,0,0,125,-70.2595
1.75,0,0,125,-69.1565
1.775,0,0,125,-67.984
1.8,0,0,125,-66.7424
1.825,0,0,125,-65.4332
1.85,0,0,125,-64.0591
1.875,0,0,125,-62.6234
1.9,0,0,125,-61.1307
1.925,0,0,125,-59.5865
1.95,0,0,125,-57.997
1.975,0,0,125,-56.3693
2,0,0,125,-54.7111
2.025,0,0,125,-53.0301
2.05,0,0,125,-51.3345
2.075,0,0,125,-49.6322
2.1,0,0,125,-47.931
2.125,0,0,125,-46.2382
2.15,0,0,125,-44.5603
2.175,0,0,125,-42.9034
2.2,0,0,125,-41.2727
2.225,0,0,125,-39.6727
2.25,0,0,125,-38.107
2.275,0,0,125,-36.5785
2.3,0,0,125,-35.0895
2.325,0,0,125,-33.6417
2.35,0,0,125,-32.2363
2.375,0,0,125,-30.8741
2.4,0,0,125,-29.5557
2.425,0,0,125,-28.2813
2.45,0,0,125,-27.0509
2.475,0,0,125,-25.8643
2.5,0,0,125,-24.7213
2.525,0,0,125,-23.6215
2.55,0,0,125,-22.5643
2.575,0,0,125,-21.5491
2.6,0,0,125,-20.5751
2.625,0,0,125,-19.6415
2.65,0,0,125,-18.7473
2.675,0,0,125,-17.8917
2.7,0,0,125,-17.0734
2.725,0,0,125,-16.2914
2.75,0,0,125,-15.5446
2.775,0,0,125,-14.8317
2.8,0,0,125,-14.1515
2.825,0,0,125,-13.5028
2.85,0,0,125,-12.8844
2.875,0,0,125,-12.2951
2.9,0,0,125,-11.7336
2.925,0,0,125,-11.1987
2.95,0,0,125,-10.6892
2.975,0,0,125,-10.204
3,0,0,125,-9.74193
3.025,0,0,125,-9.30192
3.05,0,0,125,-8.88289
3.075,0,0,125,-8.48383
3.1,0,0,125,-8.10372
3.125,0,0,125,-7.74163
3.15,0,0,125,-7.39664
3.175,0,0,125,-7.06786
3.2,0,0,125,-6.75448
3.225,0,0,125,-6.45567
3.25,0,0,125,-6.17069
3.275,0,0,125,-5.8988
3.3,0,0,125,-5.63933
3.325,0,0,125,-5.39161
3.35,0,0,125,-5.15504
3.375,0,0,125,-4.92901
3.4,0,0,125,-4.71298
3.425,0,0,125,-4.50641
3.45,0,0,125,-4.30881
3.475,0,0,125,-4.11972
3.5,0,0,125,-3.93869
3.525,0,0,125,-3.7653
3.55,0,0,125,-3.59916
3.575,0,0,125,-3.4399
3.6,0,0,125,-3.28717
3.625,0,0,125,-3.14065
3.65,0,0,125,-3.00001
3.675,0,0,125,-2.86499
3.7,0,0,125,-2.73529
3.725,0,0,125,-2.61067
3.75,0,0,125,-2.49087
3.775,0,0,125,-2.37568
3.8,0,0,125,-2.26488
3.825,0,0,125,-2.15828
3.85,0,0,125,-2.05567
3.875,0,0,125,-1.9569
3.9,0,0,125,-1.86179
3.925,0,0,125,-1.77018
3.95,0,0,125,-1.68194
3.975,0,0,125,-1.59692
4,0,0,125,-1.515
4.025,0,0,125,-1.43606
4.05,0,0,125,-1.35998
4.075,0,0,125,-1.28667
4.1,0,0,125,-1.21602
4.125,0,0,125,-1.14793
4.15,0,0,125,-1.08233
4.175,0,0,125,-1.01913
4.2,0,0,125,-0.958266
4.225,0,0,125,-0.899659
4.25,0,0,125,-0.843247
4.275,0,0,125,-0.788971
4.3,0,0,125,-0.736774
4.325,0,0,125,-0.686607
4.35,0,0,125,-0.638423
4.375,0,0,125,-0.592179
4.4,0,0,125,-0.54784
4.425,0,0,125,-0.50537
4.45,0,0,125,-0.46474
4.475,0,0,125,-0.42592
4.5,0,0,125,-0.388886
4.525,0,0,125,-0.353624
4.55,0,0,125,-0.32012
4.575,0,0,125,-0.288368
4.6,0,0,125,-0.258361
4.625,0,0,125,-0.230093
4.65,0,0,125,-0.20357
4.675,0,0,125,-0.1788
4.7,0,0,125,-0.15579
4.725,0,0,125,-0.134553
4.75,0,0,125,-0.115109
4.775,0,0,125,-0.0974694
4.8,0,0,125,-0.0816578
4.825,0,0,125,-0.0676921
4.85,0,0,125,-0.0555794
4.875,0,0,125,-0.0453195
4.9,0,0,125,-0.0368681
4.925,0,0,125,-0.0301815
4.95,0,0,125,-0.0252056
4.975,0,0,125,-0.0219072
5,0,0,125,-0.0202581
