0,0,0,125,-15.8029
0.025,0,0,125,-15.8096
0.05,0,0,125,-15.8231
0.075,0,0,125,-15.8433
0.1,0,0,125,-15.8704
0.125,0,0,125,-15.9043
0.15,0,0,125,-15.9451
0.175,0,0,125,-15.993
0.2,0,0,125,-16.0477
0.225,0,0,125,-16.1094
0.25,0,0,125,-16.178
0.275,0,0,125,-16.2533
0.3,0,0,125,-16.3355
0.325,0,0,125,-16.4243
0.35,0,0,125,-16.5199
0.375,0,0,125,-16.6221
0.4,0,0,125,-16.7309
0.425,0,0,125,-16.8463
0.45,0,0,125,-16.9684
0.475,0,0,125,-17.097
0.5,0,0,125,-17.2322
0.525,0,0,125,-17.374
0.55,0,0,125,-17.5225
0.575,0,0,125,-17.6777
0.6,0,0,125,-17.8396
0.625,0,0,125,-18.0083
0.65,0,0,125,-18.1839
0.675,0,0,125,-18.3664
0.7,0,0,125,-18.556
0.725,0,0,125,-18.7527
0.75,0,0,125,-18.9566
0.775,0,0,125,-19.168
0.8,0,0,125,-19.3869
0.825,0,0,125,-19.6135
0.85,0,0,125,-19.848
0.875,0,0,125,-20.0905
0.9,0,0,125,-20.3412
0.925,0,0,125,-20.6004
0.95,0,0,125,-20.8681
0.975,0,0,125,-21.1448
1,0,0,125,-21.4306
1.025,0,0,125,-21.7257
1.05,0,0,125,-22.0305
1.075,0,0,125,-22.3452
1.1,0,0,125,-22.6701
1.125,0,0,125,-23.0055
1.15,0,0,125,-23.3518
1.175,0,0,125,-23.7092
1.2,0,0,125,-24.0782
1.225,0,0,125,-24.4592
1.25,0,0,125,-24.8524
1.275,0,0,125,-25.2584
1.3,0,0,125,-25.6774
1.325,0,0,125,-26.1101
1.35,0,0,125,-26.5568
1.375,0,0,125,-27.018
1.4,0,0,125,-27.4942
1.425,0,0,125,-27.9858
1.45,0,0,125,-28.4936
1.475,0,0,125,-29.0179
1.5,0,0,125,-29.5594
1.525,0,0,125,-30.1185
1.55,0,0,125,-30.6961
1.575,0,0,125,-31.2925
1.6,0,0,125,-31.9084
1.625,0,0,125,-32.5445
1.65,0,0,125,-33.2013
1.675,0,0,125,-33.8795
1.7,0,0,125,-34.5795
1.725,0,0,125,-35.3021
1.75,0,0,125,-36.0475
1.775,0,0,125,-36.8164
1.8,0,0,125,-37.609
1.825,0,0,125,-38.4257
1.85,0,0,125,-39.2666
1.875,0,0,125,-40.1319
1.9,0,0,125,-41.0215
1.925,0,0,125,-41.9351
1.95,0,0,125,-42.8723
1.975,0,0,125,-43.8326
2,0,0,125,-44.8152
2.025,0,0,125,-45.8191
2.05,0,0,125,-46.843
2.075,0,0,125,-47.8855
2.1,0,0,125,-48.9449
2.125,0,0,125,-50.0192
2.15,0,0,125,-51.1063
2.175,0,0,125,-52.2039
2.2,0,0,125,-53.3093
2.225,0,0,125,-54.42
2.25,0,0,125,-55.5328
2.275,0,0,125,-56.645
2.3,0,0,125,-57.7535
2.325,0,0,125,-58.855
2.35,0,0,125,-59.9466
2.375,0,0,125,-61.0252
2.4,0,0,125,-62.0878
2.425,0,0,125,-63.1314
2.45,0,0,125,-64.1536
2.475,0,0,125,-65.1516
2.5,0,0,125,-66.1232
2.525,0,0,125,-67.0664
2.55,0,0,125,-67.9794
2.575,0,0,125,-68.8606
2.6,0,0,125,-69.7089
2.625,0,0,125,-70.5232
2.65,0,0,125,-71.3028
2.675,0,0,125,-72.0474
2.7,0,0,125,-72.7567
2.725,0,0,125,-73.4309
2.75,0,0,125,-74.0703
2.775,0,0,125,-74.6753
2.8,0,0,125,-75.2466
2.825,0,0,125,-75.7851
2.85,0,0,125,-76.2917
2.875,0,0,125,-76.7674
2.9,0,0,125,-77.2134
2.925,0,0,125,-77.6309
2.95,0,0,125,-78.0212
2.975,0,0,125,-78.3855
3,0,0,125,-78.7252
3.025,0,0,125,-79.0415
3.05,0,0,125,-79.3357
3.075,0,0,125,-79.6092
3.1,0,0,125,-79.8631
3.125,0,0,125,-80.0986
3.15,0,0,125,-80.317
3.175,0,0,125,-80.5192
3.2,0,0,125,-80.7065
3.225,0,0,125,-80.8797
3.25,0,0,125,-81.0399
3.275,0,0,125,-81.188
3.3,0,0,125,-81.3248
3.325,0,0,125,-81.4511
3.35,0,0,125,-81.5678
3.375,0,0,125,-81.6755
3.4,0,0,125,-81.7749
3.425,0,0,125,-81.8666
3.45,0,0,125,-81.9511
3.475,0,0,125,-82.0291
3.5,0,0,125,-82.1011
3.525,0,0,125,-82.1674
3.55,0,0,125,-82.2285
3.575,0,0,125,-82.2849
3.6,0,0,125,-82.3368
3.625,0,0,125,-82.3847
3.65,0,0,125,-82.4288
3.675,0,0,125,-82.4694
3.7,0,0,125,-82.5069
3.725,0,0,125,-82.5413
3.75,0,0,125,-82.5731
3.775,0,0,125,-82.6023
3.8,0,0,125,-82.6291
3.825,0,0,125,-82.6538
3.85,0,0,125,-82.6765
3.875,0,0,125,-82.6974
3.9,0,0,125,-82.7165
3.925,0,0,125,-82.734
3.95,0,0,125,-82.7501
3.975,0,0,125,-82.7647
4,0,0,125,-82.7782
4.025,0,0,125,-82.7904
4.05,0,0,125,-82.8015
4.075,0,0,125,-82.8116
4.1,0,0,125,-82.8207
4.125,0,0,125,-82.829
4.15,0,0,125,-82.8364
4.175,0,0,125,-82.843
4.2,0,0,125,-82.8489
4.225,0,0,125,-82.8541
4.25,0,0,125,-82.8586
4.275,0,0,125,-82.8626
4.3,0,0,125,-82.866
4.325,0,0,125,-82.8689
4.35,0,0,125,-82.8712
4.375,0,0,125,-82.8731
4.4,0,0,125,-82.8746
4.425,0,0,125,-82.8757
4.45,0,0,125,-82.8763
4.475,0,0,125,-82.8767
4.5,0,0,125,-82.8766
4.525,0,0,125,-82.8763
4.55,0,0,125,-82.8757
4.575,0,0,125,-82.8748
4.6,0,0,125,-82.8736
4.625,0,0,125,-82.8722
4.65,0,0,125,-82.8707
4.675,0,0,125,-82.8689
4.7,0,0,125,-82.867
4.725,0,0,125,-82.8649
4.75,0,0,125,-82.8627
4.775,0,0,125,-82.8605
4.8,0,0,125,-82.8582
4.825,0,0,125,-82.8558
4.85,0,0,125,-82.8535
4.875,0,0,125,-82.8513
4.9,0,0,125,-82.8493
4.925,0,0,125,-82.8475
4.95,0,0,125,-82.846
4.975,0,0,125,-82.845
5,0,0,125,-82.8445
