0,0,0,125,-50.9334
0.025,0,0,125,-50.9314
0.05,0,0,125,-50.9274
0.075,0,0,125,-50.9219
0.1,0,0,125,-50.915
0.125,0,0,125,-50.9075
0.15,0,0,125,-50.8996
0.175,0,0,125,-50.892
0.2,0,0,125,-50.885
0.225,0,0,125,-50.8789
0.25,0,0,125,-50.8743
0.275,0,0,125,-50.8712
0.3,0,0,125,-50.8703
0.325,0,0,125,-50.8717
0.35,0,0,125,-50.8758
0.375,0,0,125,-50.8831
0.4,0,0,125,-50.8938
0.425,0,0,125,-50.9084
0.45,0,0,125,-50.9272
0.475,0,0,125,-50.9506
0.5,0,0,125,-50.979
0.525,0,0,125,-51.0127
0.55,0,0,125,-51.0523
0.575,0,0,125,-51.098
0.6,0,0,125,-51.1503
0.625,0,0,125,-51.2096
0.65,0,0,125,-51.2762
0.675,0,0,125,-51.3507
0.7,0,0,125,-51.4334
0.725,0,0,125,-51.5247
0.75,0,0,125,-51.625
0.775,0,0,125,-51.7348
0.8,0,0,125,-51.8544
0.825,0,0,125,-51.9842
0.85,0,0,125,-52.1247
0.875,0,0,125,-52.2763
0.9,0,0,125,-52.4393
0.925,0,0,125,-52.614
0.95,0,0,125,-52.801
0.975,0,0,125,-53.0004
1,0,0,125,-53.2127
1.025,0,0,125,-53.4381
1.05,0,0,125,-53.677
1.075,0,0,125,-53.9296
1.1,0,0,125,-54.1962
1.125,0,0,125,-54.4769
1.15,0,0,125,-54.7719
1.175,0,0,125,-55.0815
1.2,0,0,125,-55.4056
1.225,0,0,125,-55.7443
1.25,0,0,125,-56.0977
1.275,0,0,125,-56.4657
1.3,0,0,125,-56.8482
1.325,0,0,125,-57.2452
1.35,0,0,125,-57.6563
1.375,0,0,125,-58.0813
1.4,0,0,125,-58.5199
1.425,0,0,125,-58.9717
1.45,0,0,125,-59.4363
1.475,0,0,125,-59.9132
1.5,0,0,125,-60.4017
1.525,0,0,125,-60.9012
1.55,0,0,125,-61.4109
1.575,0,0,125,-61.9302
1.6,0,0,125,-62.4582
1.625,0,0,125,-62.994
1.65,0,0,125,-63.5366
1.675,0,0,125,-64.085
1.7,0,0,125,-64.6382
1.725,0,0,125,-65.1951
1.75,0,0,125,-65.7547
1.775,0,0,125,-66.3157
1.8,0,0,125,-66.877
1.825,0,0,125,-67.4375
1.85,0,0,125,-67.996
1.875,0,0,125,-68.5513
1.9,0,0,125,-69.1024
1.925,0,0,125,-69.6482
1.95,0,0,125,-70.1875
1.975,0,0,125,-70.7193
2,0,0,125,-71.2427
2.025,0,0,125,-71.7567
2.05,0,0,125,-72.2605
2.075,0,0,125,-72.7532
2.1,0,0,125,-73.2342
2.125,0,0,125,-73.7028
2.15,0,0,125,-74.1583
2.175,0,0,125,-74.6003
2.2,0,0,125,-75.0285
2.225,0,0,125,-75.4423
2.25,0,0,125,-75.8417
2.275,0,0,125,-76.2263
2.3,0,0,125,-76.5961
2.325,0,0,125,-76.951
2.35,0,0,125,-77.291
2.375,0,0,125,-77.6163
2.4,0,0,125,-77.927
2.425,0,0,125,-78.2232
2.45,0,0,125,-78.5053
2.475,0,0,125,-78.7735
2.5,0,0,125,-79.0281
2.525,0,0,125,-79.2695
2.55,0,0,125,-79.4982
2.575,0,0,125,-79.7144
2.6,0,0,125,-79.9187
2.625,0,0,125,-80.1115
2.65,0,0,125,-80.2932
2.675,0,0,125,-80.4644
2.7,0,0,125,-80.6254
2.725,0,0,125,-80.7769
2.75,0,0,125,-80.9191
2.775,0,0,125,-81.0527
2.8,0,0,125,-81.178
2.825,0,0,125,-81.2956
2.85,0,0,125,-81.4057
2.875,0,0,125,-81.5089
2.9,0,0,125,-81.6056
2.925,0,0,125,-81.6962
2.95,0,0,125,-81.7809
2.975,0,0,125,-81.8603
3,0,0,125,-81.9346
3.025,0,0,125,-82.0042
3.05,0,0,125,-82.0694
3.075,0,0,125,-82.1304
3.1,0,0,125,-82.1876
3.125,0,0,125,-82.2413
3.15,0,0,125,-82.2915
3.175,0,0,125,-82.3387
3.2,0,0,125,-82.383
3.225,0,0,125,-82.4246
3.25,0,0,125,-82.4637
3.275,0,0,125,-82.5004
3.3,0,0,125,-82.5351
3.325,0,0,125,-82.5677
3.35,0,0,125,-82.5984
3.375,0,0,125,-82.6274
3.4,0,0,125,-82.6548
3.425,0,0,125,-82.6807
3.45,0,0,125,-82.7051
3.475,0,0,125,-82.7283
3.5,0,0,125,-82.7502
3.525,0,0,125,-82.771
3.55,0,0,125,-82.7907
3.575,0,0,125,-82.8094
3.6,0,0,125,-82.8272
3.625,0,0,125,-82.844
3.65,0,0,125,-82.8601
3.675,0,0,125,-82.8753
3.7,0,0,125,-82.8899
3.725,0,0,125,-82.9037
3.75,0,0,125,-82.9168
3.775,0,0,125,-82.9293
3.8,0,0,125,-82.9412
3.825,0,0,125,-82.9525
3.85,0,0,125,-82.9633
3.875,0,0,125,-82.9736
3.9,0,0,125,-82.9834
3.925,0,0,125,-82.9927
3.95,0,0,125,-83.0015
3.975,0,0,125,-83.01
4,0,0,125,-83.018
4.025,0,0,125,-83.0255
4.05,0,0,125,-83.0328
4.075,0,0,125,-83.0396
4.1,0,0,125,-83.0461
4.125,0,0,125,-83.0522
4.15,0,0,125,-83.0581
4.175,0,0,125,-83.0636
4.2,0,0,125,-83.0687
4.225,0,0,125,-83.0736
4.25,0,0,125,-83.0782
4.275,0,0,125,-83.0826
4.3,0,0,125,-83.0866
4.325,0,0,125,-83.0904
4.35,0,0,125,-83.094
4.375,0,0,125,-83.0973
4.4,0,0,125,-83.1005
4.425,0,0,125,-83.1033
4.45,0,0,125,-83.106
4.475,0,0,125,-83.1085
4.5,0,0,125,-83.1108
4.525,0,0,125,-83.1129
4.55,0,0,125,-83.1148
4.575,0,0,125,-83.1165
4.6,0,0,125,-83.1181
4.625,0,0,125,-83.1195
4.65,0,0,125,-83.1208
4.675,0,0,125,-83.1219
4.7,0,0,125,-83.1229
4.725,0,0,125,-83.1238
4.75,0,0,125,-83.1245
4.775,0,0,125,-83.1251
4.8,0,0,125,-83.1256
4.825,0,0,125,-83.126
4.85,0,0,125,-83.1264
4.875,0,0,125,-83.1266
4.9,0,0,125,-83.1267
4.925,0,0,125,-83.1268
4.95,0,0,125,-83.1269
4.975,0,0,125,-83.1269
5,0,0,125,-83.1269
