0,0,0,125,16.5647
0.025,0,0,125,16.5663
0.05,0,0,125,16.5693
0.075,0,0,125,16.5734
0.1,0,0,125,16.5781
0.125,0,0,125,16.5829
0.15,0,0,125,16.5871
0.175,0,0,125,16.5905
0.2,0,0,125,16.5928
0.225,0,0,125,16.594
0.25,0,0,125,16.5939
0.275,0,0,125,16.5927
0.3,0,0,125,16.5902
0.325,0,0,125,16.5865
0.35,0,0,125,16.5817
0.375,0,0,125,16.5757
0.4,0,0,125,16.5686
0.425,0,0,125,16.5604
0.45,0,0,125,16.5512
0.475,0,0,125,16.5409
0.5,0,0,125,16.5297
0.525,0,0,125,16.5175
0.55,0,0,125,16.5043
0.575,0,0,125,16.4903
0.6,0,0,125,16.4755
0.625,0,0,125,16.4598
0.65,0,0,125,16.4434
0.675,0,0,125,16.4262
0.7,0,0,125,16.4083
0.725,0,0,125,16.3897
0.75,0,0,125,16.3705
0.775,0,0,125,16.3507
0.8,0,0,125,16.3303
0.825,0,0,125,16.3093
0.85,0,0,125,16.2877
0.875,0,0,125,16.2657
0.9,0,0,125,16.2432
0.925,0,0,125,16.2201
0.95,0,0,125,16.1966
0.975,0,0,125,16.1727
1,0,0,125,16.1484
1.025,0,0,125,16.1236
1.05,0,0,125,16.0984
1.075,0,0,125,16.0729
1.1,0,0,125,16.047
1.125,0,0,125,16.0207
1.15,0,0,125,15.994
1.175,0,0,125,15.967
1.2,0,0,125,15.9396
1.225,0,0,125,15.9119
1.25,0,0,125,15.8839
1.275,0,0,125,15.8555
1.3,0,0,125,15.8268
1.325,0,0,125,15.7978
1.35,0,0,125,15.7684
1.375,0,0,125,15.7387
1.4,0,0,125,15.7087
1.425,0,0,125,15.6783
1.45,0,0,125,15.6476
1.475,0,0,125,15.6166
1.5,0,0,125,15.5852
1.525,0,0,125,15.5535
1.55,0,0,125,15.5215
1.575,0,0,125,15.4891
1.6,0,0,125,15.4563
1.625,0,0,125,15.4232
1.65,0,0,125,15.3898
1.675,0,0,125,15.3559
1.7,0,0,125,15.3217
1.725,0,0,125,15.2872
1.75,0,0,125,15.2522
1.775,0,0,125,15.2169
1.8,0,0,125,15.1811
1.825,0,0,125,15.145
1.85,0,0,125,15.1085
1.875,0,0,125,15.0715
1.9,0,0,125,15.0342
1.925,0,0,125,14.9964
1.95,0,0,125,14.9582
1.975,0,0,125,14.9196
2,0,0,125,14.8805
2.025,0,0,125,14.841
2.05,0,0,125,14.8011
2.075,0,0,125,14.7607
2.1,0,0,125,14.7198
2.125,0,0,125,14.6785
2.15,0,0,125,14.6367
2.175,0,0,125,14.5944
2.2,0,0,125,14.5517
2.225,0,0,125,14.5085
2.25,0,0,125,14.4648
2.275,0,0,125,14.4206
2.3,0,0,125,14.3759
2.325,0,0,125,14.3307
2.35,0,0,125,14.285
2.375,0,0,125,14.2388
2.4,0,0,125,14.1922
2.425,0,0,125,14.145
2.45,0,0,125,14.0973
2.475,0,0,125,14.049
2.5,0,0,125,14.0003
2.525,0,0,125,13.9511
2.55,0,0,125,13.9013
2.575,0,0,125,13.851
2.6,0,0,125,13.8002
2.625,0,0,125,13.7489
2.65,0,0,125,13.697
2.675,0,0,125,13.6447
2.7,0,0,125,13.5918
2.725,0,0,125,13.5384
2.75,0,0,125,13.4845
2.775,0,0,125,13.4301
2.8,0,0,125,13.3751
2.825,0,0,125,13.3197
2.85,0,0,125,13.2638
2.875,0,0,125,13.2073
2.9,0,0,125,13.1504
2.925,0,0,125,13.093
2.95,0,0,125,13.0351
2.975,0,0,125,12.9767
3,0,0,125,12.9178
3.025,0,0,125,12.8585
3.05,0,0,125,12.7988
3.075,0,0,125,12.7386
3.1,0,0,125,12.678
3.125,0,0,125,12.617
3.15,0,0,125,12.5557
3.175,0,0,125,12.4939
3.2,0,0,125,12.4318
3.225,0,0,125,12.3694
3.25,0,0,125,12.3066
3.275,0,0,125,12.2436
3.3,0,0,125,12.1803
3.325,0,0,125,12.1167
3.35,0,0,125,12.053
3.375,0,0,125,11.9891
3.4,0,0,125,11.925
3.425,0,0,125,11.8608
3.45,0,0,125,11.7966
3.475,0,0,125,11.7323
3.5,0,0,125,11.6681
3.525,0,0,125,11.6039
3.55,0,0,125,11.5398
3.575,0,0,125,11.4758
3.6,0,0,125,11.4121
3.625,0,0,125,11.3486
3.65,0,0,125,11.2853
3.675,0,0,125,11.2225
3.7,0,0,125,11.1601
3.725,0,0,125,11.0981
3.75,0,0,125,11.0367
3.775,0,0,125,10.9758
3.8,0,0,125,10.9156
3.825,0,0,125,10.8561
3.85,0,0,125,10.7974
3.875,0,0,125,10.7396
3.9,0,0,125,10.6826
3.925,0,0,125,10.6265
3.95,0,0,125,10.5715
3.975,0,0,125,10.5175
4,0,0,125,10.4647
4.025,0,0,125,10.4129
4.05,0,0,125,10.3625
4.075,0,0,125,10.3132
4.1,0,0,125,10.2653
4.125,0,0,125,10.2186
4.15,0,0,125,10.1733
4.175,0,0,125,10.1294
4.2,0,0,125,10.0869
4.225,0,0,125,10.0458
4.25,0,0,125,10.0061
4.275,0,0,125,9.96777
4.3,0,0,125,9.93086
4.325,0,0,125,9.89533
4.35,0,0,125,9.86115
4.375,0,0,125,9.82831
4.4,0,0,125,9.79676
4.425,0,0,125,9.76646
4.45,0,0,125,9.73736
4.475,0,0,125,9.70942
4.5,0,0,125,9.68258
4.525,0,0,125,9.65678
4.55,0,0,125,9.63197
4.575,0,0,125,9.60808
4.6,0,0,125,9.58506
4.625,0,0,125,9.56287
4.65,0,0,125,9.54146
4.675,0,0,125,9.5208
4.7,0,0,125,9.50088
4.725,0,0,125,9.48172
4.75,0,0,125,9.46334
4.775,0,0,125,9.44581
4.8,0,0,125,9.42924
4.825,0,0,125,9.41376
4.85,0,0,125,9.39954
4.875,0,0,125,9.3868
4.9,0,0,125,9.37576
4.925,0,0,125,9.36664
4.95,0,0,125,9.35965
4.975,0,0,125,9.35492
5,0,0,125,9.35253
