0,0,0,125,-25.8035
0.025,0,0,125,-25.7994
0.05,0,0,125,-25.7912
0.075,0,0,125,-25.7794
0.1,0,0,125,-25.7643
0.125,0,0,125,-25.7465
0.15,0,0,125,-25.7265
0.175,0,0,125,-25.7047
0.2,0,0,125,-25.6817
0.225,0,0,125,-25.6575
0.25,0,0,125,-25.6326
0.275,0,0,125,-25.6071
0.3,0,0,125,-25.5813
0.325,0,0,125,-25.5554
0.35,0,0,125,-25.5297
0.375,0,0,125,-25.5043
0.4,0,0,125,-25.4796
0.425,0,0,125,-25.4557
0.45,0,0,125,-25.4328
0.475,0,0,125,-25.4113
0.5,0,0,125,-25.3912
0.525,0,0,125,-25.3728
0.55,0,0,125,-25.3564
0.575,0,0,125,-25.3421
0.6,0,0,125,-25.3302
0.625,0,0,125,-25.3209
0.65,0,0,125,-25.3145
0.675,0,0,125,-25.311
0.7,0,0,125,-25.3109
0.725,0,0,125,-25.3142
0.75,0,0,125,-25.3213
0.775,0,0,125,-25.3323
0.8,0,0,125,-25.3476
0.825,0,0,125,-25.3672
0.85,0,0,125,-25.3916
0.875,0,0,125,-25.4209
0.9,0,0,125,-25.4554
0.925,0,0,125,-25.4953
0.95,0,0,125,-25.541
0.975,0,0,125,-25.5926
1,0,0,125,-25.6505
1.025,0,0,125,-25.715
1.05,0,0,125,-25.7862
1.075,0,0,125,-25.8646
1.1,0,0,125,-25.9504
1.125,0,0,125,-26.0439
1.15,0,0,125,-26.1454
1.175,0,0,125,-26.2553
1.2,0,0,125,-26.3738
1.225,0,0,125,-26.5014
1.25,0,0,125,-26.6383
1.275,0,0,125,-26.7849
1.3,0,0,125,-26.9416
1.325,0,0,125,-27.1087
1.35,0,0,125,-27.2866
1.375,0,0,125,-27.4756
1.4,0,0,125,-27.6763
1.425,0,0,125,-27.8889
1.45,0,0,125,-28.1139
1.475,0,0,125,-28.3517
1.5,0,0,125,-28.6028
1.525,0,0,125,-28.8675
1.55,0,0,125,-29.1463
1.575,0,0,125,-29.4397
1.6,0,0,125,-29.7481
1.625,0,0,125,-30.072
1.65,0,0,125,-30.412
1.675,0,0,125,-30.7684
1.7,0,0,125,-31.1419
1.725,0,0,125,-31.5329
1.75,0,0,125,-31.942
1.775,0,0,125,-32.3697
1.8,0,0,125,-32.8165
1.825,0,0,125,-33.283
1.85,0,0,125,-33.7698
1.875,0,0,125,-34.2774
1.9,0,0,125,-34.8064
1.925,0,0,125,-35.3572
1.95,0,0,125,-35.9306
1.975,0,0,125,-36.5268
2,0,0,125,-37.1465
2.025,0,0,125,-37.7902
2.05,0,0,125,-38.4581
2.075,0,0,125,-39.1506
2.1,0,0,125,-39.8681
2.125,0,0,125,-40.6107
2.15,0,0,125,-41.3785
2.175,0,0,125,-42.1715
2.2,0,0,125,-42.9896
2.225,0,0,125,-43.8325
2.25,0,0,125,-44.6997
2.275,0,0,125,-45.5907
2.3,0,0,125,-46.5047
2.325,0,0,125,-47.4406
2.35,0,0,125,-48.3973
2.375,0,0,125,-49.3734
2.4,0,0,125,-50.3672
2.425,0,0,125,-51.3771
2.45,0,0,125,-52.4009
2.475,0,0,125,-53.4364
2.5,0,0,125,-54.4813
2.525,0,0,125,-55.5329
2.55,0,0,125,-56.5885
2.575,0,0,125,-57.6454
2.6,0,0,125,-58.7005
2.625,0,0,125,-59.751
2.65,0,0,125,-60.7938
2.675,0,0,125,-61.826
2.7,0,0,125,-62.8446
2.725,0,0,125,-63.8468
2.75,0,0,125,-64.8299
2.775,0,0,125,-65.7914
2.8,0,0,125,-66.7289
2.825,0,0,125,-67.6403
2.85,0,0,125,-68.5236
2.875,0,0,125,-69.3773
2.9,0,0,125,-70.2
2.925,0,0,125,-70.9905
2.95,0,0,125,-71.748
2.975,0,0,125,-72.4719
3,0,0,125,-73.1619
3.025,0,0,125,-73.818
3.05,0,0,125,-74.4403
3.075,0,0,125,-75.0291
3.1,0,0,125,-75.585
3.125,0,0,125,-76.1088
3.15,0,0,125,-76.6012
3.175,0,0,125,-77.0633
3.2,0,0,125,-77.4962
3.225,0,0,125,-77.9009
3.25,0,0,125,-78.2788
3.275,0,0,125,-78.6311
3.3,0,0,125,-78.9591
3.325,0,0,125,-79.2641
3.35,0,0,125,-79.5472
3.375,0,0,125,-79.81
3.4,0,0,125,-80.0534
3.425,0,0,125,-80.2789
3.45,0,0,125,-80.4874
3.475,0,0,125,-80.6803
3.5,0,0,125,-80.8584
3.525,0,0,125,-81.023
3.55,0,0,125,-81.1748
3.575,0,0,125,-81.3149
3.6,0,0,125,-81.4441
3.625,0,0,125,-81.5633
3.65,0,0,125,-81.6731
3.675,0,0,125,-81.7743
3.7,0,0,125,-81.8676
3.725,0,0,125,-81.9535
3.75,0,0,125,-82.0327
3.775,0,0,125,-82.1057
3.8,0,0,125,-82.1729
3.825,0,0,125,-82.2349
3.85,0,0,125,-82.2919
3.875,0,0,125,-82.3445
3.9,0,0,125,-82.393
3.925,0,0,125,-82.4377
3.95,0,0,125,-82.4788
3.975,0,0,125,-82.5168
4,0,0,125,-82.5518
4.025,0,0,125,-82.584
4.05,0,0,125,-82.6138
4.075,0,0,125,-82.6412
4.1,0,0,125,-82.6665
4.125,0,0,125,-82.6898
4.15,0,0,125,-82.7113
4.175,0,0,125,-82.7311
4.2,0,0,125,-82.7493
4.225,0,0,125,-82.7661
4.25,0,0,125,-82.7816
4.275,0,0,125,-82.7959
4.3,0,0,125,-82.8091
4.325,0,0,125,-82.8211
4.35,0,0,125,-82.8323
4.375,0,0,125,-82.8425
4.4,0,0,125,-82.8518
4.425,0,0,125,-82.8604
4.45,0,0,125,-82.8683
4.475,0,0,125,-82.8755
4.5,0,0,125,-82.8821
4.525,0,0,125,-82.8881
4.55,0,0,125,-82.8936
4.575,0,0,125,-82.8985
4.6,0,0,125,-82.903
4.625,0,0,125,-82.9071
4.65,0,0,125,-82.9107
4.675,0,0,125,-82.914
4.7,0,0,125,-82.9169
4.725,0,0,125,-82.9195
4.75,0,0,125,-82.9217
4.775,0,0,125,-82.9237
4.8,0,0,125,-82.9254
4.825,0,0,125,-82.9268
4.85,0,0,125,-82.928
4.875,0,0,125,-82.9289
4.9,0,0,125,-82.9297
4.925,0,0,125,-82.9302
4.95,0,0,125,-82.9306
4.975,0,0,125,-82.9309
5,0,0,125,-82.9311
