0,0,0,125,-83.4267
0.025,0,0,125,-83.4271
0.05,0,0,125,-83.428
0.075,0,0,125,-83.4292
0.1,0,0,125,-83.4307
0.125,0,0,125,-83.4325
0.15,0,0,125,-83.4343
0.175,0,0,125,-83.4362
0.2,0,0,125,-83.4382
0.225,0,0,125,-83.4402
0.25,0,0,125,-83.4421
0.275,0,0,125,-83.4439
0.3,0,0,125,-83.4456
0.325,0,0,125,-83.4473
0.35,0,0,125,-83.4488
0.375,0,0,125,-83.4502
0.4,0,0,125,-83.4515
0.425,0,0,125,-83.4526
0.45,0,0,125,-83.4535
0.475,0,0,125,-83.4542
0.5,0,0,125,-83.4548
0.525,0,0,125,-83.4552
0.55,0,0,125,-83.4553
0.575,0,0,125,-83.4553
0.6,0,0,125,-83.455
0.625,0,0,125,-83.4546
0.65,0,0,125,-83.4539
0.675,0,0,125,-83.453
0.7,0,0,125,-83.4518
0.725,0,0,125,-83.4504
0.75,0,0,125,-83.4488
0.775,0,0,125,-83.4469
0.8,0,0,125,-83.4447
0.825,0,0,125,-83.4423
0.85,0,0,125,-83.4396
0.875,0,0,125,-83.4366
0.9,0,0,125,-83.4333
0.925,0,0,125,-83.4298
0.95,0,0,125,-83.4259
0.975,0,0,125,-83.4217
1,0,0,125,-83.4172
1.025,0,0,125,-83.4124
1.05,0,0,125,-83.4072
1.075,0,0,125,-83.4017
1.1,0,0,125,-83.3958
1.125,0,0,125,-83.3896
1.15,0,0,125,-83.383
1.175,0,0,125,-83.376
1.2,0,0,125,-83.3686
1.225,0,0,125,-83.3608
1.25,0,0,125,-83.3527
1.275,0,0,125,-83.3441
1.3,0,0,125,-83.3351
1.325,0,0,125,-83.3256
1.35,0,0,125,-83.3158
1.375,0,0,125,-83.3054
1.4,0,0,125,-83.2946
1.425,0,0,125,-83.2833
1.45,0,0,125,-83.2716
1.475,0,0,125,-83.2593
1.5,0,0,125,-83.2466
1.525,0,0,125,-83.2333
1.55,0,0,125,-83.2194
1.575,0,0,125,-83.205
1.6,0,0,125,-83.1901
1.625,0,0,125,-83.1746
1.65,0,0,125,-83.1584
1.675,0,0,125,-83.1417
1.7,0,0,125,-83.1243
1.725,0,0,125,-83.1062
1.75,0,0,125,-83.0875
1.775,0,0,125,-83.068
1.8,0,0,125,-83.0477
1.825,0,0,125,-83.0267
1.85,0,0,125,-83.0049
1.875,0,0,125,-82.9822
1.9,0,0,125,-82.9585
1.925,0,0,125,-82.9339
1.95,0,0,125,-82.9082
1.975,0,0,125,-82.8814
2,0,0,125,-82.8534
2.025,0,0,125,-82.8242
2.05,0,0,125,-82.7936
2.075,0,0,125,-82.7615
2.1,0,0,125,-82.7279
2.125,0,0,125,-82.6925
2.15,0,0,125,-82.6553
2.175,0,0,125,-82.6161
2.2,0,0,125,-82.5747
2.225,0,0,125,-82.531
2.25,0,0,125,-82.4848
2.275,0,0,125,-82.4358
2.3,0,0,125,-82.3838
2.325,0,0,125,-82.3285
2.35,0,0,125,-82.2698
2.375,0,0,125,-82.2073
2.4,0,0,125,-82.1407
2.425,0,0,125,-82.0696
2.45,0,0,125,-81.9938
2.475,0,0,125,-81.9128
2.5,0,0,125,-81.8263
2.525,0,0,125,-81.7338
2.55,0,0,125,-81.6349
2.575,0,0,125,-81.5292
2.6,0,0,125,-81.4161
2.625,0,0,125,-81.2951
2.65,0,0,125,-81.1658
2.675,0,0,125,-81.0276
2.7,0,0,125,-80.88
2.725,0,0,125,-80.7223
2.75,0,0,125,-80.5541
2.775,0,0,125,-80.3746
2.8,0,0,125,-80.1835
2.825,0,0,125,-79.98
2.85,0,0,125,-79.7635
2.875,0,0,125,-79.5336
2.9,0,0,125,-79.2896
2.925,0,0,125,-79.031
2.95,0,0,125,-78.7573
2.975,0,0,125,-78.468
3,0,0,125,-78.1627
3.025,0,0,125,-77.8409
3.05,0,0,125,-77.5022
3.075,0,0,125,-77.1465
3.1,0,0,125,-76.7733
3.125,0,0,125,-76.3827
3.15,0,0,125,-75.9744
3.175,0,0,125,-75.5484
3.2,0,0,125,-75.1047
3.225,0,0,125,-74.6437
3.25,0,0,125,-74.1653
3.275,0,0,125,-73.6701
3.3,0,0,125,-73.1583
3.325,0,0,125,-72.6306
3.35,0,0,125,-72.0874
3.375,0,0,125,-71.5296
3.4,0,0,125,-70.9579
3.425,0,0,125,-70.3731
3.45,0,0,125,-69.7763
3.475,0,0,125,-69.1684
3.5,0,0,125,-68.5505
3.525,0,0,125,-67.9238
3.55,0,0,125,-67.2895
3.575,0,0,125,-66.6487
3.6,0,0,125,-66.0029
3.625,0,0,125,-65.3532
3.65,0,0,125,-64.701
3.675,0,0,125,-64.0476
3.7,0,0,125,-63.3943
3.725,0,0,125,-62.7423
3.75,0,0,125,-62.093
3.775,0,0,125,-61.4476
3.8,0,0,125,-60.8071
3.825,0,0,125,-60.1729
3.85,0,0,125,-59.5459
3.875,0,0,125,-58.9272
3.9,0,0,125,-58.3177
3.925,0,0,125,-57.7184
3.95,0,0,125,-57.1301
3.975,0,0,125,-56.5534
4,0,0,125,-55.9892
4.025,0,0,125,-55.438
4.05,0,0,125,-54.9003
4.075,0,0,125,-54.3767
4.1,0,0,125,-53.8675
4.125,0,0,125,-53.3732
4.15,0,0,125,-52.8938
4.175,0,0,125,-52.4298
4.2,0,0,125,-51.9812
4.225,0,0,125,-51.5482
4.25,0,0,125,-51.1308
4.275,0,0,125,-50.7291
4.3,0,0,125,-50.343
4.325,0,0,125,-49.9725
4.35,0,0,125,-49.6175
4.375,0,0,125,-49.278
4.4,0,0,125,-48.9537
4.425,0,0,125,-48.6445
4.45,0,0,125,-48.3503
4.475,0,0,125,-48.0708
4.5,0,0,125,-47.806
4.525,0,0,125,-47.5555
4.55,0,0,125,-47.3192
4.575,0,0,125,-47.0969
4.6,0,0,125,-46.8883
4.625,0,0,125,-46.6933
4.65,0,0,125,-46.5117
4.675,0,0,125,-46.3432
4.7,0,0,125,-46.1878
4.725,0,0,125,-46.0451
4.75,0,0,125,-45.9151
4.775,0,0,125,-45.7976
4.8,0,0,125,-45.6924
4.825,0,0,125,-45.5994
4.85,0,0,125,-45.5185
4.875,0,0,125,-45.4494
4.9,0,0,125,-45.3922
4.925,0,0,125,-45.3466
4.95,0,0,125,-45.3125
4.975,0,0,125,-45.2899
5,0,0,125,-45.2785
