0,0,0,125,-82.6914
0.025,0,0,125,-82.6917
0.05,0,0,125,-82.6924
0.075,0,0,125,-82.6933
0.1,0,0,125,-82.6944
0.125,0,0,125,-82.6957
0.15,0,0,125,-82.697
0.175,0,0,125,-82.6983
0.2,0,0,125,-82.6996
0.225,0,0,125,-82.7008
0.25,0,0,125,-82.702
0.275,0,0,125,-82.7031
0.3,0,0,125,-82.7041
0.325,0,0,125,-82.705
0.35,0,0,125,-82.7059
0.375,0,0,125,-82.7066
0.4,0,0,125,-82.7073
0.425,0,0,125,-82.7079
0.45,0,0,125,-82.7084
0.475,0,0,125,-82.7088
0.5,0,0,125,-82.7091
0.525,0,0,125,-82.7093
0.55,0,0,125,-82.7095
0.575,0,0,125,-82.7096
0.6,0,0,125,-82.7096
0.625,0,0,125,-82.7095
0.65,0,0,125,-82.7094
0.675,0,0,125,-82.7092
0.7,0,0,125,-82.7089
0.725,0,0,125,-82.7086
0.75,0,0,125,-82.7082
0.775,0,0,125,-82.7077
0.8,0,0,125,-82.7072
0.825,0,0,125,-82.7066
0.85,0,0,125,-82.706
0.875,0,0,125,-82.7053
0.9,0,0,125,-82.7045
0.925,0,0,125,-82.7037
0.95,0,0,125,-82.7029
0.975,0,0,125,-82.702
1,0,0,125,-82.701
1.025,0,0,125,-82.7
1.05,0,0,125,-82.699
1.075,0,0,125,-82.6979
1.1,0,0,125,-82.6968
1.125,0,0,125,-82.6956
1.15,0,0,125,-82.6944
1.175,0,0,125,-82.6931
1.2,0,0,125,-82.6919
1.225,0,0,125,-82.6905
1.25,0,0,125,-82.6892
1.275,0,0,125,-82.6878
1.3,0,0,125,-82.6863
1.325,0,0,125,-82.6849
1.35,0,0,125,-82.6833
1.375,0,0,125,-82.6818
1.4,0,0,125,-82.6802
1.425,0,0,125,-82.6786
1.45,0,0,125,-82.6769
1.475,0,0,125,-82.6753
1.5,0,0,125,-82.6735
1.525,0,0,125,-82.6718
1.55,0,0,125,-82.67
1.575,0,0,125,-82.6682
1.6,0,0,125,-82.6663
1.625,0,0,125,-82.6644
1.65,0,0,125,-82.6625
1.675,0,0,125,-82.6605
1.7,0,0,125,-82.6585
1.725,0,0,125,-82.6565
1.75,0,0,125,-82.6544
1.775,0,0,125,-82.6524
1.8,0,0,125,-82.6502
1.825,0,0,125,-82.6481
1.85,0,0,125,-82.6459
1.875,0,0,125,-82.6437
1.9,0,0,125,-82.6414
1.925,0,0,125,-82.6391
1.95,0,0,125,-82.6368
1.975,0,0,125,-82.6344
2,0,0,125,-82.632
2.025,0,0,125,-82.6296
2.05,0,0,125,-82.6271
2.075,0,0,125,-82.6246
2.1,0,0,125,-82.6221
2.125,0,0,125,-82.6195
2.15,0,0,125,-82.6169
2.175,0,0,125,-82.6143
2.2,0,0,125,-82.6116
2.225,0,0,125,-82.6089
2.25,0,0,125,-82.6061
2.275,0,0,125,-82.6034
2.3,0,0,125,-82.6005
2.325,0,0,125,-82.5977
2.35,0,0,125,-82.5948
2.375,0,0,125,-82.5918
2.4,0,0,125,-82.5889
2.425,0,0,125,-82.5858
2.45,0,0,125,-82.5828
2.475,0,0,125,-82.5797
2.5,0,0,125,-82.5766
2.525,0,0,125,-82.5734
2.55,0,0,125,-82.5702
2.575,0,0,125,-82.5669
2.6,0,0,125,-82.5636
2.625,0,0,125,-82.5603
2.65,0,0,125,-82.5569
2.675,0,0,125,-82.5534
2.7,0,0,125,-82.55
2.725,0,0,125,-82.5464
2.75,0,0,125,-82.5429
2.775,0,0,125,-82.5393
2.8,0,0,125,-82.5356
2.825,0,0,125,-82.5319
2.85,0,0,125,-82.5282
2.875,0,0,125,-82.5244
2.9,0,0,125,-82.5206
2.925,0,0,125,-82.5167
2.95,0,0,125,-82.5127
2.975,0,0,125,-82.5088
3,0,0,125,-82.5047
3.025,0,0,125,-82.5007
3.05,0,0,125,-82.4965
3.075,0,0,125,-82.4924
3.1,0,0,125,-82.4882
3.125,0,0,125,-82.4839
3.15,0,0,125,-82.4796
3.175,0,0,125,-82.4753
3.2,0,0,125,-82.4709
3.225,0,0,125,-82.4664
3.25,0,0,125,-82.4619
3.275,0,0,125,-82.4574
3.3,0,0,125,-82.4528
3.325,0,0,125,-82.4482
3.35,0,0,125,-82.4436
3.375,0,0,125,-82.4389
3.4,0,0,125,-82.4341
3.425,0,0,125,-82.4294
3.45,0,0,125,-82.4246
3.475,0,0,125,-82.4197
3.5,0,0,125,-82.4149
3.525,0,0,125,-82.41
3.55,0,0,125,-82.405
3.575,0,0,125,-82.4
3.6,0,0,125,-82.395
3.625,0,0,125,-82.39
3.65,0,0,125,-82.3849
3.675,0,0,125,-82.3798
3.7,0,0,125,-82.3747
3.725,0,0,125,-82.3695
3.75,0,0,125,-82.3644
3.775,0,0,125,-82.3592
3.8,0,0,125,-82.354
3.825,0,0,125,-82.3489
3.85,0,0,125,-82.3437
3.875,0,0,125,-82.3385
3.9,0,0,125,-82.3332
3.925,0,0,125,-82.3281
3.95,0,0,125,-82.3229
3.975,0,0,125,-82.3177
4,0,0,125,-82.3125
4.025,0,0,125,-82.3074
4.05,0,0,125,-82.3022
4.075,0,0,125,-82.2971
4.1,0,0,125,-82.2921
4.125,0,0,125,-82.2871
4.15,0,0,125,-82.2821
4.175,0,0,125,-82.2771
4.2,0,0,125,-82.2722
4.225,0,0,125,-82.2674
4.25,0,0,125,-82.2626
4.275,0,0,125,-82.2579
4.3,0,0,125,-82.2533
4.325,0,0,125,-82.2487
4.35,0,0,125,-82.2443
4.375,0,0,125,-82.2399
4.4,0,0,125,-82.2356
4.425,0,0,125,-82.2315
4.45,0,0,125,-82.2274
4.475,0,0,125,-82.2234
4.5,0,0,125,-82.2196
4.525,0,0,125,-82.2159
4.55,0,0,125,-82.2123
4.575,0,0,125,-82.2089
4.6,0,0,125,-82.2056
4.625,0,0,125,-82.2024
4.65,0,0,125,-82.1994
4.675,0,0,125,-82.1966
4.7,0,0,125,-82.1939
4.725,0,0,125,-82.1914
4.75,0,0,125,-82.1891
4.775,0,0,125,-82.187
4.8,0,0,125,-82.1851
4.825,0,0,125,-82.1833
4.85,0,0,125,-82.1818
4.875,0,0,125,-82.1804
4.9,0,0,125,-82.1793
4.925,0,0,125,-82.1784
4.95,0,0,125,-82.1777
4.975,0,0,125,-82.1772
5,0,0,125,-82.177
