0,0,0,125,-84.4713
0.025,0,0,125,-84.4713
0.05,0,0,125,-84.4714
0.075,0,0,125,-84.4715
0.1,0,0,125,-84.4716
0.125,0,0,125,-84.4717
0.15,0,0,125,-84.4719
0.175,0,0,125,-84.472
0.2,0,0,125,-84.4721
0.225,0,0,125,-84.4723
0.25,0,0,125,-84.4725
0.275,0,0,125,-84.4726
0.3,0,0,125,-84.4728
0.325,0,0,125,-84.473
0.35,0,0,125,-84.4732
0.375,0,0,125,-84.4733
0.4,0,0,125,-84.4735
0.425,0,0,125,-84.4737
0.45,0,0,125,-84.4738
0.475,0,0,125,-84.4739
0.5,0,0,125,-84.4741
0.525,0,0,125,-84.4742
0.55,0,0,125,-84.4743
0.575,0,0,125,-84.4745
0.6,0,0,125,-84.4746
0.625,0,0,125,-84.4747
0.65,0,0,125,-84.4748
0.675,0,0,125,-84.475
0.7,0,0,125,-84.4751
0.725,0,0,125,-84.4752
0.75,0,0,125,-84.4753
0.775,0,0,125,-84.4754
0.8,0,0,125,-84.4755
0.825,0,0,125,-84.4757
0.85,0,0,125,-84.4758
0.875,0,0,125,-84.4759
0.9,0,0,125,-84.476
0.925,0,0,125,-84.4761
0.95,0,0,125,-84.4763
0.975,0,0,125,-84.4764
1,0,0,125,-84.4765
1.025,0,0,125,-84.4766
1.05,0,0,125,-84.4768
1.075,0,0,125,-84.4769
1.1,0,0,125,-84.477
1.125,0,0,125,-84.4772
1.15,0,0,125,-84.4773
1.175,0,0,125,-84.4774
1.2,0,0,125,-84.4776
1.225,0,0,125,-84.4777
1.25,0,0,125,-84.4779
1.275,0,0,125,-84.478
1.3,0,0,125,-84.4782
1.325,0,0,125,-84.4783
1.35,0,0,125,-84.4785
1.375,0,0,125,-84.4787
1.4,0,0,125,-84.4788
1.425,0,0,125,-84.479
1.45,0,0,125,-84.4792
1.475,0,0,125,-84.4793
1.5,0,0,125,-84.4795
1.525,0,0,125,-84.4797
1.55,0,0,125,-84.4799
1.575,0,0,125,-84.4801
1.6,0,0,125,-84.4803
1.625,0,0,125,-84.4805
1.65,0,0,125,-84.4807
1.675,0,0,125,-84.4809
1.7,0,0,125,-84.4811
1.725,0,0,125,-84.4813
1.75,0,0,125,-84.4815
1.775,0,0,125,-84.4818
1.8,0,0,125,-84.482
1.825,0,0,125,-84.4823
1.85,0,0,125,-84.4825
1.875,0,0,125,-84.4828
1.9,0,0,125,-84.4831
1.925,0,0,125,-84.4834
1.95,0,0,125,-84.4837
1.975,0,0,125,-84.484
2,0,0,125,-84.4843
2.025,0,0,125,-84.4846
2.05,0,0,125,-84.485
2.075,0,0,125,-84.4853
2.1,0,0,125,-84.4857
2.125,0,0,125,-84.4861
2.15,0,0,125,-84.4864
2.175,0,0,125,-84.4868
2.2,0,0,125,-84.4872
2.225,0,0,125,-84.4876
2.25,0,0,125,-84.488
2.275,0,0,125,-84.4885
2.3,0,0,125,-84.4889
2.325,0,0,125,-84.4894
2.35,0,0,125,-84.4898
2.375,0,0,125,-84.4903
2.4,0,0,125,-84.4907
2.425,0,0,125,-84.4912
2.45,0,0,125,-84.4917
2.475,0,0,125,-84.4922
2.5,0,0,125,-84.4927
2.525,0,0,125,-84.4932
2.55,0,0,125,-84.4938
2.575,0,0,125,-84.4943
2.6,0,0,125,-84.4949
2.625,0,0,125,-84.4954
2.65,0,0,125,-84.496
2.675,0,0,125,-84.4966
2.7,0,0,125,-84.4971
2.725,0,0,125,-84.4977
2.75,0,0,125,-84.4984
2.775,0,0,125,-84.499
2.8,0,0,125,-84.4996
2.825,0,0,125,-84.5002
2.85,0,0,125,-84.5008
2.875,0,0,125,-84.5014
2.9,0,0,125,-84.5019
2.925,0,0,125,-84.5025
2.95,0,0,125,-84.5031
2.975,0,0,125,-84.5037
3,0,0,125,-84.5042
3.025,0,0,125,-84.5048
3.05,0,0,125,-84.5054
3.075,0,0,125,-84.506
3.1,0,0,125,-84.5066
3.125,0,0,125,-84.5071
3.15,0,0,125,-84.5077
3.175,0,0,125,-84.5083
3.2,0,0,125,-84.5089
3.225,0,0,125,-84.5094
3.25,0,0,125,-84.51
3.275,0,0,125,-84.5105
3.3,0,0,125,-84.5111
3.325,0,0,125,-84.5116
3.35,0,0,125,-84.5121
3.375,0,0,125,-84.5126
3.4,0,0,125,-84.5132
3.425,0,0,125,-84.5137
3.45,0,0,125,-84.5141
3.475,0,0,125,-84.5146
3.5,0,0,125,-84.5151
3.525,0,0,125,-84.5155
3.55,0,0,125,-84.516
3.575,0,0,125,-84.5164
3.6,0,0,125,-84.5168
3.625,0,0,125,-84.5172
3.65,0,0,125,-84.5177
3.675,0,0,125,-84.518
3.7,0,0,125,-84.5184
3.725,0,0,125,-84.5188
3.75,0,0,125,-84.5192
3.775,0,0,125,-84.5195
3.8,0,0,125,-84.5199
3.825,0,0,125,-84.5202
3.85,0,0,125,-84.5205
3.875,0,0,125,-84.5208
3.9,0,0,125,-84.5211
3.925,0,0,125,-84.5214
3.95,0,0,125,-84.5217
3.975,0,0,125,-84.522
4,0,0,125,-84.5222
4.025,0,0,125,-84.5225
4.05,0,0,125,-84.5227
4.075,0,0,125,-84.5229
4.1,0,0,125,-84.5231
4.125,0,0,125,-84.5234
4.15,0,0,125,-84.5236
4.175,0,0,125,-84.5237
4.2,0,0,125,-84.5239
4.225,0,0,125,-84.5241
4.25,0,0,125,-84.5242
4.275,0,0,125,-84.5244
4.3,0,0,125,-84.5245
4.325,0,0,125,-84.5247
4.35,0,0,125,-84.5248
4.375,0,0,125,-84.5249
4.4,0,0,125,-84.525
4.425,0,0,125,-84.5251
4.45,0,0,125,-84.5251
4.475,0,0,125,-84.5252
4.5,0,0,125,-84.5253
4.525,0,0,125,-84.5253
4.55,0,0,125,-84.5254
4.575,0,0,125,-84.5254
4.6,0,0,125,-84.5255
4.625,0,0,125,-84.5255
4.65,0,0,125,-84.5255
4.675,0,0,125,-84.5256
4.7,0,0,125,-84.5256
4.725,0,0,125,-84.5256
4.75,0,0,125,-84.5256
4.775,0,0,125,-84.5256
4.8,0,0,125,-84.5256
4.825,0,0,125,-84.5256
4.85,0,0,125,-84.5256
4.875,0,0,125,-84.5256
4.9,0,0,125,-84.5255
4.925,0,0,125,-84.5255
4.95,0,0,125,-84.5254
4.975,0,0,125,-84.5254
5,0,0,125,-84.5254
