0,0,0,125,-7.70223
0.025,0,0,125,-7.69797
0.05,0,0,125,-7.68959
0.075,0,0,125,-7.67742
0.1,0,0,125,-7.66194
0.125,0,0,125,-7.64369
0.15,0,0,125,-7.62323
0.175,0,0,125,-7.60103
0.2,0,0,125,-7.5774
0.225,0,0,125,-7.5526
0.25,0,0,125,-7.52683
0.275,0,0,125,-7.50027
0.3,0,0,125,-7.47313
0.325,0,0,125,-7.44555
0.35,0,0,125,-7.4177
0.375,0,0,125,-7.38975
0.4,0,0,125,-7.36183
0.425,0,0,125,-7.33411
0.45,0,0,125,-7.3067
0.475,0,0,125,-7.27974
0.5,0,0,125,-7.25338
0.525,0,0,125,-7.22773
0.55,0,0,125,-7.20292
0.575,0,0,125,-7.17908
0.6,0,0,125,-7.1563
0.625,0,0,125,-7.13472
0.65,0,0,125,-7.11444
0.675,0,0,125,-7.09557
0.7,0,0,125,-7.07824
0.725,0,0,125,-7.06255
0.75,0,0,125,-7.04862
0.775,0,0,125,-7.03655
0.8,0,0,125,-7.02646
0.825,0,0,125,-7.01846
0.85,0,0,125,-7.01268
0.875,0,0,125,-7.00922
0.9,0,0,125,-7.0082
0.925,0,0,125,-7.00975
0.95,0,0,125,-7.01399
0.975,0,0,125,-7.02103
1,0,0,125,-7.031
1.025,0,0,125,-7.04404
1.05,0,0,125,-7.06026
1.075,0,0,125,-7.07981
1.1,0,0,125,-7.10283
1.125,0,0,125,-7.12944
1.15,0,0,125,-7.1598
1.175,0,0,125,-7.19405
1.2,0,0,125,-7.23235
1.225,0,0,125,-7.27483
1.25,0,0,125,-7.32168
1.275,0,0,125,-7.37303
1.3,0,0,125,-7.42906
1.325,0,0,125,-7.48994
1.35,0,0,125,-7.55584
1.375,0,0,125,-7.62694
1.4,0,0,125,-7.70341
1.425,0,0,125,-7.78544
1.45,0,0,125,-7.87321
1.475,0,0,125,-7.96692
1.5,0,0,125,-8.06676
1.525,0,0,125,-8.17292
1.55,0,0,125,-8.28562
1.575,0,0,125,-8.40504
1.6,0,0,125,-8.53141
1.625,0,0,125,-8.66494
1.65,0,0,125,-8.80585
1.675,0,0,125,-8.95434
1.7,0,0,125,-9.11066
1.725,0,0,125,-9.27503
1.75,0,0,125,-9.44768
1.775,0,0,125,-9.62887
1.8,0,0,125,-9.81883
1.825,0,0,125,-10.0178
1.85,0,0,125,-10.2261
1.875,0,0,125,-10.444
1.9,0,0,125,-10.6717
1.925,0,0,125,-10.9096
1.95,0,0,125,-11.1578
1.975,0,0,125,-11.4169
2,0,0,125,-11.6869
2.025,0,0,125,-11.9684
2.05,0,0,125,-12.2616
2.075,0,0,125,-12.567
2.1,0,0,125,-12.8847
2.125,0,0,125,-13.2153
2.15,0,0,125,-13.5592
2.175,0,0,125,-13.9167
2.2,0,0,125,-14.2882
2.225,0,0,125,-14.6742
2.25,0,0,125,-15.0752
2.275,0,0,125,-15.4915
2.3,0,0,125,-15.9237
2.325,0,0,125,-16.3723
2.35,0,0,125,-16.8376
2.375,0,0,125,-17.3202
2.4,0,0,125,-17.8206
2.425,0,0,125,-18.3393
2.45,0,0,125,-18.8769
2.475,0,0,125,-19.4337
2.5,0,0,125,-20.0104
2.525,0,0,125,-20.6074
2.55,0,0,125,-21.2252
2.575,0,0,125,-21.8644
2.6,0,0,125,-22.5255
2.625,0,0,125,-23.2089
2.65,0,0,125,-23.9152
2.675,0,0,125,-24.6449
2.7,0,0,125,-25.3983
2.725,0,0,125,-26.176
2.75,0,0,125,-26.9785
2.775,0,0,125,-27.8062
2.8,0,0,125,-28.6595
2.825,0,0,125,-29.5388
2.85,0,0,125,-30.4446
2.875,0,0,125,-31.377
2.9,0,0,125,-32.3365
2.925,0,0,125,-33.3232
2.95,0,0,125,-34.3373
2.975,0,0,125,-35.3786
3,0,0,125,-36.4471
3.025,0,0,125,-37.5425
3.05,0,0,125,-38.6641
3.075,0,0,125,-39.8113
3.1,0,0,125,-40.9829
3.125,0,0,125,-42.1776
3.15,0,0,125,-43.3937
3.175,0,0,125,-44.6294
3.2,0,0,125,-45.8821
3.225,0,0,125,-47.1494
3.25,0,0,125,-48.4282
3.275,0,0,125,-49.7153
3.3,0,0,125,-51.0072
3.325,0,0,125,-52.3002
3.35,0,0,125,-53.5905
3.375,0,0,125,-54.874
3.4,0,0,125,-56.1468
3.425,0,0,125,-57.4049
3.45,0,0,125,-58.6445
3.475,0,0,125,-59.8617
3.5,0,0,125,-61.0531
3.525,0,0,125,-62.2155
3.55,0,0,125,-63.3458
3.575,0,0,125,-64.4415
3.6,0,0,125,-65.5003
3.625,0,0,125,-66.5204
3.65,0,0,125,-67.5002
3.675,0,0,125,-68.4387
3.7,0,0,125,-69.3351
3.725,0,0,125,-70.1891
3.75,0,0,125,-71.0007
3.775,0,0,125,-71.77
3.8,0,0,125,-72.4977
3.825,0,0,125,-73.1845
3.85,0,0,125,-73.8314
3.875,0,0,125,-74.4396
3.9,0,0,125,-75.0103
3.925,0,0,125,-75.545
3.95,0,0,125,-76.0451
3.975,0,0,125,-76.5122
4,0,0,125,-76.948
4.025,0,0,125,-77.3539
4.05,0,0,125,-77.7316
4.075,0,0,125,-78.0827
4.1,0,0,125,-78.4086
4.125,0,0,125,-78.711
4.15,0,0,125,-78.9913
4.175,0,0,125,-79.2508
4.2,0,0,125,-79.4909
4.225,0,0,125,-79.713
4.25,0,0,125,-79.9181
4.275,0,0,125,-80.1075
4.3,0,0,125,-80.2823
4.325,0,0,125,-80.4435
4.35,0,0,125,-80.5919
4.375,0,0,125,-80.7287
4.4,0,0,125,-80.8545
4.425,0,0,125,-80.9701
4.45,0,0,125,-81.0764
4.475,0,0,125,-81.1739
4.5,0,0,125,-81.2633
4.525,0,0,125,-81.3451
4.55,0,0,125,-81.42
4.575,0,0,125,-81.4884
4.6,0,0,125,-81.5507
4.625,0,0,125,-81.6074
4.65,0,0,125,-81.6589
4.675,0,0,125,-81.7054
4.7,0,0,125,-81.7474
4.725,0,0,125,-81.7851
4.75,0,0,125,-81.8187
4.775,0,0,125,-81.8486
4.8,0,0,125,-81.8748
4.825,0,0,125,-81.8977
4.85,0,0,125,-81.9173
4.875,0,0,125,-81.9338
4.9,0,0,125,-81.9474
4.925,0,0,125,-81.9581
4.95,0,0,125,-81.9661
4.975,0,0,125,-81.9713
5,0,0,125,-81.974
