0,0,0,125,-84.0726
0.025,0,0,125,-84.0727
0.05,0,0,125,-84.073
0.075,0,0,125,-84.0734
0.1,0,0,125,-84.0739
0.125,0,0,125,-84.0745
0.15,0,0,125,-84.0752
0.175,0,0,125,-84.0759
0.2,0,0,125,-84.0766
0.225,0,0,125,-84.0773
0.25,0,0,125,-84.0781
0.275,0,0,125,-84.0788
0.3,0,0,125,-84.0795
0.325,0,0,125,-84.0803
0.35,0,0,125,-84.0811
0.375,0,0,125,-84.0818
0.4,0,0,125,-84.0825
0.425,0,0,125,-84.0832
0.45,0,0,125,-84.0839
0.475,0,0,125,-84.0846
0.5,0,0,125,-84.0853
0.525,0,0,125,-84.0859
0.55,0,0,125,-84.0866
0.575,0,0,125,-84.0872
0.6,0,0,125,-84.0878
0.625,0,0,125,-84.0884
0.65,0,0,125,-84.0889
0.675,0,0,125,-84.0895
0.7,0,0,125,-84.0901
0.725,0,0,125,-84.0907
0.75,0,0,125,-84.0913
0.775,0,0,125,-84.0919
0.8,0,0,125,-84.0925
0.825,0,0,125,-84.0931
0.85,0,0,125,-84.0938
0.875,0,0,125,-84.0944
0.9,0,0,125,-84.095
0.925,0,0,125,-84.0957
0.95,0,0,125,-84.0964
0.975,0,0,125,-84.0971
1,0,0,125,-84.0978
1.025,0,0,125,-84.0985
1.05,0,0,125,-84.0992
1.075,0,0,125,-84.0999
1.1,0,0,125,-84.1006
1.125,0,0,125,-84.1014
1.15,0,0,125,-84.1021
1.175,0,0,125,-84.1029
1.2,0,0,125,-84.1037
1.225,0,0,125,-84.1044
1.25,0,0,125,-84.1052
1.275,0,0,125,-84.106
1.3,0,0,125,-84.1068
1.325,0,0,125,-84.1076
1.35,0,0,125,-84.1085
1.375,0,0,125,-84.1093
1.4,0,0,125,-84.1101
1.425,0,0,125,-84.111
1.45,0,0,125,-84.1118
1.475,0,0,125,-84.1127
1.5,0,0,125,-84.1136
1.525,0,0,125,-84.1145
1.55,0,0,125,-84.1155
1.575,0,0,125,-84.1164
1.6,0,0,125,-84.1174
1.625,0,0,125,-84.1184
1.65,0,0,125,-84.1194
1.675,0,0,125,-84.1205
1.7,0,0,125,-84.1216
1.725,0,0,125,-84.1227
1.75,0,0,125,-84.1239
1.775,0,0,125,-84.1251
1.8,0,0,125,-84.1264
1.825,0,0,125,-84.1276
1.85,0,0,125,-84.1289
1.875,0,0,125,-84.1302
1.9,0,0,125,-84.1315
1.925,0,0,125,-84.1328
1.95,0,0,125,-84.1341
1.975,0,0,125,-84.1355
2,0,0,125,-84.1369
2.025,0,0,125,-84.1384
2.05,0,0,125,-84.1399
2.075,0,0,125,-84.1414
2.1,0,0,125,-84.143
2.125,0,0,125,-84.1446
2.15,0,0,125,-84.1462
2.175,0,0,125,-84.1479
2.2,0,0,125,-84.1496
2.225,0,0,125,-84.1513
2.25,0,0,125,-84.1531
2.275,0,0,125,-84.155
2.3,0,0,125,-84.1568
2.325,0,0,125,-84.1587
2.35,0,0,125,-84.1607
2.375,0,0,125,-84.1627
2.4,0,0,125,-84.1647
2.425,0,0,125,-84.1667
2.45,0,0,125,-84.1688
2.475,0,0,125,-84.171
2.5,0,0,125,-84.1731
2.525,0,0,125,-84.1753
2.55,0,0,125,-84.1775
2.575,0,0,125,-84.1798
2.6,0,0,125,-84.1821
2.625,0,0,125,-84.1845
2.65,0,0,125,-84.1869
2.675,0,0,125,-84.1893
2.7,0,0,125,-84.1917
2.725,0,0,125,-84.1942
2.75,0,0,125,-84.1967
2.775,0,0,125,-84.1993
2.8,0,0,125,-84.2019
2.825,0,0,125,-84.2045
2.85,0,0,125,-84.2072
2.875,0,0,125,-84.2098
2.9,0,0,125,-84.2125
2.925,0,0,125,-84.2153
2.95,0,0,125,-84.218
2.975,0,0,125,-84.2207
3,0,0,125,-84.2234
3.025,0,0,125,-84.226
3.05,0,0,125,-84.2287
3.075,0,0,125,-84.2314
3.1,0,0,125,-84.234
3.125,0,0,125,-84.2367
3.15,0,0,125,-84.2393
3.175,0,0,125,-84.2419
3.2,0,0,125,-84.2445
3.225,0,0,125,-84.2471
3.25,0,0,125,-84.2497
3.275,0,0,125,-84.2523
3.3,0,0,125,-84.2548
3.325,0,0,125,-84.2573
3.35,0,0,125,-84.2598
3.375,0,0,125,-84.2622
3.4,0,0,125,-84.2646
3.425,0,0,125,-84.267
3.45,0,0,125,-84.2693
3.475,0,0,125,-84.2715
3.5,0,0,125,-84.2738
3.525,0,0,125,-84.276
3.55,0,0,125,-84.2781
3.575,0,0,125,-84.2803
3.6,0,0,125,-84.2823
3.625,0,0,125,-84.2844
3.65,0,0,125,-84.2864
3.675,0,0,125,-84.2884
3.7,0,0,125,-84.2903
3.725,0,0,125,-84.2922
3.75,0,0,125,-84.294
3.775,0,0,125,-84.2959
3.8,0,0,125,-84.2976
3.825,0,0,125,-84.2993
3.85,0,0,125,-84.301
3.875,0,0,125,-84.3026
3.9,0,0,125,-84.3042
3.925,0,0,125,-84.3057
3.95,0,0,125,-84.3071
3.975,0,0,125,-84.3085
4,0,0,125,-84.3098
4.025,0,0,125,-84.3111
4.05,0,0,125,-84.3123
4.075,0,0,125,-84.3135
4.1,0,0,125,-84.3146
4.125,0,0,125,-84.3157
4.15,0,0,125,-84.3168
4.175,0,0,125,-84.3178
4.2,0,0,125,-84.3187
4.225,0,0,125,-84.3196
4.25,0,0,125,-84.3205
4.275,0,0,125,-84.3213
4.3,0,0,125,-84.3221
4.325,0,0,125,-84.3228
4.35,0,0,125,-84.3235
4.375,0,0,125,-84.3241
4.4,0,0,125,-84.3247
4.425,0,0,125,-84.3253
4.45,0,0,125,-84.3258
4.475,0,0,125,-84.3264
4.5,0,0,125,-84.3268
4.525,0,0,125,-84.3273
4.55,0,0,125,-84.3276
4.575,0,0,125,-84.328
4.6,0,0,125,-84.3283
4.625,0,0,125,-84.3286
4.65,0,0,125,-84.3289
4.675,0,0,125,-84.3291
4.7,0,0,125,-84.3293
4.725,0,0,125,-84.3294
4.75,0,0,125,-84.3295
4.775,0,0,125,-84.3296
4.8,0,0,125,-84.3297
4.825,0,0,125,-84.3298
4.85,0,0,125,-84.3299
4.875,0,0,125,-84.3299
4.9,0,0,125,-84.33
4.925,0,0,125,-84.33
4.95,0,0,125,-84.3301
4.975,0,0,125,-84.3301
5,0,0,125,-84.3301
