0,0,0,125,-40.9835
0.025,0,0,125,-40.9983
0.05,0,0,125,-41.0278
0.075,0,0,125,-41.0722
0.1,0,0,125,-41.1315
0.125,0,0,125,-41.2058
0.15,0,0,125,-41.2954
0.175,0,0,125,-41.4003
0.2,0,0,125,-41.5207
0.225,0,0,125,-41.6565
0.25,0,0,125,-41.808
0.275,0,0,125,-41.9753
0.3,0,0,125,-42.1583
0.325,0,0,125,-42.3573
0.35,0,0,125,-42.5723
0.375,0,0,125,-42.8034
0.4,0,0,125,-43.0509
0.425,0,0,125,-43.3147
0.45,0,0,125,-43.5952
0.475,0,0,125,-43.8923
0.5,0,0,125,-44.2062
0.525,0,0,125,-44.5371
0.55,0,0,125,-44.8851
0.575,0,0,125,-45.2503
0.6,0,0,125,-45.6327
0.625,0,0,125,-46.0326
0.65,0,0,125,-46.45
0.675,0,0,125,-46.8848
0.7,0,0,125,-47.3371
0.725,0,0,125,-47.807
0.75,0,0,125,-48.2943
0.775,0,0,125,-48.7989
0.8,0,0,125,-49.3207
0.825,0,0,125,-49.8594
0.85,0,0,125,-50.4149
0.875,0,0,125,-50.9868
0.9,0,0,125,-51.5746
0.925,0,0,125,-52.178
0.95,0,0,125,-52.7964
0.975,0,0,125,-53.4292
1,0,0,125,-54.0756
1.025,0,0,125,-54.735
1.05,0,0,125,-55.4065
1.075,0,0,125,-56.0892
1.1,0,0,125,-56.782
1.125,0,0,125,-57.4838
1.15,0,0,125,-58.1936
1.175,0,0,125,-58.9101
1.2,0,0,125,-59.632
1.225,0,0,125,-60.358
1.25,0,0,125,-61.0867
1.275,0,0,125,-61.8168
1.3,0,0,125,-62.5466
1.325,0,0,125,-63.2749
1.35,0,0,125,-64.0001
1.375,0,0,125,-64.7207
1.4,0,0,125,-65.4354
1.425,0,0,125,-66.1427
1.45,0,0,125,-66.8412
1.475,0,0,125,-67.5296
1.5,0,0,125,-68.2066
1.525,0,0,125,-68.8711
1.55,0,0,125,-69.5218
1.575,0,0,125,-70.1578
1.6,0,0,125,-70.7782
1.625,0,0,125,-71.382
1.65,0,0,125,-71.9685
1.675,0,0,125,-72.5372
1.7,0,0,125,-73.0874
1.725,0,0,125,-73.6187
1.75,0,0,125,-74.1308
1.775,0,0,125,-74.6235
1.8,0,0,125,-75.0967
1.825,0,0,125,-75.5502
1.85,0,0,125,-75.9842
1.875,0,0,125,-76.3988
1.9,0,0,125,-76.7943
1.925,0,0,125,-77.1708
1.95,0,0,125,-77.5288
1.975,0,0,125,-77.8687
2,0,0,125,-78.1909
2.025,0,0,125,-78.4959
2.05,0,0,125,-78.7843
2.075,0,0,125,-79.0566
2.1,0,0,125,-79.3134
2.125,0,0,125,-79.5553
2.15,0,0,125,-79.783
2.175,0,0,125,-79.997
2.2,0,0,125,-80.198
2.225,0,0,125,-80.3866
2.25,0,0,125,-80.5634
2.275,0,0,125,-80.729
2.3,0,0,125,-80.8841
2.325,0,0,125,-81.0291
2.35,0,0,125,-81.1648
2.375,0,0,125,-81.2915
2.4,0,0,125,-81.4099
2.425,0,0,125,-81.5205
2.45,0,0,125,-81.6237
2.475,0,0,125,-81.72
2.5,0,0,125,-81.8099
2.525,0,0,125,-81.8937
2.55,0,0,125,-81.9719
2.575,0,0,125,-82.0449
2.6,0,0,125,-82.113
2.625,0,0,125,-82.1765
2.65,0,0,125,-82.2358
2.675,0,0,125,-82.2912
2.7,0,0,125,-82.3429
2.725,0,0,125,-82.3912
2.75,0,0,125,-82.4364
2.775,0,0,125,-82.4786
2.8,0,0,125,-82.5181
2.825,0,0,125,-82.5551
2.85,0,0,125,-82.5897
2.875,0,0,125,-82.6222
2.9,0,0,125,-82.6527
2.925,0,0,125,-82.6813
2.95,0,0,125,-82.7082
2.975,0,0,125,-82.7335
3,0,0,125,-82.7573
3.025,0,0,125,-82.7797
3.05,0,0,125,-82.8009
3.075,0,0,125,-82.8208
3.1,0,0,125,-82.8396
3.125,0,0,125,-82.8574
3.15,0,0,125,-82.8742
3.175,0,0,125,-82.8901
3.2,0,0,125,-82.9052
3.225,0,0,125,-82.9194
3.25,0,0,125,-82.933
3.275,0,0,125,-82.9458
3.3,0,0,125,-82.958
3.325,0,0,125,-82.9696
3.35,0,0,125,-82.9806
3.375,0,0,125,-82.991
3.4,0,0,125,-83.001
3.425,0,0,125,-83.0104
3.45,0,0,125,-83.0194
3.475,0,0,125,-83.0279
3.5,0,0,125,-83.036
3.525,0,0,125,-83.0437
3.55,0,0,125,-83.051
3.575,0,0,125,-83.0579
3.6,0,0,125,-83.0645
3.625,0,0,125,-83.0708
3.65,0,0,125,-83.0767
3.675,0,0,125,-83.0823
3.7,0,0,125,-83.0875
3.725,0,0,125,-83.0925
3.75,0,0,125,-83.0972
3.775,0,0,125,-83.1016
3.8,0,0,125,-83.1057
3.825,0,0,125,-83.1096
3.85,0,0,125,-83.1131
3.875,0,0,125,-83.1165
3.9,0,0,125,-83.1195
3.925,0,0,125,-83.1224
3.95,0,0,125,-83.1249
3.975,0,0,125,-83.1273
4,0,0,125,-83.1294
4.025,0,0,125,-83.1312
4.05,0,0,125,-83.1329
4.075,0,0,125,-83.1343
4.1,0,0,125,-83.1354
4.125,0,0,125,-83.1364
4.15,0,0,125,-83.1372
4.175,0,0,125,-83.1377
4.2,0,0,125,-83.1381
4.225,0,0,125,-83.1382
4.25,0,0,125,-83.1382
4.275,0,0,125,-83.138
4.3,0,0,125,-83.1376
4.325,0,0,125,-83.137
4.35,0,0,125,-83.1362
4.375,0,0,125,-83.1353
4.4,0,0,125,-83.1342
4.425,0,0,125,-83.1329
4.45,0,0,125,-83.1315
4.475,0,0,125,-83.13
4.5,0,0,125,-83.1283
4.525,0,0,125,-83.1264
4.55,0,0,125,-83.1245
4.575,0,0,125,-83.1224
4.6,0,0,125,-83.1202
4.625,0,0,125,-83.118
4.65,0,0,125,-83.1156
4.675,0,0,125,-83.1132
4.7,0,0,125,-83.1107
4.725,0,0,125,-83.1082
4.75,0,0,125,-83.1056
4.775,0,0,125,-83.1031
4.8,0,0,125,-83.1005
4.825,0,0,125,-83.098
4.85,0,0,125,-83.0956
4.875,0,0,125,-83.0933
4.9,0,0,125,-83.0912
4.925,0,0,125,-83.0894
4.95,0,0,125,-83.088
4.975,0,0,125,-83.087
5,0,0,125,-83.0865
