0,0,0,125,4.95741
0.025,0,0,125,4.96089
0.05,0,0,125,4.96773
0.075,0,0,125,4.97768
0.1,0,0,125,4.99037
0.125,0,0,125,5.00537
0.15,0,0,125,5.02227
0.175,0,0,125,5.0407
0.2,0,0,125,5.06048
0.225,0,0,125,5.08146
0.25,0,0,125,5.10354
0.275,0,0,125,5.12662
0.3,0,0,125,5.15062
0.325,0,0,125,5.17547
0.35,0,0,125,5.20109
0.375,0,0,125,5.22742
0.4,0,0,125,5.25441
0.425,0,0,125,5.282
0.45,0,0,125,5.31014
0.475,0,0,125,5.33879
0.5,0,0,125,5.36791
0.525,0,0,125,5.39746
0.55,0,0,125,5.42741
0.575,0,0,125,5.45772
0.6,0,0,125,5.48837
0.625,0,0,125,5.51934
0.65,0,0,125,5.55058
0.675,0,0,125,5.58209
0.7,0,0,125,5.61384
0.725,0,0,125,5.6458
0.75,0,0,125,5.67798
0.775,0,0,125,5.71034
0.8,0,0,125,5.74288
0.825,0,0,125,5.77557
0.85,0,0,125,5.80842
0.875,0,0,125,5.84139
0.9,0,0,125,5.87449
0.925,0,0,125,5.90769
0.95,0,0,125,5.94099
0.975,0,0,125,5.97439
1,0,0,125,6.00786
1.025,0,0,125,6.04141
1.05,0,0,125,6.07502
1.075,0,0,125,6.1087
1.1,0,0,125,6.14242
1.125,0,0,125,6.17619
1.15,0,0,125,6.21001
1.175,0,0,125,6.24386
1.2,0,0,125,6.27774
1.225,0,0,125,6.31165
1.25,0,0,125,6.34558
1.275,0,0,125,6.37953
1.3,0,0,125,6.4135
1.325,0,0,125,6.44748
1.35,0,0,125,6.48147
1.375,0,0,125,6.51546
1.4,0,0,125,6.54946
1.425,0,0,125,6.58346
1.45,0,0,125,6.61746
1.475,0,0,125,6.65146
1.5,0,0,125,6.68545
1.525,0,0,125,6.71944
1.55,0,0,125,6.75342
1.575,0,0,125,6.78739
1.6,0,0,125,6.82134
1.625,0,0,125,6.85528
1.65,0,0,125,6.88921
1.675,0,0,125,6.92312
1.7,0,0,125,6.95702
1.725,0,0,125,6.9909
1.75,0,0,125,7.02476
1.775,0,0,125,7.0586
1.8,0,0,125,7.09242
1.825,0,0,125,7.12622
1.85,0,0,125,7.15999
1.875,0,0,125,7.19375
1.9,0,0,125,7.22748
1.925,0,0,125,7.26119
1.95,0,0,125,7.29487
1.975,0,0,125,7.32853
2,0,0,125,7.36217
2.025,0,0,125,7.39578
2.05,0,0,125,7.42936
2.075,0,0,125,7.46292
2.1,0,0,125,7.49645
2.125,0,0,125,7.52995
2.15,0,0,125,7.56343
2.175,0,0,125,7.59688
2.2,0,0,125,7.6303
2.225,0,0,125,7.66369
2.25,0,0,125,7.69706
2.275,0,0,125,7.7304
2.3,0,0,125,7.76371
2.325,0,0,125,7.79699
2.35,0,0,125,7.83024
2.375,0,0,125,7.86346
2.4,0,0,125,7.89666
2.425,0,0,125,7.92982
2.45,0,0,125,7.96296
2.475,0,0,125,7.99607
2.5,0,0,125,8.02915
2.525,0,0,125,8.0622
2.55,0,0,125,8.09522
2.575,0,0,125,8.12821
2.6,0,0,125,8.16117
2.625,0,0,125,8.1941
2.65,0,0,125,8.227
2.675,0,0,125,8.25987
2.7,0,0,125,8.29271
2.725,0,0,125,8.32553
2.75,0,0,125,8.35831
2.775,0,0,125,8.39106
2.8,0,0,125,8.42378
2.825,0,0,125,8.45648
2.85,0,0,125,8.48914
2.875,0,0,125,8.52177
2.9,0,0,125,8.55437
2.925,0,0,125,8.58694
2.95,0,0,125,8.61949
2.975,0,0,125,8.652
3,0,0,125,8.68448
3.025,0,0,125,8.71692
3.05,0,0,125,8.74934
3.075,0,0,125,8.78172
3.1,0,0,125,8.81407
3.125,0,0,125,8.84638
3.15,0,0,125,8.87867
3.175,0,0,125,8.91092
3.2,0,0,125,8.94314
3.225,0,0,125,8.97533
3.25,0,0,125,9.00748
3.275,0,0,125,9.03959
3.3,0,0,125,9.07167
3.325,0,0,125,9.10372
3.35,0,0,125,9.13573
3.375,0,0,125,9.1677
3.4,0,0,125,9.19963
3.425,0,0,125,9.23153
3.45,0,0,125,9.26338
3.475,0,0,125,9.2952
3.5,0,0,125,9.32697
3.525,0,0,125,9.3587
3.55,0,0,125,9.39039
3.575,0,0,125,9.42203
3.6,0,0,125,9.45362
3.625,0,0,125,9.48517
3.65,0,0,125,9.51666
3.675,0,0,125,9.5481
3.7,0,0,125,9.57948
3.725,0,0,125,9.61081
3.75,0,0,125,9.64207
3.775,0,0,125,9.67327
3.8,0,0,125,9.7044
3.825,0,0,125,9.73546
3.85,0,0,125,9.76645
3.875,0,0,125,9.79735
3.9,0,0,125,9.82817
3.925,0,0,125,9.8589
3.95,0,0,125,9.88953
3.975,0,0,125,9.92006
4,0,0,125,9.95048
4.025,0,0,125,9.98079
4.05,0,0,125,10.011
4.075,0,0,125,10.041
4.1,0,0,125,10.0709
4.125,0,0,125,10.1007
4.15,0,0,125,10.1302
4.175,0,0,125,10.1597
4.2,0,0,125,10.1889
4.225,0,0,125,10.2179
4.25,0,0,125,10.2467
4.275,0,0,125,10.2752
4.3,0,0,125,10.3035
4.325,0,0,125,10.3315
4.35,0,0,125,10.3592
4.375,0,0,125,10.3865
4.4,0,0,125,10.4135
4.425,0,0,125,10.4401
4.45,0,0,125,10.4663
4.475,0,0,125,10.4921
4.5,0,0,125,10.5173
4.525,0,0,125,10.542
4.55,0,0,125,10.5661
4.575,0,0,125,10.5896
4.6,0,0,125,10.6124
4.625,0,0,125,10.6345
4.65,0,0,125,10.6558
4.675,0,0,125,10.6763
4.7,0,0,125,10.6958
4.725,0,0,125,10.7143
4.75,0,0,125,10.7318
4.775,0,0,125,10.7482
4.8,0,0,125,10.7633
4.825,0,0,125,10.7771
4.85,0,0,125,10.7895
4.875,0,0,125,10.8004
4.9,0,0,125,10.8097
4.925,0,0,125,10.8173
4.95,0,0,125,10.8231
4.975,0,0,125,10.8271
5,0,0,125,10.8291
