0,0,0,125,-83.9046
0.025,0,0,125,-83.9048
0.05,0,0,125,-83.9052
0.075,0,0,125,-83.9058
0.1,0,0,125,-83.9065
0.125,0,0,125,-83.9073
0.15,0,0,125,-83.9082
0.175,0,0,125,-83.9091
0.2,0,0,125,-83.9101
0.225,0,0,125,-83.9111
0.25,0,0,125,-83.9121
0.275,0,0,125,-83.9131
0.3,0,0,125,-83.9141
0.325,0,0,125,-83.915
0.35,0,0,125,-83.916
0.375,0,0,125,-83.917
0.4,0,0,125,-83.918
0.425,0,0,125,-83.9189
0.45,0,0,125,-83.9199
0.475,0,0,125,-83.9208
0.5,0,0,125,-83.9217
0.525,0,0,125,-83.9226
0.55,0,0,125,-83.9235
0.575,0,0,125,-83.9244
0.6,0,0,125,-83.9253
0.625,0,0,125,-83.9262
0.65,0,0,125,-83.9271
0.675,0,0,125,-83.9279
0.7,0,0,125,-83.9288
0.725,0,0,125,-83.9296
0.75,0,0,125,-83.9304
0.775,0,0,125,-83.9312
0.8,0,0,125,-83.9321
0.825,0,0,125,-83.9329
0.85,0,0,125,-83.9336
0.875,0,0,125,-83.9344
0.9,0,0,125,-83.9352
0.925,0,0,125,-83.9361
0.95,0,0,125,-83.9369
0.975,0,0,125,-83.9377
1,0,0,125,-83.9386
1.025,0,0,125,-83.9395
1.05,0,0,125,-83.9404
1.075,0,0,125,-83.9413
1.1,0,0,125,-83.9422
1.125,0,0,125,-83.9432
1.15,0,0,125,-83.9441
1.175,0,0,125,-83.9451
1.2,0,0,125,-83.9461
1.225,0,0,125,-83.9471
1.25,0,0,125,-83.9481
1.275,0,0,125,-83.9491
1.3,0,0,125,-83.9502
1.325,0,0,125,-83.9513
1.35,0,0,125,-83.9523
1.375,0,0,125,-83.9534
1.4,0,0,125,-83.9545
1.425,0,0,125,-83.9556
1.45,0,0,125,-83.9567
1.475,0,0,125,-83.9579
1.5,0,0,125,-83.959
1.525,0,0,125,-83.9601
1.55,0,0,125,-83.9613
1.575,0,0,125,-83.9625
1.6,0,0,125,-83.9638
1.625,0,0,125,-83.9651
1.65,0,0,125,-83.9664
1.675,0,0,125,-83.9678
1.7,0,0,125,-83.9692
1.725,0,0,125,-83.9706
1.75,0,0,125,-83.9721
1.775,0,0,125,-83.9736
1.8,0,0,125,-83.9751
1.825,0,0,125,-83.9767
1.85,0,0,125,-83.9783
1.875,0,0,125,-83.9799
1.9,0,0,125,-83.9816
1.925,0,0,125,-83.9833
1.95,0,0,125,-83.9851
1.975,0,0,125,-83.9869
2,0,0,125,-83.9887
2.025,0,0,125,-83.9906
2.05,0,0,125,-83.9925
2.075,0,0,125,-83.9944
2.1,0,0,125,-83.9965
2.125,0,0,125,-83.9985
2.15,0,0,125,-84.0007
2.175,0,0,125,-84.0029
2.2,0,0,125,-84.0052
2.225,0,0,125,-84.0075
2.25,0,0,125,-84.0099
2.275,0,0,125,-84.0123
2.3,0,0,125,-84.0148
2.325,0,0,125,-84.0174
2.35,0,0,125,-84.02
2.375,0,0,125,-84.0227
2.4,0,0,125,-84.0255
2.425,0,0,125,-84.0282
2.45,0,0,125,-84.0311
2.475,0,0,125,-84.0339
2.5,0,0,125,-84.0368
2.525,0,0,125,-84.0398
2.55,0,0,125,-84.0428
2.575,0,0,125,-84.0458
2.6,0,0,125,-84.0488
2.625,0,0,125,-84.0519
2.65,0,0,125,-84.0551
2.675,0,0,125,-84.0582
2.7,0,0,125,-84.0614
2.725,0,0,125,-84.0647
2.75,0,0,125,-84.068
2.775,0,0,125,-84.0713
2.8,0,0,125,-84.0746
2.825,0,0,125,-84.078
2.85,0,0,125,-84.0815
2.875,0,0,125,-84.0849
2.9,0,0,125,-84.0884
2.925,0,0,125,-84.0919
2.95,0,0,125,-84.0955
2.975,0,0,125,-84.099
3,0,0,125,-84.1025
3.025,0,0,125,-84.1061
3.05,0,0,125,-84.1096
3.075,0,0,125,-84.1132
3.1,0,0,125,-84.1168
3.125,0,0,125,-84.1203
3.15,0,0,125,-84.1238
3.175,0,0,125,-84.1274
3.2,0,0,125,-84.1309
3.225,0,0,125,-84.1344
3.25,0,0,125,-84.1378
3.275,0,0,125,-84.1412
3.3,0,0,125,-84.1446
3.325,0,0,125,-84.1479
3.35,0,0,125,-84.1512
3.375,0,0,125,-84.1545
3.4,0,0,125,-84.1577
3.425,0,0,125,-84.1609
3.45,0,0,125,-84.164
3.475,0,0,125,-84.1671
3.5,0,0,125,-84.1702
3.525,0,0,125,-84.1732
3.55,0,0,125,-84.1761
3.575,0,0,125,-84.179
3.6,0,0,125,-84.1818
3.625,0,0,125,-84.1845
3.65,0,0,125,-84.1872
3.675,0,0,125,-84.1898
3.7,0,0,125,-84.1924
3.725,0,0,125,-84.1949
3.75,0,0,125,-84.1973
3.775,0,0,125,-84.1996
3.8,0,0,125,-84.2019
3.825,0,0,125,-84.2041
3.85,0,0,125,-84.2063
3.875,0,0,125,-84.2084
3.9,0,0,125,-84.2104
3.925,0,0,125,-84.2124
3.95,0,0,125,-84.2143
3.975,0,0,125,-84.2161
4,0,0,125,-84.2179
4.025,0,0,125,-84.2196
4.05,0,0,125,-84.2212
4.075,0,0,125,-84.2227
4.1,0,0,125,-84.2242
4.125,0,0,125,-84.2257
4.15,0,0,125,-84.227
4.175,0,0,125,-84.2284
4.2,0,0,125,-84.2296
4.225,0,0,125,-84.2308
4.25,0,0,125,-84.2319
4.275,0,0,125,-84.233
4.3,0,0,125,-84.234
4.325,0,0,125,-84.235
4.35,0,0,125,-84.2358
4.375,0,0,125,-84.2367
4.4,0,0,125,-84.2374
4.425,0,0,125,-84.2381
4.45,0,0,125,-84.2388
4.475,0,0,125,-84.2394
4.5,0,0,125,-84.2399
4.525,0,0,125,-84.2405
4.55,0,0,125,-84.241
4.575,0,0,125,-84.2414
4.6,0,0,125,-84.2418
4.625,0,0,125,-84.2422
4.65,0,0,125,-84.2426
4.675,0,0,125,-84.2429
4.7,0,0,125,-84.2432
4.725,0,0,125,-84.2434
4.75,0,0,125,-84.2436
4.775,0,0,125,-84.2438
4.8,0,0,125,-84.2439
4.825,0,0,125,-84.244
4.85,0,0,125,-84.2441
4.875,0,0,125,-84.2441
4.9,0,0,125,-84.2442
4.925,0,0,125,-84.2442
4.95,0,0,125,-84.2442
4.975,0,0,125,-84.2443
5,0,0,125,-84.2443
