0,0,0,125,-84.4498
0.025,0,0,125,-84.4498
0.05,0,0,125,-84.4499
0.075,0,0,125,-84.45
0.1,0,0,125,-84.4502
0.125,0,0,125,-84.4503
0.15,0,0,125,-84.4505
0.175,0,0,125,-84.4507
0.2,0,0,125,-84.4509
0.225,0,0,125,-84.451
0.25,0,0,125,-84.4513
0.275,0,0,125,-84.4515
0.3,0,0,125,-84.4517
0.325,0,0,125,-84.4519
0.35,0,0,125,-84.4521
0.375,0,0,125,-84.4523
0.4,0,0,125,-84.4525
0.425,0,0,125,-84.4527
0.45,0,0,125,-84.4529
0.475,0,0,125,-84.4531
0.5,0,0,125,-84.4532
0.525,0,0,125,-84.4534
0.55,0,0,125,-84.4535
0.575,0,0,125,-84.4537
0.6,0,0,125,-84.4538
0.625,0,0,125,-84.454
0.65,0,0,125,-84.4541
0.675,0,0,125,-84.4543
0.7,0,0,125,-84.4544
0.725,0,0,125,-84.4546
0.75,0,0,125,-84.4547
0.775,0,0,125,-84.4549
0.8,0,0,125,-84.455
0.825,0,0,125,-84.4551
0.85,0,0,125,-84.4553
0.875,0,0,125,-84.4554
0.9,0,0,125,-84.4556
0.925,0,0,125,-84.4557
0.95,0,0,125,-84.4559
0.975,0,0,125,-84.456
1,0,0,125,-84.4562
1.025,0,0,125,-84.4563
1.05,0,0,125,-84.4565
1.075,0,0,125,-84.4567
1.1,0,0,125,-84.4568
1.125,0,0,125,-84.457
1.15,0,0,125,-84.4571
1.175,0,0,125,-84.4573
1.2,0,0,125,-84.4575
1.225,0,0,125,-84.4577
1.25,0,0,125,-84.4579
1.275,0,0,125,-84.458
1.3,0,0,125,-84.4582
1.325,0,0,125,-84.4584
1.35,0,0,125,-84.4586
1.375,0,0,125,-84.4588
1.4,0,0,125,-84.459
1.425,0,0,125,-84.4592
1.45,0,0,125,-84.4594
1.475,0,0,125,-84.4596
1.5,0,0,125,-84.4599
1.525,0,0,125,-84.4601
1.55,0,0,125,-84.4603
1.575,0,0,125,-84.4605
1.6,0,0,125,-84.4608
1.625,0,0,125,-84.461
1.65,0,0,125,-84.4612
1.675,0,0,125,-84.4615
1.7,0,0,125,-84.4617
1.725,0,0,125,-84.462
1.75,0,0,125,-84.4623
1.775,0,0,125,-84.4625
1.8,0,0,125,-84.4628
1.825,0,0,125,-84.4631
1.85,0,0,125,-84.4634
1.875,0,0,125,-84.4637
1.9,0,0,125,-84.464
1.925,0,0,125,-84.4643
1.95,0,0,125,-84.4647
1.975,0,0,125,-84.465
2,0,0,125,-84.4654
2.025,0,0,125,-84.4657
2.05,0,0,125,-84.4661
2.075,0,0,125,-84.4665
2.1,0,0,125,-84.4669
2.125,0,0,125,-84.4673
2.15,0,0,125,-84.4677
2.175,0,0,125,-84.4681
2.2,0,0,125,-84.4686
2.225,0,0,125,-84.469
2.25,0,0,125,-84.4695
2.275,0,0,125,-84.4699
2.3,0,0,125,-84.4704
2.325,0,0,125,-84.4709
2.35,0,0,125,-84.4714
2.375,0,0,125,-84.4719
2.4,0,0,125,-84.4724
2.425,0,0,125,-84.4729
2.45,0,0,125,-84.4734
2.475,0,0,125,-84.4739
2.5,0,0,125,-84.4745
2.525,0,0,125,-84.475
2.55,0,0,125,-84.4756
2.575,0,0,125,-84.4762
2.6,0,0,125,-84.4768
2.625,0,0,125,-84.4774
2.65,0,0,125,-84.478
2.675,0,0,125,-84.4786
2.7,0,0,125,-84.4792
2.725,0,0,125,-84.4798
2.75,0,0,125,-84.4805
2.775,0,0,125,-84.4811
2.8,0,0,125,-84.4818
2.825,0,0,125,-84.4825
2.85,0,0,125,-84.4831
2.875,0,0,125,-84.4838
2.9,0,0,125,-84.4845
2.925,0,0,125,-84.4852
2.95,0,0,125,-84.486
2.975,0,0,125,-84.4867
3,0,0,125,-84.4874
3.025,0,0,125,-84.4882
3.05,0,0,125,-84.4889
3.075,0,0,125,-84.4896
3.1,0,0,125,-84.4903
3.125,0,0,125,-84.4911
3.15,0,0,125,-84.4918
3.175,0,0,125,-84.4924
3.2,0,0,125,-84.4931
3.225,0,0,125,-84.4938
3.25,0,0,125,-84.4945
3.275,0,0,125,-84.4951
3.3,0,0,125,-84.4957
3.325,0,0,125,-84.4964
3.35,0,0,125,-84.497
3.375,0,0,125,-84.4976
3.4,0,0,125,-84.4982
3.425,0,0,125,-84.4988
3.45,0,0,125,-84.4994
3.475,0,0,125,-84.5
3.5,0,0,125,-84.5005
3.525,0,0,125,-84.5011
3.55,0,0,125,-84.5016
3.575,0,0,125,-84.5022
3.6,0,0,125,-84.5027
3.625,0,0,125,-84.5032
3.65,0,0,125,-84.5037
3.675,0,0,125,-84.5042
3.7,0,0,125,-84.5047
3.725,0,0,125,-84.5052
3.75,0,0,125,-84.5056
3.775,0,0,125,-84.5061
3.8,0,0,125,-84.5065
3.825,0,0,125,-84.5069
3.85,0,0,125,-84.5073
3.875,0,0,125,-84.5077
3.9,0,0,125,-84.5081
3.925,0,0,125,-84.5085
3.95,0,0,125,-84.5089
3.975,0,0,125,-84.5092
4,0,0,125,-84.5096
4.025,0,0,125,-84.5099
4.05,0,0,125,-84.5102
4.075,0,0,125,-84.5106
4.1,0,0,125,-84.5109
4.125,0,0,125,-84.5112
4.15,0,0,125,-84.5115
4.175,0,0,125,-84.5117
4.2,0,0,125,-84.512
4.225,0,0,125,-84.5123
4.25,0,0,125,-84.5125
4.275,0,0,125,-84.5127
4.3,0,0,125,-84.513
4.325,0,0,125,-84.5132
4.35,0,0,125,-84.5134
4.375,0,0,125,-84.5136
4.4,0,0,125,-84.5138
4.425,0,0,125,-84.514
4.45,0,0,125,-84.5141
4.475,0,0,125,-84.5143
4.5,0,0,125,-84.5144
4.525,0,0,125,-84.5146
4.55,0,0,125,-84.5147
4.575,0,0,125,-84.5148
4.6,0,0,125,-84.5149
4.625,0,0,125,-84.515
4.65,0,0,125,-84.5151
4.675,0,0,125,-84.5152
4.7,0,0,125,-84.5152
4.725,0,0,125,-84.5153
4.75,0,0,125,-84.5153
4.775,0,0,125,-84.5154
4.8,0,0,125,-84.5154
4.825,0,0,125,-84.5154
4.85,0,0,125,-84.5154
4.875,0,0,125,-84.5154
4.9,0,0,125,-84.5154
4.925,0,0,125,-84.5153
4.95,0,0,125,-84.5153
4.975,0,0,125,-84.5153
5,0,0,125,-84.5153
