0,0,0,125,-83.8939
0.025,0,0,125,-83.8941
0.05,0,0,125,-83.8945
0.075,0,0,125,-83.8951
0.1,0,0,125,-83.8958
0.125,0,0,125,-83.8966
0.15,0,0,125,-83.8975
0.175,0,0,125,-83.8984
0.2,0,0,125,-83.8994
0.225,0,0,125,-83.9004
0.25,0,0,125,-83.9014
0.275,0,0,125,-83.9024
0.3,0,0,125,-83.9034
0.325,0,0,125,-83.9044
0.35,0,0,125,-83.9053
0.375,0,0,125,-83.9063
0.4,0,0,125,-83.9073
0.425,0,0,125,-83.9082
0.45,0,0,125,-83.9092
0.475,0,0,125,-83.9101
0.5,0,0,125,-83.911
0.525,0,0,125,-83.9119
0.55,0,0,125,-83.9128
0.575,0,0,125,-83.9137
0.6,0,0,125,-83.9146
0.625,0,0,125,-83.9155
0.65,0,0,125,-83.9164
0.675,0,0,125,-83.9172
0.7,0,0,125,-83.9181
0.725,0,0,125,-83.9189
0.75,0,0,125,-83.9198
0.775,0,0,125,-83.9206
0.8,0,0,125,-83.9215
0.825,0,0,125,-83.9224
0.85,0,0,125,-83.9233
0.875,0,0,125,-83.9241
0.9,0,0,125,-83.925
0.925,0,0,125,-83.9259
0.95,0,0,125,-83.9267
0.975,0,0,125,-83.9276
1,0,0,125,-83.9285
1.025,0,0,125,-83.9294
1.05,0,0,125,-83.9303
1.075,0,0,125,-83.9312
1.1,0,0,125,-83.9321
1.125,0,0,125,-83.9331
1.15,0,0,125,-83.9341
1.175,0,0,125,-83.935
1.2,0,0,125,-83.936
1.225,0,0,125,-83.9371
1.25,0,0,125,-83.9381
1.275,0,0,125,-83.9391
1.3,0,0,125,-83.9402
1.325,0,0,125,-83.9413
1.35,0,0,125,-83.9424
1.375,0,0,125,-83.9435
1.4,0,0,125,-83.9446
1.425,0,0,125,-83.9458
1.45,0,0,125,-83.9469
1.475,0,0,125,-83.9481
1.5,0,0,125,-83.9493
1.525,0,0,125,-83.9504
1.55,0,0,125,-83.9516
1.575,0,0,125,-83.9529
1.6,0,0,125,-83.9541
1.625,0,0,125,-83.9554
1.65,0,0,125,-83.9568
1.675,0,0,125,-83.9582
1.7,0,0,125,-83.9596
1.725,0,0,125,-83.961
1.75,0,0,125,-83.9625
1.775,0,0,125,-83.964
1.8,0,0,125,-83.9656
1.825,0,0,125,-83.9672
1.85,0,0,125,-83.9688
1.875,0,0,125,-83.9705
1.9,0,0,125,-83.9722
1.925,0,0,125,-83.9739
1.95,0,0,125,-83.9757
1.975,0,0,125,-83.9775
2,0,0,125,-83.9793
2.025,0,0,125,-83.9812
2.05,0,0,125,-83.9831
2.075,0,0,125,-83.9851
2.1,0,0,125,-83.9871
2.125,0,0,125,-83.9892
2.15,0,0,125,-83.9914
2.175,0,0,125,-83.9936
2.2,0,0,125,-83.9959
2.225,0,0,125,-83.9982
2.25,0,0,125,-84.0006
2.275,0,0,125,-84.0031
2.3,0,0,125,-84.0056
2.325,0,0,125,-84.0082
2.35,0,0,125,-84.0109
2.375,0,0,125,-84.0136
2.4,0,0,125,-84.0163
2.425,0,0,125,-84.0191
2.45,0,0,125,-84.022
2.475,0,0,125,-84.025
2.5,0,0,125,-84.0279
2.525,0,0,125,-84.0309
2.55,0,0,125,-84.034
2.575,0,0,125,-84.037
2.6,0,0,125,-84.0402
2.625,0,0,125,-84.0433
2.65,0,0,125,-84.0465
2.675,0,0,125,-84.0497
2.7,0,0,125,-84.053
2.725,0,0,125,-84.0563
2.75,0,0,125,-84.0597
2.775,0,0,125,-84.063
2.8,0,0,125,-84.0665
2.825,0,0,125,-84.0699
2.85,0,0,125,-84.0734
2.875,0,0,125,-84.077
2.9,0,0,125,-84.0805
2.925,0,0,125,-84.084
2.95,0,0,125,-84.0876
2.975,0,0,125,-84.0912
3,0,0,125,-84.0948
3.025,0,0,125,-84.0984
3.05,0,0,125,-84.102
3.075,0,0,125,-84.1056
3.1,0,0,125,-84.1092
3.125,0,0,125,-84.1128
3.15,0,0,125,-84.1164
3.175,0,0,125,-84.12
3.2,0,0,125,-84.1236
3.225,0,0,125,-84.1271
3.25,0,0,125,-84.1306
3.275,0,0,125,-84.1341
3.3,0,0,125,-84.1375
3.325,0,0,125,-84.1409
3.35,0,0,125,-84.1443
3.375,0,0,125,-84.1476
3.4,0,0,125,-84.1509
3.425,0,0,125,-84.1541
3.45,0,0,125,-84.1573
3.475,0,0,125,-84.1605
3.5,0,0,125,-84.1635
3.525,0,0,125,-84.1666
3.55,0,0,125,-84.1695
3.575,0,0,125,-84.1724
3.6,0,0,125,-84.1752
3.625,0,0,125,-84.178
3.65,0,0,125,-84.1807
3.675,0,0,125,-84.1833
3.7,0,0,125,-84.1859
3.725,0,0,125,-84.1884
3.75,0,0,125,-84.1908
3.775,0,0,125,-84.1932
3.8,0,0,125,-84.1955
3.825,0,0,125,-84.1978
3.85,0,0,125,-84.1999
3.875,0,0,125,-84.2021
3.9,0,0,125,-84.2041
3.925,0,0,125,-84.2061
3.95,0,0,125,-84.208
3.975,0,0,125,-84.2099
4,0,0,125,-84.2117
4.025,0,0,125,-84.2134
4.05,0,0,125,-84.215
4.075,0,0,125,-84.2166
4.1,0,0,125,-84.2182
4.125,0,0,125,-84.2196
4.15,0,0,125,-84.221
4.175,0,0,125,-84.2224
4.2,0,0,125,-84.2237
4.225,0,0,125,-84.2249
4.25,0,0,125,-84.226
4.275,0,0,125,-84.2271
4.3,0,0,125,-84.2282
4.325,0,0,125,-84.2292
4.35,0,0,125,-84.2301
4.375,0,0,125,-84.2309
4.4,0,0,125,-84.2317
4.425,0,0,125,-84.2325
4.45,0,0,125,-84.2331
4.475,0,0,125,-84.2338
4.5,0,0,125,-84.2343
4.525,0,0,125,-84.2349
4.55,0,0,125,-84.2354
4.575,0,0,125,-84.2359
4.6,0,0,125,-84.2363
4.625,0,0,125,-84.2367
4.65,0,0,125,-84.237
4.675,0,0,125,-84.2374
4.7,0,0,125,-84.2377
4.725,0,0,125,-84.2379
4.75,0,0,125,-84.2381
4.775,0,0,125,-84.2383
4.8,0,0,125,-84.2384
4.825,0,0,125,-84.2386
4.85,0,0,125,-84.2386
4.875,0,0,125,-84.2387
4.9,0,0,125,-84.2387
4.925,0,0,125,-84.2388
4.95,0,0,125,-84.2388
4.975,0,0,125,-84.2388
5,0,0,125,-84.2388
