0,0,0,125,-84.3059
0.025,0,0,125,-84.306
0.05,0,0,125,-84.3062
0.075,0,0,125,-84.3064
0.1,0,0,125,-84.3067
0.125,0,0,125,-84.307
0.15,0,0,125,-84.3074
0.175,0,0,125,-84.3077
0.2,0,0,125,-84.3081
0.225,0,0,125,-84.3085
0.25,0,0,125,-84.3089
0.275,0,0,125,-84.3093
0.3,0,0,125,-84.3097
0.325,0,0,125,-84.3102
0.35,0,0,125,-84.3106
0.375,0,0,125,-84.311
0.4,0,0,125,-84.3115
0.425,0,0,125,-84.3119
0.45,0,0,125,-84.3123
0.475,0,0,125,-84.3127
0.5,0,0,125,-84.3131
0.525,0,0,125,-84.3134
0.55,0,0,125,-84.3138
0.575,0,0,125,-84.3142
0.6,0,0,125,-84.3145
0.625,0,0,125,-84.3149
0.65,0,0,125,-84.3152
0.675,0,0,125,-84.3155
0.7,0,0,125,-84.3159
0.725,0,0,125,-84.3162
0.75,0,0,125,-84.3165
0.775,0,0,125,-84.3169
0.8,0,0,125,-84.3172
0.825,0,0,125,-84.3175
0.85,0,0,125,-84.3179
0.875,0,0,125,-84.3182
0.9,0,0,125,-84.3186
0.925,0,0,125,-84.319
0.95,0,0,125,-84.3194
0.975,0,0,125,-84.3198
1,0,0,125,-84.3202
1.025,0,0,125,-84.3206
1.05,0,0,125,-84.321
1.075,0,0,125,-84.3214
1.1,0,0,125,-84.3219
1.125,0,0,125,-84.3223
1.15,0,0,125,-84.3228
1.175,0,0,125,-84.3232
1.2,0,0,125,-84.3237
1.225,0,0,125,-84.3241
1.25,0,0,125,-84.3245
1.275,0,0,125,-84.3249
1.3,0,0,125,-84.3253
1.325,0,0,125,-84.3257
1.35,0,0,125,-84.3261
1.375,0,0,125,-84.3266
1.4,0,0,125,-84.327
1.425,0,0,125,-84.3275
1.45,0,0,125,-84.3279
1.475,0,0,125,-84.3284
1.5,0,0,125,-84.3289
1.525,0,0,125,-84.3294
1.55,0,0,125,-84.33
1.575,0,0,125,-84.3305
1.6,0,0,125,-84.3311
1.625,0,0,125,-84.3316
1.65,0,0,125,-84.3322
1.675,0,0,125,-84.3328
1.7,0,0,125,-84.3335
1.725,0,0,125,-84.3341
1.75,0,0,125,-84.3348
1.775,0,0,125,-84.3354
1.8,0,0,125,-84.3361
1.825,0,0,125,-84.3368
1.85,0,0,125,-84.3375
1.875,0,0,125,-84.3382
1.9,0,0,125,-84.339
1.925,0,0,125,-84.3397
1.95,0,0,125,-84.3405
1.975,0,0,125,-84.3413
2,0,0,125,-84.3421
2.025,0,0,125,-84.3429
2.05,0,0,125,-84.3438
2.075,0,0,125,-84.3446
2.1,0,0,125,-84.3455
2.125,0,0,125,-84.3464
2.15,0,0,125,-84.3473
2.175,0,0,125,-84.3482
2.2,0,0,125,-84.3491
2.225,0,0,125,-84.35
2.25,0,0,125,-84.3509
2.275,0,0,125,-84.3519
2.3,0,0,125,-84.3529
2.325,0,0,125,-84.3539
2.35,0,0,125,-84.355
2.375,0,0,125,-84.356
2.4,0,0,125,-84.3571
2.425,0,0,125,-84.3582
2.45,0,0,125,-84.3594
2.475,0,0,125,-84.3606
2.5,0,0,125,-84.3618
2.525,0,0,125,-84.363
2.55,0,0,125,-84.3642
2.575,0,0,125,-84.3655
2.6,0,0,125,-84.3667
2.625,0,0,125,-84.368
2.65,0,0,125,-84.3693
2.675,0,0,125,-84.3706
2.7,0,0,125,-84.3719
2.725,0,0,125,-84.3732
2.75,0,0,125,-84.3745
2.775,0,0,125,-84.3758
2.8,0,0,125,-84.3772
2.825,0,0,125,-84.3785
2.85,0,0,125,-84.3799
2.875,0,0,125,-84.3813
2.9,0,0,125,-84.3826
2.925,0,0,125,-84.384
2.95,0,0,125,-84.3854
2.975,0,0,125,-84.3868
3,0,0,125,-84.3882
3.025,0,0,125,-84.3897
3.05,0,0,125,-84.3911
3.075,0,0,125,-84.3925
3.1,0,0,125,-84.394
3.125,0,0,125,-84.3955
3.15,0,0,125,-84.3969
3.175,0,0,125,-84.3984
3.2,0,0,125,-84.3999
3.225,0,0,125,-84.4013
3.25,0,0,125,-84.4027
3.275,0,0,125,-84.4042
3.3,0,0,125,-84.4056
3.325,0,0,125,-84.407
3.35,0,0,125,-84.4084
3.375,0,0,125,-84.4098
3.4,0,0,125,-84.4111
3.425,0,0,125,-84.4125
3.45,0,0,125,-84.4138
3.475,0,0,125,-84.4151
3.5,0,0,125,-84.4164
3.525,0,0,125,-84.4176
3.55,0,0,125,-84.4189
3.575,0,0,125,-84.4201
3.6,0,0,125,-84.4212
3.625,0,0,125,-84.4224
3.65,0,0,125,-84.4235
3.675,0,0,125,-84.4245
3.7,0,0,125,-84.4256
3.725,0,0,125,-84.4266
3.75,0,0,125,-84.4276
3.775,0,0,125,-84.4285
3.8,0,0,125,-84.4294
3.825,0,0,125,-84.4303
3.85,0,0,125,-84.4311
3.875,0,0,125,-84.432
3.9,0,0,125,-84.4328
3.925,0,0,125,-84.4335
3.95,0,0,125,-84.4342
3.975,0,0,125,-84.4349
4,0,0,125,-84.4356
4.025,0,0,125,-84.4362
4.05,0,0,125,-84.4368
4.075,0,0,125,-84.4374
4.1,0,0,125,-84.4379
4.125,0,0,125,-84.4384
4.15,0,0,125,-84.4389
4.175,0,0,125,-84.4394
4.2,0,0,125,-84.4398
4.225,0,0,125,-84.4402
4.25,0,0,125,-84.4406
4.275,0,0,125,-84.441
4.3,0,0,125,-84.4413
4.325,0,0,125,-84.4417
4.35,0,0,125,-84.442
4.375,0,0,125,-84.4423
4.4,0,0,125,-84.4426
4.425,0,0,125,-84.4429
4.45,0,0,125,-84.4431
4.475,0,0,125,-84.4434
4.5,0,0,125,-84.4436
4.525,0,0,125,-84.4438
4.55,0,0,125,-84.444
4.575,0,0,125,-84.4442
4.6,0,0,125,-84.4444
4.625,0,0,125,-84.4445
4.65,0,0,125,-84.4447
4.675,0,0,125,-84.4448
4.7,0,0,125,-84.445
4.725,0,0,125,-84.4451
4.75,0,0,125,-84.4452
4.775,0,0,125,-84.4453
4.8,0,0,125,-84.4454
4.825,0,0,125,-84.4455
4.85,0,0,125,-84.4455
4.875,0,0,125,-84.4456
4.9,0,0,125,-84.4457
4.925,0,0,125,-84.4457
4.95,0,0,125,-84.4457
4.975,0,0,125,-84.4457
5,0,0,125,-84.4458
