0,0,0,125,-37.7085
0.025,0,0,125,-37.7032
0.05,0,0,125,-37.6928
0.075,0,0,125,-37.6775
0.1,0,0,125,-37.6575
0.125,0,0,125,-37.6331
0.15,0,0,125,-37.6048
0.175,0,0,125,-37.5729
0.2,0,0,125,-37.5375
0.225,0,0,125,-37.4989
0.25,0,0,125,-37.4571
0.275,0,0,125,-37.4124
0.3,0,0,125,-37.3648
0.325,0,0,125,-37.3145
0.35,0,0,125,-37.2616
0.375,0,0,125,-37.2062
0.4,0,0,125,-37.1484
0.425,0,0,125,-37.0883
0.45,0,0,125,-37.026
0.475,0,0,125,-36.9616
0.5,0,0,125,-36.8953
0.525,0,0,125,-36.827
0.55,0,0,125,-36.7569
0.575,0,0,125,-36.685
0.6,0,0,125,-36.6115
0.625,0,0,125,-36.5364
0.65,0,0,125,-36.4598
0.675,0,0,125,-36.3818
0.7,0,0,125,-36.3023
0.725,0,0,125,-36.2216
0.75,0,0,125,-36.1397
0.775,0,0,125,-36.0565
0.8,0,0,125,-35.9723
0.825,0,0,125,-35.887
0.85,0,0,125,-35.8007
0.875,0,0,125,-35.7134
0.9,0,0,125,-35.6253
0.925,0,0,125,-35.5363
0.95,0,0,125,-35.4464
0.975,0,0,125,-35.3559
1,0,0,125,-35.2646
1.025,0,0,125,-35.1727
1.05,0,0,125,-35.0801
1.075,0,0,125,-34.9869
1.1,0,0,125,-34.8932
1.125,0,0,125,-34.7989
1.15,0,0,125,-34.7042
1.175,0,0,125,-34.609
1.2,0,0,125,-34.5134
1.225,0,0,125,-34.4174
1.25,0,0,125,-34.321
1.275,0,0,125,-34.2243
1.3,0,0,125,-34.1273
1.325,0,0,125,-34.0299
1.35,0,0,125,-33.9324
1.375,0,0,125,-33.8346
1.4,0,0,125,-33.7365
1.425,0,0,125,-33.6383
1.45,0,0,125,-33.5399
1.475,0,0,125,-33.4413
1.5,0,0,125,-33.3426
1.525,0,0,125,-33.2437
1.55,0,0,125,-33.1447
1.575,0,0,125,-33.0457
1.6,0,0,125,-32.9465
1.625,0,0,125,-32.8473
1.65,0,0,125,-32.748
1.675,0,0,125,-32.6487
1.7,0,0,125,-32.5494
1.725,0,0,125,-32.45
1.75,0,0,125,-32.3506
1.775,0,0,125,-32.2512
1.8,0,0,125,-32.1518
1.825,0,0,125,-32.0525
1.85,0,0,125,-31.9532
1.875,0,0,125,-31.8539
1.9,0,0,125,-31.7546
1.925,0,0,125,-31.6554
1.95,0,0,125,-31.5563
1.975,0,0,125,-31.4572
2,0,0,125,-31.3582
2.025,0,0,125,-31.2592
2.05,0,0,125,-31.1604
2.075,0,0,125,-31.0616
2.1,0,0,125,-30.9629
2.125,0,0,125,-30.8643
2.15,0,0,125,-30.7659
2.175,0,0,125,-30.6675
2.2,0,0,125,-30.5692
2.225,0,0,125,-30.4711
2.25,0,0,125,-30.3731
2.275,0,0,125,-30.2752
2.3,0,0,125,-30.1774
2.325,0,0,125,-30.0798
2.35,0,0,125,-29.9823
2.375,0,0,125,-29.8849
2.4,0,0,125,-29.7877
2.425,0,0,125,-29.6906
2.45,0,0,125,-29.5937
2.475,0,0,125,-29.4969
2.5,0,0,125,-29.4003
2.525,0,0,125,-29.3038
2.55,0,0,125,-29.2075
2.575,0,0,125,-29.1113
2.6,0,0,125,-29.0153
2.625,0,0,125,-28.9195
2.65,0,0,125,-28.8238
2.675,0,0,125,-28.7284
2.7,0,0,125,-28.6331
2.725,0,0,125,-28.5379
2.75,0,0,125,-28.443
2.775,0,0,125,-28.3482
2.8,0,0,125,-28.2537
2.825,0,0,125,-28.1593
2.85,0,0,125,-28.0651
2.875,0,0,125,-27.9711
2.9,0,0,125,-27.8773
2.925,0,0,125,-27.7837
2.95,0,0,125,-27.6903
2.975,0,0,125,-27.5972
3,0,0,125,-27.5042
3.025,0,0,125,-27.4114
3.05,0,0,125,-27.3189
3.075,0,0,125,-27.2266
3.1,0,0,125,-27.1345
3.125,0,0,125,-27.0427
3.15,0,0,125,-26.9511
3.175,0,0,125,-26.8597
3.2,0,0,125,-26.7686
3.225,0,0,125,-26.6777
3.25,0,0,125,-26.5871
3.275,0,0,125,-26.4967
3.3,0,0,125,-26.4066
3.325,0,0,125,-26.3168
3.35,0,0,125,-26.2273
3.375,0,0,125,-26.1381
3.4,0,0,125,-26.0492
3.425,0,0,125,-25.9605
3.45,0,0,125,-25.8722
3.475,0,0,125,-25.7842
3.5,0,0,125,-25.6966
3.525,0,0,125,-25.6093
3.55,0,0,125,-25.5223
3.575,0,0,125,-25.4357
3.6,0,0,125,-25.3495
3.625,0,0,125,-25.2637
3.65,0,0,125,-25.1783
3.675,0,0,125,-25.0933
3.7,0,0,125,-25.0087
3.725,0,0,125,-24.9246
3.75,0,0,125,-24.8409
3.775,0,0,125,-24.7577
3.8,0,0,125,-24.675
3.825,0,0,125,-24.5929
3.85,0,0,125,-24.5112
3.875,0,0,125,-24.4302
3.9,0,0,125,-24.3497
3.925,0,0,125,-24.2698
3.95,0,0,125,-24.1905
3.975,0,0,125,-24.1119
4,0,0,125,-24.034
4.025,0,0,125,-23.9568
4.05,0,0,125,-23.8804
4.075,0,0,125,-23.8047
4.1,0,0,125,-23.7298
4.125,0,0,125,-23.6558
4.15,0,0,125,-23.5826
4.175,0,0,125,-23.5104
4.2,0,0,125,-23.4391
4.225,0,0,125,-23.3688
4.25,0,0,125,-23.2996
4.275,0,0,125,-23.2314
4.3,0,0,125,-23.1644
4.325,0,0,125,-23.0986
4.35,0,0,125,-23.0341
4.375,0,0,125,-22.9708
4.4,0,0,125,-22.9089
4.425,0,0,125,-22.8485
4.45,0,0,125,-22.7896
4.475,0,0,125,-22.7322
4.5,0,0,125,-22.6765
4.525,0,0,125,-22.6225
4.55,0,0,125,-22.5703
4.575,0,0,125,-22.5199
4.6,0,0,125,-22.4716
4.625,0,0,125,-22.4252
4.65,0,0,125,-22.381
4.675,0,0,125,-22.3391
4.7,0,0,125,-22.2995
4.725,0,0,125,-22.2623
4.75,0,0,125,-22.2276
4.775,0,0,125,-22.1956
4.8,0,0,125,-22.1663
4.825,0,0,125,-22.1399
4.85,0,0,125,-22.1164
4.875,0,0,125,-22.096
4.9,0,0,125,-22.0787
4.925,0,0,125,-22.0648
4.95,0,0,125,-22.0542
4.975,0,0,125,-22.0471
5,0,0,125,-22.0435
