0,0,0,125,-83.1837
0.025,0,0,125,-83.1841
0.05,0,0,125,-83.1849
0.075,0,0,125,-83.186
0.1,0,0,125,-83.1873
0.125,0,0,125,-83.1888
0.15,0,0,125,-83.1905
0.175,0,0,125,-83.1923
0.2,0,0,125,-83.1941
0.225,0,0,125,-83.196
0.25,0,0,125,-83.1978
0.275,0,0,125,-83.1996
0.3,0,0,125,-83.2014
0.325,0,0,125,-83.2032
0.35,0,0,125,-83.205
0.375,0,0,125,-83.2068
0.4,0,0,125,-83.2085
0.425,0,0,125,-83.2102
0.45,0,0,125,-83.2119
0.475,0,0,125,-83.2136
0.5,0,0,125,-83.2153
0.525,0,0,125,-83.217
0.55,0,0,125,-83.2186
0.575,0,0,125,-83.2202
0.6,0,0,125,-83.2218
0.625,0,0,125,-83.2234
0.65,0,0,125,-83.225
0.675,0,0,125,-83.2266
0.7,0,0,125,-83.2281
0.725,0,0,125,-83.2296
0.75,0,0,125,-83.2311
0.775,0,0,125,-83.2326
0.8,0,0,125,-83.2342
0.825,0,0,125,-83.2357
0.85,0,0,125,-83.2372
0.875,0,0,125,-83.2387
0.9,0,0,125,-83.2403
0.925,0,0,125,-83.2418
0.95,0,0,125,-83.2434
0.975,0,0,125,-83.245
1,0,0,125,-83.2466
1.025,0,0,125,-83.2482
1.05,0,0,125,-83.2498
1.075,0,0,125,-83.2514
1.1,0,0,125,-83.253
1.125,0,0,125,-83.2547
1.15,0,0,125,-83.2564
1.175,0,0,125,-83.2581
1.2,0,0,125,-83.2599
1.225,0,0,125,-83.2617
1.25,0,0,125,-83.2636
1.275,0,0,125,-83.2655
1.3,0,0,125,-83.2674
1.325,0,0,125,-83.2693
1.35,0,0,125,-83.2713
1.375,0,0,125,-83.2733
1.4,0,0,125,-83.2754
1.425,0,0,125,-83.2775
1.45,0,0,125,-83.2796
1.475,0,0,125,-83.2818
1.5,0,0,125,-83.284
1.525,0,0,125,-83.2863
1.55,0,0,125,-83.2886
1.575,0,0,125,-83.291
1.6,0,0,125,-83.2934
1.625,0,0,125,-83.2959
1.65,0,0,125,-83.2984
1.675,0,0,125,-83.301
1.7,0,0,125,-83.3036
1.725,0,0,125,-83.3063
1.75,0,0,125,-83.309
1.775,0,0,125,-83.3118
1.8,0,0,125,-83.3147
1.825,0,0,125,-83.3177
1.85,0,0,125,-83.3207
1.875,0,0,125,-83.3237
1.9,0,0,125,-83.3269
1.925,0,0,125,-83.3301
1.95,0,0,125,-83.3334
1.975,0,0,125,-83.3368
2,0,0,125,-83.3402
2.025,0,0,125,-83.3438
2.05,0,0,125,-83.3475
2.075,0,0,125,-83.3512
2.1,0,0,125,-83.355
2.125,0,0,125,-83.3589
2.15,0,0,125,-83.3629
2.175,0,0,125,-83.3671
2.2,0,0,125,-83.3713
2.225,0,0,125,-83.3757
2.25,0,0,125,-83.3801
2.275,0,0,125,-83.3847
2.3,0,0,125,-83.3894
2.325,0,0,125,-83.3942
2.35,0,0,125,-83.3991
2.375,0,0,125,-83.4041
2.4,0,0,125,-83.4092
2.425,0,0,125,-83.4145
2.45,0,0,125,-83.4198
2.475,0,0,125,-83.4253
2.5,0,0,125,-83.4308
2.525,0,0,125,-83.4365
2.55,0,0,125,-83.4422
2.575,0,0,125,-83.4481
2.6,0,0,125,-83.454
2.625,0,0,125,-83.46
2.65,0,0,125,-83.4661
2.675,0,0,125,-83.4723
2.7,0,0,125,-83.4786
2.725,0,0,125,-83.485
2.75,0,0,125,-83.4915
2.775,0,0,125,-83.498
2.8,0,0,125,-83.5046
2.825,0,0,125,-83.5113
2.85,0,0,125,-83.518
2.875,0,0,125,-83.5248
2.9,0,0,125,-83.5316
2.925,0,0,125,-83.5385
2.95,0,0,125,-83.5455
2.975,0,0,125,-83.5525
3,0,0,125,-83.5595
3.025,0,0,125,-83.5665
3.05,0,0,125,-83.5735
3.075,0,0,125,-83.5805
3.1,0,0,125,-83.5875
3.125,0,0,125,-83.5945
3.15,0,0,125,-83.6015
3.175,0,0,125,-83.6085
3.2,0,0,125,-83.6155
3.225,0,0,125,-83.6224
3.25,0,0,125,-83.6292
3.275,0,0,125,-83.6361
3.3,0,0,125,-83.6428
3.325,0,0,125,-83.6496
3.35,0,0,125,-83.6562
3.375,0,0,125,-83.6628
3.4,0,0,125,-83.6694
3.425,0,0,125,-83.6758
3.45,0,0,125,-83.6822
3.475,0,0,125,-83.6884
3.5,0,0,125,-83.6946
3.525,0,0,125,-83.7006
3.55,0,0,125,-83.7066
3.575,0,0,125,-83.7124
3.6,0,0,125,-83.7181
3.625,0,0,125,-83.7237
3.65,0,0,125,-83.7292
3.675,0,0,125,-83.7345
3.7,0,0,125,-83.7397
3.725,0,0,125,-83.7448
3.75,0,0,125,-83.7497
3.775,0,0,125,-83.7545
3.8,0,0,125,-83.7592
3.825,0,0,125,-83.7637
3.85,0,0,125,-83.7681
3.875,0,0,125,-83.7723
3.9,0,0,125,-83.7764
3.925,0,0,125,-83.7804
3.95,0,0,125,-83.7842
3.975,0,0,125,-83.7879
4,0,0,125,-83.7915
4.025,0,0,125,-83.7949
4.05,0,0,125,-83.7982
4.075,0,0,125,-83.8013
4.1,0,0,125,-83.8043
4.125,0,0,125,-83.8072
4.15,0,0,125,-83.81
4.175,0,0,125,-83.8127
4.2,0,0,125,-83.8152
4.225,0,0,125,-83.8175
4.25,0,0,125,-83.8198
4.275,0,0,125,-83.8219
4.3,0,0,125,-83.8239
4.325,0,0,125,-83.8258
4.35,0,0,125,-83.8276
4.375,0,0,125,-83.8293
4.4,0,0,125,-83.8309
4.425,0,0,125,-83.8323
4.45,0,0,125,-83.8337
4.475,0,0,125,-83.8349
4.5,0,0,125,-83.8361
4.525,0,0,125,-83.8372
4.55,0,0,125,-83.8382
4.575,0,0,125,-83.8391
4.6,0,0,125,-83.8399
4.625,0,0,125,-83.8407
4.65,0,0,125,-83.8414
4.675,0,0,125,-83.842
4.7,0,0,125,-83.8425
4.725,0,0,125,-83.843
4.75,0,0,125,-83.8434
4.775,0,0,125,-83.8437
4.8,0,0,125,-83.844
4.825,0,0,125,-83.8442
4.85,0,0,125,-83.8444
4.875,0,0,125,-83.8445
4.9,0,0,125,-83.8446
4.925,0,0,125,-83.8446
4.95,0,0,125,-83.8447
4.975,0,0,125,-83.8447
5,0,0,125,-83.8447
