0,0,0,125,-60.3439
0.025,0,0,125,-60.3375
0.05,0,0,125,-60.3246
0.075,0,0,125,-60.3055
0.1,0,0,125,-60.2804
0.125,0,0,125,-60.2494
0.15,0,0,125,-60.2129
0.175,0,0,125,-60.1711
0.2,0,0,125,-60.1242
0.225,0,0,125,-60.0723
0.25,0,0,125,-60.0156
0.275,0,0,125,-59.9543
0.3,0,0,125,-59.8883
0.325,0,0,125,-59.818
0.35,0,0,125,-59.7434
0.375,0,0,125,-59.6646
0.4,0,0,125,-59.5818
0.425,0,0,125,-59.4951
0.45,0,0,125,-59.4045
0.475,0,0,125,-59.3104
0.5,0,0,125,-59.2126
0.525,0,0,125,-59.1114
0.55,0,0,125,-59.0069
0.575,0,0,125,-58.8991
0.6,0,0,125,-58.7883
0.625,0,0,125,-58.6744
0.65,0,0,125,-58.5577
0.675,0,0,125,-58.4382
0.7,0,0,125,-58.316
0.725,0,0,125,-58.1912
0.75,0,0,125,-58.0639
0.775,0,0,125,-57.9343
0.8,0,0,125,-57.8023
0.825,0,0,125,-57.6682
0.85,0,0,125,-57.532
0.875,0,0,125,-57.3937
0.9,0,0,125,-57.2536
0.925,0,0,125,-57.1116
0.95,0,0,125,-56.9679
0.975,0,0,125,-56.8225
1,0,0,125,-56.6755
1.025,0,0,125,-56.527
1.05,0,0,125,-56.3771
1.075,0,0,125,-56.2259
1.1,0,0,125,-56.0734
1.125,0,0,125,-55.9197
1.15,0,0,125,-55.7649
1.175,0,0,125,-55.609
1.2,0,0,125,-55.4521
1.225,0,0,125,-55.2943
1.25,0,0,125,-55.1357
1.275,0,0,125,-54.9762
1.3,0,0,125,-54.816
1.325,0,0,125,-54.6552
1.35,0,0,125,-54.4937
1.375,0,0,125,-54.3316
1.4,0,0,125,-54.1691
1.425,0,0,125,-54.0061
1.45,0,0,125,-53.8427
1.475,0,0,125,-53.6789
1.5,0,0,125,-53.5148
1.525,0,0,125,-53.3505
1.55,0,0,125,-53.1859
1.575,0,0,125,-53.0211
1.6,0,0,125,-52.8563
1.625,0,0,125,-52.6913
1.65,0,0,125,-52.5262
1.675,0,0,125,-52.3612
1.7,0,0,125,-52.1961
1.725,0,0,125,-52.0311
1.75,0,0,125,-51.8662
1.775,0,0,125,-51.7014
1.8,0,0,125,-51.5368
1.825,0,0,125,-51.3723
1.85,0,0,125,-51.208
1.875,0,0,125,-51.0439
1.9,0,0,125,-50.8801
1.925,0,0,125,-50.7166
1.95,0,0,125,-50.5534
1.975,0,0,125,-50.3905
2,0,0,125,-50.228
2.025,0,0,125,-50.0658
2.05,0,0,125,-49.904
2.075,0,0,125,-49.7426
2.1,0,0,125,-49.5817
2.125,0,0,125,-49.4211
2.15,0,0,125,-49.2611
2.175,0,0,125,-49.1015
2.2,0,0,125,-48.9424
2.225,0,0,125,-48.7838
2.25,0,0,125,-48.6257
2.275,0,0,125,-48.4681
2.3,0,0,125,-48.3111
2.325,0,0,125,-48.1547
2.35,0,0,125,-47.9988
2.375,0,0,125,-47.8434
2.4,0,0,125,-47.6886
2.425,0,0,125,-47.5345
2.45,0,0,125,-47.3809
2.475,0,0,125,-47.2279
2.5,0,0,125,-47.0756
2.525,0,0,125,-46.9238
2.55,0,0,125,-46.7727
2.575,0,0,125,-46.6222
2.6,0,0,125,-46.4724
2.625,0,0,125,-46.3232
2.65,0,0,125,-46.1746
2.675,0,0,125,-46.0268
2.7,0,0,125,-45.8795
2.725,0,0,125,-45.733
2.75,0,0,125,-45.5871
2.775,0,0,125,-45.4418
2.8,0,0,125,-45.2973
2.825,0,0,125,-45.1534
2.85,0,0,125,-45.0102
2.875,0,0,125,-44.8678
2.9,0,0,125,-44.726
2.925,0,0,125,-44.5849
2.95,0,0,125,-44.4445
2.975,0,0,125,-44.3048
3,0,0,125,-44.1658
3.025,0,0,125,-44.0275
3.05,0,0,125,-43.89
3.075,0,0,125,-43.7532
3.1,0,0,125,-43.6171
3.125,0,0,125,-43.4817
3.15,0,0,125,-43.347
3.175,0,0,125,-43.2132
3.2,0,0,125,-43.08
3.225,0,0,125,-42.9476
3.25,0,0,125,-42.816
3.275,0,0,125,-42.6851
3.3,0,0,125,-42.555
3.325,0,0,125,-42.4257
3.35,0,0,125,-42.2971
3.375,0,0,125,-42.1694
3.4,0,0,125,-42.0424
3.425,0,0,125,-41.9163
3.45,0,0,125,-41.791
3.475,0,0,125,-41.6665
3.5,0,0,125,-41.5429
3.525,0,0,125,-41.4201
3.55,0,0,125,-41.2982
3.575,0,0,125,-41.1772
3.6,0,0,125,-41.0571
3.625,0,0,125,-40.9379
3.65,0,0,125,-40.8196
3.675,0,0,125,-40.7023
3.7,0,0,125,-40.5859
3.725,0,0,125,-40.4705
3.75,0,0,125,-40.3561
3.775,0,0,125,-40.2428
3.8,0,0,125,-40.1304
3.825,0,0,125,-40.0192
3.85,0,0,125,-39.909
3.875,0,0,125,-39.8
3.9,0,0,125,-39.6921
3.925,0,0,125,-39.5854
3.95,0,0,125,-39.4799
3.975,0,0,125,-39.3756
4,0,0,125,-39.2726
4.025,0,0,125,-39.171
4.05,0,0,125,-39.0706
4.075,0,0,125,-38.9716
4.1,0,0,125,-38.8741
4.125,0,0,125,-38.778
4.15,0,0,125,-38.6834
4.175,0,0,125,-38.5904
4.2,0,0,125,-38.4989
4.225,0,0,125,-38.4091
4.25,0,0,125,-38.321
4.275,0,0,125,-38.2346
4.3,0,0,125,-38.1501
4.325,0,0,125,-38.0674
4.35,0,0,125,-37.9866
4.375,0,0,125,-37.9078
4.4,0,0,125,-37.8311
4.425,0,0,125,-37.7565
4.45,0,0,125,-37.684
4.475,0,0,125,-37.6138
4.5,0,0,125,-37.546
4.525,0,0,125,-37.4805
4.55,0,0,125,-37.4175
4.575,0,0,125,-37.3571
4.6,0,0,125,-37.2993
4.625,0,0,125,-37.2442
4.65,0,0,125,-37.192
4.675,0,0,125,-37.1426
4.7,0,0,125,-37.0962
4.725,0,0,125,-37.0529
4.75,0,0,125,-37.0128
4.775,0,0,125,-36.9759
4.8,0,0,125,-36.9423
4.825,0,0,125,-36.9121
4.85,0,0,125,-36.8855
4.875,0,0,125,-36.8624
4.9,0,0,125,-36.8431
4.925,0,0,125,-36.8275
4.95,0,0,125,-36.8157
4.975,0,0,125,-36.8078
5,0,0,125,-36.8038
