0,0,0,125,-82.5178
0.025,0,0,125,-82.5183
0.05,0,0,125,-82.5193
0.075,0,0,125,-82.5208
0.1,0,0,125,-82.5227
0.125,0,0,125,-82.5249
0.15,0,0,125,-82.5273
0.175,0,0,125,-82.5298
0.2,0,0,125,-82.5323
0.225,0,0,125,-82.5349
0.25,0,0,125,-82.5375
0.275,0,0,125,-82.5401
0.3,0,0,125,-82.5427
0.325,0,0,125,-82.5453
0.35,0,0,125,-82.5479
0.375,0,0,125,-82.5504
0.4,0,0,125,-82.5529
0.425,0,0,125,-82.5554
0.45,0,0,125,-82.5579
0.475,0,0,125,-82.5604
0.5,0,0,125,-82.5628
0.525,0,0,125,-82.5652
0.55,0,0,125,-82.5677
0.575,0,0,125,-82.5701
0.6,0,0,125,-82.5725
0.625,0,0,125,-82.5749
0.65,0,0,125,-82.5773
0.675,0,0,125,-82.5797
0.7,0,0,125,-82.5821
0.725,0,0,125,-82.5845
0.75,0,0,125,-82.5869
0.775,0,0,125,-82.5893
0.8,0,0,125,-82.5918
0.825,0,0,125,-82.5943
0.85,0,0,125,-82.5968
0.875,0,0,125,-82.5993
0.9,0,0,125,-82.6018
0.925,0,0,125,-82.6044
0.95,0,0,125,-82.607
0.975,0,0,125,-82.6096
1,0,0,125,-82.6123
1.025,0,0,125,-82.615
1.05,0,0,125,-82.6177
1.075,0,0,125,-82.6205
1.1,0,0,125,-82.6233
1.125,0,0,125,-82.6262
1.15,0,0,125,-82.6291
1.175,0,0,125,-82.632
1.2,0,0,125,-82.635
1.225,0,0,125,-82.638
1.25,0,0,125,-82.641
1.275,0,0,125,-82.6441
1.3,0,0,125,-82.6472
1.325,0,0,125,-82.6504
1.35,0,0,125,-82.6536
1.375,0,0,125,-82.6568
1.4,0,0,125,-82.6601
1.425,0,0,125,-82.6634
1.45,0,0,125,-82.6668
1.475,0,0,125,-82.6702
1.5,0,0,125,-82.6736
1.525,0,0,125,-82.6771
1.55,0,0,125,-82.6807
1.575,0,0,125,-82.6842
1.6,0,0,125,-82.6879
1.625,0,0,125,-82.6916
1.65,0,0,125,-82.6953
1.675,0,0,125,-82.6991
1.7,0,0,125,-82.7029
1.725,0,0,125,-82.7068
1.75,0,0,125,-82.7108
1.775,0,0,125,-82.7148
1.8,0,0,125,-82.7189
1.825,0,0,125,-82.7231
1.85,0,0,125,-82.7273
1.875,0,0,125,-82.7316
1.9,0,0,125,-82.736
1.925,0,0,125,-82.7405
1.95,0,0,125,-82.745
1.975,0,0,125,-82.7497
2,0,0,125,-82.7544
2.025,0,0,125,-82.7593
2.05,0,0,125,-82.7643
2.075,0,0,125,-82.7693
2.1,0,0,125,-82.7745
2.125,0,0,125,-82.7798
2.15,0,0,125,-82.7852
2.175,0,0,125,-82.7907
2.2,0,0,125,-82.7964
2.225,0,0,125,-82.8022
2.25,0,0,125,-82.8081
2.275,0,0,125,-82.8141
2.3,0,0,125,-82.8203
2.325,0,0,125,-82.8267
2.35,0,0,125,-82.8331
2.375,0,0,125,-82.8397
2.4,0,0,125,-82.8465
2.425,0,0,125,-82.8534
2.45,0,0,125,-82.8604
2.475,0,0,125,-82.8676
2.5,0,0,125,-82.875
2.525,0,0,125,-82.8824
2.55,0,0,125,-82.89
2.575,0,0,125,-82.8978
2.6,0,0,125,-82.9056
2.625,0,0,125,-82.9137
2.65,0,0,125,-82.9218
2.675,0,0,125,-82.9301
2.7,0,0,125,-82.9385
2.725,0,0,125,-82.9471
2.75,0,0,125,-82.9558
2.775,0,0,125,-82.9646
2.8,0,0,125,-82.9734
2.825,0,0,125,-82.9824
2.85,0,0,125,-82.9915
2.875,0,0,125,-83.0006
2.9,0,0,125,-83.0099
2.925,0,0,125,-83.0191
2.95,0,0,125,-83.0285
2.975,0,0,125,-83.0379
3,0,0,125,-83.0473
3.025,0,0,125,-83.0568
3.05,0,0,125,-83.0663
3.075,0,0,125,-83.0759
3.1,0,0,125,-83.0855
3.125,0,0,125,-83.095
3.15,0,0,125,-83.1046
3.175,0,0,125,-83.1142
3.2,0,0,125,-83.1237
3.225,0,0,125,-83.1332
3.25,0,0,125,-83.1427
3.275,0,0,125,-83.1521
3.3,0,0,125,-83.1614
3.325,0,0,125,-83.1707
3.35,0,0,125,-83.1798
3.375,0,0,125,-83.1889
3.4,0,0,125,-83.1979
3.425,0,0,125,-83.2068
3.45,0,0,125,-83.2156
3.475,0,0,125,-83.2242
3.5,0,0,125,-83.2328
3.525,0,0,125,-83.2412
3.55,0,0,125,-83.2494
3.575,0,0,125,-83.2575
3.6,0,0,125,-83.2655
3.625,0,0,125,-83.2733
3.65,0,0,125,-83.281
3.675,0,0,125,-83.2884
3.7,0,0,125,-83.2957
3.725,0,0,125,-83.3028
3.75,0,0,125,-83.3097
3.775,0,0,125,-83.3164
3.8,0,0,125,-83.3229
3.825,0,0,125,-83.3293
3.85,0,0,125,-83.3355
3.875,0,0,125,-83.3414
3.9,0,0,125,-83.3472
3.925,0,0,125,-83.3528
3.95,0,0,125,-83.3582
3.975,0,0,125,-83.3634
4,0,0,125,-83.3685
4.025,0,0,125,-83.3733
4.05,0,0,125,-83.3779
4.075,0,0,125,-83.3824
4.1,0,0,125,-83.3866
4.125,0,0,125,-83.3907
4.15,0,0,125,-83.3946
4.175,0,0,125,-83.3983
4.2,0,0,125,-83.4018
4.225,0,0,125,-83.4051
4.25,0,0,125,-83.4083
4.275,0,0,125,-83.4113
4.3,0,0,125,-83.4142
4.325,0,0,125,-83.4169
4.35,0,0,125,-83.4194
4.375,0,0,125,-83.4218
4.4,0,0,125,-83.424
4.425,0,0,125,-83.4261
4.45,0,0,125,-83.4281
4.475,0,0,125,-83.4299
4.5,0,0,125,-83.4315
4.525,0,0,125,-83.4331
4.55,0,0,125,-83.4345
4.575,0,0,125,-83.4358
4.6,0,0,125,-83.437
4.625,0,0,125,-83.4381
4.65,0,0,125,-83.439
4.675,0,0,125,-83.4399
4.7,0,0,125,-83.4406
4.725,0,0,125,-83.4413
4.75,0,0,125,-83.4418
4.775,0,0,125,-83.4423
4.8,0,0,125,-83.4427
4.825,0,0,125,-83.443
4.85,0,0,125,-83.4433
4.875,0,0,125,-83.4434
4.9,0,0,125,-83.4435
4.925,0,0,125,-83.4436
4.95,0,0,125,-83.4437
4.975,0,0,125,-83.4437
5,0,0,125,-83.4437
