0,0,0,125,-82.5932
0.025,0,0,125,-82.5928
0.05,0,0,125,-82.5917
0.075,0,0,125,-82.5901
0.1,0,0,125,-82.5877
0.125,0,0,125,-82.5844
0.15,0,0,125,-82.5799
0.175,0,0,125,-82.5741
0.2,0,0,125,-82.5668
0.225,0,0,125,-82.5579
0.25,0,0,125,-82.5473
0.275,0,0,125,-82.5347
0.3,0,0,125,-82.5199
0.325,0,0,125,-82.5028
0.35,0,0,125,-82.4831
0.375,0,0,125,-82.4607
0.4,0,0,125,-82.4351
0.425,0,0,125,-82.4063
0.45,0,0,125,-82.3737
0.475,0,0,125,-82.3372
0.5,0,0,125,-82.2962
0.525,0,0,125,-82.2505
0.55,0,0,125,-82.1994
0.575,0,0,125,-82.1426
0.6,0,0,125,-82.0794
0.625,0,0,125,-82.0092
0.65,0,0,125,-81.9314
0.675,0,0,125,-81.8451
0.7,0,0,125,-81.7496
0.725,0,0,125,-81.644
0.75,0,0,125,-81.5273
0.775,0,0,125,-81.3983
0.8,0,0,125,-81.256
0.825,0,0,125,-81.099
0.85,0,0,125,-80.9259
0.875,0,0,125,-80.7353
0.9,0,0,125,-80.5254
0.925,0,0,125,-80.2944
0.95,0,0,125,-80.0405
0.975,0,0,125,-79.7616
1,0,0,125,-79.4553
1.025,0,0,125,-79.1194
1.05,0,0,125,-78.7512
1.075,0,0,125,-78.3481
1.1,0,0,125,-77.9072
1.125,0,0,125,-77.4256
1.15,0,0,125,-76.9001
1.175,0,0,125,-76.3275
1.2,0,0,125,-75.7047
1.225,0,0,125,-75.0282
1.25,0,0,125,-74.2949
1.275,0,0,125,-73.5017
1.3,0,0,125,-72.6454
1.325,0,0,125,-71.7235
1.35,0,0,125,-70.7333
1.375,0,0,125,-69.6731
1.4,0,0,125,-68.5412
1.425,0,0,125,-67.337
1.45,0,0,125,-66.0604
1.475,0,0,125,-64.7122
1.5,0,0,125,-63.2942
1.525,0,0,125,-61.8091
1.55,0,0,125,-60.2605
1.575,0,0,125,-58.6534
1.6,0,0,125,-56.9932
1.625,0,0,125,-55.2865
1.65,0,0,125,-53.5406
1.675,0,0,125,-51.7633
1.7,0,0,125,-49.9626
1.725,0,0,125,-48.1467
1.75,0,0,125,-46.324
1.775,0,0,125,-44.5021
1.8,0,0,125,-42.6884
1.825,0,0,125,-40.8898
1.85,0,0,125,-39.1122
1.875,0,0,125,-37.361
1.9,0,0,125,-35.6406
1.925,0,0,125,-33.9548
1.95,0,0,125,-32.3068
1.975,0,0,125,-30.6991
2,0,0,125,-29.134
2.025,0,0,125,-27.613
2.05,0,0,125,-26.1376
2.075,0,0,125,-24.7089
2.1,0,0,125,-23.3277
2.125,0,0,125,-21.9945
2.15,0,0,125,-20.7098
2.175,0,0,125,-19.4735
2.2,0,0,125,-18.2854
2.225,0,0,125,-17.1452
2.25,0,0,125,-16.0522
2.275,0,0,125,-15.0057
2.3,0,0,125,-14.0048
2.325,0,0,125,-13.0482
2.35,0,0,125,-12.1349
2.375,0,0,125,-11.2635
2.4,0,0,125,-10.4326
2.425,0,0,125,-9.64082
2.45,0,0,125,-8.88665
2.475,0,0,125,-8.1686
2.5,0,0,125,-7.48515
2.525,0,0,125,-6.8348
2.55,0,0,125,-6.21608
2.575,0,0,125,-5.6275
2.6,0,0,125,-5.06763
2.625,0,0,125,-4.53509
2.65,0,0,125,-4.0285
2.675,0,0,125,-3.54655
2.7,0,0,125,-3.08799
2.725,0,0,125,-2.65159
2.75,0,0,125,-2.2362
2.775,0,0,125,-1.84068
2.8,0,0,125,-1.46399
2.825,0,0,125,-1.1051
2.85,0,0,125,-0.763064
2.875,0,0,125,-0.436957
2.9,0,0,125,-0.125914
2.925,0,0,125,0.170888
2.95,0,0,125,0.454224
2.975,0,0,125,0.72483
3,0,0,125,0.983397
3.025,0,0,125,1.23058
3.05,0,0,125,1.46699
3.075,0,0,125,1.69321
3.1,0,0,125,1.9098
3.125,0,0,125,2.11725
3.15,0,0,125,2.31606
3.175,0,0,125,2.50668
3.2,0,0,125,2.68955
3.225,0,0,125,2.86505
3.25,0,0,125,3.03357
3.275,0,0,125,3.19547
3.3,0,0,125,3.35108
3.325,0,0,125,3.50071
3.35,0,0,125,3.64465
3.375,0,0,125,3.78319
3.4,0,0,125,3.91658
3.425,0,0,125,4.04507
3.45,0,0,125,4.16888
3.475,0,0,125,4.28823
3.5,0,0,125,4.40332
3.525,0,0,125,4.51435
3.55,0,0,125,4.62149
3.575,0,0,125,4.72491
3.6,0,0,125,4.82476
3.625,0,0,125,4.92121
3.65,0,0,125,5.01438
3.675,0,0,125,5.10441
3.7,0,0,125,5.19141
3.725,0,0,125,5.27552
3.75,0,0,125,5.35684
3.775,0,0,125,5.43546
3.8,0,0,125,5.5115
3.825,0,0,125,5.58503
3.85,0,0,125,5.65616
3.875,0,0,125,5.72495
3.9,0,0,125,5.79149
3.925,0,0,125,5.85584
3.95,0,0,125,5.91809
3.975,0,0,125,5.97829
4,0,0,125,6.0365
4.025,0,0,125,6.09279
4.05,0,0,125,6.1472
4.075,0,0,125,6.19979
4.1,0,0,125,6.25062
4.125,0,0,125,6.29971
4.15,0,0,125,6.34713
4.175,0,0,125,6.3929
4.2,0,0,125,6.43708
4.225,0,0,125,6.47968
4.25,0,0,125,6.52076
4.275,0,0,125,6.56034
4.3,0,0,125,6.59845
4.325,0,0,125,6.63511
4.35,0,0,125,6.67036
4.375,0,0,125,6.70422
4.4,0,0,125,6.7367
4.425,0,0,125,6.76783
4.45,0,0,125,6.79762
4.475,0,0,125,6.82609
4.5,0,0,125,6.85324
4.525,0,0,125,6.87909
4.55,0,0,125,6.90364
4.575,0,0,125,6.92689
4.6,0,0,125,6.94885
4.625,0,0,125,6.9695
4.65,0,0,125,6.98885
4.675,0,0,125,7.00689
4.7,0,0,125,7.0236
4.725,0,0,125,7.03897
4.75,0,0,125,7.053
4.775,0,0,125,7.06565
4.8,0,0,125,7.07693
4.825,0,0,125,7.08681
4.85,0,0,125,7.0953
4.875,0,0,125,7.10242
4.9,0,0,125,7.10821
4.925,0,0,125,7.11275
4.95,0,0,125,7.11609
4.975,0,0,125,7.1183
5,0,0,125,7.1194
