0,0,0,125,-3.16896
0.025,0,0,125,-3.17302
0.05,0,0,125,-3.18114
0.075,0,0,125,-3.19336
0.1,0,0,125,-3.2097
0.125,0,0,125,-3.23025
0.15,0,0,125,-3.25506
0.175,0,0,125,-3.28418
0.2,0,0,125,-3.31757
0.225,0,0,125,-3.3552
0.25,0,0,125,-3.39698
0.275,0,0,125,-3.44284
0.3,0,0,125,-3.49271
0.325,0,0,125,-3.54651
0.35,0,0,125,-3.60414
0.375,0,0,125,-3.66554
0.4,0,0,125,-3.73063
0.425,0,0,125,-3.79933
0.45,0,0,125,-3.87159
0.475,0,0,125,-3.94733
0.5,0,0,125,-4.0265
0.525,0,0,125,-4.10906
0.55,0,0,125,-4.19495
0.575,0,0,125,-4.28413
0.6,0,0,125,-4.37658
0.625,0,0,125,-4.47226
0.65,0,0,125,-4.57115
0.675,0,0,125,-4.67324
0.7,0,0,125,-4.77852
0.725,0,0,125,-4.88698
0.75,0,0,125,-4.99862
0.775,0,0,125,-5.11347
0.8,0,0,125,-5.23153
0.825,0,0,125,-5.35283
0.85,0,0,125,-5.47739
0.875,0,0,125,-5.60524
0.9,0,0,125,-5.73644
0.925,0,0,125,-5.87103
0.95,0,0,125,-6.00905
0.975,0,0,125,-6.15058
1,0,0,125,-6.29567
1.025,0,0,125,-6.44441
1.05,0,0,125,-6.59687
1.075,0,0,125,-6.75314
1.1,0,0,125,-6.91332
1.125,0,0,125,-7.07749
1.15,0,0,125,-7.24578
1.175,0,0,125,-7.4183
1.2,0,0,125,-7.59516
1.225,0,0,125,-7.7765
1.25,0,0,125,-7.96246
1.275,0,0,125,-8.15318
1.3,0,0,125,-8.34881
1.325,0,0,125,-8.54951
1.35,0,0,125,-8.75545
1.375,0,0,125,-8.9668
1.4,0,0,125,-9.18374
1.425,0,0,125,-9.40647
1.45,0,0,125,-9.63519
1.475,0,0,125,-9.8701
1.5,0,0,125,-10.1114
1.525,0,0,125,-10.3594
1.55,0,0,125,-10.6142
1.575,0,0,125,-10.8761
1.6,0,0,125,-11.1453
1.625,0,0,125,-11.4222
1.65,0,0,125,-11.7069
1.675,0,0,125,-11.9998
1.7,0,0,125,-12.301
1.725,0,0,125,-12.611
1.75,0,0,125,-12.9299
1.775,0,0,125,-13.2581
1.8,0,0,125,-13.5959
1.825,0,0,125,-13.9436
1.85,0,0,125,-14.3015
1.875,0,0,125,-14.6699
1.9,0,0,125,-15.0491
1.925,0,0,125,-15.4395
1.95,0,0,125,-15.8413
1.975,0,0,125,-16.255
2,0,0,125,-16.6808
2.025,0,0,125,-17.119
2.05,0,0,125,-17.5701
2.075,0,0,125,-18.0342
2.1,0,0,125,-18.5118
2.125,0,0,125,-19.0031
2.15,0,0,125,-19.5085
2.175,0,0,125,-20.0283
2.2,0,0,125,-20.5628
2.225,0,0,125,-21.1122
2.25,0,0,125,-21.677
2.275,0,0,125,-22.2573
2.3,0,0,125,-22.8534
2.325,0,0,125,-23.4657
2.35,0,0,125,-24.0944
2.375,0,0,125,-24.7398
2.4,0,0,125,-25.4022
2.425,0,0,125,-26.0817
2.45,0,0,125,-26.7786
2.475,0,0,125,-27.4933
2.5,0,0,125,-28.2259
2.525,0,0,125,-28.9766
2.55,0,0,125,-29.7457
2.575,0,0,125,-30.5333
2.6,0,0,125,-31.3396
2.625,0,0,125,-32.1648
2.65,0,0,125,-33.0089
2.675,0,0,125,-33.8719
2.7,0,0,125,-34.754
2.725,0,0,125,-35.6548
2.75,0,0,125,-36.5743
2.775,0,0,125,-37.5122
2.8,0,0,125,-38.4679
2.825,0,0,125,-39.441
2.85,0,0,125,-40.4307
2.875,0,0,125,-41.4361
2.9,0,0,125,-42.4563
2.925,0,0,125,-43.49
2.95,0,0,125,-44.5358
2.975,0,0,125,-45.5922
3,0,0,125,-46.6574
3.025,0,0,125,-47.7296
3.05,0,0,125,-48.8069
3.075,0,0,125,-49.8869
3.1,0,0,125,-50.9676
3.125,0,0,125,-52.0467
3.15,0,0,125,-53.1217
3.175,0,0,125,-54.1903
3.2,0,0,125,-55.25
3.225,0,0,125,-56.2986
3.25,0,0,125,-57.3338
3.275,0,0,125,-58.3533
3.3,0,0,125,-59.355
3.325,0,0,125,-60.3369
3.35,0,0,125,-61.2972
3.375,0,0,125,-62.2342
3.4,0,0,125,-63.1465
3.425,0,0,125,-64.0326
3.45,0,0,125,-64.8915
3.475,0,0,125,-65.7222
3.5,0,0,125,-66.524
3.525,0,0,125,-67.2963
3.55,0,0,125,-68.0387
3.575,0,0,125,-68.7511
3.6,0,0,125,-69.4333
3.625,0,0,125,-70.0856
3.65,0,0,125,-70.708
3.675,0,0,125,-71.3011
3.7,0,0,125,-71.8653
3.725,0,0,125,-72.4011
3.75,0,0,125,-72.9093
3.775,0,0,125,-73.3906
3.8,0,0,125,-73.8457
3.825,0,0,125,-74.2755
3.85,0,0,125,-74.6809
3.875,0,0,125,-75.0627
3.9,0,0,125,-75.422
3.925,0,0,125,-75.7596
3.95,0,0,125,-76.0764
3.975,0,0,125,-76.3734
4,0,0,125,-76.6515
4.025,0,0,125,-76.9116
4.05,0,0,125,-77.1545
4.075,0,0,125,-77.3811
4.1,0,0,125,-77.5923
4.125,0,0,125,-77.7888
4.15,0,0,125,-77.9714
4.175,0,0,125,-78.1409
4.2,0,0,125,-78.2979
4.225,0,0,125,-78.4433
4.25,0,0,125,-78.5775
4.275,0,0,125,-78.7013
4.3,0,0,125,-78.8153
4.325,0,0,125,-78.92
4.35,0,0,125,-79.016
4.375,0,0,125,-79.1039
4.4,0,0,125,-79.184
4.425,0,0,125,-79.2569
4.45,0,0,125,-79.3231
4.475,0,0,125,-79.383
4.5,0,0,125,-79.437
4.525,0,0,125,-79.4855
4.55,0,0,125,-79.5289
4.575,0,0,125,-79.5675
4.6,0,0,125,-79.6018
4.625,0,0,125,-79.632
4.65,0,0,125,-79.6586
4.675,0,0,125,-79.6816
4.7,0,0,125,-79.7016
4.725,0,0,125,-79.7188
4.75,0,0,125,-79.7334
4.775,0,0,125,-79.7457
4.8,0,0,125,-79.7559
4.825,0,0,125,-79.7644
4.85,0,0,125,-79.7713
4.875,0,0,125,-79.7767
4.9,0,0,125,-79.781
4.925,0,0,125,-79.7842
4.95,0,0,125,-79.7865
4.975,0,0,125,-79.788
5,0,0,125,-79.7888
