0,0,0,125,10.893
0.025,0,0,125,10.8952
0.05,0,0,125,10.8994
0.075,0,0,125,10.9052
0.1,0,0,125,10.912
0.125,0,0,125,10.9191
0.15,0,0,125,10.9259
0.175,0,0,125,10.9317
0.2,0,0,125,10.9363
0.225,0,0,125,10.9394
0.25,0,0,125,10.9411
0.275,0,0,125,10.9412
0.3,0,0,125,10.9396
0.325,0,0,125,10.9362
0.35,0,0,125,10.9311
0.375,0,0,125,10.9241
0.4,0,0,125,10.9152
0.425,0,0,125,10.9044
0.45,0,0,125,10.8916
0.475,0,0,125,10.8769
0.5,0,0,125,10.8601
0.525,0,0,125,10.8413
0.55,0,0,125,10.8204
0.575,0,0,125,10.7974
0.6,0,0,125,10.7723
0.625,0,0,125,10.745
0.65,0,0,125,10.7156
0.675,0,0,125,10.6839
0.7,0,0,125,10.6499
0.725,0,0,125,10.6137
0.75,0,0,125,10.5751
0.775,0,0,125,10.5341
0.8,0,0,125,10.4907
0.825,0,0,125,10.4449
0.85,0,0,125,10.3965
0.875,0,0,125,10.3455
0.9,0,0,125,10.2919
0.925,0,0,125,10.2355
0.95,0,0,125,10.1764
0.975,0,0,125,10.1145
1,0,0,125,10.0496
1.025,0,0,125,9.98181
1.05,0,0,125,9.91091
1.075,0,0,125,9.83685
1.1,0,0,125,9.75956
1.125,0,0,125,9.67894
1.15,0,0,125,9.5949
1.175,0,0,125,9.50736
1.2,0,0,125,9.4162
1.225,0,0,125,9.32134
1.25,0,0,125,9.22267
1.275,0,0,125,9.12009
1.3,0,0,125,9.0135
1.325,0,0,125,8.9028
1.35,0,0,125,8.78787
1.375,0,0,125,8.66861
1.4,0,0,125,8.54493
1.425,0,0,125,8.41671
1.45,0,0,125,8.28386
1.475,0,0,125,8.14628
1.5,0,0,125,8.00387
1.525,0,0,125,7.85654
1.55,0,0,125,7.70419
1.575,0,0,125,7.54675
1.6,0,0,125,7.38412
1.625,0,0,125,7.21623
1.65,0,0,125,7.04301
1.675,0,0,125,6.86439
1.7,0,0,125,6.68031
1.725,0,0,125,6.49073
1.75,0,0,125,6.29558
1.775,0,0,125,6.09483
1.8,0,0,125,5.88844
1.825,0,0,125,5.6764
1.85,0,0,125,5.45866
1.875,0,0,125,5.23523
1.9,0,0,125,5.00608
1.925,0,0,125,4.77123
1.95,0,0,125,4.53067
1.975,0,0,125,4.28441
2,0,0,125,4.03248
2.025,0,0,125,3.77488
2.05,0,0,125,3.51166
2.075,0,0,125,3.24284
2.1,0,0,125,2.96846
2.125,0,0,125,2.68857
2.15,0,0,125,2.40321
2.175,0,0,125,2.11243
2.2,0,0,125,1.81631
2.225,0,0,125,1.5149
2.25,0,0,125,1.20826
2.275,0,0,125,0.896477
2.3,0,0,125,0.579626
2.325,0,0,125,0.257789
2.35,0,0,125,-0.0689437
2.375,0,0,125,-0.40048
2.4,0,0,125,-0.736719
2.425,0,0,125,-1.07756
2.45,0,0,125,-1.42288
2.475,0,0,125,-1.77258
2.5,0,0,125,-2.12653
2.525,0,0,125,-2.48459
2.55,0,0,125,-2.84665
2.575,0,0,125,-3.21255
2.6,0,0,125,-3.58215
2.625,0,0,125,-3.95529
2.65,0,0,125,-4.33182
2.675,0,0,125,-4.71155
2.7,0,0,125,-5.09432
2.725,0,0,125,-5.47994
2.75,0,0,125,-5.86822
2.775,0,0,125,-6.25896
2.8,0,0,125,-6.65195
2.825,0,0,125,-7.04698
2.85,0,0,125,-7.44382
2.875,0,0,125,-7.84224
2.9,0,0,125,-8.242
2.925,0,0,125,-8.64285
2.95,0,0,125,-9.04454
2.975,0,0,125,-9.4468
3,0,0,125,-9.84937
3.025,0,0,125,-10.252
3.05,0,0,125,-10.6543
3.075,0,0,125,-11.0561
3.1,0,0,125,-11.457
3.125,0,0,125,-11.8568
3.15,0,0,125,-12.2551
3.175,0,0,125,-12.6516
3.2,0,0,125,-13.046
3.225,0,0,125,-13.438
3.25,0,0,125,-13.8273
3.275,0,0,125,-14.2134
3.3,0,0,125,-14.5962
3.325,0,0,125,-14.9751
3.35,0,0,125,-15.35
3.375,0,0,125,-15.7205
3.4,0,0,125,-16.0861
3.425,0,0,125,-16.4467
3.45,0,0,125,-16.8018
3.475,0,0,125,-17.1511
3.5,0,0,125,-17.4944
3.525,0,0,125,-17.8312
3.55,0,0,125,-18.1612
3.575,0,0,125,-18.4842
3.6,0,0,125,-18.7998
3.625,0,0,125,-19.1077
3.65,0,0,125,-19.4076
3.675,0,0,125,-19.6994
3.7,0,0,125,-19.9825
3.725,0,0,125,-20.2569
3.75,0,0,125,-20.5223
3.775,0,0,125,-20.7784
3.8,0,0,125,-21.025
3.825,0,0,125,-21.262
3.85,0,0,125,-21.489
3.875,0,0,125,-21.706
3.9,0,0,125,-21.9128
3.925,0,0,125,-22.1093
3.95,0,0,125,-22.2953
3.975,0,0,125,-22.4707
4,0,0,125,-22.6355
4.025,0,0,125,-22.7896
4.05,0,0,125,-22.9331
4.075,0,0,125,-23.0658
4.1,0,0,125,-23.1878
4.125,0,0,125,-23.2992
4.15,0,0,125,-23.4
4.175,0,0,125,-23.4904
4.2,0,0,125,-23.5704
4.225,0,0,125,-23.6404
4.25,0,0,125,-23.7003
4.275,0,0,125,-23.7506
4.3,0,0,125,-23.7914
4.325,0,0,125,-23.823
4.35,0,0,125,-23.8459
4.375,0,0,125,-23.8602
4.4,0,0,125,-23.8666
4.425,0,0,125,-23.8654
4.45,0,0,125,-23.857
4.475,0,0,125,-23.842
4.5,0,0,125,-23.821
4.525,0,0,125,-23.7945
4.55,0,0,125,-23.7632
4.575,0,0,125,-23.7277
4.6,0,0,125,-23.6888
4.625,0,0,125,-23.647
4.65,0,0,125,-23.6031
4.675,0,0,125,-23.558
4.7,0,0,125,-23.5123
4.725,0,0,125,-23.4668
4.75,0,0,125,-23.4223
4.775,0,0,125,-23.3794
4.8,0,0,125,-23.3389
4.825,0,0,125,-23.3014
4.85,0,0,125,-23.2674
4.875,0,0,125,-23.2374
4.9,0,0,125,-23.2119
4.925,0,0,125,-23.191
4.95,0,0,125,-23.1751
4.975,0,0,125,-23.1644
5,0,0,125,-23.159
