0,0,0,125,-84.4704
0.025,0,0,125,-84.4705
0.05,0,0,125,-84.4705
0.075,0,0,125,-84.4706
0.1,0,0,125,-84.4707
0.125,0,0,125,-84.4709
0.15,0,0,125,-84.471
0.175,0,0,125,-84.4711
0.2,0,0,125,-84.4713
0.225,0,0,125,-84.4715
0.25,0,0,125,-84.4716
0.275,0,0,125,-84.4718
0.3,0,0,125,-84.472
0.325,0,0,125,-84.4722
0.35,0,0,125,-84.4724
0.375,0,0,125,-84.4725
0.4,0,0,125,-84.4727
0.425,0,0,125,-84.4728
0.45,0,0,125,-84.473
0.475,0,0,125,-84.4731
0.5,0,0,125,-84.4733
0.525,0,0,125,-84.4734
0.55,0,0,125,-84.4735
0.575,0,0,125,-84.4736
0.6,0,0,125,-84.4738
0.625,0,0,125,-84.4739
0.65,0,0,125,-84.474
0.675,0,0,125,-84.4741
0.7,0,0,125,-84.4743
0.725,0,0,125,-84.4744
0.75,0,0,125,-84.4745
0.775,0,0,125,-84.4746
0.8,0,0,125,-84.4747
0.825,0,0,125,-84.4748
0.85,0,0,125,-84.475
0.875,0,0,125,-84.4751
0.9,0,0,125,-84.4752
0.925,0,0,125,-84.4753
0.95,0,0,125,-84.4754
0.975,0,0,125,-84.4756
1,0,0,125,-84.4757
1.025,0,0,125,-84.4758
1.05,0,0,125,-84.476
1.075,0,0,125,-84.4761
1.1,0,0,125,-84.4762
1.125,0,0,125,-84.4764
1.15,0,0,125,-84.4765
1.175,0,0,125,-84.4766
1.2,0,0,125,-84.4768
1.225,0,0,125,-84.4769
1.25,0,0,125,-84.4771
1.275,0,0,125,-84.4772
1.3,0,0,125,-84.4774
1.325,0,0,125,-84.4776
1.35,0,0,125,-84.4777
1.375,0,0,125,-84.4779
1.4,0,0,125,-84.4781
1.425,0,0,125,-84.4782
1.45,0,0,125,-84.4784
1.475,0,0,125,-84.4786
1.5,0,0,125,-84.4788
1.525,0,0,125,-84.4789
1.55,0,0,125,-84.4791
1.575,0,0,125,-84.4793
1.6,0,0,125,-84.4795
1.625,0,0,125,-84.4797
1.65,0,0,125,-84.4799
1.675,0,0,125,-84.4801
1.7,0,0,125,-84.4803
1.725,0,0,125,-84.4805
1.75,0,0,125,-84.4808
1.775,0,0,125,-84.481
1.8,0,0,125,-84.4812
1.825,0,0,125,-84.4815
1.85,0,0,125,-84.4818
1.875,0,0,125,-84.482
1.9,0,0,125,-84.4823
1.925,0,0,125,-84.4826
1.95,0,0,125,-84.4829
1.975,0,0,125,-84.4832
2,0,0,125,-84.4835
2.025,0,0,125,-84.4839
2.05,0,0,125,-84.4842
2.075,0,0,125,-84.4846
2.1,0,0,125,-84.4849
2.125,0,0,125,-84.4853
2.15,0,0,125,-84.4857
2.175,0,0,125,-84.4861
2.2,0,0,125,-84.4865
2.225,0,0,125,-84.4869
2.25,0,0,125,-84.4873
2.275,0,0,125,-84.4877
2.3,0,0,125,-84.4881
2.325,0,0,125,-84.4886
2.35,0,0,125,-84.489
2.375,0,0,125,-84.4895
2.4,0,0,125,-84.49
2.425,0,0,125,-84.4905
2.45,0,0,125,-84.491
2.475,0,0,125,-84.4915
2.5,0,0,125,-84.492
2.525,0,0,125,-84.4925
2.55,0,0,125,-84.493
2.575,0,0,125,-84.4935
2.6,0,0,125,-84.4941
2.625,0,0,125,-84.4947
2.65,0,0,125,-84.4952
2.675,0,0,125,-84.4958
2.7,0,0,125,-84.4964
2.725,0,0,125,-84.497
2.75,0,0,125,-84.4976
2.775,0,0,125,-84.4982
2.8,0,0,125,-84.4988
2.825,0,0,125,-84.4995
2.85,0,0,125,-84.5001
2.875,0,0,125,-84.5007
2.9,0,0,125,-84.5013
2.925,0,0,125,-84.5019
2.95,0,0,125,-84.5025
2.975,0,0,125,-84.5031
3,0,0,125,-84.5037
3.025,0,0,125,-84.5042
3.05,0,0,125,-84.5048
3.075,0,0,125,-84.5054
3.1,0,0,125,-84.506
3.125,0,0,125,-84.5066
3.15,0,0,125,-84.5072
3.175,0,0,125,-84.5077
3.2,0,0,125,-84.5083
3.225,0,0,125,-84.5089
3.25,0,0,125,-84.5094
3.275,0,0,125,-84.51
3.3,0,0,125,-84.5105
3.325,0,0,125,-84.5111
3.35,0,0,125,-84.5116
3.375,0,0,125,-84.5121
3.4,0,0,125,-84.5126
3.425,0,0,125,-84.5131
3.45,0,0,125,-84.5136
3.475,0,0,125,-84.5141
3.5,0,0,125,-84.5146
3.525,0,0,125,-84.515
3.55,0,0,125,-84.5155
3.575,0,0,125,-84.5159
3.6,0,0,125,-84.5163
3.625,0,0,125,-84.5167
3.65,0,0,125,-84.5171
3.675,0,0,125,-84.5175
3.7,0,0,125,-84.5179
3.725,0,0,125,-84.5183
3.75,0,0,125,-84.5187
3.775,0,0,125,-84.519
3.8,0,0,125,-84.5194
3.825,0,0,125,-84.5197
3.85,0,0,125,-84.52
3.875,0,0,125,-84.5203
3.9,0,0,125,-84.5207
3.925,0,0,125,-84.5209
3.95,0,0,125,-84.5212
3.975,0,0,125,-84.5215
4,0,0,125,-84.5218
4.025,0,0,125,-84.522
4.05,0,0,125,-84.5223
4.075,0,0,125,-84.5225
4.1,0,0,125,-84.5227
4.125,0,0,125,-84.5229
4.15,0,0,125,-84.5231
4.175,0,0,125,-84.5233
4.2,0,0,125,-84.5235
4.225,0,0,125,-84.5237
4.25,0,0,125,-84.5238
4.275,0,0,125,-84.524
4.3,0,0,125,-84.5241
4.325,0,0,125,-84.5242
4.35,0,0,125,-84.5244
4.375,0,0,125,-84.5245
4.4,0,0,125,-84.5246
4.425,0,0,125,-84.5247
4.45,0,0,125,-84.5247
4.475,0,0,125,-84.5248
4.5,0,0,125,-84.5249
4.525,0,0,125,-84.5249
4.55,0,0,125,-84.525
4.575,0,0,125,-84.525
4.6,0,0,125,-84.5251
4.625,0,0,125,-84.5251
4.65,0,0,125,-84.5251
4.675,0,0,125,-84.5252
4.7,0,0,125,-84.5252
4.725,0,0,125,-84.5252
4.75,0,0,125,-84.5252
4.775,0,0,125,-84.5252
4.8,0,0,125,-84.5252
4.825,0,0,125,-84.5252
4.85,0,0,125,-84.5252
4.875,0,0,125,-84.5252
4.9,0,0,125,-84.5251
4.925,0,0,125,-84.5251
4.95,0,0,125,-84.525
4.975,0,0,125,-84.525
5,0,0,125,-84.525
