0,0,0,125,-2.14216
0.025,0,0,125,-2.13856
0.05,0,0,125,-2.1315
0.075,0,0,125,-2.12119
0.1,0,0,125,-2.10799
0.125,0,0,125,-2.09229
0.15,0,0,125,-2.07449
0.175,0,0,125,-2.05491
0.2,0,0,125,-2.03375
0.225,0,0,125,-2.01115
0.25,0,0,125,-1.98722
0.275,0,0,125,-1.96205
0.3,0,0,125,-1.93572
0.325,0,0,125,-1.90832
0.35,0,0,125,-1.87993
0.375,0,0,125,-1.85061
0.4,0,0,125,-1.82044
0.425,0,0,125,-1.78946
0.45,0,0,125,-1.75774
0.475,0,0,125,-1.72534
0.5,0,0,125,-1.6923
0.525,0,0,125,-1.65866
0.55,0,0,125,-1.62447
0.575,0,0,125,-1.58976
0.6,0,0,125,-1.55456
0.625,0,0,125,-1.51892
0.65,0,0,125,-1.48286
0.675,0,0,125,-1.44642
0.7,0,0,125,-1.40962
0.725,0,0,125,-1.3725
0.75,0,0,125,-1.33507
0.775,0,0,125,-1.29736
0.8,0,0,125,-1.25938
0.825,0,0,125,-1.22116
0.85,0,0,125,-1.18271
0.875,0,0,125,-1.14405
0.9,0,0,125,-1.1052
0.925,0,0,125,-1.06618
0.95,0,0,125,-1.02699
0.975,0,0,125,-0.987655
1,0,0,125,-0.948184
1.025,0,0,125,-0.908589
1.05,0,0,125,-0.868882
1.075,0,0,125,-0.829072
1.1,0,0,125,-0.78917
1.125,0,0,125,-0.749185
1.15,0,0,125,-0.709126
1.175,0,0,125,-0.669001
1.2,0,0,125,-0.628817
1.225,0,0,125,-0.588584
1.25,0,0,125,-0.548306
1.275,0,0,125,-0.50799
1.3,0,0,125,-0.467641
1.325,0,0,125,-0.427265
1.35,0,0,125,-0.386865
1.375,0,0,125,-0.346447
1.4,0,0,125,-0.306015
1.425,0,0,125,-0.265573
1.45,0,0,125,-0.225125
1.475,0,0,125,-0.184673
1.5,0,0,125,-0.144222
1.525,0,0,125,-0.103775
1.55,0,0,125,-0.0633334
1.575,0,0,125,-0.0229015
1.6,0,0,125,0.0175184
1.625,0,0,125,0.0579241
1.65,0,0,125,0.0983135
1.675,0,0,125,0.138684
1.7,0,0,125,0.179035
1.725,0,0,125,0.219363
1.75,0,0,125,0.259667
1.775,0,0,125,0.299946
1.8,0,0,125,0.340197
1.825,0,0,125,0.38042
1.85,0,0,125,0.420613
1.875,0,0,125,0.460776
1.9,0,0,125,0.500907
1.925,0,0,125,0.541005
1.95,0,0,125,0.58107
1.975,0,0,125,0.6211
2,0,0,125,0.661094
2.025,0,0,125,0.701053
2.05,0,0,125,0.740974
2.075,0,0,125,0.780858
2.1,0,0,125,0.820704
2.125,0,0,125,0.860511
2.15,0,0,125,0.900278
2.175,0,0,125,0.940006
2.2,0,0,125,0.979694
2.225,0,0,125,1.01934
2.25,0,0,125,1.05895
2.275,0,0,125,1.09851
2.3,0,0,125,1.13804
2.325,0,0,125,1.17752
2.35,0,0,125,1.21697
2.375,0,0,125,1.25637
2.4,0,0,125,1.29572
2.425,0,0,125,1.33504
2.45,0,0,125,1.37431
2.475,0,0,125,1.41354
2.5,0,0,125,1.45273
2.525,0,0,125,1.49188
2.55,0,0,125,1.53098
2.575,0,0,125,1.57004
2.6,0,0,125,1.60906
2.625,0,0,125,1.64803
2.65,0,0,125,1.68696
2.675,0,0,125,1.72585
2.7,0,0,125,1.76469
2.725,0,0,125,1.80349
2.75,0,0,125,1.84225
2.775,0,0,125,1.88096
2.8,0,0,125,1.91963
2.825,0,0,125,1.95825
2.85,0,0,125,1.99683
2.875,0,0,125,2.03536
2.9,0,0,125,2.07385
2.925,0,0,125,2.11229
2.95,0,0,125,2.15069
2.975,0,0,125,2.18904
3,0,0,125,2.22734
3.025,0,0,125,2.2656
3.05,0,0,125,2.30381
3.075,0,0,125,2.34197
3.1,0,0,125,2.38009
3.125,0,0,125,2.41815
3.15,0,0,125,2.45617
3.175,0,0,125,2.49414
3.2,0,0,125,2.53206
3.225,0,0,125,2.56993
3.25,0,0,125,2.60775
3.275,0,0,125,2.64551
3.3,0,0,125,2.68322
3.325,0,0,125,2.72088
3.35,0,0,125,2.75849
3.375,0,0,125,2.79603
3.4,0,0,125,2.83353
3.425,0,0,125,2.87096
3.45,0,0,125,2.90833
3.475,0,0,125,2.94564
3.5,0,0,125,2.98289
3.525,0,0,125,3.02008
3.55,0,0,125,3.05719
3.575,0,0,125,3.09424
3.6,0,0,125,3.13122
3.625,0,0,125,3.16812
3.65,0,0,125,3.20495
3.675,0,0,125,3.24169
3.7,0,0,125,3.27836
3.725,0,0,125,3.31493
3.75,0,0,125,3.35142
3.775,0,0,125,3.38781
3.8,0,0,125,3.4241
3.825,0,0,125,3.46029
3.85,0,0,125,3.49636
3.875,0,0,125,3.53233
3.9,0,0,125,3.56817
3.925,0,0,125,3.60388
3.95,0,0,125,3.63946
3.975,0,0,125,3.67489
4,0,0,125,3.71017
4.025,0,0,125,3.74528
4.05,0,0,125,3.78023
4.075,0,0,125,3.81499
4.1,0,0,125,3.84955
4.125,0,0,125,3.88391
4.15,0,0,125,3.91804
4.175,0,0,125,3.95194
4.2,0,0,125,3.98558
4.225,0,0,125,4.01896
4.25,0,0,125,4.05204
4.275,0,0,125,4.08482
4.3,0,0,125,4.11725
4.325,0,0,125,4.14933
4.35,0,0,125,4.18102
4.375,0,0,125,4.21229
4.4,0,0,125,4.24311
4.425,0,0,125,4.27345
4.45,0,0,125,4.30327
4.475,0,0,125,4.33253
4.5,0,0,125,4.3612
4.525,0,0,125,4.38922
4.55,0,0,125,4.41655
4.575,0,0,125,4.44313
4.6,0,0,125,4.46891
4.625,0,0,125,4.49383
4.65,0,0,125,4.51783
4.675,0,0,125,4.54084
4.7,0,0,125,4.56278
4.725,0,0,125,4.58358
4.75,0,0,125,4.60317
4.775,0,0,125,4.62146
4.8,0,0,125,4.63835
4.825,0,0,125,4.65375
4.85,0,0,125,4.66758
4.875,0,0,125,4.67972
4.9,0,0,125,4.69007
4.925,0,0,125,4.69852
4.95,0,0,125,4.70497
4.975,0,0,125,4.70932
5,0,0,125,4.71152
