0,0,0,125,-82.7992
0.025,0,0,125,-82.7995
0.05,0,0,125,-82.8001
0.075,0,0,125,-82.8011
0.1,0,0,125,-82.8022
0.125,0,0,125,-82.8034
0.15,0,0,125,-82.8048
0.175,0,0,125,-82.8061
0.2,0,0,125,-82.8075
0.225,0,0,125,-82.8088
0.25,0,0,125,-82.81
0.275,0,0,125,-82.8112
0.3,0,0,125,-82.8123
0.325,0,0,125,-82.8133
0.35,0,0,125,-82.8143
0.375,0,0,125,-82.8152
0.4,0,0,125,-82.816
0.425,0,0,125,-82.8168
0.45,0,0,125,-82.8175
0.475,0,0,125,-82.8181
0.5,0,0,125,-82.8187
0.525,0,0,125,-82.8192
0.55,0,0,125,-82.8196
0.575,0,0,125,-82.82
0.6,0,0,125,-82.8203
0.625,0,0,125,-82.8205
0.65,0,0,125,-82.8207
0.675,0,0,125,-82.8208
0.7,0,0,125,-82.8209
0.725,0,0,125,-82.8209
0.75,0,0,125,-82.8209
0.775,0,0,125,-82.8208
0.8,0,0,125,-82.8207
0.825,0,0,125,-82.8205
0.85,0,0,125,-82.8204
0.875,0,0,125,-82.8201
0.9,0,0,125,-82.8199
0.925,0,0,125,-82.8196
0.95,0,0,125,-82.8192
0.975,0,0,125,-82.8189
1,0,0,125,-82.8184
1.025,0,0,125,-82.818
1.05,0,0,125,-82.8175
1.075,0,0,125,-82.817
1.1,0,0,125,-82.8164
1.125,0,0,125,-82.8158
1.15,0,0,125,-82.8152
1.175,0,0,125,-82.8146
1.2,0,0,125,-82.8139
1.225,0,0,125,-82.8132
1.25,0,0,125,-82.8125
1.275,0,0,125,-82.8117
1.3,0,0,125,-82.811
1.325,0,0,125,-82.8102
1.35,0,0,125,-82.8095
1.375,0,0,125,-82.8087
1.4,0,0,125,-82.8079
1.425,0,0,125,-82.807
1.45,0,0,125,-82.8062
1.475,0,0,125,-82.8053
1.5,0,0,125,-82.8045
1.525,0,0,125,-82.8036
1.55,0,0,125,-82.8027
1.575,0,0,125,-82.8018
1.6,0,0,125,-82.8009
1.625,0,0,125,-82.7999
1.65,0,0,125,-82.799
1.675,0,0,125,-82.798
1.7,0,0,125,-82.7971
1.725,0,0,125,-82.7961
1.75,0,0,125,-82.7951
1.775,0,0,125,-82.7941
1.8,0,0,125,-82.7931
1.825,0,0,125,-82.7921
1.85,0,0,125,-82.7911
1.875,0,0,125,-82.79
1.9,0,0,125,-82.789
1.925,0,0,125,-82.7879
1.95,0,0,125,-82.7868
1.975,0,0,125,-82.7857
2,0,0,125,-82.7846
2.025,0,0,125,-82.7835
2.05,0,0,125,-82.7823
2.075,0,0,125,-82.7812
2.1,0,0,125,-82.78
2.125,0,0,125,-82.7789
2.15,0,0,125,-82.7777
2.175,0,0,125,-82.7765
2.2,0,0,125,-82.7753
2.225,0,0,125,-82.7741
2.25,0,0,125,-82.7729
2.275,0,0,125,-82.7716
2.3,0,0,125,-82.7703
2.325,0,0,125,-82.769
2.35,0,0,125,-82.7676
2.375,0,0,125,-82.7661
2.4,0,0,125,-82.7645
2.425,0,0,125,-82.7628
2.45,0,0,125,-82.7608
2.475,0,0,125,-82.7584
2.5,0,0,125,-82.7556
2.525,0,0,125,-82.752
2.55,0,0,125,-82.7474
2.575,0,0,125,-82.7414
2.6,0,0,125,-82.7332
2.625,0,0,125,-82.7218
2.65,0,0,125,-82.706
2.675,0,0,125,-82.6835
2.7,0,0,125,-82.6515
2.725,0,0,125,-82.6055
2.75,0,0,125,-82.5393
2.775,0,0,125,-82.4435
2.8,0,0,125,-82.3048
2.825,0,0,125,-82.1036
2.85,0,0,125,-81.8114
2.875,0,0,125,-81.3864
2.9,0,0,125,-80.7683
2.925,0,0,125,-79.8689
2.95,0,0,125,-78.5604
2.975,0,0,125,-76.6573
3,0,0,125,-73.892
3.025,0,0,125,-69.8795
3.05,0,0,125,-64.0722
3.075,0,0,125,-55.7113
3.1,0,0,125,-43.9095
3.125,0,0,125,-28.95
3.15,0,0,125,-15.5007
3.175,0,0,125,-6.24415
3.2,0,0,125,-0.269996
3.225,0,0,125,3.50161
3.25,0,0,125,5.82186
3.275,0,0,125,7.17752
3.3,0,0,125,7.88408
3.325,0,0,125,8.14936
3.35,0,0,125,8.11267
3.375,0,0,125,7.86886
3.4,0,0,125,7.48328
3.425,0,0,125,7.00136
3.45,0,0,125,6.45486
3.475,0,0,125,5.86611
3.5,0,0,125,5.25081
3.525,0,0,125,4.62005
3.55,0,0,125,3.98167
3.575,0,0,125,3.34122
3.6,0,0,125,2.70261
3.625,0,0,125,2.06866
3.65,0,0,125,1.44138
3.675,0,0,125,0.822243
3.7,0,0,125,0.212352
3.725,0,0,125,-0.387436
3.75,0,0,125,-0.97642
3.775,0,0,125,-1.55399
3.8,0,0,125,-2.1196
3.825,0,0,125,-2.67269
3.85,0,0,125,-3.21272
3.875,0,0,125,-3.73911
3.9,0,0,125,-4.25128
3.925,0,0,125,-4.74857
3.95,0,0,125,-5.2303
3.975,0,0,125,-5.69576
4,0,0,125,-6.14419
4.025,0,0,125,-6.57479
4.05,0,0,125,-6.98674
4.075,0,0,125,-7.37921
4.1,0,0,125,-7.75132
4.125,0,0,125,-8.10222
4.15,0,0,125,-8.43105
4.175,0,0,125,-8.73699
4.2,0,0,125,-9.01923
4.225,0,0,125,-9.27701
4.25,0,0,125,-9.50963
4.275,0,0,125,-9.71649
4.3,0,0,125,-9.89705
4.325,0,0,125,-10.0509
4.35,0,0,125,-10.1777
4.375,0,0,125,-10.2774
4.4,0,0,125,-10.35
4.425,0,0,125,-10.3956
4.45,0,0,125,-10.4146
4.475,0,0,125,-10.4076
4.5,0,0,125,-10.3755
4.525,0,0,125,-10.3192
4.55,0,0,125,-10.24
4.575,0,0,125,-10.1397
4.6,0,0,125,-10.0199
4.625,0,0,125,-9.88284
4.65,0,0,125,-9.73099
4.675,0,0,125,-9.56709
4.7,0,0,125,-9.39424
4.725,0,0,125,-9.21585
4.75,0,0,125,-9.03569
4.775,0,0,125,-8.85784
4.8,0,0,125,-8.68666
4.825,0,0,125,-8.52667
4.85,0,0,125,-8.38224
4.875,0,0,125,-8.25694
4.9,0,0,125,-8.15294
4.925,0,0,125,-8.07054
4.95,0,0,125,-8.00934
4.975,0,0,125,-7.9688
5,0,0,125,-7.94855
