0,0,0,125,-84.4334
0.025,0,0,125,-84.4335
0.05,0,0,125,-84.4335
0.075,0,0,125,-84.4336
0.1,0,0,125,-84.4338
0.125,0,0,125,-84.434
0.15,0,0,125,-84.4341
0.175,0,0,125,-84.4343
0.2,0,0,125,-84.4345
0.225,0,0,125,-84.4348
0.25,0,0,125,-84.435
0.275,0,0,125,-84.4353
0.3,0,0,125,-84.4355
0.325,0,0,125,-84.4358
0.35,0,0,125,-84.436
0.375,0,0,125,-84.4362
0.4,0,0,125,-84.4365
0.425,0,0,125,-84.4367
0.45,0,0,125,-84.4369
0.475,0,0,125,-84.4371
0.5,0,0,125,-84.4373
0.525,0,0,125,-84.4374
0.55,0,0,125,-84.4376
0.575,0,0,125,-84.4378
0.6,0,0,125,-84.438
0.625,0,0,125,-84.4381
0.65,0,0,125,-84.4383
0.675,0,0,125,-84.4385
0.7,0,0,125,-84.4386
0.725,0,0,125,-84.4388
0.75,0,0,125,-84.4389
0.775,0,0,125,-84.4391
0.8,0,0,125,-84.4393
0.825,0,0,125,-84.4394
0.85,0,0,125,-84.4396
0.875,0,0,125,-84.4398
0.9,0,0,125,-84.4399
0.925,0,0,125,-84.4401
0.95,0,0,125,-84.4403
0.975,0,0,125,-84.4404
1,0,0,125,-84.4406
1.025,0,0,125,-84.4408
1.05,0,0,125,-84.441
1.075,0,0,125,-84.4411
1.1,0,0,125,-84.4413
1.125,0,0,125,-84.4415
1.15,0,0,125,-84.4417
1.175,0,0,125,-84.4419
1.2,0,0,125,-84.4421
1.225,0,0,125,-84.4423
1.25,0,0,125,-84.4425
1.275,0,0,125,-84.4427
1.3,0,0,125,-84.4429
1.325,0,0,125,-84.4431
1.35,0,0,125,-84.4434
1.375,0,0,125,-84.4436
1.4,0,0,125,-84.4438
1.425,0,0,125,-84.4441
1.45,0,0,125,-84.4443
1.475,0,0,125,-84.4445
1.5,0,0,125,-84.4448
1.525,0,0,125,-84.445
1.55,0,0,125,-84.4453
1.575,0,0,125,-84.4455
1.6,0,0,125,-84.4458
1.625,0,0,125,-84.4461
1.65,0,0,125,-84.4464
1.675,0,0,125,-84.4466
1.7,0,0,125,-84.4469
1.725,0,0,125,-84.4472
1.75,0,0,125,-84.4476
1.775,0,0,125,-84.4479
1.8,0,0,125,-84.4482
1.825,0,0,125,-84.4485
1.85,0,0,125,-84.4489
1.875,0,0,125,-84.4493
1.9,0,0,125,-84.4496
1.925,0,0,125,-84.45
1.95,0,0,125,-84.4504
1.975,0,0,125,-84.4508
2,0,0,125,-84.4512
2.025,0,0,125,-84.4516
2.05,0,0,125,-84.4521
2.075,0,0,125,-84.4525
2.1,0,0,125,-84.453
2.125,0,0,125,-84.4534
2.15,0,0,125,-84.4539
2.175,0,0,125,-84.4544
2.2,0,0,125,-84.4549
2.225,0,0,125,-84.4554
2.25,0,0,125,-84.4559
2.275,0,0,125,-84.4564
2.3,0,0,125,-84.457
2.325,0,0,125,-84.4575
2.35,0,0,125,-84.4581
2.375,0,0,125,-84.4586
2.4,0,0,125,-84.4592
2.425,0,0,125,-84.4598
2.45,0,0,125,-84.4604
2.475,0,0,125,-84.461
2.5,0,0,125,-84.4616
2.525,0,0,125,-84.4622
2.55,0,0,125,-84.4628
2.575,0,0,125,-84.4635
2.6,0,0,125,-84.4641
2.625,0,0,125,-84.4648
2.65,0,0,125,-84.4655
2.675,0,0,125,-84.4661
2.7,0,0,125,-84.4668
2.725,0,0,125,-84.4675
2.75,0,0,125,-84.4682
2.775,0,0,125,-84.469
2.8,0,0,125,-84.4697
2.825,0,0,125,-84.4704
2.85,0,0,125,-84.4712
2.875,0,0,125,-84.4719
2.9,0,0,125,-84.4727
2.925,0,0,125,-84.4735
2.95,0,0,125,-84.4742
2.975,0,0,125,-84.475
3,0,0,125,-84.4758
3.025,0,0,125,-84.4766
3.05,0,0,125,-84.4774
3.075,0,0,125,-84.4782
3.1,0,0,125,-84.479
3.125,0,0,125,-84.4798
3.15,0,0,125,-84.4806
3.175,0,0,125,-84.4814
3.2,0,0,125,-84.4822
3.225,0,0,125,-84.483
3.25,0,0,125,-84.4838
3.275,0,0,125,-84.4845
3.3,0,0,125,-84.4853
3.325,0,0,125,-84.486
3.35,0,0,125,-84.4868
3.375,0,0,125,-84.4875
3.4,0,0,125,-84.4882
3.425,0,0,125,-84.4889
3.45,0,0,125,-84.4896
3.475,0,0,125,-84.4903
3.5,0,0,125,-84.491
3.525,0,0,125,-84.4916
3.55,0,0,125,-84.4923
3.575,0,0,125,-84.4929
3.6,0,0,125,-84.4935
3.625,0,0,125,-84.4941
3.65,0,0,125,-84.4947
3.675,0,0,125,-84.4952
3.7,0,0,125,-84.4958
3.725,0,0,125,-84.4963
3.75,0,0,125,-84.4968
3.775,0,0,125,-84.4973
3.8,0,0,125,-84.4978
3.825,0,0,125,-84.4982
3.85,0,0,125,-84.4987
3.875,0,0,125,-84.4991
3.9,0,0,125,-84.4995
3.925,0,0,125,-84.4999
3.95,0,0,125,-84.5003
3.975,0,0,125,-84.5007
4,0,0,125,-84.501
4.025,0,0,125,-84.5014
4.05,0,0,125,-84.5017
4.075,0,0,125,-84.502
4.1,0,0,125,-84.5024
4.125,0,0,125,-84.5027
4.15,0,0,125,-84.503
4.175,0,0,125,-84.5033
4.2,0,0,125,-84.5035
4.225,0,0,125,-84.5038
4.25,0,0,125,-84.5041
4.275,0,0,125,-84.5043
4.3,0,0,125,-84.5046
4.325,0,0,125,-84.5048
4.35,0,0,125,-84.505
4.375,0,0,125,-84.5052
4.4,0,0,125,-84.5054
4.425,0,0,125,-84.5056
4.45,0,0,125,-84.5058
4.475,0,0,125,-84.506
4.5,0,0,125,-84.5062
4.525,0,0,125,-84.5063
4.55,0,0,125,-84.5065
4.575,0,0,125,-84.5066
4.6,0,0,125,-84.5067
4.625,0,0,125,-84.5068
4.65,0,0,125,-84.507
4.675,0,0,125,-84.5071
4.7,0,0,125,-84.5071
4.725,0,0,125,-84.5072
4.75,0,0,125,-84.5073
4.775,0,0,125,-84.5074
4.8,0,0,125,-84.5074
4.825,0,0,125,-84.5074
4.85,0,0,125,-84.5075
4.875,0,0,125,-84.5075
4.9,0,0,125,-84.5075
4.925,0,0,125,-84.5075
4.95,0,0,125,-84.5075
4.975,0,0,125,-84.5075
5,0,0,125,-84.5075
