0,0,0,125,-64.6491
0.025,0,0,125,-64.6431
0.05,0,0,125,-64.631
0.075,0,0,125,-64.6131
0.1,0,0,125,-64.5894
0.125,0,0,125,-64.5601
0.15,0,0,125,-64.5256
0.175,0,0,125,-64.4859
0.2,0,0,125,-64.4413
0.225,0,0,125,-64.3918
0.25,0,0,125,-64.3376
0.275,0,0,125,-64.2789
0.3,0,0,125,-64.2156
0.325,0,0,125,-64.1479
0.35,0,0,125,-64.076
0.375,0,0,125,-63.9999
0.4,0,0,125,-63.9198
0.425,0,0,125,-63.8357
0.45,0,0,125,-63.7478
0.475,0,0,125,-63.6561
0.5,0,0,125,-63.5608
0.525,0,0,125,-63.4619
0.55,0,0,125,-63.3596
0.575,0,0,125,-63.2539
0.6,0,0,125,-63.145
0.625,0,0,125,-63.0329
0.65,0,0,125,-62.9177
0.675,0,0,125,-62.7995
0.7,0,0,125,-62.6785
0.725,0,0,125,-62.5546
0.75,0,0,125,-62.4281
0.775,0,0,125,-62.2989
0.8,0,0,125,-62.1672
0.825,0,0,125,-62.033
0.85,0,0,125,-61.8964
0.875,0,0,125,-61.7576
0.9,0,0,125,-61.6166
0.925,0,0,125,-61.4734
0.95,0,0,125,-61.3282
0.975,0,0,125,-61.181
1,0,0,125,-61.0319
1.025,0,0,125,-60.881
1.05,0,0,125,-60.7283
1.075,0,0,125,-60.574
1.1,0,0,125,-60.4181
1.125,0,0,125,-60.2607
1.15,0,0,125,-60.1018
1.175,0,0,125,-59.9415
1.2,0,0,125,-59.7798
1.225,0,0,125,-59.617
1.25,0,0,125,-59.4529
1.275,0,0,125,-59.2877
1.3,0,0,125,-59.1214
1.325,0,0,125,-58.9541
1.35,0,0,125,-58.7859
1.375,0,0,125,-58.6168
1.4,0,0,125,-58.4468
1.425,0,0,125,-58.2761
1.45,0,0,125,-58.1046
1.475,0,0,125,-57.9325
1.5,0,0,125,-57.7597
1.525,0,0,125,-57.5864
1.55,0,0,125,-57.4126
1.575,0,0,125,-57.2383
1.6,0,0,125,-57.0635
1.625,0,0,125,-56.8884
1.65,0,0,125,-56.713
1.675,0,0,125,-56.5372
1.7,0,0,125,-56.3613
1.725,0,0,125,-56.1851
1.75,0,0,125,-56.0087
1.775,0,0,125,-55.8322
1.8,0,0,125,-55.6556
1.825,0,0,125,-55.479
1.85,0,0,125,-55.3024
1.875,0,0,125,-55.1257
1.9,0,0,125,-54.9492
1.925,0,0,125,-54.7727
1.95,0,0,125,-54.5963
1.975,0,0,125,-54.42
2,0,0,125,-54.244
2.025,0,0,125,-54.0681
2.05,0,0,125,-53.8925
2.075,0,0,125,-53.7171
2.1,0,0,125,-53.542
2.125,0,0,125,-53.3673
2.15,0,0,125,-53.1928
2.175,0,0,125,-53.0187
2.2,0,0,125,-52.845
2.225,0,0,125,-52.6717
2.25,0,0,125,-52.4988
2.275,0,0,125,-52.3263
2.3,0,0,125,-52.1543
2.325,0,0,125,-51.9828
2.35,0,0,125,-51.8117
2.375,0,0,125,-51.6412
2.4,0,0,125,-51.4712
2.425,0,0,125,-51.3017
2.45,0,0,125,-51.1328
2.475,0,0,125,-50.9645
2.5,0,0,125,-50.7968
2.525,0,0,125,-50.6296
2.55,0,0,125,-50.4631
2.575,0,0,125,-50.2972
2.6,0,0,125,-50.1319
2.625,0,0,125,-49.9673
2.65,0,0,125,-49.8034
2.675,0,0,125,-49.6401
2.7,0,0,125,-49.4775
2.725,0,0,125,-49.3156
2.75,0,0,125,-49.1544
2.775,0,0,125,-48.9939
2.8,0,0,125,-48.8342
2.825,0,0,125,-48.6752
2.85,0,0,125,-48.5169
2.875,0,0,125,-48.3593
2.9,0,0,125,-48.2025
2.925,0,0,125,-48.0465
2.95,0,0,125,-47.8913
2.975,0,0,125,-47.7368
3,0,0,125,-47.5831
3.025,0,0,125,-47.4303
3.05,0,0,125,-47.2782
3.075,0,0,125,-47.1269
3.1,0,0,125,-46.9765
3.125,0,0,125,-46.8269
3.15,0,0,125,-46.6782
3.175,0,0,125,-46.5303
3.2,0,0,125,-46.3832
3.225,0,0,125,-46.237
3.25,0,0,125,-46.0917
3.275,0,0,125,-45.9473
3.3,0,0,125,-45.8038
3.325,0,0,125,-45.6612
3.35,0,0,125,-45.5196
3.375,0,0,125,-45.3788
3.4,0,0,125,-45.239
3.425,0,0,125,-45.1002
3.45,0,0,125,-44.9623
3.475,0,0,125,-44.8254
3.5,0,0,125,-44.6895
3.525,0,0,125,-44.5546
3.55,0,0,125,-44.4208
3.575,0,0,125,-44.288
3.6,0,0,125,-44.1562
3.625,0,0,125,-44.0255
3.65,0,0,125,-43.896
3.675,0,0,125,-43.7675
3.7,0,0,125,-43.6402
3.725,0,0,125,-43.514
3.75,0,0,125,-43.3891
3.775,0,0,125,-43.2653
3.8,0,0,125,-43.1428
3.825,0,0,125,-43.0215
3.85,0,0,125,-42.9015
3.875,0,0,125,-42.7828
3.9,0,0,125,-42.6654
3.925,0,0,125,-42.5494
3.95,0,0,125,-42.4349
3.975,0,0,125,-42.3217
4,0,0,125,-42.2101
4.025,0,0,125,-42.0999
4.05,0,0,125,-41.9913
4.075,0,0,125,-41.8843
4.1,0,0,125,-41.7789
4.125,0,0,125,-41.6752
4.15,0,0,125,-41.5732
4.175,0,0,125,-41.4729
4.2,0,0,125,-41.3745
4.225,0,0,125,-41.2779
4.25,0,0,125,-41.1833
4.275,0,0,125,-41.0906
4.3,0,0,125,-40.9999
4.325,0,0,125,-40.9114
4.35,0,0,125,-40.8249
4.375,0,0,125,-40.7407
4.4,0,0,125,-40.6588
4.425,0,0,125,-40.5792
4.45,0,0,125,-40.502
4.475,0,0,125,-40.4273
4.5,0,0,125,-40.3551
4.525,0,0,125,-40.2856
4.55,0,0,125,-40.2188
4.575,0,0,125,-40.1547
4.6,0,0,125,-40.0936
4.625,0,0,125,-40.0353
4.65,0,0,125,-39.9801
4.675,0,0,125,-39.928
4.7,0,0,125,-39.8791
4.725,0,0,125,-39.8335
4.75,0,0,125,-39.7913
4.775,0,0,125,-39.7525
4.8,0,0,125,-39.7173
4.825,0,0,125,-39.6857
4.85,0,0,125,-39.6578
4.875,0,0,125,-39.6337
4.9,0,0,125,-39.6134
4.925,0,0,125,-39.5971
4.95,0,0,125,-39.5848
4.975,0,0,125,-39.5766
5,0,0,125,-39.5725
