0,0,0,125,-83.1645
0.025,0,0,125,-83.1649
0.05,0,0,125,-83.1656
0.075,0,0,125,-83.1667
0.1,0,0,125,-83.1681
0.125,0,0,125,-83.1697
0.15,0,0,125,-83.1714
0.175,0,0,125,-83.1732
0.2,0,0,125,-83.175
0.225,0,0,125,-83.1769
0.25,0,0,125,-83.1788
0.275,0,0,125,-83.1806
0.3,0,0,125,-83.1825
0.325,0,0,125,-83.1843
0.35,0,0,125,-83.1862
0.375,0,0,125,-83.188
0.4,0,0,125,-83.1898
0.425,0,0,125,-83.1915
0.45,0,0,125,-83.1932
0.475,0,0,125,-83.1949
0.5,0,0,125,-83.1966
0.525,0,0,125,-83.1983
0.55,0,0,125,-83.1999
0.575,0,0,125,-83.2016
0.6,0,0,125,-83.2032
0.625,0,0,125,-83.2048
0.65,0,0,125,-83.2064
0.675,0,0,125,-83.2079
0.7,0,0,125,-83.2095
0.725,0,0,125,-83.211
0.75,0,0,125,-83.2126
0.775,0,0,125,-83.2141
0.8,0,0,125,-83.2156
0.825,0,0,125,-83.2171
0.85,0,0,125,-83.2187
0.875,0,0,125,-83.2202
0.9,0,0,125,-83.2218
0.925,0,0,125,-83.2234
0.95,0,0,125,-83.225
0.975,0,0,125,-83.2265
1,0,0,125,-83.2282
1.025,0,0,125,-83.2298
1.05,0,0,125,-83.2314
1.075,0,0,125,-83.233
1.1,0,0,125,-83.2347
1.125,0,0,125,-83.2363
1.15,0,0,125,-83.238
1.175,0,0,125,-83.2398
1.2,0,0,125,-83.2416
1.225,0,0,125,-83.2434
1.25,0,0,125,-83.2452
1.275,0,0,125,-83.2471
1.3,0,0,125,-83.249
1.325,0,0,125,-83.251
1.35,0,0,125,-83.253
1.375,0,0,125,-83.255
1.4,0,0,125,-83.2571
1.425,0,0,125,-83.2592
1.45,0,0,125,-83.2613
1.475,0,0,125,-83.2635
1.5,0,0,125,-83.2657
1.525,0,0,125,-83.268
1.55,0,0,125,-83.2703
1.575,0,0,125,-83.2726
1.6,0,0,125,-83.2751
1.625,0,0,125,-83.2776
1.65,0,0,125,-83.2801
1.675,0,0,125,-83.2827
1.7,0,0,125,-83.2854
1.725,0,0,125,-83.2882
1.75,0,0,125,-83.2909
1.775,0,0,125,-83.2938
1.8,0,0,125,-83.2967
1.825,0,0,125,-83.2997
1.85,0,0,125,-83.3028
1.875,0,0,125,-83.3059
1.9,0,0,125,-83.3091
1.925,0,0,125,-83.3123
1.95,0,0,125,-83.3156
1.975,0,0,125,-83.3191
2,0,0,125,-83.3226
2.025,0,0,125,-83.3262
2.05,0,0,125,-83.3299
2.075,0,0,125,-83.3337
2.1,0,0,125,-83.3376
2.125,0,0,125,-83.3415
2.15,0,0,125,-83.3456
2.175,0,0,125,-83.3498
2.2,0,0,125,-83.354
2.225,0,0,125,-83.3584
2.25,0,0,125,-83.3629
2.275,0,0,125,-83.3675
2.3,0,0,125,-83.3723
2.325,0,0,125,-83.3771
2.35,0,0,125,-83.382
2.375,0,0,125,-83.3871
2.4,0,0,125,-83.3923
2.425,0,0,125,-83.3975
2.45,0,0,125,-83.4029
2.475,0,0,125,-83.4084
2.5,0,0,125,-83.414
2.525,0,0,125,-83.4198
2.55,0,0,125,-83.4256
2.575,0,0,125,-83.4315
2.6,0,0,125,-83.4375
2.625,0,0,125,-83.4436
2.65,0,0,125,-83.4498
2.675,0,0,125,-83.4561
2.7,0,0,125,-83.4625
2.725,0,0,125,-83.469
2.75,0,0,125,-83.4755
2.775,0,0,125,-83.4821
2.8,0,0,125,-83.4888
2.825,0,0,125,-83.4956
2.85,0,0,125,-83.5024
2.875,0,0,125,-83.5092
2.9,0,0,125,-83.5162
2.925,0,0,125,-83.5231
2.95,0,0,125,-83.5302
2.975,0,0,125,-83.5372
3,0,0,125,-83.5443
3.025,0,0,125,-83.5514
3.05,0,0,125,-83.5585
3.075,0,0,125,-83.5656
3.1,0,0,125,-83.5727
3.125,0,0,125,-83.5798
3.15,0,0,125,-83.5869
3.175,0,0,125,-83.594
3.2,0,0,125,-83.601
3.225,0,0,125,-83.608
3.25,0,0,125,-83.615
3.275,0,0,125,-83.6219
3.3,0,0,125,-83.6288
3.325,0,0,125,-83.6356
3.35,0,0,125,-83.6423
3.375,0,0,125,-83.649
3.4,0,0,125,-83.6556
3.425,0,0,125,-83.6621
3.45,0,0,125,-83.6685
3.475,0,0,125,-83.6749
3.5,0,0,125,-83.6811
3.525,0,0,125,-83.6873
3.55,0,0,125,-83.6933
3.575,0,0,125,-83.6992
3.6,0,0,125,-83.705
3.625,0,0,125,-83.7107
3.65,0,0,125,-83.7162
3.675,0,0,125,-83.7216
3.7,0,0,125,-83.7268
3.725,0,0,125,-83.732
3.75,0,0,125,-83.7369
3.775,0,0,125,-83.7418
3.8,0,0,125,-83.7465
3.825,0,0,125,-83.7511
3.85,0,0,125,-83.7555
3.875,0,0,125,-83.7598
3.9,0,0,125,-83.7639
3.925,0,0,125,-83.7679
3.95,0,0,125,-83.7718
3.975,0,0,125,-83.7755
4,0,0,125,-83.7791
4.025,0,0,125,-83.7826
4.05,0,0,125,-83.7859
4.075,0,0,125,-83.7891
4.1,0,0,125,-83.7921
4.125,0,0,125,-83.795
4.15,0,0,125,-83.7978
4.175,0,0,125,-83.8005
4.2,0,0,125,-83.8031
4.225,0,0,125,-83.8055
4.25,0,0,125,-83.8078
4.275,0,0,125,-83.81
4.3,0,0,125,-83.8121
4.325,0,0,125,-83.814
4.35,0,0,125,-83.8158
4.375,0,0,125,-83.8176
4.4,0,0,125,-83.8192
4.425,0,0,125,-83.8207
4.45,0,0,125,-83.822
4.475,0,0,125,-83.8233
4.5,0,0,125,-83.8245
4.525,0,0,125,-83.8256
4.55,0,0,125,-83.8267
4.575,0,0,125,-83.8276
4.6,0,0,125,-83.8284
4.625,0,0,125,-83.8292
4.65,0,0,125,-83.8299
4.675,0,0,125,-83.8305
4.7,0,0,125,-83.831
4.725,0,0,125,-83.8315
4.75,0,0,125,-83.8319
4.775,0,0,125,-83.8323
4.8,0,0,125,-83.8326
4.825,0,0,125,-83.8328
4.85,0,0,125,-83.8329
4.875,0,0,125,-83.8331
4.9,0,0,125,-83.8332
4.925,0,0,125,-83.8332
4.95,0,0,125,-83.8333
4.975,0,0,125,-83.8333
5,0,0,125,-83.8333
