0,0,0,125,-34.2291
0.025,0,0,125,-34.2454
0.05,0,0,125,-34.278
0.075,0,0,125,-34.3272
0.1,0,0,125,-34.3931
0.125,0,0,125,-34.4757
0.15,0,0,125,-34.5739
0.175,0,0,125,-34.6848
0.2,0,0,125,-34.8039
0.225,0,0,125,-34.926
0.25,0,0,125,-35.046
0.275,0,0,125,-35.1594
0.3,0,0,125,-35.2619
0.325,0,0,125,-35.35
0.35,0,0,125,-35.4204
0.375,0,0,125,-35.4705
0.4,0,0,125,-35.498
0.425,0,0,125,-35.5009
0.45,0,0,125,-35.4777
0.475,0,0,125,-35.4272
0.5,0,0,125,-35.3485
0.525,0,0,125,-35.2409
0.55,0,0,125,-35.1041
0.575,0,0,125,-34.9379
0.6,0,0,125,-34.7424
0.625,0,0,125,-34.5179
0.65,0,0,125,-34.2649
0.675,0,0,125,-33.9841
0.7,0,0,125,-33.6761
0.725,0,0,125,-33.3421
0.75,0,0,125,-32.9829
0.775,0,0,125,-32.5998
0.8,0,0,125,-32.194
0.825,0,0,125,-31.7667
0.85,0,0,125,-31.3195
0.875,0,0,125,-30.8536
0.9,0,0,125,-30.3705
0.925,0,0,125,-29.8717
0.95,0,0,125,-29.3587
0.975,0,0,125,-28.833
1,0,0,125,-28.296
1.025,0,0,125,-27.7492
1.05,0,0,125,-27.1941
1.075,0,0,125,-26.632
1.1,0,0,125,-26.0644
1.125,0,0,125,-25.4926
1.15,0,0,125,-24.9178
1.175,0,0,125,-24.3413
1.2,0,0,125,-23.7643
1.225,0,0,125,-23.1878
1.25,0,0,125,-22.6129
1.275,0,0,125,-22.0406
1.3,0,0,125,-21.4718
1.325,0,0,125,-20.9073
1.35,0,0,125,-20.348
1.375,0,0,125,-19.7945
1.4,0,0,125,-19.2475
1.425,0,0,125,-18.7075
1.45,0,0,125,-18.1751
1.475,0,0,125,-17.6507
1.5,0,0,125,-17.1347
1.525,0,0,125,-16.6274
1.55,0,0,125,-16.1292
1.575,0,0,125,-15.6402
1.6,0,0,125,-15.1605
1.625,0,0,125,-14.6905
1.65,0,0,125,-14.23
1.675,0,0,125,-13.7792
1.7,0,0,125,-13.3381
1.725,0,0,125,-12.9066
1.75,0,0,125,-12.4847
1.775,0,0,125,-12.0723
1.8,0,0,125,-11.6693
1.825,0,0,125,-11.2755
1.85,0,0,125,-10.8909
1.875,0,0,125,-10.5152
1.9,0,0,125,-10.1482
1.925,0,0,125,-9.78977
1.95,0,0,125,-9.43967
1.975,0,0,125,-9.09767
2,0,0,125,-8.76354
2.025,0,0,125,-8.43704
2.05,0,0,125,-8.11792
2.075,0,0,125,-7.80593
2.1,0,0,125,-7.50081
2.125,0,0,125,-7.20232
2.15,0,0,125,-6.91019
2.175,0,0,125,-6.62415
2.2,0,0,125,-6.34396
2.225,0,0,125,-6.06935
2.25,0,0,125,-5.80006
2.275,0,0,125,-5.53584
2.3,0,0,125,-5.27642
2.325,0,0,125,-5.02156
2.35,0,0,125,-4.771
2.375,0,0,125,-4.52448
2.4,0,0,125,-4.28177
2.425,0,0,125,-4.04262
2.45,0,0,125,-3.80677
2.475,0,0,125,-3.574
2.5,0,0,125,-3.34407
2.525,0,0,125,-3.11673
2.55,0,0,125,-2.89175
2.575,0,0,125,-2.6689
2.6,0,0,125,-2.44796
2.625,0,0,125,-2.22869
2.65,0,0,125,-2.01086
2.675,0,0,125,-1.79426
2.7,0,0,125,-1.57866
2.725,0,0,125,-1.36383
2.75,0,0,125,-1.14956
2.775,0,0,125,-0.935626
2.8,0,0,125,-0.721806
2.825,0,0,125,-0.507881
2.85,0,0,125,-0.293633
2.875,0,0,125,-0.078843
2.9,0,0,125,0.136708
2.925,0,0,125,0.353239
2.95,0,0,125,0.57097
2.975,0,0,125,0.790122
3,0,0,125,1.01092
3.025,0,0,125,1.23358
3.05,0,0,125,1.45832
3.075,0,0,125,1.68538
3.1,0,0,125,1.91498
3.125,0,0,125,2.14735
3.15,0,0,125,2.38272
3.175,0,0,125,2.62132
3.2,0,0,125,2.86338
3.225,0,0,125,3.10915
3.25,0,0,125,3.35886
3.275,0,0,125,3.61275
3.3,0,0,125,3.87108
3.325,0,0,125,4.13409
3.35,0,0,125,4.40202
3.375,0,0,125,4.67514
3.4,0,0,125,4.9537
3.425,0,0,125,5.23797
3.45,0,0,125,5.52819
3.475,0,0,125,5.82464
3.5,0,0,125,6.12757
3.525,0,0,125,6.43725
3.55,0,0,125,6.75393
3.575,0,0,125,7.07786
3.6,0,0,125,7.40929
3.625,0,0,125,7.74842
3.65,0,0,125,8.09545
3.675,0,0,125,8.45053
3.7,0,0,125,8.81374
3.725,0,0,125,9.18508
3.75,0,0,125,9.56445
3.775,0,0,125,9.95155
3.8,0,0,125,10.3459
3.825,0,0,125,10.7465
3.85,0,0,125,11.1522
3.875,0,0,125,11.5611
3.9,0,0,125,11.9702
3.925,0,0,125,12.3754
3.95,0,0,125,12.7712
3.975,0,0,125,13.1492
4,0,0,125,13.4981
4.025,0,0,125,13.8016
4.05,0,0,125,14.0372
4.075,0,0,125,14.1729
4.1,0,0,125,14.1634
4.125,0,0,125,13.9439
4.15,0,0,125,13.421
4.175,0,0,125,12.4572
4.2,0,0,125,10.8472
4.225,0,0,125,8.27676
4.25,0,0,125,4.25347
4.275,0,0,125,-2.00454
4.3,0,0,125,-11.693
4.325,0,0,125,-26.1015
4.35,0,0,125,-42.7195
4.375,0,0,125,-55.681
4.4,0,0,125,-64.6702
4.425,0,0,125,-70.7872
4.45,0,0,125,-74.9287
4.475,0,0,125,-77.7255
4.5,0,0,125,-79.6108
4.525,0,0,125,-80.8801
4.55,0,0,125,-81.7337
4.575,0,0,125,-82.3073
4.6,0,0,125,-82.6924
4.625,0,0,125,-82.9506
4.65,0,0,125,-83.1235
4.675,0,0,125,-83.239
4.7,0,0,125,-83.316
4.725,0,0,125,-83.367
4.75,0,0,125,-83.4006
4.775,0,0,125,-83.4226
4.8,0,0,125,-83.4367
4.825,0,0,125,-83.4455
4.85,0,0,125,-83.4509
4.875,0,0,125,-83.4539
4.9,0,0,125,-83.4556
4.925,0,0,125,-83.4563
4.95,0,0,125,-83.4565
4.975,0,0,125,-83.4566
5,0,0,125,-83.4565
