0,0,0,125,2.84484
0.025,0,0,125,2.84895
0.05,0,0,125,2.85703
0.075,0,0,125,2.86873
0.1,0,0,125,2.88352
0.125,0,0,125,2.90082
0.15,0,0,125,2.92005
0.175,0,0,125,2.94071
0.2,0,0,125,2.96248
0.225,0,0,125,2.98513
0.25,0,0,125,3.00845
0.275,0,0,125,3.0323
0.3,0,0,125,3.0565
0.325,0,0,125,3.08091
0.35,0,0,125,3.1054
0.375,0,0,125,3.12984
0.4,0,0,125,3.15411
0.425,0,0,125,3.17811
0.45,0,0,125,3.20171
0.475,0,0,125,3.22482
0.5,0,0,125,3.24734
0.525,0,0,125,3.26917
0.55,0,0,125,3.29023
0.575,0,0,125,3.31043
0.6,0,0,125,3.32969
0.625,0,0,125,3.34792
0.65,0,0,125,3.36504
0.675,0,0,125,3.38098
0.7,0,0,125,3.39565
0.725,0,0,125,3.40898
0.75,0,0,125,3.42089
0.775,0,0,125,3.43131
0.8,0,0,125,3.44015
0.825,0,0,125,3.44734
0.85,0,0,125,3.45281
0.875,0,0,125,3.45646
0.9,0,0,125,3.45822
0.925,0,0,125,3.45802
0.95,0,0,125,3.45576
0.975,0,0,125,3.45137
1,0,0,125,3.44476
1.025,0,0,125,3.43585
1.05,0,0,125,3.42455
1.075,0,0,125,3.41076
1.1,0,0,125,3.3944
1.125,0,0,125,3.37538
1.15,0,0,125,3.3536
1.175,0,0,125,3.32896
1.2,0,0,125,3.30137
1.225,0,0,125,3.27072
1.25,0,0,125,3.23692
1.275,0,0,125,3.19987
1.3,0,0,125,3.15945
1.325,0,0,125,3.11556
1.35,0,0,125,3.0681
1.375,0,0,125,3.01696
1.4,0,0,125,2.96203
1.425,0,0,125,2.90321
1.45,0,0,125,2.84037
1.475,0,0,125,2.77343
1.5,0,0,125,2.70226
1.525,0,0,125,2.62676
1.55,0,0,125,2.54682
1.575,0,0,125,2.46233
1.6,0,0,125,2.37318
1.625,0,0,125,2.27928
1.65,0,0,125,2.18051
1.675,0,0,125,2.07676
1.7,0,0,125,1.96794
1.725,0,0,125,1.85395
1.75,0,0,125,1.73467
1.775,0,0,125,1.61001
1.8,0,0,125,1.47987
1.825,0,0,125,1.34414
1.85,0,0,125,1.20271
1.875,0,0,125,1.05548
1.9,0,0,125,0.902347
1.925,0,0,125,0.743196
1.95,0,0,125,0.577915
1.975,0,0,125,0.406388
2,0,0,125,0.228493
2.025,0,0,125,0.0441062
2.05,0,0,125,-0.146904
2.075,0,0,125,-0.344673
2.1,0,0,125,-0.549345
2.125,0,0,125,-0.761068
2.15,0,0,125,-0.979999
2.175,0,0,125,-1.2063
2.2,0,0,125,-1.44015
2.225,0,0,125,-1.68172
2.25,0,0,125,-1.9312
2.275,0,0,125,-2.1888
2.3,0,0,125,-2.45471
2.325,0,0,125,-2.72914
2.35,0,0,125,-3.01233
2.375,0,0,125,-3.30451
2.4,0,0,125,-3.6059
2.425,0,0,125,-3.91676
2.45,0,0,125,-4.23734
2.475,0,0,125,-4.5679
2.5,0,0,125,-4.90871
2.525,0,0,125,-5.26003
2.55,0,0,125,-5.62214
2.575,0,0,125,-5.99531
2.6,0,0,125,-6.37982
2.625,0,0,125,-6.77594
2.65,0,0,125,-7.18395
2.675,0,0,125,-7.6041
2.7,0,0,125,-8.03667
2.725,0,0,125,-8.4819
2.75,0,0,125,-8.94003
2.775,0,0,125,-9.41129
2.8,0,0,125,-9.89589
2.825,0,0,125,-10.394
2.85,0,0,125,-10.9058
2.875,0,0,125,-11.4315
2.9,0,0,125,-11.971
2.925,0,0,125,-12.5246
2.95,0,0,125,-13.0923
2.975,0,0,125,-13.674
3,0,0,125,-14.2698
3.025,0,0,125,-14.8795
3.05,0,0,125,-15.5031
3.075,0,0,125,-16.1403
3.1,0,0,125,-16.791
3.125,0,0,125,-17.4548
3.15,0,0,125,-18.1315
3.175,0,0,125,-18.8208
3.2,0,0,125,-19.5221
3.225,0,0,125,-20.2351
3.25,0,0,125,-20.9592
3.275,0,0,125,-21.6939
3.3,0,0,125,-22.4387
3.325,0,0,125,-23.1929
3.35,0,0,125,-23.956
3.375,0,0,125,-24.7272
3.4,0,0,125,-25.5059
3.425,0,0,125,-26.2915
3.45,0,0,125,-27.0832
3.475,0,0,125,-27.8803
3.5,0,0,125,-28.6822
3.525,0,0,125,-29.488
3.55,0,0,125,-30.2972
3.575,0,0,125,-31.109
3.6,0,0,125,-31.9226
3.625,0,0,125,-32.7373
3.65,0,0,125,-33.5523
3.675,0,0,125,-34.3668
3.7,0,0,125,-35.1801
3.725,0,0,125,-35.9912
3.75,0,0,125,-36.7992
3.775,0,0,125,-37.6033
3.8,0,0,125,-38.4026
3.825,0,0,125,-39.196
3.85,0,0,125,-39.9826
3.875,0,0,125,-40.7613
3.9,0,0,125,-41.5312
3.925,0,0,125,-42.2912
3.95,0,0,125,-43.0404
3.975,0,0,125,-43.7777
4,0,0,125,-44.5021
4.025,0,0,125,-45.2128
4.05,0,0,125,-45.9087
4.075,0,0,125,-46.5891
4.1,0,0,125,-47.2531
4.125,0,0,125,-47.8999
4.15,0,0,125,-48.529
4.175,0,0,125,-49.1396
4.2,0,0,125,-49.7312
4.225,0,0,125,-50.3034
4.25,0,0,125,-50.8557
4.275,0,0,125,-51.3877
4.3,0,0,125,-51.8993
4.325,0,0,125,-52.3902
4.35,0,0,125,-52.8603
4.375,0,0,125,-53.3095
4.4,0,0,125,-53.7379
4.425,0,0,125,-54.1455
4.45,0,0,125,-54.5325
4.475,0,0,125,-54.899
4.5,0,0,125,-55.2452
4.525,0,0,125,-55.5715
4.55,0,0,125,-55.878
4.575,0,0,125,-56.1652
4.6,0,0,125,-56.4335
4.625,0,0,125,-56.6831
4.65,0,0,125,-56.9145
4.675,0,0,125,-57.1281
4.7,0,0,125,-57.3243
4.725,0,0,125,-57.5036
4.75,0,0,125,-57.6664
4.775,0,0,125,-57.813
4.8,0,0,125,-57.9439
4.825,0,0,125,-58.0593
4.85,0,0,125,-58.1596
4.875,0,0,125,-58.2452
4.9,0,0,125,-58.3161
4.925,0,0,125,-58.3726
4.95,0,0,125,-58.4149
4.975,0,0,125,-58.443
5,0,0,125,-58.457
