0,0,0,125,10.055
0.025,0,0,125,10.0583
0.05,0,0,125,10.0647
0.075,0,0,125,10.0739
0.1,0,0,125,10.0852
0.125,0,0,125,10.098
0.15,0,0,125,10.1117
0.175,0,0,125,10.1256
0.2,0,0,125,10.1396
0.225,0,0,125,10.1533
0.25,0,0,125,10.1666
0.275,0,0,125,10.1793
0.3,0,0,125,10.1914
0.325,0,0,125,10.2027
0.35,0,0,125,10.2131
0.375,0,0,125,10.2225
0.4,0,0,125,10.2309
0.425,0,0,125,10.2382
0.45,0,0,125,10.2442
0.475,0,0,125,10.2489
0.5,0,0,125,10.2524
0.525,0,0,125,10.2544
0.55,0,0,125,10.2549
0.575,0,0,125,10.2539
0.6,0,0,125,10.2513
0.625,0,0,125,10.247
0.65,0,0,125,10.241
0.675,0,0,125,10.2333
0.7,0,0,125,10.2237
0.725,0,0,125,10.2123
0.75,0,0,125,10.1989
0.775,0,0,125,10.1835
0.8,0,0,125,10.1661
0.825,0,0,125,10.1465
0.85,0,0,125,10.1246
0.875,0,0,125,10.1006
0.9,0,0,125,10.0742
0.925,0,0,125,10.0453
0.95,0,0,125,10.014
0.975,0,0,125,9.98013
1,0,0,125,9.9436
1.025,0,0,125,9.90433
1.05,0,0,125,9.86225
1.075,0,0,125,9.81727
1.1,0,0,125,9.76928
1.125,0,0,125,9.71821
1.15,0,0,125,9.66396
1.175,0,0,125,9.60642
1.2,0,0,125,9.5455
1.225,0,0,125,9.48109
1.25,0,0,125,9.41309
1.275,0,0,125,9.3414
1.3,0,0,125,9.26591
1.325,0,0,125,9.18651
1.35,0,0,125,9.10309
1.375,0,0,125,9.01554
1.4,0,0,125,8.92376
1.425,0,0,125,8.82762
1.45,0,0,125,8.72703
1.475,0,0,125,8.62188
1.5,0,0,125,8.51206
1.525,0,0,125,8.39746
1.55,0,0,125,8.27798
1.575,0,0,125,8.15352
1.6,0,0,125,8.02398
1.625,0,0,125,7.88926
1.65,0,0,125,7.74928
1.675,0,0,125,7.60395
1.7,0,0,125,7.45317
1.725,0,0,125,7.29687
1.75,0,0,125,7.13498
1.775,0,0,125,6.96741
1.8,0,0,125,6.7941
1.825,0,0,125,6.61498
1.85,0,0,125,6.42999
1.875,0,0,125,6.23908
1.9,0,0,125,6.04218
1.925,0,0,125,5.83924
1.95,0,0,125,5.63022
1.975,0,0,125,5.41507
2,0,0,125,5.19375
2.025,0,0,125,4.96621
2.05,0,0,125,4.73243
2.075,0,0,125,4.49235
2.1,0,0,125,4.24595
2.125,0,0,125,3.9932
2.15,0,0,125,3.73406
2.175,0,0,125,3.46851
2.2,0,0,125,3.19653
2.225,0,0,125,2.91808
2.25,0,0,125,2.63315
2.275,0,0,125,2.34172
2.3,0,0,125,2.04377
2.325,0,0,125,1.73929
2.35,0,0,125,1.42827
2.375,0,0,125,1.1107
2.4,0,0,125,0.786577
2.425,0,0,125,0.45591
2.45,0,0,125,0.118703
2.475,0,0,125,-0.225029
2.5,0,0,125,-0.575268
2.525,0,0,125,-0.931989
2.55,0,0,125,-1.29516
2.575,0,0,125,-1.66473
2.6,0,0,125,-2.04066
2.625,0,0,125,-2.42289
2.65,0,0,125,-2.81134
2.675,0,0,125,-3.20593
2.7,0,0,125,-3.60658
2.725,0,0,125,-4.01317
2.75,0,0,125,-4.42559
2.775,0,0,125,-4.8437
2.8,0,0,125,-5.26736
2.825,0,0,125,-5.69641
2.85,0,0,125,-6.13066
2.875,0,0,125,-6.56994
2.9,0,0,125,-7.01401
2.925,0,0,125,-7.46267
2.95,0,0,125,-7.91566
2.975,0,0,125,-8.37272
3,0,0,125,-8.83358
3.025,0,0,125,-9.29793
3.05,0,0,125,-9.76547
3.075,0,0,125,-10.2359
3.1,0,0,125,-10.7087
3.125,0,0,125,-11.1838
3.15,0,0,125,-11.6606
3.175,0,0,125,-12.1387
3.2,0,0,125,-12.6178
3.225,0,0,125,-13.0974
3.25,0,0,125,-13.5771
3.275,0,0,125,-14.0564
3.3,0,0,125,-14.5349
3.325,0,0,125,-15.0121
3.35,0,0,125,-15.4876
3.375,0,0,125,-15.9608
3.4,0,0,125,-16.4312
3.425,0,0,125,-16.8984
3.45,0,0,125,-17.3619
3.475,0,0,125,-17.8211
3.5,0,0,125,-18.2757
3.525,0,0,125,-18.725
3.55,0,0,125,-19.1687
3.575,0,0,125,-19.6062
3.6,0,0,125,-20.0371
3.625,0,0,125,-20.4608
3.65,0,0,125,-20.8771
3.675,0,0,125,-21.2854
3.7,0,0,125,-21.6853
3.725,0,0,125,-22.0764
3.75,0,0,125,-22.4583
3.775,0,0,125,-22.8307
3.8,0,0,125,-23.1931
3.825,0,0,125,-23.5454
3.85,0,0,125,-23.887
3.875,0,0,125,-24.2179
3.9,0,0,125,-24.5377
3.925,0,0,125,-24.8461
3.95,0,0,125,-25.143
3.975,0,0,125,-25.4281
4,0,0,125,-25.7013
4.025,0,0,125,-25.9625
4.05,0,0,125,-26.2116
4.075,0,0,125,-26.4484
4.1,0,0,125,-26.673
4.125,0,0,125,-26.8853
4.15,0,0,125,-27.0853
4.175,0,0,125,-27.2731
4.2,0,0,125,-27.4487
4.225,0,0,125,-27.6123
4.25,0,0,125,-27.764
4.275,0,0,125,-27.904
4.3,0,0,125,-28.0325
4.325,0,0,125,-28.1497
4.35,0,0,125,-28.256
4.375,0,0,125,-28.3516
4.4,0,0,125,-28.4368
4.425,0,0,125,-28.5122
4.45,0,0,125,-28.5781
4.475,0,0,125,-28.6349
4.5,0,0,125,-28.6832
4.525,0,0,125,-28.7234
4.55,0,0,125,-28.7562
4.575,0,0,125,-28.782
4.6,0,0,125,-28.8016
4.625,0,0,125,-28.8154
4.65,0,0,125,-28.8243
4.675,0,0,125,-28.8288
4.7,0,0,125,-28.8296
4.725,0,0,125,-28.8273
4.75,0,0,125,-28.8227
4.775,0,0,125,-28.8163
4.8,0,0,125,-28.8088
4.825,0,0,125,-28.8008
4.85,0,0,125,-28.7926
4.875,0,0,125,-28.7849
4.9,0,0,125,-28.7778
4.925,0,0,125,-28.7718
4.95,0,0,125,-28.7671
4.975,0,0,125,-28.7638
5,0,0,125,-28.7621
