0,0,0,125,-82.7229
0.025,0,0,125,-82.7232
0.05,0,0,125,-82.7238
0.075,0,0,125,-82.7248
0.1,0,0,125,-82.7259
0.125,0,0,125,-82.7272
0.15,0,0,125,-82.7285
0.175,0,0,125,-82.7298
0.2,0,0,125,-82.7312
0.225,0,0,125,-82.7324
0.25,0,0,125,-82.7337
0.275,0,0,125,-82.7348
0.3,0,0,125,-82.7359
0.325,0,0,125,-82.7369
0.35,0,0,125,-82.7378
0.375,0,0,125,-82.7387
0.4,0,0,125,-82.7394
0.425,0,0,125,-82.7401
0.45,0,0,125,-82.7407
0.475,0,0,125,-82.7412
0.5,0,0,125,-82.7416
0.525,0,0,125,-82.7419
0.55,0,0,125,-82.7422
0.575,0,0,125,-82.7424
0.6,0,0,125,-82.7425
0.625,0,0,125,-82.7426
0.65,0,0,125,-82.7426
0.675,0,0,125,-82.7426
0.7,0,0,125,-82.7424
0.725,0,0,125,-82.7423
0.75,0,0,125,-82.742
0.775,0,0,125,-82.7417
0.8,0,0,125,-82.7414
0.825,0,0,125,-82.741
0.85,0,0,125,-82.7405
0.875,0,0,125,-82.74
0.9,0,0,125,-82.7394
0.925,0,0,125,-82.7388
0.95,0,0,125,-82.7382
0.975,0,0,125,-82.7375
1,0,0,125,-82.7368
1.025,0,0,125,-82.736
1.05,0,0,125,-82.7353
1.075,0,0,125,-82.7344
1.1,0,0,125,-82.7336
1.125,0,0,125,-82.7327
1.15,0,0,125,-82.7318
1.175,0,0,125,-82.7308
1.2,0,0,125,-82.7298
1.225,0,0,125,-82.7287
1.25,0,0,125,-82.7277
1.275,0,0,125,-82.7265
1.3,0,0,125,-82.7254
1.325,0,0,125,-82.7242
1.35,0,0,125,-82.723
1.375,0,0,125,-82.7218
1.4,0,0,125,-82.7205
1.425,0,0,125,-82.7193
1.45,0,0,125,-82.7179
1.475,0,0,125,-82.7166
1.5,0,0,125,-82.7153
1.525,0,0,125,-82.7139
1.55,0,0,125,-82.7124
1.575,0,0,125,-82.711
1.6,0,0,125,-82.7095
1.625,0,0,125,-82.7081
1.65,0,0,125,-82.7065
1.675,0,0,125,-82.705
1.7,0,0,125,-82.7034
1.725,0,0,125,-82.7019
1.75,0,0,125,-82.7003
1.775,0,0,125,-82.6986
1.8,0,0,125,-82.697
1.825,0,0,125,-82.6953
1.85,0,0,125,-82.6936
1.875,0,0,125,-82.6919
1.9,0,0,125,-82.6901
1.925,0,0,125,-82.6884
1.95,0,0,125,-82.6866
1.975,0,0,125,-82.6848
2,0,0,125,-82.6829
2.025,0,0,125,-82.6811
2.05,0,0,125,-82.6792
2.075,0,0,125,-82.6773
2.1,0,0,125,-82.6753
2.125,0,0,125,-82.6734
2.15,0,0,125,-82.6714
2.175,0,0,125,-82.6694
2.2,0,0,125,-82.6673
2.225,0,0,125,-82.6653
2.25,0,0,125,-82.6632
2.275,0,0,125,-82.6611
2.3,0,0,125,-82.659
2.325,0,0,125,-82.6568
2.35,0,0,125,-82.6546
2.375,0,0,125,-82.6524
2.4,0,0,125,-82.6502
2.425,0,0,125,-82.6479
2.45,0,0,125,-82.6456
2.475,0,0,125,-82.6433
2.5,0,0,125,-82.641
2.525,0,0,125,-82.6386
2.55,0,0,125,-82.6362
2.575,0,0,125,-82.6338
2.6,0,0,125,-82.6313
2.625,0,0,125,-82.6288
2.65,0,0,125,-82.6263
2.675,0,0,125,-82.6238
2.7,0,0,125,-82.6212
2.725,0,0,125,-82.6186
2.75,0,0,125,-82.616
2.775,0,0,125,-82.6134
2.8,0,0,125,-82.6107
2.825,0,0,125,-82.608
2.85,0,0,125,-82.6052
2.875,0,0,125,-82.6025
2.9,0,0,125,-82.5997
2.925,0,0,125,-82.5968
2.95,0,0,125,-82.594
2.975,0,0,125,-82.5911
3,0,0,125,-82.5882
3.025,0,0,125,-82.5852
3.05,0,0,125,-82.5822
3.075,0,0,125,-82.5792
3.1,0,0,125,-82.5762
3.125,0,0,125,-82.5732
3.15,0,0,125,-82.5701
3.175,0,0,125,-82.5669
3.2,0,0,125,-82.5638
3.225,0,0,125,-82.5606
3.25,0,0,125,-82.5574
3.275,0,0,125,-82.5542
3.3,0,0,125,-82.5509
3.325,0,0,125,-82.5476
3.35,0,0,125,-82.5443
3.375,0,0,125,-82.5409
3.4,0,0,125,-82.5376
3.425,0,0,125,-82.5342
3.45,0,0,125,-82.5307
3.475,0,0,125,-82.5273
3.5,0,0,125,-82.5238
3.525,0,0,125,-82.5203
3.55,0,0,125,-82.5168
3.575,0,0,125,-82.5132
3.6,0,0,125,-82.5097
3.625,0,0,125,-82.5061
3.65,0,0,125,-82.5025
3.675,0,0,125,-82.499
3.7,0,0,125,-82.4953
3.725,0,0,125,-82.4917
3.75,0,0,125,-82.4881
3.775,0,0,125,-82.4845
3.8,0,0,125,-82.4808
3.825,0,0,125,-82.4772
3.85,0,0,125,-82.4735
3.875,0,0,125,-82.4698
3.9,0,0,125,-82.4661
3.925,0,0,125,-82.4625
3.95,0,0,125,-82.4588
3.975,0,0,125,-82.4551
4,0,0,125,-82.4514
4.025,0,0,125,-82.4475
4.05,0,0,125,-82.4436
4.075,0,0,125,-82.4394
4.1,0,0,125,-82.4348
4.125,0,0,125,-82.4295
4.15,0,0,125,-82.423
4.175,0,0,125,-82.4145
4.2,0,0,125,-82.4027
4.225,0,0,125,-82.3857
4.25,0,0,125,-82.3601
4.275,0,0,125,-82.3211
4.3,0,0,125,-82.2608
4.325,0,0,125,-82.1676
4.35,0,0,125,-82.0237
4.375,0,0,125,-81.8025
4.4,0,0,125,-81.4646
4.425,0,0,125,-80.9524
4.45,0,0,125,-80.182
4.475,0,0,125,-79.0336
4.5,0,0,125,-77.3364
4.525,0,0,125,-74.8513
4.55,0,0,125,-71.2465
4.575,0,0,125,-66.0692
4.6,0,0,125,-58.7168
4.625,0,0,125,-48.4633
4.65,0,0,125,-35.03
4.675,0,0,125,-21.0761
4.7,0,0,125,-10.0766
4.725,0,0,125,-1.73242
4.75,0,0,125,5.03709
4.775,0,0,125,11.0284
4.8,0,0,125,16.6758
4.825,0,0,125,22.1281
4.85,0,0,125,27.3408
4.875,0,0,125,32.1631
4.9,0,0,125,36.4147
4.925,0,0,125,39.9329
4.95,0,0,125,42.621
4.975,0,0,125,44.4435
5,0,0,125,45.4039
