0,0,0,125,16.4639
0.025,0,0,125,16.4661
0.05,0,0,125,16.4705
0.075,0,0,125,16.4766
0.1,0,0,125,16.484
0.125,0,0,125,16.4923
0.15,0,0,125,16.5007
0.175,0,0,125,16.509
0.2,0,0,125,16.5169
0.225,0,0,125,16.5243
0.25,0,0,125,16.5311
0.275,0,0,125,16.5374
0.3,0,0,125,16.543
0.325,0,0,125,16.548
0.35,0,0,125,16.5524
0.375,0,0,125,16.556
0.4,0,0,125,16.5591
0.425,0,0,125,16.5614
0.45,0,0,125,16.5632
0.475,0,0,125,16.5643
0.5,0,0,125,16.5647
0.525,0,0,125,16.5646
0.55,0,0,125,16.5638
0.575,0,0,125,16.5625
0.6,0,0,125,16.5606
0.625,0,0,125,16.5582
0.65,0,0,125,16.5552
0.675,0,0,125,16.5518
0.7,0,0,125,16.5478
0.725,0,0,125,16.5434
0.75,0,0,125,16.5384
0.775,0,0,125,16.5331
0.8,0,0,125,16.5273
0.825,0,0,125,16.5211
0.85,0,0,125,16.5145
0.875,0,0,125,16.5075
0.9,0,0,125,16.5001
0.925,0,0,125,16.4923
0.95,0,0,125,16.4842
0.975,0,0,125,16.4758
1,0,0,125,16.467
1.025,0,0,125,16.4579
1.05,0,0,125,16.4484
1.075,0,0,125,16.4387
1.1,0,0,125,16.4286
1.125,0,0,125,16.4182
1.15,0,0,125,16.4076
1.175,0,0,125,16.3966
1.2,0,0,125,16.3854
1.225,0,0,125,16.3738
1.25,0,0,125,16.362
1.275,0,0,125,16.3499
1.3,0,0,125,16.3375
1.325,0,0,125,16.3248
1.35,0,0,125,16.3118
1.375,0,0,125,16.2986
1.4,0,0,125,16.285
1.425,0,0,125,16.2712
1.45,0,0,125,16.2571
1.475,0,0,125,16.2427
1.5,0,0,125,16.228
1.525,0,0,125,16.2131
1.55,0,0,125,16.1978
1.575,0,0,125,16.1822
1.6,0,0,125,16.1663
1.625,0,0,125,16.1502
1.65,0,0,125,16.1337
1.675,0,0,125,16.1168
1.7,0,0,125,16.0997
1.725,0,0,125,16.0823
1.75,0,0,125,16.0645
1.775,0,0,125,16.0464
1.8,0,0,125,16.0279
1.825,0,0,125,16.0091
1.85,0,0,125,15.99
1.875,0,0,125,15.9705
1.9,0,0,125,15.9506
1.925,0,0,125,15.9304
1.95,0,0,125,15.9098
1.975,0,0,125,15.8889
2,0,0,125,15.8676
2.025,0,0,125,15.8458
2.05,0,0,125,15.8238
2.075,0,0,125,15.8013
2.1,0,0,125,15.7784
2.125,0,0,125,15.7551
2.15,0,0,125,15.7314
2.175,0,0,125,15.7073
2.2,0,0,125,15.6828
2.225,0,0,125,15.6578
2.25,0,0,125,15.6325
2.275,0,0,125,15.6067
2.3,0,0,125,15.5805
2.325,0,0,125,15.5538
2.35,0,0,125,15.5267
2.375,0,0,125,15.4991
2.4,0,0,125,15.4712
2.425,0,0,125,15.4427
2.45,0,0,125,15.4138
2.475,0,0,125,15.3844
2.5,0,0,125,15.3546
2.525,0,0,125,15.3243
2.55,0,0,125,15.2935
2.575,0,0,125,15.2623
2.6,0,0,125,15.2306
2.625,0,0,125,15.1984
2.65,0,0,125,15.1657
2.675,0,0,125,15.1326
2.7,0,0,125,15.099
2.725,0,0,125,15.0649
2.75,0,0,125,15.0303
2.775,0,0,125,14.9952
2.8,0,0,125,14.9597
2.825,0,0,125,14.9236
2.85,0,0,125,14.8871
2.875,0,0,125,14.8502
2.9,0,0,125,14.8127
2.925,0,0,125,14.7748
2.95,0,0,125,14.7364
2.975,0,0,125,14.6975
3,0,0,125,14.6582
3.025,0,0,125,14.6184
3.05,0,0,125,14.5782
3.075,0,0,125,14.5375
3.1,0,0,125,14.4964
3.125,0,0,125,14.4549
3.15,0,0,125,14.4129
3.175,0,0,125,14.3706
3.2,0,0,125,14.3278
3.225,0,0,125,14.2847
3.25,0,0,125,14.2411
3.275,0,0,125,14.1972
3.3,0,0,125,14.153
3.325,0,0,125,14.1084
3.35,0,0,125,14.0636
3.375,0,0,125,14.0184
3.4,0,0,125,13.9729
3.425,0,0,125,13.9272
3.45,0,0,125,13.8812
3.475,0,0,125,13.8351
3.5,0,0,125,13.7887
3.525,0,0,125,13.7421
3.55,0,0,125,13.6954
3.575,0,0,125,13.6486
3.6,0,0,125,13.6017
3.625,0,0,125,13.5547
3.65,0,0,125,13.5077
3.675,0,0,125,13.4607
3.7,0,0,125,13.4137
3.725,0,0,125,13.3667
3.75,0,0,125,13.3199
3.775,0,0,125,13.2731
3.8,0,0,125,13.2265
3.825,0,0,125,13.1801
3.85,0,0,125,13.1339
3.875,0,0,125,13.088
3.9,0,0,125,13.0424
3.925,0,0,125,12.9971
3.95,0,0,125,12.9521
3.975,0,0,125,12.9076
4,0,0,125,12.8635
4.025,0,0,125,12.8199
4.05,0,0,125,12.7768
4.075,0,0,125,12.7342
4.1,0,0,125,12.6922
4.125,0,0,125,12.6508
4.15,0,0,125,12.61
4.175,0,0,125,12.57
4.2,0,0,125,12.5306
4.225,0,0,125,12.492
4.25,0,0,125,12.4541
4.275,0,0,125,12.417
4.3,0,0,125,12.3807
4.325,0,0,125,12.3452
4.35,0,0,125,12.3106
4.375,0,0,125,12.2769
4.4,0,0,125,12.244
4.425,0,0,125,12.2121
4.45,0,0,125,12.181
4.475,0,0,125,12.1509
4.5,0,0,125,12.1217
4.525,0,0,125,12.0935
4.55,0,0,125,12.0662
4.575,0,0,125,12.0399
4.6,0,0,125,12.0145
4.625,0,0,125,11.9901
4.65,0,0,125,11.9667
4.675,0,0,125,11.9444
4.7,0,0,125,11.9231
4.725,0,0,125,11.9029
4.75,0,0,125,11.8838
4.775,0,0,125,11.866
4.8,0,0,125,11.8494
4.825,0,0,125,11.8343
4.85,0,0,125,11.8206
4.875,0,0,125,11.8086
4.9,0,0,125,11.7984
4.925,0,0,125,11.79
4.95,0,0,125,11.7837
4.975,0,0,125,11.7794
5,0,0,125,11.7773
