0,0,0,125,-84.3535
0.025,0,0,125,-84.3536
0.05,0,0,125,-84.3537
0.075,0,0,125,-84.3539
0.1,0,0,125,-84.3541
0.125,0,0,125,-84.3544
0.15,0,0,125,-84.3547
0.175,0,0,125,-84.355
0.2,0,0,125,-84.3553
0.225,0,0,125,-84.3556
0.25,0,0,125,-84.356
0.275,0,0,125,-84.3563
0.3,0,0,125,-84.3567
0.325,0,0,125,-84.357
0.35,0,0,125,-84.3574
0.375,0,0,125,-84.3578
0.4,0,0,125,-84.3581
0.425,0,0,125,-84.3584
0.45,0,0,125,-84.3587
0.475,0,0,125,-84.359
0.5,0,0,125,-84.3593
0.525,0,0,125,-84.3596
0.55,0,0,125,-84.3599
0.575,0,0,125,-84.3602
0.6,0,0,125,-84.3604
0.625,0,0,125,-84.3607
0.65,0,0,125,-84.3609
0.675,0,0,125,-84.3612
0.7,0,0,125,-84.3615
0.725,0,0,125,-84.3617
0.75,0,0,125,-84.362
0.775,0,0,125,-84.3622
0.8,0,0,125,-84.3625
0.825,0,0,125,-84.3627
0.85,0,0,125,-84.363
0.875,0,0,125,-84.3632
0.9,0,0,125,-84.3635
0.925,0,0,125,-84.3637
0.95,0,0,125,-84.364
0.975,0,0,125,-84.3643
1,0,0,125,-84.3645
1.025,0,0,125,-84.3648
1.05,0,0,125,-84.3651
1.075,0,0,125,-84.3654
1.1,0,0,125,-84.3657
1.125,0,0,125,-84.366
1.15,0,0,125,-84.3663
1.175,0,0,125,-84.3666
1.2,0,0,125,-84.367
1.225,0,0,125,-84.3673
1.25,0,0,125,-84.3677
1.275,0,0,125,-84.368
1.3,0,0,125,-84.3684
1.325,0,0,125,-84.3688
1.35,0,0,125,-84.3692
1.375,0,0,125,-84.3696
1.4,0,0,125,-84.37
1.425,0,0,125,-84.3704
1.45,0,0,125,-84.3709
1.475,0,0,125,-84.3713
1.5,0,0,125,-84.3717
1.525,0,0,125,-84.3722
1.55,0,0,125,-84.3727
1.575,0,0,125,-84.3731
1.6,0,0,125,-84.3736
1.625,0,0,125,-84.3741
1.65,0,0,125,-84.3746
1.675,0,0,125,-84.3752
1.7,0,0,125,-84.3757
1.725,0,0,125,-84.3762
1.75,0,0,125,-84.3768
1.775,0,0,125,-84.3773
1.8,0,0,125,-84.3779
1.825,0,0,125,-84.3785
1.85,0,0,125,-84.379
1.875,0,0,125,-84.3796
1.9,0,0,125,-84.3802
1.925,0,0,125,-84.3808
1.95,0,0,125,-84.3815
1.975,0,0,125,-84.3821
2,0,0,125,-84.3827
2.025,0,0,125,-84.3834
2.05,0,0,125,-84.384
2.075,0,0,125,-84.3847
2.1,0,0,125,-84.3854
2.125,0,0,125,-84.3861
2.15,0,0,125,-84.3868
2.175,0,0,125,-84.3875
2.2,0,0,125,-84.3882
2.225,0,0,125,-84.389
2.25,0,0,125,-84.3898
2.275,0,0,125,-84.3906
2.3,0,0,125,-84.3914
2.325,0,0,125,-84.3922
2.35,0,0,125,-84.3931
2.375,0,0,125,-84.394
2.4,0,0,125,-84.3949
2.425,0,0,125,-84.3959
2.45,0,0,125,-84.3968
2.475,0,0,125,-84.3978
2.5,0,0,125,-84.3988
2.525,0,0,125,-84.3998
2.55,0,0,125,-84.4009
2.575,0,0,125,-84.4019
2.6,0,0,125,-84.403
2.625,0,0,125,-84.4041
2.65,0,0,125,-84.4051
2.675,0,0,125,-84.4062
2.7,0,0,125,-84.4074
2.725,0,0,125,-84.4085
2.75,0,0,125,-84.4097
2.775,0,0,125,-84.4108
2.8,0,0,125,-84.412
2.825,0,0,125,-84.4132
2.85,0,0,125,-84.4144
2.875,0,0,125,-84.4156
2.9,0,0,125,-84.4169
2.925,0,0,125,-84.4181
2.95,0,0,125,-84.4193
2.975,0,0,125,-84.4205
3,0,0,125,-84.4217
3.025,0,0,125,-84.4229
3.05,0,0,125,-84.4241
3.075,0,0,125,-84.4253
3.1,0,0,125,-84.4265
3.125,0,0,125,-84.4276
3.15,0,0,125,-84.4287
3.175,0,0,125,-84.4299
3.2,0,0,125,-84.431
3.225,0,0,125,-84.4321
3.25,0,0,125,-84.4332
3.275,0,0,125,-84.4343
3.3,0,0,125,-84.4354
3.325,0,0,125,-84.4365
3.35,0,0,125,-84.4375
3.375,0,0,125,-84.4386
3.4,0,0,125,-84.4396
3.425,0,0,125,-84.4406
3.45,0,0,125,-84.4416
3.475,0,0,125,-84.4426
3.5,0,0,125,-84.4436
3.525,0,0,125,-84.4446
3.55,0,0,125,-84.4455
3.575,0,0,125,-84.4465
3.6,0,0,125,-84.4474
3.625,0,0,125,-84.4483
3.65,0,0,125,-84.4492
3.675,0,0,125,-84.4501
3.7,0,0,125,-84.4509
3.725,0,0,125,-84.4518
3.75,0,0,125,-84.4526
3.775,0,0,125,-84.4533
3.8,0,0,125,-84.4541
3.825,0,0,125,-84.4548
3.85,0,0,125,-84.4555
3.875,0,0,125,-84.4562
3.9,0,0,125,-84.4568
3.925,0,0,125,-84.4574
3.95,0,0,125,-84.458
3.975,0,0,125,-84.4586
4,0,0,125,-84.4592
4.025,0,0,125,-84.4597
4.05,0,0,125,-84.4602
4.075,0,0,125,-84.4607
4.1,0,0,125,-84.4611
4.125,0,0,125,-84.4616
4.15,0,0,125,-84.462
4.175,0,0,125,-84.4625
4.2,0,0,125,-84.4629
4.225,0,0,125,-84.4633
4.25,0,0,125,-84.4636
4.275,0,0,125,-84.464
4.3,0,0,125,-84.4644
4.325,0,0,125,-84.4647
4.35,0,0,125,-84.465
4.375,0,0,125,-84.4653
4.4,0,0,125,-84.4656
4.425,0,0,125,-84.4659
4.45,0,0,125,-84.4661
4.475,0,0,125,-84.4664
4.5,0,0,125,-84.4666
4.525,0,0,125,-84.4668
4.55,0,0,125,-84.467
4.575,0,0,125,-84.4672
4.6,0,0,125,-84.4674
4.625,0,0,125,-84.4675
4.65,0,0,125,-84.4676
4.675,0,0,125,-84.4678
4.7,0,0,125,-84.4679
4.725,0,0,125,-84.468
4.75,0,0,125,-84.468
4.775,0,0,125,-84.4681
4.8,0,0,125,-84.4681
4.825,0,0,125,-84.4682
4.85,0,0,125,-84.4682
4.875,0,0,125,-84.4682
4.9,0,0,125,-84.4682
4.925,0,0,125,-84.4681
4.95,0,0,125,-84.4681
4.975,0,0,125,-84.4681
5,0,0,125,-84.4681
