0,0,0,125,-83.3315
0.025,0,0,125,-83.3319
0.05,0,0,125,-83.3326
0.075,0,0,125,-83.3335
0.1,0,0,125,-83.3347
0.125,0,0,125,-83.3361
0.15,0,0,125,-83.3376
0.175,0,0,125,-83.3392
0.2,0,0,125,-83.3409
0.225,0,0,125,-83.3425
0.25,0,0,125,-83.3442
0.275,0,0,125,-83.3458
0.3,0,0,125,-83.3475
0.325,0,0,125,-83.3491
0.35,0,0,125,-83.3507
0.375,0,0,125,-83.3523
0.4,0,0,125,-83.3539
0.425,0,0,125,-83.3555
0.45,0,0,125,-83.3571
0.475,0,0,125,-83.3586
0.5,0,0,125,-83.3601
0.525,0,0,125,-83.3617
0.55,0,0,125,-83.3632
0.575,0,0,125,-83.3646
0.6,0,0,125,-83.3661
0.625,0,0,125,-83.3676
0.65,0,0,125,-83.369
0.675,0,0,125,-83.3704
0.7,0,0,125,-83.3718
0.725,0,0,125,-83.3732
0.75,0,0,125,-83.3746
0.775,0,0,125,-83.376
0.8,0,0,125,-83.3774
0.825,0,0,125,-83.3787
0.85,0,0,125,-83.3802
0.875,0,0,125,-83.3816
0.9,0,0,125,-83.383
0.925,0,0,125,-83.3844
0.95,0,0,125,-83.3859
0.975,0,0,125,-83.3873
1,0,0,125,-83.3888
1.025,0,0,125,-83.3902
1.05,0,0,125,-83.3917
1.075,0,0,125,-83.3932
1.1,0,0,125,-83.3947
1.125,0,0,125,-83.3962
1.15,0,0,125,-83.3978
1.175,0,0,125,-83.3994
1.2,0,0,125,-83.401
1.225,0,0,125,-83.4026
1.25,0,0,125,-83.4043
1.275,0,0,125,-83.406
1.3,0,0,125,-83.4078
1.325,0,0,125,-83.4096
1.35,0,0,125,-83.4114
1.375,0,0,125,-83.4133
1.4,0,0,125,-83.4152
1.425,0,0,125,-83.4171
1.45,0,0,125,-83.4191
1.475,0,0,125,-83.4211
1.5,0,0,125,-83.4231
1.525,0,0,125,-83.4252
1.55,0,0,125,-83.4273
1.575,0,0,125,-83.4295
1.6,0,0,125,-83.4317
1.625,0,0,125,-83.434
1.65,0,0,125,-83.4363
1.675,0,0,125,-83.4387
1.7,0,0,125,-83.4412
1.725,0,0,125,-83.4436
1.75,0,0,125,-83.4461
1.775,0,0,125,-83.4487
1.8,0,0,125,-83.4514
1.825,0,0,125,-83.454
1.85,0,0,125,-83.4568
1.875,0,0,125,-83.4596
1.9,0,0,125,-83.4625
1.925,0,0,125,-83.4655
1.95,0,0,125,-83.4685
1.975,0,0,125,-83.4716
2,0,0,125,-83.4748
2.025,0,0,125,-83.478
2.05,0,0,125,-83.4814
2.075,0,0,125,-83.4848
2.1,0,0,125,-83.4883
2.125,0,0,125,-83.4919
2.15,0,0,125,-83.4956
2.175,0,0,125,-83.4994
2.2,0,0,125,-83.5032
2.225,0,0,125,-83.5072
2.25,0,0,125,-83.5112
2.275,0,0,125,-83.5153
2.3,0,0,125,-83.5195
2.325,0,0,125,-83.5238
2.35,0,0,125,-83.5282
2.375,0,0,125,-83.5328
2.4,0,0,125,-83.5374
2.425,0,0,125,-83.5422
2.45,0,0,125,-83.5471
2.475,0,0,125,-83.5521
2.5,0,0,125,-83.5571
2.525,0,0,125,-83.5623
2.55,0,0,125,-83.5675
2.575,0,0,125,-83.5729
2.6,0,0,125,-83.5783
2.625,0,0,125,-83.5838
2.65,0,0,125,-83.5894
2.675,0,0,125,-83.5951
2.7,0,0,125,-83.6008
2.725,0,0,125,-83.6066
2.75,0,0,125,-83.6125
2.775,0,0,125,-83.6184
2.8,0,0,125,-83.6244
2.825,0,0,125,-83.6305
2.85,0,0,125,-83.6366
2.875,0,0,125,-83.6427
2.9,0,0,125,-83.6489
2.925,0,0,125,-83.6552
2.95,0,0,125,-83.6614
2.975,0,0,125,-83.6678
3,0,0,125,-83.6741
3.025,0,0,125,-83.6805
3.05,0,0,125,-83.6868
3.075,0,0,125,-83.6932
3.1,0,0,125,-83.6995
3.125,0,0,125,-83.7058
3.15,0,0,125,-83.7122
3.175,0,0,125,-83.7185
3.2,0,0,125,-83.7247
3.225,0,0,125,-83.731
3.25,0,0,125,-83.7372
3.275,0,0,125,-83.7433
3.3,0,0,125,-83.7495
3.325,0,0,125,-83.7555
3.35,0,0,125,-83.7615
3.375,0,0,125,-83.7674
3.4,0,0,125,-83.7733
3.425,0,0,125,-83.7791
3.45,0,0,125,-83.7848
3.475,0,0,125,-83.7905
3.5,0,0,125,-83.796
3.525,0,0,125,-83.8014
3.55,0,0,125,-83.8068
3.575,0,0,125,-83.812
3.6,0,0,125,-83.8171
3.625,0,0,125,-83.8221
3.65,0,0,125,-83.8269
3.675,0,0,125,-83.8317
3.7,0,0,125,-83.8364
3.725,0,0,125,-83.8409
3.75,0,0,125,-83.8453
3.775,0,0,125,-83.8496
3.8,0,0,125,-83.8538
3.825,0,0,125,-83.8579
3.85,0,0,125,-83.8618
3.875,0,0,125,-83.8656
3.9,0,0,125,-83.8692
3.925,0,0,125,-83.8728
3.95,0,0,125,-83.8762
3.975,0,0,125,-83.8795
4,0,0,125,-83.8827
4.025,0,0,125,-83.8858
4.05,0,0,125,-83.8887
4.075,0,0,125,-83.8916
4.1,0,0,125,-83.8943
4.125,0,0,125,-83.8969
4.15,0,0,125,-83.8994
4.175,0,0,125,-83.9018
4.2,0,0,125,-83.9041
4.225,0,0,125,-83.9062
4.25,0,0,125,-83.9083
4.275,0,0,125,-83.9102
4.3,0,0,125,-83.912
4.325,0,0,125,-83.9138
4.35,0,0,125,-83.9154
4.375,0,0,125,-83.9169
4.4,0,0,125,-83.9184
4.425,0,0,125,-83.9197
4.45,0,0,125,-83.921
4.475,0,0,125,-83.9221
4.5,0,0,125,-83.9232
4.525,0,0,125,-83.9242
4.55,0,0,125,-83.9251
4.575,0,0,125,-83.926
4.6,0,0,125,-83.9267
4.625,0,0,125,-83.9274
4.65,0,0,125,-83.928
4.675,0,0,125,-83.9285
4.7,0,0,125,-83.929
4.725,0,0,125,-83.9295
4.75,0,0,125,-83.9298
4.775,0,0,125,-83.9301
4.8,0,0,125,-83.9304
4.825,0,0,125,-83.9306
4.85,0,0,125,-83.9307
4.875,0,0,125,-83.9308
4.9,0,0,125,-83.9309
4.925,0,0,125,-83.931
4.95,0,0,125,-83.931
4.975,0,0,125,-83.931
5,0,0,125,-83.931
