0,0,0,125,-82.7332
0.025,0,0,125,-82.7337
0.05,0,0,125,-82.7347
0.075,0,0,125,-82.7361
0.1,0,0,125,-82.7378
0.125,0,0,125,-82.7399
0.15,0,0,125,-82.7421
0.175,0,0,125,-82.7444
0.2,0,0,125,-82.7468
0.225,0,0,125,-82.7492
0.25,0,0,125,-82.7516
0.275,0,0,125,-82.754
0.3,0,0,125,-82.7563
0.325,0,0,125,-82.7587
0.35,0,0,125,-82.761
0.375,0,0,125,-82.7632
0.4,0,0,125,-82.7654
0.425,0,0,125,-82.7676
0.45,0,0,125,-82.7698
0.475,0,0,125,-82.7719
0.5,0,0,125,-82.7739
0.525,0,0,125,-82.776
0.55,0,0,125,-82.778
0.575,0,0,125,-82.78
0.6,0,0,125,-82.7819
0.625,0,0,125,-82.7838
0.65,0,0,125,-82.7857
0.675,0,0,125,-82.7876
0.7,0,0,125,-82.7895
0.725,0,0,125,-82.7914
0.75,0,0,125,-82.7932
0.775,0,0,125,-82.7951
0.8,0,0,125,-82.7969
0.825,0,0,125,-82.7988
0.85,0,0,125,-82.8006
0.875,0,0,125,-82.8024
0.9,0,0,125,-82.8043
0.925,0,0,125,-82.8062
0.95,0,0,125,-82.808
0.975,0,0,125,-82.8099
1,0,0,125,-82.8118
1.025,0,0,125,-82.8137
1.05,0,0,125,-82.8156
1.075,0,0,125,-82.8176
1.1,0,0,125,-82.8195
1.125,0,0,125,-82.8215
1.15,0,0,125,-82.8236
1.175,0,0,125,-82.8256
1.2,0,0,125,-82.8277
1.225,0,0,125,-82.8299
1.25,0,0,125,-82.832
1.275,0,0,125,-82.8342
1.3,0,0,125,-82.8365
1.325,0,0,125,-82.8388
1.35,0,0,125,-82.8411
1.375,0,0,125,-82.8434
1.4,0,0,125,-82.8458
1.425,0,0,125,-82.8483
1.45,0,0,125,-82.8507
1.475,0,0,125,-82.8533
1.5,0,0,125,-82.8559
1.525,0,0,125,-82.8585
1.55,0,0,125,-82.8612
1.575,0,0,125,-82.864
1.6,0,0,125,-82.8668
1.625,0,0,125,-82.8697
1.65,0,0,125,-82.8727
1.675,0,0,125,-82.8757
1.7,0,0,125,-82.8788
1.725,0,0,125,-82.882
1.75,0,0,125,-82.8852
1.775,0,0,125,-82.8885
1.8,0,0,125,-82.892
1.825,0,0,125,-82.8954
1.85,0,0,125,-82.899
1.875,0,0,125,-82.9027
1.9,0,0,125,-82.9065
1.925,0,0,125,-82.9104
1.95,0,0,125,-82.9143
1.975,0,0,125,-82.9184
2,0,0,125,-82.9226
2.025,0,0,125,-82.927
2.05,0,0,125,-82.9314
2.075,0,0,125,-82.9359
2.1,0,0,125,-82.9406
2.125,0,0,125,-82.9454
2.15,0,0,125,-82.9503
2.175,0,0,125,-82.9553
2.2,0,0,125,-82.9604
2.225,0,0,125,-82.9657
2.25,0,0,125,-82.9711
2.275,0,0,125,-82.9767
2.3,0,0,125,-82.9824
2.325,0,0,125,-82.9883
2.35,0,0,125,-82.9943
2.375,0,0,125,-83.0004
2.4,0,0,125,-83.0066
2.425,0,0,125,-83.013
2.45,0,0,125,-83.0196
2.475,0,0,125,-83.0262
2.5,0,0,125,-83.033
2.525,0,0,125,-83.04
2.55,0,0,125,-83.0471
2.575,0,0,125,-83.0543
2.6,0,0,125,-83.0617
2.625,0,0,125,-83.0691
2.65,0,0,125,-83.0768
2.675,0,0,125,-83.0845
2.7,0,0,125,-83.0924
2.725,0,0,125,-83.1005
2.75,0,0,125,-83.1086
2.775,0,0,125,-83.1168
2.8,0,0,125,-83.1251
2.825,0,0,125,-83.1335
2.85,0,0,125,-83.142
2.875,0,0,125,-83.1505
2.9,0,0,125,-83.1591
2.925,0,0,125,-83.1678
2.95,0,0,125,-83.1766
2.975,0,0,125,-83.1853
3,0,0,125,-83.1942
3.025,0,0,125,-83.203
3.05,0,0,125,-83.2119
3.075,0,0,125,-83.2208
3.1,0,0,125,-83.2297
3.125,0,0,125,-83.2386
3.15,0,0,125,-83.2476
3.175,0,0,125,-83.2565
3.2,0,0,125,-83.2654
3.225,0,0,125,-83.2742
3.25,0,0,125,-83.283
3.275,0,0,125,-83.2918
3.3,0,0,125,-83.3004
3.325,0,0,125,-83.309
3.35,0,0,125,-83.3176
3.375,0,0,125,-83.326
3.4,0,0,125,-83.3344
3.425,0,0,125,-83.3426
3.45,0,0,125,-83.3508
3.475,0,0,125,-83.3588
3.5,0,0,125,-83.3667
3.525,0,0,125,-83.3745
3.55,0,0,125,-83.3822
3.575,0,0,125,-83.3897
3.6,0,0,125,-83.3971
3.625,0,0,125,-83.4043
3.65,0,0,125,-83.4114
3.675,0,0,125,-83.4184
3.7,0,0,125,-83.4252
3.725,0,0,125,-83.4318
3.75,0,0,125,-83.4382
3.775,0,0,125,-83.4445
3.8,0,0,125,-83.4506
3.825,0,0,125,-83.4565
3.85,0,0,125,-83.4622
3.875,0,0,125,-83.4677
3.9,0,0,125,-83.473
3.925,0,0,125,-83.4782
3.95,0,0,125,-83.4832
3.975,0,0,125,-83.4879
4,0,0,125,-83.4925
4.025,0,0,125,-83.4969
4.05,0,0,125,-83.5011
4.075,0,0,125,-83.5052
4.1,0,0,125,-83.5091
4.125,0,0,125,-83.5128
4.15,0,0,125,-83.5164
4.175,0,0,125,-83.5198
4.2,0,0,125,-83.523
4.225,0,0,125,-83.5261
4.25,0,0,125,-83.529
4.275,0,0,125,-83.5317
4.3,0,0,125,-83.5343
4.325,0,0,125,-83.5368
4.35,0,0,125,-83.5391
4.375,0,0,125,-83.5413
4.4,0,0,125,-83.5433
4.425,0,0,125,-83.5452
4.45,0,0,125,-83.547
4.475,0,0,125,-83.5486
4.5,0,0,125,-83.5502
4.525,0,0,125,-83.5516
4.55,0,0,125,-83.5529
4.575,0,0,125,-83.5541
4.6,0,0,125,-83.5551
4.625,0,0,125,-83.5561
4.65,0,0,125,-83.557
4.675,0,0,125,-83.5578
4.7,0,0,125,-83.5585
4.725,0,0,125,-83.559
4.75,0,0,125,-83.5595
4.775,0,0,125,-83.56
4.8,0,0,125,-83.5603
4.825,0,0,125,-83.5606
4.85,0,0,125,-83.5608
4.875,0,0,125,-83.561
4.9,0,0,125,-83.5611
4.925,0,0,125,-83.5612
4.95,0,0,125,-83.5612
4.975,0,0,125,-83.5612
5,0,0,125,-83.5612
