0,0,0,125,-4.93934
0.025,0,0,125,-4.9437
0.05,0,0,125,-4.95244
0.075,0,0,125,-4.96557
0.1,0,0,125,-4.98314
0.125,0,0,125,-5.00519
0.15,0,0,125,-5.0318
0.175,0,0,125,-5.063
0.2,0,0,125,-5.09876
0.225,0,0,125,-5.13903
0.25,0,0,125,-5.18374
0.275,0,0,125,-5.23281
0.3,0,0,125,-5.28617
0.325,0,0,125,-5.34374
0.35,0,0,125,-5.40544
0.375,0,0,125,-5.47119
0.4,0,0,125,-5.54094
0.425,0,0,125,-5.61461
0.45,0,0,125,-5.69214
0.475,0,0,125,-5.77348
0.5,0,0,125,-5.85858
0.525,0,0,125,-5.94739
0.55,0,0,125,-6.03989
0.575,0,0,125,-6.13604
0.6,0,0,125,-6.23581
0.625,0,0,125,-6.3392
0.65,0,0,125,-6.44619
0.675,0,0,125,-6.55678
0.7,0,0,125,-6.67098
0.725,0,0,125,-6.78879
0.75,0,0,125,-6.91024
0.775,0,0,125,-7.03535
0.8,0,0,125,-7.16415
0.825,0,0,125,-7.2967
0.85,0,0,125,-7.43302
0.875,0,0,125,-7.57319
0.9,0,0,125,-7.71725
0.925,0,0,125,-7.86529
0.95,0,0,125,-8.01737
0.975,0,0,125,-8.1736
1,0,0,125,-8.33405
1.025,0,0,125,-8.49883
1.05,0,0,125,-8.66805
1.075,0,0,125,-8.84183
1.1,0,0,125,-9.02029
1.125,0,0,125,-9.20357
1.15,0,0,125,-9.39181
1.175,0,0,125,-9.58516
1.2,0,0,125,-9.78378
1.225,0,0,125,-9.98785
1.25,0,0,125,-10.1975
1.275,0,0,125,-10.413
1.3,0,0,125,-10.6345
1.325,0,0,125,-10.8622
1.35,0,0,125,-11.0964
1.375,0,0,125,-11.3372
1.4,0,0,125,-11.5848
1.425,0,0,125,-11.8397
1.45,0,0,125,-12.1019
1.475,0,0,125,-12.3717
1.5,0,0,125,-12.6495
1.525,0,0,125,-12.9354
1.55,0,0,125,-13.2299
1.575,0,0,125,-13.5331
1.6,0,0,125,-13.8455
1.625,0,0,125,-14.1673
1.65,0,0,125,-14.4988
1.675,0,0,125,-14.8405
1.7,0,0,125,-15.1925
1.725,0,0,125,-15.5554
1.75,0,0,125,-15.9294
1.775,0,0,125,-16.3149
1.8,0,0,125,-16.7123
1.825,0,0,125,-17.1219
1.85,0,0,125,-17.5442
1.875,0,0,125,-17.9795
1.9,0,0,125,-18.4282
1.925,0,0,125,-18.8907
1.95,0,0,125,-19.3674
1.975,0,0,125,-19.8587
2,0,0,125,-20.365
2.025,0,0,125,-20.8866
2.05,0,0,125,-21.4241
2.075,0,0,125,-21.9777
2.1,0,0,125,-22.5479
2.125,0,0,125,-23.135
2.15,0,0,125,-23.7396
2.175,0,0,125,-24.3619
2.2,0,0,125,-25.0023
2.225,0,0,125,-25.6613
2.25,0,0,125,-26.3393
2.275,0,0,125,-27.0365
2.3,0,0,125,-27.7535
2.325,0,0,125,-28.4905
2.35,0,0,125,-29.248
2.375,0,0,125,-30.0262
2.4,0,0,125,-30.8256
2.425,0,0,125,-31.6463
2.45,0,0,125,-32.4888
2.475,0,0,125,-33.3531
2.5,0,0,125,-34.2395
2.525,0,0,125,-35.148
2.55,0,0,125,-36.0787
2.575,0,0,125,-37.0313
2.6,0,0,125,-38.0056
2.625,0,0,125,-39.0011
2.65,0,0,125,-40.0175
2.675,0,0,125,-41.0538
2.7,0,0,125,-42.109
2.725,0,0,125,-43.1822
2.75,0,0,125,-44.2717
2.775,0,0,125,-45.3762
2.8,0,0,125,-46.4937
2.825,0,0,125,-47.6222
2.85,0,0,125,-48.7595
2.875,0,0,125,-49.9033
2.9,0,0,125,-51.0509
2.925,0,0,125,-52.1997
2.95,0,0,125,-53.347
2.975,0,0,125,-54.4898
3,0,0,125,-55.6253
3.025,0,0,125,-56.7507
3.05,0,0,125,-57.863
3.075,0,0,125,-58.9597
3.1,0,0,125,-60.0379
3.125,0,0,125,-61.0954
3.15,0,0,125,-62.1296
3.175,0,0,125,-63.1386
3.2,0,0,125,-64.1203
3.225,0,0,125,-65.0731
3.25,0,0,125,-65.9957
3.275,0,0,125,-66.8867
3.3,0,0,125,-67.7453
3.325,0,0,125,-68.5706
3.35,0,0,125,-69.3624
3.375,0,0,125,-70.1202
3.4,0,0,125,-70.8442
3.425,0,0,125,-71.5343
3.45,0,0,125,-72.1911
3.475,0,0,125,-72.8149
3.5,0,0,125,-73.4064
3.525,0,0,125,-73.9663
3.55,0,0,125,-74.4956
3.575,0,0,125,-74.9952
3.6,0,0,125,-75.466
3.625,0,0,125,-75.9091
3.65,0,0,125,-76.3257
3.675,0,0,125,-76.7169
3.7,0,0,125,-77.0838
3.725,0,0,125,-77.4275
3.75,0,0,125,-77.7492
3.775,0,0,125,-78.05
3.8,0,0,125,-78.3311
3.825,0,0,125,-78.5934
3.85,0,0,125,-78.838
3.875,0,0,125,-79.0659
3.9,0,0,125,-79.2782
3.925,0,0,125,-79.4756
3.95,0,0,125,-79.6592
3.975,0,0,125,-79.8296
4,0,0,125,-79.9879
4.025,0,0,125,-80.1346
4.05,0,0,125,-80.2706
4.075,0,0,125,-80.3964
4.1,0,0,125,-80.5129
4.125,0,0,125,-80.6205
4.15,0,0,125,-80.7198
4.175,0,0,125,-80.8114
4.2,0,0,125,-80.8958
4.225,0,0,125,-80.9735
4.25,0,0,125,-81.0448
4.275,0,0,125,-81.1103
4.3,0,0,125,-81.1703
4.325,0,0,125,-81.2251
4.35,0,0,125,-81.2751
4.375,0,0,125,-81.3207
4.4,0,0,125,-81.3622
4.425,0,0,125,-81.3997
4.45,0,0,125,-81.4336
4.475,0,0,125,-81.4642
4.5,0,0,125,-81.4917
4.525,0,0,125,-81.5162
4.55,0,0,125,-81.5381
4.575,0,0,125,-81.5575
4.6,0,0,125,-81.5746
4.625,0,0,125,-81.5896
4.65,0,0,125,-81.6026
4.675,0,0,125,-81.6138
4.7,0,0,125,-81.6234
4.725,0,0,125,-81.6315
4.75,0,0,125,-81.6382
4.775,0,0,125,-81.6437
4.8,0,0,125,-81.6481
4.825,0,0,125,-81.6516
4.85,0,0,125,-81.6542
4.875,0,0,125,-81.6561
4.9,0,0,125,-81.6574
4.925,0,0,125,-81.6583
4.95,0,0,125,-81.6588
4.975,0,0,125,-81.6591
5,0,0,125,-81.6592
