0,0,0,125,-30.9217
0.025,0,0,125,-30.9323
0.05,0,0,125,-30.9535
0.075,0,0,125,-30.9852
0.1,0,0,125,-31.0277
0.125,0,0,125,-31.081
0.15,0,0,125,-31.1451
0.175,0,0,125,-31.2202
0.2,0,0,125,-31.3063
0.225,0,0,125,-31.4034
0.25,0,0,125,-31.5115
0.275,0,0,125,-31.6308
0.3,0,0,125,-31.7611
0.325,0,0,125,-31.9026
0.35,0,0,125,-32.0553
0.375,0,0,125,-32.2192
0.4,0,0,125,-32.3945
0.425,0,0,125,-32.5812
0.45,0,0,125,-32.7794
0.475,0,0,125,-32.9893
0.5,0,0,125,-33.211
0.525,0,0,125,-33.4447
0.55,0,0,125,-33.6906
0.575,0,0,125,-33.9488
0.6,0,0,125,-34.2196
0.625,0,0,125,-34.5033
0.65,0,0,125,-34.8
0.675,0,0,125,-35.1102
0.7,0,0,125,-35.4339
0.725,0,0,125,-35.7717
0.75,0,0,125,-36.1239
0.775,0,0,125,-36.4907
0.8,0,0,125,-36.8725
0.825,0,0,125,-37.2697
0.85,0,0,125,-37.6828
0.875,0,0,125,-38.112
0.9,0,0,125,-38.5578
0.925,0,0,125,-39.0205
0.95,0,0,125,-39.5006
0.975,0,0,125,-39.9984
1,0,0,125,-40.5143
1.025,0,0,125,-41.0486
1.05,0,0,125,-41.6015
1.075,0,0,125,-42.1734
1.1,0,0,125,-42.7645
1.125,0,0,125,-43.375
1.15,0,0,125,-44.0049
1.175,0,0,125,-44.6543
1.2,0,0,125,-45.3231
1.225,0,0,125,-46.0113
1.25,0,0,125,-46.7186
1.275,0,0,125,-47.4447
1.3,0,0,125,-48.1892
1.325,0,0,125,-48.9515
1.35,0,0,125,-49.7309
1.375,0,0,125,-50.5267
1.4,0,0,125,-51.338
1.425,0,0,125,-52.1636
1.45,0,0,125,-53.0024
1.475,0,0,125,-53.8531
1.5,0,0,125,-54.7143
1.525,0,0,125,-55.5843
1.55,0,0,125,-56.4616
1.575,0,0,125,-57.3443
1.6,0,0,125,-58.2305
1.625,0,0,125,-59.1185
1.65,0,0,125,-60.0061
1.675,0,0,125,-60.8914
1.7,0,0,125,-61.7723
1.725,0,0,125,-62.6468
1.75,0,0,125,-63.5128
1.775,0,0,125,-64.3683
1.8,0,0,125,-65.2114
1.825,0,0,125,-66.0404
1.85,0,0,125,-66.8533
1.875,0,0,125,-67.6486
1.9,0,0,125,-68.4248
1.925,0,0,125,-69.1805
1.95,0,0,125,-69.9144
1.975,0,0,125,-70.6256
2,0,0,125,-71.313
2.025,0,0,125,-71.976
2.05,0,0,125,-72.614
2.075,0,0,125,-73.2266
2.1,0,0,125,-73.8135
2.125,0,0,125,-74.3747
2.15,0,0,125,-74.9101
2.175,0,0,125,-75.4199
2.2,0,0,125,-75.9045
2.225,0,0,125,-76.3642
2.25,0,0,125,-76.7996
2.275,0,0,125,-77.2112
2.3,0,0,125,-77.5997
2.325,0,0,125,-77.9658
2.35,0,0,125,-78.3104
2.375,0,0,125,-78.6342
2.4,0,0,125,-78.9381
2.425,0,0,125,-79.2229
2.45,0,0,125,-79.4896
2.475,0,0,125,-79.739
2.5,0,0,125,-79.9721
2.525,0,0,125,-80.1896
2.55,0,0,125,-80.3924
2.575,0,0,125,-80.5815
2.6,0,0,125,-80.7576
2.625,0,0,125,-80.9214
2.65,0,0,125,-81.0738
2.675,0,0,125,-81.2155
2.7,0,0,125,-81.3471
2.725,0,0,125,-81.4694
2.75,0,0,125,-81.5829
2.775,0,0,125,-81.6883
2.8,0,0,125,-81.7862
2.825,0,0,125,-81.877
2.85,0,0,125,-81.9613
2.875,0,0,125,-82.0395
2.9,0,0,125,-82.1121
2.925,0,0,125,-82.1795
2.95,0,0,125,-82.2421
2.975,0,0,125,-82.3002
3,0,0,125,-82.3541
3.025,0,0,125,-82.4042
3.05,0,0,125,-82.4508
3.075,0,0,125,-82.4941
3.1,0,0,125,-82.5344
3.125,0,0,125,-82.5719
3.15,0,0,125,-82.6068
3.175,0,0,125,-82.6394
3.2,0,0,125,-82.6697
3.225,0,0,125,-82.6979
3.25,0,0,125,-82.7243
3.275,0,0,125,-82.7489
3.3,0,0,125,-82.7718
3.325,0,0,125,-82.7933
3.35,0,0,125,-82.8133
3.375,0,0,125,-82.8321
3.4,0,0,125,-82.8496
3.425,0,0,125,-82.8661
3.45,0,0,125,-82.8814
3.475,0,0,125,-82.8958
3.5,0,0,125,-82.9093
3.525,0,0,125,-82.9219
3.55,0,0,125,-82.9338
3.575,0,0,125,-82.9449
3.6,0,0,125,-82.9552
3.625,0,0,125,-82.965
3.65,0,0,125,-82.9741
3.675,0,0,125,-82.9826
3.7,0,0,125,-82.9905
3.725,0,0,125,-82.998
3.75,0,0,125,-83.0049
3.775,0,0,125,-83.0113
3.8,0,0,125,-83.0174
3.825,0,0,125,-83.023
3.85,0,0,125,-83.0281
3.875,0,0,125,-83.0329
3.9,0,0,125,-83.0373
3.925,0,0,125,-83.0414
3.95,0,0,125,-83.045
3.975,0,0,125,-83.0484
4,0,0,125,-83.0514
4.025,0,0,125,-83.0541
4.05,0,0,125,-83.0566
4.075,0,0,125,-83.0587
4.1,0,0,125,-83.0605
4.125,0,0,125,-83.0621
4.15,0,0,125,-83.0634
4.175,0,0,125,-83.0644
4.2,0,0,125,-83.0652
4.225,0,0,125,-83.0658
4.25,0,0,125,-83.0661
4.275,0,0,125,-83.0662
4.3,0,0,125,-83.066
4.325,0,0,125,-83.0657
4.35,0,0,125,-83.0652
4.375,0,0,125,-83.0644
4.4,0,0,125,-83.0635
4.425,0,0,125,-83.0624
4.45,0,0,125,-83.0611
4.475,0,0,125,-83.0597
4.5,0,0,125,-83.0581
4.525,0,0,125,-83.0563
4.55,0,0,125,-83.0544
4.575,0,0,125,-83.0524
4.6,0,0,125,-83.0502
4.625,0,0,125,-83.048
4.65,0,0,125,-83.0456
4.675,0,0,125,-83.0432
4.7,0,0,125,-83.0407
4.725,0,0,125,-83.0382
4.75,0,0,125,-83.0356
4.775,0,0,125,-83.033
4.8,0,0,125,-83.0305
4.825,0,0,125,-83.0279
4.85,0,0,125,-83.0255
4.875,0,0,125,-83.0232
4.9,0,0,125,-83.0211
4.925,0,0,125,-83.0193
4.95,0,0,125,-83.0178
4.975,0,0,125,-83.0168
5,0,0,125,-83.0163
