0,0,0,125,-20.0492
0.025,0,0,125,-20.0571
0.05,0,0,125,-20.0728
0.075,0,0,125,-20.0964
0.1,0,0,125,-20.1279
0.125,0,0,125,-20.1673
0.15,0,0,125,-20.2149
0.175,0,0,125,-20.2705
0.2,0,0,125,-20.3342
0.225,0,0,125,-20.406
0.25,0,0,125,-20.4858
0.275,0,0,125,-20.5736
0.3,0,0,125,-20.6693
0.325,0,0,125,-20.773
0.35,0,0,125,-20.8845
0.375,0,0,125,-21.0039
0.4,0,0,125,-21.1311
0.425,0,0,125,-21.2662
0.45,0,0,125,-21.4091
0.475,0,0,125,-21.5599
0.5,0,0,125,-21.7185
0.525,0,0,125,-21.8851
0.55,0,0,125,-22.0597
0.575,0,0,125,-22.2423
0.6,0,0,125,-22.4329
0.625,0,0,125,-22.6318
0.65,0,0,125,-22.8389
0.675,0,0,125,-23.0544
0.7,0,0,125,-23.2785
0.725,0,0,125,-23.5111
0.75,0,0,125,-23.7526
0.775,0,0,125,-24.003
0.8,0,0,125,-24.2626
0.825,0,0,125,-24.5315
0.85,0,0,125,-24.8099
0.875,0,0,125,-25.0981
0.9,0,0,125,-25.3963
0.925,0,0,125,-25.7047
0.95,0,0,125,-26.0237
0.975,0,0,125,-26.3535
1,0,0,125,-26.6945
1.025,0,0,125,-27.0469
1.05,0,0,125,-27.4112
1.075,0,0,125,-27.7876
1.1,0,0,125,-28.1767
1.125,0,0,125,-28.5787
1.15,0,0,125,-28.9941
1.175,0,0,125,-29.4234
1.2,0,0,125,-29.8671
1.225,0,0,125,-30.3256
1.25,0,0,125,-30.7994
1.275,0,0,125,-31.2891
1.3,0,0,125,-31.7952
1.325,0,0,125,-32.3183
1.35,0,0,125,-32.859
1.375,0,0,125,-33.4178
1.4,0,0,125,-33.9953
1.425,0,0,125,-34.5921
1.45,0,0,125,-35.2088
1.475,0,0,125,-35.8459
1.5,0,0,125,-36.5039
1.525,0,0,125,-37.1835
1.55,0,0,125,-37.885
1.575,0,0,125,-38.6087
1.6,0,0,125,-39.3552
1.625,0,0,125,-40.1245
1.65,0,0,125,-40.9169
1.675,0,0,125,-41.7323
1.7,0,0,125,-42.5707
1.725,0,0,125,-43.4319
1.75,0,0,125,-44.3154
1.775,0,0,125,-45.2208
1.8,0,0,125,-46.1472
1.825,0,0,125,-47.0937
1.85,0,0,125,-48.0591
1.875,0,0,125,-49.0423
1.9,0,0,125,-50.0415
1.925,0,0,125,-51.0551
1.95,0,0,125,-52.0811
1.975,0,0,125,-53.1174
2,0,0,125,-54.1617
2.025,0,0,125,-55.2115
2.05,0,0,125,-56.2643
2.075,0,0,125,-57.3173
2.1,0,0,125,-58.3678
2.125,0,0,125,-59.413
2.15,0,0,125,-60.4501
2.175,0,0,125,-61.4762
2.2,0,0,125,-62.4887
2.225,0,0,125,-63.4848
2.25,0,0,125,-64.462
2.275,0,0,125,-65.418
2.3,0,0,125,-66.3506
2.325,0,0,125,-67.2577
2.35,0,0,125,-68.1377
2.375,0,0,125,-68.9889
2.4,0,0,125,-69.8101
2.425,0,0,125,-70.6003
2.45,0,0,125,-71.3586
2.475,0,0,125,-72.0845
2.5,0,0,125,-72.7777
2.525,0,0,125,-73.4381
2.55,0,0,125,-74.0658
2.575,0,0,125,-74.6612
2.6,0,0,125,-75.2247
2.625,0,0,125,-75.7569
2.65,0,0,125,-76.2587
2.675,0,0,125,-76.7309
2.7,0,0,125,-77.1745
2.725,0,0,125,-77.5906
2.75,0,0,125,-77.9803
2.775,0,0,125,-78.3447
2.8,0,0,125,-78.6851
2.825,0,0,125,-79.0026
2.85,0,0,125,-79.2984
2.875,0,0,125,-79.5737
2.9,0,0,125,-79.8297
2.925,0,0,125,-80.0675
2.95,0,0,125,-80.2882
2.975,0,0,125,-80.493
3,0,0,125,-80.6828
3.025,0,0,125,-80.8586
3.05,0,0,125,-81.0214
3.075,0,0,125,-81.172
3.1,0,0,125,-81.3113
3.125,0,0,125,-81.4401
3.15,0,0,125,-81.5592
3.175,0,0,125,-81.6693
3.2,0,0,125,-81.771
3.225,0,0,125,-81.8649
3.25,0,0,125,-81.9517
3.275,0,0,125,-82.0318
3.3,0,0,125,-82.1058
3.325,0,0,125,-82.1742
3.35,0,0,125,-82.2373
3.375,0,0,125,-82.2956
3.4,0,0,125,-82.3494
3.425,0,0,125,-82.3991
3.45,0,0,125,-82.445
3.475,0,0,125,-82.4874
3.5,0,0,125,-82.5266
3.525,0,0,125,-82.5628
3.55,0,0,125,-82.5962
3.575,0,0,125,-82.6271
3.6,0,0,125,-82.6557
3.625,0,0,125,-82.682
3.65,0,0,125,-82.7064
3.675,0,0,125,-82.7288
3.7,0,0,125,-82.7496
3.725,0,0,125,-82.7688
3.75,0,0,125,-82.7864
3.775,0,0,125,-82.8027
3.8,0,0,125,-82.8177
3.825,0,0,125,-82.8316
3.85,0,0,125,-82.8443
3.875,0,0,125,-82.856
3.9,0,0,125,-82.8667
3.925,0,0,125,-82.8766
3.95,0,0,125,-82.8856
3.975,0,0,125,-82.8938
4,0,0,125,-82.9013
4.025,0,0,125,-82.908
4.05,0,0,125,-82.9142
4.075,0,0,125,-82.9197
4.1,0,0,125,-82.9247
4.125,0,0,125,-82.9291
4.15,0,0,125,-82.933
4.175,0,0,125,-82.9364
4.2,0,0,125,-82.9393
4.225,0,0,125,-82.9419
4.25,0,0,125,-82.944
4.275,0,0,125,-82.9457
4.3,0,0,125,-82.947
4.325,0,0,125,-82.948
4.35,0,0,125,-82.9487
4.375,0,0,125,-82.949
4.4,0,0,125,-82.9491
4.425,0,0,125,-82.9489
4.45,0,0,125,-82.9484
4.475,0,0,125,-82.9477
4.5,0,0,125,-82.9467
4.525,0,0,125,-82.9455
4.55,0,0,125,-82.9441
4.575,0,0,125,-82.9425
4.6,0,0,125,-82.9407
4.625,0,0,125,-82.9388
4.65,0,0,125,-82.9367
4.675,0,0,125,-82.9345
4.7,0,0,125,-82.9322
4.725,0,0,125,-82.9298
4.75,0,0,125,-82.9273
4.775,0,0,125,-82.9248
4.8,0,0,125,-82.9223
4.825,0,0,125,-82.9198
4.85,0,0,125,-82.9174
4.875,0,0,125,-82.915
4.9,0,0,125,-82.9129
4.925,0,0,125,-82.911
4.95,0,0,125,-82.9095
4.975,0,0,125,-82.9085
5,0,0,125,-82.908
