0,0,0,125,-82.93
0.025,0,0,125,-82.9305
0.05,0,0,125,-82.9314
0.075,0,0,125,-82.9326
0.1,0,0,125,-82.9342
0.125,0,0,125,-82.9361
0.15,0,0,125,-82.938
0.175,0,0,125,-82.9401
0.2,0,0,125,-82.9423
0.225,0,0,125,-82.9444
0.25,0,0,125,-82.9466
0.275,0,0,125,-82.9488
0.3,0,0,125,-82.951
0.325,0,0,125,-82.9531
0.35,0,0,125,-82.9553
0.375,0,0,125,-82.9573
0.4,0,0,125,-82.9594
0.425,0,0,125,-82.9614
0.45,0,0,125,-82.9634
0.475,0,0,125,-82.9653
0.5,0,0,125,-82.9672
0.525,0,0,125,-82.9691
0.55,0,0,125,-82.9709
0.575,0,0,125,-82.9727
0.6,0,0,125,-82.9745
0.625,0,0,125,-82.9762
0.65,0,0,125,-82.978
0.675,0,0,125,-82.9798
0.7,0,0,125,-82.9815
0.725,0,0,125,-82.9832
0.75,0,0,125,-82.985
0.775,0,0,125,-82.9867
0.8,0,0,125,-82.9884
0.825,0,0,125,-82.9901
0.85,0,0,125,-82.9918
0.875,0,0,125,-82.9935
0.9,0,0,125,-82.9952
0.925,0,0,125,-82.997
0.95,0,0,125,-82.9987
0.975,0,0,125,-83.0005
1,0,0,125,-83.0023
1.025,0,0,125,-83.0041
1.05,0,0,125,-83.0059
1.075,0,0,125,-83.0077
1.1,0,0,125,-83.0096
1.125,0,0,125,-83.0114
1.15,0,0,125,-83.0133
1.175,0,0,125,-83.0153
1.2,0,0,125,-83.0173
1.225,0,0,125,-83.0193
1.25,0,0,125,-83.0213
1.275,0,0,125,-83.0234
1.3,0,0,125,-83.0255
1.325,0,0,125,-83.0277
1.35,0,0,125,-83.0299
1.375,0,0,125,-83.0321
1.4,0,0,125,-83.0344
1.425,0,0,125,-83.0367
1.45,0,0,125,-83.039
1.475,0,0,125,-83.0414
1.5,0,0,125,-83.0438
1.525,0,0,125,-83.0463
1.55,0,0,125,-83.0488
1.575,0,0,125,-83.0515
1.6,0,0,125,-83.0541
1.625,0,0,125,-83.0569
1.65,0,0,125,-83.0596
1.675,0,0,125,-83.0625
1.7,0,0,125,-83.0654
1.725,0,0,125,-83.0684
1.75,0,0,125,-83.0714
1.775,0,0,125,-83.0745
1.8,0,0,125,-83.0777
1.825,0,0,125,-83.081
1.85,0,0,125,-83.0844
1.875,0,0,125,-83.0878
1.9,0,0,125,-83.0913
1.925,0,0,125,-83.095
1.95,0,0,125,-83.0987
1.975,0,0,125,-83.1025
2,0,0,125,-83.1065
2.025,0,0,125,-83.1105
2.05,0,0,125,-83.1147
2.075,0,0,125,-83.119
2.1,0,0,125,-83.1234
2.125,0,0,125,-83.1279
2.15,0,0,125,-83.1325
2.175,0,0,125,-83.1372
2.2,0,0,125,-83.142
2.225,0,0,125,-83.1469
2.25,0,0,125,-83.152
2.275,0,0,125,-83.1572
2.3,0,0,125,-83.1624
2.325,0,0,125,-83.1678
2.35,0,0,125,-83.1734
2.375,0,0,125,-83.179
2.4,0,0,125,-83.1848
2.425,0,0,125,-83.1907
2.45,0,0,125,-83.1968
2.475,0,0,125,-83.203
2.5,0,0,125,-83.2093
2.525,0,0,125,-83.2158
2.55,0,0,125,-83.2224
2.575,0,0,125,-83.229
2.6,0,0,125,-83.2358
2.625,0,0,125,-83.2428
2.65,0,0,125,-83.2498
2.675,0,0,125,-83.2569
2.7,0,0,125,-83.2642
2.725,0,0,125,-83.2715
2.75,0,0,125,-83.2789
2.775,0,0,125,-83.2865
2.8,0,0,125,-83.2941
2.825,0,0,125,-83.3018
2.85,0,0,125,-83.3095
2.875,0,0,125,-83.3174
2.9,0,0,125,-83.3252
2.925,0,0,125,-83.3332
2.95,0,0,125,-83.3412
2.975,0,0,125,-83.3492
3,0,0,125,-83.3572
3.025,0,0,125,-83.3653
3.05,0,0,125,-83.3734
3.075,0,0,125,-83.3816
3.1,0,0,125,-83.3897
3.125,0,0,125,-83.3978
3.15,0,0,125,-83.4059
3.175,0,0,125,-83.414
3.2,0,0,125,-83.4221
3.225,0,0,125,-83.4302
3.25,0,0,125,-83.4382
3.275,0,0,125,-83.4461
3.3,0,0,125,-83.454
3.325,0,0,125,-83.4618
3.35,0,0,125,-83.4695
3.375,0,0,125,-83.4771
3.4,0,0,125,-83.4847
3.425,0,0,125,-83.4922
3.45,0,0,125,-83.4995
3.475,0,0,125,-83.5068
3.5,0,0,125,-83.5139
3.525,0,0,125,-83.521
3.55,0,0,125,-83.5279
3.575,0,0,125,-83.5347
3.6,0,0,125,-83.5414
3.625,0,0,125,-83.5479
3.65,0,0,125,-83.5543
3.675,0,0,125,-83.5606
3.7,0,0,125,-83.5667
3.725,0,0,125,-83.5726
3.75,0,0,125,-83.5784
3.775,0,0,125,-83.584
3.8,0,0,125,-83.5895
3.825,0,0,125,-83.5947
3.85,0,0,125,-83.5999
3.875,0,0,125,-83.6048
3.9,0,0,125,-83.6097
3.925,0,0,125,-83.6143
3.95,0,0,125,-83.6188
3.975,0,0,125,-83.6231
4,0,0,125,-83.6273
4.025,0,0,125,-83.6313
4.05,0,0,125,-83.6351
4.075,0,0,125,-83.6388
4.1,0,0,125,-83.6423
4.125,0,0,125,-83.6456
4.15,0,0,125,-83.6488
4.175,0,0,125,-83.6518
4.2,0,0,125,-83.6547
4.225,0,0,125,-83.6575
4.25,0,0,125,-83.6601
4.275,0,0,125,-83.6626
4.3,0,0,125,-83.665
4.325,0,0,125,-83.6672
4.35,0,0,125,-83.6693
4.375,0,0,125,-83.6712
4.4,0,0,125,-83.6731
4.425,0,0,125,-83.6748
4.45,0,0,125,-83.6764
4.475,0,0,125,-83.6779
4.5,0,0,125,-83.6793
4.525,0,0,125,-83.6806
4.55,0,0,125,-83.6817
4.575,0,0,125,-83.6828
4.6,0,0,125,-83.6838
4.625,0,0,125,-83.6847
4.65,0,0,125,-83.6855
4.675,0,0,125,-83.6862
4.7,0,0,125,-83.6868
4.725,0,0,125,-83.6873
4.75,0,0,125,-83.6878
4.775,0,0,125,-83.6882
4.8,0,0,125,-83.6885
4.825,0,0,125,-83.6888
4.85,0,0,125,-83.689
4.875,0,0,125,-83.6891
4.9,0,0,125,-83.6892
4.925,0,0,125,-83.6893
4.95,0,0,125,-83.6893
4.975,0,0,125,-83.6894
5,0,0,125,-83.6894
