0,0,0,125,0.335831
0.025,0,0,125,0.339983
0.05,0,0,125,0.348142
0.075,0,0,125,0.359964
0.1,0,0,125,0.374949
0.125,0,0,125,0.392514
0.15,0,0,125,0.412093
0.175,0,0,125,0.4332
0.2,0,0,125,0.455515
0.225,0,0,125,0.478802
0.25,0,0,125,0.502867
0.275,0,0,125,0.527542
0.3,0,0,125,0.552662
0.325,0,0,125,0.578079
0.35,0,0,125,0.603654
0.375,0,0,125,0.62925
0.4,0,0,125,0.654742
0.425,0,0,125,0.680015
0.45,0,0,125,0.704958
0.475,0,0,125,0.729456
0.5,0,0,125,0.753405
0.525,0,0,125,0.776706
0.55,0,0,125,0.799264
0.575,0,0,125,0.820987
0.6,0,0,125,0.841788
0.625,0,0,125,0.861576
0.65,0,0,125,0.880269
0.675,0,0,125,0.897775
0.7,0,0,125,0.914012
0.725,0,0,125,0.928895
0.75,0,0,125,0.942344
0.775,0,0,125,0.954277
0.8,0,0,125,0.964611
0.825,0,0,125,0.973264
0.85,0,0,125,0.98015
0.875,0,0,125,0.985185
0.9,0,0,125,0.988284
0.925,0,0,125,0.989361
0.95,0,0,125,0.98833
0.975,0,0,125,0.985105
1,0,0,125,0.979592
1.025,0,0,125,0.9717
1.05,0,0,125,0.961337
1.075,0,0,125,0.94841
1.1,0,0,125,0.932819
1.125,0,0,125,0.914466
1.15,0,0,125,0.893252
1.175,0,0,125,0.869072
1.2,0,0,125,0.841825
1.225,0,0,125,0.811403
1.25,0,0,125,0.777703
1.275,0,0,125,0.740608
1.3,0,0,125,0.700015
1.325,0,0,125,0.655803
1.35,0,0,125,0.607864
1.375,0,0,125,0.556079
1.4,0,0,125,0.500332
1.425,0,0,125,0.440513
1.45,0,0,125,0.376497
1.475,0,0,125,0.308166
1.5,0,0,125,0.235409
1.525,0,0,125,0.158097
1.55,0,0,125,0.0761135
1.575,0,0,125,-0.0106538
1.6,0,0,125,-0.102337
1.625,0,0,125,-0.19905
1.65,0,0,125,-0.300908
1.675,0,0,125,-0.40803
1.7,0,0,125,-0.520539
1.725,0,0,125,-0.638555
1.75,0,0,125,-0.762193
1.775,0,0,125,-0.891577
1.8,0,0,125,-1.02683
1.825,0,0,125,-1.16807
1.85,0,0,125,-1.31544
1.875,0,0,125,-1.46904
1.9,0,0,125,-1.62903
1.925,0,0,125,-1.79553
1.95,0,0,125,-1.96869
1.975,0,0,125,-2.14865
2,0,0,125,-2.33556
2.025,0,0,125,-2.52958
2.05,0,0,125,-2.73088
2.075,0,0,125,-2.93963
2.1,0,0,125,-3.15601
2.125,0,0,125,-3.38021
2.15,0,0,125,-3.61243
2.175,0,0,125,-3.85288
2.2,0,0,125,-4.10177
2.225,0,0,125,-4.35934
2.25,0,0,125,-4.62583
2.275,0,0,125,-4.9015
2.3,0,0,125,-5.18659
2.325,0,0,125,-5.48139
2.35,0,0,125,-5.78618
2.375,0,0,125,-6.10125
2.4,0,0,125,-6.42692
2.425,0,0,125,-6.7635
2.45,0,0,125,-7.11131
2.475,0,0,125,-7.47068
2.5,0,0,125,-7.84196
2.525,0,0,125,-8.22548
2.55,0,0,125,-8.62162
2.575,0,0,125,-9.03071
2.6,0,0,125,-9.45312
2.625,0,0,125,-9.8892
2.65,0,0,125,-10.3393
2.675,0,0,125,-10.8038
2.7,0,0,125,-11.283
2.725,0,0,125,-11.7773
2.75,0,0,125,-12.2869
2.775,0,0,125,-12.8122
2.8,0,0,125,-13.3535
2.825,0,0,125,-13.9111
2.85,0,0,125,-14.4851
2.875,0,0,125,-15.0757
2.9,0,0,125,-15.6833
2.925,0,0,125,-16.3078
2.95,0,0,125,-16.9495
2.975,0,0,125,-17.6084
3,0,0,125,-18.2845
3.025,0,0,125,-18.9778
3.05,0,0,125,-19.6882
3.075,0,0,125,-20.4157
3.1,0,0,125,-21.1601
3.125,0,0,125,-21.9213
3.15,0,0,125,-22.6989
3.175,0,0,125,-23.4927
3.2,0,0,125,-24.3025
3.225,0,0,125,-25.1279
3.25,0,0,125,-25.9685
3.275,0,0,125,-26.8239
3.3,0,0,125,-27.6938
3.325,0,0,125,-28.5777
3.35,0,0,125,-29.4751
3.375,0,0,125,-30.3855
3.4,0,0,125,-31.3084
3.425,0,0,125,-32.2432
3.45,0,0,125,-33.1894
3.475,0,0,125,-34.1462
3.5,0,0,125,-35.1128
3.525,0,0,125,-36.0886
3.55,0,0,125,-37.0724
3.575,0,0,125,-38.0634
3.6,0,0,125,-39.0604
3.625,0,0,125,-40.0621
3.65,0,0,125,-41.0673
3.675,0,0,125,-42.0745
3.7,0,0,125,-43.0821
3.725,0,0,125,-44.0885
3.75,0,0,125,-45.092
3.775,0,0,125,-46.0909
3.8,0,0,125,-47.0833
3.825,0,0,125,-48.0675
3.85,0,0,125,-49.0416
3.875,0,0,125,-50.0039
3.9,0,0,125,-50.9525
3.925,0,0,125,-51.8858
3.95,0,0,125,-52.8022
3.975,0,0,125,-53.7001
4,0,0,125,-54.5781
4.025,0,0,125,-55.4349
4.05,0,0,125,-56.2694
4.075,0,0,125,-57.0805
4.1,0,0,125,-57.8672
4.125,0,0,125,-58.6288
4.15,0,0,125,-59.3647
4.175,0,0,125,-60.0744
4.2,0,0,125,-60.7574
4.225,0,0,125,-61.4136
4.25,0,0,125,-62.0428
4.275,0,0,125,-62.6451
4.3,0,0,125,-63.2204
4.325,0,0,125,-63.7689
4.35,0,0,125,-64.291
4.375,0,0,125,-64.787
4.4,0,0,125,-65.2573
4.425,0,0,125,-65.7023
4.45,0,0,125,-66.1225
4.475,0,0,125,-66.5185
4.5,0,0,125,-66.891
4.525,0,0,125,-67.2404
4.55,0,0,125,-67.5674
4.575,0,0,125,-67.8727
4.6,0,0,125,-68.1568
4.625,0,0,125,-68.4204
4.65,0,0,125,-68.6641
4.675,0,0,125,-68.8886
4.7,0,0,125,-69.0943
4.725,0,0,125,-69.2819
4.75,0,0,125,-69.452
4.775,0,0,125,-69.6049
4.8,0,0,125,-69.7412
4.825,0,0,125,-69.8612
4.85,0,0,125,-69.9655
4.875,0,0,125,-70.0542
4.9,0,0,125,-70.1277
4.925,0,0,125,-70.1863
4.95,0,0,125,-70.23
4.975,0,0,125,-70.2591
5,0,0,125,-70.2736
