0,0,0,125,-23.8267
0.025,0,0,125,-23.8461
0.05,0,0,125,-23.8851
0.075,0,0,125,-23.9439
0.1,0,0,125,-24.0229
0.125,0,0,125,-24.1223
0.15,0,0,125,-24.2407
0.175,0,0,125,-24.3747
0.2,0,0,125,-24.5186
0.225,0,0,125,-24.6661
0.25,0,0,125,-24.811
0.275,0,0,125,-24.9476
0.3,0,0,125,-25.071
0.325,0,0,125,-25.1769
0.35,0,0,125,-25.2614
0.375,0,0,125,-25.3217
0.4,0,0,125,-25.355
0.425,0,0,125,-25.3593
0.45,0,0,125,-25.3329
0.475,0,0,125,-25.2748
0.5,0,0,125,-25.1839
0.525,0,0,125,-25.0599
0.55,0,0,125,-24.9024
0.575,0,0,125,-24.7117
0.6,0,0,125,-24.4881
0.625,0,0,125,-24.2322
0.65,0,0,125,-23.9447
0.675,0,0,125,-23.6266
0.7,0,0,125,-23.2791
0.725,0,0,125,-22.9035
0.75,0,0,125,-22.501
0.775,0,0,125,-22.0733
0.8,0,0,125,-21.6218
0.825,0,0,125,-21.1481
0.85,0,0,125,-20.6539
0.875,0,0,125,-20.1408
0.9,0,0,125,-19.6105
0.925,0,0,125,-19.0646
0.95,0,0,125,-18.5047
0.975,0,0,125,-17.9325
1,0,0,125,-17.3494
1.025,0,0,125,-16.7569
1.05,0,0,125,-16.1565
1.075,0,0,125,-15.5495
1.1,0,0,125,-14.9371
1.125,0,0,125,-14.3206
1.15,0,0,125,-13.701
1.175,0,0,125,-13.0793
1.2,0,0,125,-12.4566
1.225,0,0,125,-11.8335
1.25,0,0,125,-11.2109
1.275,0,0,125,-10.5894
1.3,0,0,125,-9.9697
1.325,0,0,125,-9.35215
1.35,0,0,125,-8.73723
1.375,0,0,125,-8.12528
1.4,0,0,125,-7.51657
1.425,0,0,125,-6.9113
1.45,0,0,125,-6.30961
1.475,0,0,125,-5.71156
1.5,0,0,125,-5.11719
1.525,0,0,125,-4.52644
1.55,0,0,125,-3.93923
1.575,0,0,125,-3.35544
1.6,0,0,125,-2.77488
1.625,0,0,125,-2.19735
1.65,0,0,125,-1.62261
1.675,0,0,125,-1.05037
1.7,0,0,125,-0.480337
1.725,0,0,125,0.0878133
1.75,0,0,125,0.654425
1.775,0,0,125,1.21986
1.8,0,0,125,1.78448
1.825,0,0,125,2.34865
1.85,0,0,125,2.91276
1.875,0,0,125,3.47716
1.9,0,0,125,4.04218
1.925,0,0,125,4.60813
1.95,0,0,125,5.17526
1.975,0,0,125,5.74374
2,0,0,125,6.31363
2.025,0,0,125,6.88481
2.05,0,0,125,7.45697
2.075,0,0,125,8.02946
2.1,0,0,125,8.6012
2.125,0,0,125,9.17051
2.15,0,0,125,9.73488
2.175,0,0,125,10.2906
2.2,0,0,125,10.8324
2.225,0,0,125,11.3528
2.25,0,0,125,11.841
2.275,0,0,125,12.2821
2.3,0,0,125,12.6549
2.325,0,0,125,12.9296
2.35,0,0,125,13.0639
2.375,0,0,125,12.9976
2.4,0,0,125,12.6439
2.425,0,0,125,11.8762
2.45,0,0,125,10.5059
2.475,0,0,125,8.24637
2.5,0,0,125,4.65142
2.525,0,0,125,-0.9841
2.55,0,0,125,-9.74862
2.575,0,0,125,-22.9739
2.6,0,0,125,-39.5316
2.625,0,0,125,-53.2534
2.65,0,0,125,-62.888
2.675,0,0,125,-69.4658
2.7,0,0,125,-73.9292
2.725,0,0,125,-76.9502
2.75,0,0,125,-78.9922
2.775,0,0,125,-80.3717
2.8,0,0,125,-81.3038
2.825,0,0,125,-81.9341
2.85,0,0,125,-82.3611
2.875,0,0,125,-82.651
2.9,0,0,125,-82.8486
2.925,0,0,125,-82.9841
2.95,0,0,125,-83.0777
2.975,0,0,125,-83.143
3,0,0,125,-83.1894
3.025,0,0,125,-83.2228
3.05,0,0,125,-83.2476
3.075,0,0,125,-83.2664
3.1,0,0,125,-83.2812
3.125,0,0,125,-83.2933
3.15,0,0,125,-83.3035
3.175,0,0,125,-83.3124
3.2,0,0,125,-83.3203
3.225,0,0,125,-83.3276
3.25,0,0,125,-83.3343
3.275,0,0,125,-83.3407
3.3,0,0,125,-83.3468
3.325,0,0,125,-83.3526
3.35,0,0,125,-83.3582
3.375,0,0,125,-83.3636
3.4,0,0,125,-83.3688
3.425,0,0,125,-83.3739
3.45,0,0,125,-83.3788
3.475,0,0,125,-83.3836
3.5,0,0,125,-83.3882
3.525,0,0,125,-83.3927
3.55,0,0,125,-83.397
3.575,0,0,125,-83.4011
3.6,0,0,125,-83.4051
3.625,0,0,125,-83.4089
3.65,0,0,125,-83.4126
3.675,0,0,125,-83.4161
3.7,0,0,125,-83.4194
3.725,0,0,125,-83.4226
3.75,0,0,125,-83.4256
3.775,0,0,125,-83.4285
3.8,0,0,125,-83.4312
3.825,0,0,125,-83.4337
3.85,0,0,125,-83.4361
3.875,0,0,125,-83.4384
3.9,0,0,125,-83.4404
3.925,0,0,125,-83.4423
3.95,0,0,125,-83.4441
3.975,0,0,125,-83.4456
4,0,0,125,-83.447
4.025,0,0,125,-83.4483
4.05,0,0,125,-83.4494
4.075,0,0,125,-83.4503
4.1,0,0,125,-83.4511
4.125,0,0,125,-83.4517
4.15,0,0,125,-83.4522
4.175,0,0,125,-83.4525
4.2,0,0,125,-83.4527
4.225,0,0,125,-83.4526
4.25,0,0,125,-83.4525
4.275,0,0,125,-83.4522
4.3,0,0,125,-83.4517
4.325,0,0,125,-83.4511
4.35,0,0,125,-83.4504
4.375,0,0,125,-83.4495
4.4,0,0,125,-83.4485
4.425,0,0,125,-83.4474
4.45,0,0,125,-83.4462
4.475,0,0,125,-83.4448
4.5,0,0,125,-83.4433
4.525,0,0,125,-83.4418
4.55,0,0,125,-83.4401
4.575,0,0,125,-83.4383
4.6,0,0,125,-83.4364
4.625,0,0,125,-83.4345
4.65,0,0,125,-83.4325
4.675,0,0,125,-83.4305
4.7,0,0,125,-83.4284
4.725,0,0,125,-83.4263
4.75,0,0,125,-83.4242
4.775,0,0,125,-83.4221
4.8,0,0,125,-83.4201
4.825,0,0,125,-83.418
4.85,0,0,125,-83.4161
4.875,0,0,125,-83.4142
4.9,0,0,125,-83.4126
4.925,0,0,125,-83.4111
4.95,0,0,125,-83.41
4.975,0,0,125,-83.4092
5,0,0,125,-83.4088
