0,0,0,125,-81.5905
0.025,0,0,125,-81.5903
0.05,0,0,125,-81.5899
0.075,0,0,125,-81.5892
0.1,0,0,125,-81.5882
0.125,0,0,125,-81.5869
0.15,0,0,125,-81.5851
0.175,0,0,125,-81.5828
0.2,0,0,125,-81.5801
0.225,0,0,125,-81.5768
0.25,0,0,125,-81.5729
0.275,0,0,125,-81.5686
0.3,0,0,125,-81.5637
0.325,0,0,125,-81.5582
0.35,0,0,125,-81.5522
0.375,0,0,125,-81.5457
0.4,0,0,125,-81.5386
0.425,0,0,125,-81.531
0.45,0,0,125,-81.5228
0.475,0,0,125,-81.5141
0.5,0,0,125,-81.5049
0.525,0,0,125,-81.4952
0.55,0,0,125,-81.4849
0.575,0,0,125,-81.4741
0.6,0,0,125,-81.4628
0.625,0,0,125,-81.451
0.65,0,0,125,-81.4387
0.675,0,0,125,-81.4258
0.7,0,0,125,-81.4125
0.725,0,0,125,-81.3986
0.75,0,0,125,-81.3842
0.775,0,0,125,-81.3693
0.8,0,0,125,-81.3538
0.825,0,0,125,-81.3379
0.85,0,0,125,-81.3215
0.875,0,0,125,-81.3045
0.9,0,0,125,-81.287
0.925,0,0,125,-81.269
0.95,0,0,125,-81.2505
0.975,0,0,125,-81.2314
1,0,0,125,-81.2118
1.025,0,0,125,-81.1917
1.05,0,0,125,-81.1711
1.075,0,0,125,-81.1499
1.1,0,0,125,-81.1282
1.125,0,0,125,-81.106
1.15,0,0,125,-81.0832
1.175,0,0,125,-81.0598
1.2,0,0,125,-81.0359
1.225,0,0,125,-81.0114
1.25,0,0,125,-80.9864
1.275,0,0,125,-80.9608
1.3,0,0,125,-80.9346
1.325,0,0,125,-80.9079
1.35,0,0,125,-80.8806
1.375,0,0,125,-80.8526
1.4,0,0,125,-80.8241
1.425,0,0,125,-80.795
1.45,0,0,125,-80.7653
1.475,0,0,125,-80.735
1.5,0,0,125,-80.704
1.525,0,0,125,-80.6725
1.55,0,0,125,-80.6402
1.575,0,0,125,-80.6074
1.6,0,0,125,-80.5739
1.625,0,0,125,-80.5398
1.65,0,0,125,-80.5049
1.675,0,0,125,-80.4695
1.7,0,0,125,-80.4333
1.725,0,0,125,-80.3965
1.75,0,0,125,-80.359
1.775,0,0,125,-80.3207
1.8,0,0,125,-80.2818
1.825,0,0,125,-80.2422
1.85,0,0,125,-80.2018
1.875,0,0,125,-80.1607
1.9,0,0,125,-80.1189
1.925,0,0,125,-80.0763
1.95,0,0,125,-80.033
1.975,0,0,125,-79.9889
2,0,0,125,-79.944
2.025,0,0,125,-79.8983
2.05,0,0,125,-79.8519
2.075,0,0,125,-79.8047
2.1,0,0,125,-79.7566
2.125,0,0,125,-79.7078
2.15,0,0,125,-79.6581
2.175,0,0,125,-79.6076
2.2,0,0,125,-79.5562
2.225,0,0,125,-79.504
2.25,0,0,125,-79.451
2.275,0,0,125,-79.3971
2.3,0,0,125,-79.3423
2.325,0,0,125,-79.2866
2.35,0,0,125,-79.2301
2.375,0,0,125,-79.1727
2.4,0,0,125,-79.1143
2.425,0,0,125,-79.0551
2.45,0,0,125,-78.9949
2.475,0,0,125,-78.9338
2.5,0,0,125,-78.8718
2.525,0,0,125,-78.8088
2.55,0,0,125,-78.7449
2.575,0,0,125,-78.6801
2.6,0,0,125,-78.6143
2.625,0,0,125,-78.5475
2.65,0,0,125,-78.4798
2.675,0,0,125,-78.4112
2.7,0,0,125,-78.3415
2.725,0,0,125,-78.2709
2.75,0,0,125,-78.1993
2.775,0,0,125,-78.1267
2.8,0,0,125,-78.0532
2.825,0,0,125,-77.9787
2.85,0,0,125,-77.9032
2.875,0,0,125,-77.8267
2.9,0,0,125,-77.7492
2.925,0,0,125,-77.6708
2.95,0,0,125,-77.5914
2.975,0,0,125,-77.511
3,0,0,125,-77.4297
3.025,0,0,125,-77.3474
3.05,0,0,125,-77.2641
3.075,0,0,125,-77.1799
3.1,0,0,125,-77.0948
3.125,0,0,125,-77.0087
3.15,0,0,125,-76.9217
3.175,0,0,125,-76.8339
3.2,0,0,125,-76.7451
3.225,0,0,125,-76.6554
3.25,0,0,125,-76.5649
3.275,0,0,125,-76.4735
3.3,0,0,125,-76.3814
3.325,0,0,125,-76.2884
3.35,0,0,125,-76.1946
3.375,0,0,125,-76.1
3.4,0,0,125,-76.0048
3.425,0,0,125,-75.9088
3.45,0,0,125,-75.8121
3.475,0,0,125,-75.7148
3.5,0,0,125,-75.6169
3.525,0,0,125,-75.5184
3.55,0,0,125,-75.4194
3.575,0,0,125,-75.3198
3.6,0,0,125,-75.2198
3.625,0,0,125,-75.1193
3.65,0,0,125,-75.0185
3.675,0,0,125,-74.9174
3.7,0,0,125,-74.8159
3.725,0,0,125,-74.7143
3.75,0,0,125,-74.6124
3.775,0,0,125,-74.5105
3.8,0,0,125,-74.4085
3.825,0,0,125,-74.3065
3.85,0,0,125,-74.2045
3.875,0,0,125,-74.1027
3.9,0,0,125,-74.0011
3.925,0,0,125,-73.8997
3.95,0,0,125,-73.7987
3.975,0,0,125,-73.6981
4,0,0,125,-73.598
4.025,0,0,125,-73.4985
4.05,0,0,125,-73.3996
4.075,0,0,125,-73.3015
4.1,0,0,125,-73.2042
4.125,0,0,125,-73.1079
4.15,0,0,125,-73.0125
4.175,0,0,125,-72.9183
4.2,0,0,125,-72.8252
4.225,0,0,125,-72.7335
4.25,0,0,125,-72.6431
4.275,0,0,125,-72.5542
4.3,0,0,125,-72.4669
4.325,0,0,125,-72.3813
4.35,0,0,125,-72.2975
4.375,0,0,125,-72.2156
4.4,0,0,125,-72.1358
4.425,0,0,125,-72.058
4.45,0,0,125,-71.9824
4.475,0,0,125,-71.9092
4.5,0,0,125,-71.8384
4.525,0,0,125,-71.7701
4.55,0,0,125,-71.7045
4.575,0,0,125,-71.6415
4.6,0,0,125,-71.5815
4.625,0,0,125,-71.5243
4.65,0,0,125,-71.4702
4.675,0,0,125,-71.4191
4.7,0,0,125,-71.3713
4.725,0,0,125,-71.3268
4.75,0,0,125,-71.2857
4.775,0,0,125,-71.248
4.8,0,0,125,-71.2139
4.825,0,0,125,-71.1834
4.85,0,0,125,-71.1565
4.875,0,0,125,-71.1333
4.9,0,0,125,-71.1139
4.925,0,0,125,-71.0984
4.95,0,0,125,-71.0867
4.975,0,0,125,-71.0789
5,0,0,125,-71.0749
