0,0,0,125,13.8844
0.025,0,0,125,13.8644
0.05,0,0,125,13.8242
0.075,0,0,125,13.7635
0.1,0,0,125,13.6817
0.125,0,0,125,13.5783
0.15,0,0,125,13.4533
0.175,0,0,125,13.308
0.2,0,0,125,13.1448
0.225,0,0,125,12.967
0.25,0,0,125,12.7779
0.275,0,0,125,12.5808
0.3,0,0,125,12.3791
0.325,0,0,125,12.176
0.35,0,0,125,11.9744
0.375,0,0,125,11.7774
0.4,0,0,125,11.5875
0.425,0,0,125,11.4072
0.45,0,0,125,11.2388
0.475,0,0,125,11.0843
0.5,0,0,125,10.9455
0.525,0,0,125,10.8239
0.55,0,0,125,10.7209
0.575,0,0,125,10.6376
0.6,0,0,125,10.5747
0.625,0,0,125,10.533
0.65,0,0,125,10.513
0.675,0,0,125,10.5148
0.7,0,0,125,10.5386
0.725,0,0,125,10.5844
0.75,0,0,125,10.652
0.775,0,0,125,10.7411
0.8,0,0,125,10.8514
0.825,0,0,125,10.9822
0.85,0,0,125,11.1331
0.875,0,0,125,11.3035
0.9,0,0,125,11.4926
0.925,0,0,125,11.6997
0.95,0,0,125,11.9238
0.975,0,0,125,12.1639
1,0,0,125,12.4188
1.025,0,0,125,12.6869
1.05,0,0,125,12.9664
1.075,0,0,125,13.2547
1.1,0,0,125,13.5486
1.125,0,0,125,13.8437
1.15,0,0,125,14.134
1.175,0,0,125,14.4113
1.2,0,0,125,14.664
1.225,0,0,125,14.8763
1.25,0,0,125,15.0259
1.275,0,0,125,15.0814
1.3,0,0,125,14.9983
1.325,0,0,125,14.7129
1.35,0,0,125,14.133
1.375,0,0,125,13.1229
1.4,0,0,125,11.479
1.425,0,0,125,8.88886
1.45,0,0,125,4.86108
1.475,0,0,125,-1.38922
1.5,0,0,125,-11.0761
1.525,0,0,125,-25.5688
1.55,0,0,125,-42.5158
1.575,0,0,125,-55.7933
1.6,0,0,125,-65.0286
1.625,0,0,125,-71.3371
1.65,0,0,125,-75.6266
1.675,0,0,125,-78.5364
1.7,0,0,125,-80.5071
1.725,0,0,125,-81.8405
1.75,0,0,125,-82.7419
1.775,0,0,125,-83.3509
1.8,0,0,125,-83.7623
1.825,0,0,125,-84.0401
1.85,0,0,125,-84.2277
1.875,0,0,125,-84.3544
1.9,0,0,125,-84.4398
1.925,0,0,125,-84.4975
1.95,0,0,125,-84.5365
1.975,0,0,125,-84.5628
2,0,0,125,-84.5805
2.025,0,0,125,-84.5925
2.05,0,0,125,-84.6006
2.075,0,0,125,-84.606
2.1,0,0,125,-84.6097
2.125,0,0,125,-84.6122
2.15,0,0,125,-84.6139
2.175,0,0,125,-84.615
2.2,0,0,125,-84.6158
2.225,0,0,125,-84.6163
2.25,0,0,125,-84.6166
2.275,0,0,125,-84.6169
2.3,0,0,125,-84.617
2.325,0,0,125,-84.6172
2.35,0,0,125,-84.6172
2.375,0,0,125,-84.6173
2.4,0,0,125,-84.6174
2.425,0,0,125,-84.6174
2.45,0,0,125,-84.6174
2.475,0,0,125,-84.6174
2.5,0,0,125,-84.6174
2.525,0,0,125,-84.6174
2.55,0,0,125,-84.6174
2.575,0,0,125,-84.6174
2.6,0,0,125,-84.6174
2.625,0,0,125,-84.6174
2.65,0,0,125,-84.6174
2.675,0,0,125,-84.6174
2.7,0,0,125,-84.6174
2.725,0,0,125,-84.6174
2.75,0,0,125,-84.6174
2.775,0,0,125,-84.6174
2.8,0,0,125,-84.6174
2.825,0,0,125,-84.6174
2.85,0,0,125,-84.6174
2.875,0,0,125,-84.6174
2.9,0,0,125,-84.6174
2.925,0,0,125,-84.6174
2.95,0,0,125,-84.6174
2.975,0,0,125,-84.6174
3,0,0,125,-84.6174
3.025,0,0,125,-84.6174
3.05,0,0,125,-84.6174
3.075,0,0,125,-84.6174
3.1,0,0,125,-84.6174
3.125,0,0,125,-84.6174
3.15,0,0,125,-84.6174
3.175,0,0,125,-84.6174
3.2,0,0,125,-84.6174
3.225,0,0,125,-84.6174
3.25,0,0,125,-84.6174
3.275,0,0,125,-84.6174
3.3,0,0,125,-84.6174
3.325,0,0,125,-84.6174
3.35,0,0,125,-84.6174
3.375,0,0,125,-84.6174
3.4,0,0,125,-84.6174
3.425,0,0,125,-84.6174
3.45,0,0,125,-84.6174
3.475,0,0,125,-84.6174
3.5,0,0,125,-84.6174
3.525,0,0,125,-84.6174
3.55,0,0,125,-84.6174
3.575,0,0,125,-84.6174
3.6,0,0,125,-84.6174
3.625,0,0,125,-84.6174
3.65,0,0,125,-84.6174
3.675,0,0,125,-84.6174
3.7,0,0,125,-84.6174
3.725,0,0,125,-84.6174
3.75,0,0,125,-84.6174
3.775,0,0,125,-84.6174
3.8,0,0,125,-84.6174
3.825,0,0,125,-84.6174
3.85,0,0,125,-84.6174
3.875,0,0,125,-84.6174
3.9,0,0,125,-84.6174
3.925,0,0,125,-84.6174
3.95,0,0,125,-84.6174
3.975,0,0,125,-84.6174
4,0,0,125,-84.6174
4.025,0,0,125,-84.6174
4.05,0,0,125,-84.6174
4.075,0,0,125,-84.6174
4.1,0,0,125,-84.6174
4.125,0,0,125,-84.6174
4.15,0,0,125,-84.6174
4.175,0,0,125,-84.6174
4.2,0,0,125,-84.6174
4.225,0,0,125,-84.6174
4.25,0,0,125,-84.6174
4.275,0,0,125,-84.6174
4.3,0,0,125,-84.6174
4.325,0,0,125,-84.6174
4.35,0,0,125,-84.6174
4.375,0,0,125,-84.6174
4.4,0,0,125,-84.6174
4.425,0,0,125,-84.6174
4.45,0,0,125,-84.6174
4.475,0,0,125,-84.6174
4.5,0,0,125,-84.6174
4.525,0,0,125,-84.6174
4.55,0,0,125,-84.6174
4.575,0,0,125,-84.6174
4.6,0,0,125,-84.6174
4.625,0,0,125,-84.6174
4.65,0,0,125,-84.6174
4.675,0,0,125,-84.6174
4.7,0,0,125,-84.6174
4.725,0,0,125,-84.6174
4.75,0,0,125,-84.6174
4.775,0,0,125,-84.6174
4.8,0,0,125,-84.6174
4.825,0,0,125,-84.6174
4.85,0,0,125,-84.6174
4.875,0,0,125,-84.6174
4.9,0,0,125,-84.6174
4.925,0,0,125,-84.6174
4.95,0,0,125,-84.6174
4.975,0,0,125,-84.6174
5,0,0,125,-84.6174
