0,0,0,125,-4.17911
0.025,0,0,125,-4.18334
0.05,0,0,125,-4.19182
0.075,0,0,125,-4.20456
0.1,0,0,125,-4.2216
0.125,0,0,125,-4.24301
0.15,0,0,125,-4.26885
0.175,0,0,125,-4.29916
0.2,0,0,125,-4.3339
0.225,0,0,125,-4.37303
0.25,0,0,125,-4.41648
0.275,0,0,125,-4.46417
0.3,0,0,125,-4.51602
0.325,0,0,125,-4.57195
0.35,0,0,125,-4.63189
0.375,0,0,125,-4.69576
0.4,0,0,125,-4.76348
0.425,0,0,125,-4.835
0.45,0,0,125,-4.91024
0.475,0,0,125,-4.98914
0.5,0,0,125,-5.07167
0.525,0,0,125,-5.15776
0.55,0,0,125,-5.24738
0.575,0,0,125,-5.34049
0.6,0,0,125,-5.43707
0.625,0,0,125,-5.5371
0.65,0,0,125,-5.64057
0.675,0,0,125,-5.74745
0.7,0,0,125,-5.85776
0.725,0,0,125,-5.97149
0.75,0,0,125,-6.08867
0.775,0,0,125,-6.2093
0.8,0,0,125,-6.33342
0.825,0,0,125,-6.46106
0.85,0,0,125,-6.59225
0.875,0,0,125,-6.72704
0.9,0,0,125,-6.86549
0.925,0,0,125,-7.00766
0.95,0,0,125,-7.15361
0.975,0,0,125,-7.30342
1,0,0,125,-7.45717
1.025,0,0,125,-7.61494
1.05,0,0,125,-7.77685
1.075,0,0,125,-7.94299
1.1,0,0,125,-8.11347
1.125,0,0,125,-8.28841
1.15,0,0,125,-8.46794
1.175,0,0,125,-8.6522
1.2,0,0,125,-8.84132
1.225,0,0,125,-9.03547
1.25,0,0,125,-9.23481
1.275,0,0,125,-9.43949
1.3,0,0,125,-9.64971
1.325,0,0,125,-9.86564
1.35,0,0,125,-10.0875
1.375,0,0,125,-10.3154
1.4,0,0,125,-10.5497
1.425,0,0,125,-10.7905
1.45,0,0,125,-11.0382
1.475,0,0,125,-11.2928
1.5,0,0,125,-11.5547
1.525,0,0,125,-11.8241
1.55,0,0,125,-12.1013
1.575,0,0,125,-12.3866
1.6,0,0,125,-12.6802
1.625,0,0,125,-12.9825
1.65,0,0,125,-13.2937
1.675,0,0,125,-13.6142
1.7,0,0,125,-13.9443
1.725,0,0,125,-14.2842
1.75,0,0,125,-14.6344
1.775,0,0,125,-14.9951
1.8,0,0,125,-15.3667
1.825,0,0,125,-15.7496
1.85,0,0,125,-16.1441
1.875,0,0,125,-16.5505
1.9,0,0,125,-16.9693
1.925,0,0,125,-17.4008
1.95,0,0,125,-17.8453
1.975,0,0,125,-18.3033
2,0,0,125,-18.775
2.025,0,0,125,-19.2609
2.05,0,0,125,-19.7613
2.075,0,0,125,-20.2766
2.1,0,0,125,-20.8072
2.125,0,0,125,-21.3534
2.15,0,0,125,-21.9156
2.175,0,0,125,-22.4941
2.2,0,0,125,-23.0894
2.225,0,0,125,-23.7016
2.25,0,0,125,-24.3313
2.275,0,0,125,-24.9788
2.3,0,0,125,-25.6443
2.325,0,0,125,-26.3283
2.35,0,0,125,-27.031
2.375,0,0,125,-27.7528
2.4,0,0,125,-28.4941
2.425,0,0,125,-29.255
2.45,0,0,125,-30.036
2.475,0,0,125,-30.8373
2.5,0,0,125,-31.6591
2.525,0,0,125,-32.5016
2.55,0,0,125,-33.365
2.575,0,0,125,-34.2494
2.6,0,0,125,-35.1549
2.625,0,0,125,-36.0812
2.65,0,0,125,-37.0284
2.675,0,0,125,-37.9959
2.7,0,0,125,-38.9835
2.725,0,0,125,-39.9905
2.75,0,0,125,-41.0161
2.775,0,0,125,-42.0594
2.8,0,0,125,-43.1191
2.825,0,0,125,-44.194
2.85,0,0,125,-45.2825
2.875,0,0,125,-46.3827
2.9,0,0,125,-47.4928
2.925,0,0,125,-48.6107
2.95,0,0,125,-49.734
2.975,0,0,125,-50.8603
3,0,0,125,-51.9871
3.025,0,0,125,-53.1118
3.05,0,0,125,-54.2317
3.075,0,0,125,-55.3441
3.1,0,0,125,-56.4463
3.125,0,0,125,-57.5356
3.15,0,0,125,-58.6095
3.175,0,0,125,-59.6656
3.2,0,0,125,-60.7015
3.225,0,0,125,-61.715
3.25,0,0,125,-62.7042
3.275,0,0,125,-63.6672
3.3,0,0,125,-64.6025
3.325,0,0,125,-65.5088
3.35,0,0,125,-66.3848
3.375,0,0,125,-67.2298
3.4,0,0,125,-68.043
3.425,0,0,125,-68.8239
3.45,0,0,125,-69.5724
3.475,0,0,125,-70.2882
3.5,0,0,125,-70.9716
3.525,0,0,125,-71.6229
3.55,0,0,125,-72.2424
3.575,0,0,125,-72.8307
3.6,0,0,125,-73.3885
3.625,0,0,125,-73.9165
3.65,0,0,125,-74.4157
3.675,0,0,125,-74.887
3.7,0,0,125,-75.3313
3.725,0,0,125,-75.7496
3.75,0,0,125,-76.143
3.775,0,0,125,-76.5126
3.8,0,0,125,-76.8593
3.825,0,0,125,-77.1844
3.85,0,0,125,-77.4887
3.875,0,0,125,-77.7734
3.9,0,0,125,-78.0395
3.925,0,0,125,-78.2879
3.95,0,0,125,-78.5197
3.975,0,0,125,-78.7357
4,0,0,125,-78.9367
4.025,0,0,125,-79.1238
4.05,0,0,125,-79.2976
4.075,0,0,125,-79.459
4.1,0,0,125,-79.6087
4.125,0,0,125,-79.7474
4.15,0,0,125,-79.8757
4.175,0,0,125,-79.9944
4.2,0,0,125,-80.104
4.225,0,0,125,-80.205
4.25,0,0,125,-80.298
4.275,0,0,125,-80.3835
4.3,0,0,125,-80.4621
4.325,0,0,125,-80.534
4.35,0,0,125,-80.5998
4.375,0,0,125,-80.6599
4.4,0,0,125,-80.7146
4.425,0,0,125,-80.7642
4.45,0,0,125,-80.8092
4.475,0,0,125,-80.8499
4.5,0,0,125,-80.8865
4.525,0,0,125,-80.9193
4.55,0,0,125,-80.9486
4.575,0,0,125,-80.9747
4.6,0,0,125,-80.9977
4.625,0,0,125,-81.018
4.65,0,0,125,-81.0358
4.675,0,0,125,-81.0512
4.7,0,0,125,-81.0644
4.725,0,0,125,-81.0758
4.75,0,0,125,-81.0853
4.775,0,0,125,-81.0933
4.8,0,0,125,-81.0998
4.825,0,0,125,-81.1051
4.85,0,0,125,-81.1092
4.875,0,0,125,-81.1124
4.9,0,0,125,-81.1148
4.925,0,0,125,-81.1165
4.95,0,0,125,-81.1177
4.975,0,0,125,-81.1185
5,0,0,125,-81.1188
