0,0,0,125,-84.3242
0.025,0,0,125,-84.3243
0.05,0,0,125,-84.3244
0.075,0,0,125,-84.3246
0.1,0,0,125,-84.3249
0.125,0,0,125,-84.3252
0.15,0,0,125,-84.3256
0.175,0,0,125,-84.326
0.2,0,0,125,-84.3263
0.225,0,0,125,-84.3267
0.25,0,0,125,-84.3272
0.275,0,0,125,-84.3276
0.3,0,0,125,-84.328
0.325,0,0,125,-84.3284
0.35,0,0,125,-84.3288
0.375,0,0,125,-84.3292
0.4,0,0,125,-84.3296
0.425,0,0,125,-84.33
0.45,0,0,125,-84.3304
0.475,0,0,125,-84.3307
0.5,0,0,125,-84.3311
0.525,0,0,125,-84.3314
0.55,0,0,125,-84.3317
0.575,0,0,125,-84.3321
0.6,0,0,125,-84.3324
0.625,0,0,125,-84.3327
0.65,0,0,125,-84.333
0.675,0,0,125,-84.3333
0.7,0,0,125,-84.3335
0.725,0,0,125,-84.3338
0.75,0,0,125,-84.3341
0.775,0,0,125,-84.3344
0.8,0,0,125,-84.3347
0.825,0,0,125,-84.335
0.85,0,0,125,-84.3353
0.875,0,0,125,-84.3355
0.9,0,0,125,-84.3358
0.925,0,0,125,-84.3361
0.95,0,0,125,-84.3364
0.975,0,0,125,-84.3367
1,0,0,125,-84.337
1.025,0,0,125,-84.3374
1.05,0,0,125,-84.3377
1.075,0,0,125,-84.338
1.1,0,0,125,-84.3383
1.125,0,0,125,-84.3386
1.15,0,0,125,-84.339
1.175,0,0,125,-84.3393
1.2,0,0,125,-84.3397
1.225,0,0,125,-84.34
1.25,0,0,125,-84.3404
1.275,0,0,125,-84.3408
1.3,0,0,125,-84.3411
1.325,0,0,125,-84.3415
1.35,0,0,125,-84.3419
1.375,0,0,125,-84.3423
1.4,0,0,125,-84.3428
1.425,0,0,125,-84.3432
1.45,0,0,125,-84.3436
1.475,0,0,125,-84.3441
1.5,0,0,125,-84.3446
1.525,0,0,125,-84.3451
1.55,0,0,125,-84.3456
1.575,0,0,125,-84.3461
1.6,0,0,125,-84.3467
1.625,0,0,125,-84.3472
1.65,0,0,125,-84.3478
1.675,0,0,125,-84.3484
1.7,0,0,125,-84.349
1.725,0,0,125,-84.3496
1.75,0,0,125,-84.3503
1.775,0,0,125,-84.3509
1.8,0,0,125,-84.3516
1.825,0,0,125,-84.3522
1.85,0,0,125,-84.3529
1.875,0,0,125,-84.3536
1.9,0,0,125,-84.3543
1.925,0,0,125,-84.355
1.95,0,0,125,-84.3557
1.975,0,0,125,-84.3565
2,0,0,125,-84.3572
2.025,0,0,125,-84.358
2.05,0,0,125,-84.3587
2.075,0,0,125,-84.3595
2.1,0,0,125,-84.3603
2.125,0,0,125,-84.3611
2.15,0,0,125,-84.3619
2.175,0,0,125,-84.3627
2.2,0,0,125,-84.3636
2.225,0,0,125,-84.3644
2.25,0,0,125,-84.3653
2.275,0,0,125,-84.3662
2.3,0,0,125,-84.3671
2.325,0,0,125,-84.3681
2.35,0,0,125,-84.3691
2.375,0,0,125,-84.3701
2.4,0,0,125,-84.3711
2.425,0,0,125,-84.3721
2.45,0,0,125,-84.3732
2.475,0,0,125,-84.3743
2.5,0,0,125,-84.3754
2.525,0,0,125,-84.3766
2.55,0,0,125,-84.3777
2.575,0,0,125,-84.3789
2.6,0,0,125,-84.3801
2.625,0,0,125,-84.3813
2.65,0,0,125,-84.3825
2.675,0,0,125,-84.3838
2.7,0,0,125,-84.385
2.725,0,0,125,-84.3863
2.75,0,0,125,-84.3875
2.775,0,0,125,-84.3888
2.8,0,0,125,-84.3901
2.825,0,0,125,-84.3914
2.85,0,0,125,-84.3927
2.875,0,0,125,-84.394
2.9,0,0,125,-84.3953
2.925,0,0,125,-84.3966
2.95,0,0,125,-84.3979
2.975,0,0,125,-84.3993
3,0,0,125,-84.4006
3.025,0,0,125,-84.402
3.05,0,0,125,-84.4034
3.075,0,0,125,-84.4047
3.1,0,0,125,-84.4061
3.125,0,0,125,-84.4074
3.15,0,0,125,-84.4088
3.175,0,0,125,-84.4101
3.2,0,0,125,-84.4114
3.225,0,0,125,-84.4127
3.25,0,0,125,-84.414
3.275,0,0,125,-84.4153
3.3,0,0,125,-84.4165
3.325,0,0,125,-84.4178
3.35,0,0,125,-84.4191
3.375,0,0,125,-84.4203
3.4,0,0,125,-84.4216
3.425,0,0,125,-84.4228
3.45,0,0,125,-84.424
3.475,0,0,125,-84.4252
3.5,0,0,125,-84.4264
3.525,0,0,125,-84.4275
3.55,0,0,125,-84.4287
3.575,0,0,125,-84.4298
3.6,0,0,125,-84.4309
3.625,0,0,125,-84.4319
3.65,0,0,125,-84.433
3.675,0,0,125,-84.434
3.7,0,0,125,-84.435
3.725,0,0,125,-84.4359
3.75,0,0,125,-84.4368
3.775,0,0,125,-84.4377
3.8,0,0,125,-84.4386
3.825,0,0,125,-84.4394
3.85,0,0,125,-84.4402
3.875,0,0,125,-84.4409
3.9,0,0,125,-84.4417
3.925,0,0,125,-84.4424
3.95,0,0,125,-84.443
3.975,0,0,125,-84.4437
4,0,0,125,-84.4443
4.025,0,0,125,-84.4449
4.05,0,0,125,-84.4455
4.075,0,0,125,-84.446
4.1,0,0,125,-84.4465
4.125,0,0,125,-84.447
4.15,0,0,125,-84.4474
4.175,0,0,125,-84.4479
4.2,0,0,125,-84.4483
4.225,0,0,125,-84.4487
4.25,0,0,125,-84.4491
4.275,0,0,125,-84.4495
4.3,0,0,125,-84.4499
4.325,0,0,125,-84.4502
4.35,0,0,125,-84.4506
4.375,0,0,125,-84.4509
4.4,0,0,125,-84.4512
4.425,0,0,125,-84.4515
4.45,0,0,125,-84.4518
4.475,0,0,125,-84.452
4.5,0,0,125,-84.4523
4.525,0,0,125,-84.4525
4.55,0,0,125,-84.4527
4.575,0,0,125,-84.4529
4.6,0,0,125,-84.4531
4.625,0,0,125,-84.4533
4.65,0,0,125,-84.4534
4.675,0,0,125,-84.4536
4.7,0,0,125,-84.4537
4.725,0,0,125,-84.4538
4.75,0,0,125,-84.4539
4.775,0,0,125,-84.454
4.8,0,0,125,-84.454
4.825,0,0,125,-84.4541
4.85,0,0,125,-84.4541
4.875,0,0,125,-84.4541
4.9,0,0,125,-84.4541
4.925,0,0,125,-84.4541
4.95,0,0,125,-84.4541
4.975,0,0,125,-84.4541
5,0,0,125,-84.4541
