0,0,0,125,-83.3136
0.025,0,0,125,-83.3141
0.05,0,0,125,-83.315
0.075,0,0,125,-83.3164
0.1,0,0,125,-83.318
0.125,0,0,125,-83.3199
0.15,0,0,125,-83.3219
0.175,0,0,125,-83.324
0.2,0,0,125,-83.3261
0.225,0,0,125,-83.3281
0.25,0,0,125,-83.3301
0.275,0,0,125,-83.332
0.3,0,0,125,-83.3338
0.325,0,0,125,-83.3354
0.35,0,0,125,-83.3369
0.375,0,0,125,-83.3383
0.4,0,0,125,-83.3395
0.425,0,0,125,-83.3404
0.45,0,0,125,-83.3412
0.475,0,0,125,-83.3418
0.5,0,0,125,-83.3422
0.525,0,0,125,-83.3424
0.55,0,0,125,-83.3423
0.575,0,0,125,-83.342
0.6,0,0,125,-83.3414
0.625,0,0,125,-83.3405
0.65,0,0,125,-83.3394
0.675,0,0,125,-83.3379
0.7,0,0,125,-83.3362
0.725,0,0,125,-83.3341
0.75,0,0,125,-83.3317
0.775,0,0,125,-83.329
0.8,0,0,125,-83.3259
0.825,0,0,125,-83.3225
0.85,0,0,125,-83.3186
0.875,0,0,125,-83.3144
0.9,0,0,125,-83.3097
0.925,0,0,125,-83.3047
0.95,0,0,125,-83.2991
0.975,0,0,125,-83.2931
1,0,0,125,-83.2867
1.025,0,0,125,-83.2797
1.05,0,0,125,-83.2721
1.075,0,0,125,-83.264
1.1,0,0,125,-83.2554
1.125,0,0,125,-83.2461
1.15,0,0,125,-83.2361
1.175,0,0,125,-83.2255
1.2,0,0,125,-83.2141
1.225,0,0,125,-83.202
1.25,0,0,125,-83.1891
1.275,0,0,125,-83.1753
1.3,0,0,125,-83.1607
1.325,0,0,125,-83.145
1.35,0,0,125,-83.1284
1.375,0,0,125,-83.1107
1.4,0,0,125,-83.0918
1.425,0,0,125,-83.0718
1.45,0,0,125,-83.0504
1.475,0,0,125,-83.0276
1.5,0,0,125,-83.0034
1.525,0,0,125,-82.9775
1.55,0,0,125,-82.95
1.575,0,0,125,-82.9206
1.6,0,0,125,-82.8892
1.625,0,0,125,-82.8557
1.65,0,0,125,-82.8199
1.675,0,0,125,-82.7816
1.7,0,0,125,-82.7407
1.725,0,0,125,-82.6968
1.75,0,0,125,-82.6498
1.775,0,0,125,-82.5993
1.8,0,0,125,-82.5452
1.825,0,0,125,-82.487
1.85,0,0,125,-82.4245
1.875,0,0,125,-82.3572
1.9,0,0,125,-82.2847
1.925,0,0,125,-82.2066
1.95,0,0,125,-82.1224
1.975,0,0,125,-82.0314
2,0,0,125,-81.9333
2.025,0,0,125,-81.8272
2.05,0,0,125,-81.7125
2.075,0,0,125,-81.5885
2.1,0,0,125,-81.4543
2.125,0,0,125,-81.3092
2.15,0,0,125,-81.1521
2.175,0,0,125,-80.9822
2.2,0,0,125,-80.7984
2.225,0,0,125,-80.5997
2.25,0,0,125,-80.3848
2.275,0,0,125,-80.1526
2.3,0,0,125,-79.9019
2.325,0,0,125,-79.6314
2.35,0,0,125,-79.3399
2.375,0,0,125,-79.0259
2.4,0,0,125,-78.6883
2.425,0,0,125,-78.3257
2.45,0,0,125,-77.9369
2.475,0,0,125,-77.5205
2.5,0,0,125,-77.0754
2.525,0,0,125,-76.6005
2.55,0,0,125,-76.0949
2.575,0,0,125,-75.5576
2.6,0,0,125,-74.9879
2.625,0,0,125,-74.3854
2.65,0,0,125,-73.7496
2.675,0,0,125,-73.0804
2.7,0,0,125,-72.378
2.725,0,0,125,-71.6426
2.75,0,0,125,-70.875
2.775,0,0,125,-70.0759
2.8,0,0,125,-69.2465
2.825,0,0,125,-68.3882
2.85,0,0,125,-67.5028
2.875,0,0,125,-66.5922
2.9,0,0,125,-65.6584
2.925,0,0,125,-64.704
2.95,0,0,125,-63.7314
2.975,0,0,125,-62.7433
3,0,0,125,-61.7426
3.025,0,0,125,-60.7321
3.05,0,0,125,-59.7148
3.075,0,0,125,-58.6936
3.1,0,0,125,-57.6715
3.125,0,0,125,-56.6514
3.15,0,0,125,-55.6359
3.175,0,0,125,-54.6277
3.2,0,0,125,-53.6293
3.225,0,0,125,-52.6431
3.25,0,0,125,-51.6712
3.275,0,0,125,-50.7155
3.3,0,0,125,-49.7777
3.325,0,0,125,-48.8595
3.35,0,0,125,-47.9621
3.375,0,0,125,-47.0866
3.4,0,0,125,-46.234
3.425,0,0,125,-45.4049
3.45,0,0,125,-44.5999
3.475,0,0,125,-43.8194
3.5,0,0,125,-43.0636
3.525,0,0,125,-42.3325
3.55,0,0,125,-41.6262
3.575,0,0,125,-40.9443
3.6,0,0,125,-40.2867
3.625,0,0,125,-39.6529
3.65,0,0,125,-39.0427
3.675,0,0,125,-38.4554
3.7,0,0,125,-37.8905
3.725,0,0,125,-37.3475
3.75,0,0,125,-36.8257
3.775,0,0,125,-36.3246
3.8,0,0,125,-35.8434
3.825,0,0,125,-35.3815
3.85,0,0,125,-34.9384
3.875,0,0,125,-34.5132
3.9,0,0,125,-34.1055
3.925,0,0,125,-33.7146
3.95,0,0,125,-33.3398
3.975,0,0,125,-32.9806
4,0,0,125,-32.6364
4.025,0,0,125,-32.3067
4.05,0,0,125,-31.9909
4.075,0,0,125,-31.6884
4.1,0,0,125,-31.3989
4.125,0,0,125,-31.1218
4.15,0,0,125,-30.8567
4.175,0,0,125,-30.6031
4.2,0,0,125,-30.3606
4.225,0,0,125,-30.1289
4.25,0,0,125,-29.9076
4.275,0,0,125,-29.6962
4.3,0,0,125,-29.4946
4.325,0,0,125,-29.3023
4.35,0,0,125,-29.1191
4.375,0,0,125,-28.9447
4.4,0,0,125,-28.7788
4.425,0,0,125,-28.6212
4.45,0,0,125,-28.4716
4.475,0,0,125,-28.3299
4.5,0,0,125,-28.1958
4.525,0,0,125,-28.0692
4.55,0,0,125,-27.9498
4.575,0,0,125,-27.8376
4.6,0,0,125,-27.7323
4.625,0,0,125,-27.6338
4.65,0,0,125,-27.5421
4.675,0,0,125,-27.457
4.7,0,0,125,-27.3784
4.725,0,0,125,-27.3062
4.75,0,0,125,-27.2404
4.775,0,0,125,-27.1808
4.8,0,0,125,-27.1275
4.825,0,0,125,-27.0804
4.85,0,0,125,-27.0394
4.875,0,0,125,-27.0045
4.9,0,0,125,-26.9755
4.925,0,0,125,-26.9524
4.95,0,0,125,-26.9352
4.975,0,0,125,-26.9238
5,0,0,125,-26.918
