0,0,0,125,-83.0143
0.025,0,0,125,-83.0147
0.05,0,0,125,-83.0155
0.075,0,0,125,-83.0167
0.1,0,0,125,-83.0182
0.125,0,0,125,-83.0199
0.15,0,0,125,-83.0217
0.175,0,0,125,-83.0237
0.2,0,0,125,-83.0257
0.225,0,0,125,-83.0277
0.25,0,0,125,-83.0298
0.275,0,0,125,-83.0318
0.3,0,0,125,-83.0338
0.325,0,0,125,-83.0358
0.35,0,0,125,-83.0378
0.375,0,0,125,-83.0397
0.4,0,0,125,-83.0417
0.425,0,0,125,-83.0436
0.45,0,0,125,-83.0454
0.475,0,0,125,-83.0472
0.5,0,0,125,-83.049
0.525,0,0,125,-83.0508
0.55,0,0,125,-83.0526
0.575,0,0,125,-83.0543
0.6,0,0,125,-83.0561
0.625,0,0,125,-83.0578
0.65,0,0,125,-83.0595
0.675,0,0,125,-83.0612
0.7,0,0,125,-83.0629
0.725,0,0,125,-83.0645
0.75,0,0,125,-83.0662
0.775,0,0,125,-83.0678
0.8,0,0,125,-83.0695
0.825,0,0,125,-83.0711
0.85,0,0,125,-83.0728
0.875,0,0,125,-83.0744
0.9,0,0,125,-83.0761
0.925,0,0,125,-83.0778
0.95,0,0,125,-83.0795
0.975,0,0,125,-83.0812
1,0,0,125,-83.0829
1.025,0,0,125,-83.0846
1.05,0,0,125,-83.0864
1.075,0,0,125,-83.0881
1.1,0,0,125,-83.0899
1.125,0,0,125,-83.0917
1.15,0,0,125,-83.0936
1.175,0,0,125,-83.0955
1.2,0,0,125,-83.0974
1.225,0,0,125,-83.0994
1.25,0,0,125,-83.1014
1.275,0,0,125,-83.1035
1.3,0,0,125,-83.1055
1.325,0,0,125,-83.1076
1.35,0,0,125,-83.1098
1.375,0,0,125,-83.112
1.4,0,0,125,-83.1142
1.425,0,0,125,-83.1164
1.45,0,0,125,-83.1187
1.475,0,0,125,-83.1211
1.5,0,0,125,-83.1235
1.525,0,0,125,-83.1259
1.55,0,0,125,-83.1285
1.575,0,0,125,-83.1311
1.6,0,0,125,-83.1337
1.625,0,0,125,-83.1364
1.65,0,0,125,-83.1391
1.675,0,0,125,-83.1419
1.7,0,0,125,-83.1447
1.725,0,0,125,-83.1476
1.75,0,0,125,-83.1506
1.775,0,0,125,-83.1536
1.8,0,0,125,-83.1567
1.825,0,0,125,-83.1599
1.85,0,0,125,-83.1632
1.875,0,0,125,-83.1665
1.9,0,0,125,-83.1699
1.925,0,0,125,-83.1734
1.95,0,0,125,-83.177
1.975,0,0,125,-83.1807
2,0,0,125,-83.1845
2.025,0,0,125,-83.1883
2.05,0,0,125,-83.1923
2.075,0,0,125,-83.1963
2.1,0,0,125,-83.2005
2.125,0,0,125,-83.2048
2.15,0,0,125,-83.2092
2.175,0,0,125,-83.2137
2.2,0,0,125,-83.2183
2.225,0,0,125,-83.223
2.25,0,0,125,-83.2279
2.275,0,0,125,-83.2328
2.3,0,0,125,-83.2379
2.325,0,0,125,-83.2431
2.35,0,0,125,-83.2484
2.375,0,0,125,-83.2538
2.4,0,0,125,-83.2594
2.425,0,0,125,-83.2651
2.45,0,0,125,-83.271
2.475,0,0,125,-83.277
2.5,0,0,125,-83.2831
2.525,0,0,125,-83.2893
2.55,0,0,125,-83.2956
2.575,0,0,125,-83.3021
2.6,0,0,125,-83.3086
2.625,0,0,125,-83.3153
2.65,0,0,125,-83.3221
2.675,0,0,125,-83.3289
2.7,0,0,125,-83.3359
2.725,0,0,125,-83.3429
2.75,0,0,125,-83.35
2.775,0,0,125,-83.3572
2.8,0,0,125,-83.3645
2.825,0,0,125,-83.3718
2.85,0,0,125,-83.3793
2.875,0,0,125,-83.3868
2.9,0,0,125,-83.3943
2.925,0,0,125,-83.4019
2.95,0,0,125,-83.4096
2.975,0,0,125,-83.4173
3,0,0,125,-83.425
3.025,0,0,125,-83.4328
3.05,0,0,125,-83.4405
3.075,0,0,125,-83.4483
3.1,0,0,125,-83.4561
3.125,0,0,125,-83.4638
3.15,0,0,125,-83.4716
3.175,0,0,125,-83.4793
3.2,0,0,125,-83.487
3.225,0,0,125,-83.4947
3.25,0,0,125,-83.5023
3.275,0,0,125,-83.5099
3.3,0,0,125,-83.5174
3.325,0,0,125,-83.5249
3.35,0,0,125,-83.5322
3.375,0,0,125,-83.5396
3.4,0,0,125,-83.5468
3.425,0,0,125,-83.554
3.45,0,0,125,-83.561
3.475,0,0,125,-83.5679
3.5,0,0,125,-83.5748
3.525,0,0,125,-83.5815
3.55,0,0,125,-83.5881
3.575,0,0,125,-83.5945
3.6,0,0,125,-83.6008
3.625,0,0,125,-83.607
3.65,0,0,125,-83.6131
3.675,0,0,125,-83.619
3.7,0,0,125,-83.6248
3.725,0,0,125,-83.6304
3.75,0,0,125,-83.6359
3.775,0,0,125,-83.6412
3.8,0,0,125,-83.6464
3.825,0,0,125,-83.6515
3.85,0,0,125,-83.6564
3.875,0,0,125,-83.6612
3.9,0,0,125,-83.6659
3.925,0,0,125,-83.6703
3.95,0,0,125,-83.6747
3.975,0,0,125,-83.6788
4,0,0,125,-83.6828
4.025,0,0,125,-83.6867
4.05,0,0,125,-83.6904
4.075,0,0,125,-83.6939
4.1,0,0,125,-83.6973
4.125,0,0,125,-83.7005
4.15,0,0,125,-83.7036
4.175,0,0,125,-83.7065
4.2,0,0,125,-83.7093
4.225,0,0,125,-83.712
4.25,0,0,125,-83.7145
4.275,0,0,125,-83.7169
4.3,0,0,125,-83.7191
4.325,0,0,125,-83.7212
4.35,0,0,125,-83.7232
4.375,0,0,125,-83.725
4.4,0,0,125,-83.7268
4.425,0,0,125,-83.7284
4.45,0,0,125,-83.7299
4.475,0,0,125,-83.7313
4.5,0,0,125,-83.7326
4.525,0,0,125,-83.7338
4.55,0,0,125,-83.7349
4.575,0,0,125,-83.7359
4.6,0,0,125,-83.7368
4.625,0,0,125,-83.7377
4.65,0,0,125,-83.7384
4.675,0,0,125,-83.7391
4.7,0,0,125,-83.7396
4.725,0,0,125,-83.7401
4.75,0,0,125,-83.7405
4.775,0,0,125,-83.7409
4.8,0,0,125,-83.7412
4.825,0,0,125,-83.7415
4.85,0,0,125,-83.7416
4.875,0,0,125,-83.7418
4.9,0,0,125,-83.7419
4.925,0,0,125,-83.7419
4.95,0,0,125,-83.742
4.975,0,0,125,-83.742
5,0,0,125,-83.742
