0,0,0,125,-83.5387
0.025,0,0,125,-83.5391
0.05,0,0,125,-83.5399
0.075,0,0,125,-83.541
0.1,0,0,125,-83.5424
0.125,0,0,125,-83.544
0.15,0,0,125,-83.5457
0.175,0,0,125,-83.5475
0.2,0,0,125,-83.5493
0.225,0,0,125,-83.5511
0.25,0,0,125,-83.5528
0.275,0,0,125,-83.5545
0.3,0,0,125,-83.5561
0.325,0,0,125,-83.5576
0.35,0,0,125,-83.5591
0.375,0,0,125,-83.5604
0.4,0,0,125,-83.5616
0.425,0,0,125,-83.5626
0.45,0,0,125,-83.5635
0.475,0,0,125,-83.5642
0.5,0,0,125,-83.5648
0.525,0,0,125,-83.5652
0.55,0,0,125,-83.5654
0.575,0,0,125,-83.5654
0.6,0,0,125,-83.5653
0.625,0,0,125,-83.5649
0.65,0,0,125,-83.5644
0.675,0,0,125,-83.5636
0.7,0,0,125,-83.5626
0.725,0,0,125,-83.5614
0.75,0,0,125,-83.56
0.775,0,0,125,-83.5584
0.8,0,0,125,-83.5565
0.825,0,0,125,-83.5544
0.85,0,0,125,-83.5521
0.875,0,0,125,-83.5495
0.9,0,0,125,-83.5467
0.925,0,0,125,-83.5436
0.95,0,0,125,-83.5403
0.975,0,0,125,-83.5367
1,0,0,125,-83.5329
1.025,0,0,125,-83.5287
1.05,0,0,125,-83.5244
1.075,0,0,125,-83.5197
1.1,0,0,125,-83.5147
1.125,0,0,125,-83.5095
1.15,0,0,125,-83.5039
1.175,0,0,125,-83.4981
1.2,0,0,125,-83.4919
1.225,0,0,125,-83.4854
1.25,0,0,125,-83.4786
1.275,0,0,125,-83.4715
1.3,0,0,125,-83.4641
1.325,0,0,125,-83.4563
1.35,0,0,125,-83.4482
1.375,0,0,125,-83.4398
1.4,0,0,125,-83.431
1.425,0,0,125,-83.422
1.45,0,0,125,-83.4126
1.475,0,0,125,-83.403
1.5,0,0,125,-83.393
1.525,0,0,125,-83.3826
1.55,0,0,125,-83.372
1.575,0,0,125,-83.3611
1.6,0,0,125,-83.3498
1.625,0,0,125,-83.3383
1.65,0,0,125,-83.3264
1.675,0,0,125,-83.3143
1.7,0,0,125,-83.3019
1.725,0,0,125,-83.2892
1.75,0,0,125,-83.2762
1.775,0,0,125,-83.263
1.8,0,0,125,-83.2495
1.825,0,0,125,-83.2358
1.85,0,0,125,-83.2218
1.875,0,0,125,-83.2076
1.9,0,0,125,-83.1933
1.925,0,0,125,-83.1787
1.95,0,0,125,-83.1639
1.975,0,0,125,-83.1489
2,0,0,125,-83.1338
2.025,0,0,125,-83.1184
2.05,0,0,125,-83.103
2.075,0,0,125,-83.0874
2.1,0,0,125,-83.0716
2.125,0,0,125,-83.0556
2.15,0,0,125,-83.0396
2.175,0,0,125,-83.0234
2.2,0,0,125,-83.007
2.225,0,0,125,-82.9905
2.25,0,0,125,-82.9739
2.275,0,0,125,-82.9571
2.3,0,0,125,-82.9401
2.325,0,0,125,-82.923
2.35,0,0,125,-82.9057
2.375,0,0,125,-82.8882
2.4,0,0,125,-82.8705
2.425,0,0,125,-82.8526
2.45,0,0,125,-82.8344
2.475,0,0,125,-82.816
2.5,0,0,125,-82.7972
2.525,0,0,125,-82.7782
2.55,0,0,125,-82.7587
2.575,0,0,125,-82.7389
2.6,0,0,125,-82.7186
2.625,0,0,125,-82.6979
2.65,0,0,125,-82.6766
2.675,0,0,125,-82.6547
2.7,0,0,125,-82.6322
2.725,0,0,125,-82.6091
2.75,0,0,125,-82.5852
2.775,0,0,125,-82.5605
2.8,0,0,125,-82.5349
2.825,0,0,125,-82.5085
2.85,0,0,125,-82.481
2.875,0,0,125,-82.4525
2.9,0,0,125,-82.4228
2.925,0,0,125,-82.3919
2.95,0,0,125,-82.3597
2.975,0,0,125,-82.3261
3,0,0,125,-82.291
3.025,0,0,125,-82.2544
3.05,0,0,125,-82.2162
3.075,0,0,125,-82.1762
3.1,0,0,125,-82.1345
3.125,0,0,125,-82.0908
3.15,0,0,125,-82.0451
3.175,0,0,125,-81.9973
3.2,0,0,125,-81.9474
3.225,0,0,125,-81.8952
3.25,0,0,125,-81.8406
3.275,0,0,125,-81.7837
3.3,0,0,125,-81.7242
3.325,0,0,125,-81.6621
3.35,0,0,125,-81.5974
3.375,0,0,125,-81.5299
3.4,0,0,125,-81.4596
3.425,0,0,125,-81.3865
3.45,0,0,125,-81.3104
3.475,0,0,125,-81.2314
3.5,0,0,125,-81.1493
3.525,0,0,125,-81.0642
3.55,0,0,125,-80.976
3.575,0,0,125,-80.8848
3.6,0,0,125,-80.7904
3.625,0,0,125,-80.693
3.65,0,0,125,-80.5924
3.675,0,0,125,-80.4888
3.7,0,0,125,-80.3821
3.725,0,0,125,-80.2725
3.75,0,0,125,-80.1599
3.775,0,0,125,-80.0445
3.8,0,0,125,-79.9262
3.825,0,0,125,-79.8052
3.85,0,0,125,-79.6817
3.875,0,0,125,-79.5556
3.9,0,0,125,-79.4272
3.925,0,0,125,-79.2966
3.95,0,0,125,-79.1639
3.975,0,0,125,-79.0294
4,0,0,125,-78.8931
4.025,0,0,125,-78.7552
4.05,0,0,125,-78.6161
4.075,0,0,125,-78.4758
4.1,0,0,125,-78.3346
4.125,0,0,125,-78.1927
4.15,0,0,125,-78.0504
4.175,0,0,125,-77.9079
4.2,0,0,125,-77.7655
4.225,0,0,125,-77.6234
4.25,0,0,125,-77.482
4.275,0,0,125,-77.3414
4.3,0,0,125,-77.202
4.325,0,0,125,-77.064
4.35,0,0,125,-76.9277
4.375,0,0,125,-76.7935
4.4,0,0,125,-76.6616
4.425,0,0,125,-76.5322
4.45,0,0,125,-76.4058
4.475,0,0,125,-76.2825
4.5,0,0,125,-76.1626
4.525,0,0,125,-76.0464
4.55,0,0,125,-75.9342
4.575,0,0,125,-75.8262
4.6,0,0,125,-75.7227
4.625,0,0,125,-75.624
4.65,0,0,125,-75.5302
4.675,0,0,125,-75.4416
4.7,0,0,125,-75.3584
4.725,0,0,125,-75.2808
4.75,0,0,125,-75.209
4.775,0,0,125,-75.1432
4.8,0,0,125,-75.0835
4.825,0,0,125,-75.0301
4.85,0,0,125,-74.9831
4.875,0,0,125,-74.9426
4.9,0,0,125,-74.9087
4.925,0,0,125,-74.8815
4.95,0,0,125,-74.861
4.975,0,0,125,-74.8474
5,0,0,125,-74.8406
