0,0,0,125,-71.3345
0.025,0,0,125,-71.3467
0.05,0,0,125,-71.3711
0.075,0,0,125,-71.4075
0.1,0,0,125,-71.456
0.125,0,0,125,-71.5163
0.15,0,0,125,-71.5883
0.175,0,0,125,-71.6718
0.2,0,0,125,-71.7665
0.225,0,0,125,-71.8721
0.25,0,0,125,-71.9882
0.275,0,0,125,-72.1146
0.3,0,0,125,-72.2508
0.325,0,0,125,-72.3963
0.35,0,0,125,-72.5507
0.375,0,0,125,-72.7136
0.4,0,0,125,-72.8844
0.425,0,0,125,-73.0626
0.45,0,0,125,-73.2476
0.475,0,0,125,-73.4389
0.5,0,0,125,-73.636
0.525,0,0,125,-73.8383
0.55,0,0,125,-74.0452
0.575,0,0,125,-74.2562
0.6,0,0,125,-74.4707
0.625,0,0,125,-74.688
0.65,0,0,125,-74.9077
0.675,0,0,125,-75.1292
0.7,0,0,125,-75.352
0.725,0,0,125,-75.5756
0.75,0,0,125,-75.7993
0.775,0,0,125,-76.0228
0.8,0,0,125,-76.2456
0.825,0,0,125,-76.4672
0.85,0,0,125,-76.6871
0.875,0,0,125,-76.905
0.9,0,0,125,-77.1205
0.925,0,0,125,-77.3332
0.95,0,0,125,-77.5427
0.975,0,0,125,-77.7489
1,0,0,125,-77.9513
1.025,0,0,125,-78.1497
1.05,0,0,125,-78.344
1.075,0,0,125,-78.5338
1.1,0,0,125,-78.7191
1.125,0,0,125,-78.8996
1.15,0,0,125,-79.0752
1.175,0,0,125,-79.2459
1.2,0,0,125,-79.4115
1.225,0,0,125,-79.572
1.25,0,0,125,-79.7273
1.275,0,0,125,-79.8774
1.3,0,0,125,-80.0223
1.325,0,0,125,-80.1621
1.35,0,0,125,-80.2967
1.375,0,0,125,-80.4262
1.4,0,0,125,-80.5507
1.425,0,0,125,-80.6702
1.45,0,0,125,-80.7848
1.475,0,0,125,-80.8947
1.5,0,0,125,-80.9999
1.525,0,0,125,-81.1005
1.55,0,0,125,-81.1966
1.575,0,0,125,-81.2885
1.6,0,0,125,-81.3761
1.625,0,0,125,-81.4597
1.65,0,0,125,-81.5394
1.675,0,0,125,-81.6153
1.7,0,0,125,-81.6875
1.725,0,0,125,-81.7562
1.75,0,0,125,-81.8216
1.775,0,0,125,-81.8838
1.8,0,0,125,-81.9428
1.825,0,0,125,-81.999
1.85,0,0,125,-82.0523
1.875,0,0,125,-82.103
1.9,0,0,125,-82.1511
1.925,0,0,125,-82.1968
1.95,0,0,125,-82.2402
1.975,0,0,125,-82.2814
2,0,0,125,-82.3206
2.025,0,0,125,-82.3578
2.05,0,0,125,-82.3933
2.075,0,0,125,-82.4269
2.1,0,0,125,-82.459
2.125,0,0,125,-82.4895
2.15,0,0,125,-82.5186
2.175,0,0,125,-82.5463
2.2,0,0,125,-82.5728
2.225,0,0,125,-82.598
2.25,0,0,125,-82.6221
2.275,0,0,125,-82.6452
2.3,0,0,125,-82.6673
2.325,0,0,125,-82.6885
2.35,0,0,125,-82.7088
2.375,0,0,125,-82.7283
2.4,0,0,125,-82.747
2.425,0,0,125,-82.7651
2.45,0,0,125,-82.7824
2.475,0,0,125,-82.7992
2.5,0,0,125,-82.8153
2.525,0,0,125,-82.831
2.55,0,0,125,-82.8461
2.575,0,0,125,-82.8607
2.6,0,0,125,-82.8748
2.625,0,0,125,-82.8886
2.65,0,0,125,-82.9019
2.675,0,0,125,-82.9148
2.7,0,0,125,-82.9274
2.725,0,0,125,-82.9396
2.75,0,0,125,-82.9515
2.775,0,0,125,-82.9631
2.8,0,0,125,-82.9744
2.825,0,0,125,-82.9854
2.85,0,0,125,-82.9962
2.875,0,0,125,-83.0066
2.9,0,0,125,-83.0169
2.925,0,0,125,-83.0268
2.95,0,0,125,-83.0366
2.975,0,0,125,-83.0461
3,0,0,125,-83.0553
3.025,0,0,125,-83.0644
3.05,0,0,125,-83.0732
3.075,0,0,125,-83.0818
3.1,0,0,125,-83.0903
3.125,0,0,125,-83.0985
3.15,0,0,125,-83.1065
3.175,0,0,125,-83.1143
3.2,0,0,125,-83.1219
3.225,0,0,125,-83.1293
3.25,0,0,125,-83.1365
3.275,0,0,125,-83.1435
3.3,0,0,125,-83.1504
3.325,0,0,125,-83.157
3.35,0,0,125,-83.1635
3.375,0,0,125,-83.1697
3.4,0,0,125,-83.1758
3.425,0,0,125,-83.1817
3.45,0,0,125,-83.1874
3.475,0,0,125,-83.1929
3.5,0,0,125,-83.1982
3.525,0,0,125,-83.2034
3.55,0,0,125,-83.2083
3.575,0,0,125,-83.213
3.6,0,0,125,-83.2176
3.625,0,0,125,-83.222
3.65,0,0,125,-83.2262
3.675,0,0,125,-83.2302
3.7,0,0,125,-83.234
3.725,0,0,125,-83.2377
3.75,0,0,125,-83.2411
3.775,0,0,125,-83.2444
3.8,0,0,125,-83.2474
3.825,0,0,125,-83.2503
3.85,0,0,125,-83.253
3.875,0,0,125,-83.2555
3.9,0,0,125,-83.2578
3.925,0,0,125,-83.26
3.95,0,0,125,-83.2619
3.975,0,0,125,-83.2636
4,0,0,125,-83.2652
4.025,0,0,125,-83.2665
4.05,0,0,125,-83.2677
4.075,0,0,125,-83.2687
4.1,0,0,125,-83.2696
4.125,0,0,125,-83.2702
4.15,0,0,125,-83.2707
4.175,0,0,125,-83.2711
4.2,0,0,125,-83.2712
4.225,0,0,125,-83.2712
4.25,0,0,125,-83.271
4.275,0,0,125,-83.2707
4.3,0,0,125,-83.2702
4.325,0,0,125,-83.2695
4.35,0,0,125,-83.2687
4.375,0,0,125,-83.2677
4.4,0,0,125,-83.2666
4.425,0,0,125,-83.2654
4.45,0,0,125,-83.264
4.475,0,0,125,-83.2624
4.5,0,0,125,-83.2608
4.525,0,0,125,-83.2591
4.55,0,0,125,-83.2572
4.575,0,0,125,-83.2553
4.6,0,0,125,-83.2532
4.625,0,0,125,-83.2511
4.65,0,0,125,-83.2489
4.675,0,0,125,-83.2466
4.7,0,0,125,-83.2443
4.725,0,0,125,-83.242
4.75,0,0,125,-83.2396
4.775,0,0,125,-83.2373
4.8,0,0,125,-83.2349
4.825,0,0,125,-83.2326
4.85,0,0,125,-83.2304
4.875,0,0,125,-83.2283
4.9,0,0,125,-83.2264
4.925,0,0,125,-83.2248
4.95,0,0,125,-83.2235
4.975,0,0,125,-83.2226
5,0,0,125,-83.2221
