0,0,0,125,15.5647
0.025,0,0,125,15.5677
0.05,0,0,125,15.5735
0.075,0,0,125,15.5819
0.1,0,0,125,15.5924
0.125,0,0,125,15.6045
0.15,0,0,125,15.6176
0.175,0,0,125,15.6314
0.2,0,0,125,15.6457
0.225,0,0,125,15.6602
0.25,0,0,125,15.675
0.275,0,0,125,15.6899
0.3,0,0,125,15.7049
0.325,0,0,125,15.7199
0.35,0,0,125,15.7349
0.375,0,0,125,15.7498
0.4,0,0,125,15.7647
0.425,0,0,125,15.7794
0.45,0,0,125,15.7941
0.475,0,0,125,15.8086
0.5,0,0,125,15.8229
0.525,0,0,125,15.8371
0.55,0,0,125,15.8511
0.575,0,0,125,15.8649
0.6,0,0,125,15.8785
0.625,0,0,125,15.892
0.65,0,0,125,15.9052
0.675,0,0,125,15.9183
0.7,0,0,125,15.9312
0.725,0,0,125,15.9438
0.75,0,0,125,15.9563
0.775,0,0,125,15.9686
0.8,0,0,125,15.9807
0.825,0,0,125,15.9926
0.85,0,0,125,16.0043
0.875,0,0,125,16.0159
0.9,0,0,125,16.0272
0.925,0,0,125,16.0384
0.95,0,0,125,16.0494
0.975,0,0,125,16.0602
1,0,0,125,16.0709
1.025,0,0,125,16.0814
1.05,0,0,125,16.0917
1.075,0,0,125,16.1018
1.1,0,0,125,16.1118
1.125,0,0,125,16.1216
1.15,0,0,125,16.1312
1.175,0,0,125,16.1406
1.2,0,0,125,16.1499
1.225,0,0,125,16.1591
1.25,0,0,125,16.168
1.275,0,0,125,16.1768
1.3,0,0,125,16.1855
1.325,0,0,125,16.1939
1.35,0,0,125,16.2023
1.375,0,0,125,16.2104
1.4,0,0,125,16.2184
1.425,0,0,125,16.2262
1.45,0,0,125,16.2338
1.475,0,0,125,16.2412
1.5,0,0,125,16.2485
1.525,0,0,125,16.2556
1.55,0,0,125,16.2626
1.575,0,0,125,16.2693
1.6,0,0,125,16.2759
1.625,0,0,125,16.2823
1.65,0,0,125,16.2885
1.675,0,0,125,16.2945
1.7,0,0,125,16.3004
1.725,0,0,125,16.306
1.75,0,0,125,16.3115
1.775,0,0,125,16.3167
1.8,0,0,125,16.3218
1.825,0,0,125,16.3266
1.85,0,0,125,16.3313
1.875,0,0,125,16.3357
1.9,0,0,125,16.34
1.925,0,0,125,16.344
1.95,0,0,125,16.3478
1.975,0,0,125,16.3514
2,0,0,125,16.3548
2.025,0,0,125,16.3579
2.05,0,0,125,16.3609
2.075,0,0,125,16.3636
2.1,0,0,125,16.366
2.125,0,0,125,16.3683
2.15,0,0,125,16.3702
2.175,0,0,125,16.372
2.2,0,0,125,16.3735
2.225,0,0,125,16.3748
2.25,0,0,125,16.3758
2.275,0,0,125,16.3765
2.3,0,0,125,16.3771
2.325,0,0,125,16.3773
2.35,0,0,125,16.3773
2.375,0,0,125,16.3771
2.4,0,0,125,16.3765
2.425,0,0,125,16.3757
2.45,0,0,125,16.3747
2.475,0,0,125,16.3733
2.5,0,0,125,16.3717
2.525,0,0,125,16.3699
2.55,0,0,125,16.3677
2.575,0,0,125,16.3653
2.6,0,0,125,16.3626
2.625,0,0,125,16.3596
2.65,0,0,125,16.3563
2.675,0,0,125,16.3527
2.7,0,0,125,16.3489
2.725,0,0,125,16.3448
2.75,0,0,125,16.3403
2.775,0,0,125,16.3356
2.8,0,0,125,16.3306
2.825,0,0,125,16.3253
2.85,0,0,125,16.3198
2.875,0,0,125,16.3139
2.9,0,0,125,16.3077
2.925,0,0,125,16.3013
2.95,0,0,125,16.2945
2.975,0,0,125,16.2875
3,0,0,125,16.2802
3.025,0,0,125,16.2726
3.05,0,0,125,16.2647
3.075,0,0,125,16.2565
3.1,0,0,125,16.2481
3.125,0,0,125,16.2394
3.15,0,0,125,16.2304
3.175,0,0,125,16.2211
3.2,0,0,125,16.2116
3.225,0,0,125,16.2018
3.25,0,0,125,16.1917
3.275,0,0,125,16.1814
3.3,0,0,125,16.1708
3.325,0,0,125,16.16
3.35,0,0,125,16.149
3.375,0,0,125,16.1377
3.4,0,0,125,16.1262
3.425,0,0,125,16.1145
3.45,0,0,125,16.1026
3.475,0,0,125,16.0905
3.5,0,0,125,16.0782
3.525,0,0,125,16.0657
3.55,0,0,125,16.053
3.575,0,0,125,16.0402
3.6,0,0,125,16.0273
3.625,0,0,125,16.0142
3.65,0,0,125,16.001
3.675,0,0,125,15.9876
3.7,0,0,125,15.9742
3.725,0,0,125,15.9607
3.75,0,0,125,15.9471
3.775,0,0,125,15.9335
3.8,0,0,125,15.9199
3.825,0,0,125,15.9062
3.85,0,0,125,15.8926
3.875,0,0,125,15.8789
3.9,0,0,125,15.8653
3.925,0,0,125,15.8518
3.95,0,0,125,15.8383
3.975,0,0,125,15.8249
4,0,0,125,15.8116
4.025,0,0,125,15.7985
4.05,0,0,125,15.7855
4.075,0,0,125,15.7727
4.1,0,0,125,15.76
4.125,0,0,125,15.7476
4.15,0,0,125,15.7355
4.175,0,0,125,15.7235
4.2,0,0,125,15.7119
4.225,0,0,125,15.7005
4.25,0,0,125,15.6894
4.275,0,0,125,15.6787
4.3,0,0,125,15.6683
4.325,0,0,125,15.6582
4.35,0,0,125,15.6485
4.375,0,0,125,15.6392
4.4,0,0,125,15.6303
4.425,0,0,125,15.6218
4.45,0,0,125,15.6136
4.475,0,0,125,15.6059
4.5,0,0,125,15.5986
4.525,0,0,125,15.5917
4.55,0,0,125,15.5852
4.575,0,0,125,15.5791
4.6,0,0,125,15.5734
4.625,0,0,125,15.568
4.65,0,0,125,15.5631
4.675,0,0,125,15.5585
4.7,0,0,125,15.5543
4.725,0,0,125,15.5505
4.75,0,0,125,15.547
4.775,0,0,125,15.5438
4.8,0,0,125,15.5409
4.825,0,0,125,15.5384
4.85,0,0,125,15.5363
4.875,0,0,125,15.5344
4.9,0,0,125,15.5329
4.925,0,0,125,15.5318
4.95,0,0,125,15.5309
4.975,0,0,125,15.5304
5,0,0,125,15.5301
