0,0,0,125,-84.1519
0.025,0,0,125,-84.1521
0.05,0,0,125,-84.1523
0.075,0,0,125,-84.1527
0.1,0,0,125,-84.1531
0.125,0,0,125,-84.1536
0.15,0,0,125,-84.1542
0.175,0,0,125,-84.1548
0.2,0,0,125,-84.1554
0.225,0,0,125,-84.156
0.25,0,0,125,-84.1566
0.275,0,0,125,-84.1572
0.3,0,0,125,-84.1579
0.325,0,0,125,-84.1585
0.35,0,0,125,-84.1592
0.375,0,0,125,-84.1598
0.4,0,0,125,-84.1604
0.425,0,0,125,-84.161
0.45,0,0,125,-84.1616
0.475,0,0,125,-84.1622
0.5,0,0,125,-84.1628
0.525,0,0,125,-84.1633
0.55,0,0,125,-84.1638
0.575,0,0,125,-84.1644
0.6,0,0,125,-84.1649
0.625,0,0,125,-84.1654
0.65,0,0,125,-84.1659
0.675,0,0,125,-84.1663
0.7,0,0,125,-84.1668
0.725,0,0,125,-84.1673
0.75,0,0,125,-84.1678
0.775,0,0,125,-84.1683
0.8,0,0,125,-84.1688
0.825,0,0,125,-84.1693
0.85,0,0,125,-84.1698
0.875,0,0,125,-84.1703
0.9,0,0,125,-84.1709
0.925,0,0,125,-84.1714
0.95,0,0,125,-84.172
0.975,0,0,125,-84.1725
1,0,0,125,-84.1731
1.025,0,0,125,-84.1737
1.05,0,0,125,-84.1743
1.075,0,0,125,-84.1749
1.1,0,0,125,-84.1755
1.125,0,0,125,-84.1762
1.15,0,0,125,-84.1768
1.175,0,0,125,-84.1775
1.2,0,0,125,-84.1781
1.225,0,0,125,-84.1788
1.25,0,0,125,-84.1795
1.275,0,0,125,-84.1801
1.3,0,0,125,-84.1808
1.325,0,0,125,-84.1815
1.35,0,0,125,-84.1823
1.375,0,0,125,-84.183
1.4,0,0,125,-84.1837
1.425,0,0,125,-84.1845
1.45,0,0,125,-84.1852
1.475,0,0,125,-84.186
1.5,0,0,125,-84.1867
1.525,0,0,125,-84.1875
1.55,0,0,125,-84.1883
1.575,0,0,125,-84.1891
1.6,0,0,125,-84.1899
1.625,0,0,125,-84.1908
1.65,0,0,125,-84.1916
1.675,0,0,125,-84.1924
1.7,0,0,125,-84.1933
1.725,0,0,125,-84.1941
1.75,0,0,125,-84.195
1.775,0,0,125,-84.1959
1.8,0,0,125,-84.1969
1.825,0,0,125,-84.1979
1.85,0,0,125,-84.1989
1.875,0,0,125,-84.2
1.9,0,0,125,-84.2011
1.925,0,0,125,-84.2023
1.95,0,0,125,-84.2034
1.975,0,0,125,-84.2047
2,0,0,125,-84.2059
2.025,0,0,125,-84.2072
2.05,0,0,125,-84.2085
2.075,0,0,125,-84.2099
2.1,0,0,125,-84.2112
2.125,0,0,125,-84.2127
2.15,0,0,125,-84.2141
2.175,0,0,125,-84.2156
2.2,0,0,125,-84.2171
2.225,0,0,125,-84.2186
2.25,0,0,125,-84.2201
2.275,0,0,125,-84.2217
2.3,0,0,125,-84.2232
2.325,0,0,125,-84.2248
2.35,0,0,125,-84.2264
2.375,0,0,125,-84.2281
2.4,0,0,125,-84.2298
2.425,0,0,125,-84.2316
2.45,0,0,125,-84.2334
2.475,0,0,125,-84.2352
2.5,0,0,125,-84.237
2.525,0,0,125,-84.239
2.55,0,0,125,-84.2409
2.575,0,0,125,-84.2429
2.6,0,0,125,-84.2449
2.625,0,0,125,-84.2469
2.65,0,0,125,-84.249
2.675,0,0,125,-84.2511
2.7,0,0,125,-84.2532
2.725,0,0,125,-84.2554
2.75,0,0,125,-84.2575
2.775,0,0,125,-84.2596
2.8,0,0,125,-84.2618
2.825,0,0,125,-84.2639
2.85,0,0,125,-84.2661
2.875,0,0,125,-84.2683
2.9,0,0,125,-84.2705
2.925,0,0,125,-84.2727
2.95,0,0,125,-84.2749
2.975,0,0,125,-84.2771
3,0,0,125,-84.2793
3.025,0,0,125,-84.2816
3.05,0,0,125,-84.2838
3.075,0,0,125,-84.2861
3.1,0,0,125,-84.2883
3.125,0,0,125,-84.2906
3.15,0,0,125,-84.2929
3.175,0,0,125,-84.2951
3.2,0,0,125,-84.2974
3.225,0,0,125,-84.2996
3.25,0,0,125,-84.3018
3.275,0,0,125,-84.304
3.3,0,0,125,-84.3061
3.325,0,0,125,-84.3083
3.35,0,0,125,-84.3104
3.375,0,0,125,-84.3125
3.4,0,0,125,-84.3145
3.425,0,0,125,-84.3166
3.45,0,0,125,-84.3185
3.475,0,0,125,-84.3205
3.5,0,0,125,-84.3224
3.525,0,0,125,-84.3243
3.55,0,0,125,-84.3261
3.575,0,0,125,-84.3279
3.6,0,0,125,-84.3297
3.625,0,0,125,-84.3314
3.65,0,0,125,-84.3331
3.675,0,0,125,-84.3348
3.7,0,0,125,-84.3364
3.725,0,0,125,-84.338
3.75,0,0,125,-84.3395
3.775,0,0,125,-84.341
3.8,0,0,125,-84.3425
3.825,0,0,125,-84.3439
3.85,0,0,125,-84.3452
3.875,0,0,125,-84.3465
3.9,0,0,125,-84.3478
3.925,0,0,125,-84.349
3.95,0,0,125,-84.3502
3.975,0,0,125,-84.3513
4,0,0,125,-84.3524
4.025,0,0,125,-84.3535
4.05,0,0,125,-84.3545
4.075,0,0,125,-84.3555
4.1,0,0,125,-84.3564
4.125,0,0,125,-84.3574
4.15,0,0,125,-84.3582
4.175,0,0,125,-84.3591
4.2,0,0,125,-84.3599
4.225,0,0,125,-84.3606
4.25,0,0,125,-84.3613
4.275,0,0,125,-84.362
4.3,0,0,125,-84.3627
4.325,0,0,125,-84.3633
4.35,0,0,125,-84.3639
4.375,0,0,125,-84.3644
4.4,0,0,125,-84.3649
4.425,0,0,125,-84.3653
4.45,0,0,125,-84.3658
4.475,0,0,125,-84.3661
4.5,0,0,125,-84.3665
4.525,0,0,125,-84.3668
4.55,0,0,125,-84.3671
4.575,0,0,125,-84.3673
4.6,0,0,125,-84.3675
4.625,0,0,125,-84.3678
4.65,0,0,125,-84.368
4.675,0,0,125,-84.3682
4.7,0,0,125,-84.3684
4.725,0,0,125,-84.3685
4.75,0,0,125,-84.3687
4.775,0,0,125,-84.3688
4.8,0,0,125,-84.3689
4.825,0,0,125,-84.369
4.85,0,0,125,-84.3691
4.875,0,0,125,-84.3692
4.9,0,0,125,-84.3692
4.925,0,0,125,-84.3693
4.95,0,0,125,-84.3693
4.975,0,0,125,-84.3693
5,0,0,125,-84.3693
