0,0,0,125,6.51943
0.025,0,0,125,6.52341
0.05,0,0,125,6.53122
0.075,0,0,125,6.54249
0.1,0,0,125,6.55669
0.125,0,0,125,6.57319
0.15,0,0,125,6.59139
0.175,0,0,125,6.61077
0.2,0,0,125,6.631
0.225,0,0,125,6.65186
0.25,0,0,125,6.67314
0.275,0,0,125,6.69469
0.3,0,0,125,6.71637
0.325,0,0,125,6.73802
0.35,0,0,125,6.75954
0.375,0,0,125,6.78079
0.4,0,0,125,6.80166
0.425,0,0,125,6.82207
0.45,0,0,125,6.84189
0.475,0,0,125,6.86105
0.5,0,0,125,6.87945
0.525,0,0,125,6.897
0.55,0,0,125,6.91363
0.575,0,0,125,6.92925
0.6,0,0,125,6.94379
0.625,0,0,125,6.95718
0.65,0,0,125,6.96934
0.675,0,0,125,6.9802
0.7,0,0,125,6.98968
0.725,0,0,125,6.99772
0.75,0,0,125,7.00425
0.775,0,0,125,7.00919
0.8,0,0,125,7.01247
0.825,0,0,125,7.01403
0.85,0,0,125,7.01378
0.875,0,0,125,7.01165
0.9,0,0,125,7.00757
0.925,0,0,125,7.00147
0.95,0,0,125,6.99326
0.975,0,0,125,6.98286
1,0,0,125,6.9702
1.025,0,0,125,6.9552
1.05,0,0,125,6.93776
1.075,0,0,125,6.9178
1.1,0,0,125,6.89523
1.125,0,0,125,6.86997
1.15,0,0,125,6.84191
1.175,0,0,125,6.81098
1.2,0,0,125,6.77706
1.225,0,0,125,6.74007
1.25,0,0,125,6.69991
1.275,0,0,125,6.65647
1.3,0,0,125,6.60966
1.325,0,0,125,6.55937
1.35,0,0,125,6.50549
1.375,0,0,125,6.44793
1.4,0,0,125,6.38658
1.425,0,0,125,6.32133
1.45,0,0,125,6.25208
1.475,0,0,125,6.17873
1.5,0,0,125,6.10117
1.525,0,0,125,6.01929
1.55,0,0,125,5.933
1.575,0,0,125,5.8422
1.6,0,0,125,5.74677
1.625,0,0,125,5.64664
1.65,0,0,125,5.54169
1.675,0,0,125,5.43183
1.7,0,0,125,5.31697
1.725,0,0,125,5.19702
1.75,0,0,125,5.07189
1.775,0,0,125,4.94149
1.8,0,0,125,4.80573
1.825,0,0,125,4.66452
1.85,0,0,125,4.51778
1.875,0,0,125,4.36542
1.9,0,0,125,4.20736
1.925,0,0,125,4.04351
1.95,0,0,125,3.87378
1.975,0,0,125,3.69808
2,0,0,125,3.51633
2.025,0,0,125,3.32843
2.05,0,0,125,3.13429
2.075,0,0,125,2.9338
2.1,0,0,125,2.72687
2.125,0,0,125,2.51339
2.15,0,0,125,2.29326
2.175,0,0,125,2.06636
2.2,0,0,125,1.83257
2.225,0,0,125,1.59177
2.25,0,0,125,1.34385
2.275,0,0,125,1.08866
2.3,0,0,125,0.826077
2.325,0,0,125,0.555962
2.35,0,0,125,0.278172
2.375,0,0,125,-0.00743675
2.4,0,0,125,-0.301014
2.425,0,0,125,-0.60271
2.45,0,0,125,-0.912677
2.475,0,0,125,-1.23107
2.5,0,0,125,-1.55804
2.525,0,0,125,-1.89375
2.55,0,0,125,-2.23834
2.575,0,0,125,-2.59198
2.6,0,0,125,-2.95479
2.625,0,0,125,-3.32694
2.65,0,0,125,-3.70855
2.675,0,0,125,-4.09975
2.7,0,0,125,-4.50066
2.725,0,0,125,-4.91139
2.75,0,0,125,-5.33203
2.775,0,0,125,-5.76266
2.8,0,0,125,-6.20334
2.825,0,0,125,-6.65412
2.85,0,0,125,-7.11503
2.875,0,0,125,-7.58605
2.9,0,0,125,-8.06717
2.925,0,0,125,-8.55834
2.95,0,0,125,-9.05947
2.975,0,0,125,-9.57046
3,0,0,125,-10.0912
3.025,0,0,125,-10.6214
3.05,0,0,125,-11.1609
3.075,0,0,125,-11.7095
3.1,0,0,125,-12.2669
3.125,0,0,125,-12.8328
3.15,0,0,125,-13.4067
3.175,0,0,125,-13.9883
3.2,0,0,125,-14.5772
3.225,0,0,125,-15.1728
3.25,0,0,125,-15.7747
3.275,0,0,125,-16.3822
3.3,0,0,125,-16.9948
3.325,0,0,125,-17.6119
3.35,0,0,125,-18.2328
3.375,0,0,125,-18.8569
3.4,0,0,125,-19.4834
3.425,0,0,125,-20.1117
3.45,0,0,125,-20.741
3.475,0,0,125,-21.3706
3.5,0,0,125,-21.9997
3.525,0,0,125,-22.6275
3.55,0,0,125,-23.2534
3.575,0,0,125,-23.8765
3.6,0,0,125,-24.4962
3.625,0,0,125,-25.1117
3.65,0,0,125,-25.7222
3.675,0,0,125,-26.3271
3.7,0,0,125,-26.9257
3.725,0,0,125,-27.5173
3.75,0,0,125,-28.1013
3.775,0,0,125,-28.677
3.8,0,0,125,-29.2439
3.825,0,0,125,-29.8013
3.85,0,0,125,-30.3487
3.875,0,0,125,-30.8856
3.9,0,0,125,-31.4114
3.925,0,0,125,-31.9256
3.95,0,0,125,-32.4278
3.975,0,0,125,-32.9176
4,0,0,125,-33.3945
4.025,0,0,125,-33.8582
4.05,0,0,125,-34.3082
4.075,0,0,125,-34.7443
4.1,0,0,125,-35.1663
4.125,0,0,125,-35.5737
4.15,0,0,125,-35.9664
4.175,0,0,125,-36.3443
4.2,0,0,125,-36.7071
4.225,0,0,125,-37.0548
4.25,0,0,125,-37.3873
4.275,0,0,125,-37.7046
4.3,0,0,125,-38.0066
4.325,0,0,125,-38.2935
4.35,0,0,125,-38.5653
4.375,0,0,125,-38.8222
4.4,0,0,125,-39.0643
4.425,0,0,125,-39.2919
4.45,0,0,125,-39.5052
4.475,0,0,125,-39.7046
4.5,0,0,125,-39.8903
4.525,0,0,125,-40.0628
4.55,0,0,125,-40.2224
4.575,0,0,125,-40.3695
4.6,0,0,125,-40.5047
4.625,0,0,125,-40.6285
4.65,0,0,125,-40.7412
4.675,0,0,125,-40.8434
4.7,0,0,125,-40.9357
4.725,0,0,125,-41.0185
4.75,0,0,125,-41.0924
4.775,0,0,125,-41.1579
4.8,0,0,125,-41.2154
4.825,0,0,125,-41.2654
4.85,0,0,125,-41.3083
4.875,0,0,125,-41.3445
4.9,0,0,125,-41.3741
4.925,0,0,125,-41.3976
4.95,0,0,125,-41.415
4.975,0,0,125,-41.4265
5,0,0,125,-41.4323
