0,0,0,125,-82.6323
0.025,0,0,125,-82.6326
0.05,0,0,125,-82.6332
0.075,0,0,125,-82.6341
0.1,0,0,125,-82.6351
0.125,0,0,125,-82.6363
0.15,0,0,125,-82.6375
0.175,0,0,125,-82.6387
0.2,0,0,125,-82.6399
0.225,0,0,125,-82.641
0.25,0,0,125,-82.6421
0.275,0,0,125,-82.643
0.3,0,0,125,-82.6439
0.325,0,0,125,-82.6446
0.35,0,0,125,-82.6453
0.375,0,0,125,-82.6458
0.4,0,0,125,-82.6463
0.425,0,0,125,-82.6466
0.45,0,0,125,-82.6468
0.475,0,0,125,-82.6469
0.5,0,0,125,-82.647
0.525,0,0,125,-82.6469
0.55,0,0,125,-82.6467
0.575,0,0,125,-82.6465
0.6,0,0,125,-82.6462
0.625,0,0,125,-82.6458
0.65,0,0,125,-82.6453
0.675,0,0,125,-82.6447
0.7,0,0,125,-82.644
0.725,0,0,125,-82.6432
0.75,0,0,125,-82.6424
0.775,0,0,125,-82.6415
0.8,0,0,125,-82.6405
0.825,0,0,125,-82.6394
0.85,0,0,125,-82.6383
0.875,0,0,125,-82.6371
0.9,0,0,125,-82.6358
0.925,0,0,125,-82.6345
0.95,0,0,125,-82.6331
0.975,0,0,125,-82.6316
1,0,0,125,-82.6301
1.025,0,0,125,-82.6285
1.05,0,0,125,-82.6268
1.075,0,0,125,-82.6251
1.1,0,0,125,-82.6234
1.125,0,0,125,-82.6215
1.15,0,0,125,-82.6196
1.175,0,0,125,-82.6177
1.2,0,0,125,-82.6157
1.225,0,0,125,-82.6136
1.25,0,0,125,-82.6115
1.275,0,0,125,-82.6093
1.3,0,0,125,-82.607
1.325,0,0,125,-82.6048
1.35,0,0,125,-82.6024
1.375,0,0,125,-82.6
1.4,0,0,125,-82.5975
1.425,0,0,125,-82.595
1.45,0,0,125,-82.5925
1.475,0,0,125,-82.5898
1.5,0,0,125,-82.5872
1.525,0,0,125,-82.5844
1.55,0,0,125,-82.5816
1.575,0,0,125,-82.5788
1.6,0,0,125,-82.5759
1.625,0,0,125,-82.573
1.65,0,0,125,-82.57
1.675,0,0,125,-82.5669
1.7,0,0,125,-82.5638
1.725,0,0,125,-82.5606
1.75,0,0,125,-82.5574
1.775,0,0,125,-82.5541
1.8,0,0,125,-82.5508
1.825,0,0,125,-82.5474
1.85,0,0,125,-82.5439
1.875,0,0,125,-82.5404
1.9,0,0,125,-82.5368
1.925,0,0,125,-82.5332
1.95,0,0,125,-82.5295
1.975,0,0,125,-82.5258
2,0,0,125,-82.5219
2.025,0,0,125,-82.5181
2.05,0,0,125,-82.5141
2.075,0,0,125,-82.5101
2.1,0,0,125,-82.5061
2.125,0,0,125,-82.5019
2.15,0,0,125,-82.4977
2.175,0,0,125,-82.4935
2.2,0,0,125,-82.4892
2.225,0,0,125,-82.4848
2.25,0,0,125,-82.4803
2.275,0,0,125,-82.4758
2.3,0,0,125,-82.4712
2.325,0,0,125,-82.4665
2.35,0,0,125,-82.4618
2.375,0,0,125,-82.457
2.4,0,0,125,-82.4521
2.425,0,0,125,-82.4471
2.45,0,0,125,-82.4421
2.475,0,0,125,-82.437
2.5,0,0,125,-82.4318
2.525,0,0,125,-82.4265
2.55,0,0,125,-82.4212
2.575,0,0,125,-82.4158
2.6,0,0,125,-82.4103
2.625,0,0,125,-82.4047
2.65,0,0,125,-82.399
2.675,0,0,125,-82.3933
2.7,0,0,125,-82.3874
2.725,0,0,125,-82.3815
2.75,0,0,125,-82.3755
2.775,0,0,125,-82.3695
2.8,0,0,125,-82.3633
2.825,0,0,125,-82.357
2.85,0,0,125,-82.3507
2.875,0,0,125,-82.3443
2.9,0,0,125,-82.3378
2.925,0,0,125,-82.3312
2.95,0,0,125,-82.3245
2.975,0,0,125,-82.3177
3,0,0,125,-82.3109
3.025,0,0,125,-82.3039
3.05,0,0,125,-82.2969
3.075,0,0,125,-82.2898
3.1,0,0,125,-82.2826
3.125,0,0,125,-82.2753
3.15,0,0,125,-82.2679
3.175,0,0,125,-82.2604
3.2,0,0,125,-82.2529
3.225,0,0,125,-82.2453
3.25,0,0,125,-82.2375
3.275,0,0,125,-82.2297
3.3,0,0,125,-82.2218
3.325,0,0,125,-82.2139
3.35,0,0,125,-82.2058
3.375,0,0,125,-82.1977
3.4,0,0,125,-82.1894
3.425,0,0,125,-82.1811
3.45,0,0,125,-82.1727
3.475,0,0,125,-82.1643
3.5,0,0,125,-82.1558
3.525,0,0,125,-82.1472
3.55,0,0,125,-82.1385
3.575,0,0,125,-82.1298
3.6,0,0,125,-82.121
3.625,0,0,125,-82.1122
3.65,0,0,125,-82.1033
3.675,0,0,125,-82.0944
3.7,0,0,125,-82.0854
3.725,0,0,125,-82.0764
3.75,0,0,125,-82.0673
3.775,0,0,125,-82.0582
3.8,0,0,125,-82.0491
3.825,0,0,125,-82.0399
3.85,0,0,125,-82.0308
3.875,0,0,125,-82.0216
3.9,0,0,125,-82.0124
3.925,0,0,125,-82.0032
3.95,0,0,125,-81.9941
3.975,0,0,125,-81.9849
4,0,0,125,-81.9758
4.025,0,0,125,-81.9667
4.05,0,0,125,-81.9576
4.075,0,0,125,-81.9486
4.1,0,0,125,-81.9397
4.125,0,0,125,-81.9308
4.15,0,0,125,-81.922
4.175,0,0,125,-81.9132
4.2,0,0,125,-81.9046
4.225,0,0,125,-81.896
4.25,0,0,125,-81.8876
4.275,0,0,125,-81.8792
4.3,0,0,125,-81.871
4.325,0,0,125,-81.863
4.35,0,0,125,-81.8551
4.375,0,0,125,-81.8473
4.4,0,0,125,-81.8398
4.425,0,0,125,-81.8324
4.45,0,0,125,-81.8252
4.475,0,0,125,-81.8182
4.5,0,0,125,-81.8114
4.525,0,0,125,-81.8049
4.55,0,0,125,-81.7986
4.575,0,0,125,-81.7925
4.6,0,0,125,-81.7867
4.625,0,0,125,-81.7812
4.65,0,0,125,-81.7759
4.675,0,0,125,-81.7709
4.7,0,0,125,-81.7663
4.725,0,0,125,-81.7619
4.75,0,0,125,-81.7579
4.775,0,0,125,-81.7542
4.8,0,0,125,-81.7508
4.825,0,0,125,-81.7478
4.85,0,0,125,-81.7451
4.875,0,0,125,-81.7428
4.9,0,0,125,-81.7408
4.925,0,0,125,-81.7393
4.95,0,0,125,-81.7381
4.975,0,0,125,-81.7373
5,0,0,125,-81.7369
