0,0,0,125,6.04545
0.025,0,0,125,6.03672
0.05,0,0,125,6.01904
0.075,0,0,125,5.9918
0.1,0,0,125,5.95408
0.125,0,0,125,5.90481
0.15,0,0,125,5.84318
0.175,0,0,125,5.76912
0.2,0,0,125,5.68323
0.225,0,0,125,5.58647
0.25,0,0,125,5.47998
0.275,0,0,125,5.36491
0.3,0,0,125,5.24241
0.325,0,0,125,5.11356
0.35,0,0,125,4.97943
0.375,0,0,125,4.84101
0.4,0,0,125,4.69924
0.425,0,0,125,4.55504
0.45,0,0,125,4.40925
0.475,0,0,125,4.26267
0.5,0,0,125,4.11604
0.525,0,0,125,3.97005
0.55,0,0,125,3.82536
0.575,0,0,125,3.68254
0.6,0,0,125,3.54214
0.625,0,0,125,3.40466
0.65,0,0,125,3.27055
0.675,0,0,125,3.1402
0.7,0,0,125,3.01398
0.725,0,0,125,2.89219
0.75,0,0,125,2.77512
0.775,0,0,125,2.66299
0.8,0,0,125,2.55602
0.825,0,0,125,2.45437
0.85,0,0,125,2.35818
0.875,0,0,125,2.26755
0.9,0,0,125,2.18256
0.925,0,0,125,2.10327
0.95,0,0,125,2.02972
0.975,0,0,125,1.96191
1,0,0,125,1.89986
1.025,0,0,125,1.84353
1.05,0,0,125,1.7929
1.075,0,0,125,1.74793
1.1,0,0,125,1.70858
1.125,0,0,125,1.67478
1.15,0,0,125,1.64648
1.175,0,0,125,1.62362
1.2,0,0,125,1.60613
1.225,0,0,125,1.59396
1.25,0,0,125,1.58704
1.275,0,0,125,1.58532
1.3,0,0,125,1.58875
1.325,0,0,125,1.59728
1.35,0,0,125,1.61088
1.375,0,0,125,1.62953
1.4,0,0,125,1.65319
1.425,0,0,125,1.68187
1.45,0,0,125,1.71556
1.475,0,0,125,1.75429
1.5,0,0,125,1.79807
1.525,0,0,125,1.84694
1.55,0,0,125,1.90095
1.575,0,0,125,1.96018
1.6,0,0,125,2.02469
1.625,0,0,125,2.09457
1.65,0,0,125,2.16994
1.675,0,0,125,2.25089
1.7,0,0,125,2.33757
1.725,0,0,125,2.43012
1.75,0,0,125,2.52868
1.775,0,0,125,2.63342
1.8,0,0,125,2.74451
1.825,0,0,125,2.86215
1.85,0,0,125,2.98652
1.875,0,0,125,3.11783
1.9,0,0,125,3.25629
1.925,0,0,125,3.40213
1.95,0,0,125,3.55557
1.975,0,0,125,3.71684
2,0,0,125,3.88619
2.025,0,0,125,4.06385
2.05,0,0,125,4.25007
2.075,0,0,125,4.44511
2.1,0,0,125,4.64921
2.125,0,0,125,4.86263
2.15,0,0,125,5.08561
2.175,0,0,125,5.3184
2.2,0,0,125,5.56125
2.225,0,0,125,5.81439
2.25,0,0,125,6.07802
2.275,0,0,125,6.35236
2.3,0,0,125,6.63756
2.325,0,0,125,6.93376
2.35,0,0,125,7.24102
2.375,0,0,125,7.55931
2.4,0,0,125,7.88852
2.425,0,0,125,8.22835
2.45,0,0,125,8.57829
2.475,0,0,125,8.9375
2.5,0,0,125,9.30471
2.525,0,0,125,9.67807
2.55,0,0,125,10.0549
2.575,0,0,125,10.4312
2.6,0,0,125,10.8016
2.625,0,0,125,11.1582
2.65,0,0,125,11.49
2.675,0,0,125,11.7815
2.7,0,0,125,12.0109
2.725,0,0,125,12.1472
2.75,0,0,125,12.1466
2.775,0,0,125,11.9461
2.8,0,0,125,11.4548
2.825,0,0,125,10.5397
2.85,0,0,125,9.00192
2.875,0,0,125,6.53937
2.9,0,0,125,2.68281
2.925,0,0,125,-3.30239
2.95,0,0,125,-12.5156
2.975,0,0,125,-26.1061
3,0,0,125,-42.0005
3.025,0,0,125,-54.7127
3.05,0,0,125,-63.6406
3.075,0,0,125,-69.7666
3.1,0,0,125,-73.9429
3.125,0,0,125,-76.7798
3.15,0,0,125,-78.7018
3.175,0,0,125,-80.0008
3.2,0,0,125,-80.8768
3.225,0,0,125,-81.4659
3.25,0,0,125,-81.861
3.275,0,0,125,-82.1247
3.3,0,0,125,-82.2996
3.325,0,0,125,-82.4146
3.35,0,0,125,-82.4891
3.375,0,0,125,-82.5363
3.4,0,0,125,-82.565
3.425,0,0,125,-82.5813
3.45,0,0,125,-82.5892
3.475,0,0,125,-82.5914
3.5,0,0,125,-82.5898
3.525,0,0,125,-82.5855
3.55,0,0,125,-82.5795
3.575,0,0,125,-82.5722
3.6,0,0,125,-82.5641
3.625,0,0,125,-82.5554
3.65,0,0,125,-82.5463
3.675,0,0,125,-82.5369
3.7,0,0,125,-82.5273
3.725,0,0,125,-82.5175
3.75,0,0,125,-82.5075
3.775,0,0,125,-82.4974
3.8,0,0,125,-82.4872
3.825,0,0,125,-82.477
3.85,0,0,125,-82.4666
3.875,0,0,125,-82.4562
3.9,0,0,125,-82.4457
3.925,0,0,125,-82.4352
3.95,0,0,125,-82.4246
3.975,0,0,125,-82.4139
4,0,0,125,-82.4033
4.025,0,0,125,-82.3926
4.05,0,0,125,-82.3818
4.075,0,0,125,-82.3711
4.1,0,0,125,-82.3604
4.125,0,0,125,-82.3497
4.15,0,0,125,-82.339
4.175,0,0,125,-82.3284
4.2,0,0,125,-82.3178
4.225,0,0,125,-82.3073
4.25,0,0,125,-82.2968
4.275,0,0,125,-82.2864
4.3,0,0,125,-82.2762
4.325,0,0,125,-82.2661
4.35,0,0,125,-82.2561
4.375,0,0,125,-82.2462
4.4,0,0,125,-82.2366
4.425,0,0,125,-82.2271
4.45,0,0,125,-82.2178
4.475,0,0,125,-82.2087
4.5,0,0,125,-82.1999
4.525,0,0,125,-82.1913
4.55,0,0,125,-82.183
4.575,0,0,125,-82.175
4.6,0,0,125,-82.1673
4.625,0,0,125,-82.1599
4.65,0,0,125,-82.1528
4.675,0,0,125,-82.1461
4.7,0,0,125,-82.1397
4.725,0,0,125,-82.1338
4.75,0,0,125,-82.1282
4.775,0,0,125,-82.123
4.8,0,0,125,-82.1182
4.825,0,0,125,-82.1139
4.85,0,0,125,-82.11
4.875,0,0,125,-82.1067
4.9,0,0,125,-82.1038
4.925,0,0,125,-82.1014
4.95,0,0,125,-82.0996
4.975,0,0,125,-82.0984
5,0,0,125,-82.0978
