0,0,0,125,-84.299
0.025,0,0,125,-84.2991
0.05,0,0,125,-84.2993
0.075,0,0,125,-84.2995
0.1,0,0,125,-84.2998
0.125,0,0,125,-84.3001
0.15,0,0,125,-84.3005
0.175,0,0,125,-84.3009
0.2,0,0,125,-84.3012
0.225,0,0,125,-84.3016
0.25,0,0,125,-84.302
0.275,0,0,125,-84.3024
0.3,0,0,125,-84.3029
0.325,0,0,125,-84.3033
0.35,0,0,125,-84.3037
0.375,0,0,125,-84.3042
0.4,0,0,125,-84.3046
0.425,0,0,125,-84.305
0.45,0,0,125,-84.3054
0.475,0,0,125,-84.3058
0.5,0,0,125,-84.3062
0.525,0,0,125,-84.3066
0.55,0,0,125,-84.3069
0.575,0,0,125,-84.3073
0.6,0,0,125,-84.3076
0.625,0,0,125,-84.308
0.65,0,0,125,-84.3083
0.675,0,0,125,-84.3087
0.7,0,0,125,-84.309
0.725,0,0,125,-84.3093
0.75,0,0,125,-84.3097
0.775,0,0,125,-84.31
0.8,0,0,125,-84.3103
0.825,0,0,125,-84.3107
0.85,0,0,125,-84.311
0.875,0,0,125,-84.3114
0.9,0,0,125,-84.3117
0.925,0,0,125,-84.3121
0.95,0,0,125,-84.3125
0.975,0,0,125,-84.3129
1,0,0,125,-84.3133
1.025,0,0,125,-84.3137
1.05,0,0,125,-84.3141
1.075,0,0,125,-84.3146
1.1,0,0,125,-84.315
1.125,0,0,125,-84.3155
1.15,0,0,125,-84.3159
1.175,0,0,125,-84.3164
1.2,0,0,125,-84.3169
1.225,0,0,125,-84.3174
1.25,0,0,125,-84.3179
1.275,0,0,125,-84.3184
1.3,0,0,125,-84.3189
1.325,0,0,125,-84.3194
1.35,0,0,125,-84.3199
1.375,0,0,125,-84.3203
1.4,0,0,125,-84.3208
1.425,0,0,125,-84.3213
1.45,0,0,125,-84.3218
1.475,0,0,125,-84.3223
1.5,0,0,125,-84.3228
1.525,0,0,125,-84.3233
1.55,0,0,125,-84.3238
1.575,0,0,125,-84.3244
1.6,0,0,125,-84.325
1.625,0,0,125,-84.3256
1.65,0,0,125,-84.3262
1.675,0,0,125,-84.3268
1.7,0,0,125,-84.3274
1.725,0,0,125,-84.3281
1.75,0,0,125,-84.3288
1.775,0,0,125,-84.3294
1.8,0,0,125,-84.3301
1.825,0,0,125,-84.3308
1.85,0,0,125,-84.3316
1.875,0,0,125,-84.3323
1.9,0,0,125,-84.3331
1.925,0,0,125,-84.3339
1.95,0,0,125,-84.3346
1.975,0,0,125,-84.3354
2,0,0,125,-84.3363
2.025,0,0,125,-84.3371
2.05,0,0,125,-84.338
2.075,0,0,125,-84.3388
2.1,0,0,125,-84.3397
2.125,0,0,125,-84.3406
2.15,0,0,125,-84.3415
2.175,0,0,125,-84.3424
2.2,0,0,125,-84.3434
2.225,0,0,125,-84.3443
2.25,0,0,125,-84.3453
2.275,0,0,125,-84.3463
2.3,0,0,125,-84.3473
2.325,0,0,125,-84.3484
2.35,0,0,125,-84.3494
2.375,0,0,125,-84.3505
2.4,0,0,125,-84.3516
2.425,0,0,125,-84.3528
2.45,0,0,125,-84.354
2.475,0,0,125,-84.3552
2.5,0,0,125,-84.3564
2.525,0,0,125,-84.3576
2.55,0,0,125,-84.3589
2.575,0,0,125,-84.3602
2.6,0,0,125,-84.3615
2.625,0,0,125,-84.3628
2.65,0,0,125,-84.3641
2.675,0,0,125,-84.3654
2.7,0,0,125,-84.3667
2.725,0,0,125,-84.3681
2.75,0,0,125,-84.3694
2.775,0,0,125,-84.3708
2.8,0,0,125,-84.3722
2.825,0,0,125,-84.3736
2.85,0,0,125,-84.3749
2.875,0,0,125,-84.3763
2.9,0,0,125,-84.3778
2.925,0,0,125,-84.3792
2.95,0,0,125,-84.3806
2.975,0,0,125,-84.382
3,0,0,125,-84.3835
3.025,0,0,125,-84.3849
3.05,0,0,125,-84.3864
3.075,0,0,125,-84.3879
3.1,0,0,125,-84.3894
3.125,0,0,125,-84.3909
3.15,0,0,125,-84.3924
3.175,0,0,125,-84.3939
3.2,0,0,125,-84.3954
3.225,0,0,125,-84.3969
3.25,0,0,125,-84.3984
3.275,0,0,125,-84.3999
3.3,0,0,125,-84.4013
3.325,0,0,125,-84.4028
3.35,0,0,125,-84.4043
3.375,0,0,125,-84.4057
3.4,0,0,125,-84.4071
3.425,0,0,125,-84.4085
3.45,0,0,125,-84.4098
3.475,0,0,125,-84.4112
3.5,0,0,125,-84.4125
3.525,0,0,125,-84.4137
3.55,0,0,125,-84.415
3.575,0,0,125,-84.4162
3.6,0,0,125,-84.4174
3.625,0,0,125,-84.4186
3.65,0,0,125,-84.4197
3.675,0,0,125,-84.4208
3.7,0,0,125,-84.4219
3.725,0,0,125,-84.4229
3.75,0,0,125,-84.4239
3.775,0,0,125,-84.4249
3.8,0,0,125,-84.4258
3.825,0,0,125,-84.4267
3.85,0,0,125,-84.4276
3.875,0,0,125,-84.4284
3.9,0,0,125,-84.4292
3.925,0,0,125,-84.43
3.95,0,0,125,-84.4308
3.975,0,0,125,-84.4315
4,0,0,125,-84.4322
4.025,0,0,125,-84.4328
4.05,0,0,125,-84.4334
4.075,0,0,125,-84.434
4.1,0,0,125,-84.4346
4.125,0,0,125,-84.4351
4.15,0,0,125,-84.4356
4.175,0,0,125,-84.4361
4.2,0,0,125,-84.4365
4.225,0,0,125,-84.4369
4.25,0,0,125,-84.4373
4.275,0,0,125,-84.4377
4.3,0,0,125,-84.438
4.325,0,0,125,-84.4383
4.35,0,0,125,-84.4387
4.375,0,0,125,-84.4389
4.4,0,0,125,-84.4392
4.425,0,0,125,-84.4395
4.45,0,0,125,-84.4397
4.475,0,0,125,-84.44
4.5,0,0,125,-84.4402
4.525,0,0,125,-84.4404
4.55,0,0,125,-84.4406
4.575,0,0,125,-84.4408
4.6,0,0,125,-84.4409
4.625,0,0,125,-84.4411
4.65,0,0,125,-84.4413
4.675,0,0,125,-84.4414
4.7,0,0,125,-84.4415
4.725,0,0,125,-84.4417
4.75,0,0,125,-84.4418
4.775,0,0,125,-84.4419
4.8,0,0,125,-84.442
4.825,0,0,125,-84.442
4.85,0,0,125,-84.4421
4.875,0,0,125,-84.4422
4.9,0,0,125,-84.4422
4.925,0,0,125,-84.4423
4.95,0,0,125,-84.4423
4.975,0,0,125,-84.4423
5,0,0,125,-84.4423
