0,0,0,125,-84.467
0.025,0,0,125,-84.467
0.05,0,0,125,-84.4671
0.075,0,0,125,-84.4672
0.1,0,0,125,-84.4673
0.125,0,0,125,-84.4674
0.15,0,0,125,-84.4676
0.175,0,0,125,-84.4677
0.2,0,0,125,-84.4679
0.225,0,0,125,-84.468
0.25,0,0,125,-84.4682
0.275,0,0,125,-84.4684
0.3,0,0,125,-84.4686
0.325,0,0,125,-84.4688
0.35,0,0,125,-84.469
0.375,0,0,125,-84.4691
0.4,0,0,125,-84.4693
0.425,0,0,125,-84.4694
0.45,0,0,125,-84.4696
0.475,0,0,125,-84.4697
0.5,0,0,125,-84.4699
0.525,0,0,125,-84.47
0.55,0,0,125,-84.4702
0.575,0,0,125,-84.4703
0.6,0,0,125,-84.4704
0.625,0,0,125,-84.4706
0.65,0,0,125,-84.4707
0.675,0,0,125,-84.4708
0.7,0,0,125,-84.4709
0.725,0,0,125,-84.471
0.75,0,0,125,-84.4712
0.775,0,0,125,-84.4713
0.8,0,0,125,-84.4714
0.825,0,0,125,-84.4715
0.85,0,0,125,-84.4717
0.875,0,0,125,-84.4718
0.9,0,0,125,-84.4719
0.925,0,0,125,-84.472
0.95,0,0,125,-84.4722
0.975,0,0,125,-84.4723
1,0,0,125,-84.4724
1.025,0,0,125,-84.4726
1.05,0,0,125,-84.4727
1.075,0,0,125,-84.4728
1.1,0,0,125,-84.473
1.125,0,0,125,-84.4731
1.15,0,0,125,-84.4733
1.175,0,0,125,-84.4734
1.2,0,0,125,-84.4736
1.225,0,0,125,-84.4737
1.25,0,0,125,-84.4739
1.275,0,0,125,-84.474
1.3,0,0,125,-84.4742
1.325,0,0,125,-84.4743
1.35,0,0,125,-84.4745
1.375,0,0,125,-84.4747
1.4,0,0,125,-84.4748
1.425,0,0,125,-84.475
1.45,0,0,125,-84.4752
1.475,0,0,125,-84.4754
1.5,0,0,125,-84.4756
1.525,0,0,125,-84.4758
1.55,0,0,125,-84.476
1.575,0,0,125,-84.4762
1.6,0,0,125,-84.4764
1.625,0,0,125,-84.4766
1.65,0,0,125,-84.4768
1.675,0,0,125,-84.477
1.7,0,0,125,-84.4772
1.725,0,0,125,-84.4774
1.75,0,0,125,-84.4776
1.775,0,0,125,-84.4779
1.8,0,0,125,-84.4781
1.825,0,0,125,-84.4784
1.85,0,0,125,-84.4786
1.875,0,0,125,-84.4789
1.9,0,0,125,-84.4792
1.925,0,0,125,-84.4795
1.95,0,0,125,-84.4798
1.975,0,0,125,-84.4801
2,0,0,125,-84.4804
2.025,0,0,125,-84.4808
2.05,0,0,125,-84.4811
2.075,0,0,125,-84.4815
2.1,0,0,125,-84.4818
2.125,0,0,125,-84.4822
2.15,0,0,125,-84.4826
2.175,0,0,125,-84.483
2.2,0,0,125,-84.4834
2.225,0,0,125,-84.4838
2.25,0,0,125,-84.4842
2.275,0,0,125,-84.4846
2.3,0,0,125,-84.4851
2.325,0,0,125,-84.4855
2.35,0,0,125,-84.486
2.375,0,0,125,-84.4864
2.4,0,0,125,-84.4869
2.425,0,0,125,-84.4874
2.45,0,0,125,-84.4879
2.475,0,0,125,-84.4884
2.5,0,0,125,-84.4889
2.525,0,0,125,-84.4894
2.55,0,0,125,-84.4899
2.575,0,0,125,-84.4905
2.6,0,0,125,-84.491
2.625,0,0,125,-84.4916
2.65,0,0,125,-84.4922
2.675,0,0,125,-84.4927
2.7,0,0,125,-84.4933
2.725,0,0,125,-84.4939
2.75,0,0,125,-84.4945
2.775,0,0,125,-84.4951
2.8,0,0,125,-84.4958
2.825,0,0,125,-84.4964
2.85,0,0,125,-84.4971
2.875,0,0,125,-84.4977
2.9,0,0,125,-84.4984
2.925,0,0,125,-84.499
2.95,0,0,125,-84.4997
2.975,0,0,125,-84.5004
3,0,0,125,-84.5011
3.025,0,0,125,-84.5017
3.05,0,0,125,-84.5024
3.075,0,0,125,-84.503
3.1,0,0,125,-84.5036
3.125,0,0,125,-84.5042
3.15,0,0,125,-84.5048
3.175,0,0,125,-84.5054
3.2,0,0,125,-84.506
3.225,0,0,125,-84.5066
3.25,0,0,125,-84.5072
3.275,0,0,125,-84.5077
3.3,0,0,125,-84.5083
3.325,0,0,125,-84.5088
3.35,0,0,125,-84.5093
3.375,0,0,125,-84.5099
3.4,0,0,125,-84.5104
3.425,0,0,125,-84.5109
3.45,0,0,125,-84.5114
3.475,0,0,125,-84.5119
3.5,0,0,125,-84.5123
3.525,0,0,125,-84.5128
3.55,0,0,125,-84.5132
3.575,0,0,125,-84.5137
3.6,0,0,125,-84.5141
3.625,0,0,125,-84.5145
3.65,0,0,125,-84.515
3.675,0,0,125,-84.5154
3.7,0,0,125,-84.5158
3.725,0,0,125,-84.5162
3.75,0,0,125,-84.5165
3.775,0,0,125,-84.5169
3.8,0,0,125,-84.5173
3.825,0,0,125,-84.5176
3.85,0,0,125,-84.5179
3.875,0,0,125,-84.5183
3.9,0,0,125,-84.5186
3.925,0,0,125,-84.5189
3.95,0,0,125,-84.5192
3.975,0,0,125,-84.5195
4,0,0,125,-84.5198
4.025,0,0,125,-84.52
4.05,0,0,125,-84.5203
4.075,0,0,125,-84.5205
4.1,0,0,125,-84.5208
4.125,0,0,125,-84.521
4.15,0,0,125,-84.5212
4.175,0,0,125,-84.5214
4.2,0,0,125,-84.5216
4.225,0,0,125,-84.5218
4.25,0,0,125,-84.522
4.275,0,0,125,-84.5222
4.3,0,0,125,-84.5223
4.325,0,0,125,-84.5225
4.35,0,0,125,-84.5226
4.375,0,0,125,-84.5227
4.4,0,0,125,-84.5229
4.425,0,0,125,-84.523
4.45,0,0,125,-84.5231
4.475,0,0,125,-84.5232
4.5,0,0,125,-84.5232
4.525,0,0,125,-84.5233
4.55,0,0,125,-84.5233
4.575,0,0,125,-84.5234
4.6,0,0,125,-84.5234
4.625,0,0,125,-84.5235
4.65,0,0,125,-84.5235
4.675,0,0,125,-84.5235
4.7,0,0,125,-84.5236
4.725,0,0,125,-84.5236
4.75,0,0,125,-84.5236
4.775,0,0,125,-84.5236
4.8,0,0,125,-84.5236
4.825,0,0,125,-84.5236
4.85,0,0,125,-84.5236
4.875,0,0,125,-84.5235
4.9,0,0,125,-84.5235
4.925,0,0,125,-84.5234
4.95,0,0,125,-84.5234
4.975,0,0,125,-84.5234
5,0,0,125,-84.5234
