0,0,0,125,-19.9601
0.025,0,0,125,-19.9558
0.05,0,0,125,-19.9473
0.075,0,0,125,-19.935
0.1,0,0,125,-19.9192
0.125,0,0,125,-19.9006
0.15,0,0,125,-19.8796
0.175,0,0,125,-19.8568
0.2,0,0,125,-19.8325
0.225,0,0,125,-19.8069
0.25,0,0,125,-19.7804
0.275,0,0,125,-19.753
0.3,0,0,125,-19.7252
0.325,0,0,125,-19.6971
0.35,0,0,125,-19.6688
0.375,0,0,125,-19.6407
0.4,0,0,125,-19.6128
0.425,0,0,125,-19.5855
0.45,0,0,125,-19.5588
0.475,0,0,125,-19.5331
0.5,0,0,125,-19.5084
0.525,0,0,125,-19.4851
0.55,0,0,125,-19.4632
0.575,0,0,125,-19.443
0.6,0,0,125,-19.4246
0.625,0,0,125,-19.4082
0.65,0,0,125,-19.3941
0.675,0,0,125,-19.3824
0.7,0,0,125,-19.3732
0.725,0,0,125,-19.3669
0.75,0,0,125,-19.3635
0.775,0,0,125,-19.3634
0.8,0,0,125,-19.3665
0.825,0,0,125,-19.3733
0.85,0,0,125,-19.3838
0.875,0,0,125,-19.3984
0.9,0,0,125,-19.4171
0.925,0,0,125,-19.4402
0.95,0,0,125,-19.468
0.975,0,0,125,-19.5006
1,0,0,125,-19.5383
1.025,0,0,125,-19.5812
1.05,0,0,125,-19.6298
1.075,0,0,125,-19.6841
1.1,0,0,125,-19.7445
1.125,0,0,125,-19.8111
1.15,0,0,125,-19.8843
1.175,0,0,125,-19.9644
1.2,0,0,125,-20.0515
1.225,0,0,125,-20.146
1.25,0,0,125,-20.2482
1.275,0,0,125,-20.3583
1.3,0,0,125,-20.4767
1.325,0,0,125,-20.6036
1.35,0,0,125,-20.7394
1.375,0,0,125,-20.8844
1.4,0,0,125,-21.0389
1.425,0,0,125,-21.2032
1.45,0,0,125,-21.3777
1.475,0,0,125,-21.5627
1.5,0,0,125,-21.7586
1.525,0,0,125,-21.9657
1.55,0,0,125,-22.1843
1.575,0,0,125,-22.4149
1.6,0,0,125,-22.6578
1.625,0,0,125,-22.9134
1.65,0,0,125,-23.182
1.675,0,0,125,-23.4641
1.7,0,0,125,-23.76
1.725,0,0,125,-24.0701
1.75,0,0,125,-24.3949
1.775,0,0,125,-24.7347
1.8,0,0,125,-25.0899
1.825,0,0,125,-25.461
1.85,0,0,125,-25.8485
1.875,0,0,125,-26.2527
1.9,0,0,125,-26.6741
1.925,0,0,125,-27.1132
1.95,0,0,125,-27.5705
1.975,0,0,125,-28.0464
2,0,0,125,-28.5415
2.025,0,0,125,-29.0562
2.05,0,0,125,-29.5912
2.075,0,0,125,-30.1468
2.1,0,0,125,-30.7238
2.125,0,0,125,-31.3226
2.15,0,0,125,-31.9438
2.175,0,0,125,-32.588
2.2,0,0,125,-33.2557
2.225,0,0,125,-33.9475
2.25,0,0,125,-34.664
2.275,0,0,125,-35.4055
2.3,0,0,125,-36.1727
2.325,0,0,125,-36.9658
2.35,0,0,125,-37.7853
2.375,0,0,125,-38.6313
2.4,0,0,125,-39.5039
2.425,0,0,125,-40.4032
2.45,0,0,125,-41.329
2.475,0,0,125,-42.281
2.5,0,0,125,-43.2586
2.525,0,0,125,-44.2611
2.55,0,0,125,-45.2876
2.575,0,0,125,-46.3367
2.6,0,0,125,-47.4071
2.625,0,0,125,-48.4969
2.65,0,0,125,-49.6042
2.675,0,0,125,-50.7267
2.7,0,0,125,-51.8619
2.725,0,0,125,-53.007
2.75,0,0,125,-54.1591
2.775,0,0,125,-55.3149
2.8,0,0,125,-56.4712
2.825,0,0,125,-57.6246
2.85,0,0,125,-58.7714
2.875,0,0,125,-59.9083
2.9,0,0,125,-61.0318
2.925,0,0,125,-62.1384
2.95,0,0,125,-63.2249
2.975,0,0,125,-64.2881
3,0,0,125,-65.3252
3.025,0,0,125,-66.3335
3.05,0,0,125,-67.3108
3.075,0,0,125,-68.2548
3.1,0,0,125,-69.164
3.125,0,0,125,-70.037
3.15,0,0,125,-70.8726
3.175,0,0,125,-71.6703
3.2,0,0,125,-72.4295
3.225,0,0,125,-73.1502
3.25,0,0,125,-73.8326
3.275,0,0,125,-74.4771
3.3,0,0,125,-75.0844
3.325,0,0,125,-75.6554
3.35,0,0,125,-76.1911
3.375,0,0,125,-76.6927
3.4,0,0,125,-77.1615
3.425,0,0,125,-77.599
3.45,0,0,125,-78.0064
3.475,0,0,125,-78.3854
3.5,0,0,125,-78.7375
3.525,0,0,125,-79.064
3.55,0,0,125,-79.3666
3.575,0,0,125,-79.6467
3.6,0,0,125,-79.9057
3.625,0,0,125,-80.145
3.65,0,0,125,-80.3658
3.675,0,0,125,-80.5696
3.7,0,0,125,-80.7575
3.725,0,0,125,-80.9306
3.75,0,0,125,-81.09
3.775,0,0,125,-81.2367
3.8,0,0,125,-81.3717
3.825,0,0,125,-81.4959
3.85,0,0,125,-81.6101
3.875,0,0,125,-81.7151
3.9,0,0,125,-81.8117
3.925,0,0,125,-81.9003
3.95,0,0,125,-81.9818
3.975,0,0,125,-82.0567
4,0,0,125,-82.1255
4.025,0,0,125,-82.1886
4.05,0,0,125,-82.2467
4.075,0,0,125,-82.2999
4.1,0,0,125,-82.3488
4.125,0,0,125,-82.3937
4.15,0,0,125,-82.435
4.175,0,0,125,-82.4728
4.2,0,0,125,-82.5075
4.225,0,0,125,-82.5394
4.25,0,0,125,-82.5686
4.275,0,0,125,-82.5954
4.3,0,0,125,-82.62
4.325,0,0,125,-82.6425
4.35,0,0,125,-82.6632
4.375,0,0,125,-82.682
4.4,0,0,125,-82.6993
4.425,0,0,125,-82.7151
4.45,0,0,125,-82.7296
4.475,0,0,125,-82.7428
4.5,0,0,125,-82.7548
4.525,0,0,125,-82.7657
4.55,0,0,125,-82.7757
4.575,0,0,125,-82.7847
4.6,0,0,125,-82.7929
4.625,0,0,125,-82.8003
4.65,0,0,125,-82.8069
4.675,0,0,125,-82.8129
4.7,0,0,125,-82.8182
4.725,0,0,125,-82.823
4.75,0,0,125,-82.8271
4.775,0,0,125,-82.8308
4.8,0,0,125,-82.834
4.825,0,0,125,-82.8367
4.85,0,0,125,-82.839
4.875,0,0,125,-82.8408
4.9,0,0,125,-82.8423
4.925,0,0,125,-82.8435
4.95,0,0,125,-82.8444
4.975,0,0,125,-82.8449
5,0,0,125,-82.8452
