0,0,0,125,-3.82478
0.025,0,0,125,-3.82896
0.05,0,0,125,-3.83731
0.075,0,0,125,-3.84987
0.1,0,0,125,-3.86667
0.125,0,0,125,-3.88778
0.15,0,0,125,-3.91327
0.175,0,0,125,-3.94316
0.2,0,0,125,-3.97743
0.225,0,0,125,-4.01603
0.25,0,0,125,-4.0589
0.275,0,0,125,-4.10595
0.3,0,0,125,-4.15711
0.325,0,0,125,-4.21229
0.35,0,0,125,-4.27142
0.375,0,0,125,-4.33442
0.4,0,0,125,-4.40122
0.425,0,0,125,-4.47175
0.45,0,0,125,-4.54594
0.475,0,0,125,-4.62373
0.5,0,0,125,-4.70508
0.525,0,0,125,-4.78992
0.55,0,0,125,-4.87823
0.575,0,0,125,-4.96996
0.6,0,0,125,-5.06508
0.625,0,0,125,-5.16358
0.65,0,0,125,-5.26543
0.675,0,0,125,-5.37062
0.7,0,0,125,-5.47916
0.725,0,0,125,-5.59103
0.75,0,0,125,-5.70626
0.775,0,0,125,-5.82485
0.8,0,0,125,-5.94683
0.825,0,0,125,-6.07223
0.85,0,0,125,-6.20109
0.875,0,0,125,-6.33343
0.9,0,0,125,-6.46932
0.925,0,0,125,-6.60881
0.95,0,0,125,-6.75197
0.975,0,0,125,-6.89885
1,0,0,125,-7.04955
1.025,0,0,125,-7.20413
1.05,0,0,125,-7.3627
1.075,0,0,125,-7.52536
1.1,0,0,125,-7.6922
1.125,0,0,125,-7.86334
1.15,0,0,125,-8.0389
1.175,0,0,125,-8.21901
1.2,0,0,125,-8.40381
1.225,0,0,125,-8.59344
1.25,0,0,125,-8.78805
1.275,0,0,125,-8.9878
1.3,0,0,125,-9.19287
1.325,0,0,125,-9.40342
1.35,0,0,125,-9.61964
1.375,0,0,125,-9.84174
1.4,0,0,125,-10.0699
1.425,0,0,125,-10.3043
1.45,0,0,125,-10.5453
1.475,0,0,125,-10.793
1.5,0,0,125,-11.0476
1.525,0,0,125,-11.3094
1.55,0,0,125,-11.5788
1.575,0,0,125,-11.8558
1.6,0,0,125,-12.1408
1.625,0,0,125,-12.4342
1.65,0,0,125,-12.736
1.675,0,0,125,-13.0468
1.7,0,0,125,-13.3667
1.725,0,0,125,-13.6961
1.75,0,0,125,-14.0353
1.775,0,0,125,-14.3846
1.8,0,0,125,-14.7443
1.825,0,0,125,-15.1148
1.85,0,0,125,-15.4965
1.875,0,0,125,-15.8896
1.9,0,0,125,-16.2945
1.925,0,0,125,-16.7115
1.95,0,0,125,-17.1411
1.975,0,0,125,-17.5835
2,0,0,125,-18.0392
2.025,0,0,125,-18.5084
2.05,0,0,125,-18.9916
2.075,0,0,125,-19.489
2.1,0,0,125,-20.0011
2.125,0,0,125,-20.5281
2.15,0,0,125,-21.0705
2.175,0,0,125,-21.6285
2.2,0,0,125,-22.2026
2.225,0,0,125,-22.793
2.25,0,0,125,-23.4
2.275,0,0,125,-24.0241
2.3,0,0,125,-24.6655
2.325,0,0,125,-25.3245
2.35,0,0,125,-26.0015
2.375,0,0,125,-26.6967
2.4,0,0,125,-27.4105
2.425,0,0,125,-28.1432
2.45,0,0,125,-28.895
2.475,0,0,125,-29.6662
2.5,0,0,125,-30.4572
2.525,0,0,125,-31.268
2.55,0,0,125,-32.0989
2.575,0,0,125,-32.95
2.6,0,0,125,-33.8216
2.625,0,0,125,-34.7135
2.65,0,0,125,-35.6257
2.675,0,0,125,-36.5581
2.7,0,0,125,-37.5104
2.725,0,0,125,-38.4823
2.75,0,0,125,-39.4731
2.775,0,0,125,-40.4822
2.8,0,0,125,-41.5088
2.825,0,0,125,-42.5517
2.85,0,0,125,-43.6097
2.875,0,0,125,-44.6813
2.9,0,0,125,-45.765
2.925,0,0,125,-46.8589
2.95,0,0,125,-47.961
2.975,0,0,125,-49.0693
3,0,0,125,-50.1813
3.025,0,0,125,-51.2947
3.05,0,0,125,-52.407
3.075,0,0,125,-53.5156
3.1,0,0,125,-54.618
3.125,0,0,125,-55.7115
3.15,0,0,125,-56.7936
3.175,0,0,125,-57.8618
3.2,0,0,125,-58.9135
3.225,0,0,125,-59.9466
3.25,0,0,125,-60.9589
3.275,0,0,125,-61.9483
3.3,0,0,125,-62.9131
3.325,0,0,125,-63.8516
3.35,0,0,125,-64.7624
3.375,0,0,125,-65.6442
3.4,0,0,125,-66.4962
3.425,0,0,125,-67.3175
3.45,0,0,125,-68.1075
3.475,0,0,125,-68.866
3.5,0,0,125,-69.5926
3.525,0,0,125,-70.2875
3.55,0,0,125,-70.9508
3.575,0,0,125,-71.5827
3.6,0,0,125,-72.1839
3.625,0,0,125,-72.7548
3.65,0,0,125,-73.2961
3.675,0,0,125,-73.8086
3.7,0,0,125,-74.2932
3.725,0,0,125,-74.7507
3.75,0,0,125,-75.1822
3.775,0,0,125,-75.5884
3.8,0,0,125,-75.9706
3.825,0,0,125,-76.3297
3.85,0,0,125,-76.6667
3.875,0,0,125,-76.9826
3.9,0,0,125,-77.2785
3.925,0,0,125,-77.5553
3.95,0,0,125,-77.814
3.975,0,0,125,-78.0555
4,0,0,125,-78.2808
4.025,0,0,125,-78.4907
4.05,0,0,125,-78.6861
4.075,0,0,125,-78.8678
4.1,0,0,125,-79.0365
4.125,0,0,125,-79.1931
4.15,0,0,125,-79.3382
4.175,0,0,125,-79.4725
4.2,0,0,125,-79.5967
4.225,0,0,125,-79.7113
4.25,0,0,125,-79.8169
4.275,0,0,125,-79.9142
4.3,0,0,125,-80.0035
4.325,0,0,125,-80.0855
4.35,0,0,125,-80.1605
4.375,0,0,125,-80.2291
4.4,0,0,125,-80.2915
4.425,0,0,125,-80.3483
4.45,0,0,125,-80.3998
4.475,0,0,125,-80.4463
4.5,0,0,125,-80.4882
4.525,0,0,125,-80.5259
4.55,0,0,125,-80.5595
4.575,0,0,125,-80.5895
4.6,0,0,125,-80.616
4.625,0,0,125,-80.6394
4.65,0,0,125,-80.6598
4.675,0,0,125,-80.6777
4.7,0,0,125,-80.693
4.725,0,0,125,-80.7062
4.75,0,0,125,-80.7174
4.775,0,0,125,-80.7267
4.8,0,0,125,-80.7344
4.825,0,0,125,-80.7407
4.85,0,0,125,-80.7457
4.875,0,0,125,-80.7497
4.9,0,0,125,-80.7527
4.925,0,0,125,-80.7549
4.95,0,0,125,-80.7564
4.975,0,0,125,-80.7574
5,0,0,125,-80.7579
