0,0,0,125,12.5891
0.025,0,0,125,12.5925
0.05,0,0,125,12.5992
0.075,0,0,125,12.6089
0.1,0,0,125,12.6211
0.125,0,0,125,12.6355
0.15,0,0,125,12.6515
0.175,0,0,125,12.6688
0.2,0,0,125,12.6871
0.225,0,0,125,12.7062
0.25,0,0,125,12.7262
0.275,0,0,125,12.7468
0.3,0,0,125,12.768
0.325,0,0,125,12.7897
0.35,0,0,125,12.8119
0.375,0,0,125,12.8345
0.4,0,0,125,12.8575
0.425,0,0,125,12.8809
0.45,0,0,125,12.9045
0.475,0,0,125,12.9283
0.5,0,0,125,12.9524
0.525,0,0,125,12.9767
0.55,0,0,125,13.0011
0.575,0,0,125,13.0257
0.6,0,0,125,13.0504
0.625,0,0,125,13.0752
0.65,0,0,125,13.1002
0.675,0,0,125,13.1252
0.7,0,0,125,13.1502
0.725,0,0,125,13.1753
0.75,0,0,125,13.2005
0.775,0,0,125,13.2257
0.8,0,0,125,13.2509
0.825,0,0,125,13.2762
0.85,0,0,125,13.3015
0.875,0,0,125,13.3267
0.9,0,0,125,13.352
0.925,0,0,125,13.3773
0.95,0,0,125,13.4026
0.975,0,0,125,13.4278
1,0,0,125,13.453
1.025,0,0,125,13.4782
1.05,0,0,125,13.5034
1.075,0,0,125,13.5286
1.1,0,0,125,13.5537
1.125,0,0,125,13.5788
1.15,0,0,125,13.6038
1.175,0,0,125,13.6288
1.2,0,0,125,13.6538
1.225,0,0,125,13.6788
1.25,0,0,125,13.7036
1.275,0,0,125,13.7285
1.3,0,0,125,13.7533
1.325,0,0,125,13.7781
1.35,0,0,125,13.8028
1.375,0,0,125,13.8274
1.4,0,0,125,13.852
1.425,0,0,125,13.8766
1.45,0,0,125,13.9011
1.475,0,0,125,13.9255
1.5,0,0,125,13.9499
1.525,0,0,125,13.9743
1.55,0,0,125,13.9985
1.575,0,0,125,14.0227
1.6,0,0,125,14.0469
1.625,0,0,125,14.071
1.65,0,0,125,14.095
1.675,0,0,125,14.119
1.7,0,0,125,14.1429
1.725,0,0,125,14.1668
1.75,0,0,125,14.1906
1.775,0,0,125,14.2143
1.8,0,0,125,14.2379
1.825,0,0,125,14.2615
1.85,0,0,125,14.285
1.875,0,0,125,14.3085
1.9,0,0,125,14.3319
1.925,0,0,125,14.3552
1.95,0,0,125,14.3784
1.975,0,0,125,14.4016
2,0,0,125,14.4247
2.025,0,0,125,14.4477
2.05,0,0,125,14.4706
2.075,0,0,125,14.4935
2.1,0,0,125,14.5163
2.125,0,0,125,14.539
2.15,0,0,125,14.5616
2.175,0,0,125,14.5842
2.2,0,0,125,14.6067
2.225,0,0,125,14.6291
2.25,0,0,125,14.6514
2.275,0,0,125,14.6736
2.3,0,0,125,14.6958
2.325,0,0,125,14.7179
2.35,0,0,125,14.7399
2.375,0,0,125,14.7618
2.4,0,0,125,14.7836
2.425,0,0,125,14.8054
2.45,0,0,125,14.827
2.475,0,0,125,14.8486
2.5,0,0,125,14.8701
2.525,0,0,125,14.8915
2.55,0,0,125,14.9128
2.575,0,0,125,14.9341
2.6,0,0,125,14.9552
2.625,0,0,125,14.9763
2.65,0,0,125,14.9972
2.675,0,0,125,15.0181
2.7,0,0,125,15.0389
2.725,0,0,125,15.0596
2.75,0,0,125,15.0803
2.775,0,0,125,15.1008
2.8,0,0,125,15.1212
2.825,0,0,125,15.1416
2.85,0,0,125,15.1619
2.875,0,0,125,15.182
2.9,0,0,125,15.2021
2.925,0,0,125,15.2221
2.95,0,0,125,15.2421
2.975,0,0,125,15.2619
3,0,0,125,15.2816
3.025,0,0,125,15.3013
3.05,0,0,125,15.3209
3.075,0,0,125,15.3403
3.1,0,0,125,15.3597
3.125,0,0,125,15.3791
3.15,0,0,125,15.3983
3.175,0,0,125,15.4175
3.2,0,0,125,15.4365
3.225,0,0,125,15.4555
3.25,0,0,125,15.4744
3.275,0,0,125,15.4933
3.3,0,0,125,15.512
3.325,0,0,125,15.5307
3.35,0,0,125,15.5493
3.375,0,0,125,15.5679
3.4,0,0,125,15.5863
3.425,0,0,125,15.6048
3.45,0,0,125,15.6231
3.475,0,0,125,15.6414
3.5,0,0,125,15.6596
3.525,0,0,125,15.6777
3.55,0,0,125,15.6958
3.575,0,0,125,15.7139
3.6,0,0,125,15.7319
3.625,0,0,125,15.7498
3.65,0,0,125,15.7677
3.675,0,0,125,15.7855
3.7,0,0,125,15.8033
3.725,0,0,125,15.8211
3.75,0,0,125,15.8388
3.775,0,0,125,15.8565
3.8,0,0,125,15.8741
3.825,0,0,125,15.8918
3.85,0,0,125,15.9093
3.875,0,0,125,15.9269
3.9,0,0,125,15.9444
3.925,0,0,125,15.9619
3.95,0,0,125,15.9794
3.975,0,0,125,15.9969
4,0,0,125,16.0143
4.025,0,0,125,16.0317
4.05,0,0,125,16.0491
4.075,0,0,125,16.0665
4.1,0,0,125,16.0839
4.125,0,0,125,16.1012
4.15,0,0,125,16.1185
4.175,0,0,125,16.1357
4.2,0,0,125,16.1529
4.225,0,0,125,16.1701
4.25,0,0,125,16.1872
4.275,0,0,125,16.2043
4.3,0,0,125,16.2213
4.325,0,0,125,16.2382
4.35,0,0,125,16.255
4.375,0,0,125,16.2717
4.4,0,0,125,16.2883
4.425,0,0,125,16.3047
4.45,0,0,125,16.321
4.475,0,0,125,16.3371
4.5,0,0,125,16.353
4.525,0,0,125,16.3686
4.55,0,0,125,16.3839
4.575,0,0,125,16.3989
4.6,0,0,125,16.4136
4.625,0,0,125,16.4279
4.65,0,0,125,16.4417
4.675,0,0,125,16.4551
4.7,0,0,125,16.4679
4.725,0,0,125,16.4801
4.75,0,0,125,16.4917
4.775,0,0,125,16.5026
4.8,0,0,125,16.5127
4.825,0,0,125,16.522
4.85,0,0,125,16.5303
4.875,0,0,125,16.5377
4.9,0,0,125,16.544
4.925,0,0,125,16.5492
4.95,0,0,125,16.5532
4.975,0,0,125,16.5559
5,0,0,125,16.5572
