0,0,0,125,-84.3641
0.025,0,0,125,-84.3642
0.05,0,0,125,-84.3643
0.075,0,0,125,-84.3645
0.1,0,0,125,-84.3647
0.125,0,0,125,-84.365
0.15,0,0,125,-84.3653
0.175,0,0,125,-84.3656
0.2,0,0,125,-84.3658
0.225,0,0,125,-84.3662
0.25,0,0,125,-84.3665
0.275,0,0,125,-84.3668
0.3,0,0,125,-84.3671
0.325,0,0,125,-84.3675
0.35,0,0,125,-84.3678
0.375,0,0,125,-84.3682
0.4,0,0,125,-84.3685
0.425,0,0,125,-84.3688
0.45,0,0,125,-84.3691
0.475,0,0,125,-84.3694
0.5,0,0,125,-84.3697
0.525,0,0,125,-84.3699
0.55,0,0,125,-84.3702
0.575,0,0,125,-84.3705
0.6,0,0,125,-84.3707
0.625,0,0,125,-84.371
0.65,0,0,125,-84.3712
0.675,0,0,125,-84.3714
0.7,0,0,125,-84.3717
0.725,0,0,125,-84.3719
0.75,0,0,125,-84.3722
0.775,0,0,125,-84.3724
0.8,0,0,125,-84.3726
0.825,0,0,125,-84.3729
0.85,0,0,125,-84.3731
0.875,0,0,125,-84.3734
0.9,0,0,125,-84.3736
0.925,0,0,125,-84.3739
0.95,0,0,125,-84.3741
0.975,0,0,125,-84.3744
1,0,0,125,-84.3746
1.025,0,0,125,-84.3749
1.05,0,0,125,-84.3752
1.075,0,0,125,-84.3754
1.1,0,0,125,-84.3757
1.125,0,0,125,-84.376
1.15,0,0,125,-84.3763
1.175,0,0,125,-84.3766
1.2,0,0,125,-84.3769
1.225,0,0,125,-84.3772
1.25,0,0,125,-84.3776
1.275,0,0,125,-84.3779
1.3,0,0,125,-84.3783
1.325,0,0,125,-84.3786
1.35,0,0,125,-84.379
1.375,0,0,125,-84.3794
1.4,0,0,125,-84.3798
1.425,0,0,125,-84.3802
1.45,0,0,125,-84.3806
1.475,0,0,125,-84.381
1.5,0,0,125,-84.3814
1.525,0,0,125,-84.3819
1.55,0,0,125,-84.3823
1.575,0,0,125,-84.3828
1.6,0,0,125,-84.3832
1.625,0,0,125,-84.3837
1.65,0,0,125,-84.3842
1.675,0,0,125,-84.3847
1.7,0,0,125,-84.3852
1.725,0,0,125,-84.3857
1.75,0,0,125,-84.3863
1.775,0,0,125,-84.3868
1.8,0,0,125,-84.3873
1.825,0,0,125,-84.3879
1.85,0,0,125,-84.3885
1.875,0,0,125,-84.389
1.9,0,0,125,-84.3896
1.925,0,0,125,-84.3902
1.95,0,0,125,-84.3908
1.975,0,0,125,-84.3914
2,0,0,125,-84.392
2.025,0,0,125,-84.3927
2.05,0,0,125,-84.3933
2.075,0,0,125,-84.394
2.1,0,0,125,-84.3946
2.125,0,0,125,-84.3953
2.15,0,0,125,-84.396
2.175,0,0,125,-84.3967
2.2,0,0,125,-84.3974
2.225,0,0,125,-84.3982
2.25,0,0,125,-84.3989
2.275,0,0,125,-84.3997
2.3,0,0,125,-84.4005
2.325,0,0,125,-84.4013
2.35,0,0,125,-84.4022
2.375,0,0,125,-84.403
2.4,0,0,125,-84.4039
2.425,0,0,125,-84.4048
2.45,0,0,125,-84.4057
2.475,0,0,125,-84.4066
2.5,0,0,125,-84.4075
2.525,0,0,125,-84.4085
2.55,0,0,125,-84.4095
2.575,0,0,125,-84.4104
2.6,0,0,125,-84.4114
2.625,0,0,125,-84.4124
2.65,0,0,125,-84.4134
2.675,0,0,125,-84.4145
2.7,0,0,125,-84.4155
2.725,0,0,125,-84.4166
2.75,0,0,125,-84.4177
2.775,0,0,125,-84.4188
2.8,0,0,125,-84.4199
2.825,0,0,125,-84.421
2.85,0,0,125,-84.4222
2.875,0,0,125,-84.4233
2.9,0,0,125,-84.4245
2.925,0,0,125,-84.4257
2.95,0,0,125,-84.4269
2.975,0,0,125,-84.428
3,0,0,125,-84.4292
3.025,0,0,125,-84.4303
3.05,0,0,125,-84.4315
3.075,0,0,125,-84.4326
3.1,0,0,125,-84.4337
3.125,0,0,125,-84.4348
3.15,0,0,125,-84.4359
3.175,0,0,125,-84.437
3.2,0,0,125,-84.4381
3.225,0,0,125,-84.4392
3.25,0,0,125,-84.4402
3.275,0,0,125,-84.4413
3.3,0,0,125,-84.4423
3.325,0,0,125,-84.4433
3.35,0,0,125,-84.4443
3.375,0,0,125,-84.4453
3.4,0,0,125,-84.4463
3.425,0,0,125,-84.4472
3.45,0,0,125,-84.4482
3.475,0,0,125,-84.4491
3.5,0,0,125,-84.45
3.525,0,0,125,-84.4509
3.55,0,0,125,-84.4518
3.575,0,0,125,-84.4527
3.6,0,0,125,-84.4535
3.625,0,0,125,-84.4544
3.65,0,0,125,-84.4552
3.675,0,0,125,-84.456
3.7,0,0,125,-84.4568
3.725,0,0,125,-84.4576
3.75,0,0,125,-84.4583
3.775,0,0,125,-84.4591
3.8,0,0,125,-84.4598
3.825,0,0,125,-84.4605
3.85,0,0,125,-84.4611
3.875,0,0,125,-84.4618
3.9,0,0,125,-84.4624
3.925,0,0,125,-84.463
3.95,0,0,125,-84.4635
3.975,0,0,125,-84.4641
4,0,0,125,-84.4646
4.025,0,0,125,-84.4651
4.05,0,0,125,-84.4656
4.075,0,0,125,-84.4661
4.1,0,0,125,-84.4665
4.125,0,0,125,-84.467
4.15,0,0,125,-84.4674
4.175,0,0,125,-84.4678
4.2,0,0,125,-84.4682
4.225,0,0,125,-84.4686
4.25,0,0,125,-84.469
4.275,0,0,125,-84.4694
4.3,0,0,125,-84.4697
4.325,0,0,125,-84.47
4.35,0,0,125,-84.4703
4.375,0,0,125,-84.4706
4.4,0,0,125,-84.4709
4.425,0,0,125,-84.4712
4.45,0,0,125,-84.4714
4.475,0,0,125,-84.4717
4.5,0,0,125,-84.4719
4.525,0,0,125,-84.4721
4.55,0,0,125,-84.4723
4.575,0,0,125,-84.4725
4.6,0,0,125,-84.4726
4.625,0,0,125,-84.4728
4.65,0,0,125,-84.4729
4.675,0,0,125,-84.473
4.7,0,0,125,-84.4731
4.725,0,0,125,-84.4732
4.75,0,0,125,-84.4733
4.775,0,0,125,-84.4733
4.8,0,0,125,-84.4733
4.825,0,0,125,-84.4734
4.85,0,0,125,-84.4734
4.875,0,0,125,-84.4733
4.9,0,0,125,-84.4733
4.925,0,0,125,-84.4733
4.95,0,0,125,-84.4733
4.975,0,0,125,-84.4732
5,0,0,125,-84.4732
