0,0,0,125,-80.7126
0.025,0,0,125,-80.7119
0.05,0,0,125,-80.7105
0.075,0,0,125,-80.7084
0.1,0,0,125,-80.7055
0.125,0,0,125,-80.7018
0.15,0,0,125,-80.6972
0.175,0,0,125,-80.6917
0.2,0,0,125,-80.6853
0.225,0,0,125,-80.678
0.25,0,0,125,-80.6698
0.275,0,0,125,-80.6606
0.3,0,0,125,-80.6504
0.325,0,0,125,-80.6394
0.35,0,0,125,-80.6274
0.375,0,0,125,-80.6145
0.4,0,0,125,-80.6006
0.425,0,0,125,-80.5859
0.45,0,0,125,-80.5702
0.475,0,0,125,-80.5537
0.5,0,0,125,-80.5362
0.525,0,0,125,-80.5179
0.55,0,0,125,-80.4986
0.575,0,0,125,-80.4785
0.6,0,0,125,-80.4575
0.625,0,0,125,-80.4356
0.65,0,0,125,-80.4128
0.675,0,0,125,-80.3891
0.7,0,0,125,-80.3645
0.725,0,0,125,-80.3391
0.75,0,0,125,-80.3128
0.775,0,0,125,-80.2856
0.8,0,0,125,-80.2575
0.825,0,0,125,-80.2286
0.85,0,0,125,-80.1987
0.875,0,0,125,-80.168
0.9,0,0,125,-80.1364
0.925,0,0,125,-80.1039
0.95,0,0,125,-80.0705
0.975,0,0,125,-80.0362
1,0,0,125,-80.0011
1.025,0,0,125,-79.965
1.05,0,0,125,-79.928
1.075,0,0,125,-79.8901
1.1,0,0,125,-79.8513
1.125,0,0,125,-79.8115
1.15,0,0,125,-79.7708
1.175,0,0,125,-79.7292
1.2,0,0,125,-79.6867
1.225,0,0,125,-79.6432
1.25,0,0,125,-79.5988
1.275,0,0,125,-79.5534
1.3,0,0,125,-79.507
1.325,0,0,125,-79.4597
1.35,0,0,125,-79.4114
1.375,0,0,125,-79.3621
1.4,0,0,125,-79.3118
1.425,0,0,125,-79.2605
1.45,0,0,125,-79.2083
1.475,0,0,125,-79.155
1.5,0,0,125,-79.1006
1.525,0,0,125,-79.0453
1.55,0,0,125,-78.9889
1.575,0,0,125,-78.9315
1.6,0,0,125,-78.873
1.625,0,0,125,-78.8134
1.65,0,0,125,-78.7528
1.675,0,0,125,-78.6911
1.7,0,0,125,-78.6283
1.725,0,0,125,-78.5645
1.75,0,0,125,-78.4995
1.775,0,0,125,-78.4334
1.8,0,0,125,-78.3662
1.825,0,0,125,-78.2978
1.85,0,0,125,-78.2283
1.875,0,0,125,-78.1577
1.9,0,0,125,-78.0859
1.925,0,0,125,-78.013
1.95,0,0,125,-77.9389
1.975,0,0,125,-77.8636
2,0,0,125,-77.7872
2.025,0,0,125,-77.7095
2.05,0,0,125,-77.6307
2.075,0,0,125,-77.5506
2.1,0,0,125,-77.4694
2.125,0,0,125,-77.3869
2.15,0,0,125,-77.3032
2.175,0,0,125,-77.2183
2.2,0,0,125,-77.1321
2.225,0,0,125,-77.0447
2.25,0,0,125,-76.9561
2.275,0,0,125,-76.8662
2.3,0,0,125,-76.7751
2.325,0,0,125,-76.6827
2.35,0,0,125,-76.589
2.375,0,0,125,-76.4941
2.4,0,0,125,-76.398
2.425,0,0,125,-76.3005
2.45,0,0,125,-76.2018
2.475,0,0,125,-76.1019
2.5,0,0,125,-76.0006
2.525,0,0,125,-75.8981
2.55,0,0,125,-75.7944
2.575,0,0,125,-75.6894
2.6,0,0,125,-75.5831
2.625,0,0,125,-75.4755
2.65,0,0,125,-75.3667
2.675,0,0,125,-75.2567
2.7,0,0,125,-75.1454
2.725,0,0,125,-75.0329
2.75,0,0,125,-74.9192
2.775,0,0,125,-74.8042
2.8,0,0,125,-74.688
2.825,0,0,125,-74.5707
2.85,0,0,125,-74.4521
2.875,0,0,125,-74.3324
2.9,0,0,125,-74.2115
2.925,0,0,125,-74.0895
2.95,0,0,125,-73.9663
2.975,0,0,125,-73.842
3,0,0,125,-73.7167
3.025,0,0,125,-73.5902
3.05,0,0,125,-73.4627
3.075,0,0,125,-73.3342
3.1,0,0,125,-73.2046
3.125,0,0,125,-73.0741
3.15,0,0,125,-72.9426
3.175,0,0,125,-72.8102
3.2,0,0,125,-72.6768
3.225,0,0,125,-72.5427
3.25,0,0,125,-72.4076
3.275,0,0,125,-72.2718
3.3,0,0,125,-72.1352
3.325,0,0,125,-71.9979
3.35,0,0,125,-71.8599
3.375,0,0,125,-71.7212
3.4,0,0,125,-71.582
3.425,0,0,125,-71.4421
3.45,0,0,125,-71.3018
3.475,0,0,125,-71.161
3.5,0,0,125,-71.0198
3.525,0,0,125,-70.8782
3.55,0,0,125,-70.7364
3.575,0,0,125,-70.5943
3.6,0,0,125,-70.452
3.625,0,0,125,-70.3096
3.65,0,0,125,-70.1671
3.675,0,0,125,-70.0246
3.7,0,0,125,-69.8822
3.725,0,0,125,-69.7399
3.75,0,0,125,-69.5979
3.775,0,0,125,-69.4561
3.8,0,0,125,-69.3148
3.825,0,0,125,-69.1738
3.85,0,0,125,-69.0334
3.875,0,0,125,-68.8936
3.9,0,0,125,-68.7545
3.925,0,0,125,-68.6162
3.95,0,0,125,-68.4788
3.975,0,0,125,-68.3424
4,0,0,125,-68.207
4.025,0,0,125,-68.0727
4.05,0,0,125,-67.9398
4.075,0,0,125,-67.8081
4.1,0,0,125,-67.678
4.125,0,0,125,-67.5494
4.15,0,0,125,-67.4225
4.175,0,0,125,-67.2974
4.2,0,0,125,-67.1741
4.225,0,0,125,-67.0529
4.25,0,0,125,-66.9338
4.275,0,0,125,-66.8169
4.3,0,0,125,-66.7023
4.325,0,0,125,-66.5902
4.35,0,0,125,-66.4807
4.375,0,0,125,-66.3739
4.4,0,0,125,-66.2698
4.425,0,0,125,-66.1687
4.45,0,0,125,-66.0707
4.475,0,0,125,-65.9758
4.5,0,0,125,-65.8842
4.525,0,0,125,-65.796
4.55,0,0,125,-65.7113
4.575,0,0,125,-65.6302
4.6,0,0,125,-65.5529
4.625,0,0,125,-65.4794
4.65,0,0,125,-65.4099
4.675,0,0,125,-65.3445
4.7,0,0,125,-65.2832
4.725,0,0,125,-65.2262
4.75,0,0,125,-65.1735
4.775,0,0,125,-65.1253
4.8,0,0,125,-65.0817
4.825,0,0,125,-65.0426
4.85,0,0,125,-65.0083
4.875,0,0,125,-64.9787
4.9,0,0,125,-64.954
4.925,0,0,125,-64.9341
4.95,0,0,125,-64.9192
4.975,0,0,125,-64.9092
5,0,0,125,-64.9042
