0,0,0,125,-83.4601
0.025,0,0,125,-83.4605
0.05,0,0,125,-83.4613
0.075,0,0,125,-83.4625
0.1,0,0,125,-83.464
0.125,0,0,125,-83.4656
0.15,0,0,125,-83.4675
0.175,0,0,125,-83.4694
0.2,0,0,125,-83.4713
0.225,0,0,125,-83.4732
0.25,0,0,125,-83.475
0.275,0,0,125,-83.4768
0.3,0,0,125,-83.4785
0.325,0,0,125,-83.4801
0.35,0,0,125,-83.4816
0.375,0,0,125,-83.483
0.4,0,0,125,-83.4842
0.425,0,0,125,-83.4853
0.45,0,0,125,-83.4862
0.475,0,0,125,-83.4869
0.5,0,0,125,-83.4875
0.525,0,0,125,-83.4879
0.55,0,0,125,-83.4881
0.575,0,0,125,-83.4881
0.6,0,0,125,-83.4879
0.625,0,0,125,-83.4875
0.65,0,0,125,-83.4869
0.675,0,0,125,-83.486
0.7,0,0,125,-83.4849
0.725,0,0,125,-83.4836
0.75,0,0,125,-83.4821
0.775,0,0,125,-83.4803
0.8,0,0,125,-83.4782
0.825,0,0,125,-83.4759
0.85,0,0,125,-83.4734
0.875,0,0,125,-83.4705
0.9,0,0,125,-83.4674
0.925,0,0,125,-83.464
0.95,0,0,125,-83.4603
0.975,0,0,125,-83.4563
1,0,0,125,-83.452
1.025,0,0,125,-83.4475
1.05,0,0,125,-83.4426
1.075,0,0,125,-83.4374
1.1,0,0,125,-83.4319
1.125,0,0,125,-83.4261
1.15,0,0,125,-83.4199
1.175,0,0,125,-83.4133
1.2,0,0,125,-83.4065
1.225,0,0,125,-83.3992
1.25,0,0,125,-83.3916
1.275,0,0,125,-83.3837
1.3,0,0,125,-83.3753
1.325,0,0,125,-83.3666
1.35,0,0,125,-83.3575
1.375,0,0,125,-83.348
1.4,0,0,125,-83.3381
1.425,0,0,125,-83.3279
1.45,0,0,125,-83.3172
1.475,0,0,125,-83.306
1.5,0,0,125,-83.2945
1.525,0,0,125,-83.2826
1.55,0,0,125,-83.2702
1.575,0,0,125,-83.2574
1.6,0,0,125,-83.2441
1.625,0,0,125,-83.2304
1.65,0,0,125,-83.2163
1.675,0,0,125,-83.2017
1.7,0,0,125,-83.1867
1.725,0,0,125,-83.1712
1.75,0,0,125,-83.1552
1.775,0,0,125,-83.1387
1.8,0,0,125,-83.1217
1.825,0,0,125,-83.1043
1.85,0,0,125,-83.0863
1.875,0,0,125,-83.0678
1.9,0,0,125,-83.0487
1.925,0,0,125,-83.0291
1.95,0,0,125,-83.0089
1.975,0,0,125,-82.988
2,0,0,125,-82.9665
2.025,0,0,125,-82.9443
2.05,0,0,125,-82.9214
2.075,0,0,125,-82.8977
2.1,0,0,125,-82.8731
2.125,0,0,125,-82.8477
2.15,0,0,125,-82.8214
2.175,0,0,125,-82.794
2.2,0,0,125,-82.7656
2.225,0,0,125,-82.736
2.25,0,0,125,-82.7051
2.275,0,0,125,-82.6728
2.3,0,0,125,-82.639
2.325,0,0,125,-82.6037
2.35,0,0,125,-82.5665
2.375,0,0,125,-82.5275
2.4,0,0,125,-82.4865
2.425,0,0,125,-82.4432
2.45,0,0,125,-82.3975
2.475,0,0,125,-82.3493
2.5,0,0,125,-82.2982
2.525,0,0,125,-82.2441
2.55,0,0,125,-82.1868
2.575,0,0,125,-82.1259
2.6,0,0,125,-82.0613
2.625,0,0,125,-81.9926
2.65,0,0,125,-81.9196
2.675,0,0,125,-81.8419
2.7,0,0,125,-81.7593
2.725,0,0,125,-81.6714
2.75,0,0,125,-81.5778
2.775,0,0,125,-81.4782
2.8,0,0,125,-81.3723
2.825,0,0,125,-81.2596
2.85,0,0,125,-81.1399
2.875,0,0,125,-81.0126
2.9,0,0,125,-80.8774
2.925,0,0,125,-80.7339
2.95,0,0,125,-80.5818
2.975,0,0,125,-80.4205
3,0,0,125,-80.2498
3.025,0,0,125,-80.0692
3.05,0,0,125,-79.8783
3.075,0,0,125,-79.6769
3.1,0,0,125,-79.4645
3.125,0,0,125,-79.2408
3.15,0,0,125,-79.0055
3.175,0,0,125,-78.7584
3.2,0,0,125,-78.4991
3.225,0,0,125,-78.2276
3.25,0,0,125,-77.9435
3.275,0,0,125,-77.6468
3.3,0,0,125,-77.3373
3.325,0,0,125,-77.0151
3.35,0,0,125,-76.6801
3.375,0,0,125,-76.3323
3.4,0,0,125,-75.9719
3.425,0,0,125,-75.599
3.45,0,0,125,-75.2138
3.475,0,0,125,-74.8167
3.5,0,0,125,-74.4079
3.525,0,0,125,-73.9878
3.55,0,0,125,-73.5569
3.575,0,0,125,-73.1157
3.6,0,0,125,-72.6647
3.625,0,0,125,-72.2046
3.65,0,0,125,-71.736
3.675,0,0,125,-71.2596
3.7,0,0,125,-70.7762
3.725,0,0,125,-70.2865
3.75,0,0,125,-69.7914
3.775,0,0,125,-69.2918
3.8,0,0,125,-68.7884
3.825,0,0,125,-68.2822
3.85,0,0,125,-67.7741
3.875,0,0,125,-67.2649
3.9,0,0,125,-66.7558
3.925,0,0,125,-66.2474
3.95,0,0,125,-65.7408
3.975,0,0,125,-65.2367
4,0,0,125,-64.7362
4.025,0,0,125,-64.2401
4.05,0,0,125,-63.7491
4.075,0,0,125,-63.2641
4.1,0,0,125,-62.7859
4.125,0,0,125,-62.3151
4.15,0,0,125,-61.8526
4.175,0,0,125,-61.3988
4.2,0,0,125,-60.9545
4.225,0,0,125,-60.5202
4.25,0,0,125,-60.0965
4.275,0,0,125,-59.6839
4.3,0,0,125,-59.2828
4.325,0,0,125,-58.8935
4.35,0,0,125,-58.5166
4.375,0,0,125,-58.1523
4.4,0,0,125,-57.801
4.425,0,0,125,-57.4628
4.45,0,0,125,-57.138
4.475,0,0,125,-56.8268
4.5,0,0,125,-56.5294
4.525,0,0,125,-56.246
4.55,0,0,125,-55.9765
4.575,0,0,125,-55.7213
4.6,0,0,125,-55.4802
4.625,0,0,125,-55.2533
4.65,0,0,125,-55.0408
4.675,0,0,125,-54.8426
4.7,0,0,125,-54.6588
4.725,0,0,125,-54.4893
4.75,0,0,125,-54.3341
4.775,0,0,125,-54.1933
4.8,0,0,125,-54.0667
4.825,0,0,125,-53.9545
4.85,0,0,125,-53.8565
4.875,0,0,125,-53.7726
4.9,0,0,125,-53.7029
4.925,0,0,125,-53.6473
4.95,0,0,125,-53.6056
4.975,0,0,125,-53.5779
5,0,0,125,-53.564
