0,0,0,125,-83.4764
0.025,0,0,125,-83.4768
0.05,0,0,125,-83.4776
0.075,0,0,125,-83.4787
0.1,0,0,125,-83.4802
0.125,0,0,125,-83.4818
0.15,0,0,125,-83.4836
0.175,0,0,125,-83.4855
0.2,0,0,125,-83.4873
0.225,0,0,125,-83.4892
0.25,0,0,125,-83.491
0.275,0,0,125,-83.4928
0.3,0,0,125,-83.4944
0.325,0,0,125,-83.496
0.35,0,0,125,-83.4975
0.375,0,0,125,-83.4988
0.4,0,0,125,-83.5
0.425,0,0,125,-83.5011
0.45,0,0,125,-83.502
0.475,0,0,125,-83.5028
0.5,0,0,125,-83.5034
0.525,0,0,125,-83.5037
0.55,0,0,125,-83.5039
0.575,0,0,125,-83.504
0.6,0,0,125,-83.5038
0.625,0,0,125,-83.5034
0.65,0,0,125,-83.5028
0.675,0,0,125,-83.502
0.7,0,0,125,-83.5009
0.725,0,0,125,-83.4997
0.75,0,0,125,-83.4981
0.775,0,0,125,-83.4964
0.8,0,0,125,-83.4944
0.825,0,0,125,-83.4922
0.85,0,0,125,-83.4897
0.875,0,0,125,-83.4869
0.9,0,0,125,-83.4839
0.925,0,0,125,-83.4806
0.95,0,0,125,-83.477
0.975,0,0,125,-83.4731
1,0,0,125,-83.4689
1.025,0,0,125,-83.4645
1.05,0,0,125,-83.4597
1.075,0,0,125,-83.4546
1.1,0,0,125,-83.4492
1.125,0,0,125,-83.4435
1.15,0,0,125,-83.4375
1.175,0,0,125,-83.4312
1.2,0,0,125,-83.4245
1.225,0,0,125,-83.4174
1.25,0,0,125,-83.4101
1.275,0,0,125,-83.4023
1.3,0,0,125,-83.3942
1.325,0,0,125,-83.3858
1.35,0,0,125,-83.3769
1.375,0,0,125,-83.3678
1.4,0,0,125,-83.3582
1.425,0,0,125,-83.3482
1.45,0,0,125,-83.3379
1.475,0,0,125,-83.3272
1.5,0,0,125,-83.3161
1.525,0,0,125,-83.3047
1.55,0,0,125,-83.2928
1.575,0,0,125,-83.2805
1.6,0,0,125,-83.2679
1.625,0,0,125,-83.2548
1.65,0,0,125,-83.2414
1.675,0,0,125,-83.2275
1.7,0,0,125,-83.2133
1.725,0,0,125,-83.1987
1.75,0,0,125,-83.1836
1.775,0,0,125,-83.1682
1.8,0,0,125,-83.1523
1.825,0,0,125,-83.136
1.85,0,0,125,-83.1193
1.875,0,0,125,-83.1022
1.9,0,0,125,-83.0846
1.925,0,0,125,-83.0666
1.95,0,0,125,-83.0481
1.975,0,0,125,-83.0292
2,0,0,125,-83.0098
2.025,0,0,125,-82.9899
2.05,0,0,125,-82.9694
2.075,0,0,125,-82.9484
2.1,0,0,125,-82.9268
2.125,0,0,125,-82.9046
2.15,0,0,125,-82.8817
2.175,0,0,125,-82.8581
2.2,0,0,125,-82.8337
2.225,0,0,125,-82.8086
2.25,0,0,125,-82.7825
2.275,0,0,125,-82.7556
2.3,0,0,125,-82.7276
2.325,0,0,125,-82.6984
2.35,0,0,125,-82.6681
2.375,0,0,125,-82.6365
2.4,0,0,125,-82.6035
2.425,0,0,125,-82.569
2.45,0,0,125,-82.5328
2.475,0,0,125,-82.4949
2.5,0,0,125,-82.455
2.525,0,0,125,-82.413
2.55,0,0,125,-82.3688
2.575,0,0,125,-82.3221
2.6,0,0,125,-82.2729
2.625,0,0,125,-82.2208
2.65,0,0,125,-82.1657
2.675,0,0,125,-82.1073
2.7,0,0,125,-82.0455
2.725,0,0,125,-81.9799
2.75,0,0,125,-81.9104
2.775,0,0,125,-81.8366
2.8,0,0,125,-81.7584
2.825,0,0,125,-81.6753
2.85,0,0,125,-81.5872
2.875,0,0,125,-81.4938
2.9,0,0,125,-81.3946
2.925,0,0,125,-81.2895
2.95,0,0,125,-81.1781
2.975,0,0,125,-81.0601
3,0,0,125,-80.9352
3.025,0,0,125,-80.8031
3.05,0,0,125,-80.6634
3.075,0,0,125,-80.5159
3.1,0,0,125,-80.3602
3.125,0,0,125,-80.1961
3.15,0,0,125,-80.0233
3.175,0,0,125,-79.8415
3.2,0,0,125,-79.6505
3.225,0,0,125,-79.4499
3.25,0,0,125,-79.2397
3.275,0,0,125,-79.0196
3.3,0,0,125,-78.7894
3.325,0,0,125,-78.549
3.35,0,0,125,-78.2983
3.375,0,0,125,-78.0372
3.4,0,0,125,-77.7657
3.425,0,0,125,-77.4838
3.45,0,0,125,-77.1914
3.475,0,0,125,-76.8887
3.5,0,0,125,-76.5758
3.525,0,0,125,-76.2528
3.55,0,0,125,-75.9199
3.575,0,0,125,-75.5774
3.6,0,0,125,-75.2256
3.625,0,0,125,-74.8648
3.65,0,0,125,-74.4953
3.675,0,0,125,-74.1176
3.7,0,0,125,-73.7322
3.725,0,0,125,-73.3395
3.75,0,0,125,-72.9402
3.775,0,0,125,-72.5346
3.8,0,0,125,-72.1236
3.825,0,0,125,-71.7077
3.85,0,0,125,-71.2875
3.875,0,0,125,-70.8638
3.9,0,0,125,-70.4372
3.925,0,0,125,-70.0086
3.95,0,0,125,-69.5786
3.975,0,0,125,-69.148
4,0,0,125,-68.7175
4.025,0,0,125,-68.2879
4.05,0,0,125,-67.8599
4.075,0,0,125,-67.4343
4.1,0,0,125,-67.0119
4.125,0,0,125,-66.5933
4.15,0,0,125,-66.1793
4.175,0,0,125,-65.7705
4.2,0,0,125,-65.3677
4.225,0,0,125,-64.9715
4.25,0,0,125,-64.5825
4.275,0,0,125,-64.2013
4.3,0,0,125,-63.8285
4.325,0,0,125,-63.4646
4.35,0,0,125,-63.1102
4.375,0,0,125,-62.7657
4.4,0,0,125,-62.4316
4.425,0,0,125,-62.1083
4.45,0,0,125,-61.7963
4.475,0,0,125,-61.4958
4.5,0,0,125,-61.2072
4.525,0,0,125,-60.9309
4.55,0,0,125,-60.667
4.575,0,0,125,-60.416
4.6,0,0,125,-60.1779
4.625,0,0,125,-59.9531
4.65,0,0,125,-59.7417
4.675,0,0,125,-59.5439
4.7,0,0,125,-59.3597
4.725,0,0,125,-59.1895
4.75,0,0,125,-59.0332
4.775,0,0,125,-58.8909
4.8,0,0,125,-58.7628
4.825,0,0,125,-58.649
4.85,0,0,125,-58.5493
4.875,0,0,125,-58.464
4.9,0,0,125,-58.3929
4.925,0,0,125,-58.3361
4.95,0,0,125,-58.2935
4.975,0,0,125,-58.2651
5,0,0,125,-58.2509
