0,0,0,125,-28.4773
0.025,0,0,125,-28.4872
0.05,0,0,125,-28.507
0.075,0,0,125,-28.5368
0.1,0,0,125,-28.5767
0.125,0,0,125,-28.6266
0.15,0,0,125,-28.6867
0.175,0,0,125,-28.757
0.2,0,0,125,-28.8377
0.225,0,0,125,-28.9286
0.25,0,0,125,-29.0298
0.275,0,0,125,-29.1412
0.3,0,0,125,-29.2629
0.325,0,0,125,-29.395
0.35,0,0,125,-29.5373
0.375,0,0,125,-29.6899
0.4,0,0,125,-29.853
0.425,0,0,125,-30.0265
0.45,0,0,125,-30.2105
0.475,0,0,125,-30.4051
0.5,0,0,125,-30.6104
0.525,0,0,125,-30.8265
0.55,0,0,125,-31.0536
0.575,0,0,125,-31.2918
0.6,0,0,125,-31.5414
0.625,0,0,125,-31.8024
0.65,0,0,125,-32.0751
0.675,0,0,125,-32.3598
0.7,0,0,125,-32.6567
0.725,0,0,125,-32.9661
0.75,0,0,125,-33.2882
0.775,0,0,125,-33.6235
0.8,0,0,125,-33.9722
0.825,0,0,125,-34.3348
0.85,0,0,125,-34.7115
0.875,0,0,125,-35.1028
0.9,0,0,125,-35.5091
0.925,0,0,125,-35.9308
0.95,0,0,125,-36.3684
0.975,0,0,125,-36.8222
1,0,0,125,-37.2928
1.025,0,0,125,-37.7806
1.05,0,0,125,-38.286
1.075,0,0,125,-38.8094
1.1,0,0,125,-39.3512
1.125,0,0,125,-39.912
1.15,0,0,125,-40.4919
1.175,0,0,125,-41.0913
1.2,0,0,125,-41.7106
1.225,0,0,125,-42.3498
1.25,0,0,125,-43.0092
1.275,0,0,125,-43.6889
1.3,0,0,125,-44.3888
1.325,0,0,125,-45.1088
1.35,0,0,125,-45.8488
1.375,0,0,125,-46.6084
1.4,0,0,125,-47.3872
1.425,0,0,125,-48.1846
1.45,0,0,125,-49
1.475,0,0,125,-49.8324
1.5,0,0,125,-50.6809
1.525,0,0,125,-51.5444
1.55,0,0,125,-52.4216
1.575,0,0,125,-53.311
1.6,0,0,125,-54.2111
1.625,0,0,125,-55.1203
1.65,0,0,125,-56.0366
1.675,0,0,125,-56.9583
1.7,0,0,125,-57.8831
1.725,0,0,125,-58.8092
1.75,0,0,125,-59.7342
1.775,0,0,125,-60.656
1.8,0,0,125,-61.5724
1.825,0,0,125,-62.4811
1.85,0,0,125,-63.3801
1.875,0,0,125,-64.2671
1.9,0,0,125,-65.1401
1.925,0,0,125,-65.9971
1.95,0,0,125,-66.8364
1.975,0,0,125,-67.6561
2,0,0,125,-68.4548
2.025,0,0,125,-69.2309
2.05,0,0,125,-69.9834
2.075,0,0,125,-70.711
2.1,0,0,125,-71.4131
2.125,0,0,125,-72.0887
2.15,0,0,125,-72.7376
2.175,0,0,125,-73.3592
2.2,0,0,125,-73.9535
2.225,0,0,125,-74.5204
2.25,0,0,125,-75.0602
2.275,0,0,125,-75.573
2.3,0,0,125,-76.0593
2.325,0,0,125,-76.5196
2.35,0,0,125,-76.9545
2.375,0,0,125,-77.3648
2.4,0,0,125,-77.7512
2.425,0,0,125,-78.1146
2.45,0,0,125,-78.4558
2.475,0,0,125,-78.7758
2.5,0,0,125,-79.0755
2.525,0,0,125,-79.3559
2.55,0,0,125,-79.6178
2.575,0,0,125,-79.8624
2.6,0,0,125,-80.0904
2.625,0,0,125,-80.3029
2.65,0,0,125,-80.5007
2.675,0,0,125,-80.6847
2.7,0,0,125,-80.8558
2.725,0,0,125,-81.0148
2.75,0,0,125,-81.1624
2.775,0,0,125,-81.2994
2.8,0,0,125,-81.4266
2.825,0,0,125,-81.5445
2.85,0,0,125,-81.6539
2.875,0,0,125,-81.7553
2.9,0,0,125,-81.8493
2.925,0,0,125,-81.9365
2.95,0,0,125,-82.0172
2.975,0,0,125,-82.0921
3,0,0,125,-82.1616
3.025,0,0,125,-82.2259
3.05,0,0,125,-82.2856
3.075,0,0,125,-82.341
3.1,0,0,125,-82.3923
3.125,0,0,125,-82.44
3.15,0,0,125,-82.4842
3.175,0,0,125,-82.5253
3.2,0,0,125,-82.5635
3.225,0,0,125,-82.599
3.25,0,0,125,-82.632
3.275,0,0,125,-82.6626
3.3,0,0,125,-82.6912
3.325,0,0,125,-82.7177
3.35,0,0,125,-82.7425
3.375,0,0,125,-82.7655
3.4,0,0,125,-82.787
3.425,0,0,125,-82.807
3.45,0,0,125,-82.8257
3.475,0,0,125,-82.8431
3.5,0,0,125,-82.8594
3.525,0,0,125,-82.8746
3.55,0,0,125,-82.8887
3.575,0,0,125,-82.902
3.6,0,0,125,-82.9143
3.625,0,0,125,-82.9258
3.65,0,0,125,-82.9365
3.675,0,0,125,-82.9466
3.7,0,0,125,-82.9559
3.725,0,0,125,-82.9646
3.75,0,0,125,-82.9727
3.775,0,0,125,-82.9802
3.8,0,0,125,-82.9872
3.825,0,0,125,-82.9936
3.85,0,0,125,-82.9996
3.875,0,0,125,-83.0051
3.9,0,0,125,-83.0102
3.925,0,0,125,-83.0149
3.95,0,0,125,-83.0191
3.975,0,0,125,-83.023
4,0,0,125,-83.0265
4.025,0,0,125,-83.0296
4.05,0,0,125,-83.0325
4.075,0,0,125,-83.035
4.1,0,0,125,-83.0371
4.125,0,0,125,-83.039
4.15,0,0,125,-83.0406
4.175,0,0,125,-83.0419
4.2,0,0,125,-83.0429
4.225,0,0,125,-83.0436
4.25,0,0,125,-83.0441
4.275,0,0,125,-83.0444
4.3,0,0,125,-83.0444
4.325,0,0,125,-83.0442
4.35,0,0,125,-83.0437
4.375,0,0,125,-83.0431
4.4,0,0,125,-83.0422
4.425,0,0,125,-83.0412
4.45,0,0,125,-83.04
4.475,0,0,125,-83.0386
4.5,0,0,125,-83.0371
4.525,0,0,125,-83.0354
4.55,0,0,125,-83.0336
4.575,0,0,125,-83.0316
4.6,0,0,125,-83.0295
4.625,0,0,125,-83.0273
4.65,0,0,125,-83.0249
4.675,0,0,125,-83.0225
4.7,0,0,125,-83.02
4.725,0,0,125,-83.0175
4.75,0,0,125,-83.0149
4.775,0,0,125,-83.0123
4.8,0,0,125,-83.0097
4.825,0,0,125,-83.0072
4.85,0,0,125,-83.0047
4.875,0,0,125,-83.0024
4.9,0,0,125,-83.0002
4.925,0,0,125,-82.9983
4.95,0,0,125,-82.9968
4.975,0,0,125,-82.9958
5,0,0,125,-82.9952
