0,0,0,125,-16.5947
0.025,0,0,125,-16.6017
0.05,0,0,125,-16.6156
0.075,0,0,125,-16.6364
0.1,0,0,125,-16.6643
0.125,0,0,125,-16.6993
0.15,0,0,125,-16.7413
0.175,0,0,125,-16.7906
0.2,0,0,125,-16.847
0.225,0,0,125,-16.9106
0.25,0,0,125,-16.9812
0.275,0,0,125,-17.0589
0.3,0,0,125,-17.1436
0.325,0,0,125,-17.2352
0.35,0,0,125,-17.3337
0.375,0,0,125,-17.4391
0.4,0,0,125,-17.5514
0.425,0,0,125,-17.6704
0.45,0,0,125,-17.7964
0.475,0,0,125,-17.9291
0.5,0,0,125,-18.0687
0.525,0,0,125,-18.2152
0.55,0,0,125,-18.3685
0.575,0,0,125,-18.5288
0.6,0,0,125,-18.6961
0.625,0,0,125,-18.8704
0.65,0,0,125,-19.0519
0.675,0,0,125,-19.2406
0.7,0,0,125,-19.4366
0.725,0,0,125,-19.64
0.75,0,0,125,-19.851
0.775,0,0,125,-20.0697
0.8,0,0,125,-20.2962
0.825,0,0,125,-20.5307
0.85,0,0,125,-20.7733
0.875,0,0,125,-21.0244
0.9,0,0,125,-21.2839
0.925,0,0,125,-21.5523
0.95,0,0,125,-21.8296
0.975,0,0,125,-22.1161
1,0,0,125,-22.4121
1.025,0,0,125,-22.7178
1.05,0,0,125,-23.0336
1.075,0,0,125,-23.3597
1.1,0,0,125,-23.6964
1.125,0,0,125,-24.044
1.15,0,0,125,-24.4029
1.175,0,0,125,-24.7735
1.2,0,0,125,-25.1561
1.225,0,0,125,-25.551
1.25,0,0,125,-25.9588
1.275,0,0,125,-26.3799
1.3,0,0,125,-26.8146
1.325,0,0,125,-27.2635
1.35,0,0,125,-27.727
1.375,0,0,125,-28.2057
1.4,0,0,125,-28.7
1.425,0,0,125,-29.2105
1.45,0,0,125,-29.7377
1.475,0,0,125,-30.2822
1.5,0,0,125,-30.8447
1.525,0,0,125,-31.4256
1.55,0,0,125,-32.0257
1.575,0,0,125,-32.6454
1.6,0,0,125,-33.2855
1.625,0,0,125,-33.9464
1.65,0,0,125,-34.6289
1.675,0,0,125,-35.3334
1.7,0,0,125,-36.0605
1.725,0,0,125,-36.8106
1.75,0,0,125,-37.5841
1.775,0,0,125,-38.3814
1.8,0,0,125,-39.2026
1.825,0,0,125,-40.048
1.85,0,0,125,-40.9175
1.875,0,0,125,-41.8109
1.9,0,0,125,-42.728
1.925,0,0,125,-43.6682
1.95,0,0,125,-44.6309
1.975,0,0,125,-45.6151
2,0,0,125,-46.6198
2.025,0,0,125,-47.6435
2.05,0,0,125,-48.6848
2.075,0,0,125,-49.7419
2.1,0,0,125,-50.8127
2.125,0,0,125,-51.8949
2.15,0,0,125,-52.9863
2.175,0,0,125,-54.084
2.2,0,0,125,-55.1855
2.225,0,0,125,-56.2878
2.25,0,0,125,-57.3879
2.275,0,0,125,-58.4828
2.3,0,0,125,-59.5694
2.325,0,0,125,-60.6447
2.35,0,0,125,-61.7056
2.375,0,0,125,-62.7495
2.4,0,0,125,-63.7734
2.425,0,0,125,-64.7747
2.45,0,0,125,-65.7513
2.475,0,0,125,-66.7007
2.5,0,0,125,-67.6213
2.525,0,0,125,-68.5112
2.55,0,0,125,-69.3692
2.575,0,0,125,-70.1941
2.6,0,0,125,-70.9852
2.625,0,0,125,-71.7418
2.65,0,0,125,-72.4636
2.675,0,0,125,-73.1507
2.7,0,0,125,-73.8031
2.725,0,0,125,-74.4212
2.75,0,0,125,-75.0057
2.775,0,0,125,-75.5572
2.8,0,0,125,-76.0766
2.825,0,0,125,-76.5649
2.85,0,0,125,-77.0232
2.875,0,0,125,-77.4526
2.9,0,0,125,-77.8544
2.925,0,0,125,-78.2297
2.95,0,0,125,-78.58
2.975,0,0,125,-78.9064
3,0,0,125,-79.2102
3.025,0,0,125,-79.4927
3.05,0,0,125,-79.7552
3.075,0,0,125,-79.9989
3.1,0,0,125,-80.2248
3.125,0,0,125,-80.4342
3.15,0,0,125,-80.6282
3.175,0,0,125,-80.8077
3.2,0,0,125,-80.9737
3.225,0,0,125,-81.1273
3.25,0,0,125,-81.2692
3.275,0,0,125,-81.4003
3.3,0,0,125,-81.5214
3.325,0,0,125,-81.6332
3.35,0,0,125,-81.7364
3.375,0,0,125,-81.8317
3.4,0,0,125,-81.9195
3.425,0,0,125,-82.0006
3.45,0,0,125,-82.0754
3.475,0,0,125,-82.1444
3.5,0,0,125,-82.208
3.525,0,0,125,-82.2666
3.55,0,0,125,-82.3207
3.575,0,0,125,-82.3706
3.6,0,0,125,-82.4166
3.625,0,0,125,-82.4589
3.65,0,0,125,-82.498
3.675,0,0,125,-82.534
3.7,0,0,125,-82.5671
3.725,0,0,125,-82.5976
3.75,0,0,125,-82.6258
3.775,0,0,125,-82.6516
3.8,0,0,125,-82.6755
3.825,0,0,125,-82.6974
3.85,0,0,125,-82.7175
3.875,0,0,125,-82.736
3.9,0,0,125,-82.7529
3.925,0,0,125,-82.7684
3.95,0,0,125,-82.7827
3.975,0,0,125,-82.7957
4,0,0,125,-82.8076
4.025,0,0,125,-82.8184
4.05,0,0,125,-82.8282
4.075,0,0,125,-82.8371
4.1,0,0,125,-82.8452
4.125,0,0,125,-82.8524
4.15,0,0,125,-82.8589
4.175,0,0,125,-82.8647
4.2,0,0,125,-82.8698
4.225,0,0,125,-82.8743
4.25,0,0,125,-82.8782
4.275,0,0,125,-82.8816
4.3,0,0,125,-82.8845
4.325,0,0,125,-82.8868
4.35,0,0,125,-82.8888
4.375,0,0,125,-82.8903
4.4,0,0,125,-82.8914
4.425,0,0,125,-82.8921
4.45,0,0,125,-82.8925
4.475,0,0,125,-82.8925
4.5,0,0,125,-82.8922
4.525,0,0,125,-82.8916
4.55,0,0,125,-82.8908
4.575,0,0,125,-82.8897
4.6,0,0,125,-82.8884
4.625,0,0,125,-82.8869
4.65,0,0,125,-82.8852
4.675,0,0,125,-82.8833
4.7,0,0,125,-82.8813
4.725,0,0,125,-82.8791
4.75,0,0,125,-82.8769
4.775,0,0,125,-82.8746
4.8,0,0,125,-82.8722
4.825,0,0,125,-82.8698
4.85,0,0,125,-82.8675
4.875,0,0,125,-82.8653
4.9,0,0,125,-82.8632
4.925,0,0,125,-82.8614
4.95,0,0,125,-82.8599
4.975,0,0,125,-82.8589
5,0,0,125,-82.8584
