0,0,0,125,-84.0921
0.025,0,0,125,-84.0923
0.05,0,0,125,-84.0925
0.075,0,0,125,-84.0929
0.1,0,0,125,-84.0934
0.125,0,0,125,-84.094
0.15,0,0,125,-84.0946
0.175,0,0,125,-84.0953
0.2,0,0,125,-84.096
0.225,0,0,125,-84.0967
0.25,0,0,125,-84.0974
0.275,0,0,125,-84.0981
0.3,0,0,125,-84.0988
0.325,0,0,125,-84.0996
0.35,0,0,125,-84.1003
0.375,0,0,125,-84.101
0.4,0,0,125,-84.1018
0.425,0,0,125,-84.1024
0.45,0,0,125,-84.1031
0.475,0,0,125,-84.1038
0.5,0,0,125,-84.1044
0.525,0,0,125,-84.105
0.55,0,0,125,-84.1056
0.575,0,0,125,-84.1063
0.6,0,0,125,-84.1068
0.625,0,0,125,-84.1074
0.65,0,0,125,-84.108
0.675,0,0,125,-84.1086
0.7,0,0,125,-84.1092
0.725,0,0,125,-84.1098
0.75,0,0,125,-84.1104
0.775,0,0,125,-84.111
0.8,0,0,125,-84.1116
0.825,0,0,125,-84.1122
0.85,0,0,125,-84.1128
0.875,0,0,125,-84.1135
0.9,0,0,125,-84.1141
0.925,0,0,125,-84.1148
0.95,0,0,125,-84.1155
0.975,0,0,125,-84.1162
1,0,0,125,-84.1169
1.025,0,0,125,-84.1176
1.05,0,0,125,-84.1183
1.075,0,0,125,-84.119
1.1,0,0,125,-84.1197
1.125,0,0,125,-84.1205
1.15,0,0,125,-84.1212
1.175,0,0,125,-84.1219
1.2,0,0,125,-84.1226
1.225,0,0,125,-84.1234
1.25,0,0,125,-84.1241
1.275,0,0,125,-84.1249
1.3,0,0,125,-84.1257
1.325,0,0,125,-84.1265
1.35,0,0,125,-84.1273
1.375,0,0,125,-84.1281
1.4,0,0,125,-84.129
1.425,0,0,125,-84.1299
1.45,0,0,125,-84.1307
1.475,0,0,125,-84.1316
1.5,0,0,125,-84.1325
1.525,0,0,125,-84.1335
1.55,0,0,125,-84.1344
1.575,0,0,125,-84.1354
1.6,0,0,125,-84.1363
1.625,0,0,125,-84.1373
1.65,0,0,125,-84.1383
1.675,0,0,125,-84.1393
1.7,0,0,125,-84.1404
1.725,0,0,125,-84.1414
1.75,0,0,125,-84.1425
1.775,0,0,125,-84.1436
1.8,0,0,125,-84.1447
1.825,0,0,125,-84.1458
1.85,0,0,125,-84.1469
1.875,0,0,125,-84.1481
1.9,0,0,125,-84.1493
1.925,0,0,125,-84.1505
1.95,0,0,125,-84.1518
1.975,0,0,125,-84.1531
2,0,0,125,-84.1545
2.025,0,0,125,-84.1559
2.05,0,0,125,-84.1573
2.075,0,0,125,-84.1588
2.1,0,0,125,-84.1603
2.125,0,0,125,-84.1618
2.15,0,0,125,-84.1634
2.175,0,0,125,-84.165
2.2,0,0,125,-84.1667
2.225,0,0,125,-84.1684
2.25,0,0,125,-84.1701
2.275,0,0,125,-84.1718
2.3,0,0,125,-84.1736
2.325,0,0,125,-84.1755
2.35,0,0,125,-84.1773
2.375,0,0,125,-84.1792
2.4,0,0,125,-84.1812
2.425,0,0,125,-84.1832
2.45,0,0,125,-84.1852
2.475,0,0,125,-84.1872
2.5,0,0,125,-84.1893
2.525,0,0,125,-84.1914
2.55,0,0,125,-84.1936
2.575,0,0,125,-84.1958
2.6,0,0,125,-84.198
2.625,0,0,125,-84.2003
2.65,0,0,125,-84.2026
2.675,0,0,125,-84.2049
2.7,0,0,125,-84.2073
2.725,0,0,125,-84.2097
2.75,0,0,125,-84.2121
2.775,0,0,125,-84.2146
2.8,0,0,125,-84.2171
2.825,0,0,125,-84.2196
2.85,0,0,125,-84.2221
2.875,0,0,125,-84.2247
2.9,0,0,125,-84.2272
2.925,0,0,125,-84.2298
2.95,0,0,125,-84.2324
2.975,0,0,125,-84.235
3,0,0,125,-84.2375
3.025,0,0,125,-84.2401
3.05,0,0,125,-84.2427
3.075,0,0,125,-84.2453
3.1,0,0,125,-84.2478
3.125,0,0,125,-84.2503
3.15,0,0,125,-84.2529
3.175,0,0,125,-84.2554
3.2,0,0,125,-84.2579
3.225,0,0,125,-84.2604
3.25,0,0,125,-84.2628
3.275,0,0,125,-84.2653
3.3,0,0,125,-84.2678
3.325,0,0,125,-84.2702
3.35,0,0,125,-84.2726
3.375,0,0,125,-84.2749
3.4,0,0,125,-84.2772
3.425,0,0,125,-84.2795
3.45,0,0,125,-84.2818
3.475,0,0,125,-84.284
3.5,0,0,125,-84.2861
3.525,0,0,125,-84.2883
3.55,0,0,125,-84.2904
3.575,0,0,125,-84.2924
3.6,0,0,125,-84.2944
3.625,0,0,125,-84.2964
3.65,0,0,125,-84.2983
3.675,0,0,125,-84.3002
3.7,0,0,125,-84.3021
3.725,0,0,125,-84.3039
3.75,0,0,125,-84.3057
3.775,0,0,125,-84.3074
3.8,0,0,125,-84.3092
3.825,0,0,125,-84.3108
3.85,0,0,125,-84.3125
3.875,0,0,125,-84.3141
3.9,0,0,125,-84.3156
3.925,0,0,125,-84.3171
3.95,0,0,125,-84.3185
3.975,0,0,125,-84.3199
4,0,0,125,-84.3212
4.025,0,0,125,-84.3224
4.05,0,0,125,-84.3236
4.075,0,0,125,-84.3247
4.1,0,0,125,-84.3258
4.125,0,0,125,-84.3268
4.15,0,0,125,-84.3277
4.175,0,0,125,-84.3286
4.2,0,0,125,-84.3295
4.225,0,0,125,-84.3303
4.25,0,0,125,-84.3311
4.275,0,0,125,-84.3319
4.3,0,0,125,-84.3326
4.325,0,0,125,-84.3333
4.35,0,0,125,-84.3339
4.375,0,0,125,-84.3345
4.4,0,0,125,-84.3351
4.425,0,0,125,-84.3357
4.45,0,0,125,-84.3362
4.475,0,0,125,-84.3366
4.5,0,0,125,-84.337
4.525,0,0,125,-84.3374
4.55,0,0,125,-84.3378
4.575,0,0,125,-84.3381
4.6,0,0,125,-84.3384
4.625,0,0,125,-84.3386
4.65,0,0,125,-84.3388
4.675,0,0,125,-84.339
4.7,0,0,125,-84.3391
4.725,0,0,125,-84.3393
4.75,0,0,125,-84.3394
4.775,0,0,125,-84.3395
4.8,0,0,125,-84.3396
4.825,0,0,125,-84.3397
4.85,0,0,125,-84.3397
4.875,0,0,125,-84.3398
4.9,0,0,125,-84.3398
4.925,0,0,125,-84.3399
4.95,0,0,125,-84.3399
4.975,0,0,125,-84.3399
5,0,0,125,-84.3399
