0,0,0,125,-40.7695
0.025,0,0,125,-40.782
0.05,0,0,125,-40.8071
0.075,0,0,125,-40.8448
0.1,0,0,125,-40.8952
0.125,0,0,125,-40.9582
0.15,0,0,125,-41.0327
0.175,0,0,125,-41.1162
0.2,0,0,125,-41.2045
0.225,0,0,125,-41.2932
0.25,0,0,125,-41.3778
0.275,0,0,125,-41.4542
0.3,0,0,125,-41.5185
0.325,0,0,125,-41.5676
0.35,0,0,125,-41.5984
0.375,0,0,125,-41.6085
0.4,0,0,125,-41.5956
0.425,0,0,125,-41.558
0.45,0,0,125,-41.4941
0.475,0,0,125,-41.4027
0.5,0,0,125,-41.2828
0.525,0,0,125,-41.1337
0.55,0,0,125,-40.955
0.575,0,0,125,-40.7464
0.6,0,0,125,-40.5079
0.625,0,0,125,-40.2397
0.65,0,0,125,-39.9421
0.675,0,0,125,-39.6157
0.7,0,0,125,-39.261
0.725,0,0,125,-38.879
0.75,0,0,125,-38.4705
0.775,0,0,125,-38.0366
0.8,0,0,125,-37.5784
0.825,0,0,125,-37.0971
0.85,0,0,125,-36.594
0.875,0,0,125,-36.0705
0.9,0,0,125,-35.528
0.925,0,0,125,-34.9679
0.95,0,0,125,-34.3917
0.975,0,0,125,-33.8008
1,0,0,125,-33.1968
1.025,0,0,125,-32.581
1.05,0,0,125,-31.9551
1.075,0,0,125,-31.3203
1.1,0,0,125,-30.6783
1.125,0,0,125,-30.0303
1.15,0,0,125,-29.3777
1.175,0,0,125,-28.7219
1.2,0,0,125,-28.0642
1.225,0,0,125,-27.4058
1.25,0,0,125,-26.7478
1.275,0,0,125,-26.0915
1.3,0,0,125,-25.438
1.325,0,0,125,-24.7882
1.35,0,0,125,-24.1431
1.375,0,0,125,-23.5037
1.4,0,0,125,-22.8707
1.425,0,0,125,-22.2451
1.45,0,0,125,-21.6274
1.475,0,0,125,-21.0184
1.5,0,0,125,-20.4186
1.525,0,0,125,-19.8287
1.55,0,0,125,-19.2489
1.575,0,0,125,-18.6798
1.6,0,0,125,-18.1218
1.625,0,0,125,-17.575
1.65,0,0,125,-17.0398
1.675,0,0,125,-16.5163
1.7,0,0,125,-16.0047
1.725,0,0,125,-15.5051
1.75,0,0,125,-15.0175
1.775,0,0,125,-14.5421
1.8,0,0,125,-14.0786
1.825,0,0,125,-13.6272
1.85,0,0,125,-13.1878
1.875,0,0,125,-12.7601
1.9,0,0,125,-12.3442
1.925,0,0,125,-11.9398
1.95,0,0,125,-11.5468
1.975,0,0,125,-11.165
2,0,0,125,-10.7943
2.025,0,0,125,-10.4343
2.05,0,0,125,-10.0849
2.075,0,0,125,-9.74592
2.1,0,0,125,-9.41704
2.125,0,0,125,-9.09804
2.15,0,0,125,-8.78868
2.175,0,0,125,-8.48873
2.2,0,0,125,-8.19793
2.225,0,0,125,-7.91603
2.25,0,0,125,-7.64279
2.275,0,0,125,-7.37796
2.3,0,0,125,-7.1213
2.325,0,0,125,-6.87256
2.35,0,0,125,-6.63151
2.375,0,0,125,-6.3979
2.4,0,0,125,-6.17151
2.425,0,0,125,-5.9521
2.45,0,0,125,-5.73945
2.475,0,0,125,-5.53334
2.5,0,0,125,-5.33354
2.525,0,0,125,-5.13985
2.55,0,0,125,-4.95205
2.575,0,0,125,-4.76994
2.6,0,0,125,-4.59331
2.625,0,0,125,-4.42197
2.65,0,0,125,-4.25573
2.675,0,0,125,-4.09439
2.7,0,0,125,-3.93777
2.725,0,0,125,-3.78569
2.75,0,0,125,-3.63797
2.775,0,0,125,-3.49442
2.8,0,0,125,-3.35489
2.825,0,0,125,-3.21919
2.85,0,0,125,-3.08717
2.875,0,0,125,-2.95866
2.9,0,0,125,-2.83349
2.925,0,0,125,-2.71151
2.95,0,0,125,-2.59255
2.975,0,0,125,-2.47648
3,0,0,125,-2.36313
3.025,0,0,125,-2.25235
3.05,0,0,125,-2.14399
3.075,0,0,125,-2.0379
3.1,0,0,125,-1.93395
3.125,0,0,125,-1.83197
3.15,0,0,125,-1.73184
3.175,0,0,125,-1.6334
3.2,0,0,125,-1.53652
3.225,0,0,125,-1.44105
3.25,0,0,125,-1.34685
3.275,0,0,125,-1.25379
3.3,0,0,125,-1.16173
3.325,0,0,125,-1.07052
3.35,0,0,125,-0.980031
3.375,0,0,125,-0.890125
3.4,0,0,125,-0.800665
3.425,0,0,125,-0.711513
3.45,0,0,125,-0.622533
3.475,0,0,125,-0.533589
3.5,0,0,125,-0.444542
3.525,0,0,125,-0.355257
3.55,0,0,125,-0.265595
3.575,0,0,125,-0.17542
3.6,0,0,125,-0.0845912
3.625,0,0,125,0.00702914
3.65,0,0,125,0.0995818
3.675,0,0,125,0.193208
3.7,0,0,125,0.288053
3.725,0,0,125,0.38426
3.75,0,0,125,0.48198
3.775,0,0,125,0.581365
3.8,0,0,125,0.682572
3.825,0,0,125,0.785766
3.85,0,0,125,0.891119
3.875,0,0,125,0.998813
3.9,0,0,125,1.10905
3.925,0,0,125,1.22203
3.95,0,0,125,1.338
3.975,0,0,125,1.45722
4,0,0,125,1.57998
4.025,0,0,125,1.70662
4.05,0,0,125,1.83754
4.075,0,0,125,1.97318
4.1,0,0,125,2.11408
4.125,0,0,125,2.26084
4.15,0,0,125,2.4142
4.175,0,0,125,2.57497
4.2,0,0,125,2.74415
4.225,0,0,125,2.92284
4.25,0,0,125,3.11234
4.275,0,0,125,3.31408
4.3,0,0,125,3.52969
4.325,0,0,125,3.76096
4.35,0,0,125,4.00982
4.375,0,0,125,4.27833
4.4,0,0,125,4.56863
4.425,0,0,125,4.8829
4.45,0,0,125,5.22323
4.475,0,0,125,5.59159
4.5,0,0,125,5.98968
4.525,0,0,125,6.4188
4.55,0,0,125,6.87971
4.575,0,0,125,7.37248
4.6,0,0,125,7.89634
4.625,0,0,125,8.44951
4.65,0,0,125,9.02909
4.675,0,0,125,9.63095
4.7,0,0,125,10.2497
4.725,0,0,125,10.8785
4.75,0,0,125,11.5094
4.775,0,0,125,12.1334
4.8,0,0,125,12.7401
4.825,0,0,125,13.3189
4.85,0,0,125,13.8585
4.875,0,0,125,14.3477
4.9,0,0,125,14.7756
4.925,0,0,125,15.1321
4.95,0,0,125,15.4083
4.975,0,0,125,15.5968
5,0,0,125,15.6925
