0,0,0,125,-83.4753
0.025,0,0,125,-83.4756
0.05,0,0,125,-83.4762
0.075,0,0,125,-83.4771
0.1,0,0,125,-83.4782
0.125,0,0,125,-83.4794
0.15,0,0,125,-83.4808
0.175,0,0,125,-83.4822
0.2,0,0,125,-83.4836
0.225,0,0,125,-83.4851
0.25,0,0,125,-83.4866
0.275,0,0,125,-83.4881
0.3,0,0,125,-83.4896
0.325,0,0,125,-83.4911
0.35,0,0,125,-83.4925
0.375,0,0,125,-83.494
0.4,0,0,125,-83.4954
0.425,0,0,125,-83.4968
0.45,0,0,125,-83.4982
0.475,0,0,125,-83.4996
0.5,0,0,125,-83.501
0.525,0,0,125,-83.5024
0.55,0,0,125,-83.5037
0.575,0,0,125,-83.5051
0.6,0,0,125,-83.5064
0.625,0,0,125,-83.5077
0.65,0,0,125,-83.509
0.675,0,0,125,-83.5103
0.7,0,0,125,-83.5115
0.725,0,0,125,-83.5128
0.75,0,0,125,-83.514
0.775,0,0,125,-83.5152
0.8,0,0,125,-83.5165
0.825,0,0,125,-83.5177
0.85,0,0,125,-83.519
0.875,0,0,125,-83.5203
0.9,0,0,125,-83.5216
0.925,0,0,125,-83.5229
0.95,0,0,125,-83.5242
0.975,0,0,125,-83.5255
1,0,0,125,-83.5268
1.025,0,0,125,-83.5282
1.05,0,0,125,-83.5295
1.075,0,0,125,-83.5309
1.1,0,0,125,-83.5322
1.125,0,0,125,-83.5336
1.15,0,0,125,-83.535
1.175,0,0,125,-83.5364
1.2,0,0,125,-83.5379
1.225,0,0,125,-83.5393
1.25,0,0,125,-83.5409
1.275,0,0,125,-83.5424
1.3,0,0,125,-83.544
1.325,0,0,125,-83.5456
1.35,0,0,125,-83.5473
1.375,0,0,125,-83.549
1.4,0,0,125,-83.5507
1.425,0,0,125,-83.5525
1.45,0,0,125,-83.5543
1.475,0,0,125,-83.5561
1.5,0,0,125,-83.558
1.525,0,0,125,-83.5599
1.55,0,0,125,-83.5619
1.575,0,0,125,-83.5639
1.6,0,0,125,-83.5659
1.625,0,0,125,-83.5679
1.65,0,0,125,-83.57
1.675,0,0,125,-83.5722
1.7,0,0,125,-83.5744
1.725,0,0,125,-83.5767
1.75,0,0,125,-83.579
1.775,0,0,125,-83.5813
1.8,0,0,125,-83.5836
1.825,0,0,125,-83.5861
1.85,0,0,125,-83.5886
1.875,0,0,125,-83.5911
1.9,0,0,125,-83.5937
1.925,0,0,125,-83.5964
1.95,0,0,125,-83.5992
1.975,0,0,125,-83.602
2,0,0,125,-83.6049
2.025,0,0,125,-83.6078
2.05,0,0,125,-83.6108
2.075,0,0,125,-83.6139
2.1,0,0,125,-83.6171
2.125,0,0,125,-83.6204
2.15,0,0,125,-83.6237
2.175,0,0,125,-83.6272
2.2,0,0,125,-83.6307
2.225,0,0,125,-83.6343
2.25,0,0,125,-83.638
2.275,0,0,125,-83.6418
2.3,0,0,125,-83.6456
2.325,0,0,125,-83.6496
2.35,0,0,125,-83.6536
2.375,0,0,125,-83.6577
2.4,0,0,125,-83.6619
2.425,0,0,125,-83.6662
2.45,0,0,125,-83.6705
2.475,0,0,125,-83.675
2.5,0,0,125,-83.6796
2.525,0,0,125,-83.6842
2.55,0,0,125,-83.6889
2.575,0,0,125,-83.6937
2.6,0,0,125,-83.6985
2.625,0,0,125,-83.7034
2.65,0,0,125,-83.7084
2.675,0,0,125,-83.7134
2.7,0,0,125,-83.7185
2.725,0,0,125,-83.7237
2.75,0,0,125,-83.7289
2.775,0,0,125,-83.7342
2.8,0,0,125,-83.7395
2.825,0,0,125,-83.7449
2.85,0,0,125,-83.7504
2.875,0,0,125,-83.7559
2.9,0,0,125,-83.7614
2.925,0,0,125,-83.767
2.95,0,0,125,-83.7726
2.975,0,0,125,-83.7782
3,0,0,125,-83.7839
3.025,0,0,125,-83.7895
3.05,0,0,125,-83.7952
3.075,0,0,125,-83.8009
3.1,0,0,125,-83.8065
3.125,0,0,125,-83.8122
3.15,0,0,125,-83.8178
3.175,0,0,125,-83.8235
3.2,0,0,125,-83.829
3.225,0,0,125,-83.8346
3.25,0,0,125,-83.8401
3.275,0,0,125,-83.8456
3.3,0,0,125,-83.851
3.325,0,0,125,-83.8564
3.35,0,0,125,-83.8618
3.375,0,0,125,-83.8671
3.4,0,0,125,-83.8723
3.425,0,0,125,-83.8774
3.45,0,0,125,-83.8825
3.475,0,0,125,-83.8875
3.5,0,0,125,-83.8925
3.525,0,0,125,-83.8973
3.55,0,0,125,-83.9021
3.575,0,0,125,-83.9068
3.6,0,0,125,-83.9114
3.625,0,0,125,-83.9159
3.65,0,0,125,-83.9203
3.675,0,0,125,-83.9245
3.7,0,0,125,-83.9287
3.725,0,0,125,-83.9327
3.75,0,0,125,-83.9367
3.775,0,0,125,-83.9405
3.8,0,0,125,-83.9442
3.825,0,0,125,-83.9478
3.85,0,0,125,-83.9513
3.875,0,0,125,-83.9547
3.9,0,0,125,-83.958
3.925,0,0,125,-83.9611
3.95,0,0,125,-83.9642
3.975,0,0,125,-83.9671
4,0,0,125,-83.9699
4.025,0,0,125,-83.9727
4.05,0,0,125,-83.9752
4.075,0,0,125,-83.9777
4.1,0,0,125,-83.9801
4.125,0,0,125,-83.9823
4.15,0,0,125,-83.9845
4.175,0,0,125,-83.9865
4.2,0,0,125,-83.9885
4.225,0,0,125,-83.9904
4.25,0,0,125,-83.9921
4.275,0,0,125,-83.9938
4.3,0,0,125,-83.9954
4.325,0,0,125,-83.9969
4.35,0,0,125,-83.9983
4.375,0,0,125,-83.9996
4.4,0,0,125,-84.0009
4.425,0,0,125,-84.002
4.45,0,0,125,-84.0031
4.475,0,0,125,-84.004
4.5,0,0,125,-84.005
4.525,0,0,125,-84.0058
4.55,0,0,125,-84.0066
4.575,0,0,125,-84.0074
4.6,0,0,125,-84.008
4.625,0,0,125,-84.0086
4.65,0,0,125,-84.0092
4.675,0,0,125,-84.0096
4.7,0,0,125,-84.01
4.725,0,0,125,-84.0104
4.75,0,0,125,-84.0107
4.775,0,0,125,-84.011
4.8,0,0,125,-84.0112
4.825,0,0,125,-84.0114
4.85,0,0,125,-84.0115
4.875,0,0,125,-84.0116
4.9,0,0,125,-84.0117
4.925,0,0,125,-84.0118
4.95,0,0,125,-84.0118
4.975,0,0,125,-84.0119
5,0,0,125,-84.0119
