0,0,0,125,-84.3823
0.025,0,0,125,-84.3824
0.05,0,0,125,-84.3825
0.075,0,0,125,-84.3827
0.1,0,0,125,-84.3829
0.125,0,0,125,-84.3831
0.15,0,0,125,-84.3834
0.175,0,0,125,-84.3836
0.2,0,0,125,-84.3839
0.225,0,0,125,-84.3842
0.25,0,0,125,-84.3844
0.275,0,0,125,-84.3847
0.3,0,0,125,-84.385
0.325,0,0,125,-84.3853
0.35,0,0,125,-84.3856
0.375,0,0,125,-84.386
0.4,0,0,125,-84.3862
0.425,0,0,125,-84.3865
0.45,0,0,125,-84.3868
0.475,0,0,125,-84.3871
0.5,0,0,125,-84.3873
0.525,0,0,125,-84.3876
0.55,0,0,125,-84.3878
0.575,0,0,125,-84.388
0.6,0,0,125,-84.3883
0.625,0,0,125,-84.3885
0.65,0,0,125,-84.3887
0.675,0,0,125,-84.389
0.7,0,0,125,-84.3892
0.725,0,0,125,-84.3894
0.75,0,0,125,-84.3896
0.775,0,0,125,-84.3898
0.8,0,0,125,-84.3901
0.825,0,0,125,-84.3903
0.85,0,0,125,-84.3905
0.875,0,0,125,-84.3907
0.9,0,0,125,-84.391
0.925,0,0,125,-84.3912
0.95,0,0,125,-84.3914
0.975,0,0,125,-84.3917
1,0,0,125,-84.3919
1.025,0,0,125,-84.3921
1.05,0,0,125,-84.3924
1.075,0,0,125,-84.3926
1.1,0,0,125,-84.3929
1.125,0,0,125,-84.3932
1.15,0,0,125,-84.3935
1.175,0,0,125,-84.3938
1.2,0,0,125,-84.3941
1.225,0,0,125,-84.3944
1.25,0,0,125,-84.3947
1.275,0,0,125,-84.395
1.3,0,0,125,-84.3954
1.325,0,0,125,-84.3957
1.35,0,0,125,-84.3961
1.375,0,0,125,-84.3965
1.4,0,0,125,-84.3968
1.425,0,0,125,-84.3972
1.45,0,0,125,-84.3976
1.475,0,0,125,-84.398
1.5,0,0,125,-84.3985
1.525,0,0,125,-84.3989
1.55,0,0,125,-84.3993
1.575,0,0,125,-84.3998
1.6,0,0,125,-84.4002
1.625,0,0,125,-84.4007
1.65,0,0,125,-84.4012
1.675,0,0,125,-84.4017
1.7,0,0,125,-84.4022
1.725,0,0,125,-84.4027
1.75,0,0,125,-84.4032
1.775,0,0,125,-84.4037
1.8,0,0,125,-84.4042
1.825,0,0,125,-84.4047
1.85,0,0,125,-84.4051
1.875,0,0,125,-84.4056
1.9,0,0,125,-84.4061
1.925,0,0,125,-84.4066
1.95,0,0,125,-84.4071
1.975,0,0,125,-84.4076
2,0,0,125,-84.4081
2.025,0,0,125,-84.4087
2.05,0,0,125,-84.4093
2.075,0,0,125,-84.4098
2.1,0,0,125,-84.4104
2.125,0,0,125,-84.411
2.15,0,0,125,-84.4117
2.175,0,0,125,-84.4123
2.2,0,0,125,-84.413
2.225,0,0,125,-84.4136
2.25,0,0,125,-84.4143
2.275,0,0,125,-84.415
2.3,0,0,125,-84.4158
2.325,0,0,125,-84.4165
2.35,0,0,125,-84.4172
2.375,0,0,125,-84.418
2.4,0,0,125,-84.4188
2.425,0,0,125,-84.4196
2.45,0,0,125,-84.4204
2.475,0,0,125,-84.4212
2.5,0,0,125,-84.4221
2.525,0,0,125,-84.4229
2.55,0,0,125,-84.4238
2.575,0,0,125,-84.4247
2.6,0,0,125,-84.4256
2.625,0,0,125,-84.4265
2.65,0,0,125,-84.4274
2.675,0,0,125,-84.4284
2.7,0,0,125,-84.4293
2.725,0,0,125,-84.4303
2.75,0,0,125,-84.4313
2.775,0,0,125,-84.4323
2.8,0,0,125,-84.4333
2.825,0,0,125,-84.4344
2.85,0,0,125,-84.4354
2.875,0,0,125,-84.4365
2.9,0,0,125,-84.4375
2.925,0,0,125,-84.4386
2.95,0,0,125,-84.4397
2.975,0,0,125,-84.4408
3,0,0,125,-84.4419
3.025,0,0,125,-84.443
3.05,0,0,125,-84.444
3.075,0,0,125,-84.4451
3.1,0,0,125,-84.4462
3.125,0,0,125,-84.4472
3.15,0,0,125,-84.4482
3.175,0,0,125,-84.4493
3.2,0,0,125,-84.4503
3.225,0,0,125,-84.4512
3.25,0,0,125,-84.4522
3.275,0,0,125,-84.4531
3.3,0,0,125,-84.4541
3.325,0,0,125,-84.455
3.35,0,0,125,-84.4559
3.375,0,0,125,-84.4568
3.4,0,0,125,-84.4577
3.425,0,0,125,-84.4585
3.45,0,0,125,-84.4594
3.475,0,0,125,-84.4602
3.5,0,0,125,-84.461
3.525,0,0,125,-84.4618
3.55,0,0,125,-84.4626
3.575,0,0,125,-84.4634
3.6,0,0,125,-84.4641
3.625,0,0,125,-84.4649
3.65,0,0,125,-84.4656
3.675,0,0,125,-84.4663
3.7,0,0,125,-84.467
3.725,0,0,125,-84.4676
3.75,0,0,125,-84.4683
3.775,0,0,125,-84.469
3.8,0,0,125,-84.4696
3.825,0,0,125,-84.4702
3.85,0,0,125,-84.4708
3.875,0,0,125,-84.4714
3.9,0,0,125,-84.4719
3.925,0,0,125,-84.4725
3.95,0,0,125,-84.473
3.975,0,0,125,-84.4735
4,0,0,125,-84.474
4.025,0,0,125,-84.4745
4.05,0,0,125,-84.475
4.075,0,0,125,-84.4755
4.1,0,0,125,-84.4759
4.125,0,0,125,-84.4763
4.15,0,0,125,-84.4767
4.175,0,0,125,-84.4771
4.2,0,0,125,-84.4775
4.225,0,0,125,-84.4779
4.25,0,0,125,-84.4782
4.275,0,0,125,-84.4786
4.3,0,0,125,-84.4789
4.325,0,0,125,-84.4792
4.35,0,0,125,-84.4795
4.375,0,0,125,-84.4798
4.4,0,0,125,-84.48
4.425,0,0,125,-84.4803
4.45,0,0,125,-84.4805
4.475,0,0,125,-84.4807
4.5,0,0,125,-84.4809
4.525,0,0,125,-84.4811
4.55,0,0,125,-84.4813
4.575,0,0,125,-84.4814
4.6,0,0,125,-84.4816
4.625,0,0,125,-84.4817
4.65,0,0,125,-84.4818
4.675,0,0,125,-84.4819
4.7,0,0,125,-84.482
4.725,0,0,125,-84.482
4.75,0,0,125,-84.4821
4.775,0,0,125,-84.4821
4.8,0,0,125,-84.4821
4.825,0,0,125,-84.4821
4.85,0,0,125,-84.4821
4.875,0,0,125,-84.4821
4.9,0,0,125,-84.482
4.925,0,0,125,-84.482
4.95,0,0,125,-84.482
4.975,0,0,125,-84.4819
5,0,0,125,-84.4819
