0,0,0,125,-84.4559
0.025,0,0,125,-84.456
0.05,0,0,125,-84.456
0.075,0,0,125,-84.4561
0.1,0,0,125,-84.4562
0.125,0,0,125,-84.4564
0.15,0,0,125,-84.4565
0.175,0,0,125,-84.4567
0.2,0,0,125,-84.4569
0.225,0,0,125,-84.457
0.25,0,0,125,-84.4572
0.275,0,0,125,-84.4574
0.3,0,0,125,-84.4576
0.325,0,0,125,-84.4578
0.35,0,0,125,-84.458
0.375,0,0,125,-84.4582
0.4,0,0,125,-84.4584
0.425,0,0,125,-84.4586
0.45,0,0,125,-84.4587
0.475,0,0,125,-84.4589
0.5,0,0,125,-84.4591
0.525,0,0,125,-84.4592
0.55,0,0,125,-84.4594
0.575,0,0,125,-84.4595
0.6,0,0,125,-84.4597
0.625,0,0,125,-84.4598
0.65,0,0,125,-84.4599
0.675,0,0,125,-84.4601
0.7,0,0,125,-84.4602
0.725,0,0,125,-84.4603
0.75,0,0,125,-84.4605
0.775,0,0,125,-84.4606
0.8,0,0,125,-84.4608
0.825,0,0,125,-84.4609
0.85,0,0,125,-84.461
0.875,0,0,125,-84.4612
0.9,0,0,125,-84.4613
0.925,0,0,125,-84.4614
0.95,0,0,125,-84.4616
0.975,0,0,125,-84.4617
1,0,0,125,-84.4619
1.025,0,0,125,-84.462
1.05,0,0,125,-84.4622
1.075,0,0,125,-84.4623
1.1,0,0,125,-84.4625
1.125,0,0,125,-84.4626
1.15,0,0,125,-84.4628
1.175,0,0,125,-84.463
1.2,0,0,125,-84.4631
1.225,0,0,125,-84.4633
1.25,0,0,125,-84.4635
1.275,0,0,125,-84.4636
1.3,0,0,125,-84.4638
1.325,0,0,125,-84.464
1.35,0,0,125,-84.4642
1.375,0,0,125,-84.4644
1.4,0,0,125,-84.4646
1.425,0,0,125,-84.4648
1.45,0,0,125,-84.465
1.475,0,0,125,-84.4652
1.5,0,0,125,-84.4654
1.525,0,0,125,-84.4656
1.55,0,0,125,-84.4658
1.575,0,0,125,-84.466
1.6,0,0,125,-84.4662
1.625,0,0,125,-84.4664
1.65,0,0,125,-84.4667
1.675,0,0,125,-84.4669
1.7,0,0,125,-84.4672
1.725,0,0,125,-84.4674
1.75,0,0,125,-84.4676
1.775,0,0,125,-84.4679
1.8,0,0,125,-84.4682
1.825,0,0,125,-84.4684
1.85,0,0,125,-84.4687
1.875,0,0,125,-84.469
1.9,0,0,125,-84.4693
1.925,0,0,125,-84.4696
1.95,0,0,125,-84.47
1.975,0,0,125,-84.4703
2,0,0,125,-84.4706
2.025,0,0,125,-84.471
2.05,0,0,125,-84.4713
2.075,0,0,125,-84.4717
2.1,0,0,125,-84.4721
2.125,0,0,125,-84.4725
2.15,0,0,125,-84.4729
2.175,0,0,125,-84.4733
2.2,0,0,125,-84.4737
2.225,0,0,125,-84.4741
2.25,0,0,125,-84.4745
2.275,0,0,125,-84.475
2.3,0,0,125,-84.4754
2.325,0,0,125,-84.4759
2.35,0,0,125,-84.4764
2.375,0,0,125,-84.4769
2.4,0,0,125,-84.4773
2.425,0,0,125,-84.4778
2.45,0,0,125,-84.4784
2.475,0,0,125,-84.4789
2.5,0,0,125,-84.4794
2.525,0,0,125,-84.4799
2.55,0,0,125,-84.4805
2.575,0,0,125,-84.4811
2.6,0,0,125,-84.4816
2.625,0,0,125,-84.4822
2.65,0,0,125,-84.4828
2.675,0,0,125,-84.4834
2.7,0,0,125,-84.484
2.725,0,0,125,-84.4846
2.75,0,0,125,-84.4852
2.775,0,0,125,-84.4859
2.8,0,0,125,-84.4865
2.825,0,0,125,-84.4872
2.85,0,0,125,-84.4878
2.875,0,0,125,-84.4885
2.9,0,0,125,-84.4892
2.925,0,0,125,-84.4899
2.95,0,0,125,-84.4906
2.975,0,0,125,-84.4913
3,0,0,125,-84.492
3.025,0,0,125,-84.4927
3.05,0,0,125,-84.4934
3.075,0,0,125,-84.4941
3.1,0,0,125,-84.4948
3.125,0,0,125,-84.4954
3.15,0,0,125,-84.4961
3.175,0,0,125,-84.4967
3.2,0,0,125,-84.4974
3.225,0,0,125,-84.498
3.25,0,0,125,-84.4986
3.275,0,0,125,-84.4992
3.3,0,0,125,-84.4999
3.325,0,0,125,-84.5004
3.35,0,0,125,-84.501
3.375,0,0,125,-84.5016
3.4,0,0,125,-84.5022
3.425,0,0,125,-84.5027
3.45,0,0,125,-84.5033
3.475,0,0,125,-84.5038
3.5,0,0,125,-84.5043
3.525,0,0,125,-84.5048
3.55,0,0,125,-84.5054
3.575,0,0,125,-84.5059
3.6,0,0,125,-84.5063
3.625,0,0,125,-84.5068
3.65,0,0,125,-84.5073
3.675,0,0,125,-84.5077
3.7,0,0,125,-84.5082
3.725,0,0,125,-84.5086
3.75,0,0,125,-84.5091
3.775,0,0,125,-84.5095
3.8,0,0,125,-84.5099
3.825,0,0,125,-84.5103
3.85,0,0,125,-84.5107
3.875,0,0,125,-84.5111
3.9,0,0,125,-84.5115
3.925,0,0,125,-84.5118
3.95,0,0,125,-84.5122
3.975,0,0,125,-84.5125
4,0,0,125,-84.5129
4.025,0,0,125,-84.5132
4.05,0,0,125,-84.5135
4.075,0,0,125,-84.5138
4.1,0,0,125,-84.5141
4.125,0,0,125,-84.5144
4.15,0,0,125,-84.5147
4.175,0,0,125,-84.5149
4.2,0,0,125,-84.5152
4.225,0,0,125,-84.5154
4.25,0,0,125,-84.5157
4.275,0,0,125,-84.5159
4.3,0,0,125,-84.5161
4.325,0,0,125,-84.5163
4.35,0,0,125,-84.5165
4.375,0,0,125,-84.5167
4.4,0,0,125,-84.5169
4.425,0,0,125,-84.517
4.45,0,0,125,-84.5172
4.475,0,0,125,-84.5173
4.5,0,0,125,-84.5175
4.525,0,0,125,-84.5176
4.55,0,0,125,-84.5177
4.575,0,0,125,-84.5178
4.6,0,0,125,-84.5179
4.625,0,0,125,-84.518
4.65,0,0,125,-84.518
4.675,0,0,125,-84.5181
4.7,0,0,125,-84.5182
4.725,0,0,125,-84.5182
4.75,0,0,125,-84.5182
4.775,0,0,125,-84.5183
4.8,0,0,125,-84.5183
4.825,0,0,125,-84.5183
4.85,0,0,125,-84.5183
4.875,0,0,125,-84.5182
4.9,0,0,125,-84.5182
4.925,0,0,125,-84.5182
4.95,0,0,125,-84.5181
4.975,0,0,125,-84.5181
5,0,0,125,-84.5181
