0,0,0,125,-82.0826
0.025,0,0,125,-82.0831
0.05,0,0,125,-82.0843
0.075,0,0,125,-82.0859
0.1,0,0,125,-82.088
0.125,0,0,125,-82.0904
0.15,0,0,125,-82.093
0.175,0,0,125,-82.0959
0.2,0,0,125,-82.0989
0.225,0,0,125,-82.1019
0.25,0,0,125,-82.1051
0.275,0,0,125,-82.1083
0.3,0,0,125,-82.1117
0.325,0,0,125,-82.1151
0.35,0,0,125,-82.1186
0.375,0,0,125,-82.1221
0.4,0,0,125,-82.1258
0.425,0,0,125,-82.1295
0.45,0,0,125,-82.1334
0.475,0,0,125,-82.1373
0.5,0,0,125,-82.1414
0.525,0,0,125,-82.1455
0.55,0,0,125,-82.1498
0.575,0,0,125,-82.1542
0.6,0,0,125,-82.1588
0.625,0,0,125,-82.1635
0.65,0,0,125,-82.1683
0.675,0,0,125,-82.1733
0.7,0,0,125,-82.1784
0.725,0,0,125,-82.1837
0.75,0,0,125,-82.1892
0.775,0,0,125,-82.1948
0.8,0,0,125,-82.2006
0.825,0,0,125,-82.2066
0.85,0,0,125,-82.2127
0.875,0,0,125,-82.219
0.9,0,0,125,-82.2255
0.925,0,0,125,-82.2322
0.95,0,0,125,-82.239
0.975,0,0,125,-82.246
1,0,0,125,-82.2532
1.025,0,0,125,-82.2605
1.05,0,0,125,-82.2679
1.075,0,0,125,-82.2756
1.1,0,0,125,-82.2833
1.125,0,0,125,-82.2912
1.15,0,0,125,-82.2992
1.175,0,0,125,-82.3074
1.2,0,0,125,-82.3157
1.225,0,0,125,-82.3241
1.25,0,0,125,-82.3325
1.275,0,0,125,-82.3411
1.3,0,0,125,-82.3498
1.325,0,0,125,-82.3585
1.35,0,0,125,-82.3673
1.375,0,0,125,-82.3761
1.4,0,0,125,-82.385
1.425,0,0,125,-82.3939
1.45,0,0,125,-82.4029
1.475,0,0,125,-82.4119
1.5,0,0,125,-82.4209
1.525,0,0,125,-82.4298
1.55,0,0,125,-82.4388
1.575,0,0,125,-82.4478
1.6,0,0,125,-82.4567
1.625,0,0,125,-82.4657
1.65,0,0,125,-82.4746
1.675,0,0,125,-82.4834
1.7,0,0,125,-82.4922
1.725,0,0,125,-82.501
1.75,0,0,125,-82.5098
1.775,0,0,125,-82.5184
1.8,0,0,125,-82.5271
1.825,0,0,125,-82.5357
1.85,0,0,125,-82.5442
1.875,0,0,125,-82.5527
1.9,0,0,125,-82.5611
1.925,0,0,125,-82.5695
1.95,0,0,125,-82.5779
1.975,0,0,125,-82.5862
2,0,0,125,-82.5945
2.025,0,0,125,-82.6027
2.05,0,0,125,-82.6109
2.075,0,0,125,-82.6192
2.1,0,0,125,-82.6273
2.125,0,0,125,-82.6355
2.15,0,0,125,-82.6437
2.175,0,0,125,-82.6519
2.2,0,0,125,-82.6601
2.225,0,0,125,-82.6683
2.25,0,0,125,-82.6765
2.275,0,0,125,-82.6848
2.3,0,0,125,-82.6931
2.325,0,0,125,-82.7014
2.35,0,0,125,-82.7098
2.375,0,0,125,-82.7182
2.4,0,0,125,-82.7267
2.425,0,0,125,-82.7352
2.45,0,0,125,-82.7438
2.475,0,0,125,-82.7525
2.5,0,0,125,-82.7612
2.525,0,0,125,-82.77
2.55,0,0,125,-82.7789
2.575,0,0,125,-82.7879
2.6,0,0,125,-82.7969
2.625,0,0,125,-82.806
2.65,0,0,125,-82.8152
2.675,0,0,125,-82.8245
2.7,0,0,125,-82.8339
2.725,0,0,125,-82.8433
2.75,0,0,125,-82.8529
2.775,0,0,125,-82.8625
2.8,0,0,125,-82.8722
2.825,0,0,125,-82.8819
2.85,0,0,125,-82.8917
2.875,0,0,125,-82.9016
2.9,0,0,125,-82.9115
2.925,0,0,125,-82.9215
2.95,0,0,125,-82.9315
2.975,0,0,125,-82.9415
3,0,0,125,-82.9516
3.025,0,0,125,-82.9617
3.05,0,0,125,-82.9718
3.075,0,0,125,-82.982
3.1,0,0,125,-82.9921
3.125,0,0,125,-83.0022
3.15,0,0,125,-83.0123
3.175,0,0,125,-83.0224
3.2,0,0,125,-83.0324
3.225,0,0,125,-83.0424
3.25,0,0,125,-83.0524
3.275,0,0,125,-83.0623
3.3,0,0,125,-83.0721
3.325,0,0,125,-83.0818
3.35,0,0,125,-83.0915
3.375,0,0,125,-83.101
3.4,0,0,125,-83.1105
3.425,0,0,125,-83.1198
3.45,0,0,125,-83.129
3.475,0,0,125,-83.1381
3.5,0,0,125,-83.1471
3.525,0,0,125,-83.1559
3.55,0,0,125,-83.1645
3.575,0,0,125,-83.173
3.6,0,0,125,-83.1814
3.625,0,0,125,-83.1895
3.65,0,0,125,-83.1975
3.675,0,0,125,-83.2053
3.7,0,0,125,-83.213
3.725,0,0,125,-83.2204
3.75,0,0,125,-83.2276
3.775,0,0,125,-83.2347
3.8,0,0,125,-83.2415
3.825,0,0,125,-83.2482
3.85,0,0,125,-83.2547
3.875,0,0,125,-83.261
3.9,0,0,125,-83.267
3.925,0,0,125,-83.273
3.95,0,0,125,-83.2787
3.975,0,0,125,-83.2842
4,0,0,125,-83.2895
4.025,0,0,125,-83.2946
4.05,0,0,125,-83.2995
4.075,0,0,125,-83.3042
4.1,0,0,125,-83.3087
4.125,0,0,125,-83.3129
4.15,0,0,125,-83.317
4.175,0,0,125,-83.3209
4.2,0,0,125,-83.3246
4.225,0,0,125,-83.3281
4.25,0,0,125,-83.3314
4.275,0,0,125,-83.3346
4.3,0,0,125,-83.3376
4.325,0,0,125,-83.3404
4.35,0,0,125,-83.343
4.375,0,0,125,-83.3455
4.4,0,0,125,-83.3478
4.425,0,0,125,-83.3499
4.45,0,0,125,-83.3519
4.475,0,0,125,-83.3538
4.5,0,0,125,-83.3555
4.525,0,0,125,-83.3571
4.55,0,0,125,-83.3586
4.575,0,0,125,-83.3599
4.6,0,0,125,-83.3611
4.625,0,0,125,-83.3622
4.65,0,0,125,-83.3632
4.675,0,0,125,-83.3641
4.7,0,0,125,-83.3649
4.725,0,0,125,-83.3656
4.75,0,0,125,-83.3662
4.775,0,0,125,-83.3666
4.8,0,0,125,-83.3671
4.825,0,0,125,-83.3674
4.85,0,0,125,-83.3676
4.875,0,0,125,-83.3678
4.9,0,0,125,-83.3679
4.925,0,0,125,-83.368
4.95,0,0,125,-83.368
4.975,0,0,125,-83.3681
5,0,0,125,-83.3681
