0,0,0,125,-4.6959
0.025,0,0,125,-4.69223
0.05,0,0,125,-4.685
0.075,0,0,125,-4.67444
0.1,0,0,125,-4.66089
0.125,0,0,125,-4.64476
0.15,0,0,125,-4.62641
0.175,0,0,125,-4.60618
0.2,0,0,125,-4.58426
0.225,0,0,125,-4.56079
0.25,0,0,125,-4.53588
0.275,0,0,125,-4.50962
0.3,0,0,125,-4.4821
0.325,0,0,125,-4.45342
0.35,0,0,125,-4.42365
0.375,0,0,125,-4.39287
0.4,0,0,125,-4.36113
0.425,0,0,125,-4.32851
0.45,0,0,125,-4.29507
0.475,0,0,125,-4.26086
0.5,0,0,125,-4.22594
0.525,0,0,125,-4.19035
0.55,0,0,125,-4.15414
0.575,0,0,125,-4.11734
0.6,0,0,125,-4.08
0.625,0,0,125,-4.04215
0.65,0,0,125,-4.00383
0.675,0,0,125,-3.96508
0.7,0,0,125,-3.92593
0.725,0,0,125,-3.8864
0.75,0,0,125,-3.84652
0.775,0,0,125,-3.80631
0.8,0,0,125,-3.7658
0.825,0,0,125,-3.72501
0.85,0,0,125,-3.68396
0.875,0,0,125,-3.64266
0.9,0,0,125,-3.60115
0.925,0,0,125,-3.55943
0.95,0,0,125,-3.51752
0.975,0,0,125,-3.47544
1,0,0,125,-3.4332
1.025,0,0,125,-3.39081
1.05,0,0,125,-3.3483
1.075,0,0,125,-3.30566
1.1,0,0,125,-3.26291
1.125,0,0,125,-3.22007
1.15,0,0,125,-3.17714
1.175,0,0,125,-3.13413
1.2,0,0,125,-3.09105
1.225,0,0,125,-3.04791
1.25,0,0,125,-3.00472
1.275,0,0,125,-2.96149
1.3,0,0,125,-2.91823
1.325,0,0,125,-2.87493
1.35,0,0,125,-2.8316
1.375,0,0,125,-2.78826
1.4,0,0,125,-2.7449
1.425,0,0,125,-2.70152
1.45,0,0,125,-2.65815
1.475,0,0,125,-2.61477
1.5,0,0,125,-2.57139
1.525,0,0,125,-2.52802
1.55,0,0,125,-2.48465
1.575,0,0,125,-2.4413
1.6,0,0,125,-2.39796
1.625,0,0,125,-2.35464
1.65,0,0,125,-2.31134
1.675,0,0,125,-2.26806
1.7,0,0,125,-2.22481
1.725,0,0,125,-2.18158
1.75,0,0,125,-2.13839
1.775,0,0,125,-2.09522
1.8,0,0,125,-2.05209
1.825,0,0,125,-2.00899
1.85,0,0,125,-1.96593
1.875,0,0,125,-1.92291
1.9,0,0,125,-1.87993
1.925,0,0,125,-1.83698
1.95,0,0,125,-1.79408
1.975,0,0,125,-1.75121
2,0,0,125,-1.7084
2.025,0,0,125,-1.66562
2.05,0,0,125,-1.62289
2.075,0,0,125,-1.58021
2.1,0,0,125,-1.53757
2.125,0,0,125,-1.49498
2.15,0,0,125,-1.45243
2.175,0,0,125,-1.40994
2.2,0,0,125,-1.36749
2.225,0,0,125,-1.3251
2.25,0,0,125,-1.28275
2.275,0,0,125,-1.24045
2.3,0,0,125,-1.1982
2.325,0,0,125,-1.156
2.35,0,0,125,-1.11385
2.375,0,0,125,-1.07176
2.4,0,0,125,-1.02971
2.425,0,0,125,-0.987713
2.45,0,0,125,-0.94577
2.475,0,0,125,-0.903878
2.5,0,0,125,-0.862038
2.525,0,0,125,-0.82025
2.55,0,0,125,-0.778514
2.575,0,0,125,-0.73683
2.6,0,0,125,-0.695199
2.625,0,0,125,-0.65362
2.65,0,0,125,-0.612094
2.675,0,0,125,-0.570621
2.7,0,0,125,-0.529201
2.725,0,0,125,-0.487834
2.75,0,0,125,-0.44652
2.775,0,0,125,-0.40526
2.8,0,0,125,-0.364054
2.825,0,0,125,-0.322902
2.85,0,0,125,-0.281804
2.875,0,0,125,-0.24076
2.9,0,0,125,-0.199772
2.925,0,0,125,-0.158838
2.95,0,0,125,-0.11796
2.975,0,0,125,-0.0771373
3,0,0,125,-0.0363704
3.025,0,0,125,0.00434038
3.05,0,0,125,0.0449941
3.075,0,0,125,0.0855905
3.1,0,0,125,0.126129
3.125,0,0,125,0.16661
3.15,0,0,125,0.207032
3.175,0,0,125,0.247395
3.2,0,0,125,0.287698
3.225,0,0,125,0.327941
3.25,0,0,125,0.368122
3.275,0,0,125,0.408241
3.3,0,0,125,0.448297
3.325,0,0,125,0.488288
3.35,0,0,125,0.528214
3.375,0,0,125,0.568074
3.4,0,0,125,0.607865
3.425,0,0,125,0.647587
3.45,0,0,125,0.687238
3.475,0,0,125,0.726816
3.5,0,0,125,0.76632
3.525,0,0,125,0.805747
3.55,0,0,125,0.845095
3.575,0,0,125,0.884361
3.6,0,0,125,0.923544
3.625,0,0,125,0.96264
3.65,0,0,125,1.00165
3.675,0,0,125,1.04056
3.7,0,0,125,1.07937
3.725,0,0,125,1.11809
3.75,0,0,125,1.1567
3.775,0,0,125,1.1952
3.8,0,0,125,1.23359
3.825,0,0,125,1.27186
3.85,0,0,125,1.31
3.875,0,0,125,1.34801
3.9,0,0,125,1.38588
3.925,0,0,125,1.4236
3.95,0,0,125,1.46117
3.975,0,0,125,1.49858
4,0,0,125,1.53581
4.025,0,0,125,1.57286
4.05,0,0,125,1.60972
4.075,0,0,125,1.64637
4.1,0,0,125,1.6828
4.125,0,0,125,1.719
4.15,0,0,125,1.75495
4.175,0,0,125,1.79064
4.2,0,0,125,1.82605
4.225,0,0,125,1.86116
4.25,0,0,125,1.89596
4.275,0,0,125,1.93041
4.3,0,0,125,1.96449
4.325,0,0,125,1.99818
4.35,0,0,125,2.03145
4.375,0,0,125,2.06427
4.4,0,0,125,2.09659
4.425,0,0,125,2.1284
4.45,0,0,125,2.15965
4.475,0,0,125,2.19029
4.5,0,0,125,2.2203
4.525,0,0,125,2.24962
4.55,0,0,125,2.27819
4.575,0,0,125,2.30597
4.6,0,0,125,2.3329
4.625,0,0,125,2.35892
4.65,0,0,125,2.38395
4.675,0,0,125,2.40794
4.7,0,0,125,2.43081
4.725,0,0,125,2.45248
4.75,0,0,125,2.47286
4.775,0,0,125,2.49188
4.8,0,0,125,2.50944
4.825,0,0,125,2.52545
4.85,0,0,125,2.5398
4.875,0,0,125,2.5524
4.9,0,0,125,2.56313
4.925,0,0,125,2.57189
4.95,0,0,125,2.57857
4.975,0,0,125,2.58308
5,0,0,125,2.58535
