0,0,0,125,-84.4467
0.025,0,0,125,-84.4468
0.05,0,0,125,-84.4468
0.075,0,0,125,-84.4469
0.1,0,0,125,-84.4471
0.125,0,0,125,-84.4472
0.15,0,0,125,-84.4474
0.175,0,0,125,-84.4476
0.2,0,0,125,-84.4478
0.225,0,0,125,-84.448
0.25,0,0,125,-84.4482
0.275,0,0,125,-84.4484
0.3,0,0,125,-84.4486
0.325,0,0,125,-84.4489
0.35,0,0,125,-84.4491
0.375,0,0,125,-84.4493
0.4,0,0,125,-84.4495
0.425,0,0,125,-84.4497
0.45,0,0,125,-84.4498
0.475,0,0,125,-84.45
0.5,0,0,125,-84.4502
0.525,0,0,125,-84.4504
0.55,0,0,125,-84.4505
0.575,0,0,125,-84.4507
0.6,0,0,125,-84.4508
0.625,0,0,125,-84.451
0.65,0,0,125,-84.4511
0.675,0,0,125,-84.4513
0.7,0,0,125,-84.4514
0.725,0,0,125,-84.4516
0.75,0,0,125,-84.4517
0.775,0,0,125,-84.4519
0.8,0,0,125,-84.452
0.825,0,0,125,-84.4522
0.85,0,0,125,-84.4523
0.875,0,0,125,-84.4525
0.9,0,0,125,-84.4526
0.925,0,0,125,-84.4528
0.95,0,0,125,-84.4529
0.975,0,0,125,-84.4531
1,0,0,125,-84.4532
1.025,0,0,125,-84.4534
1.05,0,0,125,-84.4535
1.075,0,0,125,-84.4537
1.1,0,0,125,-84.4539
1.125,0,0,125,-84.454
1.15,0,0,125,-84.4542
1.175,0,0,125,-84.4544
1.2,0,0,125,-84.4546
1.225,0,0,125,-84.4548
1.25,0,0,125,-84.4549
1.275,0,0,125,-84.4551
1.3,0,0,125,-84.4553
1.325,0,0,125,-84.4555
1.35,0,0,125,-84.4557
1.375,0,0,125,-84.4559
1.4,0,0,125,-84.4561
1.425,0,0,125,-84.4563
1.45,0,0,125,-84.4566
1.475,0,0,125,-84.4568
1.5,0,0,125,-84.457
1.525,0,0,125,-84.4572
1.55,0,0,125,-84.4574
1.575,0,0,125,-84.4577
1.6,0,0,125,-84.4579
1.625,0,0,125,-84.4582
1.65,0,0,125,-84.4584
1.675,0,0,125,-84.4587
1.7,0,0,125,-84.4589
1.725,0,0,125,-84.4592
1.75,0,0,125,-84.4595
1.775,0,0,125,-84.4597
1.8,0,0,125,-84.46
1.825,0,0,125,-84.4603
1.85,0,0,125,-84.4606
1.875,0,0,125,-84.461
1.9,0,0,125,-84.4613
1.925,0,0,125,-84.4616
1.95,0,0,125,-84.462
1.975,0,0,125,-84.4623
2,0,0,125,-84.4627
2.025,0,0,125,-84.4631
2.05,0,0,125,-84.4635
2.075,0,0,125,-84.4638
2.1,0,0,125,-84.4643
2.125,0,0,125,-84.4647
2.15,0,0,125,-84.4651
2.175,0,0,125,-84.4655
2.2,0,0,125,-84.466
2.225,0,0,125,-84.4664
2.25,0,0,125,-84.4669
2.275,0,0,125,-84.4673
2.3,0,0,125,-84.4678
2.325,0,0,125,-84.4683
2.35,0,0,125,-84.4688
2.375,0,0,125,-84.4693
2.4,0,0,125,-84.4698
2.425,0,0,125,-84.4704
2.45,0,0,125,-84.4709
2.475,0,0,125,-84.4714
2.5,0,0,125,-84.472
2.525,0,0,125,-84.4726
2.55,0,0,125,-84.4731
2.575,0,0,125,-84.4737
2.6,0,0,125,-84.4743
2.625,0,0,125,-84.4749
2.65,0,0,125,-84.4755
2.675,0,0,125,-84.4762
2.7,0,0,125,-84.4768
2.725,0,0,125,-84.4774
2.75,0,0,125,-84.4781
2.775,0,0,125,-84.4787
2.8,0,0,125,-84.4794
2.825,0,0,125,-84.4801
2.85,0,0,125,-84.4808
2.875,0,0,125,-84.4815
2.9,0,0,125,-84.4822
2.925,0,0,125,-84.4829
2.95,0,0,125,-84.4836
2.975,0,0,125,-84.4844
3,0,0,125,-84.4851
3.025,0,0,125,-84.4859
3.05,0,0,125,-84.4866
3.075,0,0,125,-84.4874
3.1,0,0,125,-84.4881
3.125,0,0,125,-84.4889
3.15,0,0,125,-84.4896
3.175,0,0,125,-84.4903
3.2,0,0,125,-84.491
3.225,0,0,125,-84.4917
3.25,0,0,125,-84.4924
3.275,0,0,125,-84.4931
3.3,0,0,125,-84.4937
3.325,0,0,125,-84.4944
3.35,0,0,125,-84.495
3.375,0,0,125,-84.4957
3.4,0,0,125,-84.4963
3.425,0,0,125,-84.4969
3.45,0,0,125,-84.4975
3.475,0,0,125,-84.4981
3.5,0,0,125,-84.4987
3.525,0,0,125,-84.4993
3.55,0,0,125,-84.4999
3.575,0,0,125,-84.5004
3.6,0,0,125,-84.501
3.625,0,0,125,-84.5015
3.65,0,0,125,-84.502
3.675,0,0,125,-84.5025
3.7,0,0,125,-84.503
3.725,0,0,125,-84.5035
3.75,0,0,125,-84.5039
3.775,0,0,125,-84.5044
3.8,0,0,125,-84.5048
3.825,0,0,125,-84.5053
3.85,0,0,125,-84.5057
3.875,0,0,125,-84.5061
3.9,0,0,125,-84.5065
3.925,0,0,125,-84.5068
3.95,0,0,125,-84.5072
3.975,0,0,125,-84.5076
4,0,0,125,-84.5079
4.025,0,0,125,-84.5083
4.05,0,0,125,-84.5086
4.075,0,0,125,-84.5089
4.1,0,0,125,-84.5092
4.125,0,0,125,-84.5095
4.15,0,0,125,-84.5098
4.175,0,0,125,-84.5101
4.2,0,0,125,-84.5104
4.225,0,0,125,-84.5106
4.25,0,0,125,-84.5109
4.275,0,0,125,-84.5111
4.3,0,0,125,-84.5114
4.325,0,0,125,-84.5116
4.35,0,0,125,-84.5118
4.375,0,0,125,-84.512
4.4,0,0,125,-84.5122
4.425,0,0,125,-84.5124
4.45,0,0,125,-84.5125
4.475,0,0,125,-84.5127
4.5,0,0,125,-84.5128
4.525,0,0,125,-84.513
4.55,0,0,125,-84.5131
4.575,0,0,125,-84.5132
4.6,0,0,125,-84.5133
4.625,0,0,125,-84.5134
4.65,0,0,125,-84.5135
4.675,0,0,125,-84.5136
4.7,0,0,125,-84.5137
4.725,0,0,125,-84.5137
4.75,0,0,125,-84.5138
4.775,0,0,125,-84.5138
4.8,0,0,125,-84.5139
4.825,0,0,125,-84.5139
4.85,0,0,125,-84.5139
4.875,0,0,125,-84.5139
4.9,0,0,125,-84.5139
4.925,0,0,125,-84.5139
4.95,0,0,125,-84.5138
4.975,0,0,125,-84.5138
5,0,0,125,-84.5138
