0,0,0,125,-82.6989
0.025,0,0,125,-82.6994
0.05,0,0,125,-82.7003
0.075,0,0,125,-82.7018
0.1,0,0,125,-82.7035
0.125,0,0,125,-82.7055
0.15,0,0,125,-82.7077
0.175,0,0,125,-82.7101
0.2,0,0,125,-82.7124
0.225,0,0,125,-82.7148
0.25,0,0,125,-82.7173
0.275,0,0,125,-82.7196
0.3,0,0,125,-82.722
0.325,0,0,125,-82.7244
0.35,0,0,125,-82.7267
0.375,0,0,125,-82.729
0.4,0,0,125,-82.7312
0.425,0,0,125,-82.7334
0.45,0,0,125,-82.7356
0.475,0,0,125,-82.7377
0.5,0,0,125,-82.7398
0.525,0,0,125,-82.7419
0.55,0,0,125,-82.7439
0.575,0,0,125,-82.7459
0.6,0,0,125,-82.7479
0.625,0,0,125,-82.7498
0.65,0,0,125,-82.7518
0.675,0,0,125,-82.7537
0.7,0,0,125,-82.7557
0.725,0,0,125,-82.7576
0.75,0,0,125,-82.7594
0.775,0,0,125,-82.7613
0.8,0,0,125,-82.7632
0.825,0,0,125,-82.7651
0.85,0,0,125,-82.767
0.875,0,0,125,-82.7689
0.9,0,0,125,-82.7708
0.925,0,0,125,-82.7727
0.95,0,0,125,-82.7746
0.975,0,0,125,-82.7766
1,0,0,125,-82.7786
1.025,0,0,125,-82.7805
1.05,0,0,125,-82.7825
1.075,0,0,125,-82.7845
1.1,0,0,125,-82.7866
1.125,0,0,125,-82.7886
1.15,0,0,125,-82.7907
1.175,0,0,125,-82.7928
1.2,0,0,125,-82.795
1.225,0,0,125,-82.7971
1.25,0,0,125,-82.7994
1.275,0,0,125,-82.8016
1.3,0,0,125,-82.8039
1.325,0,0,125,-82.8062
1.35,0,0,125,-82.8086
1.375,0,0,125,-82.811
1.4,0,0,125,-82.8134
1.425,0,0,125,-82.8159
1.45,0,0,125,-82.8184
1.475,0,0,125,-82.821
1.5,0,0,125,-82.8236
1.525,0,0,125,-82.8263
1.55,0,0,125,-82.829
1.575,0,0,125,-82.8318
1.6,0,0,125,-82.8347
1.625,0,0,125,-82.8376
1.65,0,0,125,-82.8405
1.675,0,0,125,-82.8436
1.7,0,0,125,-82.8467
1.725,0,0,125,-82.8498
1.75,0,0,125,-82.8531
1.775,0,0,125,-82.8564
1.8,0,0,125,-82.8599
1.825,0,0,125,-82.8634
1.85,0,0,125,-82.867
1.875,0,0,125,-82.8706
1.9,0,0,125,-82.8744
1.925,0,0,125,-82.8783
1.95,0,0,125,-82.8823
1.975,0,0,125,-82.8864
2,0,0,125,-82.8906
2.025,0,0,125,-82.8949
2.05,0,0,125,-82.8994
2.075,0,0,125,-82.9039
2.1,0,0,125,-82.9087
2.125,0,0,125,-82.9135
2.15,0,0,125,-82.9185
2.175,0,0,125,-82.9236
2.2,0,0,125,-82.9288
2.225,0,0,125,-82.9342
2.25,0,0,125,-82.9397
2.275,0,0,125,-82.9453
2.3,0,0,125,-82.9511
2.325,0,0,125,-82.9571
2.35,0,0,125,-82.9631
2.375,0,0,125,-82.9693
2.4,0,0,125,-82.9757
2.425,0,0,125,-82.9821
2.45,0,0,125,-82.9888
2.475,0,0,125,-82.9955
2.5,0,0,125,-83.0024
2.525,0,0,125,-83.0094
2.55,0,0,125,-83.0166
2.575,0,0,125,-83.0239
2.6,0,0,125,-83.0314
2.625,0,0,125,-83.0389
2.65,0,0,125,-83.0467
2.675,0,0,125,-83.0545
2.7,0,0,125,-83.0625
2.725,0,0,125,-83.0706
2.75,0,0,125,-83.0788
2.775,0,0,125,-83.0871
2.8,0,0,125,-83.0955
2.825,0,0,125,-83.1041
2.85,0,0,125,-83.1127
2.875,0,0,125,-83.1213
2.9,0,0,125,-83.1301
2.925,0,0,125,-83.1389
2.95,0,0,125,-83.1478
2.975,0,0,125,-83.1567
3,0,0,125,-83.1656
3.025,0,0,125,-83.1746
3.05,0,0,125,-83.1836
3.075,0,0,125,-83.1926
3.1,0,0,125,-83.2017
3.125,0,0,125,-83.2107
3.15,0,0,125,-83.2198
3.175,0,0,125,-83.2288
3.2,0,0,125,-83.2378
3.225,0,0,125,-83.2468
3.25,0,0,125,-83.2557
3.275,0,0,125,-83.2646
3.3,0,0,125,-83.2734
3.325,0,0,125,-83.2822
3.35,0,0,125,-83.2908
3.375,0,0,125,-83.2994
3.4,0,0,125,-83.3079
3.425,0,0,125,-83.3163
3.45,0,0,125,-83.3245
3.475,0,0,125,-83.3327
3.5,0,0,125,-83.3407
3.525,0,0,125,-83.3487
3.55,0,0,125,-83.3564
3.575,0,0,125,-83.3641
3.6,0,0,125,-83.3715
3.625,0,0,125,-83.3789
3.65,0,0,125,-83.3861
3.675,0,0,125,-83.3931
3.7,0,0,125,-83.4
3.725,0,0,125,-83.4067
3.75,0,0,125,-83.4132
3.775,0,0,125,-83.4195
3.8,0,0,125,-83.4257
3.825,0,0,125,-83.4317
3.85,0,0,125,-83.4376
3.875,0,0,125,-83.4432
3.9,0,0,125,-83.4486
3.925,0,0,125,-83.4539
3.95,0,0,125,-83.459
3.975,0,0,125,-83.4639
4,0,0,125,-83.4686
4.025,0,0,125,-83.4731
4.05,0,0,125,-83.4775
4.075,0,0,125,-83.4816
4.1,0,0,125,-83.4856
4.125,0,0,125,-83.4893
4.15,0,0,125,-83.493
4.175,0,0,125,-83.4964
4.2,0,0,125,-83.4997
4.225,0,0,125,-83.5028
4.25,0,0,125,-83.5058
4.275,0,0,125,-83.5086
4.3,0,0,125,-83.5112
4.325,0,0,125,-83.5137
4.35,0,0,125,-83.516
4.375,0,0,125,-83.5183
4.4,0,0,125,-83.5203
4.425,0,0,125,-83.5223
4.45,0,0,125,-83.5241
4.475,0,0,125,-83.5257
4.5,0,0,125,-83.5273
4.525,0,0,125,-83.5287
4.55,0,0,125,-83.53
4.575,0,0,125,-83.5312
4.6,0,0,125,-83.5323
4.625,0,0,125,-83.5332
4.65,0,0,125,-83.5341
4.675,0,0,125,-83.5349
4.7,0,0,125,-83.5356
4.725,0,0,125,-83.5362
4.75,0,0,125,-83.5367
4.775,0,0,125,-83.5371
4.8,0,0,125,-83.5374
4.825,0,0,125,-83.5377
4.85,0,0,125,-83.5379
4.875,0,0,125,-83.5381
4.9,0,0,125,-83.5382
4.925,0,0,125,-83.5383
4.95,0,0,125,-83.5383
4.975,0,0,125,-83.5383
5,0,0,125,-83.5384
