0,0,0,125,-84.3659
0.025,0,0,125,-84.3659
0.05,0,0,125,-84.3661
0.075,0,0,125,-84.3662
0.1,0,0,125,-84.3665
0.125,0,0,125,-84.3667
0.15,0,0,125,-84.367
0.175,0,0,125,-84.3673
0.2,0,0,125,-84.3676
0.225,0,0,125,-84.3679
0.25,0,0,125,-84.3682
0.275,0,0,125,-84.3685
0.3,0,0,125,-84.3688
0.325,0,0,125,-84.3692
0.35,0,0,125,-84.3695
0.375,0,0,125,-84.3698
0.4,0,0,125,-84.3702
0.425,0,0,125,-84.3705
0.45,0,0,125,-84.3708
0.475,0,0,125,-84.3711
0.5,0,0,125,-84.3713
0.525,0,0,125,-84.3716
0.55,0,0,125,-84.3719
0.575,0,0,125,-84.3721
0.6,0,0,125,-84.3724
0.625,0,0,125,-84.3726
0.65,0,0,125,-84.3729
0.675,0,0,125,-84.3731
0.7,0,0,125,-84.3733
0.725,0,0,125,-84.3736
0.75,0,0,125,-84.3738
0.775,0,0,125,-84.3741
0.8,0,0,125,-84.3743
0.825,0,0,125,-84.3745
0.85,0,0,125,-84.3748
0.875,0,0,125,-84.375
0.9,0,0,125,-84.3753
0.925,0,0,125,-84.3755
0.95,0,0,125,-84.3758
0.975,0,0,125,-84.376
1,0,0,125,-84.3763
1.025,0,0,125,-84.3765
1.05,0,0,125,-84.3768
1.075,0,0,125,-84.3771
1.1,0,0,125,-84.3773
1.125,0,0,125,-84.3776
1.15,0,0,125,-84.3779
1.175,0,0,125,-84.3782
1.2,0,0,125,-84.3785
1.225,0,0,125,-84.3788
1.25,0,0,125,-84.3792
1.275,0,0,125,-84.3795
1.3,0,0,125,-84.3799
1.325,0,0,125,-84.3802
1.35,0,0,125,-84.3806
1.375,0,0,125,-84.381
1.4,0,0,125,-84.3814
1.425,0,0,125,-84.3818
1.45,0,0,125,-84.3822
1.475,0,0,125,-84.3826
1.5,0,0,125,-84.383
1.525,0,0,125,-84.3835
1.55,0,0,125,-84.3839
1.575,0,0,125,-84.3844
1.6,0,0,125,-84.3848
1.625,0,0,125,-84.3853
1.65,0,0,125,-84.3858
1.675,0,0,125,-84.3863
1.7,0,0,125,-84.3868
1.725,0,0,125,-84.3873
1.75,0,0,125,-84.3878
1.775,0,0,125,-84.3884
1.8,0,0,125,-84.3889
1.825,0,0,125,-84.3894
1.85,0,0,125,-84.39
1.875,0,0,125,-84.3906
1.9,0,0,125,-84.3912
1.925,0,0,125,-84.3917
1.95,0,0,125,-84.3923
1.975,0,0,125,-84.3929
2,0,0,125,-84.3936
2.025,0,0,125,-84.3942
2.05,0,0,125,-84.3948
2.075,0,0,125,-84.3955
2.1,0,0,125,-84.3961
2.125,0,0,125,-84.3968
2.15,0,0,125,-84.3975
2.175,0,0,125,-84.3982
2.2,0,0,125,-84.3989
2.225,0,0,125,-84.3997
2.25,0,0,125,-84.4004
2.275,0,0,125,-84.4012
2.3,0,0,125,-84.402
2.325,0,0,125,-84.4028
2.35,0,0,125,-84.4037
2.375,0,0,125,-84.4045
2.4,0,0,125,-84.4054
2.425,0,0,125,-84.4062
2.45,0,0,125,-84.4071
2.475,0,0,125,-84.408
2.5,0,0,125,-84.4089
2.525,0,0,125,-84.4099
2.55,0,0,125,-84.4108
2.575,0,0,125,-84.4118
2.6,0,0,125,-84.4128
2.625,0,0,125,-84.4138
2.65,0,0,125,-84.4148
2.675,0,0,125,-84.4158
2.7,0,0,125,-84.4169
2.725,0,0,125,-84.4179
2.75,0,0,125,-84.419
2.775,0,0,125,-84.4201
2.8,0,0,125,-84.4212
2.825,0,0,125,-84.4223
2.85,0,0,125,-84.4234
2.875,0,0,125,-84.4246
2.9,0,0,125,-84.4257
2.925,0,0,125,-84.4269
2.95,0,0,125,-84.4281
2.975,0,0,125,-84.4292
3,0,0,125,-84.4304
3.025,0,0,125,-84.4315
3.05,0,0,125,-84.4327
3.075,0,0,125,-84.4338
3.1,0,0,125,-84.4349
3.125,0,0,125,-84.436
3.15,0,0,125,-84.4371
3.175,0,0,125,-84.4382
3.2,0,0,125,-84.4393
3.225,0,0,125,-84.4403
3.25,0,0,125,-84.4414
3.275,0,0,125,-84.4424
3.3,0,0,125,-84.4434
3.325,0,0,125,-84.4444
3.35,0,0,125,-84.4454
3.375,0,0,125,-84.4464
3.4,0,0,125,-84.4474
3.425,0,0,125,-84.4483
3.45,0,0,125,-84.4493
3.475,0,0,125,-84.4502
3.5,0,0,125,-84.4511
3.525,0,0,125,-84.452
3.55,0,0,125,-84.4528
3.575,0,0,125,-84.4537
3.6,0,0,125,-84.4545
3.625,0,0,125,-84.4553
3.65,0,0,125,-84.4562
3.675,0,0,125,-84.457
3.7,0,0,125,-84.4577
3.725,0,0,125,-84.4585
3.75,0,0,125,-84.4592
3.775,0,0,125,-84.46
3.8,0,0,125,-84.4607
3.825,0,0,125,-84.4614
3.85,0,0,125,-84.462
3.875,0,0,125,-84.4627
3.9,0,0,125,-84.4633
3.925,0,0,125,-84.4639
3.95,0,0,125,-84.4644
3.975,0,0,125,-84.465
4,0,0,125,-84.4655
4.025,0,0,125,-84.466
4.05,0,0,125,-84.4665
4.075,0,0,125,-84.467
4.1,0,0,125,-84.4674
4.125,0,0,125,-84.4679
4.15,0,0,125,-84.4683
4.175,0,0,125,-84.4687
4.2,0,0,125,-84.4691
4.225,0,0,125,-84.4695
4.25,0,0,125,-84.4699
4.275,0,0,125,-84.4703
4.3,0,0,125,-84.4706
4.325,0,0,125,-84.4709
4.35,0,0,125,-84.4712
4.375,0,0,125,-84.4715
4.4,0,0,125,-84.4718
4.425,0,0,125,-84.4721
4.45,0,0,125,-84.4723
4.475,0,0,125,-84.4726
4.5,0,0,125,-84.4728
4.525,0,0,125,-84.473
4.55,0,0,125,-84.4732
4.575,0,0,125,-84.4733
4.6,0,0,125,-84.4735
4.625,0,0,125,-84.4736
4.65,0,0,125,-84.4738
4.675,0,0,125,-84.4739
4.7,0,0,125,-84.4739
4.725,0,0,125,-84.474
4.75,0,0,125,-84.4741
4.775,0,0,125,-84.4741
4.8,0,0,125,-84.4742
4.825,0,0,125,-84.4742
4.85,0,0,125,-84.4742
4.875,0,0,125,-84.4742
4.9,0,0,125,-84.4741
4.925,0,0,125,-84.4741
4.95,0,0,125,-84.4741
4.975,0,0,125,-84.4741
5,0,0,125,-84.4741
