0,0,0,125,-84.2032
0.025,0,0,125,-84.2033
0.05,0,0,125,-84.2035
0.075,0,0,125,-84.2038
0.1,0,0,125,-84.2042
0.125,0,0,125,-84.2047
0.15,0,0,125,-84.2051
0.175,0,0,125,-84.2057
0.2,0,0,125,-84.2062
0.225,0,0,125,-84.2067
0.25,0,0,125,-84.2073
0.275,0,0,125,-84.2078
0.3,0,0,125,-84.2084
0.325,0,0,125,-84.209
0.35,0,0,125,-84.2096
0.375,0,0,125,-84.2101
0.4,0,0,125,-84.2107
0.425,0,0,125,-84.2112
0.45,0,0,125,-84.2118
0.475,0,0,125,-84.2123
0.5,0,0,125,-84.2128
0.525,0,0,125,-84.2133
0.55,0,0,125,-84.2138
0.575,0,0,125,-84.2143
0.6,0,0,125,-84.2148
0.625,0,0,125,-84.2152
0.65,0,0,125,-84.2157
0.675,0,0,125,-84.2162
0.7,0,0,125,-84.2166
0.725,0,0,125,-84.2171
0.75,0,0,125,-84.2175
0.775,0,0,125,-84.218
0.8,0,0,125,-84.2185
0.825,0,0,125,-84.219
0.85,0,0,125,-84.2195
0.875,0,0,125,-84.22
0.9,0,0,125,-84.2205
0.925,0,0,125,-84.221
0.95,0,0,125,-84.2216
0.975,0,0,125,-84.2221
1,0,0,125,-84.2227
1.025,0,0,125,-84.2232
1.05,0,0,125,-84.2238
1.075,0,0,125,-84.2244
1.1,0,0,125,-84.225
1.125,0,0,125,-84.2255
1.15,0,0,125,-84.2261
1.175,0,0,125,-84.2266
1.2,0,0,125,-84.2272
1.225,0,0,125,-84.2277
1.25,0,0,125,-84.2283
1.275,0,0,125,-84.2288
1.3,0,0,125,-84.2294
1.325,0,0,125,-84.23
1.35,0,0,125,-84.2307
1.375,0,0,125,-84.2313
1.4,0,0,125,-84.2319
1.425,0,0,125,-84.2326
1.45,0,0,125,-84.2333
1.475,0,0,125,-84.234
1.5,0,0,125,-84.2347
1.525,0,0,125,-84.2354
1.55,0,0,125,-84.2362
1.575,0,0,125,-84.2369
1.6,0,0,125,-84.2377
1.625,0,0,125,-84.2385
1.65,0,0,125,-84.2393
1.675,0,0,125,-84.2401
1.7,0,0,125,-84.2409
1.725,0,0,125,-84.2418
1.75,0,0,125,-84.2427
1.775,0,0,125,-84.2435
1.8,0,0,125,-84.2444
1.825,0,0,125,-84.2453
1.85,0,0,125,-84.2463
1.875,0,0,125,-84.2472
1.9,0,0,125,-84.2482
1.925,0,0,125,-84.2491
1.95,0,0,125,-84.2501
1.975,0,0,125,-84.2511
2,0,0,125,-84.2521
2.025,0,0,125,-84.2531
2.05,0,0,125,-84.2542
2.075,0,0,125,-84.2552
2.1,0,0,125,-84.2563
2.125,0,0,125,-84.2575
2.15,0,0,125,-84.2586
2.175,0,0,125,-84.2598
2.2,0,0,125,-84.261
2.225,0,0,125,-84.2623
2.25,0,0,125,-84.2636
2.275,0,0,125,-84.2649
2.3,0,0,125,-84.2663
2.325,0,0,125,-84.2677
2.35,0,0,125,-84.2691
2.375,0,0,125,-84.2706
2.4,0,0,125,-84.2721
2.425,0,0,125,-84.2736
2.45,0,0,125,-84.2752
2.475,0,0,125,-84.2768
2.5,0,0,125,-84.2784
2.525,0,0,125,-84.2801
2.55,0,0,125,-84.2818
2.575,0,0,125,-84.2836
2.6,0,0,125,-84.2853
2.625,0,0,125,-84.2871
2.65,0,0,125,-84.289
2.675,0,0,125,-84.2909
2.7,0,0,125,-84.2927
2.725,0,0,125,-84.2947
2.75,0,0,125,-84.2966
2.775,0,0,125,-84.2986
2.8,0,0,125,-84.3006
2.825,0,0,125,-84.3026
2.85,0,0,125,-84.3046
2.875,0,0,125,-84.3066
2.9,0,0,125,-84.3086
2.925,0,0,125,-84.3106
2.95,0,0,125,-84.3126
2.975,0,0,125,-84.3146
3,0,0,125,-84.3166
3.025,0,0,125,-84.3186
3.05,0,0,125,-84.3206
3.075,0,0,125,-84.3226
3.1,0,0,125,-84.3246
3.125,0,0,125,-84.3265
3.15,0,0,125,-84.3285
3.175,0,0,125,-84.3304
3.2,0,0,125,-84.3324
3.225,0,0,125,-84.3343
3.25,0,0,125,-84.3362
3.275,0,0,125,-84.3381
3.3,0,0,125,-84.34
3.325,0,0,125,-84.3418
3.35,0,0,125,-84.3437
3.375,0,0,125,-84.3456
3.4,0,0,125,-84.3474
3.425,0,0,125,-84.3492
3.45,0,0,125,-84.351
3.475,0,0,125,-84.3528
3.5,0,0,125,-84.3545
3.525,0,0,125,-84.3562
3.55,0,0,125,-84.3578
3.575,0,0,125,-84.3594
3.6,0,0,125,-84.361
3.625,0,0,125,-84.3625
3.65,0,0,125,-84.364
3.675,0,0,125,-84.3654
3.7,0,0,125,-84.3668
3.725,0,0,125,-84.3682
3.75,0,0,125,-84.3695
3.775,0,0,125,-84.3708
3.8,0,0,125,-84.3721
3.825,0,0,125,-84.3733
3.85,0,0,125,-84.3745
3.875,0,0,125,-84.3756
3.9,0,0,125,-84.3767
3.925,0,0,125,-84.3778
3.95,0,0,125,-84.3788
3.975,0,0,125,-84.3798
4,0,0,125,-84.3808
4.025,0,0,125,-84.3817
4.05,0,0,125,-84.3826
4.075,0,0,125,-84.3834
4.1,0,0,125,-84.3842
4.125,0,0,125,-84.3849
4.15,0,0,125,-84.3857
4.175,0,0,125,-84.3863
4.2,0,0,125,-84.387
4.225,0,0,125,-84.3876
4.25,0,0,125,-84.3881
4.275,0,0,125,-84.3887
4.3,0,0,125,-84.3892
4.325,0,0,125,-84.3896
4.35,0,0,125,-84.39
4.375,0,0,125,-84.3904
4.4,0,0,125,-84.3908
4.425,0,0,125,-84.3911
4.45,0,0,125,-84.3915
4.475,0,0,125,-84.3918
4.5,0,0,125,-84.392
4.525,0,0,125,-84.3923
4.55,0,0,125,-84.3926
4.575,0,0,125,-84.3928
4.6,0,0,125,-84.3931
4.625,0,0,125,-84.3933
4.65,0,0,125,-84.3935
4.675,0,0,125,-84.3936
4.7,0,0,125,-84.3938
4.725,0,0,125,-84.394
4.75,0,0,125,-84.3941
4.775,0,0,125,-84.3942
4.8,0,0,125,-84.3943
4.825,0,0,125,-84.3944
4.85,0,0,125,-84.3945
4.875,0,0,125,-84.3946
4.9,0,0,125,-84.3946
4.925,0,0,125,-84.3946
4.95,0,0,125,-84.3947
4.975,0,0,125,-84.3947
5,0,0,125,-84.3946
