0,0,0,125,47.3575
0.025,0,0,125,46.7295
0.05,0,0,125,45.4601
0.075,0,0,125,43.543
0.1,0,0,125,40.9779
0.125,0,0,125,37.8154
0.15,0,0,125,34.1752
0.175,0,0,125,30.2016
0.2,0,0,125,26.0215
0.225,0,0,125,21.6854
0.25,0,0,125,17.1057
0.275,0,0,125,11.9907
0.3,0,0,125,5.76312
0.325,0,0,125,-2.55569
0.35,0,0,125,-14.4353
0.375,0,0,125,-31.016
0.4,0,0,125,-47.4535
0.425,0,0,125,-59.4085
0.45,0,0,125,-67.5592
0.475,0,0,125,-73.0395
0.5,0,0,125,-76.6953
0.525,0,0,125,-79.1167
0.55,0,0,125,-80.7095
0.575,0,0,125,-81.75
0.6,0,0,125,-82.4247
0.625,0,0,125,-82.8589
0.65,0,0,125,-83.1362
0.675,0,0,125,-83.3117
0.7,0,0,125,-83.4217
0.725,0,0,125,-83.4898
0.75,0,0,125,-83.5314
0.775,0,0,125,-83.5561
0.8,0,0,125,-83.5704
0.825,0,0,125,-83.578
0.85,0,0,125,-83.5816
0.875,0,0,125,-83.5825
0.9,0,0,125,-83.5818
0.925,0,0,125,-83.58
0.95,0,0,125,-83.5774
0.975,0,0,125,-83.5743
1,0,0,125,-83.5708
1.025,0,0,125,-83.5669
1.05,0,0,125,-83.5627
1.075,0,0,125,-83.5582
1.1,0,0,125,-83.5534
1.125,0,0,125,-83.5483
1.15,0,0,125,-83.5429
1.175,0,0,125,-83.5373
1.2,0,0,125,-83.5313
1.225,0,0,125,-83.5251
1.25,0,0,125,-83.5185
1.275,0,0,125,-83.5117
1.3,0,0,125,-83.5045
1.325,0,0,125,-83.4971
1.35,0,0,125,-83.4893
1.375,0,0,125,-83.4812
1.4,0,0,125,-83.4729
1.425,0,0,125,-83.4641
1.45,0,0,125,-83.4551
1.475,0,0,125,-83.4458
1.5,0,0,125,-83.4362
1.525,0,0,125,-83.4263
1.55,0,0,125,-83.4161
1.575,0,0,125,-83.4056
1.6,0,0,125,-83.3949
1.625,0,0,125,-83.3838
1.65,0,0,125,-83.3725
1.675,0,0,125,-83.3609
1.7,0,0,125,-83.3491
1.725,0,0,125,-83.3369
1.75,0,0,125,-83.3246
1.775,0,0,125,-83.312
1.8,0,0,125,-83.2993
1.825,0,0,125,-83.2863
1.85,0,0,125,-83.2731
1.875,0,0,125,-83.2597
1.9,0,0,125,-83.2462
1.925,0,0,125,-83.2325
1.95,0,0,125,-83.2186
1.975,0,0,125,-83.2047
2,0,0,125,-83.1906
2.025,0,0,125,-83.1764
2.05,0,0,125,-83.1621
2.075,0,0,125,-83.1477
2.1,0,0,125,-83.1332
2.125,0,0,125,-83.1187
2.15,0,0,125,-83.1042
2.175,0,0,125,-83.0896
2.2,0,0,125,-83.075
2.225,0,0,125,-83.0603
2.25,0,0,125,-83.0456
2.275,0,0,125,-83.031
2.3,0,0,125,-83.0163
2.325,0,0,125,-83.0016
2.35,0,0,125,-82.9869
2.375,0,0,125,-82.9722
2.4,0,0,125,-82.9576
2.425,0,0,125,-82.9429
2.45,0,0,125,-82.9282
2.475,0,0,125,-82.9135
2.5,0,0,125,-82.8988
2.525,0,0,125,-82.8841
2.55,0,0,125,-82.8694
2.575,0,0,125,-82.8546
2.6,0,0,125,-82.8398
2.625,0,0,125,-82.825
2.65,0,0,125,-82.81
2.675,0,0,125,-82.795
2.7,0,0,125,-82.7799
2.725,0,0,125,-82.7646
2.75,0,0,125,-82.7492
2.775,0,0,125,-82.7337
2.8,0,0,125,-82.718
2.825,0,0,125,-82.702
2.85,0,0,125,-82.6858
2.875,0,0,125,-82.6694
2.9,0,0,125,-82.6527
2.925,0,0,125,-82.6356
2.95,0,0,125,-82.6182
2.975,0,0,125,-82.6005
3,0,0,125,-82.5823
3.025,0,0,125,-82.5637
3.05,0,0,125,-82.5446
3.075,0,0,125,-82.525
3.1,0,0,125,-82.5049
3.125,0,0,125,-82.4841
3.15,0,0,125,-82.4628
3.175,0,0,125,-82.4408
3.2,0,0,125,-82.4182
3.225,0,0,125,-82.3948
3.25,0,0,125,-82.3707
3.275,0,0,125,-82.3458
3.3,0,0,125,-82.3201
3.325,0,0,125,-82.2935
3.35,0,0,125,-82.2661
3.375,0,0,125,-82.2377
3.4,0,0,125,-82.2085
3.425,0,0,125,-82.1782
3.45,0,0,125,-82.147
3.475,0,0,125,-82.1148
3.5,0,0,125,-82.0815
3.525,0,0,125,-82.0473
3.55,0,0,125,-82.0119
3.575,0,0,125,-81.9755
3.6,0,0,125,-81.9381
3.625,0,0,125,-81.8995
3.65,0,0,125,-81.8599
3.675,0,0,125,-81.8192
3.7,0,0,125,-81.7774
3.725,0,0,125,-81.7346
3.75,0,0,125,-81.6907
3.775,0,0,125,-81.6458
3.8,0,0,125,-81.5999
3.825,0,0,125,-81.5531
3.85,0,0,125,-81.5053
3.875,0,0,125,-81.4566
3.9,0,0,125,-81.407
3.925,0,0,125,-81.3566
3.95,0,0,125,-81.3055
3.975,0,0,125,-81.2537
4,0,0,125,-81.2012
4.025,0,0,125,-81.1482
4.05,0,0,125,-81.0947
4.075,0,0,125,-81.0407
4.1,0,0,125,-80.9864
4.125,0,0,125,-80.9318
4.15,0,0,125,-80.877
4.175,0,0,125,-80.8221
4.2,0,0,125,-80.7673
4.225,0,0,125,-80.7125
4.25,0,0,125,-80.658
4.275,0,0,125,-80.6037
4.3,0,0,125,-80.5498
4.325,0,0,125,-80.4965
4.35,0,0,125,-80.4438
4.375,0,0,125,-80.3918
4.4,0,0,125,-80.3407
4.425,0,0,125,-80.2905
4.45,0,0,125,-80.2413
4.475,0,0,125,-80.1934
4.5,0,0,125,-80.1467
4.525,0,0,125,-80.1014
4.55,0,0,125,-80.0576
4.575,0,0,125,-80.0154
4.6,0,0,125,-79.9749
4.625,0,0,125,-79.9362
4.65,0,0,125,-79.8994
4.675,0,0,125,-79.8645
4.7,0,0,125,-79.8318
4.725,0,0,125,-79.8012
4.75,0,0,125,-79.7728
4.775,0,0,125,-79.7467
4.8,0,0,125,-79.723
4.825,0,0,125,-79.7018
4.85,0,0,125,-79.683
4.875,0,0,125,-79.6668
4.9,0,0,125,-79.6532
4.925,0,0,125,-79.6423
4.95,0,0,125,-79.6341
4.975,0,0,125,-79.6286
5,0,0,125,-79.6258
