0,0,0,125,-55.1122
0.025,0,0,125,-55.1108
0.05,0,0,125,-55.1081
0.075,0,0,125,-55.1044
0.1,0,0,125,-55.1001
0.125,0,0,125,-55.0955
0.15,0,0,125,-55.0912
0.175,0,0,125,-55.0877
0.2,0,0,125,-55.0852
0.225,0,0,125,-55.0842
0.25,0,0,125,-55.085
0.275,0,0,125,-55.088
0.3,0,0,125,-55.0935
0.325,0,0,125,-55.1019
0.35,0,0,125,-55.1135
0.375,0,0,125,-55.1287
0.4,0,0,125,-55.1478
0.425,0,0,125,-55.1713
0.45,0,0,125,-55.1994
0.475,0,0,125,-55.2327
0.5,0,0,125,-55.2714
0.525,0,0,125,-55.316
0.55,0,0,125,-55.3668
0.575,0,0,125,-55.4242
0.6,0,0,125,-55.4886
0.625,0,0,125,-55.5604
0.65,0,0,125,-55.64
0.675,0,0,125,-55.7277
0.7,0,0,125,-55.8239
0.725,0,0,125,-55.9291
0.75,0,0,125,-56.0434
0.775,0,0,125,-56.1674
0.8,0,0,125,-56.3014
0.825,0,0,125,-56.4456
0.85,0,0,125,-56.6005
0.875,0,0,125,-56.7662
0.9,0,0,125,-56.9432
0.925,0,0,125,-57.1316
0.95,0,0,125,-57.3318
0.975,0,0,125,-57.5439
1,0,0,125,-57.7681
1.025,0,0,125,-58.0047
1.05,0,0,125,-58.2537
1.075,0,0,125,-58.5152
1.1,0,0,125,-58.7894
1.125,0,0,125,-59.0763
1.15,0,0,125,-59.3758
1.175,0,0,125,-59.6879
1.2,0,0,125,-60.0126
1.225,0,0,125,-60.3497
1.25,0,0,125,-60.6989
1.275,0,0,125,-61.0601
1.3,0,0,125,-61.433
1.325,0,0,125,-61.8173
1.35,0,0,125,-62.2124
1.375,0,0,125,-62.6182
1.4,0,0,125,-63.0339
1.425,0,0,125,-63.4591
1.45,0,0,125,-63.8931
1.475,0,0,125,-64.3354
1.5,0,0,125,-64.7852
1.525,0,0,125,-65.2418
1.55,0,0,125,-65.7043
1.575,0,0,125,-66.1721
1.6,0,0,125,-66.6442
1.625,0,0,125,-67.1198
1.65,0,0,125,-67.5979
1.675,0,0,125,-68.0776
1.7,0,0,125,-68.5581
1.725,0,0,125,-69.0382
1.75,0,0,125,-69.5172
1.775,0,0,125,-69.994
1.8,0,0,125,-70.4678
1.825,0,0,125,-70.9376
1.85,0,0,125,-71.4026
1.875,0,0,125,-71.8618
1.9,0,0,125,-72.3145
1.925,0,0,125,-72.7599
1.95,0,0,125,-73.1973
1.975,0,0,125,-73.626
2,0,0,125,-74.0453
2.025,0,0,125,-74.4547
2.05,0,0,125,-74.8537
2.075,0,0,125,-75.2418
2.1,0,0,125,-75.6186
2.125,0,0,125,-75.9838
2.15,0,0,125,-76.3372
2.175,0,0,125,-76.6784
2.2,0,0,125,-77.0075
2.225,0,0,125,-77.3242
2.25,0,0,125,-77.6285
2.275,0,0,125,-77.9205
2.3,0,0,125,-78.2003
2.325,0,0,125,-78.4678
2.35,0,0,125,-78.7234
2.375,0,0,125,-78.9672
2.4,0,0,125,-79.1993
2.425,0,0,125,-79.4201
2.45,0,0,125,-79.6299
2.475,0,0,125,-79.829
2.5,0,0,125,-80.0177
2.525,0,0,125,-80.1963
2.55,0,0,125,-80.3652
2.575,0,0,125,-80.5248
2.6,0,0,125,-80.6754
2.625,0,0,125,-80.8175
2.65,0,0,125,-80.9514
2.675,0,0,125,-81.0775
2.7,0,0,125,-81.1961
2.725,0,0,125,-81.3078
2.75,0,0,125,-81.4127
2.775,0,0,125,-81.5113
2.8,0,0,125,-81.6039
2.825,0,0,125,-81.6909
2.85,0,0,125,-81.7726
2.875,0,0,125,-81.8493
2.9,0,0,125,-81.9213
2.925,0,0,125,-81.9889
2.95,0,0,125,-82.0523
2.975,0,0,125,-82.1119
3,0,0,125,-82.1679
3.025,0,0,125,-82.2205
3.05,0,0,125,-82.27
3.075,0,0,125,-82.3166
3.1,0,0,125,-82.3604
3.125,0,0,125,-82.4016
3.15,0,0,125,-82.4405
3.175,0,0,125,-82.4771
3.2,0,0,125,-82.5117
3.225,0,0,125,-82.5444
3.25,0,0,125,-82.5753
3.275,0,0,125,-82.6045
3.3,0,0,125,-82.6322
3.325,0,0,125,-82.6584
3.35,0,0,125,-82.6833
3.375,0,0,125,-82.7069
3.4,0,0,125,-82.7293
3.425,0,0,125,-82.7506
3.45,0,0,125,-82.7709
3.475,0,0,125,-82.7903
3.5,0,0,125,-82.8087
3.525,0,0,125,-82.8262
3.55,0,0,125,-82.843
3.575,0,0,125,-82.859
3.6,0,0,125,-82.8743
3.625,0,0,125,-82.8888
3.65,0,0,125,-82.9028
3.675,0,0,125,-82.9161
3.7,0,0,125,-82.9289
3.725,0,0,125,-82.941
3.75,0,0,125,-82.9527
3.775,0,0,125,-82.9638
3.8,0,0,125,-82.9745
3.825,0,0,125,-82.9847
3.85,0,0,125,-82.9944
3.875,0,0,125,-83.0037
3.9,0,0,125,-83.0126
3.925,0,0,125,-83.0211
3.95,0,0,125,-83.0292
3.975,0,0,125,-83.0369
4,0,0,125,-83.0443
4.025,0,0,125,-83.0513
4.05,0,0,125,-83.058
4.075,0,0,125,-83.0644
4.1,0,0,125,-83.0704
4.125,0,0,125,-83.0761
4.15,0,0,125,-83.0816
4.175,0,0,125,-83.0867
4.2,0,0,125,-83.0916
4.225,0,0,125,-83.0962
4.25,0,0,125,-83.1005
4.275,0,0,125,-83.1046
4.3,0,0,125,-83.1085
4.325,0,0,125,-83.1121
4.35,0,0,125,-83.1155
4.375,0,0,125,-83.1186
4.4,0,0,125,-83.1215
4.425,0,0,125,-83.1243
4.45,0,0,125,-83.1268
4.475,0,0,125,-83.1291
4.5,0,0,125,-83.1313
4.525,0,0,125,-83.1333
4.55,0,0,125,-83.1351
4.575,0,0,125,-83.1368
4.6,0,0,125,-83.1382
4.625,0,0,125,-83.1396
4.65,0,0,125,-83.1408
4.675,0,0,125,-83.1419
4.7,0,0,125,-83.1428
4.725,0,0,125,-83.1437
4.75,0,0,125,-83.1444
4.775,0,0,125,-83.145
4.8,0,0,125,-83.1455
4.825,0,0,125,-83.1459
4.85,0,0,125,-83.1462
4.875,0,0,125,-83.1464
4.9,0,0,125,-83.1466
4.925,0,0,125,-83.1467
4.95,0,0,125,-83.1467
4.975,0,0,125,-83.1468
5,0,0,125,-83.1468
