0,0,0,125,-82.3503
0.025,0,0,125,-82.3505
0.05,0,0,125,-82.3509
0.075,0,0,125,-82.3514
0.1,0,0,125,-82.352
0.125,0,0,125,-82.3527
0.15,0,0,125,-82.3532
0.175,0,0,125,-82.3537
0.2,0,0,125,-82.354
0.225,0,0,125,-82.3541
0.25,0,0,125,-82.354
0.275,0,0,125,-82.3538
0.3,0,0,125,-82.3533
0.325,0,0,125,-82.3526
0.35,0,0,125,-82.3517
0.375,0,0,125,-82.3506
0.4,0,0,125,-82.3493
0.425,0,0,125,-82.3478
0.45,0,0,125,-82.3461
0.475,0,0,125,-82.3442
0.5,0,0,125,-82.342
0.525,0,0,125,-82.3397
0.55,0,0,125,-82.3372
0.575,0,0,125,-82.3344
0.6,0,0,125,-82.3315
0.625,0,0,125,-82.3284
0.65,0,0,125,-82.3251
0.675,0,0,125,-82.3216
0.7,0,0,125,-82.318
0.725,0,0,125,-82.3141
0.75,0,0,125,-82.3101
0.775,0,0,125,-82.3059
0.8,0,0,125,-82.3015
0.825,0,0,125,-82.2969
0.85,0,0,125,-82.2921
0.875,0,0,125,-82.2872
0.9,0,0,125,-82.282
0.925,0,0,125,-82.2767
0.95,0,0,125,-82.2713
0.975,0,0,125,-82.2656
1,0,0,125,-82.2598
1.025,0,0,125,-82.2538
1.05,0,0,125,-82.2476
1.075,0,0,125,-82.2413
1.1,0,0,125,-82.2347
1.125,0,0,125,-82.228
1.15,0,0,125,-82.2211
1.175,0,0,125,-82.214
1.2,0,0,125,-82.2068
1.225,0,0,125,-82.1994
1.25,0,0,125,-82.1917
1.275,0,0,125,-82.1839
1.3,0,0,125,-82.176
1.325,0,0,125,-82.1678
1.35,0,0,125,-82.1594
1.375,0,0,125,-82.1509
1.4,0,0,125,-82.1422
1.425,0,0,125,-82.1333
1.45,0,0,125,-82.1241
1.475,0,0,125,-82.1148
1.5,0,0,125,-82.1053
1.525,0,0,125,-82.0956
1.55,0,0,125,-82.0857
1.575,0,0,125,-82.0756
1.6,0,0,125,-82.0653
1.625,0,0,125,-82.0548
1.65,0,0,125,-82.0441
1.675,0,0,125,-82.0331
1.7,0,0,125,-82.022
1.725,0,0,125,-82.0106
1.75,0,0,125,-81.999
1.775,0,0,125,-81.9872
1.8,0,0,125,-81.9751
1.825,0,0,125,-81.9629
1.85,0,0,125,-81.9503
1.875,0,0,125,-81.9376
1.9,0,0,125,-81.9246
1.925,0,0,125,-81.9114
1.95,0,0,125,-81.898
1.975,0,0,125,-81.8843
2,0,0,125,-81.8703
2.025,0,0,125,-81.8561
2.05,0,0,125,-81.8416
2.075,0,0,125,-81.8269
2.1,0,0,125,-81.8119
2.125,0,0,125,-81.7966
2.15,0,0,125,-81.7811
2.175,0,0,125,-81.7653
2.2,0,0,125,-81.7493
2.225,0,0,125,-81.7329
2.25,0,0,125,-81.7162
2.275,0,0,125,-81.6993
2.3,0,0,125,-81.6821
2.325,0,0,125,-81.6646
2.35,0,0,125,-81.6467
2.375,0,0,125,-81.6286
2.4,0,0,125,-81.6102
2.425,0,0,125,-81.5914
2.45,0,0,125,-81.5724
2.475,0,0,125,-81.553
2.5,0,0,125,-81.5333
2.525,0,0,125,-81.5133
2.55,0,0,125,-81.4929
2.575,0,0,125,-81.4722
2.6,0,0,125,-81.4512
2.625,0,0,125,-81.4298
2.65,0,0,125,-81.4081
2.675,0,0,125,-81.386
2.7,0,0,125,-81.3636
2.725,0,0,125,-81.3409
2.75,0,0,125,-81.3178
2.775,0,0,125,-81.2943
2.8,0,0,125,-81.2705
2.825,0,0,125,-81.2463
2.85,0,0,125,-81.2217
2.875,0,0,125,-81.1968
2.9,0,0,125,-81.1715
2.925,0,0,125,-81.1458
2.95,0,0,125,-81.1198
2.975,0,0,125,-81.0933
3,0,0,125,-81.0665
3.025,0,0,125,-81.0394
3.05,0,0,125,-81.0118
3.075,0,0,125,-80.9839
3.1,0,0,125,-80.9556
3.125,0,0,125,-80.9269
3.15,0,0,125,-80.8979
3.175,0,0,125,-80.8684
3.2,0,0,125,-80.8386
3.225,0,0,125,-80.8085
3.25,0,0,125,-80.7779
3.275,0,0,125,-80.7471
3.3,0,0,125,-80.7158
3.325,0,0,125,-80.6842
3.35,0,0,125,-80.6523
3.375,0,0,125,-80.62
3.4,0,0,125,-80.5873
3.425,0,0,125,-80.5544
3.45,0,0,125,-80.5211
3.475,0,0,125,-80.4875
3.5,0,0,125,-80.4536
3.525,0,0,125,-80.4194
3.55,0,0,125,-80.3849
3.575,0,0,125,-80.3502
3.6,0,0,125,-80.3152
3.625,0,0,125,-80.2799
3.65,0,0,125,-80.2445
3.675,0,0,125,-80.2088
3.7,0,0,125,-80.1729
3.725,0,0,125,-80.1368
3.75,0,0,125,-80.1006
3.775,0,0,125,-80.0642
3.8,0,0,125,-80.0277
3.825,0,0,125,-79.9911
3.85,0,0,125,-79.9544
3.875,0,0,125,-79.9177
3.9,0,0,125,-79.8809
3.925,0,0,125,-79.8441
3.95,0,0,125,-79.8074
3.975,0,0,125,-79.7707
4,0,0,125,-79.7342
4.025,0,0,125,-79.6977
4.05,0,0,125,-79.6614
4.075,0,0,125,-79.6252
4.1,0,0,125,-79.5893
4.125,0,0,125,-79.5537
4.15,0,0,125,-79.5183
4.175,0,0,125,-79.4833
4.2,0,0,125,-79.4486
4.225,0,0,125,-79.4143
4.25,0,0,125,-79.3805
4.275,0,0,125,-79.3471
4.3,0,0,125,-79.3143
4.325,0,0,125,-79.2821
4.35,0,0,125,-79.2505
4.375,0,0,125,-79.2195
4.4,0,0,125,-79.1892
4.425,0,0,125,-79.1597
4.45,0,0,125,-79.131
4.475,0,0,125,-79.1031
4.5,0,0,125,-79.0761
4.525,0,0,125,-79.05
4.55,0,0,125,-79.0248
4.575,0,0,125,-79.0007
4.6,0,0,125,-78.9777
4.625,0,0,125,-78.9557
4.65,0,0,125,-78.9349
4.675,0,0,125,-78.9152
4.7,0,0,125,-78.8968
4.725,0,0,125,-78.8796
4.75,0,0,125,-78.8637
4.775,0,0,125,-78.8491
4.8,0,0,125,-78.8359
4.825,0,0,125,-78.824
4.85,0,0,125,-78.8136
4.875,0,0,125,-78.8046
4.9,0,0,125,-78.797
4.925,0,0,125,-78.791
4.95,0,0,125,-78.7864
4.975,0,0,125,-78.7834
5,0,0,125,-78.7819
