0,0,0,125,-83.9413
0.025,0,0,125,-83.9415
0.05,0,0,125,-83.9419
0.075,0,0,125,-83.9424
0.1,0,0,125,-83.9431
0.125,0,0,125,-83.9438
0.15,0,0,125,-83.9447
0.175,0,0,125,-83.9455
0.2,0,0,125,-83.9464
0.225,0,0,125,-83.9473
0.25,0,0,125,-83.9483
0.275,0,0,125,-83.9492
0.3,0,0,125,-83.9501
0.325,0,0,125,-83.9511
0.35,0,0,125,-83.952
0.375,0,0,125,-83.9529
0.4,0,0,125,-83.9538
0.425,0,0,125,-83.9547
0.45,0,0,125,-83.9556
0.475,0,0,125,-83.9564
0.5,0,0,125,-83.9573
0.525,0,0,125,-83.9581
0.55,0,0,125,-83.9589
0.575,0,0,125,-83.9597
0.6,0,0,125,-83.9605
0.625,0,0,125,-83.9613
0.65,0,0,125,-83.962
0.675,0,0,125,-83.9628
0.7,0,0,125,-83.9635
0.725,0,0,125,-83.9642
0.75,0,0,125,-83.965
0.775,0,0,125,-83.9657
0.8,0,0,125,-83.9665
0.825,0,0,125,-83.9673
0.85,0,0,125,-83.9681
0.875,0,0,125,-83.9689
0.9,0,0,125,-83.9697
0.925,0,0,125,-83.9705
0.95,0,0,125,-83.9713
0.975,0,0,125,-83.9721
1,0,0,125,-83.973
1.025,0,0,125,-83.9738
1.05,0,0,125,-83.9747
1.075,0,0,125,-83.9756
1.1,0,0,125,-83.9764
1.125,0,0,125,-83.9773
1.15,0,0,125,-83.9782
1.175,0,0,125,-83.9791
1.2,0,0,125,-83.9801
1.225,0,0,125,-83.981
1.25,0,0,125,-83.9819
1.275,0,0,125,-83.9829
1.3,0,0,125,-83.9838
1.325,0,0,125,-83.9848
1.35,0,0,125,-83.9858
1.375,0,0,125,-83.9868
1.4,0,0,125,-83.9878
1.425,0,0,125,-83.9888
1.45,0,0,125,-83.9898
1.475,0,0,125,-83.9908
1.5,0,0,125,-83.9919
1.525,0,0,125,-83.993
1.55,0,0,125,-83.9941
1.575,0,0,125,-83.9953
1.6,0,0,125,-83.9965
1.625,0,0,125,-83.9978
1.65,0,0,125,-83.9991
1.675,0,0,125,-84.0004
1.7,0,0,125,-84.0018
1.725,0,0,125,-84.0031
1.75,0,0,125,-84.0046
1.775,0,0,125,-84.006
1.8,0,0,125,-84.0075
1.825,0,0,125,-84.0091
1.85,0,0,125,-84.0106
1.875,0,0,125,-84.0122
1.9,0,0,125,-84.0139
1.925,0,0,125,-84.0156
1.95,0,0,125,-84.0173
1.975,0,0,125,-84.019
2,0,0,125,-84.0208
2.025,0,0,125,-84.0227
2.05,0,0,125,-84.0246
2.075,0,0,125,-84.0265
2.1,0,0,125,-84.0285
2.125,0,0,125,-84.0306
2.15,0,0,125,-84.0327
2.175,0,0,125,-84.0348
2.2,0,0,125,-84.0369
2.225,0,0,125,-84.0391
2.25,0,0,125,-84.0414
2.275,0,0,125,-84.0436
2.3,0,0,125,-84.0459
2.325,0,0,125,-84.0483
2.35,0,0,125,-84.0507
2.375,0,0,125,-84.0531
2.4,0,0,125,-84.0557
2.425,0,0,125,-84.0582
2.45,0,0,125,-84.0609
2.475,0,0,125,-84.0635
2.5,0,0,125,-84.0663
2.525,0,0,125,-84.0691
2.55,0,0,125,-84.0719
2.575,0,0,125,-84.0748
2.6,0,0,125,-84.0777
2.625,0,0,125,-84.0807
2.65,0,0,125,-84.0836
2.675,0,0,125,-84.0867
2.7,0,0,125,-84.0897
2.725,0,0,125,-84.0928
2.75,0,0,125,-84.0959
2.775,0,0,125,-84.0991
2.8,0,0,125,-84.1023
2.825,0,0,125,-84.1055
2.85,0,0,125,-84.1088
2.875,0,0,125,-84.1121
2.9,0,0,125,-84.1154
2.925,0,0,125,-84.1187
2.95,0,0,125,-84.1221
2.975,0,0,125,-84.1254
3,0,0,125,-84.1288
3.025,0,0,125,-84.1322
3.05,0,0,125,-84.1355
3.075,0,0,125,-84.1389
3.1,0,0,125,-84.1422
3.125,0,0,125,-84.1455
3.15,0,0,125,-84.1488
3.175,0,0,125,-84.1521
3.2,0,0,125,-84.1554
3.225,0,0,125,-84.1587
3.25,0,0,125,-84.162
3.275,0,0,125,-84.1652
3.3,0,0,125,-84.1684
3.325,0,0,125,-84.1715
3.35,0,0,125,-84.1746
3.375,0,0,125,-84.1777
3.4,0,0,125,-84.1807
3.425,0,0,125,-84.1837
3.45,0,0,125,-84.1867
3.475,0,0,125,-84.1896
3.5,0,0,125,-84.1925
3.525,0,0,125,-84.1953
3.55,0,0,125,-84.1981
3.575,0,0,125,-84.2009
3.6,0,0,125,-84.2036
3.625,0,0,125,-84.2062
3.65,0,0,125,-84.2088
3.675,0,0,125,-84.2113
3.7,0,0,125,-84.2138
3.725,0,0,125,-84.2162
3.75,0,0,125,-84.2185
3.775,0,0,125,-84.2207
3.8,0,0,125,-84.2229
3.825,0,0,125,-84.225
3.85,0,0,125,-84.227
3.875,0,0,125,-84.229
3.9,0,0,125,-84.2309
3.925,0,0,125,-84.2327
3.95,0,0,125,-84.2345
3.975,0,0,125,-84.2363
4,0,0,125,-84.2379
4.025,0,0,125,-84.2395
4.05,0,0,125,-84.2411
4.075,0,0,125,-84.2426
4.1,0,0,125,-84.244
4.125,0,0,125,-84.2453
4.15,0,0,125,-84.2466
4.175,0,0,125,-84.2479
4.2,0,0,125,-84.249
4.225,0,0,125,-84.2501
4.25,0,0,125,-84.2512
4.275,0,0,125,-84.2522
4.3,0,0,125,-84.2531
4.325,0,0,125,-84.2539
4.35,0,0,125,-84.2547
4.375,0,0,125,-84.2555
4.4,0,0,125,-84.2562
4.425,0,0,125,-84.2569
4.45,0,0,125,-84.2575
4.475,0,0,125,-84.2581
4.5,0,0,125,-84.2587
4.525,0,0,125,-84.2592
4.55,0,0,125,-84.2597
4.575,0,0,125,-84.2601
4.6,0,0,125,-84.2605
4.625,0,0,125,-84.2609
4.65,0,0,125,-84.2612
4.675,0,0,125,-84.2615
4.7,0,0,125,-84.2618
4.725,0,0,125,-84.262
4.75,0,0,125,-84.2622
4.775,0,0,125,-84.2623
4.8,0,0,125,-84.2624
4.825,0,0,125,-84.2626
4.85,0,0,125,-84.2627
4.875,0,0,125,-84.2627
4.9,0,0,125,-84.2628
4.925,0,0,125,-84.2629
4.95,0,0,125,-84.2629
4.975,0,0,125,-84.263
5,0,0,125,-84.263
