0,0,0,125,12.3079
0.025,0,0,125,12.2926
0.05,0,0,125,12.2617
0.075,0,0,125,12.2148
0.1,0,0,125,12.151
0.125,0,0,125,12.0697
0.15,0,0,125,11.9702
0.175,0,0,125,11.8535
0.2,0,0,125,11.7211
0.225,0,0,125,11.5752
0.25,0,0,125,11.4182
0.275,0,0,125,11.2526
0.3,0,0,125,11.0806
0.325,0,0,125,10.9047
0.35,0,0,125,10.727
0.375,0,0,125,10.5496
0.4,0,0,125,10.3743
0.425,0,0,125,10.2032
0.45,0,0,125,10.0378
0.475,0,0,125,9.87974
0.5,0,0,125,9.73048
0.525,0,0,125,9.59129
0.55,0,0,125,9.46333
0.575,0,0,125,9.34761
0.6,0,0,125,9.24501
0.625,0,0,125,9.15626
0.65,0,0,125,9.08199
0.675,0,0,125,9.02269
0.7,0,0,125,8.97874
0.725,0,0,125,8.95041
0.75,0,0,125,8.93789
0.775,0,0,125,8.94126
0.8,0,0,125,8.96055
0.825,0,0,125,8.99568
0.85,0,0,125,9.04657
0.875,0,0,125,9.11305
0.9,0,0,125,9.19493
0.925,0,0,125,9.29198
0.95,0,0,125,9.40397
0.975,0,0,125,9.53062
1,0,0,125,9.67168
1.025,0,0,125,9.82687
1.05,0,0,125,9.99593
1.075,0,0,125,10.1786
1.1,0,0,125,10.3746
1.125,0,0,125,10.5836
1.15,0,0,125,10.8055
1.175,0,0,125,11.0398
1.2,0,0,125,11.2862
1.225,0,0,125,11.5444
1.25,0,0,125,11.8139
1.275,0,0,125,12.0939
1.3,0,0,125,12.3835
1.325,0,0,125,12.6817
1.35,0,0,125,12.9866
1.375,0,0,125,13.2958
1.4,0,0,125,13.6062
1.425,0,0,125,13.913
1.45,0,0,125,14.2097
1.475,0,0,125,14.4871
1.5,0,0,125,14.7325
1.525,0,0,125,14.9277
1.55,0,0,125,15.0473
1.575,0,0,125,15.0552
1.6,0,0,125,14.9
1.625,0,0,125,14.5077
1.65,0,0,125,13.7702
1.675,0,0,125,12.5274
1.7,0,0,125,10.5369
1.725,0,0,125,7.42242
1.75,0,0,125,2.58855
1.775,0,0,125,-4.9111
1.8,0,0,125,-16.4556
1.825,0,0,125,-32.8039
1.85,0,0,125,-48.5937
1.875,0,0,125,-60.0626
1.9,0,0,125,-67.9502
1.925,0,0,125,-73.3252
1.95,0,0,125,-76.9758
1.975,0,0,125,-79.4505
2,0,0,125,-81.1257
2.025,0,0,125,-82.2587
2.05,0,0,125,-83.0245
2.075,0,0,125,-83.5419
2.1,0,0,125,-83.8913
2.125,0,0,125,-84.1272
2.15,0,0,125,-84.2865
2.175,0,0,125,-84.3941
2.2,0,0,125,-84.4667
2.225,0,0,125,-84.5157
2.25,0,0,125,-84.5488
2.275,0,0,125,-84.5711
2.3,0,0,125,-84.5862
2.325,0,0,125,-84.5964
2.35,0,0,125,-84.6032
2.375,0,0,125,-84.6078
2.4,0,0,125,-84.611
2.425,0,0,125,-84.6131
2.45,0,0,125,-84.6145
2.475,0,0,125,-84.6155
2.5,0,0,125,-84.6161
2.525,0,0,125,-84.6165
2.55,0,0,125,-84.6168
2.575,0,0,125,-84.617
2.6,0,0,125,-84.6171
2.625,0,0,125,-84.6172
2.65,0,0,125,-84.6173
2.675,0,0,125,-84.6173
2.7,0,0,125,-84.6174
2.725,0,0,125,-84.6174
2.75,0,0,125,-84.6174
2.775,0,0,125,-84.6174
2.8,0,0,125,-84.6174
2.825,0,0,125,-84.6174
2.85,0,0,125,-84.6174
2.875,0,0,125,-84.6174
2.9,0,0,125,-84.6174
2.925,0,0,125,-84.6174
2.95,0,0,125,-84.6174
2.975,0,0,125,-84.6174
3,0,0,125,-84.6174
3.025,0,0,125,-84.6174
3.05,0,0,125,-84.6174
3.075,0,0,125,-84.6174
3.1,0,0,125,-84.6174
3.125,0,0,125,-84.6174
3.15,0,0,125,-84.6174
3.175,0,0,125,-84.6174
3.2,0,0,125,-84.6174
3.225,0,0,125,-84.6174
3.25,0,0,125,-84.6174
3.275,0,0,125,-84.6174
3.3,0,0,125,-84.6174
3.325,0,0,125,-84.6174
3.35,0,0,125,-84.6174
3.375,0,0,125,-84.6174
3.4,0,0,125,-84.6174
3.425,0,0,125,-84.6174
3.45,0,0,125,-84.6174
3.475,0,0,125,-84.6174
3.5,0,0,125,-84.6174
3.525,0,0,125,-84.6174
3.55,0,0,125,-84.6174
3.575,0,0,125,-84.6174
3.6,0,0,125,-84.6174
3.625,0,0,125,-84.6174
3.65,0,0,125,-84.6174
3.675,0,0,125,-84.6174
3.7,0,0,125,-84.6174
3.725,0,0,125,-84.6174
3.75,0,0,125,-84.6174
3.775,0,0,125,-84.6174
3.8,0,0,125,-84.6174
3.825,0,0,125,-84.6174
3.85,0,0,125,-84.6174
3.875,0,0,125,-84.6174
3.9,0,0,125,-84.6174
3.925,0,0,125,-84.6174
3.95,0,0,125,-84.6174
3.975,0,0,125,-84.6174
4,0,0,125,-84.6174
4.025,0,0,125,-84.6174
4.05,0,0,125,-84.6174
4.075,0,0,125,-84.6174
4.1,0,0,125,-84.6174
4.125,0,0,125,-84.6174
4.15,0,0,125,-84.6174
4.175,0,0,125,-84.6174
4.2,0,0,125,-84.6174
4.225,0,0,125,-84.6174
4.25,0,0,125,-84.6174
4.275,0,0,125,-84.6174
4.3,0,0,125,-84.6174
4.325,0,0,125,-84.6174
4.35,0,0,125,-84.6174
4.375,0,0,125,-84.6174
4.4,0,0,125,-84.6174
4.425,0,0,125,-84.6174
4.45,0,0,125,-84.6174
4.475,0,0,125,-84.6174
4.5,0,0,125,-84.6174
4.525,0,0,125,-84.6174
4.55,0,0,125,-84.6174
4.575,0,0,125,-84.6174
4.6,0,0,125,-84.6174
4.625,0,0,125,-84.6174
4.65,0,0,125,-84.6174
4.675,0,0,125,-84.6174
4.7,0,0,125,-84.6174
4.725,0,0,125,-84.6174
4.75,0,0,125,-84.6174
4.775,0,0,125,-84.6174
4.8,0,0,125,-84.6174
4.825,0,0,125,-84.6174
4.85,0,0,125,-84.6174
4.875,0,0,125,-84.6174
4.9,0,0,125,-84.6174
4.925,0,0,125,-84.6174
4.95,0,0,125,-84.6174
4.975,0,0,125,-84.6174
5,0,0,125,-84.6174
