0,0,0,125,15.7642
0.025,0,0,125,15.7671
0.05,0,0,125,15.7728
0.075,0,0,125,15.7809
0.1,0,0,125,15.791
0.125,0,0,125,15.8027
0.15,0,0,125,15.8152
0.175,0,0,125,15.8284
0.2,0,0,125,15.8419
0.225,0,0,125,15.8556
0.25,0,0,125,15.8695
0.275,0,0,125,15.8833
0.3,0,0,125,15.8972
0.325,0,0,125,15.911
0.35,0,0,125,15.9248
0.375,0,0,125,15.9384
0.4,0,0,125,15.9518
0.425,0,0,125,15.9651
0.45,0,0,125,15.9782
0.475,0,0,125,15.9911
0.5,0,0,125,16.0037
0.525,0,0,125,16.0162
0.55,0,0,125,16.0284
0.575,0,0,125,16.0404
0.6,0,0,125,16.0521
0.625,0,0,125,16.0636
0.65,0,0,125,16.0749
0.675,0,0,125,16.086
0.7,0,0,125,16.0968
0.725,0,0,125,16.1074
0.75,0,0,125,16.1177
0.775,0,0,125,16.1278
0.8,0,0,125,16.1377
0.825,0,0,125,16.1474
0.85,0,0,125,16.1569
0.875,0,0,125,16.1662
0.9,0,0,125,16.1752
0.925,0,0,125,16.184
0.95,0,0,125,16.1927
0.975,0,0,125,16.2011
1,0,0,125,16.2094
1.025,0,0,125,16.2174
1.05,0,0,125,16.2253
1.075,0,0,125,16.2329
1.1,0,0,125,16.2404
1.125,0,0,125,16.2477
1.15,0,0,125,16.2548
1.175,0,0,125,16.2617
1.2,0,0,125,16.2684
1.225,0,0,125,16.275
1.25,0,0,125,16.2813
1.275,0,0,125,16.2875
1.3,0,0,125,16.2935
1.325,0,0,125,16.2993
1.35,0,0,125,16.3049
1.375,0,0,125,16.3104
1.4,0,0,125,16.3157
1.425,0,0,125,16.3207
1.45,0,0,125,16.3256
1.475,0,0,125,16.3303
1.5,0,0,125,16.3348
1.525,0,0,125,16.3391
1.55,0,0,125,16.3432
1.575,0,0,125,16.3472
1.6,0,0,125,16.3509
1.625,0,0,125,16.3544
1.65,0,0,125,16.3577
1.675,0,0,125,16.3609
1.7,0,0,125,16.3638
1.725,0,0,125,16.3665
1.75,0,0,125,16.369
1.775,0,0,125,16.3712
1.8,0,0,125,16.3733
1.825,0,0,125,16.3751
1.85,0,0,125,16.3767
1.875,0,0,125,16.3781
1.9,0,0,125,16.3792
1.925,0,0,125,16.3801
1.95,0,0,125,16.3808
1.975,0,0,125,16.3813
2,0,0,125,16.3814
2.025,0,0,125,16.3814
2.05,0,0,125,16.3811
2.075,0,0,125,16.3805
2.1,0,0,125,16.3797
2.125,0,0,125,16.3786
2.15,0,0,125,16.3773
2.175,0,0,125,16.3757
2.2,0,0,125,16.3738
2.225,0,0,125,16.3717
2.25,0,0,125,16.3693
2.275,0,0,125,16.3666
2.3,0,0,125,16.3636
2.325,0,0,125,16.3604
2.35,0,0,125,16.3568
2.375,0,0,125,16.353
2.4,0,0,125,16.3489
2.425,0,0,125,16.3444
2.45,0,0,125,16.3397
2.475,0,0,125,16.3347
2.5,0,0,125,16.3294
2.525,0,0,125,16.3238
2.55,0,0,125,16.3178
2.575,0,0,125,16.3116
2.6,0,0,125,16.3051
2.625,0,0,125,16.2982
2.65,0,0,125,16.291
2.675,0,0,125,16.2836
2.7,0,0,125,16.2758
2.725,0,0,125,16.2676
2.75,0,0,125,16.2592
2.775,0,0,125,16.2504
2.8,0,0,125,16.2414
2.825,0,0,125,16.232
2.85,0,0,125,16.2222
2.875,0,0,125,16.2122
2.9,0,0,125,16.2018
2.925,0,0,125,16.1912
2.95,0,0,125,16.1802
2.975,0,0,125,16.1688
3,0,0,125,16.1572
3.025,0,0,125,16.1452
3.05,0,0,125,16.133
3.075,0,0,125,16.1204
3.1,0,0,125,16.1075
3.125,0,0,125,16.0943
3.15,0,0,125,16.0808
3.175,0,0,125,16.067
3.2,0,0,125,16.0529
3.225,0,0,125,16.0386
3.25,0,0,125,16.0239
3.275,0,0,125,16.009
3.3,0,0,125,15.9938
3.325,0,0,125,15.9783
3.35,0,0,125,15.9625
3.375,0,0,125,15.9465
3.4,0,0,125,15.9303
3.425,0,0,125,15.9138
3.45,0,0,125,15.8972
3.475,0,0,125,15.8802
3.5,0,0,125,15.8631
3.525,0,0,125,15.8458
3.55,0,0,125,15.8283
3.575,0,0,125,15.8107
3.6,0,0,125,15.7928
3.625,0,0,125,15.7749
3.65,0,0,125,15.7568
3.675,0,0,125,15.7386
3.7,0,0,125,15.7203
3.725,0,0,125,15.7019
3.75,0,0,125,15.6834
3.775,0,0,125,15.6649
3.8,0,0,125,15.6464
3.825,0,0,125,15.6279
3.85,0,0,125,15.6093
3.875,0,0,125,15.5908
3.9,0,0,125,15.5724
3.925,0,0,125,15.554
3.95,0,0,125,15.5357
3.975,0,0,125,15.5175
4,0,0,125,15.4995
4.025,0,0,125,15.4816
4.05,0,0,125,15.4639
4.075,0,0,125,15.4464
4.1,0,0,125,15.4292
4.125,0,0,125,15.4121
4.15,0,0,125,15.3954
4.175,0,0,125,15.3789
4.2,0,0,125,15.3628
4.225,0,0,125,15.347
4.25,0,0,125,15.3316
4.275,0,0,125,15.3165
4.3,0,0,125,15.3018
4.325,0,0,125,15.2876
4.35,0,0,125,15.2738
4.375,0,0,125,15.2604
4.4,0,0,125,15.2475
4.425,0,0,125,15.2351
4.45,0,0,125,15.2231
4.475,0,0,125,15.2116
4.5,0,0,125,15.2007
4.525,0,0,125,15.1902
4.55,0,0,125,15.1802
4.575,0,0,125,15.1708
4.6,0,0,125,15.1618
4.625,0,0,125,15.1534
4.65,0,0,125,15.1454
4.675,0,0,125,15.138
4.7,0,0,125,15.131
4.725,0,0,125,15.1245
4.75,0,0,125,15.1185
4.775,0,0,125,15.1131
4.8,0,0,125,15.1081
4.825,0,0,125,15.1036
4.85,0,0,125,15.0997
4.875,0,0,125,15.0963
4.9,0,0,125,15.0935
4.925,0,0,125,15.0912
4.95,0,0,125,15.0896
4.975,0,0,125,15.0885
5,0,0,125,15.0879
