0,0,0,125,-84.0394
0.025,0,0,125,-84.0396
0.05,0,0,125,-84.0399
0.075,0,0,125,-84.0403
0.1,0,0,125,-84.0409
0.125,0,0,125,-84.0415
0.15,0,0,125,-84.0423
0.175,0,0,125,-84.043
0.2,0,0,125,-84.0438
0.225,0,0,125,-84.0445
0.25,0,0,125,-84.0453
0.275,0,0,125,-84.0461
0.3,0,0,125,-84.0469
0.325,0,0,125,-84.0477
0.35,0,0,125,-84.0485
0.375,0,0,125,-84.0493
0.4,0,0,125,-84.0501
0.425,0,0,125,-84.0508
0.45,0,0,125,-84.0516
0.475,0,0,125,-84.0523
0.5,0,0,125,-84.053
0.525,0,0,125,-84.0537
0.55,0,0,125,-84.0544
0.575,0,0,125,-84.0551
0.6,0,0,125,-84.0558
0.625,0,0,125,-84.0565
0.65,0,0,125,-84.0571
0.675,0,0,125,-84.0577
0.7,0,0,125,-84.0584
0.725,0,0,125,-84.059
0.75,0,0,125,-84.0596
0.775,0,0,125,-84.0602
0.8,0,0,125,-84.0609
0.825,0,0,125,-84.0615
0.85,0,0,125,-84.0622
0.875,0,0,125,-84.0628
0.9,0,0,125,-84.0635
0.925,0,0,125,-84.0642
0.95,0,0,125,-84.0649
0.975,0,0,125,-84.0656
1,0,0,125,-84.0663
1.025,0,0,125,-84.0671
1.05,0,0,125,-84.0678
1.075,0,0,125,-84.0686
1.1,0,0,125,-84.0693
1.125,0,0,125,-84.0701
1.15,0,0,125,-84.0709
1.175,0,0,125,-84.0717
1.2,0,0,125,-84.0725
1.225,0,0,125,-84.0733
1.25,0,0,125,-84.0742
1.275,0,0,125,-84.075
1.3,0,0,125,-84.0758
1.325,0,0,125,-84.0767
1.35,0,0,125,-84.0776
1.375,0,0,125,-84.0784
1.4,0,0,125,-84.0793
1.425,0,0,125,-84.0802
1.45,0,0,125,-84.0811
1.475,0,0,125,-84.082
1.5,0,0,125,-84.083
1.525,0,0,125,-84.0839
1.55,0,0,125,-84.0848
1.575,0,0,125,-84.0858
1.6,0,0,125,-84.0868
1.625,0,0,125,-84.0878
1.65,0,0,125,-84.0888
1.675,0,0,125,-84.0899
1.7,0,0,125,-84.091
1.725,0,0,125,-84.0921
1.75,0,0,125,-84.0933
1.775,0,0,125,-84.0945
1.8,0,0,125,-84.0958
1.825,0,0,125,-84.0971
1.85,0,0,125,-84.0984
1.875,0,0,125,-84.0998
1.9,0,0,125,-84.1012
1.925,0,0,125,-84.1026
1.95,0,0,125,-84.1041
1.975,0,0,125,-84.1056
2,0,0,125,-84.1071
2.025,0,0,125,-84.1087
2.05,0,0,125,-84.1103
2.075,0,0,125,-84.1119
2.1,0,0,125,-84.1136
2.125,0,0,125,-84.1153
2.15,0,0,125,-84.1171
2.175,0,0,125,-84.1189
2.2,0,0,125,-84.1207
2.225,0,0,125,-84.1226
2.25,0,0,125,-84.1246
2.275,0,0,125,-84.1265
2.3,0,0,125,-84.1285
2.325,0,0,125,-84.1306
2.35,0,0,125,-84.1327
2.375,0,0,125,-84.1348
2.4,0,0,125,-84.1369
2.425,0,0,125,-84.1391
2.45,0,0,125,-84.1414
2.475,0,0,125,-84.1437
2.5,0,0,125,-84.146
2.525,0,0,125,-84.1483
2.55,0,0,125,-84.1507
2.575,0,0,125,-84.1531
2.6,0,0,125,-84.1556
2.625,0,0,125,-84.1581
2.65,0,0,125,-84.1606
2.675,0,0,125,-84.1632
2.7,0,0,125,-84.1658
2.725,0,0,125,-84.1685
2.75,0,0,125,-84.1712
2.775,0,0,125,-84.1739
2.8,0,0,125,-84.1767
2.825,0,0,125,-84.1794
2.85,0,0,125,-84.1822
2.875,0,0,125,-84.185
2.9,0,0,125,-84.1878
2.925,0,0,125,-84.1907
2.95,0,0,125,-84.1935
2.975,0,0,125,-84.1963
3,0,0,125,-84.1992
3.025,0,0,125,-84.202
3.05,0,0,125,-84.2049
3.075,0,0,125,-84.2078
3.1,0,0,125,-84.2106
3.125,0,0,125,-84.2135
3.15,0,0,125,-84.2164
3.175,0,0,125,-84.2192
3.2,0,0,125,-84.2221
3.225,0,0,125,-84.2249
3.25,0,0,125,-84.2277
3.275,0,0,125,-84.2304
3.3,0,0,125,-84.2332
3.325,0,0,125,-84.2358
3.35,0,0,125,-84.2385
3.375,0,0,125,-84.2411
3.4,0,0,125,-84.2436
3.425,0,0,125,-84.2462
3.45,0,0,125,-84.2487
3.475,0,0,125,-84.2511
3.5,0,0,125,-84.2535
3.525,0,0,125,-84.2559
3.55,0,0,125,-84.2583
3.575,0,0,125,-84.2606
3.6,0,0,125,-84.2628
3.625,0,0,125,-84.2651
3.65,0,0,125,-84.2672
3.675,0,0,125,-84.2694
3.7,0,0,125,-84.2715
3.725,0,0,125,-84.2735
3.75,0,0,125,-84.2754
3.775,0,0,125,-84.2773
3.8,0,0,125,-84.2792
3.825,0,0,125,-84.2809
3.85,0,0,125,-84.2826
3.875,0,0,125,-84.2843
3.9,0,0,125,-84.2858
3.925,0,0,125,-84.2873
3.95,0,0,125,-84.2888
3.975,0,0,125,-84.2902
4,0,0,125,-84.2915
4.025,0,0,125,-84.2928
4.05,0,0,125,-84.294
4.075,0,0,125,-84.2952
4.1,0,0,125,-84.2963
4.125,0,0,125,-84.2974
4.15,0,0,125,-84.2984
4.175,0,0,125,-84.2994
4.2,0,0,125,-84.3004
4.225,0,0,125,-84.3013
4.25,0,0,125,-84.3022
4.275,0,0,125,-84.303
4.3,0,0,125,-84.3038
4.325,0,0,125,-84.3046
4.35,0,0,125,-84.3053
4.375,0,0,125,-84.306
4.4,0,0,125,-84.3067
4.425,0,0,125,-84.3073
4.45,0,0,125,-84.3078
4.475,0,0,125,-84.3084
4.5,0,0,125,-84.3089
4.525,0,0,125,-84.3093
4.55,0,0,125,-84.3097
4.575,0,0,125,-84.3101
4.6,0,0,125,-84.3105
4.625,0,0,125,-84.3108
4.65,0,0,125,-84.311
4.675,0,0,125,-84.3113
4.7,0,0,125,-84.3115
4.725,0,0,125,-84.3117
4.75,0,0,125,-84.3118
4.775,0,0,125,-84.312
4.8,0,0,125,-84.3121
4.825,0,0,125,-84.3122
4.85,0,0,125,-84.3123
4.875,0,0,125,-84.3124
4.9,0,0,125,-84.3125
4.925,0,0,125,-84.3125
4.95,0,0,125,-84.3125
4.975,0,0,125,-84.3125
5,0,0,125,-84.3125
