0,0,0,125,14.6038
0.025,0,0,125,14.6011
0.05,0,0,125,14.5955
0.075,0,0,125,14.5865
0.1,0,0,125,14.5738
0.125,0,0,125,14.5565
0.15,0,0,125,14.5342
0.175,0,0,125,14.5064
0.2,0,0,125,14.4732
0.225,0,0,125,14.4348
0.25,0,0,125,14.3914
0.275,0,0,125,14.3433
0.3,0,0,125,14.2906
0.325,0,0,125,14.2338
0.35,0,0,125,14.173
0.375,0,0,125,14.1086
0.4,0,0,125,14.0406
0.425,0,0,125,13.9695
0.45,0,0,125,13.8955
0.475,0,0,125,13.8187
0.5,0,0,125,13.7393
0.525,0,0,125,13.6577
0.55,0,0,125,13.574
0.575,0,0,125,13.4884
0.6,0,0,125,13.4011
0.625,0,0,125,13.3123
0.65,0,0,125,13.2221
0.675,0,0,125,13.1306
0.7,0,0,125,13.0382
0.725,0,0,125,12.9448
0.75,0,0,125,12.8506
0.775,0,0,125,12.7558
0.8,0,0,125,12.6605
0.825,0,0,125,12.5647
0.85,0,0,125,12.4686
0.875,0,0,125,12.3722
0.9,0,0,125,12.2757
0.925,0,0,125,12.1792
0.95,0,0,125,12.0826
0.975,0,0,125,11.9861
1,0,0,125,11.8898
1.025,0,0,125,11.7936
1.05,0,0,125,11.6976
1.075,0,0,125,11.602
1.1,0,0,125,11.5066
1.125,0,0,125,11.4116
1.15,0,0,125,11.317
1.175,0,0,125,11.2228
1.2,0,0,125,11.129
1.225,0,0,125,11.0357
1.25,0,0,125,10.9429
1.275,0,0,125,10.8505
1.3,0,0,125,10.7586
1.325,0,0,125,10.6673
1.35,0,0,125,10.5764
1.375,0,0,125,10.4861
1.4,0,0,125,10.3963
1.425,0,0,125,10.307
1.45,0,0,125,10.2183
1.475,0,0,125,10.1301
1.5,0,0,125,10.0424
1.525,0,0,125,9.95529
1.55,0,0,125,9.86868
1.575,0,0,125,9.78261
1.6,0,0,125,9.69708
1.625,0,0,125,9.61208
1.65,0,0,125,9.52761
1.675,0,0,125,9.44369
1.7,0,0,125,9.3603
1.725,0,0,125,9.27745
1.75,0,0,125,9.19514
1.775,0,0,125,9.11338
1.8,0,0,125,9.03217
1.825,0,0,125,8.95152
1.85,0,0,125,8.87143
1.875,0,0,125,8.7919
1.9,0,0,125,8.71296
1.925,0,0,125,8.6346
1.95,0,0,125,8.55685
1.975,0,0,125,8.4797
2,0,0,125,8.40318
2.025,0,0,125,8.32729
2.05,0,0,125,8.25206
2.075,0,0,125,8.1775
2.1,0,0,125,8.10363
2.125,0,0,125,8.03046
2.15,0,0,125,7.95803
2.175,0,0,125,7.88635
2.2,0,0,125,7.81544
2.225,0,0,125,7.74534
2.25,0,0,125,7.67606
2.275,0,0,125,7.60764
2.3,0,0,125,7.5401
2.325,0,0,125,7.47348
2.35,0,0,125,7.40781
2.375,0,0,125,7.34311
2.4,0,0,125,7.27943
2.425,0,0,125,7.2168
2.45,0,0,125,7.15526
2.475,0,0,125,7.09485
2.5,0,0,125,7.0356
2.525,0,0,125,6.97756
2.55,0,0,125,6.92076
2.575,0,0,125,6.86526
2.6,0,0,125,6.8111
2.625,0,0,125,6.75833
2.65,0,0,125,6.70698
2.675,0,0,125,6.65712
2.7,0,0,125,6.60879
2.725,0,0,125,6.56204
2.75,0,0,125,6.51693
2.775,0,0,125,6.47351
2.8,0,0,125,6.43184
2.825,0,0,125,6.39197
2.85,0,0,125,6.35397
2.875,0,0,125,6.31788
2.9,0,0,125,6.28379
2.925,0,0,125,6.25173
2.95,0,0,125,6.22179
2.975,0,0,125,6.19403
3,0,0,125,6.16851
3.025,0,0,125,6.1453
3.05,0,0,125,6.12447
3.075,0,0,125,6.1061
3.1,0,0,125,6.09026
3.125,0,0,125,6.07702
3.15,0,0,125,6.06647
3.175,0,0,125,6.05867
3.2,0,0,125,6.05371
3.225,0,0,125,6.05167
3.25,0,0,125,6.05264
3.275,0,0,125,6.0567
3.3,0,0,125,6.06394
3.325,0,0,125,6.07444
3.35,0,0,125,6.08831
3.375,0,0,125,6.10563
3.4,0,0,125,6.1265
3.425,0,0,125,6.15101
3.45,0,0,125,6.17928
3.475,0,0,125,6.21139
3.5,0,0,125,6.24746
3.525,0,0,125,6.28758
3.55,0,0,125,6.33188
3.575,0,0,125,6.38047
3.6,0,0,125,6.43345
3.625,0,0,125,6.49095
3.65,0,0,125,6.55308
3.675,0,0,125,6.61998
3.7,0,0,125,6.69176
3.725,0,0,125,6.76855
3.75,0,0,125,6.8505
3.775,0,0,125,6.93773
3.8,0,0,125,7.03038
3.825,0,0,125,7.1286
3.85,0,0,125,7.23254
3.875,0,0,125,7.34234
3.9,0,0,125,7.45815
3.925,0,0,125,7.58015
3.95,0,0,125,7.70848
3.975,0,0,125,7.84331
4,0,0,125,7.98483
4.025,0,0,125,8.13319
4.05,0,0,125,8.28858
4.075,0,0,125,8.45119
4.1,0,0,125,8.6212
4.125,0,0,125,8.7988
4.15,0,0,125,8.98419
4.175,0,0,125,9.17757
4.2,0,0,125,9.37914
4.225,0,0,125,9.5891
4.25,0,0,125,9.80765
4.275,0,0,125,10.035
4.3,0,0,125,10.2713
4.325,0,0,125,10.5168
4.35,0,0,125,10.7716
4.375,0,0,125,11.0359
4.4,0,0,125,11.3098
4.425,0,0,125,11.5933
4.45,0,0,125,11.8866
4.475,0,0,125,12.1894
4.5,0,0,125,12.5017
4.525,0,0,125,12.8232
4.55,0,0,125,13.1536
4.575,0,0,125,13.4922
4.6,0,0,125,13.8386
4.625,0,0,125,14.1919
4.65,0,0,125,14.5516
4.675,0,0,125,14.9173
4.7,0,0,125,15.2897
4.725,0,0,125,15.6705
4.75,0,0,125,16.0644
4.775,0,0,125,16.4794
4.8,0,0,125,16.928
4.825,0,0,125,17.4271
4.85,0,0,125,17.9943
4.875,0,0,125,18.6399
4.9,0,0,125,19.3535
4.925,0,0,125,20.09
4.95,0,0,125,20.766
4.975,0,0,125,21.2813
5,0,0,125,21.557
