0,0,0,125,-83.6477
0.025,0,0,125,-83.648
0.05,0,0,125,-83.6485
0.075,0,0,125,-83.6493
0.1,0,0,125,-83.6502
0.125,0,0,125,-83.6513
0.15,0,0,125,-83.6525
0.175,0,0,125,-83.6537
0.2,0,0,125,-83.655
0.225,0,0,125,-83.6563
0.25,0,0,125,-83.6576
0.275,0,0,125,-83.6589
0.3,0,0,125,-83.6602
0.325,0,0,125,-83.6615
0.35,0,0,125,-83.6628
0.375,0,0,125,-83.6641
0.4,0,0,125,-83.6653
0.425,0,0,125,-83.6666
0.45,0,0,125,-83.6678
0.475,0,0,125,-83.669
0.5,0,0,125,-83.6702
0.525,0,0,125,-83.6714
0.55,0,0,125,-83.6726
0.575,0,0,125,-83.6737
0.6,0,0,125,-83.6749
0.625,0,0,125,-83.676
0.65,0,0,125,-83.6771
0.675,0,0,125,-83.6782
0.7,0,0,125,-83.6793
0.725,0,0,125,-83.6804
0.75,0,0,125,-83.6815
0.775,0,0,125,-83.6826
0.8,0,0,125,-83.6837
0.825,0,0,125,-83.6848
0.85,0,0,125,-83.6859
0.875,0,0,125,-83.6871
0.9,0,0,125,-83.6882
0.925,0,0,125,-83.6894
0.95,0,0,125,-83.6906
0.975,0,0,125,-83.6917
1,0,0,125,-83.6929
1.025,0,0,125,-83.6941
1.05,0,0,125,-83.6953
1.075,0,0,125,-83.6965
1.1,0,0,125,-83.6978
1.125,0,0,125,-83.699
1.15,0,0,125,-83.7003
1.175,0,0,125,-83.7016
1.2,0,0,125,-83.7029
1.225,0,0,125,-83.7042
1.25,0,0,125,-83.7055
1.275,0,0,125,-83.7069
1.3,0,0,125,-83.7083
1.325,0,0,125,-83.7097
1.35,0,0,125,-83.7111
1.375,0,0,125,-83.7125
1.4,0,0,125,-83.714
1.425,0,0,125,-83.7154
1.45,0,0,125,-83.7169
1.475,0,0,125,-83.7185
1.5,0,0,125,-83.7201
1.525,0,0,125,-83.7217
1.55,0,0,125,-83.7233
1.575,0,0,125,-83.725
1.6,0,0,125,-83.7267
1.625,0,0,125,-83.7285
1.65,0,0,125,-83.7303
1.675,0,0,125,-83.7321
1.7,0,0,125,-83.734
1.725,0,0,125,-83.7359
1.75,0,0,125,-83.7379
1.775,0,0,125,-83.7399
1.8,0,0,125,-83.7419
1.825,0,0,125,-83.7439
1.85,0,0,125,-83.7461
1.875,0,0,125,-83.7482
1.9,0,0,125,-83.7505
1.925,0,0,125,-83.7528
1.95,0,0,125,-83.7551
1.975,0,0,125,-83.7575
2,0,0,125,-83.76
2.025,0,0,125,-83.7626
2.05,0,0,125,-83.7652
2.075,0,0,125,-83.7678
2.1,0,0,125,-83.7706
2.125,0,0,125,-83.7733
2.15,0,0,125,-83.7762
2.175,0,0,125,-83.7791
2.2,0,0,125,-83.7821
2.225,0,0,125,-83.7852
2.25,0,0,125,-83.7883
2.275,0,0,125,-83.7916
2.3,0,0,125,-83.7949
2.325,0,0,125,-83.7983
2.35,0,0,125,-83.8018
2.375,0,0,125,-83.8054
2.4,0,0,125,-83.809
2.425,0,0,125,-83.8127
2.45,0,0,125,-83.8165
2.475,0,0,125,-83.8203
2.5,0,0,125,-83.8242
2.525,0,0,125,-83.8281
2.55,0,0,125,-83.8322
2.575,0,0,125,-83.8362
2.6,0,0,125,-83.8404
2.625,0,0,125,-83.8446
2.65,0,0,125,-83.8489
2.675,0,0,125,-83.8532
2.7,0,0,125,-83.8576
2.725,0,0,125,-83.862
2.75,0,0,125,-83.8665
2.775,0,0,125,-83.8711
2.8,0,0,125,-83.8757
2.825,0,0,125,-83.8804
2.85,0,0,125,-83.885
2.875,0,0,125,-83.8898
2.9,0,0,125,-83.8945
2.925,0,0,125,-83.8993
2.95,0,0,125,-83.9041
2.975,0,0,125,-83.9089
3,0,0,125,-83.9138
3.025,0,0,125,-83.9186
3.05,0,0,125,-83.9234
3.075,0,0,125,-83.9282
3.1,0,0,125,-83.9331
3.125,0,0,125,-83.9379
3.15,0,0,125,-83.9427
3.175,0,0,125,-83.9474
3.2,0,0,125,-83.9522
3.225,0,0,125,-83.9569
3.25,0,0,125,-83.9616
3.275,0,0,125,-83.9663
3.3,0,0,125,-83.9709
3.325,0,0,125,-83.9755
3.35,0,0,125,-83.98
3.375,0,0,125,-83.9845
3.4,0,0,125,-83.9889
3.425,0,0,125,-83.9933
3.45,0,0,125,-83.9976
3.475,0,0,125,-84.0019
3.5,0,0,125,-84.0061
3.525,0,0,125,-84.0102
3.55,0,0,125,-84.0142
3.575,0,0,125,-84.0181
3.6,0,0,125,-84.022
3.625,0,0,125,-84.0257
3.65,0,0,125,-84.0294
3.675,0,0,125,-84.033
3.7,0,0,125,-84.0365
3.725,0,0,125,-84.0399
3.75,0,0,125,-84.0432
3.775,0,0,125,-84.0465
3.8,0,0,125,-84.0496
3.825,0,0,125,-84.0527
3.85,0,0,125,-84.0556
3.875,0,0,125,-84.0585
3.9,0,0,125,-84.0613
3.925,0,0,125,-84.064
3.95,0,0,125,-84.0665
3.975,0,0,125,-84.069
4,0,0,125,-84.0714
4.025,0,0,125,-84.0738
4.05,0,0,125,-84.076
4.075,0,0,125,-84.0781
4.1,0,0,125,-84.0802
4.125,0,0,125,-84.0821
4.15,0,0,125,-84.084
4.175,0,0,125,-84.0857
4.2,0,0,125,-84.0874
4.225,0,0,125,-84.089
4.25,0,0,125,-84.0905
4.275,0,0,125,-84.0919
4.3,0,0,125,-84.0932
4.325,0,0,125,-84.0944
4.35,0,0,125,-84.0956
4.375,0,0,125,-84.0967
4.4,0,0,125,-84.0978
4.425,0,0,125,-84.0988
4.45,0,0,125,-84.0997
4.475,0,0,125,-84.1005
4.5,0,0,125,-84.1013
4.525,0,0,125,-84.102
4.55,0,0,125,-84.1027
4.575,0,0,125,-84.1033
4.6,0,0,125,-84.1038
4.625,0,0,125,-84.1043
4.65,0,0,125,-84.1047
4.675,0,0,125,-84.1051
4.7,0,0,125,-84.1055
4.725,0,0,125,-84.1058
4.75,0,0,125,-84.1061
4.775,0,0,125,-84.1063
4.8,0,0,125,-84.1065
4.825,0,0,125,-84.1067
4.85,0,0,125,-84.1068
4.875,0,0,125,-84.1069
4.9,0,0,125,-84.107
4.925,0,0,125,-84.1071
4.95,0,0,125,-84.1071
4.975,0,0,125,-84.1072
5,0,0,125,-84.1072
