0,0,0,125,-82.5094
0.025,0,0,125,-82.5096
0.05,0,0,125,-82.5101
0.075,0,0,125,-82.5109
0.1,0,0,125,-82.5118
0.125,0,0,125,-82.5127
0.15,0,0,125,-82.5137
0.175,0,0,125,-82.5147
0.2,0,0,125,-82.5155
0.225,0,0,125,-82.5163
0.25,0,0,125,-82.5169
0.275,0,0,125,-82.5173
0.3,0,0,125,-82.5177
0.325,0,0,125,-82.5179
0.35,0,0,125,-82.5179
0.375,0,0,125,-82.5178
0.4,0,0,125,-82.5176
0.425,0,0,125,-82.5172
0.45,0,0,125,-82.5167
0.475,0,0,125,-82.516
0.5,0,0,125,-82.5152
0.525,0,0,125,-82.5143
0.55,0,0,125,-82.5132
0.575,0,0,125,-82.512
0.6,0,0,125,-82.5107
0.625,0,0,125,-82.5092
0.65,0,0,125,-82.5076
0.675,0,0,125,-82.5059
0.7,0,0,125,-82.504
0.725,0,0,125,-82.5021
0.75,0,0,125,-82.5
0.775,0,0,125,-82.4978
0.8,0,0,125,-82.4954
0.825,0,0,125,-82.493
0.85,0,0,125,-82.4904
0.875,0,0,125,-82.4878
0.9,0,0,125,-82.485
0.925,0,0,125,-82.4821
0.95,0,0,125,-82.4791
0.975,0,0,125,-82.476
1,0,0,125,-82.4728
1.025,0,0,125,-82.4695
1.05,0,0,125,-82.466
1.075,0,0,125,-82.4625
1.1,0,0,125,-82.4588
1.125,0,0,125,-82.4551
1.15,0,0,125,-82.4512
1.175,0,0,125,-82.4473
1.2,0,0,125,-82.4432
1.225,0,0,125,-82.439
1.25,0,0,125,-82.4347
1.275,0,0,125,-82.4303
1.3,0,0,125,-82.4258
1.325,0,0,125,-82.4212
1.35,0,0,125,-82.4165
1.375,0,0,125,-82.4117
1.4,0,0,125,-82.4068
1.425,0,0,125,-82.4017
1.45,0,0,125,-82.3966
1.475,0,0,125,-82.3913
1.5,0,0,125,-82.386
1.525,0,0,125,-82.3805
1.55,0,0,125,-82.3749
1.575,0,0,125,-82.3692
1.6,0,0,125,-82.3634
1.625,0,0,125,-82.3575
1.65,0,0,125,-82.3514
1.675,0,0,125,-82.3453
1.7,0,0,125,-82.339
1.725,0,0,125,-82.3326
1.75,0,0,125,-82.3261
1.775,0,0,125,-82.3194
1.8,0,0,125,-82.3127
1.825,0,0,125,-82.3058
1.85,0,0,125,-82.2987
1.875,0,0,125,-82.2916
1.9,0,0,125,-82.2843
1.925,0,0,125,-82.2769
1.95,0,0,125,-82.2693
1.975,0,0,125,-82.2617
2,0,0,125,-82.2538
2.025,0,0,125,-82.2459
2.05,0,0,125,-82.2378
2.075,0,0,125,-82.2295
2.1,0,0,125,-82.2211
2.125,0,0,125,-82.2126
2.15,0,0,125,-82.2039
2.175,0,0,125,-82.1951
2.2,0,0,125,-82.1861
2.225,0,0,125,-82.177
2.25,0,0,125,-82.1677
2.275,0,0,125,-82.1583
2.3,0,0,125,-82.1487
2.325,0,0,125,-82.1389
2.35,0,0,125,-82.129
2.375,0,0,125,-82.1189
2.4,0,0,125,-82.1086
2.425,0,0,125,-82.0982
2.45,0,0,125,-82.0876
2.475,0,0,125,-82.0769
2.5,0,0,125,-82.0659
2.525,0,0,125,-82.0548
2.55,0,0,125,-82.0435
2.575,0,0,125,-82.032
2.6,0,0,125,-82.0204
2.625,0,0,125,-82.0085
2.65,0,0,125,-81.9964
2.675,0,0,125,-81.9842
2.7,0,0,125,-81.9718
2.725,0,0,125,-81.9592
2.75,0,0,125,-81.9464
2.775,0,0,125,-81.9334
2.8,0,0,125,-81.9202
2.825,0,0,125,-81.9068
2.85,0,0,125,-81.8932
2.875,0,0,125,-81.8795
2.9,0,0,125,-81.8655
2.925,0,0,125,-81.8513
2.95,0,0,125,-81.8369
2.975,0,0,125,-81.8223
3,0,0,125,-81.8075
3.025,0,0,125,-81.7925
3.05,0,0,125,-81.7772
3.075,0,0,125,-81.7618
3.1,0,0,125,-81.7462
3.125,0,0,125,-81.7303
3.15,0,0,125,-81.7143
3.175,0,0,125,-81.6981
3.2,0,0,125,-81.6816
3.225,0,0,125,-81.665
3.25,0,0,125,-81.6481
3.275,0,0,125,-81.6311
3.3,0,0,125,-81.6138
3.325,0,0,125,-81.5964
3.35,0,0,125,-81.5788
3.375,0,0,125,-81.5609
3.4,0,0,125,-81.5429
3.425,0,0,125,-81.5248
3.45,0,0,125,-81.5064
3.475,0,0,125,-81.4878
3.5,0,0,125,-81.4691
3.525,0,0,125,-81.4503
3.55,0,0,125,-81.4313
3.575,0,0,125,-81.4121
3.6,0,0,125,-81.3928
3.625,0,0,125,-81.3733
3.65,0,0,125,-81.3537
3.675,0,0,125,-81.334
3.7,0,0,125,-81.3142
3.725,0,0,125,-81.2943
3.75,0,0,125,-81.2743
3.775,0,0,125,-81.2542
3.8,0,0,125,-81.2341
3.825,0,0,125,-81.2139
3.85,0,0,125,-81.1936
3.875,0,0,125,-81.1734
3.9,0,0,125,-81.1531
3.925,0,0,125,-81.1328
3.95,0,0,125,-81.1125
3.975,0,0,125,-81.0922
4,0,0,125,-81.072
4.025,0,0,125,-81.0519
4.05,0,0,125,-81.0318
4.075,0,0,125,-81.0118
4.1,0,0,125,-80.992
4.125,0,0,125,-80.9723
4.15,0,0,125,-80.9527
4.175,0,0,125,-80.9333
4.2,0,0,125,-80.9141
4.225,0,0,125,-80.8952
4.25,0,0,125,-80.8765
4.275,0,0,125,-80.858
4.3,0,0,125,-80.8398
4.325,0,0,125,-80.822
4.35,0,0,125,-80.8045
4.375,0,0,125,-80.7873
4.4,0,0,125,-80.7705
4.425,0,0,125,-80.7542
4.45,0,0,125,-80.7382
4.475,0,0,125,-80.7228
4.5,0,0,125,-80.7078
4.525,0,0,125,-80.6933
4.55,0,0,125,-80.6794
4.575,0,0,125,-80.666
4.6,0,0,125,-80.6532
4.625,0,0,125,-80.6409
4.65,0,0,125,-80.6294
4.675,0,0,125,-80.6184
4.7,0,0,125,-80.6082
4.725,0,0,125,-80.5986
4.75,0,0,125,-80.5898
4.775,0,0,125,-80.5816
4.8,0,0,125,-80.5743
4.825,0,0,125,-80.5676
4.85,0,0,125,-80.5618
4.875,0,0,125,-80.5568
4.9,0,0,125,-80.5526
4.925,0,0,125,-80.5492
4.95,0,0,125,-80.5466
4.975,0,0,125,-80.5449
5,0,0,125,-80.544
