0,0,0,125,-84.2448
0.025,0,0,125,-84.2448
0.05,0,0,125,-84.245
0.075,0,0,125,-84.2453
0.1,0,0,125,-84.2456
0.125,0,0,125,-84.246
0.15,0,0,125,-84.2465
0.175,0,0,125,-84.2469
0.2,0,0,125,-84.2474
0.225,0,0,125,-84.2479
0.25,0,0,125,-84.2483
0.275,0,0,125,-84.2489
0.3,0,0,125,-84.2494
0.325,0,0,125,-84.2499
0.35,0,0,125,-84.2504
0.375,0,0,125,-84.2509
0.4,0,0,125,-84.2514
0.425,0,0,125,-84.2519
0.45,0,0,125,-84.2524
0.475,0,0,125,-84.2529
0.5,0,0,125,-84.2533
0.525,0,0,125,-84.2537
0.55,0,0,125,-84.2541
0.575,0,0,125,-84.2546
0.6,0,0,125,-84.2549
0.625,0,0,125,-84.2553
0.65,0,0,125,-84.2557
0.675,0,0,125,-84.2561
0.7,0,0,125,-84.2565
0.725,0,0,125,-84.2569
0.75,0,0,125,-84.2572
0.775,0,0,125,-84.2576
0.8,0,0,125,-84.258
0.825,0,0,125,-84.2583
0.85,0,0,125,-84.2587
0.875,0,0,125,-84.2591
0.9,0,0,125,-84.2595
0.925,0,0,125,-84.2599
0.95,0,0,125,-84.2603
0.975,0,0,125,-84.2608
1,0,0,125,-84.2612
1.025,0,0,125,-84.2616
1.05,0,0,125,-84.2621
1.075,0,0,125,-84.2626
1.1,0,0,125,-84.263
1.125,0,0,125,-84.2635
1.15,0,0,125,-84.264
1.175,0,0,125,-84.2645
1.2,0,0,125,-84.2651
1.225,0,0,125,-84.2656
1.25,0,0,125,-84.2661
1.275,0,0,125,-84.2667
1.3,0,0,125,-84.2672
1.325,0,0,125,-84.2678
1.35,0,0,125,-84.2684
1.375,0,0,125,-84.269
1.4,0,0,125,-84.2696
1.425,0,0,125,-84.2702
1.45,0,0,125,-84.2708
1.475,0,0,125,-84.2714
1.5,0,0,125,-84.2721
1.525,0,0,125,-84.2727
1.55,0,0,125,-84.2734
1.575,0,0,125,-84.2741
1.6,0,0,125,-84.2747
1.625,0,0,125,-84.2754
1.65,0,0,125,-84.2761
1.675,0,0,125,-84.2768
1.7,0,0,125,-84.2776
1.725,0,0,125,-84.2783
1.75,0,0,125,-84.279
1.775,0,0,125,-84.2798
1.8,0,0,125,-84.2805
1.825,0,0,125,-84.2813
1.85,0,0,125,-84.2821
1.875,0,0,125,-84.2829
1.9,0,0,125,-84.2837
1.925,0,0,125,-84.2845
1.95,0,0,125,-84.2853
1.975,0,0,125,-84.2862
2,0,0,125,-84.287
2.025,0,0,125,-84.2879
2.05,0,0,125,-84.2889
2.075,0,0,125,-84.2898
2.1,0,0,125,-84.2908
2.125,0,0,125,-84.2918
2.15,0,0,125,-84.2928
2.175,0,0,125,-84.2939
2.2,0,0,125,-84.295
2.225,0,0,125,-84.2962
2.25,0,0,125,-84.2973
2.275,0,0,125,-84.2985
2.3,0,0,125,-84.2998
2.325,0,0,125,-84.3011
2.35,0,0,125,-84.3024
2.375,0,0,125,-84.3038
2.4,0,0,125,-84.3051
2.425,0,0,125,-84.3066
2.45,0,0,125,-84.308
2.475,0,0,125,-84.3095
2.5,0,0,125,-84.311
2.525,0,0,125,-84.3126
2.55,0,0,125,-84.3142
2.575,0,0,125,-84.3157
2.6,0,0,125,-84.3173
2.625,0,0,125,-84.3189
2.65,0,0,125,-84.3206
2.675,0,0,125,-84.3222
2.7,0,0,125,-84.3239
2.725,0,0,125,-84.3255
2.75,0,0,125,-84.3272
2.775,0,0,125,-84.3289
2.8,0,0,125,-84.3307
2.825,0,0,125,-84.3324
2.85,0,0,125,-84.3341
2.875,0,0,125,-84.3359
2.9,0,0,125,-84.3377
2.925,0,0,125,-84.3395
2.95,0,0,125,-84.3413
2.975,0,0,125,-84.3431
3,0,0,125,-84.3449
3.025,0,0,125,-84.3468
3.05,0,0,125,-84.3486
3.075,0,0,125,-84.3503
3.1,0,0,125,-84.3521
3.125,0,0,125,-84.3539
3.15,0,0,125,-84.3556
3.175,0,0,125,-84.3573
3.2,0,0,125,-84.359
3.225,0,0,125,-84.3607
3.25,0,0,125,-84.3624
3.275,0,0,125,-84.364
3.3,0,0,125,-84.3657
3.325,0,0,125,-84.3673
3.35,0,0,125,-84.3689
3.375,0,0,125,-84.3705
3.4,0,0,125,-84.3721
3.425,0,0,125,-84.3737
3.45,0,0,125,-84.3752
3.475,0,0,125,-84.3768
3.5,0,0,125,-84.3783
3.525,0,0,125,-84.3798
3.55,0,0,125,-84.3813
3.575,0,0,125,-84.3828
3.6,0,0,125,-84.3842
3.625,0,0,125,-84.3856
3.65,0,0,125,-84.387
3.675,0,0,125,-84.3883
3.7,0,0,125,-84.3896
3.725,0,0,125,-84.3909
3.75,0,0,125,-84.3921
3.775,0,0,125,-84.3933
3.8,0,0,125,-84.3945
3.825,0,0,125,-84.3956
3.85,0,0,125,-84.3967
3.875,0,0,125,-84.3978
3.9,0,0,125,-84.3988
3.925,0,0,125,-84.3998
3.95,0,0,125,-84.4007
3.975,0,0,125,-84.4017
4,0,0,125,-84.4025
4.025,0,0,125,-84.4034
4.05,0,0,125,-84.4042
4.075,0,0,125,-84.405
4.1,0,0,125,-84.4057
4.125,0,0,125,-84.4065
4.15,0,0,125,-84.4071
4.175,0,0,125,-84.4078
4.2,0,0,125,-84.4084
4.225,0,0,125,-84.409
4.25,0,0,125,-84.4095
4.275,0,0,125,-84.41
4.3,0,0,125,-84.4105
4.325,0,0,125,-84.411
4.35,0,0,125,-84.4114
4.375,0,0,125,-84.4118
4.4,0,0,125,-84.4121
4.425,0,0,125,-84.4125
4.45,0,0,125,-84.4128
4.475,0,0,125,-84.4131
4.5,0,0,125,-84.4134
4.525,0,0,125,-84.4137
4.55,0,0,125,-84.4139
4.575,0,0,125,-84.4141
4.6,0,0,125,-84.4142
4.625,0,0,125,-84.4144
4.65,0,0,125,-84.4145
4.675,0,0,125,-84.4147
4.7,0,0,125,-84.4148
4.725,0,0,125,-84.4149
4.75,0,0,125,-84.415
4.775,0,0,125,-84.4151
4.8,0,0,125,-84.4152
4.825,0,0,125,-84.4153
4.85,0,0,125,-84.4153
4.875,0,0,125,-84.4154
4.9,0,0,125,-84.4154
4.925,0,0,125,-84.4155
4.95,0,0,125,-84.4155
4.975,0,0,125,-84.4155
5,0,0,125,-84.4155
