0,0,0,125,-80.9297
0.025,0,0,125,-80.9317
0.05,0,0,125,-80.9359
0.075,0,0,125,-80.942
0.1,0,0,125,-80.9501
0.125,0,0,125,-80.9601
0.15,0,0,125,-80.972
0.175,0,0,125,-80.9857
0.2,0,0,125,-81.0012
0.225,0,0,125,-81.0183
0.25,0,0,125,-81.0371
0.275,0,0,125,-81.0574
0.3,0,0,125,-81.0792
0.325,0,0,125,-81.1024
0.35,0,0,125,-81.1269
0.375,0,0,125,-81.1527
0.4,0,0,125,-81.1797
0.425,0,0,125,-81.2078
0.45,0,0,125,-81.2369
0.475,0,0,125,-81.2668
0.5,0,0,125,-81.2977
0.525,0,0,125,-81.3293
0.55,0,0,125,-81.3615
0.575,0,0,125,-81.3943
0.6,0,0,125,-81.4276
0.625,0,0,125,-81.4613
0.65,0,0,125,-81.4953
0.675,0,0,125,-81.5296
0.7,0,0,125,-81.564
0.725,0,0,125,-81.5986
0.75,0,0,125,-81.6331
0.775,0,0,125,-81.6676
0.8,0,0,125,-81.702
0.825,0,0,125,-81.7362
0.85,0,0,125,-81.7702
0.875,0,0,125,-81.8038
0.9,0,0,125,-81.8372
0.925,0,0,125,-81.8702
0.95,0,0,125,-81.9027
0.975,0,0,125,-81.9348
1,0,0,125,-81.9664
1.025,0,0,125,-81.9975
1.05,0,0,125,-82.028
1.075,0,0,125,-82.0579
1.1,0,0,125,-82.0873
1.125,0,0,125,-82.116
1.15,0,0,125,-82.1442
1.175,0,0,125,-82.1717
1.2,0,0,125,-82.1985
1.225,0,0,125,-82.2247
1.25,0,0,125,-82.2503
1.275,0,0,125,-82.2753
1.3,0,0,125,-82.2996
1.325,0,0,125,-82.3232
1.35,0,0,125,-82.3463
1.375,0,0,125,-82.3687
1.4,0,0,125,-82.3905
1.425,0,0,125,-82.4117
1.45,0,0,125,-82.4324
1.475,0,0,125,-82.4525
1.5,0,0,125,-82.472
1.525,0,0,125,-82.491
1.55,0,0,125,-82.5095
1.575,0,0,125,-82.5275
1.6,0,0,125,-82.545
1.625,0,0,125,-82.5621
1.65,0,0,125,-82.5787
1.675,0,0,125,-82.5949
1.7,0,0,125,-82.6107
1.725,0,0,125,-82.6261
1.75,0,0,125,-82.6411
1.775,0,0,125,-82.6558
1.8,0,0,125,-82.6702
1.825,0,0,125,-82.6842
1.85,0,0,125,-82.698
1.875,0,0,125,-82.7114
1.9,0,0,125,-82.7246
1.925,0,0,125,-82.7376
1.95,0,0,125,-82.7503
1.975,0,0,125,-82.7627
2,0,0,125,-82.775
2.025,0,0,125,-82.7871
2.05,0,0,125,-82.799
2.075,0,0,125,-82.8107
2.1,0,0,125,-82.8222
2.125,0,0,125,-82.8336
2.15,0,0,125,-82.8449
2.175,0,0,125,-82.856
2.2,0,0,125,-82.867
2.225,0,0,125,-82.8778
2.25,0,0,125,-82.8886
2.275,0,0,125,-82.8992
2.3,0,0,125,-82.9097
2.325,0,0,125,-82.9201
2.35,0,0,125,-82.9305
2.375,0,0,125,-82.9407
2.4,0,0,125,-82.9508
2.425,0,0,125,-82.9609
2.45,0,0,125,-82.9708
2.475,0,0,125,-82.9807
2.5,0,0,125,-82.9904
2.525,0,0,125,-83.0001
2.55,0,0,125,-83.0097
2.575,0,0,125,-83.0192
2.6,0,0,125,-83.0287
2.625,0,0,125,-83.038
2.65,0,0,125,-83.0472
2.675,0,0,125,-83.0564
2.7,0,0,125,-83.0654
2.725,0,0,125,-83.0744
2.75,0,0,125,-83.0832
2.775,0,0,125,-83.092
2.8,0,0,125,-83.1007
2.825,0,0,125,-83.1092
2.85,0,0,125,-83.1177
2.875,0,0,125,-83.126
2.9,0,0,125,-83.1342
2.925,0,0,125,-83.1423
2.95,0,0,125,-83.1503
2.975,0,0,125,-83.1582
3,0,0,125,-83.166
3.025,0,0,125,-83.1736
3.05,0,0,125,-83.1812
3.075,0,0,125,-83.1885
3.1,0,0,125,-83.1958
3.125,0,0,125,-83.2029
3.15,0,0,125,-83.2099
3.175,0,0,125,-83.2167
3.2,0,0,125,-83.2234
3.225,0,0,125,-83.2299
3.25,0,0,125,-83.2364
3.275,0,0,125,-83.2426
3.3,0,0,125,-83.2488
3.325,0,0,125,-83.2548
3.35,0,0,125,-83.2606
3.375,0,0,125,-83.2663
3.4,0,0,125,-83.2718
3.425,0,0,125,-83.2772
3.45,0,0,125,-83.2824
3.475,0,0,125,-83.2874
3.5,0,0,125,-83.2923
3.525,0,0,125,-83.297
3.55,0,0,125,-83.3015
3.575,0,0,125,-83.3059
3.6,0,0,125,-83.3101
3.625,0,0,125,-83.3142
3.65,0,0,125,-83.3181
3.675,0,0,125,-83.3218
3.7,0,0,125,-83.3253
3.725,0,0,125,-83.3287
3.75,0,0,125,-83.3319
3.775,0,0,125,-83.3349
3.8,0,0,125,-83.3377
3.825,0,0,125,-83.3404
3.85,0,0,125,-83.3429
3.875,0,0,125,-83.3452
3.9,0,0,125,-83.3473
3.925,0,0,125,-83.3493
3.95,0,0,125,-83.3511
3.975,0,0,125,-83.3528
4,0,0,125,-83.3542
4.025,0,0,125,-83.3556
4.05,0,0,125,-83.3567
4.075,0,0,125,-83.3577
4.1,0,0,125,-83.3585
4.125,0,0,125,-83.3592
4.15,0,0,125,-83.3597
4.175,0,0,125,-83.36
4.2,0,0,125,-83.3601
4.225,0,0,125,-83.3601
4.25,0,0,125,-83.36
4.275,0,0,125,-83.3596
4.3,0,0,125,-83.3591
4.325,0,0,125,-83.3585
4.35,0,0,125,-83.3577
4.375,0,0,125,-83.3568
4.4,0,0,125,-83.3558
4.425,0,0,125,-83.3546
4.45,0,0,125,-83.3533
4.475,0,0,125,-83.3519
4.5,0,0,125,-83.3504
4.525,0,0,125,-83.3488
4.55,0,0,125,-83.347
4.575,0,0,125,-83.3452
4.6,0,0,125,-83.3433
4.625,0,0,125,-83.3413
4.65,0,0,125,-83.3392
4.675,0,0,125,-83.3371
4.7,0,0,125,-83.3349
4.725,0,0,125,-83.3327
4.75,0,0,125,-83.3305
4.775,0,0,125,-83.3283
4.8,0,0,125,-83.3261
4.825,0,0,125,-83.324
4.85,0,0,125,-83.3219
4.875,0,0,125,-83.3199
4.9,0,0,125,-83.3181
4.925,0,0,125,-83.3165
4.95,0,0,125,-83.3153
4.975,0,0,125,-83.3144
5,0,0,125,-83.314
