0,0,0,125,-84.115
0.025,0,0,125,-84.1151
0.05,0,0,125,-84.1154
0.075,0,0,125,-84.1158
0.1,0,0,125,-84.1163
0.125,0,0,125,-84.1169
0.15,0,0,125,-84.1175
0.175,0,0,125,-84.1182
0.2,0,0,125,-84.1189
0.225,0,0,125,-84.1196
0.25,0,0,125,-84.1203
0.275,0,0,125,-84.121
0.3,0,0,125,-84.1217
0.325,0,0,125,-84.1224
0.35,0,0,125,-84.1231
0.375,0,0,125,-84.1238
0.4,0,0,125,-84.1245
0.425,0,0,125,-84.1252
0.45,0,0,125,-84.1259
0.475,0,0,125,-84.1265
0.5,0,0,125,-84.1272
0.525,0,0,125,-84.1278
0.55,0,0,125,-84.1285
0.575,0,0,125,-84.1291
0.6,0,0,125,-84.1297
0.625,0,0,125,-84.1303
0.65,0,0,125,-84.1309
0.675,0,0,125,-84.1315
0.7,0,0,125,-84.1321
0.725,0,0,125,-84.1326
0.75,0,0,125,-84.1332
0.775,0,0,125,-84.1339
0.8,0,0,125,-84.1345
0.825,0,0,125,-84.1351
0.85,0,0,125,-84.1357
0.875,0,0,125,-84.1363
0.9,0,0,125,-84.1368
0.925,0,0,125,-84.1374
0.95,0,0,125,-84.1379
0.975,0,0,125,-84.1385
1,0,0,125,-84.1391
1.025,0,0,125,-84.1397
1.05,0,0,125,-84.1402
1.075,0,0,125,-84.1409
1.1,0,0,125,-84.1415
1.125,0,0,125,-84.1421
1.15,0,0,125,-84.1428
1.175,0,0,125,-84.1435
1.2,0,0,125,-84.1442
1.225,0,0,125,-84.1449
1.25,0,0,125,-84.1456
1.275,0,0,125,-84.1463
1.3,0,0,125,-84.1471
1.325,0,0,125,-84.1478
1.35,0,0,125,-84.1486
1.375,0,0,125,-84.1494
1.4,0,0,125,-84.1502
1.425,0,0,125,-84.1511
1.45,0,0,125,-84.1519
1.475,0,0,125,-84.1527
1.5,0,0,125,-84.1536
1.525,0,0,125,-84.1545
1.55,0,0,125,-84.1554
1.575,0,0,125,-84.1563
1.6,0,0,125,-84.1572
1.625,0,0,125,-84.1582
1.65,0,0,125,-84.1591
1.675,0,0,125,-84.1601
1.7,0,0,125,-84.1611
1.725,0,0,125,-84.162
1.75,0,0,125,-84.163
1.775,0,0,125,-84.164
1.8,0,0,125,-84.165
1.825,0,0,125,-84.1661
1.85,0,0,125,-84.1672
1.875,0,0,125,-84.1683
1.9,0,0,125,-84.1695
1.925,0,0,125,-84.1707
1.95,0,0,125,-84.1719
1.975,0,0,125,-84.1732
2,0,0,125,-84.1745
2.025,0,0,125,-84.1758
2.05,0,0,125,-84.1772
2.075,0,0,125,-84.1786
2.1,0,0,125,-84.1801
2.125,0,0,125,-84.1816
2.15,0,0,125,-84.1831
2.175,0,0,125,-84.1846
2.2,0,0,125,-84.1862
2.225,0,0,125,-84.1879
2.25,0,0,125,-84.1895
2.275,0,0,125,-84.1912
2.3,0,0,125,-84.193
2.325,0,0,125,-84.1947
2.35,0,0,125,-84.1965
2.375,0,0,125,-84.1984
2.4,0,0,125,-84.2003
2.425,0,0,125,-84.2022
2.45,0,0,125,-84.2041
2.475,0,0,125,-84.2061
2.5,0,0,125,-84.2081
2.525,0,0,125,-84.2102
2.55,0,0,125,-84.2123
2.575,0,0,125,-84.2144
2.6,0,0,125,-84.2166
2.625,0,0,125,-84.2188
2.65,0,0,125,-84.221
2.675,0,0,125,-84.2233
2.7,0,0,125,-84.2255
2.725,0,0,125,-84.2278
2.75,0,0,125,-84.2301
2.775,0,0,125,-84.2324
2.8,0,0,125,-84.2347
2.825,0,0,125,-84.2371
2.85,0,0,125,-84.2394
2.875,0,0,125,-84.2418
2.9,0,0,125,-84.2442
2.925,0,0,125,-84.2466
2.95,0,0,125,-84.249
2.975,0,0,125,-84.2514
3,0,0,125,-84.2539
3.025,0,0,125,-84.2563
3.05,0,0,125,-84.2588
3.075,0,0,125,-84.2612
3.1,0,0,125,-84.2637
3.125,0,0,125,-84.2661
3.15,0,0,125,-84.2685
3.175,0,0,125,-84.2709
3.2,0,0,125,-84.2733
3.225,0,0,125,-84.2756
3.25,0,0,125,-84.278
3.275,0,0,125,-84.2803
3.3,0,0,125,-84.2826
3.325,0,0,125,-84.2849
3.35,0,0,125,-84.2872
3.375,0,0,125,-84.2895
3.4,0,0,125,-84.2917
3.425,0,0,125,-84.294
3.45,0,0,125,-84.2962
3.475,0,0,125,-84.2983
3.5,0,0,125,-84.3005
3.525,0,0,125,-84.3026
3.55,0,0,125,-84.3046
3.575,0,0,125,-84.3066
3.6,0,0,125,-84.3086
3.625,0,0,125,-84.3105
3.65,0,0,125,-84.3124
3.675,0,0,125,-84.3143
3.7,0,0,125,-84.3161
3.725,0,0,125,-84.3179
3.75,0,0,125,-84.3196
3.775,0,0,125,-84.3213
3.8,0,0,125,-84.3229
3.825,0,0,125,-84.3244
3.85,0,0,125,-84.3259
3.875,0,0,125,-84.3273
3.9,0,0,125,-84.3287
3.925,0,0,125,-84.33
3.95,0,0,125,-84.3313
3.975,0,0,125,-84.3325
4,0,0,125,-84.3336
4.025,0,0,125,-84.3347
4.05,0,0,125,-84.3358
4.075,0,0,125,-84.3368
4.1,0,0,125,-84.3378
4.125,0,0,125,-84.3387
4.15,0,0,125,-84.3396
4.175,0,0,125,-84.3405
4.2,0,0,125,-84.3414
4.225,0,0,125,-84.3422
4.25,0,0,125,-84.3429
4.275,0,0,125,-84.3437
4.3,0,0,125,-84.3444
4.325,0,0,125,-84.345
4.35,0,0,125,-84.3456
4.375,0,0,125,-84.3462
4.4,0,0,125,-84.3468
4.425,0,0,125,-84.3473
4.45,0,0,125,-84.3478
4.475,0,0,125,-84.3482
4.5,0,0,125,-84.3486
4.525,0,0,125,-84.3489
4.55,0,0,125,-84.3493
4.575,0,0,125,-84.3496
4.6,0,0,125,-84.3498
4.625,0,0,125,-84.35
4.65,0,0,125,-84.3502
4.675,0,0,125,-84.3504
4.7,0,0,125,-84.3505
4.725,0,0,125,-84.3507
4.75,0,0,125,-84.3508
4.775,0,0,125,-84.3509
4.8,0,0,125,-84.351
4.825,0,0,125,-84.3511
4.85,0,0,125,-84.3512
4.875,0,0,125,-84.3513
4.9,0,0,125,-84.3513
4.925,0,0,125,-84.3514
4.95,0,0,125,-84.3514
4.975,0,0,125,-84.3514
5,0,0,125,-84.3514
