0,0,0,125,11.6151
0.025,0,0,125,11.6185
0.05,0,0,125,11.6253
0.075,0,0,125,11.6351
0.1,0,0,125,11.6475
0.125,0,0,125,11.6621
0.15,0,0,125,11.6784
0.175,0,0,125,11.696
0.2,0,0,125,11.7147
0.225,0,0,125,11.7343
0.25,0,0,125,11.7548
0.275,0,0,125,11.776
0.3,0,0,125,11.7979
0.325,0,0,125,11.8204
0.35,0,0,125,11.8435
0.375,0,0,125,11.867
0.4,0,0,125,11.8909
0.425,0,0,125,11.9152
0.45,0,0,125,11.9399
0.475,0,0,125,11.9649
0.5,0,0,125,11.9902
0.525,0,0,125,12.0157
0.55,0,0,125,12.0414
0.575,0,0,125,12.0673
0.6,0,0,125,12.0934
0.625,0,0,125,12.1196
0.65,0,0,125,12.146
0.675,0,0,125,12.1725
0.7,0,0,125,12.1991
0.725,0,0,125,12.2258
0.75,0,0,125,12.2525
0.775,0,0,125,12.2794
0.8,0,0,125,12.3063
0.825,0,0,125,12.3332
0.85,0,0,125,12.3602
0.875,0,0,125,12.3872
0.9,0,0,125,12.4143
0.925,0,0,125,12.4414
0.95,0,0,125,12.4684
0.975,0,0,125,12.4955
1,0,0,125,12.5226
1.025,0,0,125,12.5498
1.05,0,0,125,12.5769
1.075,0,0,125,12.6039
1.1,0,0,125,12.631
1.125,0,0,125,12.6581
1.15,0,0,125,12.6851
1.175,0,0,125,12.7122
1.2,0,0,125,12.7392
1.225,0,0,125,12.7662
1.25,0,0,125,12.7931
1.275,0,0,125,12.8201
1.3,0,0,125,12.847
1.325,0,0,125,12.8738
1.35,0,0,125,12.9007
1.375,0,0,125,12.9275
1.4,0,0,125,12.9543
1.425,0,0,125,12.981
1.45,0,0,125,13.0077
1.475,0,0,125,13.0343
1.5,0,0,125,13.061
1.525,0,0,125,13.0875
1.55,0,0,125,13.1141
1.575,0,0,125,13.1405
1.6,0,0,125,13.167
1.625,0,0,125,13.1934
1.65,0,0,125,13.2197
1.675,0,0,125,13.246
1.7,0,0,125,13.2723
1.725,0,0,125,13.2985
1.75,0,0,125,13.3247
1.775,0,0,125,13.3508
1.8,0,0,125,13.3768
1.825,0,0,125,13.4028
1.85,0,0,125,13.4288
1.875,0,0,125,13.4547
1.9,0,0,125,13.4806
1.925,0,0,125,13.5063
1.95,0,0,125,13.5321
1.975,0,0,125,13.5578
2,0,0,125,13.5834
2.025,0,0,125,13.609
2.05,0,0,125,13.6345
2.075,0,0,125,13.66
2.1,0,0,125,13.6854
2.125,0,0,125,13.7107
2.15,0,0,125,13.736
2.175,0,0,125,13.7612
2.2,0,0,125,13.7864
2.225,0,0,125,13.8115
2.25,0,0,125,13.8365
2.275,0,0,125,13.8615
2.3,0,0,125,13.8864
2.325,0,0,125,13.9113
2.35,0,0,125,13.9361
2.375,0,0,125,13.9608
2.4,0,0,125,13.9855
2.425,0,0,125,14.0101
2.45,0,0,125,14.0347
2.475,0,0,125,14.0591
2.5,0,0,125,14.0836
2.525,0,0,125,14.1079
2.55,0,0,125,14.1322
2.575,0,0,125,14.1564
2.6,0,0,125,14.1806
2.625,0,0,125,14.2047
2.65,0,0,125,14.2287
2.675,0,0,125,14.2527
2.7,0,0,125,14.2765
2.725,0,0,125,14.3004
2.75,0,0,125,14.3241
2.775,0,0,125,14.3478
2.8,0,0,125,14.3715
2.825,0,0,125,14.395
2.85,0,0,125,14.4185
2.875,0,0,125,14.4419
2.9,0,0,125,14.4653
2.925,0,0,125,14.4886
2.95,0,0,125,14.5118
2.975,0,0,125,14.535
3,0,0,125,14.5581
3.025,0,0,125,14.5811
3.05,0,0,125,14.6041
3.075,0,0,125,14.627
3.1,0,0,125,14.6499
3.125,0,0,125,14.6727
3.15,0,0,125,14.6954
3.175,0,0,125,14.718
3.2,0,0,125,14.7406
3.225,0,0,125,14.7632
3.25,0,0,125,14.7856
3.275,0,0,125,14.8081
3.3,0,0,125,14.8304
3.325,0,0,125,14.8527
3.35,0,0,125,14.875
3.375,0,0,125,14.8972
3.4,0,0,125,14.9193
3.425,0,0,125,14.9414
3.45,0,0,125,14.9634
3.475,0,0,125,14.9854
3.5,0,0,125,15.0074
3.525,0,0,125,15.0292
3.55,0,0,125,15.0511
3.575,0,0,125,15.0729
3.6,0,0,125,15.0946
3.625,0,0,125,15.1163
3.65,0,0,125,15.138
3.675,0,0,125,15.1596
3.7,0,0,125,15.1811
3.725,0,0,125,15.2027
3.75,0,0,125,15.2242
3.775,0,0,125,15.2456
3.8,0,0,125,15.267
3.825,0,0,125,15.2884
3.85,0,0,125,15.3097
3.875,0,0,125,15.331
3.9,0,0,125,15.3523
3.925,0,0,125,15.3735
3.95,0,0,125,15.3947
3.975,0,0,125,15.4158
4,0,0,125,15.4369
4.025,0,0,125,15.458
4.05,0,0,125,15.479
4.075,0,0,125,15.4999
4.1,0,0,125,15.5208
4.125,0,0,125,15.5416
4.15,0,0,125,15.5624
4.175,0,0,125,15.5831
4.2,0,0,125,15.6037
4.225,0,0,125,15.6242
4.25,0,0,125,15.6447
4.275,0,0,125,15.665
4.3,0,0,125,15.6852
4.325,0,0,125,15.7052
4.35,0,0,125,15.7251
4.375,0,0,125,15.7449
4.4,0,0,125,15.7644
4.425,0,0,125,15.7837
4.45,0,0,125,15.8028
4.475,0,0,125,15.8216
4.5,0,0,125,15.8401
4.525,0,0,125,15.8583
4.55,0,0,125,15.8762
4.575,0,0,125,15.8936
4.6,0,0,125,15.9106
4.625,0,0,125,15.9271
4.65,0,0,125,15.943
4.675,0,0,125,15.9584
4.7,0,0,125,15.9731
4.725,0,0,125,15.9872
4.75,0,0,125,16.0004
4.775,0,0,125,16.0129
4.8,0,0,125,16.0244
4.825,0,0,125,16.035
4.85,0,0,125,16.0445
4.875,0,0,125,16.0528
4.9,0,0,125,16.06
4.925,0,0,125,16.0659
4.95,0,0,125,16.0704
4.975,0,0,125,16.0734
5,0,0,125,16.075
