0,0,0,125,-0.105253
0.025,0,0,125,-0.101096
0.05,0,0,125,-0.0929269
0.075,0,0,125,-0.0810868
0.1,0,0,125,-0.0660739
0.125,0,0,125,-0.0484705
0.15,0,0,125,-0.0288401
0.175,0,0,125,-0.00766643
0.2,0,0,125,0.0147287
0.225,0,0,125,0.0381126
0.25,0,0,125,0.0622871
0.275,0,0,125,0.0870858
0.3,0,0,125,0.11234
0.325,0,0,125,0.137904
0.35,0,0,125,0.163637
0.375,0,0,125,0.189401
0.4,0,0,125,0.215069
0.425,0,0,125,0.240525
0.45,0,0,125,0.265657
0.475,0,0,125,0.290351
0.5,0,0,125,0.314499
0.525,0,0,125,0.338001
0.55,0,0,125,0.360762
0.575,0,0,125,0.382688
0.6,0,0,125,0.403691
0.625,0,0,125,0.42368
0.65,0,0,125,0.44257
0.675,0,0,125,0.460271
0.7,0,0,125,0.476697
0.725,0,0,125,0.491764
0.75,0,0,125,0.505389
0.775,0,0,125,0.517492
0.8,0,0,125,0.527986
0.825,0,0,125,0.536788
0.85,0,0,125,0.543812
0.875,0,0,125,0.548972
0.9,0,0,125,0.552182
0.925,0,0,125,0.553354
0.95,0,0,125,0.552402
0.975,0,0,125,0.549237
1,0,0,125,0.543765
1.025,0,0,125,0.535893
1.05,0,0,125,0.52553
1.075,0,0,125,0.512581
1.1,0,0,125,0.496942
1.125,0,0,125,0.478517
1.15,0,0,125,0.457205
1.175,0,0,125,0.432898
1.2,0,0,125,0.405496
1.225,0,0,125,0.374887
1.25,0,0,125,0.340967
1.275,0,0,125,0.30362
1.3,0,0,125,0.262738
1.325,0,0,125,0.2182
1.35,0,0,125,0.169895
1.375,0,0,125,0.117702
1.4,0,0,125,0.0615058
1.425,0,0,125,0.00119071
1.45,0,0,125,-0.0633684
1.475,0,0,125,-0.132293
1.5,0,0,125,-0.205696
1.525,0,0,125,-0.283706
1.55,0,0,125,-0.366445
1.575,0,0,125,-0.454027
1.6,0,0,125,-0.546589
1.625,0,0,125,-0.644246
1.65,0,0,125,-0.747117
1.675,0,0,125,-0.855324
1.7,0,0,125,-0.968995
1.725,0,0,125,-1.08825
1.75,0,0,125,-1.21321
1.775,0,0,125,-1.34401
1.8,0,0,125,-1.48077
1.825,0,0,125,-1.62361
1.85,0,0,125,-1.77267
1.875,0,0,125,-1.92809
1.9,0,0,125,-2.09
1.925,0,0,125,-2.25854
1.95,0,0,125,-2.43386
1.975,0,0,125,-2.61611
2,0,0,125,-2.80545
2.025,0,0,125,-3.00204
2.05,0,0,125,-3.20607
2.075,0,0,125,-3.4177
2.1,0,0,125,-3.63712
2.125,0,0,125,-3.86455
2.15,0,0,125,-4.10017
2.175,0,0,125,-4.34422
2.2,0,0,125,-4.59692
2.225,0,0,125,-4.85851
2.25,0,0,125,-5.12925
2.275,0,0,125,-5.40939
2.3,0,0,125,-5.6992
2.325,0,0,125,-5.99898
2.35,0,0,125,-6.30903
2.375,0,0,125,-6.62964
2.4,0,0,125,-6.96113
2.425,0,0,125,-7.30385
2.45,0,0,125,-7.65811
2.475,0,0,125,-8.02428
2.5,0,0,125,-8.4027
2.525,0,0,125,-8.79374
2.55,0,0,125,-9.19775
2.575,0,0,125,-9.61512
2.6,0,0,125,-10.0462
2.625,0,0,125,-10.4914
2.65,0,0,125,-10.951
2.675,0,0,125,-11.4255
2.7,0,0,125,-11.9152
2.725,0,0,125,-12.4204
2.75,0,0,125,-12.9414
2.775,0,0,125,-13.4787
2.8,0,0,125,-14.0324
2.825,0,0,125,-14.6029
2.85,0,0,125,-15.1903
2.875,0,0,125,-15.7951
2.9,0,0,125,-16.4172
2.925,0,0,125,-17.057
2.95,0,0,125,-17.7144
2.975,0,0,125,-18.3896
3,0,0,125,-19.0827
3.025,0,0,125,-19.7936
3.05,0,0,125,-20.5222
3.075,0,0,125,-21.2686
3.1,0,0,125,-22.0325
3.125,0,0,125,-22.8139
3.15,0,0,125,-23.6125
3.175,0,0,125,-24.428
3.2,0,0,125,-25.2603
3.225,0,0,125,-26.1089
3.25,0,0,125,-26.9737
3.275,0,0,125,-27.8541
3.3,0,0,125,-28.7498
3.325,0,0,125,-29.6605
3.35,0,0,125,-30.5856
3.375,0,0,125,-31.5247
3.4,0,0,125,-32.4773
3.425,0,0,125,-33.4426
3.45,0,0,125,-34.4202
3.475,0,0,125,-35.4092
3.5,0,0,125,-36.4088
3.525,0,0,125,-37.418
3.55,0,0,125,-38.4359
3.575,0,0,125,-39.4612
3.6,0,0,125,-40.4927
3.625,0,0,125,-41.5288
3.65,0,0,125,-42.5682
3.675,0,0,125,-43.609
3.7,0,0,125,-44.6496
3.725,0,0,125,-45.6882
3.75,0,0,125,-46.7227
3.775,0,0,125,-47.7513
3.8,0,0,125,-48.7719
3.825,0,0,125,-49.7826
3.85,0,0,125,-50.7815
3.875,0,0,125,-51.7666
3.9,0,0,125,-52.736
3.925,0,0,125,-53.688
3.95,0,0,125,-54.621
3.975,0,0,125,-55.5333
4,0,0,125,-56.4235
4.025,0,0,125,-57.2905
4.05,0,0,125,-58.133
4.075,0,0,125,-58.95
4.1,0,0,125,-59.7408
4.125,0,0,125,-60.5046
4.15,0,0,125,-61.241
4.175,0,0,125,-61.9496
4.2,0,0,125,-62.6301
4.225,0,0,125,-63.2823
4.25,0,0,125,-63.9064
4.275,0,0,125,-64.5025
4.3,0,0,125,-65.0707
4.325,0,0,125,-65.6113
4.35,0,0,125,-66.1249
4.375,0,0,125,-66.6118
4.4,0,0,125,-67.0726
4.425,0,0,125,-67.5078
4.45,0,0,125,-67.9181
4.475,0,0,125,-68.3042
4.5,0,0,125,-68.6666
4.525,0,0,125,-69.0061
4.55,0,0,125,-69.3234
4.575,0,0,125,-69.6191
4.6,0,0,125,-69.894
4.625,0,0,125,-70.1488
4.65,0,0,125,-70.384
4.675,0,0,125,-70.6004
4.7,0,0,125,-70.7986
4.725,0,0,125,-70.9792
4.75,0,0,125,-71.1426
4.775,0,0,125,-71.2895
4.8,0,0,125,-71.4204
4.825,0,0,125,-71.5356
4.85,0,0,125,-71.6355
4.875,0,0,125,-71.7206
4.9,0,0,125,-71.791
4.925,0,0,125,-71.8471
4.95,0,0,125,-71.8889
4.975,0,0,125,-71.9168
5,0,0,125,-71.9306
