0,0,0,125,-3.90223
0.025,0,0,125,-3.89803
0.05,0,0,125,-3.88976
0.075,0,0,125,-3.87777
0.1,0,0,125,-3.86252
0.125,0,0,125,-3.8446
0.15,0,0,125,-3.82455
0.175,0,0,125,-3.80286
0.2,0,0,125,-3.77983
0.225,0,0,125,-3.7557
0.25,0,0,125,-3.73068
0.275,0,0,125,-3.70495
0.3,0,0,125,-3.67868
0.325,0,0,125,-3.65202
0.35,0,0,125,-3.62512
0.375,0,0,125,-3.59814
0.4,0,0,125,-3.57121
0.425,0,0,125,-3.54446
0.45,0,0,125,-3.518
0.475,0,0,125,-3.49197
0.5,0,0,125,-3.46648
0.525,0,0,125,-3.44164
0.55,0,0,125,-3.41757
0.575,0,0,125,-3.39437
0.6,0,0,125,-3.37213
0.625,0,0,125,-3.35097
0.65,0,0,125,-3.33096
0.675,0,0,125,-3.31223
0.7,0,0,125,-3.29485
0.725,0,0,125,-3.27894
0.75,0,0,125,-3.26458
0.775,0,0,125,-3.25186
0.8,0,0,125,-3.24089
0.825,0,0,125,-3.23176
0.85,0,0,125,-3.22457
0.875,0,0,125,-3.21942
0.9,0,0,125,-3.21641
0.925,0,0,125,-3.21563
0.95,0,0,125,-3.2172
0.975,0,0,125,-3.22121
1,0,0,125,-3.22777
1.025,0,0,125,-3.23698
1.05,0,0,125,-3.24895
1.075,0,0,125,-3.26379
1.1,0,0,125,-3.28162
1.125,0,0,125,-3.30255
1.15,0,0,125,-3.32671
1.175,0,0,125,-3.3542
1.2,0,0,125,-3.38516
1.225,0,0,125,-3.41971
1.25,0,0,125,-3.45797
1.275,0,0,125,-3.50008
1.3,0,0,125,-3.54617
1.325,0,0,125,-3.59638
1.35,0,0,125,-3.65084
1.375,0,0,125,-3.7097
1.4,0,0,125,-3.7731
1.425,0,0,125,-3.84117
1.45,0,0,125,-3.91408
1.475,0,0,125,-3.99196
1.5,0,0,125,-4.07496
1.525,0,0,125,-4.16323
1.55,0,0,125,-4.25694
1.575,0,0,125,-4.35623
1.6,0,0,125,-4.46126
1.625,0,0,125,-4.5722
1.65,0,0,125,-4.68919
1.675,0,0,125,-4.81241
1.7,0,0,125,-4.94202
1.725,0,0,125,-5.07818
1.75,0,0,125,-5.22106
1.775,0,0,125,-5.37085
1.8,0,0,125,-5.52771
1.825,0,0,125,-5.69183
1.85,0,0,125,-5.8634
1.875,0,0,125,-6.04261
1.9,0,0,125,-6.22965
1.925,0,0,125,-6.42474
1.95,0,0,125,-6.62809
1.975,0,0,125,-6.83991
2,0,0,125,-7.06046
2.025,0,0,125,-7.28995
2.05,0,0,125,-7.52865
2.075,0,0,125,-7.77682
2.1,0,0,125,-8.03474
2.125,0,0,125,-8.30268
2.15,0,0,125,-8.58096
2.175,0,0,125,-8.86989
2.2,0,0,125,-9.16978
2.225,0,0,125,-9.48099
2.25,0,0,125,-9.80387
2.275,0,0,125,-10.1388
2.3,0,0,125,-10.4861
2.325,0,0,125,-10.8463
2.35,0,0,125,-11.2196
2.375,0,0,125,-11.6066
2.4,0,0,125,-12.0077
2.425,0,0,125,-12.4233
2.45,0,0,125,-12.8539
2.475,0,0,125,-13.2999
2.5,0,0,125,-13.7618
2.525,0,0,125,-14.24
2.55,0,0,125,-14.7351
2.575,0,0,125,-15.2475
2.6,0,0,125,-15.7777
2.625,0,0,125,-16.3261
2.65,0,0,125,-16.8933
2.675,0,0,125,-17.4797
2.7,0,0,125,-18.0856
2.725,0,0,125,-18.7116
2.75,0,0,125,-19.3581
2.775,0,0,125,-20.0254
2.8,0,0,125,-20.714
2.825,0,0,125,-21.4242
2.85,0,0,125,-22.1563
2.875,0,0,125,-22.9106
2.9,0,0,125,-23.6875
2.925,0,0,125,-24.4871
2.95,0,0,125,-25.3097
2.975,0,0,125,-26.1555
3,0,0,125,-27.0247
3.025,0,0,125,-27.9175
3.05,0,0,125,-28.8338
3.075,0,0,125,-29.7738
3.1,0,0,125,-30.7376
3.125,0,0,125,-31.725
3.15,0,0,125,-32.7359
3.175,0,0,125,-33.7702
3.2,0,0,125,-34.8276
3.225,0,0,125,-35.9075
3.25,0,0,125,-37.0093
3.275,0,0,125,-38.1323
3.3,0,0,125,-39.2754
3.325,0,0,125,-40.4374
3.35,0,0,125,-41.6167
3.375,0,0,125,-42.8118
3.4,0,0,125,-44.0204
3.425,0,0,125,-45.2404
3.45,0,0,125,-46.4692
3.475,0,0,125,-47.7042
3.5,0,0,125,-48.9424
3.525,0,0,125,-50.1807
3.55,0,0,125,-51.4159
3.575,0,0,125,-52.6447
3.6,0,0,125,-53.8639
3.625,0,0,125,-55.07
3.65,0,0,125,-56.2599
3.675,0,0,125,-57.4306
3.7,0,0,125,-58.5789
3.725,0,0,125,-59.7022
3.75,0,0,125,-60.798
3.775,0,0,125,-61.8639
3.8,0,0,125,-62.898
3.825,0,0,125,-63.8985
3.85,0,0,125,-64.8641
3.875,0,0,125,-65.7937
3.9,0,0,125,-66.6863
3.925,0,0,125,-67.5415
3.95,0,0,125,-68.359
3.975,0,0,125,-69.1388
4,0,0,125,-69.8811
4.025,0,0,125,-70.5863
4.05,0,0,125,-71.2549
4.075,0,0,125,-71.8878
4.1,0,0,125,-72.4858
4.125,0,0,125,-73.0499
4.15,0,0,125,-73.5813
4.175,0,0,125,-74.0811
4.2,0,0,125,-74.5504
4.225,0,0,125,-74.9907
4.25,0,0,125,-75.403
4.275,0,0,125,-75.7888
4.3,0,0,125,-76.1492
4.325,0,0,125,-76.4856
4.35,0,0,125,-76.7992
4.375,0,0,125,-77.0912
4.4,0,0,125,-77.3627
4.425,0,0,125,-77.6149
4.45,0,0,125,-77.8488
4.475,0,0,125,-78.0655
4.5,0,0,125,-78.266
4.525,0,0,125,-78.4511
4.55,0,0,125,-78.6219
4.575,0,0,125,-78.779
4.6,0,0,125,-78.9233
4.625,0,0,125,-79.0556
4.65,0,0,125,-79.1764
4.675,0,0,125,-79.2864
4.7,0,0,125,-79.3862
4.725,0,0,125,-79.4764
4.75,0,0,125,-79.5573
4.775,0,0,125,-79.6295
4.8,0,0,125,-79.6934
4.825,0,0,125,-79.7492
4.85,0,0,125,-79.7974
4.875,0,0,125,-79.8382
4.9,0,0,125,-79.8718
4.925,0,0,125,-79.8984
4.95,0,0,125,-79.9183
4.975,0,0,125,-79.9314
5,0,0,125,-79.938
