0,0,0,125,-68.874
0.025,0,0,125,-68.8674
0.05,0,0,125,-68.8541
0.075,0,0,125,-68.8339
0.1,0,0,125,-68.8069
0.125,0,0,125,-68.7725
0.15,0,0,125,-68.7302
0.175,0,0,125,-68.6786
0.2,0,0,125,-68.6162
0.225,0,0,125,-68.541
0.25,0,0,125,-68.4509
0.275,0,0,125,-68.3442
0.3,0,0,125,-68.2189
0.325,0,0,125,-68.0732
0.35,0,0,125,-67.9056
0.375,0,0,125,-67.7142
0.4,0,0,125,-67.4977
0.425,0,0,125,-67.2545
0.45,0,0,125,-66.9833
0.475,0,0,125,-66.6828
0.5,0,0,125,-66.3516
0.525,0,0,125,-65.9885
0.55,0,0,125,-65.5926
0.575,0,0,125,-65.1627
0.6,0,0,125,-64.698
0.625,0,0,125,-64.1975
0.65,0,0,125,-63.6607
0.675,0,0,125,-63.0868
0.7,0,0,125,-62.4755
0.725,0,0,125,-61.8263
0.75,0,0,125,-61.1392
0.775,0,0,125,-60.4141
0.8,0,0,125,-59.6513
0.825,0,0,125,-58.8511
0.85,0,0,125,-58.0141
0.875,0,0,125,-57.1411
0.9,0,0,125,-56.2331
0.925,0,0,125,-55.2913
0.95,0,0,125,-54.3171
0.975,0,0,125,-53.3122
1,0,0,125,-52.2784
1.025,0,0,125,-51.2177
1.05,0,0,125,-50.1323
1.075,0,0,125,-49.0245
1.1,0,0,125,-47.8968
1.125,0,0,125,-46.7517
1.15,0,0,125,-45.5918
1.175,0,0,125,-44.4196
1.2,0,0,125,-43.2379
1.225,0,0,125,-42.0493
1.25,0,0,125,-40.8562
1.275,0,0,125,-39.6611
1.3,0,0,125,-38.4662
1.325,0,0,125,-37.2739
1.35,0,0,125,-36.0862
1.375,0,0,125,-34.9049
1.4,0,0,125,-33.7318
1.425,0,0,125,-32.5686
1.45,0,0,125,-31.4167
1.475,0,0,125,-30.2776
1.5,0,0,125,-29.1524
1.525,0,0,125,-28.0424
1.55,0,0,125,-26.9487
1.575,0,0,125,-25.8724
1.6,0,0,125,-24.8143
1.625,0,0,125,-23.7753
1.65,0,0,125,-22.7564
1.675,0,0,125,-21.7582
1.7,0,0,125,-20.7814
1.725,0,0,125,-19.8265
1.75,0,0,125,-18.8942
1.775,0,0,125,-17.9847
1.8,0,0,125,-17.0984
1.825,0,0,125,-16.2356
1.85,0,0,125,-15.3964
1.875,0,0,125,-14.5809
1.9,0,0,125,-13.7891
1.925,0,0,125,-13.0208
1.95,0,0,125,-12.276
1.975,0,0,125,-11.5544
2,0,0,125,-10.8557
2.025,0,0,125,-10.1797
2.05,0,0,125,-9.52591
2.075,0,0,125,-8.89399
2.1,0,0,125,-8.28348
2.125,0,0,125,-7.69392
2.15,0,0,125,-7.1248
2.175,0,0,125,-6.57561
2.2,0,0,125,-6.04583
2.225,0,0,125,-5.53493
2.25,0,0,125,-5.04235
2.275,0,0,125,-4.56756
2.3,0,0,125,-4.11002
2.325,0,0,125,-3.66917
2.35,0,0,125,-3.24449
2.375,0,0,125,-2.83544
2.4,0,0,125,-2.44151
2.425,0,0,125,-2.06217
2.45,0,0,125,-1.69695
2.475,0,0,125,-1.34533
2.5,0,0,125,-1.00686
2.525,0,0,125,-0.681075
2.55,0,0,125,-0.367524
2.575,0,0,125,-0.0657788
2.6,0,0,125,0.224579
2.625,0,0,125,0.503951
2.65,0,0,125,0.772727
2.675,0,0,125,1.03128
2.7,0,0,125,1.27997
2.725,0,0,125,1.51914
2.75,0,0,125,1.74912
2.775,0,0,125,1.97024
2.8,0,0,125,2.1828
2.825,0,0,125,2.3871
2.85,0,0,125,2.58341
2.875,0,0,125,2.772
2.9,0,0,125,2.95314
2.925,0,0,125,3.12708
2.95,0,0,125,3.29405
2.975,0,0,125,3.45429
3,0,0,125,3.608
3.025,0,0,125,3.75541
3.05,0,0,125,3.89672
3.075,0,0,125,4.03211
3.1,0,0,125,4.16179
3.125,0,0,125,4.28592
3.15,0,0,125,4.40468
3.175,0,0,125,4.51823
3.2,0,0,125,4.62675
3.225,0,0,125,4.73037
3.25,0,0,125,4.82926
3.275,0,0,125,4.92355
3.3,0,0,125,5.01338
3.325,0,0,125,5.09889
3.35,0,0,125,5.18021
3.375,0,0,125,5.25746
3.4,0,0,125,5.33076
3.425,0,0,125,5.40025
3.45,0,0,125,5.46602
3.475,0,0,125,5.52819
3.5,0,0,125,5.58687
3.525,0,0,125,5.64217
3.55,0,0,125,5.69419
3.575,0,0,125,5.74303
3.6,0,0,125,5.7888
3.625,0,0,125,5.83157
3.65,0,0,125,5.87146
3.675,0,0,125,5.90856
3.7,0,0,125,5.94295
3.725,0,0,125,5.97472
3.75,0,0,125,6.00397
3.775,0,0,125,6.03077
3.8,0,0,125,6.05522
3.825,0,0,125,6.07739
3.85,0,0,125,6.09738
3.875,0,0,125,6.11525
3.9,0,0,125,6.1311
3.925,0,0,125,6.14499
3.95,0,0,125,6.15701
3.975,0,0,125,6.16724
4,0,0,125,6.17576
4.025,0,0,125,6.18263
4.05,0,0,125,6.18793
4.075,0,0,125,6.19174
4.1,0,0,125,6.19412
4.125,0,0,125,6.19515
4.15,0,0,125,6.1949
4.175,0,0,125,6.19345
4.2,0,0,125,6.19084
4.225,0,0,125,6.18716
4.25,0,0,125,6.18247
4.275,0,0,125,6.17684
4.3,0,0,125,6.17032
4.325,0,0,125,6.16298
4.35,0,0,125,6.15487
4.375,0,0,125,6.14606
4.4,0,0,125,6.1366
4.425,0,0,125,6.12655
4.45,0,0,125,6.11596
4.475,0,0,125,6.10489
4.5,0,0,125,6.09338
4.525,0,0,125,6.08148
4.55,0,0,125,6.06926
4.575,0,0,125,6.05674
4.6,0,0,125,6.04399
4.625,0,0,125,6.03106
4.65,0,0,125,6.01801
4.675,0,0,125,6.00489
4.7,0,0,125,5.99176
4.725,0,0,125,5.97872
4.75,0,0,125,5.96583
4.775,0,0,125,5.95321
4.8,0,0,125,5.94097
4.825,0,0,125,5.92925
4.85,0,0,125,5.91822
4.875,0,0,125,5.9081
4.9,0,0,125,5.89913
4.925,0,0,125,5.89158
4.95,0,0,125,5.8857
4.975,0,0,125,5.88168
5,0,0,125,5.87965
