0,0,0,125,-10.5512
0.025,0,0,125,-10.5473
0.05,0,0,125,-10.5395
0.075,0,0,125,-10.5281
0.1,0,0,125,-10.5135
0.125,0,0,125,-10.496
0.15,0,0,125,-10.476
0.175,0,0,125,-10.4538
0.2,0,0,125,-10.4296
0.225,0,0,125,-10.4035
0.25,0,0,125,-10.3758
0.275,0,0,125,-10.3463
0.3,0,0,125,-10.3154
0.325,0,0,125,-10.283
0.35,0,0,125,-10.2493
0.375,0,0,125,-10.2143
0.4,0,0,125,-10.1781
0.425,0,0,125,-10.1408
0.45,0,0,125,-10.1024
0.475,0,0,125,-10.0631
0.5,0,0,125,-10.0228
0.525,0,0,125,-9.98169
0.55,0,0,125,-9.93975
0.575,0,0,125,-9.89705
0.6,0,0,125,-9.85364
0.625,0,0,125,-9.80956
0.65,0,0,125,-9.76485
0.675,0,0,125,-9.71957
0.7,0,0,125,-9.67374
0.725,0,0,125,-9.62741
0.75,0,0,125,-9.5806
0.775,0,0,125,-9.53335
0.8,0,0,125,-9.48569
0.825,0,0,125,-9.43764
0.85,0,0,125,-9.38924
0.875,0,0,125,-9.3405
0.9,0,0,125,-9.29146
0.925,0,0,125,-9.24213
0.95,0,0,125,-9.19255
0.975,0,0,125,-9.14272
1,0,0,125,-9.09268
1.025,0,0,125,-9.04243
1.05,0,0,125,-8.99199
1.075,0,0,125,-8.94139
1.1,0,0,125,-8.89064
1.125,0,0,125,-8.83974
1.15,0,0,125,-8.78873
1.175,0,0,125,-8.7376
1.2,0,0,125,-8.68637
1.225,0,0,125,-8.63507
1.25,0,0,125,-8.58369
1.275,0,0,125,-8.53224
1.3,0,0,125,-8.48074
1.325,0,0,125,-8.4292
1.35,0,0,125,-8.37762
1.375,0,0,125,-8.32601
1.4,0,0,125,-8.27438
1.425,0,0,125,-8.22273
1.45,0,0,125,-8.17108
1.475,0,0,125,-8.11942
1.5,0,0,125,-8.06777
1.525,0,0,125,-8.01613
1.55,0,0,125,-7.9645
1.575,0,0,125,-7.91289
1.6,0,0,125,-7.86131
1.625,0,0,125,-7.80975
1.65,0,0,125,-7.75822
1.675,0,0,125,-7.70673
1.7,0,0,125,-7.65528
1.725,0,0,125,-7.60387
1.75,0,0,125,-7.55251
1.775,0,0,125,-7.50119
1.8,0,0,125,-7.44993
1.825,0,0,125,-7.39871
1.85,0,0,125,-7.34756
1.875,0,0,125,-7.29646
1.9,0,0,125,-7.24542
1.925,0,0,125,-7.19444
1.95,0,0,125,-7.14352
1.975,0,0,125,-7.09267
2,0,0,125,-7.04189
2.025,0,0,125,-6.99117
2.05,0,0,125,-6.94053
2.075,0,0,125,-6.88995
2.1,0,0,125,-6.83945
2.125,0,0,125,-6.78901
2.15,0,0,125,-6.73865
2.175,0,0,125,-6.68837
2.2,0,0,125,-6.63816
2.225,0,0,125,-6.58803
2.25,0,0,125,-6.53797
2.275,0,0,125,-6.48799
2.3,0,0,125,-6.43809
2.325,0,0,125,-6.38826
2.35,0,0,125,-6.33852
2.375,0,0,125,-6.28885
2.4,0,0,125,-6.23927
2.425,0,0,125,-6.18976
2.45,0,0,125,-6.14033
2.475,0,0,125,-6.09099
2.5,0,0,125,-6.04173
2.525,0,0,125,-5.99254
2.55,0,0,125,-5.94344
2.575,0,0,125,-5.89443
2.6,0,0,125,-5.84549
2.625,0,0,125,-5.79664
2.65,0,0,125,-5.74787
2.675,0,0,125,-5.69918
2.7,0,0,125,-5.65058
2.725,0,0,125,-5.60206
2.75,0,0,125,-5.55363
2.775,0,0,125,-5.50528
2.8,0,0,125,-5.45702
2.825,0,0,125,-5.40884
2.85,0,0,125,-5.36075
2.875,0,0,125,-5.31274
2.9,0,0,125,-5.26482
2.925,0,0,125,-5.21698
2.95,0,0,125,-5.16923
2.975,0,0,125,-5.12156
3,0,0,125,-5.07398
3.025,0,0,125,-5.02649
3.05,0,0,125,-4.97908
3.075,0,0,125,-4.93175
3.1,0,0,125,-4.88452
3.125,0,0,125,-4.83737
3.15,0,0,125,-4.79032
3.175,0,0,125,-4.74335
3.2,0,0,125,-4.69647
3.225,0,0,125,-4.64969
3.25,0,0,125,-4.60299
3.275,0,0,125,-4.55639
3.3,0,0,125,-4.50988
3.325,0,0,125,-4.46347
3.35,0,0,125,-4.41716
3.375,0,0,125,-4.37095
3.4,0,0,125,-4.32483
3.425,0,0,125,-4.27882
3.45,0,0,125,-4.23292
3.475,0,0,125,-4.18712
3.5,0,0,125,-4.14143
3.525,0,0,125,-4.09585
3.55,0,0,125,-4.05039
3.575,0,0,125,-4.00504
3.6,0,0,125,-3.95982
3.625,0,0,125,-3.91472
3.65,0,0,125,-3.86974
3.675,0,0,125,-3.82491
3.7,0,0,125,-3.7802
3.725,0,0,125,-3.73565
3.75,0,0,125,-3.69123
3.775,0,0,125,-3.64698
3.8,0,0,125,-3.60288
3.825,0,0,125,-3.55895
3.85,0,0,125,-3.5152
3.875,0,0,125,-3.47162
3.9,0,0,125,-3.42824
3.925,0,0,125,-3.38506
3.95,0,0,125,-3.3421
3.975,0,0,125,-3.29935
4,0,0,125,-3.25684
4.025,0,0,125,-3.21457
4.05,0,0,125,-3.17256
4.075,0,0,125,-3.13082
4.1,0,0,125,-3.08936
4.125,0,0,125,-3.04821
4.15,0,0,125,-3.00737
4.175,0,0,125,-2.96686
4.2,0,0,125,-2.92672
4.225,0,0,125,-2.88695
4.25,0,0,125,-2.84759
4.275,0,0,125,-2.80866
4.3,0,0,125,-2.77018
4.325,0,0,125,-2.73219
4.35,0,0,125,-2.69472
4.375,0,0,125,-2.65781
4.4,0,0,125,-2.62148
4.425,0,0,125,-2.58579
4.45,0,0,125,-2.55078
4.475,0,0,125,-2.51647
4.5,0,0,125,-2.48293
4.525,0,0,125,-2.45021
4.55,0,0,125,-2.41836
4.575,0,0,125,-2.38744
4.6,0,0,125,-2.35751
4.625,0,0,125,-2.32863
4.65,0,0,125,-2.30089
4.675,0,0,125,-2.27435
4.7,0,0,125,-2.24909
4.725,0,0,125,-2.22519
4.75,0,0,125,-2.20274
4.775,0,0,125,-2.18183
4.8,0,0,125,-2.16256
4.825,0,0,125,-2.14501
4.85,0,0,125,-2.12931
4.875,0,0,125,-2.11555
4.9,0,0,125,-2.10384
4.925,0,0,125,-2.0943
4.95,0,0,125,-2.08703
4.975,0,0,125,-2.08212
5,0,0,125,-2.07965
