0,0,0,125,-16.2627
0.025,0,0,125,-16.2584
0.05,0,0,125,-16.25
0.075,0,0,125,-16.2377
0.1,0,0,125,-16.2217
0.125,0,0,125,-16.2026
0.15,0,0,125,-16.1806
0.175,0,0,125,-16.156
0.2,0,0,125,-16.1291
0.225,0,0,125,-16.1
0.25,0,0,125,-16.0688
0.275,0,0,125,-16.0357
0.3,0,0,125,-16.0008
0.325,0,0,125,-15.9641
0.35,0,0,125,-15.9257
0.375,0,0,125,-15.8858
0.4,0,0,125,-15.8444
0.425,0,0,125,-15.8017
0.45,0,0,125,-15.7576
0.475,0,0,125,-15.7123
0.5,0,0,125,-15.6658
0.525,0,0,125,-15.6183
0.55,0,0,125,-15.5697
0.575,0,0,125,-15.5201
0.6,0,0,125,-15.4696
0.625,0,0,125,-15.4182
0.65,0,0,125,-15.366
0.675,0,0,125,-15.3131
0.7,0,0,125,-15.2594
0.725,0,0,125,-15.2051
0.75,0,0,125,-15.1502
0.775,0,0,125,-15.0946
0.8,0,0,125,-15.0386
0.825,0,0,125,-14.982
0.85,0,0,125,-14.9249
0.875,0,0,125,-14.8673
0.9,0,0,125,-14.8094
0.925,0,0,125,-14.7511
0.95,0,0,125,-14.6924
0.975,0,0,125,-14.6333
1,0,0,125,-14.574
1.025,0,0,125,-14.5144
1.05,0,0,125,-14.4546
1.075,0,0,125,-14.3945
1.1,0,0,125,-14.3341
1.125,0,0,125,-14.2736
1.15,0,0,125,-14.2129
1.175,0,0,125,-14.1521
1.2,0,0,125,-14.0911
1.225,0,0,125,-14.03
1.25,0,0,125,-13.9688
1.275,0,0,125,-13.9075
1.3,0,0,125,-13.8461
1.325,0,0,125,-13.7846
1.35,0,0,125,-13.7231
1.375,0,0,125,-13.6615
1.4,0,0,125,-13.5999
1.425,0,0,125,-13.5383
1.45,0,0,125,-13.4766
1.475,0,0,125,-13.415
1.5,0,0,125,-13.3533
1.525,0,0,125,-13.2917
1.55,0,0,125,-13.2301
1.575,0,0,125,-13.1684
1.6,0,0,125,-13.1069
1.625,0,0,125,-13.0453
1.65,0,0,125,-12.9838
1.675,0,0,125,-12.9224
1.7,0,0,125,-12.861
1.725,0,0,125,-12.7996
1.75,0,0,125,-12.7383
1.775,0,0,125,-12.6771
1.8,0,0,125,-12.6159
1.825,0,0,125,-12.5549
1.85,0,0,125,-12.4939
1.875,0,0,125,-12.4329
1.9,0,0,125,-12.3721
1.925,0,0,125,-12.3113
1.95,0,0,125,-12.2507
1.975,0,0,125,-12.1901
2,0,0,125,-12.1296
2.025,0,0,125,-12.0692
2.05,0,0,125,-12.0089
2.075,0,0,125,-11.9487
2.1,0,0,125,-11.8887
2.125,0,0,125,-11.8287
2.15,0,0,125,-11.7688
2.175,0,0,125,-11.709
2.2,0,0,125,-11.6493
2.225,0,0,125,-11.5898
2.25,0,0,125,-11.5303
2.275,0,0,125,-11.471
2.3,0,0,125,-11.4117
2.325,0,0,125,-11.3526
2.35,0,0,125,-11.2936
2.375,0,0,125,-11.2347
2.4,0,0,125,-11.1759
2.425,0,0,125,-11.1173
2.45,0,0,125,-11.0587
2.475,0,0,125,-11.0003
2.5,0,0,125,-10.942
2.525,0,0,125,-10.8838
2.55,0,0,125,-10.8257
2.575,0,0,125,-10.7678
2.6,0,0,125,-10.7099
2.625,0,0,125,-10.6522
2.65,0,0,125,-10.5946
2.675,0,0,125,-10.5371
2.7,0,0,125,-10.4797
2.725,0,0,125,-10.4225
2.75,0,0,125,-10.3654
2.775,0,0,125,-10.3084
2.8,0,0,125,-10.2515
2.825,0,0,125,-10.1948
2.85,0,0,125,-10.1382
2.875,0,0,125,-10.0817
2.9,0,0,125,-10.0253
2.925,0,0,125,-9.96902
2.95,0,0,125,-9.91289
2.975,0,0,125,-9.85688
3,0,0,125,-9.801
3.025,0,0,125,-9.74524
3.05,0,0,125,-9.68961
3.075,0,0,125,-9.6341
3.1,0,0,125,-9.57873
3.125,0,0,125,-9.52348
3.15,0,0,125,-9.46836
3.175,0,0,125,-9.41337
3.2,0,0,125,-9.35851
3.225,0,0,125,-9.30378
3.25,0,0,125,-9.24919
3.275,0,0,125,-9.19473
3.3,0,0,125,-9.14041
3.325,0,0,125,-9.08623
3.35,0,0,125,-9.03219
3.375,0,0,125,-8.97829
3.4,0,0,125,-8.92454
3.425,0,0,125,-8.87094
3.45,0,0,125,-8.81748
3.475,0,0,125,-8.76418
3.5,0,0,125,-8.71104
3.525,0,0,125,-8.65805
3.55,0,0,125,-8.60523
3.575,0,0,125,-8.55257
3.6,0,0,125,-8.50009
3.625,0,0,125,-8.44778
3.65,0,0,125,-8.39566
3.675,0,0,125,-8.34372
3.7,0,0,125,-8.29197
3.725,0,0,125,-8.24042
3.75,0,0,125,-8.18908
3.775,0,0,125,-8.13795
3.8,0,0,125,-8.08704
3.825,0,0,125,-8.03636
3.85,0,0,125,-7.98592
3.875,0,0,125,-7.93573
3.9,0,0,125,-7.88579
3.925,0,0,125,-7.83613
3.95,0,0,125,-7.78674
3.975,0,0,125,-7.73766
4,0,0,125,-7.68888
4.025,0,0,125,-7.64043
4.05,0,0,125,-7.59231
4.075,0,0,125,-7.54455
4.1,0,0,125,-7.49716
4.125,0,0,125,-7.45015
4.15,0,0,125,-7.40356
4.175,0,0,125,-7.3574
4.2,0,0,125,-7.31169
4.225,0,0,125,-7.26647
4.25,0,0,125,-7.22175
4.275,0,0,125,-7.17758
4.3,0,0,125,-7.13397
4.325,0,0,125,-7.09098
4.35,0,0,125,-7.04862
4.375,0,0,125,-7.00694
4.4,0,0,125,-6.96598
4.425,0,0,125,-6.92579
4.45,0,0,125,-6.88641
4.475,0,0,125,-6.84789
4.5,0,0,125,-6.81028
4.525,0,0,125,-6.77363
4.55,0,0,125,-6.73803
4.575,0,0,125,-6.70351
4.6,0,0,125,-6.67015
4.625,0,0,125,-6.63802
4.65,0,0,125,-6.6072
4.675,0,0,125,-6.57776
4.7,0,0,125,-6.54979
4.725,0,0,125,-6.52337
4.75,0,0,125,-6.4986
4.775,0,0,125,-6.47556
4.8,0,0,125,-6.45436
4.825,0,0,125,-6.4351
4.85,0,0,125,-6.41789
4.875,0,0,125,-6.40283
4.9,0,0,125,-6.39004
4.925,0,0,125,-6.37964
4.95,0,0,125,-6.37171
4.975,0,0,125,-6.36638
5,0,0,125,-6.36369
