0,0,0,125,-78.3996
0.025,0,0,125,-78.3977
0.05,0,0,125,-78.3938
0.075,0,0,125,-78.3881
0.1,0,0,125,-78.3805
0.125,0,0,125,-78.3709
0.15,0,0,125,-78.3595
0.175,0,0,125,-78.3461
0.2,0,0,125,-78.3308
0.225,0,0,125,-78.3135
0.25,0,0,125,-78.2944
0.275,0,0,125,-78.2734
0.3,0,0,125,-78.2505
0.325,0,0,125,-78.2257
0.35,0,0,125,-78.1991
0.375,0,0,125,-78.1707
0.4,0,0,125,-78.1405
0.425,0,0,125,-78.1085
0.45,0,0,125,-78.0747
0.475,0,0,125,-78.0391
0.5,0,0,125,-78.0018
0.525,0,0,125,-77.9627
0.55,0,0,125,-77.9219
0.575,0,0,125,-77.8794
0.6,0,0,125,-77.8351
0.625,0,0,125,-77.7891
0.65,0,0,125,-77.7415
0.675,0,0,125,-77.6922
0.7,0,0,125,-77.6412
0.725,0,0,125,-77.5885
0.75,0,0,125,-77.5341
0.775,0,0,125,-77.4781
0.8,0,0,125,-77.4204
0.825,0,0,125,-77.3611
0.85,0,0,125,-77.3001
0.875,0,0,125,-77.2375
0.9,0,0,125,-77.1733
0.925,0,0,125,-77.1074
0.95,0,0,125,-77.0399
0.975,0,0,125,-76.9707
1,0,0,125,-76.9
1.025,0,0,125,-76.8276
1.05,0,0,125,-76.7535
1.075,0,0,125,-76.6779
1.1,0,0,125,-76.6006
1.125,0,0,125,-76.5217
1.15,0,0,125,-76.4413
1.175,0,0,125,-76.3591
1.2,0,0,125,-76.2754
1.225,0,0,125,-76.1901
1.25,0,0,125,-76.1031
1.275,0,0,125,-76.0146
1.3,0,0,125,-75.9244
1.325,0,0,125,-75.8327
1.35,0,0,125,-75.7393
1.375,0,0,125,-75.6443
1.4,0,0,125,-75.5477
1.425,0,0,125,-75.4495
1.45,0,0,125,-75.3497
1.475,0,0,125,-75.2484
1.5,0,0,125,-75.1454
1.525,0,0,125,-75.0408
1.55,0,0,125,-74.9347
1.575,0,0,125,-74.827
1.6,0,0,125,-74.7176
1.625,0,0,125,-74.6067
1.65,0,0,125,-74.4943
1.675,0,0,125,-74.3803
1.7,0,0,125,-74.2647
1.725,0,0,125,-74.1475
1.75,0,0,125,-74.0288
1.775,0,0,125,-73.9086
1.8,0,0,125,-73.7868
1.825,0,0,125,-73.6635
1.85,0,0,125,-73.5387
1.875,0,0,125,-73.4123
1.9,0,0,125,-73.2844
1.925,0,0,125,-73.1551
1.95,0,0,125,-73.0243
1.975,0,0,125,-72.8919
2,0,0,125,-72.7581
2.025,0,0,125,-72.6229
2.05,0,0,125,-72.4862
2.075,0,0,125,-72.3481
2.1,0,0,125,-72.2085
2.125,0,0,125,-72.0676
2.15,0,0,125,-71.9252
2.175,0,0,125,-71.7815
2.2,0,0,125,-71.6364
2.225,0,0,125,-71.49
2.25,0,0,125,-71.3423
2.275,0,0,125,-71.1932
2.3,0,0,125,-71.0428
2.325,0,0,125,-70.8912
2.35,0,0,125,-70.7383
2.375,0,0,125,-70.5842
2.4,0,0,125,-70.4289
2.425,0,0,125,-70.2723
2.45,0,0,125,-70.1146
2.475,0,0,125,-69.9558
2.5,0,0,125,-69.7958
2.525,0,0,125,-69.6347
2.55,0,0,125,-69.4726
2.575,0,0,125,-69.3094
2.6,0,0,125,-69.1452
2.625,0,0,125,-68.98
2.65,0,0,125,-68.8138
2.675,0,0,125,-68.6466
2.7,0,0,125,-68.4786
2.725,0,0,125,-68.3097
2.75,0,0,125,-68.1399
2.775,0,0,125,-67.9693
2.8,0,0,125,-67.798
2.825,0,0,125,-67.6258
2.85,0,0,125,-67.453
2.875,0,0,125,-67.2795
2.9,0,0,125,-67.1053
2.925,0,0,125,-66.9305
2.95,0,0,125,-66.7551
2.975,0,0,125,-66.5792
3,0,0,125,-66.4028
3.025,0,0,125,-66.2259
3.05,0,0,125,-66.0486
3.075,0,0,125,-65.871
3.1,0,0,125,-65.6929
3.125,0,0,125,-65.5146
3.15,0,0,125,-65.336
3.175,0,0,125,-65.1573
3.2,0,0,125,-64.9783
3.225,0,0,125,-64.7993
3.25,0,0,125,-64.6201
3.275,0,0,125,-64.4409
3.3,0,0,125,-64.2618
3.325,0,0,125,-64.0827
3.35,0,0,125,-63.9038
3.375,0,0,125,-63.725
3.4,0,0,125,-63.5465
3.425,0,0,125,-63.3682
3.45,0,0,125,-63.1903
3.475,0,0,125,-63.0128
3.5,0,0,125,-62.8357
3.525,0,0,125,-62.6591
3.55,0,0,125,-62.4831
3.575,0,0,125,-62.3077
3.6,0,0,125,-62.133
3.625,0,0,125,-61.959
3.65,0,0,125,-61.7859
3.675,0,0,125,-61.6136
3.7,0,0,125,-61.4423
3.725,0,0,125,-61.2719
3.75,0,0,125,-61.1027
3.775,0,0,125,-60.9346
3.8,0,0,125,-60.7677
3.825,0,0,125,-60.6021
3.85,0,0,125,-60.4378
3.875,0,0,125,-60.275
3.9,0,0,125,-60.1137
3.925,0,0,125,-59.9539
3.95,0,0,125,-59.7959
3.975,0,0,125,-59.6396
4,0,0,125,-59.4851
4.025,0,0,125,-59.3325
4.05,0,0,125,-59.1819
4.075,0,0,125,-59.0334
4.1,0,0,125,-58.887
4.125,0,0,125,-58.7429
4.15,0,0,125,-58.6012
4.175,0,0,125,-58.4619
4.2,0,0,125,-58.325
4.225,0,0,125,-58.1908
4.25,0,0,125,-58.0594
4.275,0,0,125,-57.9307
4.3,0,0,125,-57.8049
4.325,0,0,125,-57.6821
4.35,0,0,125,-57.5624
4.375,0,0,125,-57.446
4.4,0,0,125,-57.3328
4.425,0,0,125,-57.223
4.45,0,0,125,-57.1167
4.475,0,0,125,-57.014
4.5,0,0,125,-56.915
4.525,0,0,125,-56.8198
4.55,0,0,125,-56.7286
4.575,0,0,125,-56.6413
4.6,0,0,125,-56.5582
4.625,0,0,125,-56.4793
4.65,0,0,125,-56.4047
4.675,0,0,125,-56.3345
4.7,0,0,125,-56.2688
4.725,0,0,125,-56.2077
4.75,0,0,125,-56.1513
4.775,0,0,125,-56.0997
4.8,0,0,125,-56.053
4.825,0,0,125,-56.0112
4.85,0,0,125,-55.9744
4.875,0,0,125,-55.9428
4.9,0,0,125,-55.9163
4.925,0,0,125,-55.895
4.95,0,0,125,-55.879
4.975,0,0,125,-55.8683
5,0,0,125,-55.8629
