0,0,0,125,-73.8106
0.025,0,0,125,-73.803
0.05,0,0,125,-73.7876
0.075,0,0,125,-73.7644
0.1,0,0,125,-73.7331
0.125,0,0,125,-73.6934
0.15,0,0,125,-73.6448
0.175,0,0,125,-73.5862
0.2,0,0,125,-73.5165
0.225,0,0,125,-73.4342
0.25,0,0,125,-73.3377
0.275,0,0,125,-73.2257
0.3,0,0,125,-73.0967
0.325,0,0,125,-72.9492
0.35,0,0,125,-72.7817
0.375,0,0,125,-72.5929
0.4,0,0,125,-72.3814
0.425,0,0,125,-72.1457
0.45,0,0,125,-71.8845
0.475,0,0,125,-71.5963
0.5,0,0,125,-71.2798
0.525,0,0,125,-70.9336
0.55,0,0,125,-70.5563
0.575,0,0,125,-70.1467
0.6,0,0,125,-69.7033
0.625,0,0,125,-69.2251
0.65,0,0,125,-68.7106
0.675,0,0,125,-68.1589
0.7,0,0,125,-67.5689
0.725,0,0,125,-66.9395
0.75,0,0,125,-66.2701
0.775,0,0,125,-65.5598
0.8,0,0,125,-64.8083
0.825,0,0,125,-64.015
0.85,0,0,125,-63.1799
0.875,0,0,125,-62.3031
0.9,0,0,125,-61.3849
0.925,0,0,125,-60.4258
0.95,0,0,125,-59.4268
0.975,0,0,125,-58.3889
1,0,0,125,-57.3136
1.025,0,0,125,-56.2025
1.05,0,0,125,-55.0578
1.075,0,0,125,-53.8815
1.1,0,0,125,-52.6761
1.125,0,0,125,-51.4445
1.15,0,0,125,-50.1895
1.175,0,0,125,-48.9141
1.2,0,0,125,-47.6215
1.225,0,0,125,-46.3149
1.25,0,0,125,-44.9976
1.275,0,0,125,-43.6729
1.3,0,0,125,-42.3438
1.325,0,0,125,-41.0135
1.35,0,0,125,-39.6848
1.375,0,0,125,-38.3605
1.4,0,0,125,-37.0431
1.425,0,0,125,-35.7349
1.45,0,0,125,-34.438
1.475,0,0,125,-33.1544
1.5,0,0,125,-31.8857
1.525,0,0,125,-30.6337
1.55,0,0,125,-29.3996
1.575,0,0,125,-28.1849
1.6,0,0,125,-26.9906
1.625,0,0,125,-25.818
1.65,0,0,125,-24.6679
1.675,0,0,125,-23.5414
1.7,0,0,125,-22.4393
1.725,0,0,125,-21.3623
1.75,0,0,125,-20.3111
1.775,0,0,125,-19.2862
1.8,0,0,125,-18.2881
1.825,0,0,125,-17.317
1.85,0,0,125,-16.3733
1.875,0,0,125,-15.4571
1.9,0,0,125,-14.5683
1.925,0,0,125,-13.707
1.95,0,0,125,-12.873
1.975,0,0,125,-12.066
2,0,0,125,-11.2858
2.025,0,0,125,-10.5319
2.05,0,0,125,-9.80386
2.075,0,0,125,-9.10129
2.1,0,0,125,-8.42359
2.125,0,0,125,-7.77019
2.15,0,0,125,-7.14049
2.175,0,0,125,-6.53384
2.2,0,0,125,-5.94961
2.225,0,0,125,-5.38712
2.25,0,0,125,-4.84571
2.275,0,0,125,-4.3247
2.3,0,0,125,-3.82341
2.325,0,0,125,-3.34118
2.35,0,0,125,-2.87734
2.375,0,0,125,-2.43124
2.4,0,0,125,-2.00224
2.425,0,0,125,-1.58971
2.45,0,0,125,-1.19303
2.475,0,0,125,-0.811609
2.5,0,0,125,-0.444869
2.525,0,0,125,-0.0922468
2.55,0,0,125,0.246799
2.575,0,0,125,0.572792
2.6,0,0,125,0.886237
2.625,0,0,125,1.18762
2.65,0,0,125,1.47741
2.675,0,0,125,1.75605
2.7,0,0,125,2.02397
2.725,0,0,125,2.28159
2.75,0,0,125,2.5293
2.775,0,0,125,2.76747
2.8,0,0,125,2.99647
2.825,0,0,125,3.21665
2.85,0,0,125,3.42833
2.875,0,0,125,3.63183
2.9,0,0,125,3.82744
2.925,0,0,125,4.01547
2.95,0,0,125,4.19618
2.975,0,0,125,4.36983
3,0,0,125,4.53668
3.025,0,0,125,4.69697
3.05,0,0,125,4.85092
3.075,0,0,125,4.99875
3.1,0,0,125,5.14068
3.125,0,0,125,5.2769
3.15,0,0,125,5.4076
3.175,0,0,125,5.53298
3.2,0,0,125,5.6532
3.225,0,0,125,5.76843
3.25,0,0,125,5.87884
3.275,0,0,125,5.98457
3.3,0,0,125,6.08579
3.325,0,0,125,6.18263
3.35,0,0,125,6.27523
3.375,0,0,125,6.36372
3.4,0,0,125,6.44823
3.425,0,0,125,6.52889
3.45,0,0,125,6.60581
3.475,0,0,125,6.67911
3.5,0,0,125,6.74889
3.525,0,0,125,6.81528
3.55,0,0,125,6.87836
3.575,0,0,125,6.93825
3.6,0,0,125,6.99504
3.625,0,0,125,7.04882
3.65,0,0,125,7.0997
3.675,0,0,125,7.14775
3.7,0,0,125,7.19308
3.725,0,0,125,7.23576
3.75,0,0,125,7.27587
3.775,0,0,125,7.31351
3.8,0,0,125,7.34876
3.825,0,0,125,7.38168
3.85,0,0,125,7.41237
3.875,0,0,125,7.4409
3.9,0,0,125,7.46733
3.925,0,0,125,7.49176
3.95,0,0,125,7.51424
3.975,0,0,125,7.53486
4,0,0,125,7.55367
4.025,0,0,125,7.57077
4.05,0,0,125,7.5862
4.075,0,0,125,7.60005
4.1,0,0,125,7.61237
4.125,0,0,125,7.62324
4.15,0,0,125,7.63272
4.175,0,0,125,7.64087
4.2,0,0,125,7.64776
4.225,0,0,125,7.65346
4.25,0,0,125,7.65801
4.275,0,0,125,7.66149
4.3,0,0,125,7.66395
4.325,0,0,125,7.66545
4.35,0,0,125,7.66605
4.375,0,0,125,7.6658
4.4,0,0,125,7.66475
4.425,0,0,125,7.66297
4.45,0,0,125,7.66049
4.475,0,0,125,7.65738
4.5,0,0,125,7.65367
4.525,0,0,125,7.64942
4.55,0,0,125,7.64466
4.575,0,0,125,7.63946
4.6,0,0,125,7.63384
4.625,0,0,125,7.62786
4.65,0,0,125,7.62156
4.675,0,0,125,7.61499
4.7,0,0,125,7.60819
4.725,0,0,125,7.60124
4.75,0,0,125,7.59418
4.775,0,0,125,7.58708
4.8,0,0,125,7.58004
4.825,0,0,125,7.57315
4.85,0,0,125,7.56653
4.875,0,0,125,7.56033
4.9,0,0,125,7.55475
4.925,0,0,125,7.55
4.95,0,0,125,7.54626
4.975,0,0,125,7.54369
5,0,0,125,7.54239
