0,0,0,125,-84.0436
0.025,0,0,125,-84.0438
0.05,0,0,125,-84.0441
0.075,0,0,125,-84.0445
0.1,0,0,125,-84.0451
0.125,0,0,125,-84.0457
0.15,0,0,125,-84.0465
0.175,0,0,125,-84.0472
0.2,0,0,125,-84.048
0.225,0,0,125,-84.0487
0.25,0,0,125,-84.0495
0.275,0,0,125,-84.0503
0.3,0,0,125,-84.0511
0.325,0,0,125,-84.0519
0.35,0,0,125,-84.0527
0.375,0,0,125,-84.0535
0.4,0,0,125,-84.0543
0.425,0,0,125,-84.055
0.45,0,0,125,-84.0558
0.475,0,0,125,-84.0565
0.5,0,0,125,-84.0572
0.525,0,0,125,-84.0579
0.55,0,0,125,-84.0586
0.575,0,0,125,-84.0593
0.6,0,0,125,-84.0599
0.625,0,0,125,-84.0606
0.65,0,0,125,-84.0612
0.675,0,0,125,-84.0618
0.7,0,0,125,-84.0624
0.725,0,0,125,-84.063
0.75,0,0,125,-84.0637
0.775,0,0,125,-84.0643
0.8,0,0,125,-84.0649
0.825,0,0,125,-84.0656
0.85,0,0,125,-84.0662
0.875,0,0,125,-84.0669
0.9,0,0,125,-84.0676
0.925,0,0,125,-84.0683
0.95,0,0,125,-84.069
0.975,0,0,125,-84.0697
1,0,0,125,-84.0704
1.025,0,0,125,-84.0711
1.05,0,0,125,-84.0719
1.075,0,0,125,-84.0726
1.1,0,0,125,-84.0734
1.125,0,0,125,-84.0742
1.15,0,0,125,-84.0749
1.175,0,0,125,-84.0757
1.2,0,0,125,-84.0765
1.225,0,0,125,-84.0773
1.25,0,0,125,-84.0782
1.275,0,0,125,-84.079
1.3,0,0,125,-84.0798
1.325,0,0,125,-84.0807
1.35,0,0,125,-84.0815
1.375,0,0,125,-84.0824
1.4,0,0,125,-84.0833
1.425,0,0,125,-84.0841
1.45,0,0,125,-84.085
1.475,0,0,125,-84.0859
1.5,0,0,125,-84.0869
1.525,0,0,125,-84.0878
1.55,0,0,125,-84.0887
1.575,0,0,125,-84.0897
1.6,0,0,125,-84.0906
1.625,0,0,125,-84.0916
1.65,0,0,125,-84.0927
1.675,0,0,125,-84.0937
1.7,0,0,125,-84.0949
1.725,0,0,125,-84.096
1.75,0,0,125,-84.0972
1.775,0,0,125,-84.0984
1.8,0,0,125,-84.0996
1.825,0,0,125,-84.1009
1.85,0,0,125,-84.1023
1.875,0,0,125,-84.1036
1.9,0,0,125,-84.105
1.925,0,0,125,-84.1064
1.95,0,0,125,-84.1079
1.975,0,0,125,-84.1094
2,0,0,125,-84.1109
2.025,0,0,125,-84.1125
2.05,0,0,125,-84.1141
2.075,0,0,125,-84.1158
2.1,0,0,125,-84.1174
2.125,0,0,125,-84.1191
2.15,0,0,125,-84.1209
2.175,0,0,125,-84.1227
2.2,0,0,125,-84.1245
2.225,0,0,125,-84.1264
2.25,0,0,125,-84.1283
2.275,0,0,125,-84.1302
2.3,0,0,125,-84.1322
2.325,0,0,125,-84.1343
2.35,0,0,125,-84.1363
2.375,0,0,125,-84.1384
2.4,0,0,125,-84.1405
2.425,0,0,125,-84.1427
2.45,0,0,125,-84.1449
2.475,0,0,125,-84.1472
2.5,0,0,125,-84.1495
2.525,0,0,125,-84.1518
2.55,0,0,125,-84.1542
2.575,0,0,125,-84.1566
2.6,0,0,125,-84.159
2.625,0,0,125,-84.1615
2.65,0,0,125,-84.164
2.675,0,0,125,-84.1666
2.7,0,0,125,-84.1692
2.725,0,0,125,-84.1718
2.75,0,0,125,-84.1744
2.775,0,0,125,-84.1771
2.8,0,0,125,-84.1799
2.825,0,0,125,-84.1826
2.85,0,0,125,-84.1854
2.875,0,0,125,-84.1882
2.9,0,0,125,-84.191
2.925,0,0,125,-84.1938
2.95,0,0,125,-84.1966
2.975,0,0,125,-84.1994
3,0,0,125,-84.2023
3.025,0,0,125,-84.2051
3.05,0,0,125,-84.2079
3.075,0,0,125,-84.2108
3.1,0,0,125,-84.2136
3.125,0,0,125,-84.2165
3.15,0,0,125,-84.2193
3.175,0,0,125,-84.2221
3.2,0,0,125,-84.2249
3.225,0,0,125,-84.2277
3.25,0,0,125,-84.2305
3.275,0,0,125,-84.2332
3.3,0,0,125,-84.2359
3.325,0,0,125,-84.2386
3.35,0,0,125,-84.2412
3.375,0,0,125,-84.2438
3.4,0,0,125,-84.2463
3.425,0,0,125,-84.2488
3.45,0,0,125,-84.2513
3.475,0,0,125,-84.2537
3.5,0,0,125,-84.2561
3.525,0,0,125,-84.2585
3.55,0,0,125,-84.2608
3.575,0,0,125,-84.2631
3.6,0,0,125,-84.2653
3.625,0,0,125,-84.2675
3.65,0,0,125,-84.2697
3.675,0,0,125,-84.2718
3.7,0,0,125,-84.2739
3.725,0,0,125,-84.2759
3.75,0,0,125,-84.2778
3.775,0,0,125,-84.2797
3.8,0,0,125,-84.2815
3.825,0,0,125,-84.2833
3.85,0,0,125,-84.2849
3.875,0,0,125,-84.2866
3.9,0,0,125,-84.2881
3.925,0,0,125,-84.2896
3.95,0,0,125,-84.2911
3.975,0,0,125,-84.2925
4,0,0,125,-84.2938
4.025,0,0,125,-84.2951
4.05,0,0,125,-84.2963
4.075,0,0,125,-84.2975
4.1,0,0,125,-84.2986
4.125,0,0,125,-84.2997
4.15,0,0,125,-84.3007
4.175,0,0,125,-84.3017
4.2,0,0,125,-84.3027
4.225,0,0,125,-84.3036
4.25,0,0,125,-84.3045
4.275,0,0,125,-84.3053
4.3,0,0,125,-84.3061
4.325,0,0,125,-84.3069
4.35,0,0,125,-84.3076
4.375,0,0,125,-84.3083
4.4,0,0,125,-84.309
4.425,0,0,125,-84.3096
4.45,0,0,125,-84.3101
4.475,0,0,125,-84.3107
4.5,0,0,125,-84.3112
4.525,0,0,125,-84.3116
4.55,0,0,125,-84.312
4.575,0,0,125,-84.3124
4.6,0,0,125,-84.3127
4.625,0,0,125,-84.313
4.65,0,0,125,-84.3133
4.675,0,0,125,-84.3136
4.7,0,0,125,-84.3138
4.725,0,0,125,-84.3139
4.75,0,0,125,-84.3141
4.775,0,0,125,-84.3143
4.8,0,0,125,-84.3144
4.825,0,0,125,-84.3145
4.85,0,0,125,-84.3146
4.875,0,0,125,-84.3147
4.9,0,0,125,-84.3147
4.925,0,0,125,-84.3148
4.95,0,0,125,-84.3148
4.975,0,0,125,-84.3148
5,0,0,125,-84.3148
