0,0,0,125,11.0746
0.025,0,0,125,11.0633
0.05,0,0,125,11.0405
0.075,0,0,125,11.0057
0.1,0,0,125,10.958
0.125,0,0,125,10.8966
0.15,0,0,125,10.8208
0.175,0,0,125,10.7308
0.2,0,0,125,10.6276
0.225,0,0,125,10.5125
0.25,0,0,125,10.3869
0.275,0,0,125,10.2524
0.3,0,0,125,10.1104
0.325,0,0,125,9.96238
0.35,0,0,125,9.80961
0.375,0,0,125,9.65341
0.4,0,0,125,9.49501
0.425,0,0,125,9.33558
0.45,0,0,125,9.17622
0.475,0,0,125,9.01795
0.5,0,0,125,8.86175
0.525,0,0,125,8.7085
0.55,0,0,125,8.55904
0.575,0,0,125,8.41413
0.6,0,0,125,8.27446
0.625,0,0,125,8.14066
0.65,0,0,125,8.0133
0.675,0,0,125,7.89287
0.7,0,0,125,7.77982
0.725,0,0,125,7.67452
0.75,0,0,125,7.57732
0.775,0,0,125,7.48847
0.8,0,0,125,7.40822
0.825,0,0,125,7.33674
0.85,0,0,125,7.27417
0.875,0,0,125,7.22063
0.9,0,0,125,7.17617
0.925,0,0,125,7.14084
0.95,0,0,125,7.11464
0.975,0,0,125,7.09758
1,0,0,125,7.08963
1.025,0,0,125,7.09073
1.05,0,0,125,7.10083
1.075,0,0,125,7.11987
1.1,0,0,125,7.14777
1.125,0,0,125,7.18446
1.15,0,0,125,7.22987
1.175,0,0,125,7.28392
1.2,0,0,125,7.34654
1.225,0,0,125,7.41767
1.25,0,0,125,7.49724
1.275,0,0,125,7.58522
1.3,0,0,125,7.68156
1.325,0,0,125,7.78623
1.35,0,0,125,7.89922
1.375,0,0,125,8.02054
1.4,0,0,125,8.15018
1.425,0,0,125,8.28817
1.45,0,0,125,8.43456
1.475,0,0,125,8.58938
1.5,0,0,125,8.75271
1.525,0,0,125,8.92463
1.55,0,0,125,9.10521
1.575,0,0,125,9.29457
1.6,0,0,125,9.49279
1.625,0,0,125,9.7
1.65,0,0,125,9.91631
1.675,0,0,125,10.1418
1.7,0,0,125,10.3766
1.725,0,0,125,10.6208
1.75,0,0,125,10.8744
1.775,0,0,125,11.1375
1.8,0,0,125,11.4098
1.825,0,0,125,11.6913
1.85,0,0,125,11.9815
1.875,0,0,125,12.2798
1.9,0,0,125,12.5853
1.925,0,0,125,12.8966
1.95,0,0,125,13.2117
1.975,0,0,125,13.5274
2,0,0,125,13.8397
2.025,0,0,125,14.1424
2.05,0,0,125,14.4271
2.075,0,0,125,14.6816
2.1,0,0,125,14.889
2.125,0,0,125,15.0254
2.15,0,0,125,15.0568
2.175,0,0,125,14.9347
2.2,0,0,125,14.5897
2.225,0,0,125,13.9205
2.25,0,0,125,12.7773
2.275,0,0,125,10.9345
2.3,0,0,125,8.04329
2.325,0,0,125,3.55276
2.35,0,0,125,-3.41581
2.375,0,0,125,-14.1846
2.4,0,0,125,-29.8742
2.425,0,0,125,-46.2431
2.45,0,0,125,-58.4235
2.475,0,0,125,-66.8299
2.5,0,0,125,-72.5632
2.525,0,0,125,-76.4589
2.55,0,0,125,-79.1004
2.575,0,0,125,-80.8889
2.6,0,0,125,-82.0987
2.625,0,0,125,-82.9165
2.65,0,0,125,-83.469
2.675,0,0,125,-83.8422
2.7,0,0,125,-84.0942
2.725,0,0,125,-84.2643
2.75,0,0,125,-84.3792
2.775,0,0,125,-84.4567
2.8,0,0,125,-84.5091
2.825,0,0,125,-84.5444
2.85,0,0,125,-84.5682
2.875,0,0,125,-84.5843
2.9,0,0,125,-84.5952
2.925,0,0,125,-84.6025
2.95,0,0,125,-84.6075
2.975,0,0,125,-84.6108
3,0,0,125,-84.613
3.025,0,0,125,-84.6145
3.05,0,0,125,-84.6155
3.075,0,0,125,-84.6162
3.1,0,0,125,-84.6167
3.125,0,0,125,-84.617
3.15,0,0,125,-84.6172
3.175,0,0,125,-84.6173
3.2,0,0,125,-84.6174
3.225,0,0,125,-84.6174
3.25,0,0,125,-84.6174
3.275,0,0,125,-84.6174
3.3,0,0,125,-84.6174
3.325,0,0,125,-84.6174
3.35,0,0,125,-84.6174
3.375,0,0,125,-84.6174
3.4,0,0,125,-84.6174
3.425,0,0,125,-84.6174
3.45,0,0,125,-84.6174
3.475,0,0,125,-84.6174
3.5,0,0,125,-84.6174
3.525,0,0,125,-84.6174
3.55,0,0,125,-84.6174
3.575,0,0,125,-84.6174
3.6,0,0,125,-84.6174
3.625,0,0,125,-84.6174
3.65,0,0,125,-84.6174
3.675,0,0,125,-84.6174
3.7,0,0,125,-84.6174
3.725,0,0,125,-84.6174
3.75,0,0,125,-84.6174
3.775,0,0,125,-84.6174
3.8,0,0,125,-84.6174
3.825,0,0,125,-84.6174
3.85,0,0,125,-84.6174
3.875,0,0,125,-84.6174
3.9,0,0,125,-84.6174
3.925,0,0,125,-84.6174
3.95,0,0,125,-84.6174
3.975,0,0,125,-84.6174
4,0,0,125,-84.6174
4.025,0,0,125,-84.6174
4.05,0,0,125,-84.6174
4.075,0,0,125,-84.6174
4.1,0,0,125,-84.6174
4.125,0,0,125,-84.6174
4.15,0,0,125,-84.6174
4.175,0,0,125,-84.6174
4.2,0,0,125,-84.6174
4.225,0,0,125,-84.6174
4.25,0,0,125,-84.6174
4.275,0,0,125,-84.6174
4.3,0,0,125,-84.6174
4.325,0,0,125,-84.6174
4.35,0,0,125,-84.6174
4.375,0,0,125,-84.6174
4.4,0,0,125,-84.6174
4.425,0,0,125,-84.6174
4.45,0,0,125,-84.6174
4.475,0,0,125,-84.6174
4.5,0,0,125,-84.6174
4.525,0,0,125,-84.6174
4.55,0,0,125,-84.6174
4.575,0,0,125,-84.6174
4.6,0,0,125,-84.6174
4.625,0,0,125,-84.6174
4.65,0,0,125,-84.6174
4.675,0,0,125,-84.6174
4.7,0,0,125,-84.6174
4.725,0,0,125,-84.6174
4.75,0,0,125,-84.6174
4.775,0,0,125,-84.6174
4.8,0,0,125,-84.6174
4.825,0,0,125,-84.6174
4.85,0,0,125,-84.6174
4.875,0,0,125,-84.6174
4.9,0,0,125,-84.6174
4.925,0,0,125,-84.6174
4.95,0,0,125,-84.6174
4.975,0,0,125,-84.6174
5,0,0,125,-84.6174
