0,0,0,125,-3.09753
0.025,0,0,125,-3.09944
0.05,0,0,125,-3.1033
0.075,0,0,125,-3.10921
0.1,0,0,125,-3.1173
0.125,0,0,125,-3.12777
0.15,0,0,125,-3.14083
0.175,0,0,125,-3.15667
0.2,0,0,125,-3.17536
0.225,0,0,125,-3.19697
0.25,0,0,125,-3.22151
0.275,0,0,125,-3.24896
0.3,0,0,125,-3.27928
0.325,0,0,125,-3.31242
0.35,0,0,125,-3.34831
0.375,0,0,125,-3.38686
0.4,0,0,125,-3.428
0.425,0,0,125,-3.47164
0.45,0,0,125,-3.51768
0.475,0,0,125,-3.56605
0.5,0,0,125,-3.61664
0.525,0,0,125,-3.66937
0.55,0,0,125,-3.72418
0.575,0,0,125,-3.78096
0.6,0,0,125,-3.83966
0.625,0,0,125,-3.9002
0.65,0,0,125,-3.96253
0.675,0,0,125,-4.02658
0.7,0,0,125,-4.09232
0.725,0,0,125,-4.15968
0.75,0,0,125,-4.22863
0.775,0,0,125,-4.29914
0.8,0,0,125,-4.37118
0.825,0,0,125,-4.44473
0.85,0,0,125,-4.51978
0.875,0,0,125,-4.5963
0.9,0,0,125,-4.67429
0.925,0,0,125,-4.75376
0.95,0,0,125,-4.8347
0.975,0,0,125,-4.91712
1,0,0,125,-5.00104
1.025,0,0,125,-5.08647
1.05,0,0,125,-5.17344
1.075,0,0,125,-5.26196
1.1,0,0,125,-5.35207
1.125,0,0,125,-5.4438
1.15,0,0,125,-5.53718
1.175,0,0,125,-5.63225
1.2,0,0,125,-5.72906
1.225,0,0,125,-5.82764
1.25,0,0,125,-5.92806
1.275,0,0,125,-6.03036
1.3,0,0,125,-6.13459
1.325,0,0,125,-6.2408
1.35,0,0,125,-6.34907
1.375,0,0,125,-6.45944
1.4,0,0,125,-6.57199
1.425,0,0,125,-6.68677
1.45,0,0,125,-6.80387
1.475,0,0,125,-6.92333
1.5,0,0,125,-7.04525
1.525,0,0,125,-7.16969
1.55,0,0,125,-7.29673
1.575,0,0,125,-7.42644
1.6,0,0,125,-7.55892
1.625,0,0,125,-7.69422
1.65,0,0,125,-7.83246
1.675,0,0,125,-7.97369
1.7,0,0,125,-8.11802
1.725,0,0,125,-8.26554
1.75,0,0,125,-8.41632
1.775,0,0,125,-8.57046
1.8,0,0,125,-8.72806
1.825,0,0,125,-8.8892
1.85,0,0,125,-9.05399
1.875,0,0,125,-9.22251
1.9,0,0,125,-9.39486
1.925,0,0,125,-9.57114
1.95,0,0,125,-9.75145
1.975,0,0,125,-9.93589
2,0,0,125,-10.1246
2.025,0,0,125,-10.3175
2.05,0,0,125,-10.515
2.075,0,0,125,-10.7169
2.1,0,0,125,-10.9234
2.125,0,0,125,-11.1347
2.15,0,0,125,-11.3508
2.175,0,0,125,-11.5718
2.2,0,0,125,-11.7978
2.225,0,0,125,-12.0288
2.25,0,0,125,-12.2651
2.275,0,0,125,-12.5066
2.3,0,0,125,-12.7535
2.325,0,0,125,-13.0058
2.35,0,0,125,-13.2636
2.375,0,0,125,-13.527
2.4,0,0,125,-13.7961
2.425,0,0,125,-14.0708
2.45,0,0,125,-14.3513
2.475,0,0,125,-14.6376
2.5,0,0,125,-14.9297
2.525,0,0,125,-15.2277
2.55,0,0,125,-15.5316
2.575,0,0,125,-15.8414
2.6,0,0,125,-16.1571
2.625,0,0,125,-16.4787
2.65,0,0,125,-16.8061
2.675,0,0,125,-17.1395
2.7,0,0,125,-17.4786
2.725,0,0,125,-17.8235
2.75,0,0,125,-18.1741
2.775,0,0,125,-18.5303
2.8,0,0,125,-18.892
2.825,0,0,125,-19.259
2.85,0,0,125,-19.6313
2.875,0,0,125,-20.0087
2.9,0,0,125,-20.3911
2.925,0,0,125,-20.7782
2.95,0,0,125,-21.1699
2.975,0,0,125,-21.5659
3,0,0,125,-21.966
3.025,0,0,125,-22.37
3.05,0,0,125,-22.7776
3.075,0,0,125,-23.1885
3.1,0,0,125,-23.6024
3.125,0,0,125,-24.019
3.15,0,0,125,-24.4379
3.175,0,0,125,-24.8589
3.2,0,0,125,-25.2815
3.225,0,0,125,-25.7054
3.25,0,0,125,-26.1301
3.275,0,0,125,-26.5552
3.3,0,0,125,-26.9804
3.325,0,0,125,-27.4051
3.35,0,0,125,-27.8289
3.375,0,0,125,-28.2514
3.4,0,0,125,-28.6721
3.425,0,0,125,-29.0904
3.45,0,0,125,-29.5059
3.475,0,0,125,-29.9181
3.5,0,0,125,-30.3264
3.525,0,0,125,-30.7303
3.55,0,0,125,-31.1293
3.575,0,0,125,-31.5228
3.6,0,0,125,-31.9103
3.625,0,0,125,-32.2911
3.65,0,0,125,-32.6649
3.675,0,0,125,-33.0309
3.7,0,0,125,-33.3887
3.725,0,0,125,-33.7377
3.75,0,0,125,-34.0773
3.775,0,0,125,-34.407
3.8,0,0,125,-34.7263
3.825,0,0,125,-35.0346
3.85,0,0,125,-35.3315
3.875,0,0,125,-35.6164
3.9,0,0,125,-35.889
3.925,0,0,125,-36.1488
3.95,0,0,125,-36.3953
3.975,0,0,125,-36.6283
4,0,0,125,-36.8473
4.025,0,0,125,-37.052
4.05,0,0,125,-37.2423
4.075,0,0,125,-37.4179
4.1,0,0,125,-37.5787
4.125,0,0,125,-37.7244
4.15,0,0,125,-37.8551
4.175,0,0,125,-37.9708
4.2,0,0,125,-38.0715
4.225,0,0,125,-38.1573
4.25,0,0,125,-38.2285
4.275,0,0,125,-38.2851
4.3,0,0,125,-38.3277
4.325,0,0,125,-38.3564
4.35,0,0,125,-38.3718
4.375,0,0,125,-38.3744
4.4,0,0,125,-38.3648
4.425,0,0,125,-38.3435
4.45,0,0,125,-38.3113
4.475,0,0,125,-38.2691
4.5,0,0,125,-38.2175
4.525,0,0,125,-38.1576
4.55,0,0,125,-38.0903
4.575,0,0,125,-38.0167
4.6,0,0,125,-37.9378
4.625,0,0,125,-37.8547
4.65,0,0,125,-37.7688
4.675,0,0,125,-37.6811
4.7,0,0,125,-37.593
4.725,0,0,125,-37.5058
4.75,0,0,125,-37.4208
4.775,0,0,125,-37.3394
4.8,0,0,125,-37.263
4.825,0,0,125,-37.1929
4.85,0,0,125,-37.1303
4.875,0,0,125,-37.0762
4.9,0,0,125,-37.0312
4.925,0,0,125,-36.9953
4.95,0,0,125,-36.9686
4.975,0,0,125,-36.9509
5,0,0,125,-36.942
