0,0,0,125,11.2591
0.025,0,0,125,11.2501
0.05,0,0,125,11.2319
0.075,0,0,125,11.204
0.1,0,0,125,11.1657
0.125,0,0,125,11.116
0.15,0,0,125,11.0545
0.175,0,0,125,10.981
0.2,0,0,125,10.8961
0.225,0,0,125,10.8007
0.25,0,0,125,10.6958
0.275,0,0,125,10.5824
0.3,0,0,125,10.4616
0.325,0,0,125,10.3341
0.35,0,0,125,10.2011
0.375,0,0,125,10.0633
0.4,0,0,125,9.92172
0.425,0,0,125,9.77703
0.45,0,0,125,9.63005
0.475,0,0,125,9.48151
0.5,0,0,125,9.33209
0.525,0,0,125,9.18244
0.55,0,0,125,9.03318
0.575,0,0,125,8.88487
0.6,0,0,125,8.73805
0.625,0,0,125,8.59319
0.65,0,0,125,8.45076
0.675,0,0,125,8.31116
0.7,0,0,125,8.17477
0.725,0,0,125,8.04194
0.75,0,0,125,7.91297
0.775,0,0,125,7.78813
0.8,0,0,125,7.66767
0.825,0,0,125,7.55181
0.85,0,0,125,7.44072
0.875,0,0,125,7.33458
0.9,0,0,125,7.2335
0.925,0,0,125,7.13762
0.95,0,0,125,7.04702
0.975,0,0,125,6.96177
1,0,0,125,6.88193
1.025,0,0,125,6.80754
1.05,0,0,125,6.73863
1.075,0,0,125,6.67521
1.1,0,0,125,6.61729
1.125,0,0,125,6.56488
1.15,0,0,125,6.51795
1.175,0,0,125,6.4765
1.2,0,0,125,6.4405
1.225,0,0,125,6.40993
1.25,0,0,125,6.38478
1.275,0,0,125,6.36501
1.3,0,0,125,6.3506
1.325,0,0,125,6.34154
1.35,0,0,125,6.33781
1.375,0,0,125,6.33939
1.4,0,0,125,6.34626
1.425,0,0,125,6.35843
1.45,0,0,125,6.37589
1.475,0,0,125,6.39865
1.5,0,0,125,6.42671
1.525,0,0,125,6.4601
1.55,0,0,125,6.49884
1.575,0,0,125,6.54296
1.6,0,0,125,6.59249
1.625,0,0,125,6.64749
1.65,0,0,125,6.708
1.675,0,0,125,6.77408
1.7,0,0,125,6.8458
1.725,0,0,125,6.92325
1.75,0,0,125,7.00649
1.775,0,0,125,7.09561
1.8,0,0,125,7.19073
1.825,0,0,125,7.29193
1.85,0,0,125,7.39933
1.875,0,0,125,7.51305
1.9,0,0,125,7.63322
1.925,0,0,125,7.75996
1.95,0,0,125,7.89342
1.975,0,0,125,8.03375
2,0,0,125,8.18108
2.025,0,0,125,8.3356
2.05,0,0,125,8.49745
2.075,0,0,125,8.66682
2.1,0,0,125,8.84387
2.125,0,0,125,9.02878
2.15,0,0,125,9.22175
2.175,0,0,125,9.42295
2.2,0,0,125,9.63256
2.225,0,0,125,9.85076
2.25,0,0,125,10.0777
2.275,0,0,125,10.3136
2.3,0,0,125,10.5585
2.325,0,0,125,10.8126
2.35,0,0,125,11.0759
2.375,0,0,125,11.3482
2.4,0,0,125,11.6296
2.425,0,0,125,11.9196
2.45,0,0,125,12.2178
2.475,0,0,125,12.5232
2.5,0,0,125,12.8346
2.525,0,0,125,13.1501
2.55,0,0,125,13.4668
2.575,0,0,125,13.7808
2.6,0,0,125,14.0863
2.625,0,0,125,14.3754
2.65,0,0,125,14.6366
2.675,0,0,125,14.854
2.7,0,0,125,15.0049
2.725,0,0,125,15.0573
2.75,0,0,125,14.9655
2.775,0,0,125,14.6643
2.8,0,0,125,14.0586
2.825,0,0,125,13.0083
2.85,0,0,125,11.303
2.875,0,0,125,8.61905
2.9,0,0,125,4.44623
2.925,0,0,125,-2.03022
2.95,0,0,125,-12.0619
2.975,0,0,125,-26.9648
3,0,0,125,-43.7677
3.025,0,0,125,-56.6819
3.05,0,0,125,-65.6378
3.075,0,0,125,-71.7519
3.1,0,0,125,-75.9083
3.125,0,0,125,-78.7274
3.15,0,0,125,-80.6366
3.175,0,0,125,-81.9282
3.2,0,0,125,-82.8013
3.225,0,0,125,-83.3912
3.25,0,0,125,-83.7897
3.275,0,0,125,-84.0588
3.3,0,0,125,-84.2405
3.325,0,0,125,-84.3632
3.35,0,0,125,-84.446
3.375,0,0,125,-84.5019
3.4,0,0,125,-84.5396
3.425,0,0,125,-84.565
3.45,0,0,125,-84.5822
3.475,0,0,125,-84.5938
3.5,0,0,125,-84.6016
3.525,0,0,125,-84.6069
3.55,0,0,125,-84.6104
3.575,0,0,125,-84.6128
3.6,0,0,125,-84.6144
3.625,0,0,125,-84.6155
3.65,0,0,125,-84.6162
3.675,0,0,125,-84.6167
3.7,0,0,125,-84.617
3.725,0,0,125,-84.6172
3.75,0,0,125,-84.6173
3.775,0,0,125,-84.6174
3.8,0,0,125,-84.6174
3.825,0,0,125,-84.6174
3.85,0,0,125,-84.6174
3.875,0,0,125,-84.6174
3.9,0,0,125,-84.6174
3.925,0,0,125,-84.6174
3.95,0,0,125,-84.6174
3.975,0,0,125,-84.6174
4,0,0,125,-84.6174
4.025,0,0,125,-84.6174
4.05,0,0,125,-84.6174
4.075,0,0,125,-84.6174
4.1,0,0,125,-84.6174
4.125,0,0,125,-84.6174
4.15,0,0,125,-84.6174
4.175,0,0,125,-84.6174
4.2,0,0,125,-84.6174
4.225,0,0,125,-84.6174
4.25,0,0,125,-84.6174
4.275,0,0,125,-84.6174
4.3,0,0,125,-84.6174
4.325,0,0,125,-84.6174
4.35,0,0,125,-84.6174
4.375,0,0,125,-84.6174
4.4,0,0,125,-84.6174
4.425,0,0,125,-84.6174
4.45,0,0,125,-84.6174
4.475,0,0,125,-84.6174
4.5,0,0,125,-84.6174
4.525,0,0,125,-84.6174
4.55,0,0,125,-84.6174
4.575,0,0,125,-84.6174
4.6,0,0,125,-84.6174
4.625,0,0,125,-84.6174
4.65,0,0,125,-84.6174
4.675,0,0,125,-84.6174
4.7,0,0,125,-84.6174
4.725,0,0,125,-84.6174
4.75,0,0,125,-84.6174
4.775,0,0,125,-84.6174
4.8,0,0,125,-84.6174
4.825,0,0,125,-84.6174
4.85,0,0,125,-84.6174
4.875,0,0,125,-84.6174
4.9,0,0,125,-84.6174
4.925,0,0,125,-84.6174
4.95,0,0,125,-84.6174
4.975,0,0,125,-84.6174
5,0,0,125,-84.6174
