0,0,0,125,-84.0804
0.025,0,0,125,-84.0805
0.05,0,0,125,-84.0808
0.075,0,0,125,-84.0812
0.1,0,0,125,-84.0817
0.125,0,0,125,-84.0823
0.15,0,0,125,-84.083
0.175,0,0,125,-84.0837
0.2,0,0,125,-84.0844
0.225,0,0,125,-84.0851
0.25,0,0,125,-84.0858
0.275,0,0,125,-84.0866
0.3,0,0,125,-84.0873
0.325,0,0,125,-84.0881
0.35,0,0,125,-84.0888
0.375,0,0,125,-84.0896
0.4,0,0,125,-84.0903
0.425,0,0,125,-84.091
0.45,0,0,125,-84.0917
0.475,0,0,125,-84.0923
0.5,0,0,125,-84.093
0.525,0,0,125,-84.0936
0.55,0,0,125,-84.0942
0.575,0,0,125,-84.0949
0.6,0,0,125,-84.0954
0.625,0,0,125,-84.096
0.65,0,0,125,-84.0966
0.675,0,0,125,-84.0971
0.7,0,0,125,-84.0977
0.725,0,0,125,-84.0983
0.75,0,0,125,-84.0989
0.775,0,0,125,-84.0995
0.8,0,0,125,-84.1001
0.825,0,0,125,-84.1008
0.85,0,0,125,-84.1014
0.875,0,0,125,-84.102
0.9,0,0,125,-84.1027
0.925,0,0,125,-84.1034
0.95,0,0,125,-84.104
0.975,0,0,125,-84.1047
1,0,0,125,-84.1054
1.025,0,0,125,-84.1061
1.05,0,0,125,-84.1068
1.075,0,0,125,-84.1076
1.1,0,0,125,-84.1083
1.125,0,0,125,-84.109
1.15,0,0,125,-84.1098
1.175,0,0,125,-84.1105
1.2,0,0,125,-84.1113
1.225,0,0,125,-84.1121
1.25,0,0,125,-84.1129
1.275,0,0,125,-84.1136
1.3,0,0,125,-84.1144
1.325,0,0,125,-84.1152
1.35,0,0,125,-84.116
1.375,0,0,125,-84.1168
1.4,0,0,125,-84.1177
1.425,0,0,125,-84.1185
1.45,0,0,125,-84.1194
1.475,0,0,125,-84.1203
1.5,0,0,125,-84.1212
1.525,0,0,125,-84.1221
1.55,0,0,125,-84.1231
1.575,0,0,125,-84.124
1.6,0,0,125,-84.125
1.625,0,0,125,-84.126
1.65,0,0,125,-84.127
1.675,0,0,125,-84.1281
1.7,0,0,125,-84.1292
1.725,0,0,125,-84.1303
1.75,0,0,125,-84.1315
1.775,0,0,125,-84.1327
1.8,0,0,125,-84.1338
1.825,0,0,125,-84.135
1.85,0,0,125,-84.1362
1.875,0,0,125,-84.1375
1.9,0,0,125,-84.1387
1.925,0,0,125,-84.14
1.95,0,0,125,-84.1413
1.975,0,0,125,-84.1426
2,0,0,125,-84.144
2.025,0,0,125,-84.1455
2.05,0,0,125,-84.1469
2.075,0,0,125,-84.1484
2.1,0,0,125,-84.15
2.125,0,0,125,-84.1515
2.15,0,0,125,-84.1532
2.175,0,0,125,-84.1548
2.2,0,0,125,-84.1565
2.225,0,0,125,-84.1582
2.25,0,0,125,-84.16
2.275,0,0,125,-84.1618
2.3,0,0,125,-84.1636
2.325,0,0,125,-84.1655
2.35,0,0,125,-84.1674
2.375,0,0,125,-84.1694
2.4,0,0,125,-84.1714
2.425,0,0,125,-84.1734
2.45,0,0,125,-84.1754
2.475,0,0,125,-84.1775
2.5,0,0,125,-84.1797
2.525,0,0,125,-84.1818
2.55,0,0,125,-84.184
2.575,0,0,125,-84.1863
2.6,0,0,125,-84.1885
2.625,0,0,125,-84.1908
2.65,0,0,125,-84.1932
2.675,0,0,125,-84.1956
2.7,0,0,125,-84.198
2.725,0,0,125,-84.2004
2.75,0,0,125,-84.2029
2.775,0,0,125,-84.2054
2.8,0,0,125,-84.208
2.825,0,0,125,-84.2106
2.85,0,0,125,-84.2132
2.875,0,0,125,-84.2158
2.9,0,0,125,-84.2184
2.925,0,0,125,-84.2211
2.95,0,0,125,-84.2238
2.975,0,0,125,-84.2264
3,0,0,125,-84.2291
3.025,0,0,125,-84.2317
3.05,0,0,125,-84.2343
3.075,0,0,125,-84.237
3.1,0,0,125,-84.2396
3.125,0,0,125,-84.2422
3.15,0,0,125,-84.2448
3.175,0,0,125,-84.2473
3.2,0,0,125,-84.2499
3.225,0,0,125,-84.2524
3.25,0,0,125,-84.255
3.275,0,0,125,-84.2575
3.3,0,0,125,-84.26
3.325,0,0,125,-84.2625
3.35,0,0,125,-84.2649
3.375,0,0,125,-84.2673
3.4,0,0,125,-84.2697
3.425,0,0,125,-84.272
3.45,0,0,125,-84.2743
3.475,0,0,125,-84.2765
3.5,0,0,125,-84.2787
3.525,0,0,125,-84.2809
3.55,0,0,125,-84.283
3.575,0,0,125,-84.2851
3.6,0,0,125,-84.2872
3.625,0,0,125,-84.2892
3.65,0,0,125,-84.2911
3.675,0,0,125,-84.2931
3.7,0,0,125,-84.295
3.725,0,0,125,-84.2968
3.75,0,0,125,-84.2987
3.775,0,0,125,-84.3005
3.8,0,0,125,-84.3022
3.825,0,0,125,-84.3039
3.85,0,0,125,-84.3056
3.875,0,0,125,-84.3072
3.9,0,0,125,-84.3087
3.925,0,0,125,-84.3102
3.95,0,0,125,-84.3117
3.975,0,0,125,-84.3131
4,0,0,125,-84.3144
4.025,0,0,125,-84.3157
4.05,0,0,125,-84.3169
4.075,0,0,125,-84.3181
4.1,0,0,125,-84.3192
4.125,0,0,125,-84.3203
4.15,0,0,125,-84.3213
4.175,0,0,125,-84.3223
4.2,0,0,125,-84.3232
4.225,0,0,125,-84.3241
4.25,0,0,125,-84.3249
4.275,0,0,125,-84.3257
4.3,0,0,125,-84.3264
4.325,0,0,125,-84.3271
4.35,0,0,125,-84.3278
4.375,0,0,125,-84.3284
4.4,0,0,125,-84.329
4.425,0,0,125,-84.3295
4.45,0,0,125,-84.3301
4.475,0,0,125,-84.3306
4.5,0,0,125,-84.331
4.525,0,0,125,-84.3314
4.55,0,0,125,-84.3318
4.575,0,0,125,-84.3321
4.6,0,0,125,-84.3324
4.625,0,0,125,-84.3327
4.65,0,0,125,-84.3329
4.675,0,0,125,-84.3331
4.7,0,0,125,-84.3333
4.725,0,0,125,-84.3334
4.75,0,0,125,-84.3335
4.775,0,0,125,-84.3336
4.8,0,0,125,-84.3337
4.825,0,0,125,-84.3338
4.85,0,0,125,-84.3339
4.875,0,0,125,-84.3339
4.9,0,0,125,-84.334
4.925,0,0,125,-84.334
4.95,0,0,125,-84.334
4.975,0,0,125,-84.3341
5,0,0,125,-84.3341
