0,0,0,125,-84.4539
0.025,0,0,125,-84.4539
0.05,0,0,125,-84.454
0.075,0,0,125,-84.4541
0.1,0,0,125,-84.4543
0.125,0,0,125,-84.4544
0.15,0,0,125,-84.4546
0.175,0,0,125,-84.4547
0.2,0,0,125,-84.4549
0.225,0,0,125,-84.4551
0.25,0,0,125,-84.4553
0.275,0,0,125,-84.4555
0.3,0,0,125,-84.4557
0.325,0,0,125,-84.4559
0.35,0,0,125,-84.4561
0.375,0,0,125,-84.4563
0.4,0,0,125,-84.4565
0.425,0,0,125,-84.4567
0.45,0,0,125,-84.4568
0.475,0,0,125,-84.457
0.5,0,0,125,-84.4572
0.525,0,0,125,-84.4573
0.55,0,0,125,-84.4575
0.575,0,0,125,-84.4576
0.6,0,0,125,-84.4578
0.625,0,0,125,-84.4579
0.65,0,0,125,-84.458
0.675,0,0,125,-84.4582
0.7,0,0,125,-84.4583
0.725,0,0,125,-84.4585
0.75,0,0,125,-84.4586
0.775,0,0,125,-84.4587
0.8,0,0,125,-84.4589
0.825,0,0,125,-84.459
0.85,0,0,125,-84.4591
0.875,0,0,125,-84.4593
0.9,0,0,125,-84.4594
0.925,0,0,125,-84.4596
0.95,0,0,125,-84.4597
0.975,0,0,125,-84.4599
1,0,0,125,-84.46
1.025,0,0,125,-84.4602
1.05,0,0,125,-84.4603
1.075,0,0,125,-84.4605
1.1,0,0,125,-84.4606
1.125,0,0,125,-84.4608
1.15,0,0,125,-84.4609
1.175,0,0,125,-84.4611
1.2,0,0,125,-84.4613
1.225,0,0,125,-84.4615
1.25,0,0,125,-84.4616
1.275,0,0,125,-84.4618
1.3,0,0,125,-84.462
1.325,0,0,125,-84.4622
1.35,0,0,125,-84.4624
1.375,0,0,125,-84.4625
1.4,0,0,125,-84.4627
1.425,0,0,125,-84.4629
1.45,0,0,125,-84.4631
1.475,0,0,125,-84.4633
1.5,0,0,125,-84.4636
1.525,0,0,125,-84.4638
1.55,0,0,125,-84.464
1.575,0,0,125,-84.4642
1.6,0,0,125,-84.4644
1.625,0,0,125,-84.4647
1.65,0,0,125,-84.4649
1.675,0,0,125,-84.4651
1.7,0,0,125,-84.4654
1.725,0,0,125,-84.4656
1.75,0,0,125,-84.4659
1.775,0,0,125,-84.4661
1.8,0,0,125,-84.4664
1.825,0,0,125,-84.4667
1.85,0,0,125,-84.467
1.875,0,0,125,-84.4673
1.9,0,0,125,-84.4676
1.925,0,0,125,-84.4679
1.95,0,0,125,-84.4682
1.975,0,0,125,-84.4685
2,0,0,125,-84.4689
2.025,0,0,125,-84.4692
2.05,0,0,125,-84.4696
2.075,0,0,125,-84.47
2.1,0,0,125,-84.4704
2.125,0,0,125,-84.4708
2.15,0,0,125,-84.4711
2.175,0,0,125,-84.4716
2.2,0,0,125,-84.472
2.225,0,0,125,-84.4724
2.25,0,0,125,-84.4729
2.275,0,0,125,-84.4733
2.3,0,0,125,-84.4738
2.325,0,0,125,-84.4742
2.35,0,0,125,-84.4747
2.375,0,0,125,-84.4752
2.4,0,0,125,-84.4757
2.425,0,0,125,-84.4762
2.45,0,0,125,-84.4767
2.475,0,0,125,-84.4772
2.5,0,0,125,-84.4778
2.525,0,0,125,-84.4783
2.55,0,0,125,-84.4789
2.575,0,0,125,-84.4794
2.6,0,0,125,-84.48
2.625,0,0,125,-84.4806
2.65,0,0,125,-84.4812
2.675,0,0,125,-84.4818
2.7,0,0,125,-84.4824
2.725,0,0,125,-84.483
2.75,0,0,125,-84.4836
2.775,0,0,125,-84.4843
2.8,0,0,125,-84.4849
2.825,0,0,125,-84.4856
2.85,0,0,125,-84.4863
2.875,0,0,125,-84.4869
2.9,0,0,125,-84.4876
2.925,0,0,125,-84.4883
2.95,0,0,125,-84.489
2.975,0,0,125,-84.4897
3,0,0,125,-84.4905
3.025,0,0,125,-84.4912
3.05,0,0,125,-84.4919
3.075,0,0,125,-84.4926
3.1,0,0,125,-84.4933
3.125,0,0,125,-84.494
3.15,0,0,125,-84.4946
3.175,0,0,125,-84.4953
3.2,0,0,125,-84.4959
3.225,0,0,125,-84.4966
3.25,0,0,125,-84.4972
3.275,0,0,125,-84.4978
3.3,0,0,125,-84.4985
3.325,0,0,125,-84.4991
3.35,0,0,125,-84.4997
3.375,0,0,125,-84.5002
3.4,0,0,125,-84.5008
3.425,0,0,125,-84.5014
3.45,0,0,125,-84.5019
3.475,0,0,125,-84.5025
3.5,0,0,125,-84.503
3.525,0,0,125,-84.5035
3.55,0,0,125,-84.5041
3.575,0,0,125,-84.5046
3.6,0,0,125,-84.5051
3.625,0,0,125,-84.5056
3.65,0,0,125,-84.506
3.675,0,0,125,-84.5065
3.7,0,0,125,-84.507
3.725,0,0,125,-84.5074
3.75,0,0,125,-84.5078
3.775,0,0,125,-84.5083
3.8,0,0,125,-84.5087
3.825,0,0,125,-84.5091
3.85,0,0,125,-84.5095
3.875,0,0,125,-84.5099
3.9,0,0,125,-84.5103
3.925,0,0,125,-84.5107
3.95,0,0,125,-84.511
3.975,0,0,125,-84.5114
4,0,0,125,-84.5117
4.025,0,0,125,-84.5121
4.05,0,0,125,-84.5124
4.075,0,0,125,-84.5127
4.1,0,0,125,-84.513
4.125,0,0,125,-84.5133
4.15,0,0,125,-84.5136
4.175,0,0,125,-84.5138
4.2,0,0,125,-84.5141
4.225,0,0,125,-84.5143
4.25,0,0,125,-84.5146
4.275,0,0,125,-84.5148
4.3,0,0,125,-84.515
4.325,0,0,125,-84.5152
4.35,0,0,125,-84.5154
4.375,0,0,125,-84.5156
4.4,0,0,125,-84.5158
4.425,0,0,125,-84.516
4.45,0,0,125,-84.5161
4.475,0,0,125,-84.5163
4.5,0,0,125,-84.5164
4.525,0,0,125,-84.5166
4.55,0,0,125,-84.5167
4.575,0,0,125,-84.5168
4.6,0,0,125,-84.5169
4.625,0,0,125,-84.517
4.65,0,0,125,-84.517
4.675,0,0,125,-84.5171
4.7,0,0,125,-84.5172
4.725,0,0,125,-84.5172
4.75,0,0,125,-84.5173
4.775,0,0,125,-84.5173
4.8,0,0,125,-84.5173
4.825,0,0,125,-84.5173
4.85,0,0,125,-84.5173
4.875,0,0,125,-84.5173
4.9,0,0,125,-84.5173
4.925,0,0,125,-84.5172
4.95,0,0,125,-84.5172
4.975,0,0,125,-84.5172
5,0,0,125,-84.5172
