0,0,0,125,-67.2386
0.025,0,0,125,-67.2541
0.05,0,0,125,-67.285
0.075,0,0,125,-67.3314
0.1,0,0,125,-67.393
0.125,0,0,125,-67.4698
0.15,0,0,125,-67.5616
0.175,0,0,125,-67.6681
0.2,0,0,125,-67.7892
0.225,0,0,125,-67.9243
0.25,0,0,125,-68.0733
0.275,0,0,125,-68.2355
0.3,0,0,125,-68.4107
0.325,0,0,125,-68.5982
0.35,0,0,125,-68.7976
0.375,0,0,125,-69.0083
0.4,0,0,125,-69.2297
0.425,0,0,125,-69.4612
0.45,0,0,125,-69.7021
0.475,0,0,125,-69.9519
0.5,0,0,125,-70.2098
0.525,0,0,125,-70.4751
0.55,0,0,125,-70.7472
0.575,0,0,125,-71.0253
0.6,0,0,125,-71.3088
0.625,0,0,125,-71.5968
0.65,0,0,125,-71.8888
0.675,0,0,125,-72.1839
0.7,0,0,125,-72.4815
0.725,0,0,125,-72.7809
0.75,0,0,125,-73.0815
0.775,0,0,125,-73.3824
0.8,0,0,125,-73.6832
0.825,0,0,125,-73.9831
0.85,0,0,125,-74.2816
0.875,0,0,125,-74.578
0.9,0,0,125,-74.8719
0.925,0,0,125,-75.1627
0.95,0,0,125,-75.4499
0.975,0,0,125,-75.7331
1,0,0,125,-76.0118
1.025,0,0,125,-76.2856
1.05,0,0,125,-76.5541
1.075,0,0,125,-76.8171
1.1,0,0,125,-77.0742
1.125,0,0,125,-77.3252
1.15,0,0,125,-77.5698
1.175,0,0,125,-77.8079
1.2,0,0,125,-78.0393
1.225,0,0,125,-78.2638
1.25,0,0,125,-78.4813
1.275,0,0,125,-78.6919
1.3,0,0,125,-78.8954
1.325,0,0,125,-79.0918
1.35,0,0,125,-79.2812
1.375,0,0,125,-79.4635
1.4,0,0,125,-79.6388
1.425,0,0,125,-79.8072
1.45,0,0,125,-79.9688
1.475,0,0,125,-80.1237
1.5,0,0,125,-80.2719
1.525,0,0,125,-80.4138
1.55,0,0,125,-80.5493
1.575,0,0,125,-80.6787
1.6,0,0,125,-80.8021
1.625,0,0,125,-80.9197
1.65,0,0,125,-81.0317
1.675,0,0,125,-81.1383
1.7,0,0,125,-81.2396
1.725,0,0,125,-81.3358
1.75,0,0,125,-81.4273
1.775,0,0,125,-81.514
1.8,0,0,125,-81.5963
1.825,0,0,125,-81.6743
1.85,0,0,125,-81.7482
1.875,0,0,125,-81.8183
1.9,0,0,125,-81.8846
1.925,0,0,125,-81.9474
1.95,0,0,125,-82.0069
1.975,0,0,125,-82.0632
2,0,0,125,-82.1164
2.025,0,0,125,-82.1668
2.05,0,0,125,-82.2146
2.075,0,0,125,-82.2598
2.1,0,0,125,-82.3026
2.125,0,0,125,-82.3431
2.15,0,0,125,-82.3815
2.175,0,0,125,-82.4179
2.2,0,0,125,-82.4524
2.225,0,0,125,-82.4852
2.25,0,0,125,-82.5163
2.275,0,0,125,-82.5459
2.3,0,0,125,-82.574
2.325,0,0,125,-82.6008
2.35,0,0,125,-82.6263
2.375,0,0,125,-82.6506
2.4,0,0,125,-82.6738
2.425,0,0,125,-82.696
2.45,0,0,125,-82.7172
2.475,0,0,125,-82.7374
2.5,0,0,125,-82.7569
2.525,0,0,125,-82.7755
2.55,0,0,125,-82.7934
2.575,0,0,125,-82.8106
2.6,0,0,125,-82.8272
2.625,0,0,125,-82.8431
2.65,0,0,125,-82.8584
2.675,0,0,125,-82.8733
2.7,0,0,125,-82.8876
2.725,0,0,125,-82.9014
2.75,0,0,125,-82.9148
2.775,0,0,125,-82.9278
2.8,0,0,125,-82.9403
2.825,0,0,125,-82.9525
2.85,0,0,125,-82.9643
2.875,0,0,125,-82.9758
2.9,0,0,125,-82.987
2.925,0,0,125,-82.9978
2.95,0,0,125,-83.0083
2.975,0,0,125,-83.0185
3,0,0,125,-83.0285
3.025,0,0,125,-83.0382
3.05,0,0,125,-83.0476
3.075,0,0,125,-83.0568
3.1,0,0,125,-83.0657
3.125,0,0,125,-83.0744
3.15,0,0,125,-83.0828
3.175,0,0,125,-83.091
3.2,0,0,125,-83.099
3.225,0,0,125,-83.1067
3.25,0,0,125,-83.1143
3.275,0,0,125,-83.1216
3.3,0,0,125,-83.1287
3.325,0,0,125,-83.1356
3.35,0,0,125,-83.1423
3.375,0,0,125,-83.1488
3.4,0,0,125,-83.155
3.425,0,0,125,-83.1611
3.45,0,0,125,-83.167
3.475,0,0,125,-83.1726
3.5,0,0,125,-83.1781
3.525,0,0,125,-83.1834
3.55,0,0,125,-83.1885
3.575,0,0,125,-83.1934
3.6,0,0,125,-83.1981
3.625,0,0,125,-83.2026
3.65,0,0,125,-83.2069
3.675,0,0,125,-83.211
3.7,0,0,125,-83.2149
3.725,0,0,125,-83.2186
3.75,0,0,125,-83.2221
3.775,0,0,125,-83.2254
3.8,0,0,125,-83.2285
3.825,0,0,125,-83.2315
3.85,0,0,125,-83.2342
3.875,0,0,125,-83.2368
3.9,0,0,125,-83.2392
3.925,0,0,125,-83.2413
3.95,0,0,125,-83.2433
3.975,0,0,125,-83.2451
4,0,0,125,-83.2467
4.025,0,0,125,-83.2482
4.05,0,0,125,-83.2494
4.075,0,0,125,-83.2504
4.1,0,0,125,-83.2513
4.125,0,0,125,-83.2519
4.15,0,0,125,-83.2524
4.175,0,0,125,-83.2527
4.2,0,0,125,-83.2529
4.225,0,0,125,-83.2529
4.25,0,0,125,-83.2527
4.275,0,0,125,-83.2524
4.3,0,0,125,-83.2519
4.325,0,0,125,-83.2512
4.35,0,0,125,-83.2504
4.375,0,0,125,-83.2494
4.4,0,0,125,-83.2483
4.425,0,0,125,-83.247
4.45,0,0,125,-83.2456
4.475,0,0,125,-83.2441
4.5,0,0,125,-83.2424
4.525,0,0,125,-83.2407
4.55,0,0,125,-83.2388
4.575,0,0,125,-83.2368
4.6,0,0,125,-83.2348
4.625,0,0,125,-83.2326
4.65,0,0,125,-83.2304
4.675,0,0,125,-83.2281
4.7,0,0,125,-83.2258
4.725,0,0,125,-83.2235
4.75,0,0,125,-83.2211
4.775,0,0,125,-83.2187
4.8,0,0,125,-83.2164
4.825,0,0,125,-83.2141
4.85,0,0,125,-83.2119
4.875,0,0,125,-83.2098
4.9,0,0,125,-83.2079
4.925,0,0,125,-83.2062
4.95,0,0,125,-83.2049
4.975,0,0,125,-83.204
5,0,0,125,-83.2035
