0,0,0,125,-0.890655
0.025,0,0,125,-0.893991
0.05,0,0,125,-0.900686
0.075,0,0,125,-0.910771
0.1,0,0,125,-0.924317
0.125,0,0,125,-0.941421
0.15,0,0,125,-0.962181
0.175,0,0,125,-0.986665
0.2,0,0,125,-1.01488
0.225,0,0,125,-1.04679
0.25,0,0,125,-1.08233
0.275,0,0,125,-1.12146
0.3,0,0,125,-1.16408
0.325,0,0,125,-1.21013
0.35,0,0,125,-1.25951
0.375,0,0,125,-1.31215
0.4,0,0,125,-1.36795
0.425,0,0,125,-1.42685
0.45,0,0,125,-1.48876
0.475,0,0,125,-1.5536
0.5,0,0,125,-1.62131
0.525,0,0,125,-1.69181
0.55,0,0,125,-1.76505
0.575,0,0,125,-1.84095
0.6,0,0,125,-1.91948
0.625,0,0,125,-2.00058
0.65,0,0,125,-2.08421
0.675,0,0,125,-2.17033
0.7,0,0,125,-2.2589
0.725,0,0,125,-2.34991
0.75,0,0,125,-2.44331
0.775,0,0,125,-2.53911
0.8,0,0,125,-2.63729
0.825,0,0,125,-2.73783
0.85,0,0,125,-2.84074
0.875,0,0,125,-2.94601
0.9,0,0,125,-3.05367
0.925,0,0,125,-3.16371
0.95,0,0,125,-3.27615
0.975,0,0,125,-3.39103
1,0,0,125,-3.50835
1.025,0,0,125,-3.62816
1.05,0,0,125,-3.75049
1.075,0,0,125,-3.87538
1.1,0,0,125,-4.00288
1.125,0,0,125,-4.13303
1.15,0,0,125,-4.26589
1.175,0,0,125,-4.40151
1.2,0,0,125,-4.53996
1.225,0,0,125,-4.68131
1.25,0,0,125,-4.82563
1.275,0,0,125,-4.97299
1.3,0,0,125,-5.12348
1.325,0,0,125,-5.27718
1.35,0,0,125,-5.43417
1.375,0,0,125,-5.59455
1.4,0,0,125,-5.75843
1.425,0,0,125,-5.9259
1.45,0,0,125,-6.09706
1.475,0,0,125,-6.27204
1.5,0,0,125,-6.45094
1.525,0,0,125,-6.63388
1.55,0,0,125,-6.821
1.575,0,0,125,-7.01241
1.6,0,0,125,-7.20825
1.625,0,0,125,-7.40866
1.65,0,0,125,-7.61377
1.675,0,0,125,-7.82373
1.7,0,0,125,-8.0387
1.725,0,0,125,-8.25882
1.75,0,0,125,-8.48424
1.775,0,0,125,-8.71514
1.8,0,0,125,-8.95166
1.825,0,0,125,-9.19398
1.85,0,0,125,-9.44227
1.875,0,0,125,-9.6967
1.9,0,0,125,-9.95743
1.925,0,0,125,-10.2247
1.95,0,0,125,-10.4985
1.975,0,0,125,-10.7793
2,0,0,125,-11.067
2.025,0,0,125,-11.362
2.05,0,0,125,-11.6643
2.075,0,0,125,-11.9742
2.1,0,0,125,-12.2918
2.125,0,0,125,-12.6174
2.15,0,0,125,-12.951
2.175,0,0,125,-13.2929
2.2,0,0,125,-13.6431
2.225,0,0,125,-14.002
2.25,0,0,125,-14.3696
2.275,0,0,125,-14.7461
2.3,0,0,125,-15.1316
2.325,0,0,125,-15.5262
2.35,0,0,125,-15.9302
2.375,0,0,125,-16.3435
2.4,0,0,125,-16.7662
2.425,0,0,125,-17.1986
2.45,0,0,125,-17.6406
2.475,0,0,125,-18.0924
2.5,0,0,125,-18.5538
2.525,0,0,125,-19.0251
2.55,0,0,125,-19.5062
2.575,0,0,125,-19.9972
2.6,0,0,125,-20.4979
2.625,0,0,125,-21.0084
2.65,0,0,125,-21.5287
2.675,0,0,125,-22.0586
2.7,0,0,125,-22.5981
2.725,0,0,125,-23.1472
2.75,0,0,125,-23.7056
2.775,0,0,125,-24.2733
2.8,0,0,125,-24.8502
2.825,0,0,125,-25.4361
2.85,0,0,125,-26.0308
2.875,0,0,125,-26.6342
2.9,0,0,125,-27.246
2.925,0,0,125,-27.8662
2.95,0,0,125,-28.4943
2.975,0,0,125,-29.1304
3,0,0,125,-29.774
3.025,0,0,125,-30.4249
3.05,0,0,125,-31.0829
3.075,0,0,125,-31.7476
3.1,0,0,125,-32.4187
3.125,0,0,125,-33.0959
3.15,0,0,125,-33.7788
3.175,0,0,125,-34.4669
3.2,0,0,125,-35.1599
3.225,0,0,125,-35.8571
3.25,0,0,125,-36.5581
3.275,0,0,125,-37.2622
3.3,0,0,125,-37.9689
3.325,0,0,125,-38.6774
3.35,0,0,125,-39.387
3.375,0,0,125,-40.0969
3.4,0,0,125,-40.8063
3.425,0,0,125,-41.5143
3.45,0,0,125,-42.22
3.475,0,0,125,-42.9225
3.5,0,0,125,-43.6208
3.525,0,0,125,-44.3139
3.55,0,0,125,-45.0008
3.575,0,0,125,-45.6804
3.6,0,0,125,-46.3518
3.625,0,0,125,-47.0139
3.65,0,0,125,-47.6657
3.675,0,0,125,-48.3062
3.7,0,0,125,-48.9344
3.725,0,0,125,-49.5495
3.75,0,0,125,-50.1505
3.775,0,0,125,-50.7366
3.8,0,0,125,-51.307
3.825,0,0,125,-51.8609
3.85,0,0,125,-52.3976
3.875,0,0,125,-52.9166
3.9,0,0,125,-53.4172
3.925,0,0,125,-53.899
3.95,0,0,125,-54.3615
3.975,0,0,125,-54.8044
4,0,0,125,-55.2274
4.025,0,0,125,-55.6303
4.05,0,0,125,-56.0129
4.075,0,0,125,-56.3751
4.1,0,0,125,-56.7169
4.125,0,0,125,-57.0384
4.15,0,0,125,-57.3397
4.175,0,0,125,-57.621
4.2,0,0,125,-57.8825
4.225,0,0,125,-58.1244
4.25,0,0,125,-58.3473
4.275,0,0,125,-58.5514
4.3,0,0,125,-58.7372
4.325,0,0,125,-58.9054
4.35,0,0,125,-59.0564
4.375,0,0,125,-59.1909
4.4,0,0,125,-59.3095
4.425,0,0,125,-59.413
4.45,0,0,125,-59.5021
4.475,0,0,125,-59.5776
4.5,0,0,125,-59.6404
4.525,0,0,125,-59.6913
4.55,0,0,125,-59.7313
4.575,0,0,125,-59.7613
4.6,0,0,125,-59.7822
4.625,0,0,125,-59.7951
4.65,0,0,125,-59.8009
4.675,0,0,125,-59.8006
4.7,0,0,125,-59.7954
4.725,0,0,125,-59.7861
4.75,0,0,125,-59.7739
4.775,0,0,125,-59.7598
4.8,0,0,125,-59.7447
4.825,0,0,125,-59.7295
4.85,0,0,125,-59.7151
4.875,0,0,125,-59.7022
4.9,0,0,125,-59.6913
4.925,0,0,125,-59.6825
4.95,0,0,125,-59.6758
4.975,0,0,125,-59.6714
5,0,0,125,-59.6692
