0,0,0,125,-84.4687
0.025,0,0,125,-84.4687
0.05,0,0,125,-84.4688
0.075,0,0,125,-84.4689
0.1,0,0,125,-84.469
0.125,0,0,125,-84.4692
0.15,0,0,125,-84.4693
0.175,0,0,125,-84.4694
0.2,0,0,125,-84.4696
0.225,0,0,125,-84.4698
0.25,0,0,125,-84.4699
0.275,0,0,125,-84.4701
0.3,0,0,125,-84.4703
0.325,0,0,125,-84.4705
0.35,0,0,125,-84.4707
0.375,0,0,125,-84.4708
0.4,0,0,125,-84.471
0.425,0,0,125,-84.4712
0.45,0,0,125,-84.4713
0.475,0,0,125,-84.4714
0.5,0,0,125,-84.4716
0.525,0,0,125,-84.4717
0.55,0,0,125,-84.4719
0.575,0,0,125,-84.472
0.6,0,0,125,-84.4721
0.625,0,0,125,-84.4722
0.65,0,0,125,-84.4724
0.675,0,0,125,-84.4725
0.7,0,0,125,-84.4726
0.725,0,0,125,-84.4727
0.75,0,0,125,-84.4728
0.775,0,0,125,-84.473
0.8,0,0,125,-84.4731
0.825,0,0,125,-84.4732
0.85,0,0,125,-84.4733
0.875,0,0,125,-84.4734
0.9,0,0,125,-84.4736
0.925,0,0,125,-84.4737
0.95,0,0,125,-84.4738
0.975,0,0,125,-84.4739
1,0,0,125,-84.4741
1.025,0,0,125,-84.4742
1.05,0,0,125,-84.4743
1.075,0,0,125,-84.4745
1.1,0,0,125,-84.4746
1.125,0,0,125,-84.4748
1.15,0,0,125,-84.4749
1.175,0,0,125,-84.475
1.2,0,0,125,-84.4752
1.225,0,0,125,-84.4753
1.25,0,0,125,-84.4755
1.275,0,0,125,-84.4756
1.3,0,0,125,-84.4758
1.325,0,0,125,-84.476
1.35,0,0,125,-84.4761
1.375,0,0,125,-84.4763
1.4,0,0,125,-84.4765
1.425,0,0,125,-84.4766
1.45,0,0,125,-84.4768
1.475,0,0,125,-84.477
1.5,0,0,125,-84.4772
1.525,0,0,125,-84.4774
1.55,0,0,125,-84.4775
1.575,0,0,125,-84.4777
1.6,0,0,125,-84.4779
1.625,0,0,125,-84.4781
1.65,0,0,125,-84.4783
1.675,0,0,125,-84.4786
1.7,0,0,125,-84.4788
1.725,0,0,125,-84.479
1.75,0,0,125,-84.4792
1.775,0,0,125,-84.4794
1.8,0,0,125,-84.4797
1.825,0,0,125,-84.4799
1.85,0,0,125,-84.4802
1.875,0,0,125,-84.4805
1.9,0,0,125,-84.4808
1.925,0,0,125,-84.4811
1.95,0,0,125,-84.4814
1.975,0,0,125,-84.4817
2,0,0,125,-84.482
2.025,0,0,125,-84.4823
2.05,0,0,125,-84.4827
2.075,0,0,125,-84.483
2.1,0,0,125,-84.4834
2.125,0,0,125,-84.4837
2.15,0,0,125,-84.4841
2.175,0,0,125,-84.4845
2.2,0,0,125,-84.4849
2.225,0,0,125,-84.4853
2.25,0,0,125,-84.4857
2.275,0,0,125,-84.4862
2.3,0,0,125,-84.4866
2.325,0,0,125,-84.487
2.35,0,0,125,-84.4875
2.375,0,0,125,-84.488
2.4,0,0,125,-84.4884
2.425,0,0,125,-84.4889
2.45,0,0,125,-84.4894
2.475,0,0,125,-84.4899
2.5,0,0,125,-84.4904
2.525,0,0,125,-84.4909
2.55,0,0,125,-84.4915
2.575,0,0,125,-84.492
2.6,0,0,125,-84.4926
2.625,0,0,125,-84.4931
2.65,0,0,125,-84.4937
2.675,0,0,125,-84.4943
2.7,0,0,125,-84.4949
2.725,0,0,125,-84.4955
2.75,0,0,125,-84.4961
2.775,0,0,125,-84.4967
2.8,0,0,125,-84.4973
2.825,0,0,125,-84.4979
2.85,0,0,125,-84.4986
2.875,0,0,125,-84.4992
2.9,0,0,125,-84.4999
2.925,0,0,125,-84.5005
2.95,0,0,125,-84.5012
2.975,0,0,125,-84.5018
3,0,0,125,-84.5024
3.025,0,0,125,-84.5031
3.05,0,0,125,-84.5037
3.075,0,0,125,-84.5043
3.1,0,0,125,-84.5049
3.125,0,0,125,-84.5054
3.15,0,0,125,-84.506
3.175,0,0,125,-84.5066
3.2,0,0,125,-84.5072
3.225,0,0,125,-84.5078
3.25,0,0,125,-84.5083
3.275,0,0,125,-84.5089
3.3,0,0,125,-84.5095
3.325,0,0,125,-84.51
3.35,0,0,125,-84.5105
3.375,0,0,125,-84.511
3.4,0,0,125,-84.5116
3.425,0,0,125,-84.5121
3.45,0,0,125,-84.5125
3.475,0,0,125,-84.513
3.5,0,0,125,-84.5135
3.525,0,0,125,-84.514
3.55,0,0,125,-84.5144
3.575,0,0,125,-84.5149
3.6,0,0,125,-84.5153
3.625,0,0,125,-84.5157
3.65,0,0,125,-84.5161
3.675,0,0,125,-84.5165
3.7,0,0,125,-84.5169
3.725,0,0,125,-84.5173
3.75,0,0,125,-84.5177
3.775,0,0,125,-84.518
3.8,0,0,125,-84.5184
3.825,0,0,125,-84.5187
3.85,0,0,125,-84.519
3.875,0,0,125,-84.5194
3.9,0,0,125,-84.5197
3.925,0,0,125,-84.52
3.95,0,0,125,-84.5203
3.975,0,0,125,-84.5205
4,0,0,125,-84.5208
4.025,0,0,125,-84.5211
4.05,0,0,125,-84.5213
4.075,0,0,125,-84.5216
4.1,0,0,125,-84.5218
4.125,0,0,125,-84.522
4.15,0,0,125,-84.5222
4.175,0,0,125,-84.5224
4.2,0,0,125,-84.5226
4.225,0,0,125,-84.5228
4.25,0,0,125,-84.5229
4.275,0,0,125,-84.5231
4.3,0,0,125,-84.5232
4.325,0,0,125,-84.5234
4.35,0,0,125,-84.5235
4.375,0,0,125,-84.5236
4.4,0,0,125,-84.5237
4.425,0,0,125,-84.5238
4.45,0,0,125,-84.5239
4.475,0,0,125,-84.524
4.5,0,0,125,-84.5241
4.525,0,0,125,-84.5241
4.55,0,0,125,-84.5242
4.575,0,0,125,-84.5242
4.6,0,0,125,-84.5243
4.625,0,0,125,-84.5243
4.65,0,0,125,-84.5243
4.675,0,0,125,-84.5244
4.7,0,0,125,-84.5244
4.725,0,0,125,-84.5244
4.75,0,0,125,-84.5244
4.775,0,0,125,-84.5244
4.8,0,0,125,-84.5244
4.825,0,0,125,-84.5244
4.85,0,0,125,-84.5244
4.875,0,0,125,-84.5244
4.9,0,0,125,-84.5243
4.925,0,0,125,-84.5243
4.95,0,0,125,-84.5242
4.975,0,0,125,-84.5242
5,0,0,125,-84.5242
