0,0,0,125,-1.15164
0.025,0,0,125,-1.15457
0.05,0,0,125,-1.16046
0.075,0,0,125,-1.16935
0.1,0,0,125,-1.18134
0.125,0,0,125,-1.19654
0.15,0,0,125,-1.21508
0.175,0,0,125,-1.23705
0.2,0,0,125,-1.26249
0.225,0,0,125,-1.29138
0.25,0,0,125,-1.32368
0.275,0,0,125,-1.35934
0.3,0,0,125,-1.39829
0.325,0,0,125,-1.44045
0.35,0,0,125,-1.48576
0.375,0,0,125,-1.53412
0.4,0,0,125,-1.58544
0.425,0,0,125,-1.63966
0.45,0,0,125,-1.69668
0.475,0,0,125,-1.75642
0.5,0,0,125,-1.81881
0.525,0,0,125,-1.88378
0.55,0,0,125,-1.95125
0.575,0,0,125,-2.02116
0.6,0,0,125,-2.09345
0.625,0,0,125,-2.16806
0.65,0,0,125,-2.24495
0.675,0,0,125,-2.32407
0.7,0,0,125,-2.40538
0.725,0,0,125,-2.48884
0.75,0,0,125,-2.57443
0.775,0,0,125,-2.66212
0.8,0,0,125,-2.75189
0.825,0,0,125,-2.84373
0.85,0,0,125,-2.93762
0.875,0,0,125,-3.03357
0.9,0,0,125,-3.13157
0.925,0,0,125,-3.23164
0.95,0,0,125,-3.33377
0.975,0,0,125,-3.43798
1,0,0,125,-3.54429
1.025,0,0,125,-3.65273
1.05,0,0,125,-3.76332
1.075,0,0,125,-3.87609
1.1,0,0,125,-3.99107
1.125,0,0,125,-4.10831
1.15,0,0,125,-4.22785
1.175,0,0,125,-4.34974
1.2,0,0,125,-4.47403
1.225,0,0,125,-4.60077
1.25,0,0,125,-4.73002
1.275,0,0,125,-4.86185
1.3,0,0,125,-4.99631
1.325,0,0,125,-5.13349
1.35,0,0,125,-5.27344
1.375,0,0,125,-5.41626
1.4,0,0,125,-5.56201
1.425,0,0,125,-5.71079
1.45,0,0,125,-5.86268
1.475,0,0,125,-6.01776
1.5,0,0,125,-6.17614
1.525,0,0,125,-6.33791
1.55,0,0,125,-6.50317
1.575,0,0,125,-6.67203
1.6,0,0,125,-6.84458
1.625,0,0,125,-7.02094
1.65,0,0,125,-7.20123
1.675,0,0,125,-7.38555
1.7,0,0,125,-7.57404
1.725,0,0,125,-7.76679
1.75,0,0,125,-7.96396
1.775,0,0,125,-8.16565
1.8,0,0,125,-8.372
1.825,0,0,125,-8.58313
1.85,0,0,125,-8.7992
1.875,0,0,125,-9.02031
1.9,0,0,125,-9.24663
1.925,0,0,125,-9.47828
1.95,0,0,125,-9.71541
1.975,0,0,125,-9.95814
2,0,0,125,-10.2066
2.025,0,0,125,-10.461
2.05,0,0,125,-10.7215
2.075,0,0,125,-10.9881
2.1,0,0,125,-11.261
2.125,0,0,125,-11.5404
2.15,0,0,125,-11.8264
2.175,0,0,125,-12.1192
2.2,0,0,125,-12.4188
2.225,0,0,125,-12.7254
2.25,0,0,125,-13.0391
2.275,0,0,125,-13.3601
2.3,0,0,125,-13.6884
2.325,0,0,125,-14.0241
2.35,0,0,125,-14.3675
2.375,0,0,125,-14.7184
2.4,0,0,125,-15.0771
2.425,0,0,125,-15.4437
2.45,0,0,125,-15.818
2.475,0,0,125,-16.2004
2.5,0,0,125,-16.5906
2.525,0,0,125,-16.9889
2.55,0,0,125,-17.3952
2.575,0,0,125,-17.8095
2.6,0,0,125,-18.2317
2.625,0,0,125,-18.662
2.65,0,0,125,-19.1001
2.675,0,0,125,-19.5462
2.7,0,0,125,-20
2.725,0,0,125,-20.4614
2.75,0,0,125,-20.9305
2.775,0,0,125,-21.407
2.8,0,0,125,-21.8907
2.825,0,0,125,-22.3816
2.85,0,0,125,-22.8794
2.875,0,0,125,-23.384
2.9,0,0,125,-23.8951
2.925,0,0,125,-24.4125
2.95,0,0,125,-24.9359
2.975,0,0,125,-25.4651
3,0,0,125,-25.9998
3.025,0,0,125,-26.5397
3.05,0,0,125,-27.0845
3.075,0,0,125,-27.6339
3.1,0,0,125,-28.1875
3.125,0,0,125,-28.7449
3.15,0,0,125,-29.3059
3.175,0,0,125,-29.87
3.2,0,0,125,-30.4368
3.225,0,0,125,-31.0058
3.25,0,0,125,-31.5768
3.275,0,0,125,-32.1491
3.3,0,0,125,-32.7224
3.325,0,0,125,-33.296
3.35,0,0,125,-33.8696
3.375,0,0,125,-34.4425
3.4,0,0,125,-35.0142
3.425,0,0,125,-35.584
3.45,0,0,125,-36.1514
3.475,0,0,125,-36.7157
3.5,0,0,125,-37.2762
3.525,0,0,125,-37.8323
3.55,0,0,125,-38.3833
3.575,0,0,125,-38.9283
3.6,0,0,125,-39.4668
3.625,0,0,125,-39.9979
3.65,0,0,125,-40.5209
3.675,0,0,125,-41.035
3.7,0,0,125,-41.5395
3.725,0,0,125,-42.0337
3.75,0,0,125,-42.5167
3.775,0,0,125,-42.9879
3.8,0,0,125,-43.4467
3.825,0,0,125,-43.8922
3.85,0,0,125,-44.3238
3.875,0,0,125,-44.7411
3.9,0,0,125,-45.1432
3.925,0,0,125,-45.5299
3.95,0,0,125,-45.9004
3.975,0,0,125,-46.2545
4,0,0,125,-46.5916
4.025,0,0,125,-46.9115
4.05,0,0,125,-47.214
4.075,0,0,125,-47.4986
4.1,0,0,125,-47.7654
4.125,0,0,125,-48.0142
4.15,0,0,125,-48.245
4.175,0,0,125,-48.4578
4.2,0,0,125,-48.6527
4.225,0,0,125,-48.8298
4.25,0,0,125,-48.9895
4.275,0,0,125,-49.1319
4.3,0,0,125,-49.2575
4.325,0,0,125,-49.3667
4.35,0,0,125,-49.4599
4.375,0,0,125,-49.5379
4.4,0,0,125,-49.6011
4.425,0,0,125,-49.6502
4.45,0,0,125,-49.6861
4.475,0,0,125,-49.7095
4.5,0,0,125,-49.7213
4.525,0,0,125,-49.7224
4.55,0,0,125,-49.7139
4.575,0,0,125,-49.6966
4.6,0,0,125,-49.6717
4.625,0,0,125,-49.6403
4.65,0,0,125,-49.6035
4.675,0,0,125,-49.5625
4.7,0,0,125,-49.5185
4.725,0,0,125,-49.4727
4.75,0,0,125,-49.4262
4.775,0,0,125,-49.3803
4.8,0,0,125,-49.3362
4.825,0,0,125,-49.295
4.85,0,0,125,-49.2578
4.875,0,0,125,-49.2253
4.9,0,0,125,-49.1982
4.925,0,0,125,-49.1765
4.95,0,0,125,-49.1603
4.975,0,0,125,-49.1495
5,0,0,125,-49.1441
