0,0,0,125,-84.2631
0.025,0,0,125,-84.2632
0.05,0,0,125,-84.2634
0.075,0,0,125,-84.2636
0.1,0,0,125,-84.2639
0.125,0,0,125,-84.2643
0.15,0,0,125,-84.2647
0.175,0,0,125,-84.2652
0.2,0,0,125,-84.2656
0.225,0,0,125,-84.266
0.25,0,0,125,-84.2665
0.275,0,0,125,-84.2669
0.3,0,0,125,-84.2674
0.325,0,0,125,-84.2679
0.35,0,0,125,-84.2684
0.375,0,0,125,-84.2689
0.4,0,0,125,-84.2693
0.425,0,0,125,-84.2698
0.45,0,0,125,-84.2702
0.475,0,0,125,-84.2707
0.5,0,0,125,-84.2711
0.525,0,0,125,-84.2715
0.55,0,0,125,-84.2719
0.575,0,0,125,-84.2722
0.6,0,0,125,-84.2726
0.625,0,0,125,-84.273
0.65,0,0,125,-84.2733
0.675,0,0,125,-84.2737
0.7,0,0,125,-84.2741
0.725,0,0,125,-84.2744
0.75,0,0,125,-84.2748
0.775,0,0,125,-84.2751
0.8,0,0,125,-84.2755
0.825,0,0,125,-84.2758
0.85,0,0,125,-84.2762
0.875,0,0,125,-84.2766
0.9,0,0,125,-84.2769
0.925,0,0,125,-84.2773
0.95,0,0,125,-84.2777
0.975,0,0,125,-84.2781
1,0,0,125,-84.2785
1.025,0,0,125,-84.279
1.05,0,0,125,-84.2794
1.075,0,0,125,-84.2799
1.1,0,0,125,-84.2803
1.125,0,0,125,-84.2808
1.15,0,0,125,-84.2813
1.175,0,0,125,-84.2817
1.2,0,0,125,-84.2822
1.225,0,0,125,-84.2827
1.25,0,0,125,-84.2833
1.275,0,0,125,-84.2838
1.3,0,0,125,-84.2843
1.325,0,0,125,-84.2848
1.35,0,0,125,-84.2854
1.375,0,0,125,-84.286
1.4,0,0,125,-84.2865
1.425,0,0,125,-84.2871
1.45,0,0,125,-84.2877
1.475,0,0,125,-84.2883
1.5,0,0,125,-84.2889
1.525,0,0,125,-84.2895
1.55,0,0,125,-84.2901
1.575,0,0,125,-84.2908
1.6,0,0,125,-84.2914
1.625,0,0,125,-84.2921
1.65,0,0,125,-84.2927
1.675,0,0,125,-84.2934
1.7,0,0,125,-84.2941
1.725,0,0,125,-84.2948
1.75,0,0,125,-84.2955
1.775,0,0,125,-84.2962
1.8,0,0,125,-84.2969
1.825,0,0,125,-84.2977
1.85,0,0,125,-84.2984
1.875,0,0,125,-84.2992
1.9,0,0,125,-84.2999
1.925,0,0,125,-84.3007
1.95,0,0,125,-84.3015
1.975,0,0,125,-84.3023
2,0,0,125,-84.3032
2.025,0,0,125,-84.3041
2.05,0,0,125,-84.305
2.075,0,0,125,-84.3059
2.1,0,0,125,-84.3069
2.125,0,0,125,-84.3079
2.15,0,0,125,-84.3089
2.175,0,0,125,-84.31
2.2,0,0,125,-84.3111
2.225,0,0,125,-84.3122
2.25,0,0,125,-84.3134
2.275,0,0,125,-84.3146
2.3,0,0,125,-84.3158
2.325,0,0,125,-84.3171
2.35,0,0,125,-84.3184
2.375,0,0,125,-84.3198
2.4,0,0,125,-84.3211
2.425,0,0,125,-84.3225
2.45,0,0,125,-84.3238
2.475,0,0,125,-84.3252
2.5,0,0,125,-84.3266
2.525,0,0,125,-84.328
2.55,0,0,125,-84.3295
2.575,0,0,125,-84.3309
2.6,0,0,125,-84.3324
2.625,0,0,125,-84.3339
2.65,0,0,125,-84.3354
2.675,0,0,125,-84.3369
2.7,0,0,125,-84.3384
2.725,0,0,125,-84.34
2.75,0,0,125,-84.3415
2.775,0,0,125,-84.3431
2.8,0,0,125,-84.3447
2.825,0,0,125,-84.3463
2.85,0,0,125,-84.3479
2.875,0,0,125,-84.3495
2.9,0,0,125,-84.3512
2.925,0,0,125,-84.3528
2.95,0,0,125,-84.3545
2.975,0,0,125,-84.3562
3,0,0,125,-84.3579
3.025,0,0,125,-84.3596
3.05,0,0,125,-84.3613
3.075,0,0,125,-84.363
3.1,0,0,125,-84.3646
3.125,0,0,125,-84.3663
3.15,0,0,125,-84.368
3.175,0,0,125,-84.3696
3.2,0,0,125,-84.3712
3.225,0,0,125,-84.3728
3.25,0,0,125,-84.3744
3.275,0,0,125,-84.376
3.3,0,0,125,-84.3775
3.325,0,0,125,-84.379
3.35,0,0,125,-84.3806
3.375,0,0,125,-84.3821
3.4,0,0,125,-84.3836
3.425,0,0,125,-84.3851
3.45,0,0,125,-84.3865
3.475,0,0,125,-84.388
3.5,0,0,125,-84.3894
3.525,0,0,125,-84.3908
3.55,0,0,125,-84.3922
3.575,0,0,125,-84.3936
3.6,0,0,125,-84.395
3.625,0,0,125,-84.3963
3.65,0,0,125,-84.3977
3.675,0,0,125,-84.399
3.7,0,0,125,-84.4002
3.725,0,0,125,-84.4015
3.75,0,0,125,-84.4027
3.775,0,0,125,-84.4039
3.8,0,0,125,-84.405
3.825,0,0,125,-84.4061
3.85,0,0,125,-84.4072
3.875,0,0,125,-84.4082
3.9,0,0,125,-84.4092
3.925,0,0,125,-84.4102
3.95,0,0,125,-84.4111
3.975,0,0,125,-84.412
4,0,0,125,-84.4128
4.025,0,0,125,-84.4136
4.05,0,0,125,-84.4144
4.075,0,0,125,-84.4152
4.1,0,0,125,-84.4159
4.125,0,0,125,-84.4165
4.15,0,0,125,-84.4172
4.175,0,0,125,-84.4178
4.2,0,0,125,-84.4184
4.225,0,0,125,-84.4189
4.25,0,0,125,-84.4194
4.275,0,0,125,-84.4198
4.3,0,0,125,-84.4203
4.325,0,0,125,-84.4206
4.35,0,0,125,-84.421
4.375,0,0,125,-84.4213
4.4,0,0,125,-84.4216
4.425,0,0,125,-84.4219
4.45,0,0,125,-84.4221
4.475,0,0,125,-84.4223
4.5,0,0,125,-84.4225
4.525,0,0,125,-84.4227
4.55,0,0,125,-84.4229
4.575,0,0,125,-84.4231
4.6,0,0,125,-84.4233
4.625,0,0,125,-84.4235
4.65,0,0,125,-84.4236
4.675,0,0,125,-84.4237
4.7,0,0,125,-84.4239
4.725,0,0,125,-84.424
4.75,0,0,125,-84.4241
4.775,0,0,125,-84.4242
4.8,0,0,125,-84.4243
4.825,0,0,125,-84.4244
4.85,0,0,125,-84.4245
4.875,0,0,125,-84.4245
4.9,0,0,125,-84.4246
4.925,0,0,125,-84.4246
4.95,0,0,125,-84.4246
4.975,0,0,125,-84.4247
5,0,0,125,-84.4247
