0,0,0,125,-66.2824
0.025,0,0,125,-66.2826
0.05,0,0,125,-66.2831
0.075,0,0,125,-66.2841
0.1,0,0,125,-66.2857
0.125,0,0,125,-66.2883
0.15,0,0,125,-66.2922
0.175,0,0,125,-66.2977
0.2,0,0,125,-66.305
0.225,0,0,125,-66.3145
0.25,0,0,125,-66.3264
0.275,0,0,125,-66.3409
0.3,0,0,125,-66.3583
0.325,0,0,125,-66.3789
0.35,0,0,125,-66.4028
0.375,0,0,125,-66.4304
0.4,0,0,125,-66.462
0.425,0,0,125,-66.4977
0.45,0,0,125,-66.5379
0.475,0,0,125,-66.5828
0.5,0,0,125,-66.6326
0.525,0,0,125,-66.6876
0.55,0,0,125,-66.748
0.575,0,0,125,-66.8141
0.6,0,0,125,-66.8861
0.625,0,0,125,-66.9642
0.65,0,0,125,-67.0486
0.675,0,0,125,-67.1395
0.7,0,0,125,-67.237
0.725,0,0,125,-67.3414
0.75,0,0,125,-67.4527
0.775,0,0,125,-67.5712
0.8,0,0,125,-67.6968
0.825,0,0,125,-67.8298
0.85,0,0,125,-67.9701
0.875,0,0,125,-68.1178
0.9,0,0,125,-68.2729
0.925,0,0,125,-68.4355
0.95,0,0,125,-68.6055
0.975,0,0,125,-68.7829
1,0,0,125,-68.9676
1.025,0,0,125,-69.1594
1.05,0,0,125,-69.3582
1.075,0,0,125,-69.564
1.1,0,0,125,-69.7765
1.125,0,0,125,-69.9955
1.15,0,0,125,-70.2207
1.175,0,0,125,-70.4519
1.2,0,0,125,-70.6889
1.225,0,0,125,-70.9312
1.25,0,0,125,-71.1786
1.275,0,0,125,-71.4307
1.3,0,0,125,-71.6871
1.325,0,0,125,-71.9474
1.35,0,0,125,-72.2112
1.375,0,0,125,-72.478
1.4,0,0,125,-72.7474
1.425,0,0,125,-73.019
1.45,0,0,125,-73.2923
1.475,0,0,125,-73.5667
1.5,0,0,125,-73.8418
1.525,0,0,125,-74.1172
1.55,0,0,125,-74.3923
1.575,0,0,125,-74.6666
1.6,0,0,125,-74.9397
1.625,0,0,125,-75.2111
1.65,0,0,125,-75.4803
1.675,0,0,125,-75.747
1.7,0,0,125,-76.0106
1.725,0,0,125,-76.2708
1.75,0,0,125,-76.5271
1.775,0,0,125,-76.7793
1.8,0,0,125,-77.0269
1.825,0,0,125,-77.2696
1.85,0,0,125,-77.5072
1.875,0,0,125,-77.7393
1.9,0,0,125,-77.9658
1.925,0,0,125,-78.1864
1.95,0,0,125,-78.401
1.975,0,0,125,-78.6093
2,0,0,125,-78.8112
2.025,0,0,125,-79.0068
2.05,0,0,125,-79.1958
2.075,0,0,125,-79.3783
2.1,0,0,125,-79.5542
2.125,0,0,125,-79.7235
2.15,0,0,125,-79.8863
2.175,0,0,125,-80.0426
2.2,0,0,125,-80.1925
2.225,0,0,125,-80.3361
2.25,0,0,125,-80.4735
2.275,0,0,125,-80.6048
2.3,0,0,125,-80.7301
2.325,0,0,125,-80.8496
2.35,0,0,125,-80.9634
2.375,0,0,125,-81.0718
2.4,0,0,125,-81.1749
2.425,0,0,125,-81.2728
2.45,0,0,125,-81.3658
2.475,0,0,125,-81.4541
2.5,0,0,125,-81.5378
2.525,0,0,125,-81.6172
2.55,0,0,125,-81.6924
2.575,0,0,125,-81.7636
2.6,0,0,125,-81.8311
2.625,0,0,125,-81.8949
2.65,0,0,125,-81.9554
2.675,0,0,125,-82.0126
2.7,0,0,125,-82.0667
2.725,0,0,125,-82.118
2.75,0,0,125,-82.1666
2.775,0,0,125,-82.2125
2.8,0,0,125,-82.2561
2.825,0,0,125,-82.2974
2.85,0,0,125,-82.3365
2.875,0,0,125,-82.3737
2.9,0,0,125,-82.409
2.925,0,0,125,-82.4425
2.95,0,0,125,-82.4744
2.975,0,0,125,-82.5048
3,0,0,125,-82.5337
3.025,0,0,125,-82.5613
3.05,0,0,125,-82.5876
3.075,0,0,125,-82.6128
3.1,0,0,125,-82.6368
3.125,0,0,125,-82.6598
3.15,0,0,125,-82.6819
3.175,0,0,125,-82.7031
3.2,0,0,125,-82.7234
3.225,0,0,125,-82.743
3.25,0,0,125,-82.7617
3.275,0,0,125,-82.7798
3.3,0,0,125,-82.7972
3.325,0,0,125,-82.814
3.35,0,0,125,-82.8302
3.375,0,0,125,-82.8459
3.4,0,0,125,-82.861
3.425,0,0,125,-82.8756
3.45,0,0,125,-82.8897
3.475,0,0,125,-82.9033
3.5,0,0,125,-82.9165
3.525,0,0,125,-82.9292
3.55,0,0,125,-82.9416
3.575,0,0,125,-82.9535
3.6,0,0,125,-82.965
3.625,0,0,125,-82.9762
3.65,0,0,125,-82.9869
3.675,0,0,125,-82.9974
3.7,0,0,125,-83.0074
3.725,0,0,125,-83.0172
3.75,0,0,125,-83.0265
3.775,0,0,125,-83.0356
3.8,0,0,125,-83.0444
3.825,0,0,125,-83.0528
3.85,0,0,125,-83.0609
3.875,0,0,125,-83.0687
3.9,0,0,125,-83.0762
3.925,0,0,125,-83.0834
3.95,0,0,125,-83.0904
3.975,0,0,125,-83.097
4,0,0,125,-83.1034
4.025,0,0,125,-83.1095
4.05,0,0,125,-83.1153
4.075,0,0,125,-83.1209
4.1,0,0,125,-83.1262
4.125,0,0,125,-83.1313
4.15,0,0,125,-83.1361
4.175,0,0,125,-83.1407
4.2,0,0,125,-83.145
4.225,0,0,125,-83.1491
4.25,0,0,125,-83.153
4.275,0,0,125,-83.1567
4.3,0,0,125,-83.1602
4.325,0,0,125,-83.1634
4.35,0,0,125,-83.1665
4.375,0,0,125,-83.1694
4.4,0,0,125,-83.1721
4.425,0,0,125,-83.1746
4.45,0,0,125,-83.177
4.475,0,0,125,-83.1792
4.5,0,0,125,-83.1812
4.525,0,0,125,-83.183
4.55,0,0,125,-83.1847
4.575,0,0,125,-83.1863
4.6,0,0,125,-83.1877
4.625,0,0,125,-83.189
4.65,0,0,125,-83.1901
4.675,0,0,125,-83.1911
4.7,0,0,125,-83.192
4.725,0,0,125,-83.1928
4.75,0,0,125,-83.1934
4.775,0,0,125,-83.194
4.8,0,0,125,-83.1944
4.825,0,0,125,-83.1948
4.85,0,0,125,-83.195
4.875,0,0,125,-83.1952
4.9,0,0,125,-83.1953
4.925,0,0,125,-83.1954
4.95,0,0,125,-83.1955
4.975,0,0,125,-83.1955
5,0,0,125,-83.1955
