0,0,0,125,-83.7606
0.025,0,0,125,-83.7608
0.05,0,0,125,-83.7613
0.075,0,0,125,-83.7619
0.1,0,0,125,-83.7628
0.125,0,0,125,-83.7637
0.15,0,0,125,-83.7648
0.175,0,0,125,-83.7659
0.2,0,0,125,-83.767
0.225,0,0,125,-83.7682
0.25,0,0,125,-83.7693
0.275,0,0,125,-83.7705
0.3,0,0,125,-83.7717
0.325,0,0,125,-83.7728
0.35,0,0,125,-83.774
0.375,0,0,125,-83.7751
0.4,0,0,125,-83.7762
0.425,0,0,125,-83.7773
0.45,0,0,125,-83.7784
0.475,0,0,125,-83.7795
0.5,0,0,125,-83.7806
0.525,0,0,125,-83.7816
0.55,0,0,125,-83.7826
0.575,0,0,125,-83.7836
0.6,0,0,125,-83.7846
0.625,0,0,125,-83.7856
0.65,0,0,125,-83.7866
0.675,0,0,125,-83.7875
0.7,0,0,125,-83.7885
0.725,0,0,125,-83.7895
0.75,0,0,125,-83.7904
0.775,0,0,125,-83.7914
0.8,0,0,125,-83.7924
0.825,0,0,125,-83.7934
0.85,0,0,125,-83.7944
0.875,0,0,125,-83.7955
0.9,0,0,125,-83.7965
0.925,0,0,125,-83.7975
0.95,0,0,125,-83.7986
0.975,0,0,125,-83.7996
1,0,0,125,-83.8007
1.025,0,0,125,-83.8018
1.05,0,0,125,-83.8028
1.075,0,0,125,-83.8039
1.1,0,0,125,-83.805
1.125,0,0,125,-83.8061
1.15,0,0,125,-83.8073
1.175,0,0,125,-83.8084
1.2,0,0,125,-83.8096
1.225,0,0,125,-83.8107
1.25,0,0,125,-83.8119
1.275,0,0,125,-83.8131
1.3,0,0,125,-83.8144
1.325,0,0,125,-83.8156
1.35,0,0,125,-83.8169
1.375,0,0,125,-83.8182
1.4,0,0,125,-83.8196
1.425,0,0,125,-83.821
1.45,0,0,125,-83.8223
1.475,0,0,125,-83.8237
1.5,0,0,125,-83.8252
1.525,0,0,125,-83.8266
1.55,0,0,125,-83.828
1.575,0,0,125,-83.8295
1.6,0,0,125,-83.8311
1.625,0,0,125,-83.8326
1.65,0,0,125,-83.8343
1.675,0,0,125,-83.8359
1.7,0,0,125,-83.8376
1.725,0,0,125,-83.8393
1.75,0,0,125,-83.8411
1.775,0,0,125,-83.8429
1.8,0,0,125,-83.8447
1.825,0,0,125,-83.8466
1.85,0,0,125,-83.8485
1.875,0,0,125,-83.8504
1.9,0,0,125,-83.8524
1.925,0,0,125,-83.8544
1.95,0,0,125,-83.8565
1.975,0,0,125,-83.8587
2,0,0,125,-83.8609
2.025,0,0,125,-83.8631
2.05,0,0,125,-83.8655
2.075,0,0,125,-83.8678
2.1,0,0,125,-83.8703
2.125,0,0,125,-83.8728
2.15,0,0,125,-83.8754
2.175,0,0,125,-83.878
2.2,0,0,125,-83.8807
2.225,0,0,125,-83.8834
2.25,0,0,125,-83.8863
2.275,0,0,125,-83.8891
2.3,0,0,125,-83.8921
2.325,0,0,125,-83.8951
2.35,0,0,125,-83.8981
2.375,0,0,125,-83.9013
2.4,0,0,125,-83.9045
2.425,0,0,125,-83.9077
2.45,0,0,125,-83.9111
2.475,0,0,125,-83.9144
2.5,0,0,125,-83.9179
2.525,0,0,125,-83.9214
2.55,0,0,125,-83.925
2.575,0,0,125,-83.9287
2.6,0,0,125,-83.9324
2.625,0,0,125,-83.9362
2.65,0,0,125,-83.94
2.675,0,0,125,-83.9438
2.7,0,0,125,-83.9477
2.725,0,0,125,-83.9517
2.75,0,0,125,-83.9556
2.775,0,0,125,-83.9596
2.8,0,0,125,-83.9637
2.825,0,0,125,-83.9677
2.85,0,0,125,-83.9719
2.875,0,0,125,-83.976
2.9,0,0,125,-83.9802
2.925,0,0,125,-83.9844
2.95,0,0,125,-83.9887
2.975,0,0,125,-83.9929
3,0,0,125,-83.9972
3.025,0,0,125,-84.0015
3.05,0,0,125,-84.0058
3.075,0,0,125,-84.0101
3.1,0,0,125,-84.0143
3.125,0,0,125,-84.0186
3.15,0,0,125,-84.0229
3.175,0,0,125,-84.0271
3.2,0,0,125,-84.0313
3.225,0,0,125,-84.0355
3.25,0,0,125,-84.0396
3.275,0,0,125,-84.0437
3.3,0,0,125,-84.0478
3.325,0,0,125,-84.0518
3.35,0,0,125,-84.0558
3.375,0,0,125,-84.0598
3.4,0,0,125,-84.0637
3.425,0,0,125,-84.0675
3.45,0,0,125,-84.0713
3.475,0,0,125,-84.075
3.5,0,0,125,-84.0787
3.525,0,0,125,-84.0822
3.55,0,0,125,-84.0858
3.575,0,0,125,-84.0892
3.6,0,0,125,-84.0926
3.625,0,0,125,-84.0959
3.65,0,0,125,-84.0992
3.675,0,0,125,-84.1024
3.7,0,0,125,-84.1055
3.725,0,0,125,-84.1086
3.75,0,0,125,-84.1115
3.775,0,0,125,-84.1144
3.8,0,0,125,-84.1172
3.825,0,0,125,-84.12
3.85,0,0,125,-84.1226
3.875,0,0,125,-84.1252
3.9,0,0,125,-84.1276
3.925,0,0,125,-84.13
3.95,0,0,125,-84.1323
3.975,0,0,125,-84.1346
4,0,0,125,-84.1367
4.025,0,0,125,-84.1388
4.05,0,0,125,-84.1407
4.075,0,0,125,-84.1426
4.1,0,0,125,-84.1444
4.125,0,0,125,-84.1461
4.15,0,0,125,-84.1478
4.175,0,0,125,-84.1493
4.2,0,0,125,-84.1508
4.225,0,0,125,-84.1521
4.25,0,0,125,-84.1535
4.275,0,0,125,-84.1547
4.3,0,0,125,-84.1559
4.325,0,0,125,-84.157
4.35,0,0,125,-84.1581
4.375,0,0,125,-84.1591
4.4,0,0,125,-84.1601
4.425,0,0,125,-84.1609
4.45,0,0,125,-84.1617
4.475,0,0,125,-84.1625
4.5,0,0,125,-84.1632
4.525,0,0,125,-84.1638
4.55,0,0,125,-84.1643
4.575,0,0,125,-84.1649
4.6,0,0,125,-84.1654
4.625,0,0,125,-84.1658
4.65,0,0,125,-84.1662
4.675,0,0,125,-84.1666
4.7,0,0,125,-84.1669
4.725,0,0,125,-84.1672
4.75,0,0,125,-84.1675
4.775,0,0,125,-84.1677
4.8,0,0,125,-84.1679
4.825,0,0,125,-84.168
4.85,0,0,125,-84.1681
4.875,0,0,125,-84.1682
4.9,0,0,125,-84.1683
4.925,0,0,125,-84.1683
4.95,0,0,125,-84.1684
4.975,0,0,125,-84.1684
5,0,0,125,-84.1684
