0,0,0,125,-83.4253
0.025,0,0,125,-83.4257
0.05,0,0,125,-83.4263
0.075,0,0,125,-83.4272
0.1,0,0,125,-83.4283
0.125,0,0,125,-83.4297
0.15,0,0,125,-83.4311
0.175,0,0,125,-83.4327
0.2,0,0,125,-83.4342
0.225,0,0,125,-83.4358
0.25,0,0,125,-83.4375
0.275,0,0,125,-83.4391
0.3,0,0,125,-83.4407
0.325,0,0,125,-83.4423
0.35,0,0,125,-83.4439
0.375,0,0,125,-83.4454
0.4,0,0,125,-83.447
0.425,0,0,125,-83.4485
0.45,0,0,125,-83.45
0.475,0,0,125,-83.4515
0.5,0,0,125,-83.4529
0.525,0,0,125,-83.4543
0.55,0,0,125,-83.4557
0.575,0,0,125,-83.4571
0.6,0,0,125,-83.4585
0.625,0,0,125,-83.4599
0.65,0,0,125,-83.4612
0.675,0,0,125,-83.4626
0.7,0,0,125,-83.4639
0.725,0,0,125,-83.4653
0.75,0,0,125,-83.4666
0.775,0,0,125,-83.4679
0.8,0,0,125,-83.4692
0.825,0,0,125,-83.4705
0.85,0,0,125,-83.4718
0.875,0,0,125,-83.4731
0.9,0,0,125,-83.4745
0.925,0,0,125,-83.4758
0.95,0,0,125,-83.4772
0.975,0,0,125,-83.4786
1,0,0,125,-83.48
1.025,0,0,125,-83.4814
1.05,0,0,125,-83.4828
1.075,0,0,125,-83.4842
1.1,0,0,125,-83.4857
1.125,0,0,125,-83.4871
1.15,0,0,125,-83.4886
1.175,0,0,125,-83.49
1.2,0,0,125,-83.4915
1.225,0,0,125,-83.493
1.25,0,0,125,-83.4946
1.275,0,0,125,-83.4962
1.3,0,0,125,-83.4978
1.325,0,0,125,-83.4994
1.35,0,0,125,-83.5011
1.375,0,0,125,-83.5028
1.4,0,0,125,-83.5046
1.425,0,0,125,-83.5064
1.45,0,0,125,-83.5082
1.475,0,0,125,-83.5101
1.5,0,0,125,-83.512
1.525,0,0,125,-83.5139
1.55,0,0,125,-83.5159
1.575,0,0,125,-83.5179
1.6,0,0,125,-83.52
1.625,0,0,125,-83.5221
1.65,0,0,125,-83.5242
1.675,0,0,125,-83.5263
1.7,0,0,125,-83.5286
1.725,0,0,125,-83.5309
1.75,0,0,125,-83.5332
1.775,0,0,125,-83.5356
1.8,0,0,125,-83.5381
1.825,0,0,125,-83.5407
1.85,0,0,125,-83.5433
1.875,0,0,125,-83.5459
1.9,0,0,125,-83.5486
1.925,0,0,125,-83.5514
1.95,0,0,125,-83.5543
1.975,0,0,125,-83.5572
2,0,0,125,-83.5602
2.025,0,0,125,-83.5634
2.05,0,0,125,-83.5665
2.075,0,0,125,-83.5698
2.1,0,0,125,-83.5731
2.125,0,0,125,-83.5764
2.15,0,0,125,-83.5799
2.175,0,0,125,-83.5834
2.2,0,0,125,-83.5871
2.225,0,0,125,-83.5908
2.25,0,0,125,-83.5946
2.275,0,0,125,-83.5985
2.3,0,0,125,-83.6025
2.325,0,0,125,-83.6066
2.35,0,0,125,-83.6108
2.375,0,0,125,-83.615
2.4,0,0,125,-83.6194
2.425,0,0,125,-83.6238
2.45,0,0,125,-83.6284
2.475,0,0,125,-83.633
2.5,0,0,125,-83.6377
2.525,0,0,125,-83.6424
2.55,0,0,125,-83.6473
2.575,0,0,125,-83.6523
2.6,0,0,125,-83.6573
2.625,0,0,125,-83.6624
2.65,0,0,125,-83.6676
2.675,0,0,125,-83.6729
2.7,0,0,125,-83.6783
2.725,0,0,125,-83.6837
2.75,0,0,125,-83.6892
2.775,0,0,125,-83.6947
2.8,0,0,125,-83.7003
2.825,0,0,125,-83.706
2.85,0,0,125,-83.7117
2.875,0,0,125,-83.7174
2.9,0,0,125,-83.7231
2.925,0,0,125,-83.7289
2.95,0,0,125,-83.7348
2.975,0,0,125,-83.7406
3,0,0,125,-83.7465
3.025,0,0,125,-83.7524
3.05,0,0,125,-83.7582
3.075,0,0,125,-83.7641
3.1,0,0,125,-83.77
3.125,0,0,125,-83.776
3.15,0,0,125,-83.7819
3.175,0,0,125,-83.7877
3.2,0,0,125,-83.7936
3.225,0,0,125,-83.7994
3.25,0,0,125,-83.8052
3.275,0,0,125,-83.8109
3.3,0,0,125,-83.8166
3.325,0,0,125,-83.8222
3.35,0,0,125,-83.8278
3.375,0,0,125,-83.8333
3.4,0,0,125,-83.8387
3.425,0,0,125,-83.8441
3.45,0,0,125,-83.8494
3.475,0,0,125,-83.8546
3.5,0,0,125,-83.8597
3.525,0,0,125,-83.8647
3.55,0,0,125,-83.8697
3.575,0,0,125,-83.8745
3.6,0,0,125,-83.8792
3.625,0,0,125,-83.8839
3.65,0,0,125,-83.8885
3.675,0,0,125,-83.8929
3.7,0,0,125,-83.8973
3.725,0,0,125,-83.9015
3.75,0,0,125,-83.9056
3.775,0,0,125,-83.9097
3.8,0,0,125,-83.9136
3.825,0,0,125,-83.9173
3.85,0,0,125,-83.921
3.875,0,0,125,-83.9245
3.9,0,0,125,-83.9279
3.925,0,0,125,-83.9312
3.95,0,0,125,-83.9344
3.975,0,0,125,-83.9375
4,0,0,125,-83.9405
4.025,0,0,125,-83.9433
4.05,0,0,125,-83.9461
4.075,0,0,125,-83.9487
4.1,0,0,125,-83.9512
4.125,0,0,125,-83.9536
4.15,0,0,125,-83.9559
4.175,0,0,125,-83.9581
4.2,0,0,125,-83.9601
4.225,0,0,125,-83.9621
4.25,0,0,125,-83.9639
4.275,0,0,125,-83.9657
4.3,0,0,125,-83.9673
4.325,0,0,125,-83.9689
4.35,0,0,125,-83.9704
4.375,0,0,125,-83.9718
4.4,0,0,125,-83.973
4.425,0,0,125,-83.9742
4.45,0,0,125,-83.9754
4.475,0,0,125,-83.9764
4.5,0,0,125,-83.9773
4.525,0,0,125,-83.9782
4.55,0,0,125,-83.979
4.575,0,0,125,-83.9798
4.6,0,0,125,-83.9805
4.625,0,0,125,-83.9811
4.65,0,0,125,-83.9816
4.675,0,0,125,-83.9821
4.7,0,0,125,-83.9826
4.725,0,0,125,-83.9829
4.75,0,0,125,-83.9832
4.775,0,0,125,-83.9835
4.8,0,0,125,-83.9837
4.825,0,0,125,-83.9839
4.85,0,0,125,-83.9841
4.875,0,0,125,-83.9842
4.9,0,0,125,-83.9843
4.925,0,0,125,-83.9843
4.95,0,0,125,-83.9844
4.975,0,0,125,-83.9844
5,0,0,125,-83.9844
