0,0,0,125,-83.6409
0.025,0,0,125,-83.6411
0.05,0,0,125,-83.6416
0.075,0,0,125,-83.6424
0.1,0,0,125,-83.6433
0.125,0,0,125,-83.6444
0.15,0,0,125,-83.6456
0.175,0,0,125,-83.6468
0.2,0,0,125,-83.6481
0.225,0,0,125,-83.6494
0.25,0,0,125,-83.6507
0.275,0,0,125,-83.652
0.3,0,0,125,-83.6534
0.325,0,0,125,-83.6547
0.35,0,0,125,-83.6559
0.375,0,0,125,-83.6572
0.4,0,0,125,-83.6585
0.425,0,0,125,-83.6597
0.45,0,0,125,-83.661
0.475,0,0,125,-83.6622
0.5,0,0,125,-83.6634
0.525,0,0,125,-83.6645
0.55,0,0,125,-83.6657
0.575,0,0,125,-83.6669
0.6,0,0,125,-83.668
0.625,0,0,125,-83.6691
0.65,0,0,125,-83.6702
0.675,0,0,125,-83.6713
0.7,0,0,125,-83.6724
0.725,0,0,125,-83.6735
0.75,0,0,125,-83.6746
0.775,0,0,125,-83.6757
0.8,0,0,125,-83.6768
0.825,0,0,125,-83.6779
0.85,0,0,125,-83.6791
0.875,0,0,125,-83.6802
0.9,0,0,125,-83.6814
0.925,0,0,125,-83.6825
0.95,0,0,125,-83.6837
0.975,0,0,125,-83.6849
1,0,0,125,-83.6861
1.025,0,0,125,-83.6873
1.05,0,0,125,-83.6885
1.075,0,0,125,-83.6897
1.1,0,0,125,-83.6909
1.125,0,0,125,-83.6922
1.15,0,0,125,-83.6934
1.175,0,0,125,-83.6947
1.2,0,0,125,-83.696
1.225,0,0,125,-83.6973
1.25,0,0,125,-83.6987
1.275,0,0,125,-83.7
1.3,0,0,125,-83.7015
1.325,0,0,125,-83.7029
1.35,0,0,125,-83.7044
1.375,0,0,125,-83.7058
1.4,0,0,125,-83.7073
1.425,0,0,125,-83.7088
1.45,0,0,125,-83.7103
1.475,0,0,125,-83.7119
1.5,0,0,125,-83.7135
1.525,0,0,125,-83.7151
1.55,0,0,125,-83.7168
1.575,0,0,125,-83.7185
1.6,0,0,125,-83.7202
1.625,0,0,125,-83.722
1.65,0,0,125,-83.7239
1.675,0,0,125,-83.7257
1.7,0,0,125,-83.7276
1.725,0,0,125,-83.7295
1.75,0,0,125,-83.7315
1.775,0,0,125,-83.7335
1.8,0,0,125,-83.7355
1.825,0,0,125,-83.7376
1.85,0,0,125,-83.7397
1.875,0,0,125,-83.7419
1.9,0,0,125,-83.7442
1.925,0,0,125,-83.7465
1.95,0,0,125,-83.7489
1.975,0,0,125,-83.7513
2,0,0,125,-83.7538
2.025,0,0,125,-83.7563
2.05,0,0,125,-83.759
2.075,0,0,125,-83.7616
2.1,0,0,125,-83.7644
2.125,0,0,125,-83.7672
2.15,0,0,125,-83.77
2.175,0,0,125,-83.7729
2.2,0,0,125,-83.776
2.225,0,0,125,-83.779
2.25,0,0,125,-83.7822
2.275,0,0,125,-83.7855
2.3,0,0,125,-83.7888
2.325,0,0,125,-83.7922
2.35,0,0,125,-83.7957
2.375,0,0,125,-83.7993
2.4,0,0,125,-83.803
2.425,0,0,125,-83.8067
2.45,0,0,125,-83.8105
2.475,0,0,125,-83.8144
2.5,0,0,125,-83.8183
2.525,0,0,125,-83.8223
2.55,0,0,125,-83.8263
2.575,0,0,125,-83.8304
2.6,0,0,125,-83.8346
2.625,0,0,125,-83.8388
2.65,0,0,125,-83.8432
2.675,0,0,125,-83.8475
2.7,0,0,125,-83.852
2.725,0,0,125,-83.8565
2.75,0,0,125,-83.861
2.775,0,0,125,-83.8656
2.8,0,0,125,-83.8702
2.825,0,0,125,-83.8749
2.85,0,0,125,-83.8796
2.875,0,0,125,-83.8843
2.9,0,0,125,-83.8891
2.925,0,0,125,-83.8939
2.95,0,0,125,-83.8988
2.975,0,0,125,-83.9036
3,0,0,125,-83.9085
3.025,0,0,125,-83.9134
3.05,0,0,125,-83.9183
3.075,0,0,125,-83.9231
3.1,0,0,125,-83.928
3.125,0,0,125,-83.9328
3.15,0,0,125,-83.9376
3.175,0,0,125,-83.9425
3.2,0,0,125,-83.9473
3.225,0,0,125,-83.952
3.25,0,0,125,-83.9568
3.275,0,0,125,-83.9614
3.3,0,0,125,-83.9661
3.325,0,0,125,-83.9707
3.35,0,0,125,-83.9753
3.375,0,0,125,-83.9798
3.4,0,0,125,-83.9843
3.425,0,0,125,-83.9887
3.45,0,0,125,-83.993
3.475,0,0,125,-83.9973
3.5,0,0,125,-84.0015
3.525,0,0,125,-84.0057
3.55,0,0,125,-84.0097
3.575,0,0,125,-84.0137
3.6,0,0,125,-84.0176
3.625,0,0,125,-84.0214
3.65,0,0,125,-84.0251
3.675,0,0,125,-84.0287
3.7,0,0,125,-84.0323
3.725,0,0,125,-84.0357
3.75,0,0,125,-84.0391
3.775,0,0,125,-84.0424
3.8,0,0,125,-84.0455
3.825,0,0,125,-84.0486
3.85,0,0,125,-84.0516
3.875,0,0,125,-84.0544
3.9,0,0,125,-84.0572
3.925,0,0,125,-84.0599
3.95,0,0,125,-84.0625
3.975,0,0,125,-84.065
4,0,0,125,-84.0674
4.025,0,0,125,-84.0698
4.05,0,0,125,-84.072
4.075,0,0,125,-84.0741
4.1,0,0,125,-84.0762
4.125,0,0,125,-84.0781
4.15,0,0,125,-84.08
4.175,0,0,125,-84.0818
4.2,0,0,125,-84.0835
4.225,0,0,125,-84.0851
4.25,0,0,125,-84.0866
4.275,0,0,125,-84.088
4.3,0,0,125,-84.0893
4.325,0,0,125,-84.0905
4.35,0,0,125,-84.0917
4.375,0,0,125,-84.0928
4.4,0,0,125,-84.0939
4.425,0,0,125,-84.0949
4.45,0,0,125,-84.0958
4.475,0,0,125,-84.0967
4.5,0,0,125,-84.0975
4.525,0,0,125,-84.0982
4.55,0,0,125,-84.0989
4.575,0,0,125,-84.0995
4.6,0,0,125,-84.1
4.625,0,0,125,-84.1005
4.65,0,0,125,-84.1009
4.675,0,0,125,-84.1013
4.7,0,0,125,-84.1017
4.725,0,0,125,-84.102
4.75,0,0,125,-84.1023
4.775,0,0,125,-84.1025
4.8,0,0,125,-84.1027
4.825,0,0,125,-84.1029
4.85,0,0,125,-84.103
4.875,0,0,125,-84.1031
4.9,0,0,125,-84.1032
4.925,0,0,125,-84.1033
4.95,0,0,125,-84.1033
4.975,0,0,125,-84.1033
5,0,0,125,-84.1033
