0,0,0,125,5.48604
0.025,0,0,125,5.49008
0.05,0,0,125,5.498
0.075,0,0,125,5.50945
0.1,0,0,125,5.52389
0.125,0,0,125,5.54071
0.15,0,0,125,5.55932
0.175,0,0,125,5.5792
0.2,0,0,125,5.60004
0.225,0,0,125,5.62158
0.25,0,0,125,5.64366
0.275,0,0,125,5.66609
0.3,0,0,125,5.68874
0.325,0,0,125,5.71145
0.35,0,0,125,5.73411
0.375,0,0,125,5.75658
0.4,0,0,125,5.77876
0.425,0,0,125,5.80054
0.45,0,0,125,5.82182
0.475,0,0,125,5.84249
0.5,0,0,125,5.86248
0.525,0,0,125,5.88168
0.55,0,0,125,5.90002
0.575,0,0,125,5.91741
0.6,0,0,125,5.93378
0.625,0,0,125,5.94906
0.65,0,0,125,5.96316
0.675,0,0,125,5.97601
0.7,0,0,125,5.98753
0.725,0,0,125,5.99766
0.75,0,0,125,6.00632
0.775,0,0,125,6.01343
0.8,0,0,125,6.01894
0.825,0,0,125,6.02276
0.85,0,0,125,6.02481
0.875,0,0,125,6.02503
0.9,0,0,125,6.02334
0.925,0,0,125,6.01965
0.95,0,0,125,6.01389
0.975,0,0,125,6.00599
1,0,0,125,5.99586
1.025,0,0,125,5.98341
1.05,0,0,125,5.96857
1.075,0,0,125,5.95125
1.1,0,0,125,5.93135
1.125,0,0,125,5.90879
1.15,0,0,125,5.88347
1.175,0,0,125,5.85531
1.2,0,0,125,5.8242
1.225,0,0,125,5.79005
1.25,0,0,125,5.75276
1.275,0,0,125,5.71224
1.3,0,0,125,5.66837
1.325,0,0,125,5.62106
1.35,0,0,125,5.5702
1.375,0,0,125,5.5157
1.4,0,0,125,5.45744
1.425,0,0,125,5.39531
1.45,0,0,125,5.32923
1.475,0,0,125,5.25907
1.5,0,0,125,5.18475
1.525,0,0,125,5.10614
1.55,0,0,125,5.02315
1.575,0,0,125,4.93569
1.6,0,0,125,4.84363
1.625,0,0,125,4.7469
1.65,0,0,125,4.64539
1.675,0,0,125,4.539
1.7,0,0,125,4.42763
1.725,0,0,125,4.3112
1.75,0,0,125,4.18962
1.775,0,0,125,4.06278
1.8,0,0,125,3.9306
1.825,0,0,125,3.79299
1.85,0,0,125,3.64986
1.875,0,0,125,3.50112
1.9,0,0,125,3.34668
1.925,0,0,125,3.18644
1.95,0,0,125,3.02031
1.975,0,0,125,2.8482
2,0,0,125,2.67001
2.025,0,0,125,2.48564
2.05,0,0,125,2.29498
2.075,0,0,125,2.09792
2.1,0,0,125,1.89436
2.125,0,0,125,1.68417
2.15,0,0,125,1.46724
2.175,0,0,125,1.24344
2.2,0,0,125,1.01263
2.225,0,0,125,0.774682
2.25,0,0,125,0.529449
2.275,0,0,125,0.276783
2.3,0,0,125,0.0165303
2.325,0,0,125,-0.251469
2.35,0,0,125,-0.527381
2.375,0,0,125,-0.811375
2.4,0,0,125,-1.10363
2.425,0,0,125,-1.40431
2.45,0,0,125,-1.71362
2.475,0,0,125,-2.03173
2.5,0,0,125,-2.35883
2.525,0,0,125,-2.69511
2.55,0,0,125,-3.04076
2.575,0,0,125,-3.39597
2.6,0,0,125,-3.76092
2.625,0,0,125,-4.1358
2.65,0,0,125,-4.52079
2.675,0,0,125,-4.91605
2.7,0,0,125,-5.32175
2.725,0,0,125,-5.73805
2.75,0,0,125,-6.16507
2.775,0,0,125,-6.60295
2.8,0,0,125,-7.0518
2.825,0,0,125,-7.51171
2.85,0,0,125,-7.98274
2.875,0,0,125,-8.46495
2.9,0,0,125,-8.95834
2.925,0,0,125,-9.46292
2.95,0,0,125,-9.97864
2.975,0,0,125,-10.5054
3,0,0,125,-11.0432
3.025,0,0,125,-11.5917
3.05,0,0,125,-12.1509
3.075,0,0,125,-12.7205
3.1,0,0,125,-13.3003
3.125,0,0,125,-13.8899
3.15,0,0,125,-14.4889
3.175,0,0,125,-15.0971
3.2,0,0,125,-15.7139
3.225,0,0,125,-16.3388
3.25,0,0,125,-16.9714
3.275,0,0,125,-17.611
3.3,0,0,125,-18.2572
3.325,0,0,125,-18.9092
3.35,0,0,125,-19.5663
3.375,0,0,125,-20.2279
3.4,0,0,125,-20.8933
3.425,0,0,125,-21.5618
3.45,0,0,125,-22.2325
3.475,0,0,125,-22.9047
3.5,0,0,125,-23.5776
3.525,0,0,125,-24.2505
3.55,0,0,125,-24.9226
3.575,0,0,125,-25.5931
3.6,0,0,125,-26.2613
3.625,0,0,125,-26.9264
3.65,0,0,125,-27.5876
3.675,0,0,125,-28.2443
3.7,0,0,125,-28.8957
3.725,0,0,125,-29.5412
3.75,0,0,125,-30.1799
3.775,0,0,125,-30.8114
3.8,0,0,125,-31.4349
3.825,0,0,125,-32.0497
3.85,0,0,125,-32.6554
3.875,0,0,125,-33.2512
3.9,0,0,125,-33.8366
3.925,0,0,125,-34.4109
3.95,0,0,125,-34.9737
3.975,0,0,125,-35.5245
4,0,0,125,-36.0626
4.025,0,0,125,-36.5876
4.05,0,0,125,-37.0991
4.075,0,0,125,-37.5965
4.1,0,0,125,-38.0796
4.125,0,0,125,-38.5479
4.15,0,0,125,-39.0011
4.175,0,0,125,-39.4389
4.2,0,0,125,-39.861
4.225,0,0,125,-40.2672
4.25,0,0,125,-40.6575
4.275,0,0,125,-41.0315
4.3,0,0,125,-41.3893
4.325,0,0,125,-41.7308
4.35,0,0,125,-42.056
4.375,0,0,125,-42.3651
4.4,0,0,125,-42.658
4.425,0,0,125,-42.935
4.45,0,0,125,-43.1962
4.475,0,0,125,-43.4418
4.5,0,0,125,-43.6723
4.525,0,0,125,-43.8877
4.55,0,0,125,-44.0886
4.575,0,0,125,-44.2753
4.6,0,0,125,-44.4481
4.625,0,0,125,-44.6076
4.65,0,0,125,-44.7541
4.675,0,0,125,-44.8881
4.7,0,0,125,-45.0102
4.725,0,0,125,-45.1207
4.75,0,0,125,-45.2201
4.775,0,0,125,-45.309
4.8,0,0,125,-45.3876
4.825,0,0,125,-45.4566
4.85,0,0,125,-45.5161
4.875,0,0,125,-45.5665
4.9,0,0,125,-45.6082
4.925,0,0,125,-45.6412
4.95,0,0,125,-45.6659
4.975,0,0,125,-45.6822
5,0,0,125,-45.6904
