0,0,0,125,-83.2123
0.025,0,0,125,-83.2126
0.05,0,0,125,-83.2133
0.075,0,0,125,-83.2144
0.1,0,0,125,-83.2157
0.125,0,0,125,-83.2172
0.15,0,0,125,-83.2188
0.175,0,0,125,-83.2205
0.2,0,0,125,-83.2223
0.225,0,0,125,-83.2241
0.25,0,0,125,-83.2259
0.275,0,0,125,-83.2277
0.3,0,0,125,-83.2294
0.325,0,0,125,-83.2312
0.35,0,0,125,-83.2329
0.375,0,0,125,-83.2346
0.4,0,0,125,-83.2363
0.425,0,0,125,-83.238
0.45,0,0,125,-83.2397
0.475,0,0,125,-83.2414
0.5,0,0,125,-83.243
0.525,0,0,125,-83.2447
0.55,0,0,125,-83.2463
0.575,0,0,125,-83.2479
0.6,0,0,125,-83.2495
0.625,0,0,125,-83.251
0.65,0,0,125,-83.2526
0.675,0,0,125,-83.2541
0.7,0,0,125,-83.2556
0.725,0,0,125,-83.2572
0.75,0,0,125,-83.2587
0.775,0,0,125,-83.2602
0.8,0,0,125,-83.2617
0.825,0,0,125,-83.2632
0.85,0,0,125,-83.2647
0.875,0,0,125,-83.2662
0.9,0,0,125,-83.2678
0.925,0,0,125,-83.2693
0.95,0,0,125,-83.2709
0.975,0,0,125,-83.2725
1,0,0,125,-83.274
1.025,0,0,125,-83.2756
1.05,0,0,125,-83.2772
1.075,0,0,125,-83.2788
1.1,0,0,125,-83.2805
1.125,0,0,125,-83.2821
1.15,0,0,125,-83.2839
1.175,0,0,125,-83.2856
1.2,0,0,125,-83.2874
1.225,0,0,125,-83.2892
1.25,0,0,125,-83.291
1.275,0,0,125,-83.2929
1.3,0,0,125,-83.2948
1.325,0,0,125,-83.2968
1.35,0,0,125,-83.2988
1.375,0,0,125,-83.3008
1.4,0,0,125,-83.3028
1.425,0,0,125,-83.3049
1.45,0,0,125,-83.307
1.475,0,0,125,-83.3092
1.5,0,0,125,-83.3114
1.525,0,0,125,-83.3136
1.55,0,0,125,-83.3159
1.575,0,0,125,-83.3182
1.6,0,0,125,-83.3205
1.625,0,0,125,-83.3229
1.65,0,0,125,-83.3254
1.675,0,0,125,-83.3278
1.7,0,0,125,-83.3304
1.725,0,0,125,-83.333
1.75,0,0,125,-83.3357
1.775,0,0,125,-83.3385
1.8,0,0,125,-83.3413
1.825,0,0,125,-83.3442
1.85,0,0,125,-83.3471
1.875,0,0,125,-83.3501
1.9,0,0,125,-83.3532
1.925,0,0,125,-83.3563
1.95,0,0,125,-83.3596
1.975,0,0,125,-83.3629
2,0,0,125,-83.3663
2.025,0,0,125,-83.3698
2.05,0,0,125,-83.3734
2.075,0,0,125,-83.3771
2.1,0,0,125,-83.3808
2.125,0,0,125,-83.3847
2.15,0,0,125,-83.3887
2.175,0,0,125,-83.3927
2.2,0,0,125,-83.3969
2.225,0,0,125,-83.4012
2.25,0,0,125,-83.4057
2.275,0,0,125,-83.4102
2.3,0,0,125,-83.4148
2.325,0,0,125,-83.4196
2.35,0,0,125,-83.4244
2.375,0,0,125,-83.4294
2.4,0,0,125,-83.4345
2.425,0,0,125,-83.4396
2.45,0,0,125,-83.4448
2.475,0,0,125,-83.4502
2.5,0,0,125,-83.4557
2.525,0,0,125,-83.4612
2.55,0,0,125,-83.4668
2.575,0,0,125,-83.4726
2.6,0,0,125,-83.4784
2.625,0,0,125,-83.4843
2.65,0,0,125,-83.4903
2.675,0,0,125,-83.4964
2.7,0,0,125,-83.5025
2.725,0,0,125,-83.5088
2.75,0,0,125,-83.5151
2.775,0,0,125,-83.5215
2.8,0,0,125,-83.528
2.825,0,0,125,-83.5346
2.85,0,0,125,-83.5412
2.875,0,0,125,-83.5479
2.9,0,0,125,-83.5546
2.925,0,0,125,-83.5614
2.95,0,0,125,-83.5682
2.975,0,0,125,-83.575
3,0,0,125,-83.5819
3.025,0,0,125,-83.5887
3.05,0,0,125,-83.5956
3.075,0,0,125,-83.6025
3.1,0,0,125,-83.6094
3.125,0,0,125,-83.6162
3.15,0,0,125,-83.6231
3.175,0,0,125,-83.6299
3.2,0,0,125,-83.6368
3.225,0,0,125,-83.6435
3.25,0,0,125,-83.6503
3.275,0,0,125,-83.657
3.3,0,0,125,-83.6637
3.325,0,0,125,-83.6703
3.35,0,0,125,-83.6769
3.375,0,0,125,-83.6833
3.4,0,0,125,-83.6897
3.425,0,0,125,-83.696
3.45,0,0,125,-83.7022
3.475,0,0,125,-83.7084
3.5,0,0,125,-83.7144
3.525,0,0,125,-83.7203
3.55,0,0,125,-83.7261
3.575,0,0,125,-83.7318
3.6,0,0,125,-83.7373
3.625,0,0,125,-83.7428
3.65,0,0,125,-83.7481
3.675,0,0,125,-83.7534
3.7,0,0,125,-83.7585
3.725,0,0,125,-83.7635
3.75,0,0,125,-83.7683
3.775,0,0,125,-83.7731
3.8,0,0,125,-83.7777
3.825,0,0,125,-83.7822
3.85,0,0,125,-83.7865
3.875,0,0,125,-83.7907
3.9,0,0,125,-83.7948
3.925,0,0,125,-83.7987
3.95,0,0,125,-83.8025
3.975,0,0,125,-83.8061
4,0,0,125,-83.8096
4.025,0,0,125,-83.813
4.05,0,0,125,-83.8162
4.075,0,0,125,-83.8193
4.1,0,0,125,-83.8223
4.125,0,0,125,-83.8251
4.15,0,0,125,-83.8278
4.175,0,0,125,-83.8303
4.2,0,0,125,-83.8328
4.225,0,0,125,-83.8351
4.25,0,0,125,-83.8373
4.275,0,0,125,-83.8393
4.3,0,0,125,-83.8413
4.325,0,0,125,-83.8431
4.35,0,0,125,-83.8449
4.375,0,0,125,-83.8465
4.4,0,0,125,-83.848
4.425,0,0,125,-83.8494
4.45,0,0,125,-83.8508
4.475,0,0,125,-83.852
4.5,0,0,125,-83.8532
4.525,0,0,125,-83.8542
4.55,0,0,125,-83.8552
4.575,0,0,125,-83.8561
4.6,0,0,125,-83.8568
4.625,0,0,125,-83.8576
4.65,0,0,125,-83.8582
4.675,0,0,125,-83.8588
4.7,0,0,125,-83.8593
4.725,0,0,125,-83.8598
4.75,0,0,125,-83.8602
4.775,0,0,125,-83.8605
4.8,0,0,125,-83.8608
4.825,0,0,125,-83.861
4.85,0,0,125,-83.8612
4.875,0,0,125,-83.8613
4.9,0,0,125,-83.8614
4.925,0,0,125,-83.8615
4.95,0,0,125,-83.8615
4.975,0,0,125,-83.8616
5,0,0,125,-83.8616
