0,0,0,125,-14.2506
0.025,0,0,125,-14.2462
0.05,0,0,125,-14.2377
0.075,0,0,125,-14.2253
0.1,0,0,125,-14.2095
0.125,0,0,125,-14.1908
0.15,0,0,125,-14.1697
0.175,0,0,125,-14.1469
0.2,0,0,125,-14.1225
0.225,0,0,125,-14.0968
0.25,0,0,125,-14.0701
0.275,0,0,125,-14.0426
0.3,0,0,125,-14.0144
0.325,0,0,125,-13.9859
0.35,0,0,125,-13.957
0.375,0,0,125,-13.9282
0.4,0,0,125,-13.8994
0.425,0,0,125,-13.871
0.45,0,0,125,-13.843
0.475,0,0,125,-13.8156
0.5,0,0,125,-13.789
0.525,0,0,125,-13.7634
0.55,0,0,125,-13.7389
0.575,0,0,125,-13.7156
0.6,0,0,125,-13.6938
0.625,0,0,125,-13.6735
0.65,0,0,125,-13.6549
0.675,0,0,125,-13.6381
0.7,0,0,125,-13.6234
0.725,0,0,125,-13.6109
0.75,0,0,125,-13.6006
0.775,0,0,125,-13.5928
0.8,0,0,125,-13.5877
0.825,0,0,125,-13.5853
0.85,0,0,125,-13.5858
0.875,0,0,125,-13.5895
0.9,0,0,125,-13.5964
0.925,0,0,125,-13.6067
0.95,0,0,125,-13.6206
0.975,0,0,125,-13.6383
1,0,0,125,-13.66
1.025,0,0,125,-13.6857
1.05,0,0,125,-13.7158
1.075,0,0,125,-13.7504
1.1,0,0,125,-13.7896
1.125,0,0,125,-13.8338
1.15,0,0,125,-13.8831
1.175,0,0,125,-13.9377
1.2,0,0,125,-13.9978
1.225,0,0,125,-14.0636
1.25,0,0,125,-14.1354
1.275,0,0,125,-14.2135
1.3,0,0,125,-14.2979
1.325,0,0,125,-14.3891
1.35,0,0,125,-14.4872
1.375,0,0,125,-14.5925
1.4,0,0,125,-14.7053
1.425,0,0,125,-14.8258
1.45,0,0,125,-14.9543
1.475,0,0,125,-15.0911
1.5,0,0,125,-15.2365
1.525,0,0,125,-15.3907
1.55,0,0,125,-15.5541
1.575,0,0,125,-15.7269
1.6,0,0,125,-15.9096
1.625,0,0,125,-16.1023
1.65,0,0,125,-16.3054
1.675,0,0,125,-16.5193
1.7,0,0,125,-16.7442
1.725,0,0,125,-16.9805
1.75,0,0,125,-17.2286
1.775,0,0,125,-17.4887
1.8,0,0,125,-17.7613
1.825,0,0,125,-18.0467
1.85,0,0,125,-18.3453
1.875,0,0,125,-18.6574
1.9,0,0,125,-18.9835
1.925,0,0,125,-19.3238
1.95,0,0,125,-19.6789
1.975,0,0,125,-20.049
2,0,0,125,-20.4347
2.025,0,0,125,-20.8363
2.05,0,0,125,-21.2543
2.075,0,0,125,-21.6891
2.1,0,0,125,-22.1411
2.125,0,0,125,-22.6108
2.15,0,0,125,-23.0986
2.175,0,0,125,-23.6051
2.2,0,0,125,-24.1307
2.225,0,0,125,-24.6758
2.25,0,0,125,-25.2411
2.275,0,0,125,-25.827
2.3,0,0,125,-26.434
2.325,0,0,125,-27.0627
2.35,0,0,125,-27.7137
2.375,0,0,125,-28.3874
2.4,0,0,125,-29.0845
2.425,0,0,125,-29.8055
2.45,0,0,125,-30.551
2.475,0,0,125,-31.3215
2.5,0,0,125,-32.1177
2.525,0,0,125,-32.9399
2.55,0,0,125,-33.7889
2.575,0,0,125,-34.6648
2.6,0,0,125,-35.5682
2.625,0,0,125,-36.4994
2.65,0,0,125,-37.4584
2.675,0,0,125,-38.4452
2.7,0,0,125,-39.4599
2.725,0,0,125,-40.5019
2.75,0,0,125,-41.5707
2.775,0,0,125,-42.6655
2.8,0,0,125,-43.7852
2.825,0,0,125,-44.9284
2.85,0,0,125,-46.0934
2.875,0,0,125,-47.2781
2.9,0,0,125,-48.4803
2.925,0,0,125,-49.6971
2.95,0,0,125,-50.9258
2.975,0,0,125,-52.163
3,0,0,125,-53.4053
3.025,0,0,125,-54.6489
3.05,0,0,125,-55.8901
3.075,0,0,125,-57.1249
3.1,0,0,125,-58.3494
3.125,0,0,125,-59.5595
3.15,0,0,125,-60.7514
3.175,0,0,125,-61.9213
3.2,0,0,125,-63.0659
3.225,0,0,125,-64.1817
3.25,0,0,125,-65.2658
3.275,0,0,125,-66.3155
3.3,0,0,125,-67.3287
3.325,0,0,125,-68.3034
3.35,0,0,125,-69.2381
3.375,0,0,125,-70.1317
3.4,0,0,125,-70.9835
3.425,0,0,125,-71.7932
3.45,0,0,125,-72.5608
3.475,0,0,125,-73.2865
3.5,0,0,125,-73.971
3.525,0,0,125,-74.6151
3.55,0,0,125,-75.2199
3.575,0,0,125,-75.7866
3.6,0,0,125,-76.3165
3.625,0,0,125,-76.8112
3.65,0,0,125,-77.2722
3.675,0,0,125,-77.7012
3.7,0,0,125,-78.0999
3.725,0,0,125,-78.4698
3.75,0,0,125,-78.8126
3.775,0,0,125,-79.13
3.8,0,0,125,-79.4235
3.825,0,0,125,-79.6948
3.85,0,0,125,-79.9452
3.875,0,0,125,-80.1762
3.9,0,0,125,-80.3892
3.925,0,0,125,-80.5853
3.95,0,0,125,-80.766
3.975,0,0,125,-80.9322
4,0,0,125,-81.0851
4.025,0,0,125,-81.2257
4.05,0,0,125,-81.3548
4.075,0,0,125,-81.4735
4.1,0,0,125,-81.5825
4.125,0,0,125,-81.6826
4.15,0,0,125,-81.7744
4.175,0,0,125,-81.8587
4.2,0,0,125,-81.936
4.225,0,0,125,-82.0069
4.25,0,0,125,-82.0719
4.275,0,0,125,-82.1314
4.3,0,0,125,-82.186
4.325,0,0,125,-82.236
4.35,0,0,125,-82.2817
4.375,0,0,125,-82.3236
4.4,0,0,125,-82.3618
4.425,0,0,125,-82.3968
4.45,0,0,125,-82.4288
4.475,0,0,125,-82.4579
4.5,0,0,125,-82.4845
4.525,0,0,125,-82.5087
4.55,0,0,125,-82.5308
4.575,0,0,125,-82.5508
4.6,0,0,125,-82.569
4.625,0,0,125,-82.5854
4.65,0,0,125,-82.6002
4.675,0,0,125,-82.6135
4.7,0,0,125,-82.6255
4.725,0,0,125,-82.6362
4.75,0,0,125,-82.6456
4.775,0,0,125,-82.654
4.8,0,0,125,-82.6612
4.825,0,0,125,-82.6675
4.85,0,0,125,-82.6729
4.875,0,0,125,-82.6773
4.9,0,0,125,-82.681
4.925,0,0,125,-82.6838
4.95,0,0,125,-82.6859
4.975,0,0,125,-82.6873
5,0,0,125,-82.688
