0,0,0,125,-74.6411
0.025,0,0,125,-74.6501
0.05,0,0,125,-74.668
0.075,0,0,125,-74.6948
0.1,0,0,125,-74.7304
0.125,0,0,125,-74.7747
0.15,0,0,125,-74.8276
0.175,0,0,125,-74.8888
0.2,0,0,125,-74.9582
0.225,0,0,125,-75.0355
0.25,0,0,125,-75.1204
0.275,0,0,125,-75.2127
0.3,0,0,125,-75.3121
0.325,0,0,125,-75.4181
0.35,0,0,125,-75.5305
0.375,0,0,125,-75.6489
0.4,0,0,125,-75.7729
0.425,0,0,125,-75.9021
0.45,0,0,125,-76.036
0.475,0,0,125,-76.1744
0.5,0,0,125,-76.3167
0.525,0,0,125,-76.4626
0.55,0,0,125,-76.6116
0.575,0,0,125,-76.7633
0.6,0,0,125,-76.9172
0.625,0,0,125,-77.0731
0.65,0,0,125,-77.2303
0.675,0,0,125,-77.3887
0.7,0,0,125,-77.5477
0.725,0,0,125,-77.707
0.75,0,0,125,-77.8663
0.775,0,0,125,-78.0252
0.8,0,0,125,-78.1833
0.825,0,0,125,-78.3404
0.85,0,0,125,-78.4961
0.875,0,0,125,-78.6502
0.9,0,0,125,-78.8024
0.925,0,0,125,-78.9524
0.95,0,0,125,-79.1001
0.975,0,0,125,-79.2452
1,0,0,125,-79.3876
1.025,0,0,125,-79.527
1.05,0,0,125,-79.6634
1.075,0,0,125,-79.7966
1.1,0,0,125,-79.9265
1.125,0,0,125,-80.0529
1.15,0,0,125,-80.1759
1.175,0,0,125,-80.2954
1.2,0,0,125,-80.4113
1.225,0,0,125,-80.5235
1.25,0,0,125,-80.6322
1.275,0,0,125,-80.7371
1.3,0,0,125,-80.8385
1.325,0,0,125,-80.9363
1.35,0,0,125,-81.0305
1.375,0,0,125,-81.1211
1.4,0,0,125,-81.2083
1.425,0,0,125,-81.2921
1.45,0,0,125,-81.3725
1.475,0,0,125,-81.4496
1.5,0,0,125,-81.5235
1.525,0,0,125,-81.5943
1.55,0,0,125,-81.662
1.575,0,0,125,-81.7268
1.6,0,0,125,-81.7887
1.625,0,0,125,-81.8479
1.65,0,0,125,-81.9044
1.675,0,0,125,-81.9584
1.7,0,0,125,-82.0099
1.725,0,0,125,-82.059
1.75,0,0,125,-82.1058
1.775,0,0,125,-82.1505
1.8,0,0,125,-82.1931
1.825,0,0,125,-82.2338
1.85,0,0,125,-82.2725
1.875,0,0,125,-82.3095
1.9,0,0,125,-82.3447
1.925,0,0,125,-82.3783
1.95,0,0,125,-82.4104
1.975,0,0,125,-82.441
2,0,0,125,-82.4703
2.025,0,0,125,-82.4983
2.05,0,0,125,-82.525
2.075,0,0,125,-82.5506
2.1,0,0,125,-82.5751
2.125,0,0,125,-82.5986
2.15,0,0,125,-82.6211
2.175,0,0,125,-82.6427
2.2,0,0,125,-82.6635
2.225,0,0,125,-82.6835
2.25,0,0,125,-82.7027
2.275,0,0,125,-82.7212
2.3,0,0,125,-82.7391
2.325,0,0,125,-82.7563
2.35,0,0,125,-82.773
2.375,0,0,125,-82.7891
2.4,0,0,125,-82.8047
2.425,0,0,125,-82.8198
2.45,0,0,125,-82.8345
2.475,0,0,125,-82.8487
2.5,0,0,125,-82.8626
2.525,0,0,125,-82.8761
2.55,0,0,125,-82.8892
2.575,0,0,125,-82.902
2.6,0,0,125,-82.9144
2.625,0,0,125,-82.9266
2.65,0,0,125,-82.9385
2.675,0,0,125,-82.9501
2.7,0,0,125,-82.9614
2.725,0,0,125,-82.9725
2.75,0,0,125,-82.9833
2.775,0,0,125,-82.994
2.8,0,0,125,-83.0043
2.825,0,0,125,-83.0145
2.85,0,0,125,-83.0245
2.875,0,0,125,-83.0342
2.9,0,0,125,-83.0438
2.925,0,0,125,-83.0531
2.95,0,0,125,-83.0623
2.975,0,0,125,-83.0712
3,0,0,125,-83.08
3.025,0,0,125,-83.0886
3.05,0,0,125,-83.097
3.075,0,0,125,-83.1052
3.1,0,0,125,-83.1133
3.125,0,0,125,-83.1211
3.15,0,0,125,-83.1288
3.175,0,0,125,-83.1363
3.2,0,0,125,-83.1437
3.225,0,0,125,-83.1508
3.25,0,0,125,-83.1578
3.275,0,0,125,-83.1646
3.3,0,0,125,-83.1712
3.325,0,0,125,-83.1776
3.35,0,0,125,-83.1839
3.375,0,0,125,-83.19
3.4,0,0,125,-83.1959
3.425,0,0,125,-83.2017
3.45,0,0,125,-83.2073
3.475,0,0,125,-83.2127
3.5,0,0,125,-83.2179
3.525,0,0,125,-83.2229
3.55,0,0,125,-83.2278
3.575,0,0,125,-83.2325
3.6,0,0,125,-83.2369
3.625,0,0,125,-83.2412
3.65,0,0,125,-83.2453
3.675,0,0,125,-83.2493
3.7,0,0,125,-83.253
3.725,0,0,125,-83.2565
3.75,0,0,125,-83.2599
3.775,0,0,125,-83.263
3.8,0,0,125,-83.266
3.825,0,0,125,-83.2689
3.85,0,0,125,-83.2715
3.875,0,0,125,-83.2739
3.9,0,0,125,-83.2762
3.925,0,0,125,-83.2783
3.95,0,0,125,-83.2802
3.975,0,0,125,-83.2819
4,0,0,125,-83.2835
4.025,0,0,125,-83.2849
4.05,0,0,125,-83.286
4.075,0,0,125,-83.2871
4.1,0,0,125,-83.2879
4.125,0,0,125,-83.2886
4.15,0,0,125,-83.289
4.175,0,0,125,-83.2894
4.2,0,0,125,-83.2895
4.225,0,0,125,-83.2895
4.25,0,0,125,-83.2893
4.275,0,0,125,-83.289
4.3,0,0,125,-83.2885
4.325,0,0,125,-83.2878
4.35,0,0,125,-83.287
4.375,0,0,125,-83.286
4.4,0,0,125,-83.2849
4.425,0,0,125,-83.2837
4.45,0,0,125,-83.2823
4.475,0,0,125,-83.2808
4.5,0,0,125,-83.2791
4.525,0,0,125,-83.2774
4.55,0,0,125,-83.2755
4.575,0,0,125,-83.2736
4.6,0,0,125,-83.2715
4.625,0,0,125,-83.2694
4.65,0,0,125,-83.2672
4.675,0,0,125,-83.265
4.7,0,0,125,-83.2627
4.725,0,0,125,-83.2603
4.75,0,0,125,-83.258
4.775,0,0,125,-83.2556
4.8,0,0,125,-83.2533
4.825,0,0,125,-83.251
4.85,0,0,125,-83.2488
4.875,0,0,125,-83.2468
4.9,0,0,125,-83.2449
4.925,0,0,125,-83.2433
4.95,0,0,125,-83.242
4.975,0,0,125,-83.2411
5,0,0,125,-83.2406
