0,0,0,125,5.03349
0.025,0,0,125,4.99612
0.05,0,0,125,4.92176
0.075,0,0,125,4.81115
0.1,0,0,125,4.66531
0.125,0,0,125,4.48558
0.15,0,0,125,4.27367
0.175,0,0,125,4.03166
0.2,0,0,125,3.7621
0.225,0,0,125,3.46787
0.25,0,0,125,3.15214
0.275,0,0,125,2.81824
0.3,0,0,125,2.46959
0.325,0,0,125,2.10962
0.35,0,0,125,1.74166
0.375,0,0,125,1.36893
0.4,0,0,125,0.994395
0.425,0,0,125,0.62081
0.45,0,0,125,0.25063
0.475,0,0,125,-0.113995
0.5,0,0,125,-0.471226
0.525,0,0,125,-0.819546
0.55,0,0,125,-1.15774
0.575,0,0,125,-1.4849
0.6,0,0,125,-1.80038
0.625,0,0,125,-2.1038
0.65,0,0,125,-2.39499
0.675,0,0,125,-2.67399
0.7,0,0,125,-2.94099
0.725,0,0,125,-3.19632
0.75,0,0,125,-3.44045
0.775,0,0,125,-3.67389
0.8,0,0,125,-3.89724
0.825,0,0,125,-4.11112
0.85,0,0,125,-4.31618
0.875,0,0,125,-4.51308
0.9,0,0,125,-4.70246
0.925,0,0,125,-4.88495
0.95,0,0,125,-5.06114
0.975,0,0,125,-5.23161
1,0,0,125,-5.39688
1.025,0,0,125,-5.55744
1.05,0,0,125,-5.71375
1.075,0,0,125,-5.86622
1.1,0,0,125,-6.01522
1.125,0,0,125,-6.1611
1.15,0,0,125,-6.30416
1.175,0,0,125,-6.44468
1.2,0,0,125,-6.5829
1.225,0,0,125,-6.71904
1.25,0,0,125,-6.8533
1.275,0,0,125,-6.98587
1.3,0,0,125,-7.1169
1.325,0,0,125,-7.24654
1.35,0,0,125,-7.37492
1.375,0,0,125,-7.50217
1.4,0,0,125,-7.62839
1.425,0,0,125,-7.75371
1.45,0,0,125,-7.8782
1.475,0,0,125,-8.00198
1.5,0,0,125,-8.12512
1.525,0,0,125,-8.24771
1.55,0,0,125,-8.36984
1.575,0,0,125,-8.49158
1.6,0,0,125,-8.61302
1.625,0,0,125,-8.73422
1.65,0,0,125,-8.85527
1.675,0,0,125,-8.97624
1.7,0,0,125,-9.0972
1.725,0,0,125,-9.21823
1.75,0,0,125,-9.3394
1.775,0,0,125,-9.46078
1.8,0,0,125,-9.58244
1.825,0,0,125,-9.70446
1.85,0,0,125,-9.82691
1.875,0,0,125,-9.94985
1.9,0,0,125,-10.0734
1.925,0,0,125,-10.1975
1.95,0,0,125,-10.3224
1.975,0,0,125,-10.4481
2,0,0,125,-10.5746
2.025,0,0,125,-10.702
2.05,0,0,125,-10.8305
2.075,0,0,125,-10.96
2.1,0,0,125,-11.0907
2.125,0,0,125,-11.2226
2.15,0,0,125,-11.3558
2.175,0,0,125,-11.4904
2.2,0,0,125,-11.6264
2.225,0,0,125,-11.7639
2.25,0,0,125,-11.903
2.275,0,0,125,-12.0438
2.3,0,0,125,-12.1862
2.325,0,0,125,-12.3305
2.35,0,0,125,-12.4766
2.375,0,0,125,-12.6247
2.4,0,0,125,-12.7747
2.425,0,0,125,-12.9268
2.45,0,0,125,-13.081
2.475,0,0,125,-13.2375
2.5,0,0,125,-13.3961
2.525,0,0,125,-13.5571
2.55,0,0,125,-13.7204
2.575,0,0,125,-13.8862
2.6,0,0,125,-14.0544
2.625,0,0,125,-14.2251
2.65,0,0,125,-14.3984
2.675,0,0,125,-14.5743
2.7,0,0,125,-14.7528
2.725,0,0,125,-14.934
2.75,0,0,125,-15.1179
2.775,0,0,125,-15.3044
2.8,0,0,125,-15.4937
2.825,0,0,125,-15.6857
2.85,0,0,125,-15.8805
2.875,0,0,125,-16.078
2.9,0,0,125,-16.2781
2.925,0,0,125,-16.481
2.95,0,0,125,-16.6865
2.975,0,0,125,-16.8946
3,0,0,125,-17.1052
3.025,0,0,125,-17.3184
3.05,0,0,125,-17.5339
3.075,0,0,125,-17.7518
3.1,0,0,125,-17.9719
3.125,0,0,125,-18.1941
3.15,0,0,125,-18.4183
3.175,0,0,125,-18.6443
3.2,0,0,125,-18.872
3.225,0,0,125,-19.1012
3.25,0,0,125,-19.3317
3.275,0,0,125,-19.5634
3.3,0,0,125,-19.7959
3.325,0,0,125,-20.0291
3.35,0,0,125,-20.2627
3.375,0,0,125,-20.4964
3.4,0,0,125,-20.73
3.425,0,0,125,-20.9631
3.45,0,0,125,-21.1954
3.475,0,0,125,-21.4266
3.5,0,0,125,-21.6563
3.525,0,0,125,-21.8842
3.55,0,0,125,-22.1097
3.575,0,0,125,-22.3326
3.6,0,0,125,-22.5524
3.625,0,0,125,-22.7687
3.65,0,0,125,-22.981
3.675,0,0,125,-23.1888
3.7,0,0,125,-23.3917
3.725,0,0,125,-23.5893
3.75,0,0,125,-23.7809
3.775,0,0,125,-23.9662
3.8,0,0,125,-24.1445
3.825,0,0,125,-24.3155
3.85,0,0,125,-24.4786
3.875,0,0,125,-24.6333
3.9,0,0,125,-24.7792
3.925,0,0,125,-24.9157
3.95,0,0,125,-25.0423
3.975,0,0,125,-25.1587
4,0,0,125,-25.2643
4.025,0,0,125,-25.3588
4.05,0,0,125,-25.4418
4.075,0,0,125,-25.5129
4.1,0,0,125,-25.5718
4.125,0,0,125,-25.6182
4.15,0,0,125,-25.6518
4.175,0,0,125,-25.6725
4.2,0,0,125,-25.6801
4.225,0,0,125,-25.6746
4.25,0,0,125,-25.6558
4.275,0,0,125,-25.6239
4.3,0,0,125,-25.5789
4.325,0,0,125,-25.521
4.35,0,0,125,-25.4505
4.375,0,0,125,-25.3677
4.4,0,0,125,-25.273
4.425,0,0,125,-25.1671
4.45,0,0,125,-25.0505
4.475,0,0,125,-24.9239
4.5,0,0,125,-24.7881
4.525,0,0,125,-24.6442
4.55,0,0,125,-24.4931
4.575,0,0,125,-24.336
4.6,0,0,125,-24.1742
4.625,0,0,125,-24.0091
4.65,0,0,125,-23.8422
4.675,0,0,125,-23.6751
4.7,0,0,125,-23.5095
4.725,0,0,125,-23.3474
4.75,0,0,125,-23.1907
4.775,0,0,125,-23.0414
4.8,0,0,125,-22.9019
4.825,0,0,125,-22.7742
4.85,0,0,125,-22.6604
4.875,0,0,125,-22.5622
4.9,0,0,125,-22.4807
4.925,0,0,125,-22.4158
4.95,0,0,125,-22.3675
4.975,0,0,125,-22.3355
5,0,0,125,-22.3194
