0,0,0,125,-83.089
0.025,0,0,125,-83.0895
0.05,0,0,125,-83.0904
0.075,0,0,125,-83.0917
0.1,0,0,125,-83.0933
0.125,0,0,125,-83.0951
0.15,0,0,125,-83.0969
0.175,0,0,125,-83.0988
0.2,0,0,125,-83.1005
0.225,0,0,125,-83.1022
0.25,0,0,125,-83.1037
0.275,0,0,125,-83.1049
0.3,0,0,125,-83.1059
0.325,0,0,125,-83.1067
0.35,0,0,125,-83.1071
0.375,0,0,125,-83.1072
0.4,0,0,125,-83.107
0.425,0,0,125,-83.1063
0.45,0,0,125,-83.1052
0.475,0,0,125,-83.1036
0.5,0,0,125,-83.1016
0.525,0,0,125,-83.099
0.55,0,0,125,-83.0958
0.575,0,0,125,-83.092
0.6,0,0,125,-83.0876
0.625,0,0,125,-83.0824
0.65,0,0,125,-83.0765
0.675,0,0,125,-83.0698
0.7,0,0,125,-83.0621
0.725,0,0,125,-83.0535
0.75,0,0,125,-83.0439
0.775,0,0,125,-83.0332
0.8,0,0,125,-83.0213
0.825,0,0,125,-83.0081
0.85,0,0,125,-82.9934
0.875,0,0,125,-82.9773
0.9,0,0,125,-82.9595
0.925,0,0,125,-82.9399
0.95,0,0,125,-82.9183
0.975,0,0,125,-82.8946
1,0,0,125,-82.8686
1.025,0,0,125,-82.8401
1.05,0,0,125,-82.8088
1.075,0,0,125,-82.7745
1.1,0,0,125,-82.7369
1.125,0,0,125,-82.6958
1.15,0,0,125,-82.6507
1.175,0,0,125,-82.6013
1.2,0,0,125,-82.5473
1.225,0,0,125,-82.4881
1.25,0,0,125,-82.4233
1.275,0,0,125,-82.3524
1.3,0,0,125,-82.2747
1.325,0,0,125,-82.1897
1.35,0,0,125,-82.0966
1.375,0,0,125,-81.9946
1.4,0,0,125,-81.8829
1.425,0,0,125,-81.7606
1.45,0,0,125,-81.6267
1.475,0,0,125,-81.48
1.5,0,0,125,-81.3194
1.525,0,0,125,-81.1435
1.55,0,0,125,-80.9509
1.575,0,0,125,-80.7401
1.6,0,0,125,-80.5094
1.625,0,0,125,-80.257
1.65,0,0,125,-79.981
1.675,0,0,125,-79.6793
1.7,0,0,125,-79.3497
1.725,0,0,125,-78.99
1.75,0,0,125,-78.5977
1.775,0,0,125,-78.1703
1.8,0,0,125,-77.7051
1.825,0,0,125,-77.1996
1.85,0,0,125,-76.6511
1.875,0,0,125,-76.0569
1.9,0,0,125,-75.4146
1.925,0,0,125,-74.7216
1.95,0,0,125,-73.9759
1.975,0,0,125,-73.1755
2,0,0,125,-72.3188
2.025,0,0,125,-71.4049
2.05,0,0,125,-70.433
2.075,0,0,125,-69.4032
2.1,0,0,125,-68.3161
2.125,0,0,125,-67.1732
2.15,0,0,125,-65.9765
2.175,0,0,125,-64.7288
2.2,0,0,125,-63.4337
2.225,0,0,125,-62.0953
2.25,0,0,125,-60.7185
2.275,0,0,125,-59.3086
2.3,0,0,125,-57.8714
2.325,0,0,125,-56.4129
2.35,0,0,125,-54.9393
2.375,0,0,125,-53.4569
2.4,0,0,125,-51.9717
2.425,0,0,125,-50.4897
2.45,0,0,125,-49.0164
2.475,0,0,125,-47.557
2.5,0,0,125,-46.1162
2.525,0,0,125,-44.6982
2.55,0,0,125,-43.3065
2.575,0,0,125,-41.9441
2.6,0,0,125,-40.6136
2.625,0,0,125,-39.317
2.65,0,0,125,-38.0555
2.675,0,0,125,-36.8305
2.7,0,0,125,-35.6424
2.725,0,0,125,-34.4916
2.75,0,0,125,-33.3783
2.775,0,0,125,-32.3022
2.8,0,0,125,-31.2631
2.825,0,0,125,-30.2604
2.85,0,0,125,-29.2937
2.875,0,0,125,-28.3622
2.9,0,0,125,-27.4654
2.925,0,0,125,-26.6024
2.95,0,0,125,-25.7724
2.975,0,0,125,-24.9747
3,0,0,125,-24.2083
3.025,0,0,125,-23.4726
3.05,0,0,125,-22.7665
3.075,0,0,125,-22.0892
3.1,0,0,125,-21.4399
3.125,0,0,125,-20.8176
3.15,0,0,125,-20.2215
3.175,0,0,125,-19.6507
3.2,0,0,125,-19.1042
3.225,0,0,125,-18.5812
3.25,0,0,125,-18.0809
3.275,0,0,125,-17.6023
3.3,0,0,125,-17.1446
3.325,0,0,125,-16.707
3.35,0,0,125,-16.2886
3.375,0,0,125,-15.8888
3.4,0,0,125,-15.5065
3.425,0,0,125,-15.1412
3.45,0,0,125,-14.7921
3.475,0,0,125,-14.4585
3.5,0,0,125,-14.1396
3.525,0,0,125,-13.8348
3.55,0,0,125,-13.5436
3.575,0,0,125,-13.2651
3.6,0,0,125,-12.9989
3.625,0,0,125,-12.7444
3.65,0,0,125,-12.5011
3.675,0,0,125,-12.2684
3.7,0,0,125,-12.0458
3.725,0,0,125,-11.8328
3.75,0,0,125,-11.6291
3.775,0,0,125,-11.4341
3.8,0,0,125,-11.2475
3.825,0,0,125,-11.0688
3.85,0,0,125,-10.8978
3.875,0,0,125,-10.7339
3.9,0,0,125,-10.577
3.925,0,0,125,-10.4267
3.95,0,0,125,-10.2827
3.975,0,0,125,-10.1447
4,0,0,125,-10.0125
4.025,0,0,125,-9.88573
4.05,0,0,125,-9.76425
4.075,0,0,125,-9.64781
4.1,0,0,125,-9.5362
4.125,0,0,125,-9.42921
4.15,0,0,125,-9.32667
4.175,0,0,125,-9.22839
4.2,0,0,125,-9.13422
4.225,0,0,125,-9.044
4.25,0,0,125,-8.95759
4.275,0,0,125,-8.87485
4.3,0,0,125,-8.79566
4.325,0,0,125,-8.71989
4.35,0,0,125,-8.64746
4.375,0,0,125,-8.57825
4.4,0,0,125,-8.51217
4.425,0,0,125,-8.44915
4.45,0,0,125,-8.38911
4.475,0,0,125,-8.33197
4.5,0,0,125,-8.27767
4.525,0,0,125,-8.22615
4.55,0,0,125,-8.17738
4.575,0,0,125,-8.13132
4.6,0,0,125,-8.08792
4.625,0,0,125,-8.04716
4.65,0,0,125,-8.00902
4.675,0,0,125,-7.97348
4.7,0,0,125,-7.94053
4.725,0,0,125,-7.91017
4.75,0,0,125,-7.88241
4.775,0,0,125,-7.85723
4.8,0,0,125,-7.83465
4.825,0,0,125,-7.81468
4.85,0,0,125,-7.79732
4.875,0,0,125,-7.78255
4.9,0,0,125,-7.77035
4.925,0,0,125,-7.76065
4.95,0,0,125,-7.75342
4.975,0,0,125,-7.74861
5,0,0,125,-7.74621
