0,0,0,125,-83.3832
0.025,0,0,125,-83.3836
0.05,0,0,125,-83.3842
0.075,0,0,125,-83.3852
0.1,0,0,125,-83.3863
0.125,0,0,125,-83.3877
0.15,0,0,125,-83.3891
0.175,0,0,125,-83.3907
0.2,0,0,125,-83.3923
0.225,0,0,125,-83.3939
0.25,0,0,125,-83.3955
0.275,0,0,125,-83.3971
0.3,0,0,125,-83.3987
0.325,0,0,125,-83.4003
0.35,0,0,125,-83.4019
0.375,0,0,125,-83.4035
0.4,0,0,125,-83.405
0.425,0,0,125,-83.4066
0.45,0,0,125,-83.4081
0.475,0,0,125,-83.4096
0.5,0,0,125,-83.4111
0.525,0,0,125,-83.4125
0.55,0,0,125,-83.414
0.575,0,0,125,-83.4154
0.6,0,0,125,-83.4169
0.625,0,0,125,-83.4183
0.65,0,0,125,-83.4197
0.675,0,0,125,-83.4211
0.7,0,0,125,-83.4224
0.725,0,0,125,-83.4238
0.75,0,0,125,-83.4251
0.775,0,0,125,-83.4265
0.8,0,0,125,-83.4279
0.825,0,0,125,-83.4293
0.85,0,0,125,-83.4306
0.875,0,0,125,-83.432
0.9,0,0,125,-83.4335
0.925,0,0,125,-83.4349
0.95,0,0,125,-83.4363
0.975,0,0,125,-83.4377
1,0,0,125,-83.4391
1.025,0,0,125,-83.4406
1.05,0,0,125,-83.4421
1.075,0,0,125,-83.4436
1.1,0,0,125,-83.4451
1.125,0,0,125,-83.4466
1.15,0,0,125,-83.4481
1.175,0,0,125,-83.4497
1.2,0,0,125,-83.4513
1.225,0,0,125,-83.4529
1.25,0,0,125,-83.4546
1.275,0,0,125,-83.4562
1.3,0,0,125,-83.4579
1.325,0,0,125,-83.4596
1.35,0,0,125,-83.4614
1.375,0,0,125,-83.4631
1.4,0,0,125,-83.465
1.425,0,0,125,-83.4668
1.45,0,0,125,-83.4687
1.475,0,0,125,-83.4706
1.5,0,0,125,-83.4726
1.525,0,0,125,-83.4746
1.55,0,0,125,-83.4767
1.575,0,0,125,-83.4787
1.6,0,0,125,-83.4809
1.625,0,0,125,-83.483
1.65,0,0,125,-83.4852
1.675,0,0,125,-83.4874
1.7,0,0,125,-83.4897
1.725,0,0,125,-83.4921
1.75,0,0,125,-83.4945
1.775,0,0,125,-83.4969
1.8,0,0,125,-83.4995
1.825,0,0,125,-83.5021
1.85,0,0,125,-83.5047
1.875,0,0,125,-83.5074
1.9,0,0,125,-83.5102
1.925,0,0,125,-83.513
1.95,0,0,125,-83.5159
1.975,0,0,125,-83.5189
2,0,0,125,-83.522
2.025,0,0,125,-83.5251
2.05,0,0,125,-83.5284
2.075,0,0,125,-83.5317
2.1,0,0,125,-83.5351
2.125,0,0,125,-83.5385
2.15,0,0,125,-83.5421
2.175,0,0,125,-83.5458
2.2,0,0,125,-83.5495
2.225,0,0,125,-83.5533
2.25,0,0,125,-83.5573
2.275,0,0,125,-83.5613
2.3,0,0,125,-83.5654
2.325,0,0,125,-83.5696
2.35,0,0,125,-83.5739
2.375,0,0,125,-83.5783
2.4,0,0,125,-83.5828
2.425,0,0,125,-83.5874
2.45,0,0,125,-83.5921
2.475,0,0,125,-83.5968
2.5,0,0,125,-83.6017
2.525,0,0,125,-83.6066
2.55,0,0,125,-83.6116
2.575,0,0,125,-83.6167
2.6,0,0,125,-83.6219
2.625,0,0,125,-83.6272
2.65,0,0,125,-83.6326
2.675,0,0,125,-83.6381
2.7,0,0,125,-83.6436
2.725,0,0,125,-83.6492
2.75,0,0,125,-83.6549
2.775,0,0,125,-83.6606
2.8,0,0,125,-83.6664
2.825,0,0,125,-83.6722
2.85,0,0,125,-83.6781
2.875,0,0,125,-83.6841
2.9,0,0,125,-83.6901
2.925,0,0,125,-83.6961
2.95,0,0,125,-83.7021
2.975,0,0,125,-83.7082
3,0,0,125,-83.7142
3.025,0,0,125,-83.7203
3.05,0,0,125,-83.7264
3.075,0,0,125,-83.7325
3.1,0,0,125,-83.7386
3.125,0,0,125,-83.7447
3.15,0,0,125,-83.7507
3.175,0,0,125,-83.7568
3.2,0,0,125,-83.7628
3.225,0,0,125,-83.7688
3.25,0,0,125,-83.7748
3.275,0,0,125,-83.7807
3.3,0,0,125,-83.7866
3.325,0,0,125,-83.7924
3.35,0,0,125,-83.7982
3.375,0,0,125,-83.804
3.4,0,0,125,-83.8096
3.425,0,0,125,-83.8152
3.45,0,0,125,-83.8206
3.475,0,0,125,-83.826
3.5,0,0,125,-83.8313
3.525,0,0,125,-83.8365
3.55,0,0,125,-83.8417
3.575,0,0,125,-83.8467
3.6,0,0,125,-83.8516
3.625,0,0,125,-83.8565
3.65,0,0,125,-83.8612
3.675,0,0,125,-83.8657
3.7,0,0,125,-83.8702
3.725,0,0,125,-83.8746
3.75,0,0,125,-83.8788
3.775,0,0,125,-83.883
3.8,0,0,125,-83.887
3.825,0,0,125,-83.8909
3.85,0,0,125,-83.8947
3.875,0,0,125,-83.8983
3.9,0,0,125,-83.9019
3.925,0,0,125,-83.9053
3.95,0,0,125,-83.9086
3.975,0,0,125,-83.9119
4,0,0,125,-83.915
4.025,0,0,125,-83.9179
4.05,0,0,125,-83.9208
4.075,0,0,125,-83.9235
4.1,0,0,125,-83.9261
4.125,0,0,125,-83.9286
4.15,0,0,125,-83.931
4.175,0,0,125,-83.9332
4.2,0,0,125,-83.9354
4.225,0,0,125,-83.9375
4.25,0,0,125,-83.9394
4.275,0,0,125,-83.9412
4.3,0,0,125,-83.9429
4.325,0,0,125,-83.9446
4.35,0,0,125,-83.9461
4.375,0,0,125,-83.9475
4.4,0,0,125,-83.9489
4.425,0,0,125,-83.9501
4.45,0,0,125,-83.9513
4.475,0,0,125,-83.9524
4.5,0,0,125,-83.9534
4.525,0,0,125,-83.9543
4.55,0,0,125,-83.9552
4.575,0,0,125,-83.956
4.6,0,0,125,-83.9567
4.625,0,0,125,-83.9573
4.65,0,0,125,-83.9579
4.675,0,0,125,-83.9585
4.7,0,0,125,-83.9589
4.725,0,0,125,-83.9593
4.75,0,0,125,-83.9597
4.775,0,0,125,-83.9599
4.8,0,0,125,-83.9601
4.825,0,0,125,-83.9603
4.85,0,0,125,-83.9605
4.875,0,0,125,-83.9606
4.9,0,0,125,-83.9607
4.925,0,0,125,-83.9607
4.95,0,0,125,-83.9608
4.975,0,0,125,-83.9608
5,0,0,125,-83.9608
