0,0,0,125,-46.4647
0.025,0,0,125,-46.4822
0.05,0,0,125,-46.517
0.075,0,0,125,-46.5694
0.1,0,0,125,-46.6394
0.125,0,0,125,-46.7271
0.15,0,0,125,-46.8325
0.175,0,0,125,-46.9559
0.2,0,0,125,-47.0971
0.225,0,0,125,-47.2564
0.25,0,0,125,-47.4336
0.275,0,0,125,-47.6289
0.3,0,0,125,-47.8422
0.325,0,0,125,-48.0735
0.35,0,0,125,-48.3229
0.375,0,0,125,-48.5902
0.4,0,0,125,-48.8755
0.425,0,0,125,-49.1788
0.45,0,0,125,-49.4999
0.475,0,0,125,-49.8388
0.5,0,0,125,-50.1955
0.525,0,0,125,-50.5697
0.55,0,0,125,-50.9614
0.575,0,0,125,-51.3703
0.6,0,0,125,-51.7962
0.625,0,0,125,-52.2389
0.65,0,0,125,-52.6981
0.675,0,0,125,-53.1734
0.7,0,0,125,-53.6645
0.725,0,0,125,-54.1708
0.75,0,0,125,-54.692
0.775,0,0,125,-55.2274
0.8,0,0,125,-55.7764
0.825,0,0,125,-56.3385
0.85,0,0,125,-56.9127
0.875,0,0,125,-57.4984
0.9,0,0,125,-58.0947
0.925,0,0,125,-58.7007
0.95,0,0,125,-59.3154
0.975,0,0,125,-59.9379
1,0,0,125,-60.567
1.025,0,0,125,-61.2017
1.05,0,0,125,-61.8409
1.075,0,0,125,-62.4833
1.1,0,0,125,-63.1277
1.125,0,0,125,-63.7729
1.15,0,0,125,-64.4178
1.175,0,0,125,-65.061
1.2,0,0,125,-65.7013
1.225,0,0,125,-66.3375
1.25,0,0,125,-66.9684
1.275,0,0,125,-67.5929
1.3,0,0,125,-68.2096
1.325,0,0,125,-68.8177
1.35,0,0,125,-69.416
1.375,0,0,125,-70.0036
1.4,0,0,125,-70.5796
1.425,0,0,125,-71.143
1.45,0,0,125,-71.6931
1.475,0,0,125,-72.2292
1.5,0,0,125,-72.7508
1.525,0,0,125,-73.2572
1.55,0,0,125,-73.748
1.575,0,0,125,-74.2229
1.6,0,0,125,-74.6815
1.625,0,0,125,-75.1237
1.65,0,0,125,-75.5492
1.675,0,0,125,-75.9581
1.7,0,0,125,-76.3504
1.725,0,0,125,-76.7262
1.75,0,0,125,-77.0855
1.775,0,0,125,-77.4286
1.8,0,0,125,-77.7557
1.825,0,0,125,-78.0673
1.85,0,0,125,-78.3635
1.875,0,0,125,-78.6448
1.9,0,0,125,-78.9115
1.925,0,0,125,-79.1642
1.95,0,0,125,-79.4033
1.975,0,0,125,-79.6293
2,0,0,125,-79.8426
2.025,0,0,125,-80.0438
2.05,0,0,125,-80.2334
2.075,0,0,125,-80.4119
2.1,0,0,125,-80.5798
2.125,0,0,125,-80.7375
2.15,0,0,125,-80.8857
2.175,0,0,125,-81.0248
2.2,0,0,125,-81.1553
2.225,0,0,125,-81.2776
2.25,0,0,125,-81.3922
2.275,0,0,125,-81.4995
2.3,0,0,125,-81.6
2.325,0,0,125,-81.6941
2.35,0,0,125,-81.7821
2.375,0,0,125,-81.8645
2.4,0,0,125,-81.9415
2.425,0,0,125,-82.0136
2.45,0,0,125,-82.0811
2.475,0,0,125,-82.1442
2.5,0,0,125,-82.2033
2.525,0,0,125,-82.2586
2.55,0,0,125,-82.3104
2.575,0,0,125,-82.3589
2.6,0,0,125,-82.4043
2.625,0,0,125,-82.447
2.65,0,0,125,-82.4869
2.675,0,0,125,-82.5245
2.7,0,0,125,-82.5597
2.725,0,0,125,-82.5929
2.75,0,0,125,-82.6241
2.775,0,0,125,-82.6534
2.8,0,0,125,-82.6811
2.825,0,0,125,-82.7071
2.85,0,0,125,-82.7318
2.875,0,0,125,-82.755
2.9,0,0,125,-82.777
2.925,0,0,125,-82.7978
2.95,0,0,125,-82.8175
2.975,0,0,125,-82.8362
3,0,0,125,-82.854
3.025,0,0,125,-82.8708
3.05,0,0,125,-82.8868
3.075,0,0,125,-82.902
3.1,0,0,125,-82.9165
3.125,0,0,125,-82.9304
3.15,0,0,125,-82.9435
3.175,0,0,125,-82.9561
3.2,0,0,125,-82.9681
3.225,0,0,125,-82.9796
3.25,0,0,125,-82.9905
3.275,0,0,125,-83.001
3.3,0,0,125,-83.011
3.325,0,0,125,-83.0206
3.35,0,0,125,-83.0297
3.375,0,0,125,-83.0385
3.4,0,0,125,-83.0469
3.425,0,0,125,-83.0549
3.45,0,0,125,-83.0625
3.475,0,0,125,-83.0699
3.5,0,0,125,-83.0769
3.525,0,0,125,-83.0835
3.55,0,0,125,-83.0899
3.575,0,0,125,-83.096
3.6,0,0,125,-83.1018
3.625,0,0,125,-83.1073
3.65,0,0,125,-83.1126
3.675,0,0,125,-83.1175
3.7,0,0,125,-83.1223
3.725,0,0,125,-83.1267
3.75,0,0,125,-83.1309
3.775,0,0,125,-83.1349
3.8,0,0,125,-83.1386
3.825,0,0,125,-83.1421
3.85,0,0,125,-83.1453
3.875,0,0,125,-83.1483
3.9,0,0,125,-83.1511
3.925,0,0,125,-83.1537
3.95,0,0,125,-83.156
3.975,0,0,125,-83.1581
4,0,0,125,-83.16
4.025,0,0,125,-83.1617
4.05,0,0,125,-83.1631
4.075,0,0,125,-83.1644
4.1,0,0,125,-83.1655
4.125,0,0,125,-83.1664
4.15,0,0,125,-83.1671
4.175,0,0,125,-83.1676
4.2,0,0,125,-83.1679
4.225,0,0,125,-83.168
4.25,0,0,125,-83.1679
4.275,0,0,125,-83.1677
4.3,0,0,125,-83.1672
4.325,0,0,125,-83.1666
4.35,0,0,125,-83.1658
4.375,0,0,125,-83.1649
4.4,0,0,125,-83.1638
4.425,0,0,125,-83.1625
4.45,0,0,125,-83.1611
4.475,0,0,125,-83.1595
4.5,0,0,125,-83.1578
4.525,0,0,125,-83.156
4.55,0,0,125,-83.154
4.575,0,0,125,-83.152
4.6,0,0,125,-83.1498
4.625,0,0,125,-83.1475
4.65,0,0,125,-83.1452
4.675,0,0,125,-83.1428
4.7,0,0,125,-83.1403
4.725,0,0,125,-83.1378
4.75,0,0,125,-83.1353
4.775,0,0,125,-83.1328
4.8,0,0,125,-83.1303
4.825,0,0,125,-83.1278
4.85,0,0,125,-83.1254
4.875,0,0,125,-83.1231
4.9,0,0,125,-83.121
4.925,0,0,125,-83.1192
4.95,0,0,125,-83.1178
4.975,0,0,125,-83.1168
5,0,0,125,-83.1163
