0,0,0,125,-84.3885
0.025,0,0,125,-84.3886
0.05,0,0,125,-84.3887
0.075,0,0,125,-84.3889
0.1,0,0,125,-84.3891
0.125,0,0,125,-84.3893
0.15,0,0,125,-84.3895
0.175,0,0,125,-84.3898
0.2,0,0,125,-84.39
0.225,0,0,125,-84.3903
0.25,0,0,125,-84.3906
0.275,0,0,125,-84.3909
0.3,0,0,125,-84.3911
0.325,0,0,125,-84.3915
0.35,0,0,125,-84.3918
0.375,0,0,125,-84.3921
0.4,0,0,125,-84.3924
0.425,0,0,125,-84.3926
0.45,0,0,125,-84.3929
0.475,0,0,125,-84.3932
0.5,0,0,125,-84.3934
0.525,0,0,125,-84.3937
0.55,0,0,125,-84.3939
0.575,0,0,125,-84.3941
0.6,0,0,125,-84.3944
0.625,0,0,125,-84.3946
0.65,0,0,125,-84.3948
0.675,0,0,125,-84.3951
0.7,0,0,125,-84.3953
0.725,0,0,125,-84.3955
0.75,0,0,125,-84.3957
0.775,0,0,125,-84.3959
0.8,0,0,125,-84.3962
0.825,0,0,125,-84.3964
0.85,0,0,125,-84.3966
0.875,0,0,125,-84.3968
0.9,0,0,125,-84.3971
0.925,0,0,125,-84.3973
0.95,0,0,125,-84.3975
0.975,0,0,125,-84.3978
1,0,0,125,-84.398
1.025,0,0,125,-84.3982
1.05,0,0,125,-84.3985
1.075,0,0,125,-84.3987
1.1,0,0,125,-84.399
1.125,0,0,125,-84.3993
1.15,0,0,125,-84.3996
1.175,0,0,125,-84.3999
1.2,0,0,125,-84.4002
1.225,0,0,125,-84.4005
1.25,0,0,125,-84.4008
1.275,0,0,125,-84.4011
1.3,0,0,125,-84.4015
1.325,0,0,125,-84.4018
1.35,0,0,125,-84.4022
1.375,0,0,125,-84.4026
1.4,0,0,125,-84.4029
1.425,0,0,125,-84.4033
1.45,0,0,125,-84.4037
1.475,0,0,125,-84.4041
1.5,0,0,125,-84.4046
1.525,0,0,125,-84.405
1.55,0,0,125,-84.4054
1.575,0,0,125,-84.4059
1.6,0,0,125,-84.4063
1.625,0,0,125,-84.4068
1.65,0,0,125,-84.4073
1.675,0,0,125,-84.4077
1.7,0,0,125,-84.4082
1.725,0,0,125,-84.4086
1.75,0,0,125,-84.409
1.775,0,0,125,-84.4094
1.8,0,0,125,-84.4098
1.825,0,0,125,-84.4103
1.85,0,0,125,-84.4107
1.875,0,0,125,-84.4111
1.9,0,0,125,-84.4116
1.925,0,0,125,-84.4121
1.95,0,0,125,-84.4125
1.975,0,0,125,-84.413
2,0,0,125,-84.4135
2.025,0,0,125,-84.4141
2.05,0,0,125,-84.4146
2.075,0,0,125,-84.4152
2.1,0,0,125,-84.4158
2.125,0,0,125,-84.4163
2.15,0,0,125,-84.4169
2.175,0,0,125,-84.4176
2.2,0,0,125,-84.4182
2.225,0,0,125,-84.4189
2.25,0,0,125,-84.4195
2.275,0,0,125,-84.4202
2.3,0,0,125,-84.4209
2.325,0,0,125,-84.4216
2.35,0,0,125,-84.4223
2.375,0,0,125,-84.4231
2.4,0,0,125,-84.4238
2.425,0,0,125,-84.4246
2.45,0,0,125,-84.4254
2.475,0,0,125,-84.4262
2.5,0,0,125,-84.427
2.525,0,0,125,-84.4278
2.55,0,0,125,-84.4287
2.575,0,0,125,-84.4295
2.6,0,0,125,-84.4304
2.625,0,0,125,-84.4313
2.65,0,0,125,-84.4322
2.675,0,0,125,-84.4331
2.7,0,0,125,-84.434
2.725,0,0,125,-84.435
2.75,0,0,125,-84.4359
2.775,0,0,125,-84.4369
2.8,0,0,125,-84.4379
2.825,0,0,125,-84.4389
2.85,0,0,125,-84.4399
2.875,0,0,125,-84.441
2.9,0,0,125,-84.442
2.925,0,0,125,-84.443
2.95,0,0,125,-84.4441
2.975,0,0,125,-84.4451
3,0,0,125,-84.4462
3.025,0,0,125,-84.4472
3.05,0,0,125,-84.4483
3.075,0,0,125,-84.4493
3.1,0,0,125,-84.4504
3.125,0,0,125,-84.4514
3.15,0,0,125,-84.4524
3.175,0,0,125,-84.4534
3.2,0,0,125,-84.4544
3.225,0,0,125,-84.4554
3.25,0,0,125,-84.4563
3.275,0,0,125,-84.4572
3.3,0,0,125,-84.4582
3.325,0,0,125,-84.4591
3.35,0,0,125,-84.4599
3.375,0,0,125,-84.4608
3.4,0,0,125,-84.4617
3.425,0,0,125,-84.4625
3.45,0,0,125,-84.4633
3.475,0,0,125,-84.4641
3.5,0,0,125,-84.4649
3.525,0,0,125,-84.4657
3.55,0,0,125,-84.4665
3.575,0,0,125,-84.4672
3.6,0,0,125,-84.468
3.625,0,0,125,-84.4687
3.65,0,0,125,-84.4694
3.675,0,0,125,-84.4701
3.7,0,0,125,-84.4707
3.725,0,0,125,-84.4714
3.75,0,0,125,-84.472
3.775,0,0,125,-84.4727
3.8,0,0,125,-84.4733
3.825,0,0,125,-84.4739
3.85,0,0,125,-84.4744
3.875,0,0,125,-84.475
3.9,0,0,125,-84.4756
3.925,0,0,125,-84.4761
3.95,0,0,125,-84.4766
3.975,0,0,125,-84.4771
4,0,0,125,-84.4776
4.025,0,0,125,-84.4781
4.05,0,0,125,-84.4785
4.075,0,0,125,-84.479
4.1,0,0,125,-84.4794
4.125,0,0,125,-84.4798
4.15,0,0,125,-84.4802
4.175,0,0,125,-84.4806
4.2,0,0,125,-84.481
4.225,0,0,125,-84.4813
4.25,0,0,125,-84.4816
4.275,0,0,125,-84.482
4.3,0,0,125,-84.4823
4.325,0,0,125,-84.4826
4.35,0,0,125,-84.4828
4.375,0,0,125,-84.4831
4.4,0,0,125,-84.4833
4.425,0,0,125,-84.4836
4.45,0,0,125,-84.4838
4.475,0,0,125,-84.484
4.5,0,0,125,-84.4842
4.525,0,0,125,-84.4843
4.55,0,0,125,-84.4845
4.575,0,0,125,-84.4846
4.6,0,0,125,-84.4847
4.625,0,0,125,-84.4849
4.65,0,0,125,-84.4849
4.675,0,0,125,-84.485
4.7,0,0,125,-84.4851
4.725,0,0,125,-84.4851
4.75,0,0,125,-84.4851
4.775,0,0,125,-84.4851
4.8,0,0,125,-84.4851
4.825,0,0,125,-84.4851
4.85,0,0,125,-84.4851
4.875,0,0,125,-84.4851
4.9,0,0,125,-84.4851
4.925,0,0,125,-84.485
4.95,0,0,125,-84.485
4.975,0,0,125,-84.485
5,0,0,125,-84.485
