0,0,0,125,-51.9916
0.025,0,0,125,-51.9959
0.05,0,0,125,-52.0045
0.075,0,0,125,-52.0174
0.1,0,0,125,-52.0346
0.125,0,0,125,-52.0558
0.15,0,0,125,-52.0799
0.175,0,0,125,-52.105
0.2,0,0,125,-52.1277
0.225,0,0,125,-52.1447
0.25,0,0,125,-52.1523
0.275,0,0,125,-52.1473
0.3,0,0,125,-52.1266
0.325,0,0,125,-52.0875
0.35,0,0,125,-52.0274
0.375,0,0,125,-51.9442
0.4,0,0,125,-51.836
0.425,0,0,125,-51.701
0.45,0,0,125,-51.5379
0.475,0,0,125,-51.3454
0.5,0,0,125,-51.1226
0.525,0,0,125,-50.8685
0.55,0,0,125,-50.5827
0.575,0,0,125,-50.2648
0.6,0,0,125,-49.9144
0.625,0,0,125,-49.5317
0.65,0,0,125,-49.1167
0.675,0,0,125,-48.6697
0.7,0,0,125,-48.1913
0.725,0,0,125,-47.682
0.75,0,0,125,-47.1425
0.775,0,0,125,-46.574
0.8,0,0,125,-45.9772
0.825,0,0,125,-45.3534
0.85,0,0,125,-44.7039
0.875,0,0,125,-44.0301
0.9,0,0,125,-43.3333
0.925,0,0,125,-42.615
0.95,0,0,125,-41.8769
0.975,0,0,125,-41.1206
1,0,0,125,-40.3478
1.025,0,0,125,-39.56
1.05,0,0,125,-38.759
1.075,0,0,125,-37.9465
1.1,0,0,125,-37.1241
1.125,0,0,125,-36.2934
1.15,0,0,125,-35.4561
1.175,0,0,125,-34.6136
1.2,0,0,125,-33.7676
1.225,0,0,125,-32.9194
1.25,0,0,125,-32.0705
1.275,0,0,125,-31.2222
1.3,0,0,125,-30.3757
1.325,0,0,125,-29.5325
1.35,0,0,125,-28.6935
1.375,0,0,125,-27.8601
1.4,0,0,125,-27.0332
1.425,0,0,125,-26.2138
1.45,0,0,125,-25.4031
1.475,0,0,125,-24.6017
1.5,0,0,125,-23.8108
1.525,0,0,125,-23.0309
1.55,0,0,125,-22.2629
1.575,0,0,125,-21.5075
1.6,0,0,125,-20.7652
1.625,0,0,125,-20.0367
1.65,0,0,125,-19.3223
1.675,0,0,125,-18.6226
1.7,0,0,125,-17.9378
1.725,0,0,125,-17.2683
1.75,0,0,125,-16.6144
1.775,0,0,125,-15.9761
1.8,0,0,125,-15.3537
1.825,0,0,125,-14.7471
1.85,0,0,125,-14.1565
1.875,0,0,125,-13.5818
1.9,0,0,125,-13.0229
1.925,0,0,125,-12.4797
1.95,0,0,125,-11.9522
1.975,0,0,125,-11.4401
2,0,0,125,-10.9433
2.025,0,0,125,-10.4615
2.05,0,0,125,-9.99445
2.075,0,0,125,-9.54199
2.1,0,0,125,-9.1038
2.125,0,0,125,-8.6796
2.15,0,0,125,-8.26911
2.175,0,0,125,-7.87201
2.2,0,0,125,-7.48801
2.225,0,0,125,-7.11679
2.25,0,0,125,-6.75804
2.275,0,0,125,-6.41145
2.3,0,0,125,-6.07671
2.325,0,0,125,-5.7535
2.35,0,0,125,-5.44152
2.375,0,0,125,-5.14045
2.4,0,0,125,-4.85001
2.425,0,0,125,-4.5699
2.45,0,0,125,-4.29983
2.475,0,0,125,-4.03951
2.5,0,0,125,-3.78867
2.525,0,0,125,-3.54704
2.55,0,0,125,-3.31435
2.575,0,0,125,-3.09035
2.6,0,0,125,-2.87479
2.625,0,0,125,-2.66743
2.65,0,0,125,-2.46803
2.675,0,0,125,-2.27636
2.7,0,0,125,-2.0922
2.725,0,0,125,-1.91533
2.75,0,0,125,-1.74555
2.775,0,0,125,-1.58266
2.8,0,0,125,-1.42645
2.825,0,0,125,-1.27674
2.85,0,0,125,-1.13334
2.875,0,0,125,-0.99608
2.9,0,0,125,-0.864773
2.925,0,0,125,-0.739253
2.95,0,0,125,-0.619357
2.975,0,0,125,-0.504922
3,0,0,125,-0.395793
3.025,0,0,125,-0.291815
3.05,0,0,125,-0.192839
3.075,0,0,125,-0.0987181
3.1,0,0,125,-0.00930956
3.125,0,0,125,0.0755285
3.15,0,0,125,0.155935
3.175,0,0,125,0.232046
3.2,0,0,125,0.303997
3.225,0,0,125,0.371922
3.25,0,0,125,0.435952
3.275,0,0,125,0.496219
3.3,0,0,125,0.552853
3.325,0,0,125,0.605985
3.35,0,0,125,0.655744
3.375,0,0,125,0.70226
3.4,0,0,125,0.745664
3.425,0,0,125,0.786086
3.45,0,0,125,0.823656
3.475,0,0,125,0.858508
3.5,0,0,125,0.890773
3.525,0,0,125,0.920587
3.55,0,0,125,0.948083
3.575,0,0,125,0.973399
3.6,0,0,125,0.996672
3.625,0,0,125,1.01804
3.65,0,0,125,1.03764
3.675,0,0,125,1.05562
3.7,0,0,125,1.07211
3.725,0,0,125,1.08727
3.75,0,0,125,1.10122
3.775,0,0,125,1.11411
3.8,0,0,125,1.12608
3.825,0,0,125,1.13728
3.85,0,0,125,1.14784
3.875,0,0,125,1.15789
3.9,0,0,125,1.16757
3.925,0,0,125,1.177
3.95,0,0,125,1.18632
3.975,0,0,125,1.19564
4,0,0,125,1.20507
4.025,0,0,125,1.21473
4.05,0,0,125,1.22469
4.075,0,0,125,1.23506
4.1,0,0,125,1.2459
4.125,0,0,125,1.25729
4.15,0,0,125,1.26928
4.175,0,0,125,1.28191
4.2,0,0,125,1.2952
4.225,0,0,125,1.30916
4.25,0,0,125,1.32379
4.275,0,0,125,1.33906
4.3,0,0,125,1.35495
4.325,0,0,125,1.37138
4.35,0,0,125,1.38829
4.375,0,0,125,1.40559
4.4,0,0,125,1.42316
4.425,0,0,125,1.4409
4.45,0,0,125,1.45864
4.475,0,0,125,1.47626
4.5,0,0,125,1.49357
4.525,0,0,125,1.51041
4.55,0,0,125,1.52658
4.575,0,0,125,1.54192
4.6,0,0,125,1.55623
4.625,0,0,125,1.56933
4.65,0,0,125,1.58106
4.675,0,0,125,1.59127
4.7,0,0,125,1.59982
4.725,0,0,125,1.60664
4.75,0,0,125,1.61168
4.775,0,0,125,1.61495
4.8,0,0,125,1.61652
4.825,0,0,125,1.61656
4.85,0,0,125,1.6153
4.875,0,0,125,1.61307
4.9,0,0,125,1.61029
4.925,0,0,125,1.60741
4.95,0,0,125,1.60487
4.975,0,0,125,1.603
5,0,0,125,1.60202
