0,0,0,125,11.28
0.025,0,0,125,11.2835
0.05,0,0,125,11.2902
0.075,0,0,125,11.3
0.1,0,0,125,11.3125
0.125,0,0,125,11.3271
0.15,0,0,125,11.3435
0.175,0,0,125,11.3612
0.2,0,0,125,11.38
0.225,0,0,125,11.3997
0.25,0,0,125,11.4204
0.275,0,0,125,11.4417
0.3,0,0,125,11.4638
0.325,0,0,125,11.4865
0.35,0,0,125,11.5098
0.375,0,0,125,11.5336
0.4,0,0,125,11.5578
0.425,0,0,125,11.5824
0.45,0,0,125,11.6074
0.475,0,0,125,11.6326
0.5,0,0,125,11.6582
0.525,0,0,125,11.6841
0.55,0,0,125,11.7101
0.575,0,0,125,11.7364
0.6,0,0,125,11.7629
0.625,0,0,125,11.7895
0.65,0,0,125,11.8163
0.675,0,0,125,11.8432
0.7,0,0,125,11.8702
0.725,0,0,125,11.8973
0.75,0,0,125,11.9246
0.775,0,0,125,11.9518
0.8,0,0,125,11.9792
0.825,0,0,125,12.0066
0.85,0,0,125,12.0341
0.875,0,0,125,12.0616
0.9,0,0,125,12.0892
0.925,0,0,125,12.1168
0.95,0,0,125,12.1444
0.975,0,0,125,12.172
1,0,0,125,12.1996
1.025,0,0,125,12.2272
1.05,0,0,125,12.2549
1.075,0,0,125,12.2825
1.1,0,0,125,12.3102
1.125,0,0,125,12.3378
1.15,0,0,125,12.3654
1.175,0,0,125,12.393
1.2,0,0,125,12.4206
1.225,0,0,125,12.4481
1.25,0,0,125,12.4757
1.275,0,0,125,12.5032
1.3,0,0,125,12.5307
1.325,0,0,125,12.5581
1.35,0,0,125,12.5856
1.375,0,0,125,12.613
1.4,0,0,125,12.6404
1.425,0,0,125,12.6677
1.45,0,0,125,12.695
1.475,0,0,125,12.7223
1.5,0,0,125,12.7495
1.525,0,0,125,12.7767
1.55,0,0,125,12.8039
1.575,0,0,125,12.831
1.6,0,0,125,12.8581
1.625,0,0,125,12.8852
1.65,0,0,125,12.9122
1.675,0,0,125,12.9391
1.7,0,0,125,12.966
1.725,0,0,125,12.9929
1.75,0,0,125,13.0197
1.775,0,0,125,13.0465
1.8,0,0,125,13.0732
1.825,0,0,125,13.0999
1.85,0,0,125,13.1265
1.875,0,0,125,13.1531
1.9,0,0,125,13.1797
1.925,0,0,125,13.2062
1.95,0,0,125,13.2326
1.975,0,0,125,13.259
2,0,0,125,13.2853
2.025,0,0,125,13.3116
2.05,0,0,125,13.3378
2.075,0,0,125,13.364
2.1,0,0,125,13.3901
2.125,0,0,125,13.4162
2.15,0,0,125,13.4422
2.175,0,0,125,13.4682
2.2,0,0,125,13.4941
2.225,0,0,125,13.52
2.25,0,0,125,13.5458
2.275,0,0,125,13.5715
2.3,0,0,125,13.5972
2.325,0,0,125,13.6228
2.35,0,0,125,13.6484
2.375,0,0,125,13.6739
2.4,0,0,125,13.6994
2.425,0,0,125,13.7248
2.45,0,0,125,13.7501
2.475,0,0,125,13.7754
2.5,0,0,125,13.8006
2.525,0,0,125,13.8258
2.55,0,0,125,13.8509
2.575,0,0,125,13.8759
2.6,0,0,125,13.9009
2.625,0,0,125,13.9258
2.65,0,0,125,13.9507
2.675,0,0,125,13.9755
2.7,0,0,125,14.0002
2.725,0,0,125,14.0249
2.75,0,0,125,14.0495
2.775,0,0,125,14.0741
2.8,0,0,125,14.0986
2.825,0,0,125,14.123
2.85,0,0,125,14.1474
2.875,0,0,125,14.1717
2.9,0,0,125,14.196
2.925,0,0,125,14.2202
2.95,0,0,125,14.2443
2.975,0,0,125,14.2684
3,0,0,125,14.2924
3.025,0,0,125,14.3164
3.05,0,0,125,14.3403
3.075,0,0,125,14.3641
3.1,0,0,125,14.3879
3.125,0,0,125,14.4116
3.15,0,0,125,14.4353
3.175,0,0,125,14.4589
3.2,0,0,125,14.4825
3.225,0,0,125,14.506
3.25,0,0,125,14.5294
3.275,0,0,125,14.5528
3.3,0,0,125,14.5761
3.325,0,0,125,14.5994
3.35,0,0,125,14.6227
3.375,0,0,125,14.6458
3.4,0,0,125,14.669
3.425,0,0,125,14.692
3.45,0,0,125,14.7151
3.475,0,0,125,14.7381
3.5,0,0,125,14.761
3.525,0,0,125,14.7839
3.55,0,0,125,14.8067
3.575,0,0,125,14.8295
3.6,0,0,125,14.8523
3.625,0,0,125,14.875
3.65,0,0,125,14.8977
3.675,0,0,125,14.9203
3.7,0,0,125,14.9429
3.725,0,0,125,14.9654
3.75,0,0,125,14.9879
3.775,0,0,125,15.0104
3.8,0,0,125,15.0328
3.825,0,0,125,15.0552
3.85,0,0,125,15.0775
3.875,0,0,125,15.0998
3.9,0,0,125,15.1221
3.925,0,0,125,15.1443
3.95,0,0,125,15.1665
3.975,0,0,125,15.1886
4,0,0,125,15.2107
4.025,0,0,125,15.2327
4.05,0,0,125,15.2546
4.075,0,0,125,15.2765
4.1,0,0,125,15.2984
4.125,0,0,125,15.3202
4.15,0,0,125,15.3419
4.175,0,0,125,15.3635
4.2,0,0,125,15.385
4.225,0,0,125,15.4064
4.25,0,0,125,15.4277
4.275,0,0,125,15.4489
4.3,0,0,125,15.4699
4.325,0,0,125,15.4908
4.35,0,0,125,15.5115
4.375,0,0,125,15.5321
4.4,0,0,125,15.5524
4.425,0,0,125,15.5725
4.45,0,0,125,15.5923
4.475,0,0,125,15.6119
4.5,0,0,125,15.6311
4.525,0,0,125,15.65
4.55,0,0,125,15.6685
4.575,0,0,125,15.6865
4.6,0,0,125,15.7041
4.625,0,0,125,15.7212
4.65,0,0,125,15.7378
4.675,0,0,125,15.7537
4.7,0,0,125,15.7689
4.725,0,0,125,15.7834
4.75,0,0,125,15.7971
4.775,0,0,125,15.81
4.8,0,0,125,15.8219
4.825,0,0,125,15.8328
4.85,0,0,125,15.8426
4.875,0,0,125,15.8512
4.9,0,0,125,15.8586
4.925,0,0,125,15.8647
4.95,0,0,125,15.8693
4.975,0,0,125,15.8725
5,0,0,125,15.8741
