0,0,0,125,8.79569
0.025,0,0,125,8.79275
0.05,0,0,125,8.78669
0.075,0,0,125,8.77701
0.1,0,0,125,8.763
0.125,0,0,125,8.74384
0.15,0,0,125,8.71878
0.175,0,0,125,8.68742
0.2,0,0,125,8.64968
0.225,0,0,125,8.60572
0.25,0,0,125,8.55577
0.275,0,0,125,8.5001
0.3,0,0,125,8.43898
0.325,0,0,125,8.37268
0.35,0,0,125,8.30149
0.375,0,0,125,8.22566
0.4,0,0,125,8.14546
0.425,0,0,125,8.06113
0.45,0,0,125,7.97292
0.475,0,0,125,7.88107
0.5,0,0,125,7.78578
0.525,0,0,125,7.68727
0.55,0,0,125,7.58574
0.575,0,0,125,7.48138
0.6,0,0,125,7.37436
0.625,0,0,125,7.26485
0.65,0,0,125,7.15299
0.675,0,0,125,7.03893
0.7,0,0,125,6.92278
0.725,0,0,125,6.80468
0.75,0,0,125,6.68471
0.775,0,0,125,6.56297
0.8,0,0,125,6.43954
0.825,0,0,125,6.31449
0.85,0,0,125,6.18787
0.875,0,0,125,6.05973
0.9,0,0,125,5.93012
0.925,0,0,125,5.79905
0.95,0,0,125,5.66654
0.975,0,0,125,5.53261
1,0,0,125,5.39725
1.025,0,0,125,5.26047
1.05,0,0,125,5.12224
1.075,0,0,125,4.98255
1.1,0,0,125,4.84136
1.125,0,0,125,4.69866
1.15,0,0,125,4.5544
1.175,0,0,125,4.40854
1.2,0,0,125,4.26104
1.225,0,0,125,4.11185
1.25,0,0,125,3.96093
1.275,0,0,125,3.80823
1.3,0,0,125,3.65369
1.325,0,0,125,3.49726
1.35,0,0,125,3.3389
1.375,0,0,125,3.17856
1.4,0,0,125,3.0162
1.425,0,0,125,2.85176
1.45,0,0,125,2.68522
1.475,0,0,125,2.51653
1.5,0,0,125,2.34568
1.525,0,0,125,2.17263
1.55,0,0,125,1.99738
1.575,0,0,125,1.81991
1.6,0,0,125,1.64021
1.625,0,0,125,1.45831
1.65,0,0,125,1.27421
1.675,0,0,125,1.08793
1.7,0,0,125,0.899511
1.725,0,0,125,0.708995
1.75,0,0,125,0.51643
1.775,0,0,125,0.321878
1.8,0,0,125,0.125409
1.825,0,0,125,-0.0728992
1.85,0,0,125,-0.272959
1.875,0,0,125,-0.474673
1.9,0,0,125,-0.677939
1.925,0,0,125,-0.882645
1.95,0,0,125,-1.08867
1.975,0,0,125,-1.29589
2,0,0,125,-1.50418
2.025,0,0,125,-1.71339
2.05,0,0,125,-1.92339
2.075,0,0,125,-2.13402
2.1,0,0,125,-2.34515
2.125,0,0,125,-2.5566
2.15,0,0,125,-2.76824
2.175,0,0,125,-2.97989
2.2,0,0,125,-3.1914
2.225,0,0,125,-3.40261
2.25,0,0,125,-3.61335
2.275,0,0,125,-3.82345
2.3,0,0,125,-4.03276
2.325,0,0,125,-4.24111
2.35,0,0,125,-4.44834
2.375,0,0,125,-4.65429
2.4,0,0,125,-4.85878
2.425,0,0,125,-5.06167
2.45,0,0,125,-5.26279
2.475,0,0,125,-5.46198
2.5,0,0,125,-5.6591
2.525,0,0,125,-5.85397
2.55,0,0,125,-6.04646
2.575,0,0,125,-6.23641
2.6,0,0,125,-6.42366
2.625,0,0,125,-6.60808
2.65,0,0,125,-6.78951
2.675,0,0,125,-6.96782
2.7,0,0,125,-7.14285
2.725,0,0,125,-7.31446
2.75,0,0,125,-7.48252
2.775,0,0,125,-7.64688
2.8,0,0,125,-7.80741
2.825,0,0,125,-7.96397
2.85,0,0,125,-8.11641
2.875,0,0,125,-8.26461
2.9,0,0,125,-8.40843
2.925,0,0,125,-8.54773
2.95,0,0,125,-8.68238
2.975,0,0,125,-8.81224
3,0,0,125,-8.93717
3.025,0,0,125,-9.05704
3.05,0,0,125,-9.17172
3.075,0,0,125,-9.28106
3.1,0,0,125,-9.38493
3.125,0,0,125,-9.48318
3.15,0,0,125,-9.57569
3.175,0,0,125,-9.66231
3.2,0,0,125,-9.7429
3.225,0,0,125,-9.81731
3.25,0,0,125,-9.88541
3.275,0,0,125,-9.94704
3.3,0,0,125,-10.0021
3.325,0,0,125,-10.0503
3.35,0,0,125,-10.0917
3.375,0,0,125,-10.126
3.4,0,0,125,-10.1531
3.425,0,0,125,-10.1728
3.45,0,0,125,-10.185
3.475,0,0,125,-10.1896
3.5,0,0,125,-10.1863
3.525,0,0,125,-10.175
3.55,0,0,125,-10.1556
3.575,0,0,125,-10.1278
3.6,0,0,125,-10.0916
3.625,0,0,125,-10.0467
3.65,0,0,125,-9.99306
3.675,0,0,125,-9.9304
3.7,0,0,125,-9.85859
3.725,0,0,125,-9.77747
3.75,0,0,125,-9.68685
3.775,0,0,125,-9.58657
3.8,0,0,125,-9.47646
3.825,0,0,125,-9.35632
3.85,0,0,125,-9.22599
3.875,0,0,125,-9.08529
3.9,0,0,125,-8.93403
3.925,0,0,125,-8.77204
3.95,0,0,125,-8.59911
3.975,0,0,125,-8.41508
4,0,0,125,-8.21973
4.025,0,0,125,-8.01289
4.05,0,0,125,-7.79435
4.075,0,0,125,-7.5639
4.1,0,0,125,-7.32134
4.125,0,0,125,-7.06643
4.15,0,0,125,-6.79895
4.175,0,0,125,-6.51865
4.2,0,0,125,-6.22524
4.225,0,0,125,-5.91843
4.25,0,0,125,-5.59787
4.275,0,0,125,-5.26314
4.3,0,0,125,-4.91377
4.325,0,0,125,-4.54913
4.35,0,0,125,-4.16848
4.375,0,0,125,-3.7708
4.4,0,0,125,-3.3548
4.425,0,0,125,-2.91875
4.45,0,0,125,-2.46037
4.475,0,0,125,-1.97659
4.5,0,0,125,-1.4634
4.525,0,0,125,-0.915509
4.55,0,0,125,-0.326093
4.575,0,0,125,0.313487
4.6,0,0,125,1.01391
4.625,0,0,125,1.78798
4.65,0,0,125,2.65045
4.675,0,0,125,3.61746
4.7,0,0,125,4.70543
4.725,0,0,125,5.92928
4.75,0,0,125,7.2998
4.775,0,0,125,8.82038
4.8,0,0,125,10.4829
4.825,0,0,125,12.2638
4.85,0,0,125,14.12
4.875,0,0,125,15.9868
4.9,0,0,125,17.7786
4.925,0,0,125,19.3935
4.95,0,0,125,20.724
4.975,0,0,125,21.6723
5,0,0,125,22.1654
