0,0,0,125,-83.4337
0.025,0,0,125,-83.434
0.05,0,0,125,-83.4347
0.075,0,0,125,-83.4356
0.1,0,0,125,-83.4367
0.125,0,0,125,-83.4381
0.15,0,0,125,-83.4395
0.175,0,0,125,-83.4411
0.2,0,0,125,-83.4426
0.225,0,0,125,-83.4442
0.25,0,0,125,-83.4458
0.275,0,0,125,-83.4474
0.3,0,0,125,-83.449
0.325,0,0,125,-83.4506
0.35,0,0,125,-83.4521
0.375,0,0,125,-83.4537
0.4,0,0,125,-83.4552
0.425,0,0,125,-83.4567
0.45,0,0,125,-83.4581
0.475,0,0,125,-83.4596
0.5,0,0,125,-83.461
0.525,0,0,125,-83.4624
0.55,0,0,125,-83.4638
0.575,0,0,125,-83.4652
0.6,0,0,125,-83.4666
0.625,0,0,125,-83.4679
0.65,0,0,125,-83.4693
0.675,0,0,125,-83.4706
0.7,0,0,125,-83.472
0.725,0,0,125,-83.4733
0.75,0,0,125,-83.4746
0.775,0,0,125,-83.4759
0.8,0,0,125,-83.4772
0.825,0,0,125,-83.4785
0.85,0,0,125,-83.4798
0.875,0,0,125,-83.4812
0.9,0,0,125,-83.4825
0.925,0,0,125,-83.4838
0.95,0,0,125,-83.4852
0.975,0,0,125,-83.4866
1,0,0,125,-83.4879
1.025,0,0,125,-83.4893
1.05,0,0,125,-83.4907
1.075,0,0,125,-83.4922
1.1,0,0,125,-83.4936
1.125,0,0,125,-83.495
1.15,0,0,125,-83.4965
1.175,0,0,125,-83.4979
1.2,0,0,125,-83.4994
1.225,0,0,125,-83.5009
1.25,0,0,125,-83.5024
1.275,0,0,125,-83.504
1.3,0,0,125,-83.5056
1.325,0,0,125,-83.5072
1.35,0,0,125,-83.5089
1.375,0,0,125,-83.5106
1.4,0,0,125,-83.5124
1.425,0,0,125,-83.5142
1.45,0,0,125,-83.516
1.475,0,0,125,-83.5178
1.5,0,0,125,-83.5197
1.525,0,0,125,-83.5217
1.55,0,0,125,-83.5236
1.575,0,0,125,-83.5256
1.6,0,0,125,-83.5277
1.625,0,0,125,-83.5297
1.65,0,0,125,-83.5319
1.675,0,0,125,-83.534
1.7,0,0,125,-83.5363
1.725,0,0,125,-83.5385
1.75,0,0,125,-83.5409
1.775,0,0,125,-83.5433
1.8,0,0,125,-83.5458
1.825,0,0,125,-83.5483
1.85,0,0,125,-83.5509
1.875,0,0,125,-83.5536
1.9,0,0,125,-83.5563
1.925,0,0,125,-83.559
1.95,0,0,125,-83.5619
1.975,0,0,125,-83.5648
2,0,0,125,-83.5679
2.025,0,0,125,-83.5709
2.05,0,0,125,-83.5741
2.075,0,0,125,-83.5773
2.1,0,0,125,-83.5805
2.125,0,0,125,-83.5839
2.15,0,0,125,-83.5873
2.175,0,0,125,-83.5908
2.2,0,0,125,-83.5945
2.225,0,0,125,-83.5982
2.25,0,0,125,-83.602
2.275,0,0,125,-83.6058
2.3,0,0,125,-83.6098
2.325,0,0,125,-83.6139
2.35,0,0,125,-83.618
2.375,0,0,125,-83.6223
2.4,0,0,125,-83.6266
2.425,0,0,125,-83.631
2.45,0,0,125,-83.6355
2.475,0,0,125,-83.6401
2.5,0,0,125,-83.6447
2.525,0,0,125,-83.6495
2.55,0,0,125,-83.6543
2.575,0,0,125,-83.6592
2.6,0,0,125,-83.6642
2.625,0,0,125,-83.6693
2.65,0,0,125,-83.6745
2.675,0,0,125,-83.6797
2.7,0,0,125,-83.6851
2.725,0,0,125,-83.6905
2.75,0,0,125,-83.6959
2.775,0,0,125,-83.7014
2.8,0,0,125,-83.707
2.825,0,0,125,-83.7126
2.85,0,0,125,-83.7182
2.875,0,0,125,-83.7239
2.9,0,0,125,-83.7296
2.925,0,0,125,-83.7354
2.95,0,0,125,-83.7411
2.975,0,0,125,-83.747
3,0,0,125,-83.7528
3.025,0,0,125,-83.7586
3.05,0,0,125,-83.7645
3.075,0,0,125,-83.7703
3.1,0,0,125,-83.7762
3.125,0,0,125,-83.7821
3.15,0,0,125,-83.788
3.175,0,0,125,-83.7938
3.2,0,0,125,-83.7996
3.225,0,0,125,-83.8054
3.25,0,0,125,-83.8111
3.275,0,0,125,-83.8168
3.3,0,0,125,-83.8225
3.325,0,0,125,-83.828
3.35,0,0,125,-83.8335
3.375,0,0,125,-83.839
3.4,0,0,125,-83.8444
3.425,0,0,125,-83.8497
3.45,0,0,125,-83.855
3.475,0,0,125,-83.8601
3.5,0,0,125,-83.8652
3.525,0,0,125,-83.8702
3.55,0,0,125,-83.8751
3.575,0,0,125,-83.8799
3.6,0,0,125,-83.8846
3.625,0,0,125,-83.8892
3.65,0,0,125,-83.8938
3.675,0,0,125,-83.8982
3.7,0,0,125,-83.9025
3.725,0,0,125,-83.9067
3.75,0,0,125,-83.9107
3.775,0,0,125,-83.9147
3.8,0,0,125,-83.9186
3.825,0,0,125,-83.9223
3.85,0,0,125,-83.926
3.875,0,0,125,-83.9295
3.9,0,0,125,-83.9329
3.925,0,0,125,-83.9362
3.95,0,0,125,-83.9393
3.975,0,0,125,-83.9424
4,0,0,125,-83.9454
4.025,0,0,125,-83.9482
4.05,0,0,125,-83.9509
4.075,0,0,125,-83.9535
4.1,0,0,125,-83.956
4.125,0,0,125,-83.9584
4.15,0,0,125,-83.9607
4.175,0,0,125,-83.9628
4.2,0,0,125,-83.9649
4.225,0,0,125,-83.9668
4.25,0,0,125,-83.9686
4.275,0,0,125,-83.9704
4.3,0,0,125,-83.972
4.325,0,0,125,-83.9736
4.35,0,0,125,-83.975
4.375,0,0,125,-83.9764
4.4,0,0,125,-83.9777
4.425,0,0,125,-83.9789
4.45,0,0,125,-83.98
4.475,0,0,125,-83.981
4.5,0,0,125,-83.9819
4.525,0,0,125,-83.9828
4.55,0,0,125,-83.9836
4.575,0,0,125,-83.9844
4.6,0,0,125,-83.985
4.625,0,0,125,-83.9857
4.65,0,0,125,-83.9862
4.675,0,0,125,-83.9867
4.7,0,0,125,-83.9871
4.725,0,0,125,-83.9875
4.75,0,0,125,-83.9878
4.775,0,0,125,-83.9881
4.8,0,0,125,-83.9883
4.825,0,0,125,-83.9885
4.85,0,0,125,-83.9887
4.875,0,0,125,-83.9888
4.9,0,0,125,-83.9888
4.925,0,0,125,-83.9889
4.95,0,0,125,-83.9889
4.975,0,0,125,-83.989
5,0,0,125,-83.989
