0,0,0,125,-84.4457
0.025,0,0,125,-84.4457
0.05,0,0,125,-84.4458
0.075,0,0,125,-84.4459
0.1,0,0,125,-84.446
0.125,0,0,125,-84.4462
0.15,0,0,125,-84.4464
0.175,0,0,125,-84.4465
0.2,0,0,125,-84.4467
0.225,0,0,125,-84.4469
0.25,0,0,125,-84.4471
0.275,0,0,125,-84.4474
0.3,0,0,125,-84.4476
0.325,0,0,125,-84.4478
0.35,0,0,125,-84.448
0.375,0,0,125,-84.4482
0.4,0,0,125,-84.4484
0.425,0,0,125,-84.4486
0.45,0,0,125,-84.4488
0.475,0,0,125,-84.449
0.5,0,0,125,-84.4492
0.525,0,0,125,-84.4493
0.55,0,0,125,-84.4495
0.575,0,0,125,-84.4497
0.6,0,0,125,-84.4498
0.625,0,0,125,-84.45
0.65,0,0,125,-84.4501
0.675,0,0,125,-84.4503
0.7,0,0,125,-84.4504
0.725,0,0,125,-84.4506
0.75,0,0,125,-84.4507
0.775,0,0,125,-84.4509
0.8,0,0,125,-84.451
0.825,0,0,125,-84.4512
0.85,0,0,125,-84.4513
0.875,0,0,125,-84.4514
0.9,0,0,125,-84.4516
0.925,0,0,125,-84.4518
0.95,0,0,125,-84.4519
0.975,0,0,125,-84.4521
1,0,0,125,-84.4522
1.025,0,0,125,-84.4524
1.05,0,0,125,-84.4525
1.075,0,0,125,-84.4527
1.1,0,0,125,-84.4529
1.125,0,0,125,-84.453
1.15,0,0,125,-84.4532
1.175,0,0,125,-84.4534
1.2,0,0,125,-84.4536
1.225,0,0,125,-84.4538
1.25,0,0,125,-84.4539
1.275,0,0,125,-84.4541
1.3,0,0,125,-84.4543
1.325,0,0,125,-84.4545
1.35,0,0,125,-84.4547
1.375,0,0,125,-84.4549
1.4,0,0,125,-84.4551
1.425,0,0,125,-84.4554
1.45,0,0,125,-84.4556
1.475,0,0,125,-84.4558
1.5,0,0,125,-84.456
1.525,0,0,125,-84.4562
1.55,0,0,125,-84.4565
1.575,0,0,125,-84.4567
1.6,0,0,125,-84.457
1.625,0,0,125,-84.4572
1.65,0,0,125,-84.4575
1.675,0,0,125,-84.4577
1.7,0,0,125,-84.458
1.725,0,0,125,-84.4582
1.75,0,0,125,-84.4585
1.775,0,0,125,-84.4588
1.8,0,0,125,-84.4591
1.825,0,0,125,-84.4594
1.85,0,0,125,-84.4597
1.875,0,0,125,-84.46
1.9,0,0,125,-84.4604
1.925,0,0,125,-84.4607
1.95,0,0,125,-84.461
1.975,0,0,125,-84.4614
2,0,0,125,-84.4618
2.025,0,0,125,-84.4622
2.05,0,0,125,-84.4625
2.075,0,0,125,-84.4629
2.1,0,0,125,-84.4633
2.125,0,0,125,-84.4638
2.15,0,0,125,-84.4642
2.175,0,0,125,-84.4646
2.2,0,0,125,-84.4651
2.225,0,0,125,-84.4655
2.25,0,0,125,-84.466
2.275,0,0,125,-84.4665
2.3,0,0,125,-84.467
2.325,0,0,125,-84.4674
2.35,0,0,125,-84.4679
2.375,0,0,125,-84.4685
2.4,0,0,125,-84.469
2.425,0,0,125,-84.4695
2.45,0,0,125,-84.47
2.475,0,0,125,-84.4706
2.5,0,0,125,-84.4712
2.525,0,0,125,-84.4717
2.55,0,0,125,-84.4723
2.575,0,0,125,-84.4729
2.6,0,0,125,-84.4735
2.625,0,0,125,-84.4741
2.65,0,0,125,-84.4747
2.675,0,0,125,-84.4753
2.7,0,0,125,-84.476
2.725,0,0,125,-84.4766
2.75,0,0,125,-84.4773
2.775,0,0,125,-84.4779
2.8,0,0,125,-84.4786
2.825,0,0,125,-84.4793
2.85,0,0,125,-84.48
2.875,0,0,125,-84.4807
2.9,0,0,125,-84.4814
2.925,0,0,125,-84.4821
2.95,0,0,125,-84.4829
2.975,0,0,125,-84.4836
3,0,0,125,-84.4844
3.025,0,0,125,-84.4851
3.05,0,0,125,-84.4859
3.075,0,0,125,-84.4866
3.1,0,0,125,-84.4874
3.125,0,0,125,-84.4881
3.15,0,0,125,-84.4889
3.175,0,0,125,-84.4896
3.2,0,0,125,-84.4903
3.225,0,0,125,-84.491
3.25,0,0,125,-84.4917
3.275,0,0,125,-84.4924
3.3,0,0,125,-84.493
3.325,0,0,125,-84.4937
3.35,0,0,125,-84.4944
3.375,0,0,125,-84.495
3.4,0,0,125,-84.4956
3.425,0,0,125,-84.4963
3.45,0,0,125,-84.4969
3.475,0,0,125,-84.4975
3.5,0,0,125,-84.4981
3.525,0,0,125,-84.4987
3.55,0,0,125,-84.4992
3.575,0,0,125,-84.4998
3.6,0,0,125,-84.5004
3.625,0,0,125,-84.5009
3.65,0,0,125,-84.5014
3.675,0,0,125,-84.5019
3.7,0,0,125,-84.5024
3.725,0,0,125,-84.5029
3.75,0,0,125,-84.5034
3.775,0,0,125,-84.5038
3.8,0,0,125,-84.5043
3.825,0,0,125,-84.5047
3.85,0,0,125,-84.5051
3.875,0,0,125,-84.5055
3.9,0,0,125,-84.5059
3.925,0,0,125,-84.5063
3.95,0,0,125,-84.5067
3.975,0,0,125,-84.507
4,0,0,125,-84.5074
4.025,0,0,125,-84.5077
4.05,0,0,125,-84.5081
4.075,0,0,125,-84.5084
4.1,0,0,125,-84.5087
4.125,0,0,125,-84.509
4.15,0,0,125,-84.5093
4.175,0,0,125,-84.5096
4.2,0,0,125,-84.5099
4.225,0,0,125,-84.5101
4.25,0,0,125,-84.5104
4.275,0,0,125,-84.5106
4.3,0,0,125,-84.5109
4.325,0,0,125,-84.5111
4.35,0,0,125,-84.5113
4.375,0,0,125,-84.5115
4.4,0,0,125,-84.5117
4.425,0,0,125,-84.5119
4.45,0,0,125,-84.512
4.475,0,0,125,-84.5122
4.5,0,0,125,-84.5123
4.525,0,0,125,-84.5125
4.55,0,0,125,-84.5126
4.575,0,0,125,-84.5127
4.6,0,0,125,-84.5129
4.625,0,0,125,-84.513
4.65,0,0,125,-84.513
4.675,0,0,125,-84.5131
4.7,0,0,125,-84.5132
4.725,0,0,125,-84.5132
4.75,0,0,125,-84.5133
4.775,0,0,125,-84.5133
4.8,0,0,125,-84.5134
4.825,0,0,125,-84.5134
4.85,0,0,125,-84.5134
4.875,0,0,125,-84.5134
4.9,0,0,125,-84.5134
4.925,0,0,125,-84.5134
4.95,0,0,125,-84.5133
4.975,0,0,125,-84.5133
5,0,0,125,-84.5133
