0,0,0,125,-83.9893
0.025,0,0,125,-83.9895
0.05,0,0,125,-83.9898
0.075,0,0,125,-83.9903
0.1,0,0,125,-83.9909
0.125,0,0,125,-83.9916
0.15,0,0,125,-83.9924
0.175,0,0,125,-83.9932
0.2,0,0,125,-83.994
0.225,0,0,125,-83.9948
0.25,0,0,125,-83.9957
0.275,0,0,125,-83.9965
0.3,0,0,125,-83.9974
0.325,0,0,125,-83.9983
0.35,0,0,125,-83.9992
0.375,0,0,125,-84
0.4,0,0,125,-84.0009
0.425,0,0,125,-84.0017
0.45,0,0,125,-84.0025
0.475,0,0,125,-84.0033
0.5,0,0,125,-84.004
0.525,0,0,125,-84.0048
0.55,0,0,125,-84.0055
0.575,0,0,125,-84.0063
0.6,0,0,125,-84.007
0.625,0,0,125,-84.0077
0.65,0,0,125,-84.0084
0.675,0,0,125,-84.0091
0.7,0,0,125,-84.0098
0.725,0,0,125,-84.0106
0.75,0,0,125,-84.0113
0.775,0,0,125,-84.012
0.8,0,0,125,-84.0128
0.825,0,0,125,-84.0135
0.85,0,0,125,-84.0143
0.875,0,0,125,-84.0151
0.9,0,0,125,-84.0159
0.925,0,0,125,-84.0166
0.95,0,0,125,-84.0175
0.975,0,0,125,-84.0183
1,0,0,125,-84.0191
1.025,0,0,125,-84.0199
1.05,0,0,125,-84.0207
1.075,0,0,125,-84.0215
1.1,0,0,125,-84.0224
1.125,0,0,125,-84.0232
1.15,0,0,125,-84.0241
1.175,0,0,125,-84.0249
1.2,0,0,125,-84.0258
1.225,0,0,125,-84.0267
1.25,0,0,125,-84.0277
1.275,0,0,125,-84.0286
1.3,0,0,125,-84.0295
1.325,0,0,125,-84.0305
1.35,0,0,125,-84.0315
1.375,0,0,125,-84.0324
1.4,0,0,125,-84.0334
1.425,0,0,125,-84.0345
1.45,0,0,125,-84.0355
1.475,0,0,125,-84.0365
1.5,0,0,125,-84.0376
1.525,0,0,125,-84.0387
1.55,0,0,125,-84.0398
1.575,0,0,125,-84.0409
1.6,0,0,125,-84.042
1.625,0,0,125,-84.0432
1.65,0,0,125,-84.0443
1.675,0,0,125,-84.0455
1.7,0,0,125,-84.0467
1.725,0,0,125,-84.0479
1.75,0,0,125,-84.0492
1.775,0,0,125,-84.0505
1.8,0,0,125,-84.0518
1.825,0,0,125,-84.0532
1.85,0,0,125,-84.0546
1.875,0,0,125,-84.0561
1.9,0,0,125,-84.0576
1.925,0,0,125,-84.0591
1.95,0,0,125,-84.0607
1.975,0,0,125,-84.0623
2,0,0,125,-84.0639
2.025,0,0,125,-84.0656
2.05,0,0,125,-84.0673
2.075,0,0,125,-84.0691
2.1,0,0,125,-84.0709
2.125,0,0,125,-84.0727
2.15,0,0,125,-84.0746
2.175,0,0,125,-84.0765
2.2,0,0,125,-84.0784
2.225,0,0,125,-84.0803
2.25,0,0,125,-84.0824
2.275,0,0,125,-84.0844
2.3,0,0,125,-84.0865
2.325,0,0,125,-84.0887
2.35,0,0,125,-84.0909
2.375,0,0,125,-84.0932
2.4,0,0,125,-84.0955
2.425,0,0,125,-84.0979
2.45,0,0,125,-84.1004
2.475,0,0,125,-84.1029
2.5,0,0,125,-84.1054
2.525,0,0,125,-84.1081
2.55,0,0,125,-84.1107
2.575,0,0,125,-84.1134
2.6,0,0,125,-84.1162
2.625,0,0,125,-84.119
2.65,0,0,125,-84.1218
2.675,0,0,125,-84.1247
2.7,0,0,125,-84.1276
2.725,0,0,125,-84.1305
2.75,0,0,125,-84.1335
2.775,0,0,125,-84.1364
2.8,0,0,125,-84.1394
2.825,0,0,125,-84.1424
2.85,0,0,125,-84.1454
2.875,0,0,125,-84.1484
2.9,0,0,125,-84.1515
2.925,0,0,125,-84.1545
2.95,0,0,125,-84.1576
2.975,0,0,125,-84.1606
3,0,0,125,-84.1637
3.025,0,0,125,-84.1668
3.05,0,0,125,-84.1699
3.075,0,0,125,-84.173
3.1,0,0,125,-84.1761
3.125,0,0,125,-84.1792
3.15,0,0,125,-84.1823
3.175,0,0,125,-84.1853
3.2,0,0,125,-84.1884
3.225,0,0,125,-84.1914
3.25,0,0,125,-84.1944
3.275,0,0,125,-84.1974
3.3,0,0,125,-84.2004
3.325,0,0,125,-84.2033
3.35,0,0,125,-84.2063
3.375,0,0,125,-84.2092
3.4,0,0,125,-84.2121
3.425,0,0,125,-84.2149
3.45,0,0,125,-84.2177
3.475,0,0,125,-84.2205
3.5,0,0,125,-84.2232
3.525,0,0,125,-84.2259
3.55,0,0,125,-84.2285
3.575,0,0,125,-84.2311
3.6,0,0,125,-84.2336
3.625,0,0,125,-84.236
3.65,0,0,125,-84.2383
3.675,0,0,125,-84.2407
3.7,0,0,125,-84.2429
3.725,0,0,125,-84.2451
3.75,0,0,125,-84.2472
3.775,0,0,125,-84.2493
3.8,0,0,125,-84.2513
3.825,0,0,125,-84.2532
3.85,0,0,125,-84.2551
3.875,0,0,125,-84.2569
3.9,0,0,125,-84.2586
3.925,0,0,125,-84.2603
3.95,0,0,125,-84.262
3.975,0,0,125,-84.2635
4,0,0,125,-84.265
4.025,0,0,125,-84.2665
4.05,0,0,125,-84.2679
4.075,0,0,125,-84.2692
4.1,0,0,125,-84.2704
4.125,0,0,125,-84.2716
4.15,0,0,125,-84.2727
4.175,0,0,125,-84.2738
4.2,0,0,125,-84.2748
4.225,0,0,125,-84.2757
4.25,0,0,125,-84.2766
4.275,0,0,125,-84.2775
4.3,0,0,125,-84.2783
4.325,0,0,125,-84.2791
4.35,0,0,125,-84.2798
4.375,0,0,125,-84.2805
4.4,0,0,125,-84.2812
4.425,0,0,125,-84.2818
4.45,0,0,125,-84.2824
4.475,0,0,125,-84.283
4.5,0,0,125,-84.2835
4.525,0,0,125,-84.284
4.55,0,0,125,-84.2844
4.575,0,0,125,-84.2848
4.6,0,0,125,-84.2852
4.625,0,0,125,-84.2855
4.65,0,0,125,-84.2858
4.675,0,0,125,-84.286
4.7,0,0,125,-84.2862
4.725,0,0,125,-84.2864
4.75,0,0,125,-84.2866
4.775,0,0,125,-84.2867
4.8,0,0,125,-84.2868
4.825,0,0,125,-84.287
4.85,0,0,125,-84.2871
4.875,0,0,125,-84.2872
4.9,0,0,125,-84.2872
4.925,0,0,125,-84.2873
4.95,0,0,125,-84.2873
4.975,0,0,125,-84.2873
5,0,0,125,-84.2874
