0,0,0,125,-42.7082
0.025,0,0,125,-42.7238
0.05,0,0,125,-42.7551
0.075,0,0,125,-42.8021
0.1,0,0,125,-42.8649
0.125,0,0,125,-42.9437
0.15,0,0,125,-43.0385
0.175,0,0,125,-43.1496
0.2,0,0,125,-43.2769
0.225,0,0,125,-43.4206
0.25,0,0,125,-43.5808
0.275,0,0,125,-43.7575
0.3,0,0,125,-43.9509
0.325,0,0,125,-44.161
0.35,0,0,125,-44.3878
0.375,0,0,125,-44.6316
0.4,0,0,125,-44.8923
0.425,0,0,125,-45.1701
0.45,0,0,125,-45.4651
0.475,0,0,125,-45.7773
0.5,0,0,125,-46.1068
0.525,0,0,125,-46.4538
0.55,0,0,125,-46.8182
0.575,0,0,125,-47.2
0.6,0,0,125,-47.5994
0.625,0,0,125,-48.0162
0.65,0,0,125,-48.4505
0.675,0,0,125,-48.9021
0.7,0,0,125,-49.3711
0.725,0,0,125,-49.8571
0.75,0,0,125,-50.36
0.775,0,0,125,-50.8796
0.8,0,0,125,-51.4155
0.825,0,0,125,-51.9675
0.85,0,0,125,-52.535
0.875,0,0,125,-53.1175
0.9,0,0,125,-53.7146
0.925,0,0,125,-54.3256
0.95,0,0,125,-54.9497
0.975,0,0,125,-55.5863
1,0,0,125,-56.2344
1.025,0,0,125,-56.8932
1.05,0,0,125,-57.5616
1.075,0,0,125,-58.2387
1.1,0,0,125,-58.9232
1.125,0,0,125,-59.614
1.15,0,0,125,-60.3098
1.175,0,0,125,-61.0095
1.2,0,0,125,-61.7116
1.225,0,0,125,-62.4149
1.25,0,0,125,-63.1179
1.275,0,0,125,-63.8193
1.3,0,0,125,-64.5176
1.325,0,0,125,-65.2116
1.35,0,0,125,-65.8997
1.375,0,0,125,-66.5808
1.4,0,0,125,-67.2535
1.425,0,0,125,-67.9165
1.45,0,0,125,-68.5687
1.475,0,0,125,-69.2089
1.5,0,0,125,-69.8361
1.525,0,0,125,-70.4493
1.55,0,0,125,-71.0476
1.575,0,0,125,-71.6302
1.6,0,0,125,-72.1964
1.625,0,0,125,-72.7457
1.65,0,0,125,-73.2774
1.675,0,0,125,-73.7913
1.7,0,0,125,-74.2869
1.725,0,0,125,-74.764
1.75,0,0,125,-75.2226
1.775,0,0,125,-75.6625
1.8,0,0,125,-76.0838
1.825,0,0,125,-76.4867
1.85,0,0,125,-76.8712
1.875,0,0,125,-77.2378
1.9,0,0,125,-77.5866
1.925,0,0,125,-77.9181
1.95,0,0,125,-78.2327
1.975,0,0,125,-78.5308
2,0,0,125,-78.8129
2.025,0,0,125,-79.0796
2.05,0,0,125,-79.3314
2.075,0,0,125,-79.5688
2.1,0,0,125,-79.7925
2.125,0,0,125,-80.003
2.15,0,0,125,-80.2009
2.175,0,0,125,-80.3868
2.2,0,0,125,-80.5613
2.225,0,0,125,-80.7249
2.25,0,0,125,-80.8782
2.275,0,0,125,-81.0218
2.3,0,0,125,-81.1562
2.325,0,0,125,-81.2819
2.35,0,0,125,-81.3995
2.375,0,0,125,-81.5094
2.4,0,0,125,-81.612
2.425,0,0,125,-81.708
2.45,0,0,125,-81.7975
2.475,0,0,125,-81.8812
2.5,0,0,125,-81.9593
2.525,0,0,125,-82.0322
2.55,0,0,125,-82.1003
2.575,0,0,125,-82.1639
2.6,0,0,125,-82.2233
2.625,0,0,125,-82.2789
2.65,0,0,125,-82.3307
2.675,0,0,125,-82.3793
2.7,0,0,125,-82.4247
2.725,0,0,125,-82.4671
2.75,0,0,125,-82.5069
2.775,0,0,125,-82.5442
2.8,0,0,125,-82.5792
2.825,0,0,125,-82.612
2.85,0,0,125,-82.6428
2.875,0,0,125,-82.6717
2.9,0,0,125,-82.6989
2.925,0,0,125,-82.7246
2.95,0,0,125,-82.7487
2.975,0,0,125,-82.7714
3,0,0,125,-82.7929
3.025,0,0,125,-82.8132
3.05,0,0,125,-82.8323
3.075,0,0,125,-82.8505
3.1,0,0,125,-82.8676
3.125,0,0,125,-82.8839
3.15,0,0,125,-82.8993
3.175,0,0,125,-82.9139
3.2,0,0,125,-82.9278
3.225,0,0,125,-82.941
3.25,0,0,125,-82.9536
3.275,0,0,125,-82.9655
3.3,0,0,125,-82.9769
3.325,0,0,125,-82.9877
3.35,0,0,125,-82.998
3.375,0,0,125,-83.0078
3.4,0,0,125,-83.0171
3.425,0,0,125,-83.026
3.45,0,0,125,-83.0345
3.475,0,0,125,-83.0425
3.5,0,0,125,-83.0502
3.525,0,0,125,-83.0575
3.55,0,0,125,-83.0645
3.575,0,0,125,-83.0711
3.6,0,0,125,-83.0774
3.625,0,0,125,-83.0834
3.65,0,0,125,-83.089
3.675,0,0,125,-83.0944
3.7,0,0,125,-83.0994
3.725,0,0,125,-83.1042
3.75,0,0,125,-83.1087
3.775,0,0,125,-83.113
3.8,0,0,125,-83.1169
3.825,0,0,125,-83.1206
3.85,0,0,125,-83.1241
3.875,0,0,125,-83.1273
3.9,0,0,125,-83.1303
3.925,0,0,125,-83.133
3.95,0,0,125,-83.1355
3.975,0,0,125,-83.1377
4,0,0,125,-83.1397
4.025,0,0,125,-83.1415
4.05,0,0,125,-83.1431
4.075,0,0,125,-83.1444
4.1,0,0,125,-83.1456
4.125,0,0,125,-83.1465
4.15,0,0,125,-83.1472
4.175,0,0,125,-83.1477
4.2,0,0,125,-83.1481
4.225,0,0,125,-83.1482
4.25,0,0,125,-83.1481
4.275,0,0,125,-83.1479
4.3,0,0,125,-83.1475
4.325,0,0,125,-83.1469
4.35,0,0,125,-83.1461
4.375,0,0,125,-83.1452
4.4,0,0,125,-83.1441
4.425,0,0,125,-83.1428
4.45,0,0,125,-83.1414
4.475,0,0,125,-83.1399
4.5,0,0,125,-83.1382
4.525,0,0,125,-83.1363
4.55,0,0,125,-83.1344
4.575,0,0,125,-83.1323
4.6,0,0,125,-83.1302
4.625,0,0,125,-83.1279
4.65,0,0,125,-83.1255
4.675,0,0,125,-83.1231
4.7,0,0,125,-83.1206
4.725,0,0,125,-83.1181
4.75,0,0,125,-83.1155
4.775,0,0,125,-83.113
4.8,0,0,125,-83.1104
4.825,0,0,125,-83.1079
4.85,0,0,125,-83.1055
4.875,0,0,125,-83.1032
4.9,0,0,125,-83.1011
4.925,0,0,125,-83.0994
4.95,0,0,125,-83.0979
4.975,0,0,125,-83.0969
5,0,0,125,-83.0964
