0,0,0,125,15.2041
0.025,0,0,125,14.8655
0.05,0,0,125,14.1994
0.075,0,0,125,13.227
0.1,0,0,125,11.9794
0.125,0,0,125,10.4963
0.15,0,0,125,8.82537
0.175,0,0,125,7.0218
0.2,0,0,125,5.14505
0.225,0,0,125,3.25357
0.25,0,0,125,1.39865
0.275,0,0,125,-0.3823
0.3,0,0,125,-2.07387
0.325,0,0,125,-3.69298
0.35,0,0,125,-5.30264
0.375,0,0,125,-7.03055
0.4,0,0,125,-9.09464
0.425,0,0,125,-11.8366
0.45,0,0,125,-15.7568
0.475,0,0,125,-21.5056
0.5,0,0,125,-29.6486
0.525,0,0,125,-39.7375
0.55,0,0,125,-49.5538
0.575,0,0,125,-57.5845
0.6,0,0,125,-63.7765
0.625,0,0,125,-68.4703
0.65,0,0,125,-72.0037
0.675,0,0,125,-74.652
0.7,0,0,125,-76.6301
0.725,0,0,125,-78.1033
0.75,0,0,125,-79.1978
0.775,0,0,125,-80.0093
0.8,0,0,125,-80.6101
0.825,0,0,125,-81.0547
0.85,0,0,125,-81.3838
0.875,0,0,125,-81.6277
0.9,0,0,125,-81.8093
0.925,0,0,125,-81.9451
0.95,0,0,125,-82.0476
0.975,0,0,125,-82.126
1,0,0,125,-82.1869
1.025,0,0,125,-82.2352
1.05,0,0,125,-82.2743
1.075,0,0,125,-82.3069
1.1,0,0,125,-82.3348
1.125,0,0,125,-82.3593
1.15,0,0,125,-82.3814
1.175,0,0,125,-82.4016
1.2,0,0,125,-82.4205
1.225,0,0,125,-82.4384
1.25,0,0,125,-82.4555
1.275,0,0,125,-82.4719
1.3,0,0,125,-82.4879
1.325,0,0,125,-82.5034
1.35,0,0,125,-82.5185
1.375,0,0,125,-82.5332
1.4,0,0,125,-82.5477
1.425,0,0,125,-82.5618
1.45,0,0,125,-82.5757
1.475,0,0,125,-82.5893
1.5,0,0,125,-82.6027
1.525,0,0,125,-82.6158
1.55,0,0,125,-82.6287
1.575,0,0,125,-82.6413
1.6,0,0,125,-82.6538
1.625,0,0,125,-82.666
1.65,0,0,125,-82.6781
1.675,0,0,125,-82.69
1.7,0,0,125,-82.7017
1.725,0,0,125,-82.7132
1.75,0,0,125,-82.7246
1.775,0,0,125,-82.7359
1.8,0,0,125,-82.747
1.825,0,0,125,-82.758
1.85,0,0,125,-82.7688
1.875,0,0,125,-82.7796
1.9,0,0,125,-82.7903
1.925,0,0,125,-82.8008
1.95,0,0,125,-82.8113
1.975,0,0,125,-82.8217
2,0,0,125,-82.832
2.025,0,0,125,-82.8422
2.05,0,0,125,-82.8523
2.075,0,0,125,-82.8624
2.1,0,0,125,-82.8725
2.125,0,0,125,-82.8824
2.15,0,0,125,-82.8923
2.175,0,0,125,-82.9022
2.2,0,0,125,-82.912
2.225,0,0,125,-82.9218
2.25,0,0,125,-82.9315
2.275,0,0,125,-82.9412
2.3,0,0,125,-82.9508
2.325,0,0,125,-82.9604
2.35,0,0,125,-82.9699
2.375,0,0,125,-82.9794
2.4,0,0,125,-82.9888
2.425,0,0,125,-82.9982
2.45,0,0,125,-83.0075
2.475,0,0,125,-83.0168
2.5,0,0,125,-83.0261
2.525,0,0,125,-83.0353
2.55,0,0,125,-83.0444
2.575,0,0,125,-83.0534
2.6,0,0,125,-83.0624
2.625,0,0,125,-83.0714
2.65,0,0,125,-83.0802
2.675,0,0,125,-83.089
2.7,0,0,125,-83.0978
2.725,0,0,125,-83.1064
2.75,0,0,125,-83.115
2.775,0,0,125,-83.1234
2.8,0,0,125,-83.1318
2.825,0,0,125,-83.1401
2.85,0,0,125,-83.1483
2.875,0,0,125,-83.1564
2.9,0,0,125,-83.1644
2.925,0,0,125,-83.1723
2.95,0,0,125,-83.1801
2.975,0,0,125,-83.1878
3,0,0,125,-83.1954
3.025,0,0,125,-83.2029
3.05,0,0,125,-83.2102
3.075,0,0,125,-83.2175
3.1,0,0,125,-83.2246
3.125,0,0,125,-83.2316
3.15,0,0,125,-83.2384
3.175,0,0,125,-83.2451
3.2,0,0,125,-83.2516
3.225,0,0,125,-83.2581
3.25,0,0,125,-83.2643
3.275,0,0,125,-83.2705
3.3,0,0,125,-83.2765
3.325,0,0,125,-83.2823
3.35,0,0,125,-83.288
3.375,0,0,125,-83.2936
3.4,0,0,125,-83.299
3.425,0,0,125,-83.3042
3.45,0,0,125,-83.3093
3.475,0,0,125,-83.3142
3.5,0,0,125,-83.3189
3.525,0,0,125,-83.3235
3.55,0,0,125,-83.3279
3.575,0,0,125,-83.3322
3.6,0,0,125,-83.3363
3.625,0,0,125,-83.3403
3.65,0,0,125,-83.3441
3.675,0,0,125,-83.3477
3.7,0,0,125,-83.3511
3.725,0,0,125,-83.3544
3.75,0,0,125,-83.3575
3.775,0,0,125,-83.3605
3.8,0,0,125,-83.3633
3.825,0,0,125,-83.3659
3.85,0,0,125,-83.3684
3.875,0,0,125,-83.3707
3.9,0,0,125,-83.3728
3.925,0,0,125,-83.3748
3.95,0,0,125,-83.3766
3.975,0,0,125,-83.3782
4,0,0,125,-83.3797
4.025,0,0,125,-83.381
4.05,0,0,125,-83.3822
4.075,0,0,125,-83.3832
4.1,0,0,125,-83.384
4.125,0,0,125,-83.3846
4.15,0,0,125,-83.3851
4.175,0,0,125,-83.3854
4.2,0,0,125,-83.3856
4.225,0,0,125,-83.3856
4.25,0,0,125,-83.3854
4.275,0,0,125,-83.3851
4.3,0,0,125,-83.3846
4.325,0,0,125,-83.384
4.35,0,0,125,-83.3833
4.375,0,0,125,-83.3824
4.4,0,0,125,-83.3814
4.425,0,0,125,-83.3802
4.45,0,0,125,-83.379
4.475,0,0,125,-83.3776
4.5,0,0,125,-83.3761
4.525,0,0,125,-83.3745
4.55,0,0,125,-83.3728
4.575,0,0,125,-83.371
4.6,0,0,125,-83.3691
4.625,0,0,125,-83.3671
4.65,0,0,125,-83.3651
4.675,0,0,125,-83.363
4.7,0,0,125,-83.3609
4.725,0,0,125,-83.3588
4.75,0,0,125,-83.3566
4.775,0,0,125,-83.3544
4.8,0,0,125,-83.3523
4.825,0,0,125,-83.3502
4.85,0,0,125,-83.3481
4.875,0,0,125,-83.3462
4.9,0,0,125,-83.3445
4.925,0,0,125,-83.343
4.95,0,0,125,-83.3418
4.975,0,0,125,-83.341
5,0,0,125,-83.3406
