0,0,0,125,9.17557
0.025,0,0,125,9.17327
0.05,0,0,125,9.16849
0.075,0,0,125,9.16074
0.1,0,0,125,9.14934
0.125,0,0,125,9.13346
0.15,0,0,125,9.11238
0.175,0,0,125,9.08566
0.2,0,0,125,9.0532
0.225,0,0,125,9.01509
0.25,0,0,125,8.97151
0.275,0,0,125,8.92266
0.3,0,0,125,8.86877
0.325,0,0,125,8.81006
0.35,0,0,125,8.74675
0.375,0,0,125,8.67905
0.4,0,0,125,8.60718
0.425,0,0,125,8.53135
0.45,0,0,125,8.45175
0.475,0,0,125,8.36857
0.5,0,0,125,8.28199
0.525,0,0,125,8.1922
0.55,0,0,125,8.09935
0.575,0,0,125,8.00359
0.6,0,0,125,7.90508
0.625,0,0,125,7.80395
0.65,0,0,125,7.70032
0.675,0,0,125,7.5943
0.7,0,0,125,7.486
0.725,0,0,125,7.37551
0.75,0,0,125,7.26292
0.775,0,0,125,7.14829
0.8,0,0,125,7.03168
0.825,0,0,125,6.91316
0.85,0,0,125,6.79276
0.875,0,0,125,6.67051
0.9,0,0,125,6.54645
0.925,0,0,125,6.42058
0.95,0,0,125,6.29292
0.975,0,0,125,6.16346
1,0,0,125,6.03219
1.025,0,0,125,5.89911
1.05,0,0,125,5.76419
1.075,0,0,125,5.6274
1.1,0,0,125,5.48871
1.125,0,0,125,5.34809
1.15,0,0,125,5.20548
1.175,0,0,125,5.06085
1.2,0,0,125,4.91415
1.225,0,0,125,4.76532
1.25,0,0,125,4.61432
1.275,0,0,125,4.46108
1.3,0,0,125,4.30555
1.325,0,0,125,4.14768
1.35,0,0,125,3.98742
1.375,0,0,125,3.8247
1.4,0,0,125,3.65948
1.425,0,0,125,3.49171
1.45,0,0,125,3.32135
1.475,0,0,125,3.14836
1.5,0,0,125,2.9727
1.525,0,0,125,2.79434
1.55,0,0,125,2.61327
1.575,0,0,125,2.42946
1.6,0,0,125,2.24292
1.625,0,0,125,2.05363
1.65,0,0,125,1.86161
1.675,0,0,125,1.66687
1.7,0,0,125,1.46944
1.725,0,0,125,1.26936
1.75,0,0,125,1.06666
1.775,0,0,125,0.861415
1.8,0,0,125,0.653671
1.825,0,0,125,0.443506
1.85,0,0,125,0.231
1.875,0,0,125,0.0162438
1.9,0,0,125,-0.200666
1.925,0,0,125,-0.419624
1.95,0,0,125,-0.640516
1.975,0,0,125,-0.863223
2,0,0,125,-1.08762
2.025,0,0,125,-1.31357
2.05,0,0,125,-1.54093
2.075,0,0,125,-1.76958
2.1,0,0,125,-1.99935
2.125,0,0,125,-2.2301
2.15,0,0,125,-2.46167
2.175,0,0,125,-2.69391
2.2,0,0,125,-2.92666
2.225,0,0,125,-3.15975
2.25,0,0,125,-3.39303
2.275,0,0,125,-3.62633
2.3,0,0,125,-3.85949
2.325,0,0,125,-4.09233
2.35,0,0,125,-4.32471
2.375,0,0,125,-4.55644
2.4,0,0,125,-4.78738
2.425,0,0,125,-5.01735
2.45,0,0,125,-5.24619
2.475,0,0,125,-5.47374
2.5,0,0,125,-5.69984
2.525,0,0,125,-5.92434
2.55,0,0,125,-6.14707
2.575,0,0,125,-6.36788
2.6,0,0,125,-6.58662
2.625,0,0,125,-6.80312
2.65,0,0,125,-7.01724
2.675,0,0,125,-7.22883
2.7,0,0,125,-7.43774
2.725,0,0,125,-7.64382
2.75,0,0,125,-7.84692
2.775,0,0,125,-8.0469
2.8,0,0,125,-8.24361
2.825,0,0,125,-8.43691
2.85,0,0,125,-8.62665
2.875,0,0,125,-8.8127
2.9,0,0,125,-8.99491
2.925,0,0,125,-9.17314
2.95,0,0,125,-9.34725
2.975,0,0,125,-9.51709
3,0,0,125,-9.68254
3.025,0,0,125,-9.84343
3.05,0,0,125,-9.99965
3.075,0,0,125,-10.151
3.1,0,0,125,-10.2975
3.125,0,0,125,-10.4388
3.15,0,0,125,-10.5748
3.175,0,0,125,-10.7055
3.2,0,0,125,-10.8307
3.225,0,0,125,-10.9501
3.25,0,0,125,-11.0638
3.275,0,0,125,-11.1715
3.3,0,0,125,-11.2731
3.325,0,0,125,-11.3684
3.35,0,0,125,-11.4573
3.375,0,0,125,-11.5397
3.4,0,0,125,-11.6154
3.425,0,0,125,-11.6843
3.45,0,0,125,-11.7461
3.475,0,0,125,-11.8009
3.5,0,0,125,-11.8483
3.525,0,0,125,-11.8884
3.55,0,0,125,-11.9208
3.575,0,0,125,-11.9455
3.6,0,0,125,-11.9624
3.625,0,0,125,-11.9712
3.65,0,0,125,-11.9718
3.675,0,0,125,-11.9641
3.7,0,0,125,-11.948
3.725,0,0,125,-11.9232
3.75,0,0,125,-11.8896
3.775,0,0,125,-11.8471
3.8,0,0,125,-11.7955
3.825,0,0,125,-11.7346
3.85,0,0,125,-11.6644
3.875,0,0,125,-11.5845
3.9,0,0,125,-11.4949
3.925,0,0,125,-11.3954
3.95,0,0,125,-11.2857
3.975,0,0,125,-11.1656
4,0,0,125,-11.035
4.025,0,0,125,-10.8934
4.05,0,0,125,-10.7406
4.075,0,0,125,-10.5762
4.1,0,0,125,-10.3997
4.125,0,0,125,-10.2107
4.15,0,0,125,-10.0084
4.175,0,0,125,-9.79207
4.2,0,0,125,-9.56082
4.225,0,0,125,-9.31354
4.25,0,0,125,-9.04891
4.275,0,0,125,-8.7654
4.3,0,0,125,-8.46123
4.325,0,0,125,-8.13437
4.35,0,0,125,-7.78249
4.375,0,0,125,-7.40303
4.4,0,0,125,-6.99319
4.425,0,0,125,-6.54997
4.45,0,0,125,-6.0703
4.475,0,0,125,-5.5511
4.5,0,0,125,-4.98943
4.525,0,0,125,-4.3827
4.55,0,0,125,-3.72886
4.575,0,0,125,-3.02664
4.6,0,0,125,-2.27584
4.625,0,0,125,-1.4776
4.65,0,0,125,-0.63467
4.675,0,0,125,0.248304
4.7,0,0,125,1.1646
4.725,0,0,125,2.10524
4.75,0,0,125,3.05894
4.775,0,0,125,4.01218
4.8,0,0,125,4.94931
4.825,0,0,125,5.8529
4.85,0,0,125,6.7042
4.875,0,0,125,7.48364
4.9,0,0,125,8.17162
4.925,0,0,125,8.74931
4.95,0,0,125,9.19964
4.975,0,0,125,9.50841
5,0,0,125,9.66545
