0,0,0,125,-83.2397
0.025,0,0,125,-83.2402
0.05,0,0,125,-83.2412
0.075,0,0,125,-83.2425
0.1,0,0,125,-83.2442
0.125,0,0,125,-83.2461
0.15,0,0,125,-83.2481
0.175,0,0,125,-83.2502
0.2,0,0,125,-83.2523
0.225,0,0,125,-83.2543
0.25,0,0,125,-83.2563
0.275,0,0,125,-83.2581
0.3,0,0,125,-83.2598
0.325,0,0,125,-83.2613
0.35,0,0,125,-83.2627
0.375,0,0,125,-83.2639
0.4,0,0,125,-83.2649
0.425,0,0,125,-83.2656
0.45,0,0,125,-83.2661
0.475,0,0,125,-83.2664
0.5,0,0,125,-83.2664
0.525,0,0,125,-83.2661
0.55,0,0,125,-83.2655
0.575,0,0,125,-83.2646
0.6,0,0,125,-83.2634
0.625,0,0,125,-83.2618
0.65,0,0,125,-83.2599
0.675,0,0,125,-83.2576
0.7,0,0,125,-83.2549
0.725,0,0,125,-83.2517
0.75,0,0,125,-83.2482
0.775,0,0,125,-83.2441
0.8,0,0,125,-83.2396
0.825,0,0,125,-83.2346
0.85,0,0,125,-83.229
0.875,0,0,125,-83.2228
0.9,0,0,125,-83.216
0.925,0,0,125,-83.2086
0.95,0,0,125,-83.2005
0.975,0,0,125,-83.1917
1,0,0,125,-83.1821
1.025,0,0,125,-83.1717
1.05,0,0,125,-83.1604
1.075,0,0,125,-83.1481
1.1,0,0,125,-83.1349
1.125,0,0,125,-83.1206
1.15,0,0,125,-83.1052
1.175,0,0,125,-83.0885
1.2,0,0,125,-83.0705
1.225,0,0,125,-83.0511
1.25,0,0,125,-83.0302
1.275,0,0,125,-83.0077
1.3,0,0,125,-82.9833
1.325,0,0,125,-82.9571
1.35,0,0,125,-82.9288
1.375,0,0,125,-82.8983
1.4,0,0,125,-82.8654
1.425,0,0,125,-82.8299
1.45,0,0,125,-82.7915
1.475,0,0,125,-82.75
1.5,0,0,125,-82.7053
1.525,0,0,125,-82.6568
1.55,0,0,125,-82.6045
1.575,0,0,125,-82.5478
1.6,0,0,125,-82.4865
1.625,0,0,125,-82.42
1.65,0,0,125,-82.348
1.675,0,0,125,-82.27
1.7,0,0,125,-82.1853
1.725,0,0,125,-82.0934
1.75,0,0,125,-81.9936
1.775,0,0,125,-81.8852
1.8,0,0,125,-81.7674
1.825,0,0,125,-81.6395
1.85,0,0,125,-81.5003
1.875,0,0,125,-81.349
1.9,0,0,125,-81.1845
1.925,0,0,125,-81.0056
1.95,0,0,125,-80.811
1.975,0,0,125,-80.5996
2,0,0,125,-80.3697
2.025,0,0,125,-80.12
2.05,0,0,125,-79.8489
2.075,0,0,125,-79.5547
2.1,0,0,125,-79.2357
2.125,0,0,125,-78.8903
2.15,0,0,125,-78.5166
2.175,0,0,125,-78.1129
2.2,0,0,125,-77.6773
2.225,0,0,125,-77.2081
2.25,0,0,125,-76.7036
2.275,0,0,125,-76.1621
2.3,0,0,125,-75.5823
2.325,0,0,125,-74.9629
2.35,0,0,125,-74.3026
2.375,0,0,125,-73.6007
2.4,0,0,125,-72.8566
2.425,0,0,125,-72.07
2.45,0,0,125,-71.2411
2.475,0,0,125,-70.3702
2.5,0,0,125,-69.4583
2.525,0,0,125,-68.5066
2.55,0,0,125,-67.5168
2.575,0,0,125,-66.4911
2.6,0,0,125,-65.432
2.625,0,0,125,-64.3422
2.65,0,0,125,-63.2251
2.675,0,0,125,-62.0841
2.7,0,0,125,-60.9228
2.725,0,0,125,-59.7453
2.75,0,0,125,-58.5555
2.775,0,0,125,-57.3575
2.8,0,0,125,-56.1554
2.825,0,0,125,-54.9531
2.85,0,0,125,-53.7546
2.875,0,0,125,-52.5635
2.9,0,0,125,-51.3832
2.925,0,0,125,-50.217
2.95,0,0,125,-49.0679
2.975,0,0,125,-47.9384
3,0,0,125,-46.8309
3.025,0,0,125,-45.7473
3.05,0,0,125,-44.6893
3.075,0,0,125,-43.6583
3.1,0,0,125,-42.6553
3.125,0,0,125,-41.6811
3.15,0,0,125,-40.7362
3.175,0,0,125,-39.821
3.2,0,0,125,-38.9355
3.225,0,0,125,-38.0797
3.25,0,0,125,-37.2532
3.275,0,0,125,-36.4558
3.3,0,0,125,-35.6869
3.325,0,0,125,-34.946
3.35,0,0,125,-34.2324
3.375,0,0,125,-33.5454
3.4,0,0,125,-32.8843
3.425,0,0,125,-32.2483
3.45,0,0,125,-31.6367
3.475,0,0,125,-31.0486
3.5,0,0,125,-30.4834
3.525,0,0,125,-29.9402
3.55,0,0,125,-29.4182
3.575,0,0,125,-28.9168
3.6,0,0,125,-28.4351
3.625,0,0,125,-27.9726
3.65,0,0,125,-27.5284
3.675,0,0,125,-27.1019
3.7,0,0,125,-26.6924
3.725,0,0,125,-26.2994
3.75,0,0,125,-25.9222
3.775,0,0,125,-25.5602
3.8,0,0,125,-25.2129
3.825,0,0,125,-24.8796
3.85,0,0,125,-24.5599
3.875,0,0,125,-24.2533
3.9,0,0,125,-23.9592
3.925,0,0,125,-23.6773
3.95,0,0,125,-23.4069
3.975,0,0,125,-23.1478
4,0,0,125,-22.8994
4.025,0,0,125,-22.6614
4.05,0,0,125,-22.4334
4.075,0,0,125,-22.215
4.1,0,0,125,-22.0059
4.125,0,0,125,-21.8057
4.15,0,0,125,-21.6141
4.175,0,0,125,-21.4308
4.2,0,0,125,-21.2555
4.225,0,0,125,-21.0879
4.25,0,0,125,-20.9277
4.275,0,0,125,-20.7748
4.3,0,0,125,-20.6287
4.325,0,0,125,-20.4895
4.35,0,0,125,-20.3567
4.375,0,0,125,-20.2302
4.4,0,0,125,-20.1099
4.425,0,0,125,-19.9955
4.45,0,0,125,-19.8868
4.475,0,0,125,-19.7838
4.5,0,0,125,-19.6863
4.525,0,0,125,-19.5941
4.55,0,0,125,-19.5072
4.575,0,0,125,-19.4253
4.6,0,0,125,-19.3485
4.625,0,0,125,-19.2766
4.65,0,0,125,-19.2095
4.675,0,0,125,-19.1473
4.7,0,0,125,-19.0897
4.725,0,0,125,-19.0368
4.75,0,0,125,-18.9885
4.775,0,0,125,-18.9448
4.8,0,0,125,-18.9057
4.825,0,0,125,-18.8711
4.85,0,0,125,-18.841
4.875,0,0,125,-18.8153
4.9,0,0,125,-18.7941
4.925,0,0,125,-18.7772
4.95,0,0,125,-18.7646
4.975,0,0,125,-18.7562
5,0,0,125,-18.752
