0,0,0,125,-84.172
0.025,0,0,125,-84.1721
0.05,0,0,125,-84.1724
0.075,0,0,125,-84.1727
0.1,0,0,125,-84.1731
0.125,0,0,125,-84.1736
0.15,0,0,125,-84.1741
0.175,0,0,125,-84.1746
0.2,0,0,125,-84.1752
0.225,0,0,125,-84.1758
0.25,0,0,125,-84.1763
0.275,0,0,125,-84.1769
0.3,0,0,125,-84.1775
0.325,0,0,125,-84.1781
0.35,0,0,125,-84.1787
0.375,0,0,125,-84.1793
0.4,0,0,125,-84.1799
0.425,0,0,125,-84.1805
0.45,0,0,125,-84.1811
0.475,0,0,125,-84.1816
0.5,0,0,125,-84.1822
0.525,0,0,125,-84.1827
0.55,0,0,125,-84.1832
0.575,0,0,125,-84.1837
0.6,0,0,125,-84.1841
0.625,0,0,125,-84.1846
0.65,0,0,125,-84.1851
0.675,0,0,125,-84.1855
0.7,0,0,125,-84.186
0.725,0,0,125,-84.1864
0.75,0,0,125,-84.1869
0.775,0,0,125,-84.1874
0.8,0,0,125,-84.1879
0.825,0,0,125,-84.1884
0.85,0,0,125,-84.1889
0.875,0,0,125,-84.1894
0.9,0,0,125,-84.1899
0.925,0,0,125,-84.1904
0.95,0,0,125,-84.191
0.975,0,0,125,-84.1915
1,0,0,125,-84.1921
1.025,0,0,125,-84.1926
1.05,0,0,125,-84.1932
1.075,0,0,125,-84.1938
1.1,0,0,125,-84.1944
1.125,0,0,125,-84.195
1.15,0,0,125,-84.1956
1.175,0,0,125,-84.1962
1.2,0,0,125,-84.1969
1.225,0,0,125,-84.1975
1.25,0,0,125,-84.1982
1.275,0,0,125,-84.1988
1.3,0,0,125,-84.1995
1.325,0,0,125,-84.2002
1.35,0,0,125,-84.2009
1.375,0,0,125,-84.2016
1.4,0,0,125,-84.2023
1.425,0,0,125,-84.203
1.45,0,0,125,-84.2037
1.475,0,0,125,-84.2045
1.5,0,0,125,-84.2052
1.525,0,0,125,-84.206
1.55,0,0,125,-84.2068
1.575,0,0,125,-84.2075
1.6,0,0,125,-84.2083
1.625,0,0,125,-84.2091
1.65,0,0,125,-84.2099
1.675,0,0,125,-84.2108
1.7,0,0,125,-84.2116
1.725,0,0,125,-84.2125
1.75,0,0,125,-84.2134
1.775,0,0,125,-84.2143
1.8,0,0,125,-84.2152
1.825,0,0,125,-84.2162
1.85,0,0,125,-84.2173
1.875,0,0,125,-84.2183
1.9,0,0,125,-84.2194
1.925,0,0,125,-84.2206
1.95,0,0,125,-84.2217
1.975,0,0,125,-84.2229
2,0,0,125,-84.2241
2.025,0,0,125,-84.2254
2.05,0,0,125,-84.2266
2.075,0,0,125,-84.2278
2.1,0,0,125,-84.2291
2.125,0,0,125,-84.2304
2.15,0,0,125,-84.2317
2.175,0,0,125,-84.233
2.2,0,0,125,-84.2343
2.225,0,0,125,-84.2357
2.25,0,0,125,-84.2371
2.275,0,0,125,-84.2385
2.3,0,0,125,-84.24
2.325,0,0,125,-84.2415
2.35,0,0,125,-84.2431
2.375,0,0,125,-84.2447
2.4,0,0,125,-84.2463
2.425,0,0,125,-84.248
2.45,0,0,125,-84.2497
2.475,0,0,125,-84.2514
2.5,0,0,125,-84.2532
2.525,0,0,125,-84.255
2.55,0,0,125,-84.2569
2.575,0,0,125,-84.2587
2.6,0,0,125,-84.2607
2.625,0,0,125,-84.2626
2.65,0,0,125,-84.2646
2.675,0,0,125,-84.2666
2.7,0,0,125,-84.2687
2.725,0,0,125,-84.2707
2.75,0,0,125,-84.2727
2.775,0,0,125,-84.2748
2.8,0,0,125,-84.2768
2.825,0,0,125,-84.2789
2.85,0,0,125,-84.281
2.875,0,0,125,-84.2831
2.9,0,0,125,-84.2852
2.925,0,0,125,-84.2873
2.95,0,0,125,-84.2894
2.975,0,0,125,-84.2915
3,0,0,125,-84.2937
3.025,0,0,125,-84.2958
3.05,0,0,125,-84.298
3.075,0,0,125,-84.3002
3.1,0,0,125,-84.3023
3.125,0,0,125,-84.3045
3.15,0,0,125,-84.3067
3.175,0,0,125,-84.3089
3.2,0,0,125,-84.3111
3.225,0,0,125,-84.3132
3.25,0,0,125,-84.3154
3.275,0,0,125,-84.3175
3.3,0,0,125,-84.3196
3.325,0,0,125,-84.3216
3.35,0,0,125,-84.3237
3.375,0,0,125,-84.3256
3.4,0,0,125,-84.3276
3.425,0,0,125,-84.3295
3.45,0,0,125,-84.3313
3.475,0,0,125,-84.3332
3.5,0,0,125,-84.335
3.525,0,0,125,-84.3367
3.55,0,0,125,-84.3385
3.575,0,0,125,-84.3402
3.6,0,0,125,-84.3418
3.625,0,0,125,-84.3434
3.65,0,0,125,-84.345
3.675,0,0,125,-84.3465
3.7,0,0,125,-84.3481
3.725,0,0,125,-84.3495
3.75,0,0,125,-84.351
3.775,0,0,125,-84.3524
3.8,0,0,125,-84.3537
3.825,0,0,125,-84.355
3.85,0,0,125,-84.3563
3.875,0,0,125,-84.3576
3.9,0,0,125,-84.3588
3.925,0,0,125,-84.36
3.95,0,0,125,-84.3611
3.975,0,0,125,-84.3622
4,0,0,125,-84.3632
4.025,0,0,125,-84.3643
4.05,0,0,125,-84.3653
4.075,0,0,125,-84.3662
4.1,0,0,125,-84.3671
4.125,0,0,125,-84.368
4.15,0,0,125,-84.3688
4.175,0,0,125,-84.3696
4.2,0,0,125,-84.3703
4.225,0,0,125,-84.3711
4.25,0,0,125,-84.3717
4.275,0,0,125,-84.3724
4.3,0,0,125,-84.373
4.325,0,0,125,-84.3735
4.35,0,0,125,-84.3741
4.375,0,0,125,-84.3746
4.4,0,0,125,-84.375
4.425,0,0,125,-84.3754
4.45,0,0,125,-84.3758
4.475,0,0,125,-84.3761
4.5,0,0,125,-84.3764
4.525,0,0,125,-84.3767
4.55,0,0,125,-84.377
4.575,0,0,125,-84.3772
4.6,0,0,125,-84.3774
4.625,0,0,125,-84.3777
4.65,0,0,125,-84.3779
4.675,0,0,125,-84.3781
4.7,0,0,125,-84.3782
4.725,0,0,125,-84.3784
4.75,0,0,125,-84.3785
4.775,0,0,125,-84.3787
4.8,0,0,125,-84.3788
4.825,0,0,125,-84.3789
4.85,0,0,125,-84.379
4.875,0,0,125,-84.379
4.9,0,0,125,-84.3791
4.925,0,0,125,-84.3791
4.95,0,0,125,-84.3791
4.975,0,0,125,-84.3792
5,0,0,125,-84.3791
