0,0,0,125,-31.3827
0.025,0,0,125,-31.3788
0.05,0,0,125,-31.3713
0.075,0,0,125,-31.3603
0.1,0,0,125,-31.3463
0.125,0,0,125,-31.3299
0.15,0,0,125,-31.3115
0.175,0,0,125,-31.2918
0.2,0,0,125,-31.2709
0.225,0,0,125,-31.2492
0.25,0,0,125,-31.227
0.275,0,0,125,-31.2046
0.3,0,0,125,-31.1821
0.325,0,0,125,-31.1599
0.35,0,0,125,-31.1382
0.375,0,0,125,-31.1173
0.4,0,0,125,-31.0973
0.425,0,0,125,-31.0786
0.45,0,0,125,-31.0613
0.475,0,0,125,-31.0457
0.5,0,0,125,-31.0321
0.525,0,0,125,-31.0208
0.55,0,0,125,-31.0118
0.575,0,0,125,-31.0056
0.6,0,0,125,-31.0023
0.625,0,0,125,-31.0022
0.65,0,0,125,-31.0056
0.675,0,0,125,-31.0126
0.7,0,0,125,-31.0237
0.725,0,0,125,-31.039
0.75,0,0,125,-31.0587
0.775,0,0,125,-31.0833
0.8,0,0,125,-31.1129
0.825,0,0,125,-31.1478
0.85,0,0,125,-31.1884
0.875,0,0,125,-31.2349
0.9,0,0,125,-31.2876
0.925,0,0,125,-31.3469
0.95,0,0,125,-31.4129
0.975,0,0,125,-31.4862
1,0,0,125,-31.567
1.025,0,0,125,-31.6556
1.05,0,0,125,-31.7524
1.075,0,0,125,-31.8578
1.1,0,0,125,-31.9721
1.125,0,0,125,-32.0956
1.15,0,0,125,-32.2289
1.175,0,0,125,-32.3723
1.2,0,0,125,-32.5261
1.225,0,0,125,-32.6909
1.25,0,0,125,-32.867
1.275,0,0,125,-33.0549
1.3,0,0,125,-33.2551
1.325,0,0,125,-33.468
1.35,0,0,125,-33.6941
1.375,0,0,125,-33.934
1.4,0,0,125,-34.188
1.425,0,0,125,-34.4567
1.45,0,0,125,-34.7407
1.475,0,0,125,-35.0405
1.5,0,0,125,-35.3565
1.525,0,0,125,-35.6895
1.55,0,0,125,-36.0399
1.575,0,0,125,-36.4082
1.6,0,0,125,-36.7951
1.625,0,0,125,-37.2011
1.65,0,0,125,-37.6267
1.675,0,0,125,-38.0726
1.7,0,0,125,-38.5391
1.725,0,0,125,-39.0268
1.75,0,0,125,-39.5361
1.775,0,0,125,-40.0676
1.8,0,0,125,-40.6216
1.825,0,0,125,-41.1985
1.85,0,0,125,-41.7985
1.875,0,0,125,-42.4219
1.9,0,0,125,-43.0689
1.925,0,0,125,-43.7394
1.95,0,0,125,-44.4335
1.975,0,0,125,-45.151
2,0,0,125,-45.8917
2.025,0,0,125,-46.6552
2.05,0,0,125,-47.4408
2.075,0,0,125,-48.2481
2.1,0,0,125,-49.076
2.125,0,0,125,-49.9236
2.15,0,0,125,-50.7899
2.175,0,0,125,-51.6733
2.2,0,0,125,-52.5725
2.225,0,0,125,-53.4857
2.25,0,0,125,-54.4113
2.275,0,0,125,-55.3471
2.3,0,0,125,-56.2911
2.325,0,0,125,-57.241
2.35,0,0,125,-58.1946
2.375,0,0,125,-59.1494
2.4,0,0,125,-60.1029
2.425,0,0,125,-61.0526
2.45,0,0,125,-61.9961
2.475,0,0,125,-62.9308
2.5,0,0,125,-63.8542
2.525,0,0,125,-64.7639
2.55,0,0,125,-65.6578
2.575,0,0,125,-66.5336
2.6,0,0,125,-67.3893
2.625,0,0,125,-68.2231
2.65,0,0,125,-69.0333
2.675,0,0,125,-69.8185
2.7,0,0,125,-70.5773
2.725,0,0,125,-71.3087
2.75,0,0,125,-72.012
2.775,0,0,125,-72.6865
2.8,0,0,125,-73.3317
2.825,0,0,125,-73.9475
2.85,0,0,125,-74.5339
2.875,0,0,125,-75.0909
2.9,0,0,125,-75.619
2.925,0,0,125,-76.1185
2.95,0,0,125,-76.5902
2.975,0,0,125,-77.0346
3,0,0,125,-77.4527
3.025,0,0,125,-77.8453
3.05,0,0,125,-78.2134
3.075,0,0,125,-78.5579
3.1,0,0,125,-78.8799
3.125,0,0,125,-79.1805
3.15,0,0,125,-79.4608
3.175,0,0,125,-79.7218
3.2,0,0,125,-79.9647
3.225,0,0,125,-80.1903
3.25,0,0,125,-80.3999
3.275,0,0,125,-80.5943
3.3,0,0,125,-80.7746
3.325,0,0,125,-80.9416
3.35,0,0,125,-81.0963
3.375,0,0,125,-81.2395
3.4,0,0,125,-81.372
3.425,0,0,125,-81.4945
3.45,0,0,125,-81.6078
3.475,0,0,125,-81.7126
3.5,0,0,125,-81.8095
3.525,0,0,125,-81.8991
3.55,0,0,125,-81.9818
3.575,0,0,125,-82.0584
3.6,0,0,125,-82.1291
3.625,0,0,125,-82.1945
3.65,0,0,125,-82.255
3.675,0,0,125,-82.3109
3.7,0,0,125,-82.3627
3.725,0,0,125,-82.4106
3.75,0,0,125,-82.4549
3.775,0,0,125,-82.496
3.8,0,0,125,-82.534
3.825,0,0,125,-82.5692
3.85,0,0,125,-82.6018
3.875,0,0,125,-82.632
3.9,0,0,125,-82.6601
3.925,0,0,125,-82.686
3.95,0,0,125,-82.7101
3.975,0,0,125,-82.7325
4,0,0,125,-82.7532
4.025,0,0,125,-82.7725
4.05,0,0,125,-82.7903
4.075,0,0,125,-82.8069
4.1,0,0,125,-82.8223
4.125,0,0,125,-82.8365
4.15,0,0,125,-82.8498
4.175,0,0,125,-82.8621
4.2,0,0,125,-82.8734
4.225,0,0,125,-82.884
4.25,0,0,125,-82.8938
4.275,0,0,125,-82.9029
4.3,0,0,125,-82.9112
4.325,0,0,125,-82.919
4.35,0,0,125,-82.9261
4.375,0,0,125,-82.9327
4.4,0,0,125,-82.9388
4.425,0,0,125,-82.9445
4.45,0,0,125,-82.9496
4.475,0,0,125,-82.9544
4.5,0,0,125,-82.9587
4.525,0,0,125,-82.9627
4.55,0,0,125,-82.9663
4.575,0,0,125,-82.9696
4.6,0,0,125,-82.9725
4.625,0,0,125,-82.9752
4.65,0,0,125,-82.9776
4.675,0,0,125,-82.9798
4.7,0,0,125,-82.9817
4.725,0,0,125,-82.9834
4.75,0,0,125,-82.9848
4.775,0,0,125,-82.9861
4.8,0,0,125,-82.9871
4.825,0,0,125,-82.988
4.85,0,0,125,-82.9887
4.875,0,0,125,-82.9893
4.9,0,0,125,-82.9898
4.925,0,0,125,-82.9901
4.95,0,0,125,-82.9903
4.975,0,0,125,-82.9905
5,0,0,125,-82.9906
