0,0,0,125,-83.2401
0.025,0,0,125,-83.2404
0.05,0,0,125,-83.2412
0.075,0,0,125,-83.2422
0.1,0,0,125,-83.2435
0.125,0,0,125,-83.245
0.15,0,0,125,-83.2466
0.175,0,0,125,-83.2483
0.2,0,0,125,-83.25
0.225,0,0,125,-83.2518
0.25,0,0,125,-83.2535
0.275,0,0,125,-83.2553
0.3,0,0,125,-83.2571
0.325,0,0,125,-83.2588
0.35,0,0,125,-83.2606
0.375,0,0,125,-83.2623
0.4,0,0,125,-83.264
0.425,0,0,125,-83.2657
0.45,0,0,125,-83.2673
0.475,0,0,125,-83.269
0.5,0,0,125,-83.2706
0.525,0,0,125,-83.2722
0.55,0,0,125,-83.2738
0.575,0,0,125,-83.2754
0.6,0,0,125,-83.277
0.625,0,0,125,-83.2786
0.65,0,0,125,-83.2801
0.675,0,0,125,-83.2816
0.7,0,0,125,-83.2831
0.725,0,0,125,-83.2846
0.75,0,0,125,-83.2861
0.775,0,0,125,-83.2876
0.8,0,0,125,-83.2891
0.825,0,0,125,-83.2906
0.85,0,0,125,-83.2922
0.875,0,0,125,-83.2937
0.9,0,0,125,-83.2952
0.925,0,0,125,-83.2968
0.95,0,0,125,-83.2983
0.975,0,0,125,-83.2999
1,0,0,125,-83.3015
1.025,0,0,125,-83.3031
1.05,0,0,125,-83.3047
1.075,0,0,125,-83.3063
1.1,0,0,125,-83.3079
1.125,0,0,125,-83.3096
1.15,0,0,125,-83.3113
1.175,0,0,125,-83.313
1.2,0,0,125,-83.3148
1.225,0,0,125,-83.3165
1.25,0,0,125,-83.3183
1.275,0,0,125,-83.3201
1.3,0,0,125,-83.3219
1.325,0,0,125,-83.3238
1.35,0,0,125,-83.3257
1.375,0,0,125,-83.3277
1.4,0,0,125,-83.3296
1.425,0,0,125,-83.3317
1.45,0,0,125,-83.3337
1.475,0,0,125,-83.3358
1.5,0,0,125,-83.338
1.525,0,0,125,-83.3402
1.55,0,0,125,-83.3424
1.575,0,0,125,-83.3446
1.6,0,0,125,-83.3469
1.625,0,0,125,-83.3493
1.65,0,0,125,-83.3517
1.675,0,0,125,-83.3541
1.7,0,0,125,-83.3566
1.725,0,0,125,-83.3592
1.75,0,0,125,-83.3619
1.775,0,0,125,-83.3646
1.8,0,0,125,-83.3673
1.825,0,0,125,-83.3701
1.85,0,0,125,-83.373
1.875,0,0,125,-83.376
1.9,0,0,125,-83.379
1.925,0,0,125,-83.3821
1.95,0,0,125,-83.3853
1.975,0,0,125,-83.3886
2,0,0,125,-83.392
2.025,0,0,125,-83.3954
2.05,0,0,125,-83.3989
2.075,0,0,125,-83.4026
2.1,0,0,125,-83.4063
2.125,0,0,125,-83.4101
2.15,0,0,125,-83.414
2.175,0,0,125,-83.4181
2.2,0,0,125,-83.4223
2.225,0,0,125,-83.4265
2.25,0,0,125,-83.4309
2.275,0,0,125,-83.4353
2.3,0,0,125,-83.4399
2.325,0,0,125,-83.4445
2.35,0,0,125,-83.4492
2.375,0,0,125,-83.454
2.4,0,0,125,-83.4589
2.425,0,0,125,-83.464
2.45,0,0,125,-83.4691
2.475,0,0,125,-83.4744
2.5,0,0,125,-83.4797
2.525,0,0,125,-83.4852
2.55,0,0,125,-83.4908
2.575,0,0,125,-83.4964
2.6,0,0,125,-83.5021
2.625,0,0,125,-83.508
2.65,0,0,125,-83.5139
2.675,0,0,125,-83.5198
2.7,0,0,125,-83.5259
2.725,0,0,125,-83.5321
2.75,0,0,125,-83.5383
2.775,0,0,125,-83.5446
2.8,0,0,125,-83.551
2.825,0,0,125,-83.5575
2.85,0,0,125,-83.564
2.875,0,0,125,-83.5705
2.9,0,0,125,-83.5771
2.925,0,0,125,-83.5838
2.95,0,0,125,-83.5904
2.975,0,0,125,-83.5971
3,0,0,125,-83.6038
3.025,0,0,125,-83.6106
3.05,0,0,125,-83.6173
3.075,0,0,125,-83.624
3.1,0,0,125,-83.6308
3.125,0,0,125,-83.6376
3.15,0,0,125,-83.6443
3.175,0,0,125,-83.651
3.2,0,0,125,-83.6577
3.225,0,0,125,-83.6644
3.25,0,0,125,-83.671
3.275,0,0,125,-83.6776
3.3,0,0,125,-83.6842
3.325,0,0,125,-83.6906
3.35,0,0,125,-83.6971
3.375,0,0,125,-83.7034
3.4,0,0,125,-83.7096
3.425,0,0,125,-83.7158
3.45,0,0,125,-83.7219
3.475,0,0,125,-83.7278
3.5,0,0,125,-83.7337
3.525,0,0,125,-83.7396
3.55,0,0,125,-83.7452
3.575,0,0,125,-83.7508
3.6,0,0,125,-83.7563
3.625,0,0,125,-83.7616
3.65,0,0,125,-83.7669
3.675,0,0,125,-83.772
3.7,0,0,125,-83.777
3.725,0,0,125,-83.7819
3.75,0,0,125,-83.7867
3.775,0,0,125,-83.7913
3.8,0,0,125,-83.7958
3.825,0,0,125,-83.8002
3.85,0,0,125,-83.8045
3.875,0,0,125,-83.8086
3.9,0,0,125,-83.8126
3.925,0,0,125,-83.8164
3.95,0,0,125,-83.8201
3.975,0,0,125,-83.8237
4,0,0,125,-83.8271
4.025,0,0,125,-83.8304
4.05,0,0,125,-83.8336
4.075,0,0,125,-83.8366
4.1,0,0,125,-83.8395
4.125,0,0,125,-83.8422
4.15,0,0,125,-83.8448
4.175,0,0,125,-83.8473
4.2,0,0,125,-83.8497
4.225,0,0,125,-83.8519
4.25,0,0,125,-83.8541
4.275,0,0,125,-83.8561
4.3,0,0,125,-83.858
4.325,0,0,125,-83.8599
4.35,0,0,125,-83.8615
4.375,0,0,125,-83.8631
4.4,0,0,125,-83.8646
4.425,0,0,125,-83.866
4.45,0,0,125,-83.8673
4.475,0,0,125,-83.8685
4.5,0,0,125,-83.8696
4.525,0,0,125,-83.8707
4.55,0,0,125,-83.8716
4.575,0,0,125,-83.8725
4.6,0,0,125,-83.8732
4.625,0,0,125,-83.8739
4.65,0,0,125,-83.8746
4.675,0,0,125,-83.8752
4.7,0,0,125,-83.8757
4.725,0,0,125,-83.8761
4.75,0,0,125,-83.8765
4.775,0,0,125,-83.8768
4.8,0,0,125,-83.8771
4.825,0,0,125,-83.8773
4.85,0,0,125,-83.8775
4.875,0,0,125,-83.8776
4.9,0,0,125,-83.8777
4.925,0,0,125,-83.8778
4.95,0,0,125,-83.8778
4.975,0,0,125,-83.8778
5,0,0,125,-83.8779
