0,0,0,125,4.13955
0.025,0,0,125,4.14304
0.05,0,0,125,4.14989
0.075,0,0,125,4.15986
0.1,0,0,125,4.17258
0.125,0,0,125,4.18762
0.15,0,0,125,4.20458
0.175,0,0,125,4.22311
0.2,0,0,125,4.243
0.225,0,0,125,4.26412
0.25,0,0,125,4.28635
0.275,0,0,125,4.30962
0.3,0,0,125,4.33383
0.325,0,0,125,4.35891
0.35,0,0,125,4.38479
0.375,0,0,125,4.4114
0.4,0,0,125,4.43869
0.425,0,0,125,4.4666
0.45,0,0,125,4.49508
0.475,0,0,125,4.52409
0.5,0,0,125,4.55359
0.525,0,0,125,4.58354
0.55,0,0,125,4.6139
0.575,0,0,125,4.64464
0.6,0,0,125,4.67574
0.625,0,0,125,4.70716
0.65,0,0,125,4.73888
0.675,0,0,125,4.77087
0.7,0,0,125,4.80312
0.725,0,0,125,4.8356
0.75,0,0,125,4.8683
0.775,0,0,125,4.9012
0.8,0,0,125,4.93428
0.825,0,0,125,4.96753
0.85,0,0,125,5.00093
0.875,0,0,125,5.03448
0.9,0,0,125,5.06815
0.925,0,0,125,5.10194
0.95,0,0,125,5.13584
0.975,0,0,125,5.16983
1,0,0,125,5.20391
1.025,0,0,125,5.23807
1.05,0,0,125,5.2723
1.075,0,0,125,5.3066
1.1,0,0,125,5.34095
1.125,0,0,125,5.37535
1.15,0,0,125,5.4098
1.175,0,0,125,5.44429
1.2,0,0,125,5.47882
1.225,0,0,125,5.51337
1.25,0,0,125,5.54795
1.275,0,0,125,5.58256
1.3,0,0,125,5.61718
1.325,0,0,125,5.65181
1.35,0,0,125,5.68646
1.375,0,0,125,5.72112
1.4,0,0,125,5.75578
1.425,0,0,125,5.79044
1.45,0,0,125,5.82511
1.475,0,0,125,5.85977
1.5,0,0,125,5.89444
1.525,0,0,125,5.92909
1.55,0,0,125,5.96374
1.575,0,0,125,5.99838
1.6,0,0,125,6.03301
1.625,0,0,125,6.06762
1.65,0,0,125,6.10222
1.675,0,0,125,6.13681
1.7,0,0,125,6.17138
1.725,0,0,125,6.20593
1.75,0,0,125,6.24047
1.775,0,0,125,6.27498
1.8,0,0,125,6.30948
1.825,0,0,125,6.34395
1.85,0,0,125,6.37841
1.875,0,0,125,6.41284
1.9,0,0,125,6.44724
1.925,0,0,125,6.48163
1.95,0,0,125,6.51599
1.975,0,0,125,6.55032
2,0,0,125,6.58463
2.025,0,0,125,6.61891
2.05,0,0,125,6.65317
2.075,0,0,125,6.6874
2.1,0,0,125,6.72161
2.125,0,0,125,6.75578
2.15,0,0,125,6.78993
2.175,0,0,125,6.82406
2.2,0,0,125,6.85815
2.225,0,0,125,6.89222
2.25,0,0,125,6.92626
2.275,0,0,125,6.96027
2.3,0,0,125,6.99425
2.325,0,0,125,7.0282
2.35,0,0,125,7.06212
2.375,0,0,125,7.09602
2.4,0,0,125,7.12988
2.425,0,0,125,7.16372
2.45,0,0,125,7.19752
2.475,0,0,125,7.2313
2.5,0,0,125,7.26505
2.525,0,0,125,7.29877
2.55,0,0,125,7.33246
2.575,0,0,125,7.36612
2.6,0,0,125,7.39975
2.625,0,0,125,7.43335
2.65,0,0,125,7.46692
2.675,0,0,125,7.50046
2.7,0,0,125,7.53397
2.725,0,0,125,7.56745
2.75,0,0,125,7.6009
2.775,0,0,125,7.63432
2.8,0,0,125,7.6677
2.825,0,0,125,7.70106
2.85,0,0,125,7.73439
2.875,0,0,125,7.76768
2.9,0,0,125,7.80095
2.925,0,0,125,7.83418
2.95,0,0,125,7.86738
2.975,0,0,125,7.90055
3,0,0,125,7.93369
3.025,0,0,125,7.9668
3.05,0,0,125,7.99987
3.075,0,0,125,8.03291
3.1,0,0,125,8.06592
3.125,0,0,125,8.09889
3.15,0,0,125,8.13183
3.175,0,0,125,8.16474
3.2,0,0,125,8.19761
3.225,0,0,125,8.23045
3.25,0,0,125,8.26325
3.275,0,0,125,8.29602
3.3,0,0,125,8.32875
3.325,0,0,125,8.36145
3.35,0,0,125,8.39411
3.375,0,0,125,8.42673
3.4,0,0,125,8.45931
3.425,0,0,125,8.49185
3.45,0,0,125,8.52435
3.475,0,0,125,8.55681
3.5,0,0,125,8.58922
3.525,0,0,125,8.62159
3.55,0,0,125,8.65392
3.575,0,0,125,8.68619
3.6,0,0,125,8.71842
3.625,0,0,125,8.75059
3.65,0,0,125,8.78271
3.675,0,0,125,8.81478
3.7,0,0,125,8.84678
3.725,0,0,125,8.87873
3.75,0,0,125,8.91061
3.775,0,0,125,8.94243
3.8,0,0,125,8.97417
3.825,0,0,125,9.00584
3.85,0,0,125,9.03743
3.875,0,0,125,9.06893
3.9,0,0,125,9.10035
3.925,0,0,125,9.13168
3.95,0,0,125,9.1629
3.975,0,0,125,9.19401
4,0,0,125,9.22502
4.025,0,0,125,9.2559
4.05,0,0,125,9.28665
4.075,0,0,125,9.31726
4.1,0,0,125,9.34772
4.125,0,0,125,9.37802
4.15,0,0,125,9.40814
4.175,0,0,125,9.43809
4.2,0,0,125,9.46783
4.225,0,0,125,9.49737
4.25,0,0,125,9.52667
4.275,0,0,125,9.55572
4.3,0,0,125,9.5845
4.325,0,0,125,9.61299
4.35,0,0,125,9.64117
4.375,0,0,125,9.669
4.4,0,0,125,9.69646
4.425,0,0,125,9.72352
4.45,0,0,125,9.75014
4.475,0,0,125,9.7763
4.5,0,0,125,9.80195
4.525,0,0,125,9.82705
4.55,0,0,125,9.85156
4.575,0,0,125,9.87543
4.6,0,0,125,9.89861
4.625,0,0,125,9.92104
4.65,0,0,125,9.94267
4.675,0,0,125,9.96344
4.7,0,0,125,9.98326
4.725,0,0,125,10.0021
4.75,0,0,125,10.0198
4.775,0,0,125,10.0364
4.8,0,0,125,10.0517
4.825,0,0,125,10.0658
4.85,0,0,125,10.0783
4.875,0,0,125,10.0894
4.9,0,0,125,10.0988
4.925,0,0,125,10.1066
4.95,0,0,125,10.1125
4.975,0,0,125,10.1164
5,0,0,125,10.1184
