0,0,0,125,-83.0239
0.025,0,0,125,-83.0244
0.05,0,0,125,-83.0252
0.075,0,0,125,-83.0264
0.1,0,0,125,-83.0279
0.125,0,0,125,-83.0294
0.15,0,0,125,-83.031
0.175,0,0,125,-83.0326
0.2,0,0,125,-83.0339
0.225,0,0,125,-83.0351
0.25,0,0,125,-83.0361
0.275,0,0,125,-83.0368
0.3,0,0,125,-83.0371
0.325,0,0,125,-83.0371
0.35,0,0,125,-83.0366
0.375,0,0,125,-83.0357
0.4,0,0,125,-83.0343
0.425,0,0,125,-83.0323
0.45,0,0,125,-83.0298
0.475,0,0,125,-83.0266
0.5,0,0,125,-83.0228
0.525,0,0,125,-83.0182
0.55,0,0,125,-83.0128
0.575,0,0,125,-83.0065
0.6,0,0,125,-82.9993
0.625,0,0,125,-82.991
0.65,0,0,125,-82.9817
0.675,0,0,125,-82.9712
0.7,0,0,125,-82.9593
0.725,0,0,125,-82.9461
0.75,0,0,125,-82.9313
0.775,0,0,125,-82.9148
0.8,0,0,125,-82.8966
0.825,0,0,125,-82.8763
0.85,0,0,125,-82.8539
0.875,0,0,125,-82.8291
0.9,0,0,125,-82.8018
0.925,0,0,125,-82.7717
0.95,0,0,125,-82.7384
0.975,0,0,125,-82.7019
1,0,0,125,-82.6616
1.025,0,0,125,-82.6173
1.05,0,0,125,-82.5686
1.075,0,0,125,-82.5151
1.1,0,0,125,-82.4563
1.125,0,0,125,-82.3916
1.15,0,0,125,-82.3206
1.175,0,0,125,-82.2426
1.2,0,0,125,-82.1569
1.225,0,0,125,-82.0628
1.25,0,0,125,-81.9595
1.275,0,0,125,-81.8461
1.3,0,0,125,-81.7215
1.325,0,0,125,-81.5847
1.35,0,0,125,-81.4346
1.375,0,0,125,-81.2699
1.4,0,0,125,-81.0891
1.425,0,0,125,-80.8908
1.45,0,0,125,-80.6733
1.475,0,0,125,-80.4348
1.5,0,0,125,-80.1734
1.525,0,0,125,-79.8871
1.55,0,0,125,-79.5736
1.575,0,0,125,-79.2306
1.6,0,0,125,-78.8555
1.625,0,0,125,-78.4458
1.65,0,0,125,-77.9987
1.675,0,0,125,-77.5114
1.7,0,0,125,-76.9808
1.725,0,0,125,-76.4042
1.75,0,0,125,-75.7785
1.775,0,0,125,-75.1009
1.8,0,0,125,-74.3687
1.825,0,0,125,-73.5794
1.85,0,0,125,-72.7307
1.875,0,0,125,-71.8209
1.9,0,0,125,-70.8486
1.925,0,0,125,-69.8132
1.95,0,0,125,-68.7146
1.975,0,0,125,-67.5534
2,0,0,125,-66.3313
2.025,0,0,125,-65.0505
2.05,0,0,125,-63.7144
2.075,0,0,125,-62.327
2.1,0,0,125,-60.8931
2.125,0,0,125,-59.4184
2.15,0,0,125,-57.909
2.175,0,0,125,-56.3716
2.2,0,0,125,-54.813
2.225,0,0,125,-53.2402
2.25,0,0,125,-51.6604
2.275,0,0,125,-50.0802
2.3,0,0,125,-48.5063
2.325,0,0,125,-46.9446
2.35,0,0,125,-45.4006
2.375,0,0,125,-43.8792
2.4,0,0,125,-42.3847
2.425,0,0,125,-40.9206
2.45,0,0,125,-39.4898
2.475,0,0,125,-38.0946
2.5,0,0,125,-36.7369
2.525,0,0,125,-35.4177
2.55,0,0,125,-34.1381
2.575,0,0,125,-32.8984
2.6,0,0,125,-31.6988
2.625,0,0,125,-30.5394
2.65,0,0,125,-29.4198
2.675,0,0,125,-28.3397
2.7,0,0,125,-27.2987
2.725,0,0,125,-26.2961
2.75,0,0,125,-25.3313
2.775,0,0,125,-24.4037
2.8,0,0,125,-23.5123
2.825,0,0,125,-22.6565
2.85,0,0,125,-21.8353
2.875,0,0,125,-21.048
2.9,0,0,125,-20.2934
2.925,0,0,125,-19.5708
2.95,0,0,125,-18.8791
2.975,0,0,125,-18.2172
3,0,0,125,-17.5843
3.025,0,0,125,-16.9793
3.05,0,0,125,-16.4012
3.075,0,0,125,-15.8489
3.1,0,0,125,-15.3215
3.125,0,0,125,-14.818
3.15,0,0,125,-14.3373
3.175,0,0,125,-13.8785
3.2,0,0,125,-13.4407
3.225,0,0,125,-13.023
3.25,0,0,125,-12.6244
3.275,0,0,125,-12.244
3.3,0,0,125,-11.8811
3.325,0,0,125,-11.5348
3.35,0,0,125,-11.2043
3.375,0,0,125,-10.8888
3.4,0,0,125,-10.5877
3.425,0,0,125,-10.3003
3.45,0,0,125,-10.0258
3.475,0,0,125,-9.76361
3.5,0,0,125,-9.51317
3.525,0,0,125,-9.27387
3.55,0,0,125,-9.04515
3.575,0,0,125,-8.8265
3.6,0,0,125,-8.6174
3.625,0,0,125,-8.41739
3.65,0,0,125,-8.22601
3.675,0,0,125,-8.04284
3.7,0,0,125,-7.86748
3.725,0,0,125,-7.69953
3.75,0,0,125,-7.53864
3.775,0,0,125,-7.38447
3.8,0,0,125,-7.23669
3.825,0,0,125,-7.095
3.85,0,0,125,-6.95911
3.875,0,0,125,-6.82875
3.9,0,0,125,-6.70366
3.925,0,0,125,-6.58361
3.95,0,0,125,-6.46837
3.975,0,0,125,-6.35772
4,0,0,125,-6.25147
4.025,0,0,125,-6.14943
4.05,0,0,125,-6.05141
4.075,0,0,125,-5.95727
4.1,0,0,125,-5.86683
4.125,0,0,125,-5.77996
4.15,0,0,125,-5.69651
4.175,0,0,125,-5.61637
4.2,0,0,125,-5.5394
4.225,0,0,125,-5.46551
4.25,0,0,125,-5.39458
4.275,0,0,125,-5.32653
4.3,0,0,125,-5.26125
4.325,0,0,125,-5.19867
4.35,0,0,125,-5.13872
4.375,0,0,125,-5.08132
4.4,0,0,125,-5.02641
4.425,0,0,125,-4.97394
4.45,0,0,125,-4.92385
4.475,0,0,125,-4.87609
4.5,0,0,125,-4.83062
4.525,0,0,125,-4.78741
4.55,0,0,125,-4.74643
4.575,0,0,125,-4.70766
4.6,0,0,125,-4.67108
4.625,0,0,125,-4.63666
4.65,0,0,125,-4.60442
4.675,0,0,125,-4.57434
4.7,0,0,125,-4.54642
4.725,0,0,125,-4.52067
4.75,0,0,125,-4.4971
4.775,0,0,125,-4.47572
4.8,0,0,125,-4.45654
4.825,0,0,125,-4.43958
4.85,0,0,125,-4.42485
4.875,0,0,125,-4.41233
4.9,0,0,125,-4.402
4.925,0,0,125,-4.3938
4.95,0,0,125,-4.38769
4.975,0,0,125,-4.38364
5,0,0,125,-4.38161
