0,0,0,125,-84.4175
0.025,0,0,125,-84.4175
0.05,0,0,125,-84.4176
0.075,0,0,125,-84.4177
0.1,0,0,125,-84.4178
0.125,0,0,125,-84.418
0.15,0,0,125,-84.4182
0.175,0,0,125,-84.4184
0.2,0,0,125,-84.4187
0.225,0,0,125,-84.4189
0.25,0,0,125,-84.4192
0.275,0,0,125,-84.4194
0.3,0,0,125,-84.4197
0.325,0,0,125,-84.42
0.35,0,0,125,-84.4203
0.375,0,0,125,-84.4205
0.4,0,0,125,-84.4208
0.425,0,0,125,-84.421
0.45,0,0,125,-84.4212
0.475,0,0,125,-84.4215
0.5,0,0,125,-84.4217
0.525,0,0,125,-84.4219
0.55,0,0,125,-84.4221
0.575,0,0,125,-84.4223
0.6,0,0,125,-84.4225
0.625,0,0,125,-84.4227
0.65,0,0,125,-84.4228
0.675,0,0,125,-84.423
0.7,0,0,125,-84.4232
0.725,0,0,125,-84.4234
0.75,0,0,125,-84.4236
0.775,0,0,125,-84.4237
0.8,0,0,125,-84.4239
0.825,0,0,125,-84.4241
0.85,0,0,125,-84.4243
0.875,0,0,125,-84.4245
0.9,0,0,125,-84.4247
0.925,0,0,125,-84.4248
0.95,0,0,125,-84.425
0.975,0,0,125,-84.4252
1,0,0,125,-84.4254
1.025,0,0,125,-84.4256
1.05,0,0,125,-84.4258
1.075,0,0,125,-84.426
1.1,0,0,125,-84.4262
1.125,0,0,125,-84.4264
1.15,0,0,125,-84.4266
1.175,0,0,125,-84.4269
1.2,0,0,125,-84.4271
1.225,0,0,125,-84.4273
1.25,0,0,125,-84.4275
1.275,0,0,125,-84.4278
1.3,0,0,125,-84.428
1.325,0,0,125,-84.4283
1.35,0,0,125,-84.4285
1.375,0,0,125,-84.4288
1.4,0,0,125,-84.429
1.425,0,0,125,-84.4293
1.45,0,0,125,-84.4295
1.475,0,0,125,-84.4298
1.5,0,0,125,-84.4301
1.525,0,0,125,-84.4304
1.55,0,0,125,-84.4306
1.575,0,0,125,-84.4309
1.6,0,0,125,-84.4312
1.625,0,0,125,-84.4315
1.65,0,0,125,-84.4318
1.675,0,0,125,-84.4321
1.7,0,0,125,-84.4325
1.725,0,0,125,-84.4328
1.75,0,0,125,-84.4331
1.775,0,0,125,-84.4335
1.8,0,0,125,-84.4338
1.825,0,0,125,-84.4342
1.85,0,0,125,-84.4345
1.875,0,0,125,-84.4349
1.9,0,0,125,-84.4353
1.925,0,0,125,-84.4357
1.95,0,0,125,-84.4361
1.975,0,0,125,-84.4365
2,0,0,125,-84.437
2.025,0,0,125,-84.4374
2.05,0,0,125,-84.4379
2.075,0,0,125,-84.4384
2.1,0,0,125,-84.4389
2.125,0,0,125,-84.4394
2.15,0,0,125,-84.44
2.175,0,0,125,-84.4405
2.2,0,0,125,-84.4411
2.225,0,0,125,-84.4416
2.25,0,0,125,-84.4422
2.275,0,0,125,-84.4428
2.3,0,0,125,-84.4435
2.325,0,0,125,-84.4441
2.35,0,0,125,-84.4447
2.375,0,0,125,-84.4454
2.4,0,0,125,-84.446
2.425,0,0,125,-84.4467
2.45,0,0,125,-84.4473
2.475,0,0,125,-84.448
2.5,0,0,125,-84.4487
2.525,0,0,125,-84.4494
2.55,0,0,125,-84.4501
2.575,0,0,125,-84.4509
2.6,0,0,125,-84.4516
2.625,0,0,125,-84.4523
2.65,0,0,125,-84.4531
2.675,0,0,125,-84.4539
2.7,0,0,125,-84.4546
2.725,0,0,125,-84.4554
2.75,0,0,125,-84.4562
2.775,0,0,125,-84.457
2.8,0,0,125,-84.4579
2.825,0,0,125,-84.4587
2.85,0,0,125,-84.4595
2.875,0,0,125,-84.4604
2.9,0,0,125,-84.4612
2.925,0,0,125,-84.4621
2.95,0,0,125,-84.463
2.975,0,0,125,-84.4639
3,0,0,125,-84.4647
3.025,0,0,125,-84.4656
3.05,0,0,125,-84.4665
3.075,0,0,125,-84.4674
3.1,0,0,125,-84.4683
3.125,0,0,125,-84.4692
3.15,0,0,125,-84.4701
3.175,0,0,125,-84.471
3.2,0,0,125,-84.4719
3.225,0,0,125,-84.4727
3.25,0,0,125,-84.4736
3.275,0,0,125,-84.4745
3.3,0,0,125,-84.4753
3.325,0,0,125,-84.4762
3.35,0,0,125,-84.477
3.375,0,0,125,-84.4778
3.4,0,0,125,-84.4786
3.425,0,0,125,-84.4794
3.45,0,0,125,-84.4801
3.475,0,0,125,-84.4809
3.5,0,0,125,-84.4816
3.525,0,0,125,-84.4823
3.55,0,0,125,-84.483
3.575,0,0,125,-84.4837
3.6,0,0,125,-84.4844
3.625,0,0,125,-84.485
3.65,0,0,125,-84.4857
3.675,0,0,125,-84.4863
3.7,0,0,125,-84.4869
3.725,0,0,125,-84.4875
3.75,0,0,125,-84.4881
3.775,0,0,125,-84.4886
3.8,0,0,125,-84.4892
3.825,0,0,125,-84.4897
3.85,0,0,125,-84.4902
3.875,0,0,125,-84.4907
3.9,0,0,125,-84.4912
3.925,0,0,125,-84.4917
3.95,0,0,125,-84.4921
3.975,0,0,125,-84.4925
4,0,0,125,-84.4929
4.025,0,0,125,-84.4933
4.05,0,0,125,-84.4936
4.075,0,0,125,-84.494
4.1,0,0,125,-84.4943
4.125,0,0,125,-84.4946
4.15,0,0,125,-84.4949
4.175,0,0,125,-84.4952
4.2,0,0,125,-84.4955
4.225,0,0,125,-84.4957
4.25,0,0,125,-84.496
4.275,0,0,125,-84.4962
4.3,0,0,125,-84.4965
4.325,0,0,125,-84.4967
4.35,0,0,125,-84.4969
4.375,0,0,125,-84.4972
4.4,0,0,125,-84.4974
4.425,0,0,125,-84.4976
4.45,0,0,125,-84.4977
4.475,0,0,125,-84.4979
4.5,0,0,125,-84.4981
4.525,0,0,125,-84.4982
4.55,0,0,125,-84.4984
4.575,0,0,125,-84.4985
4.6,0,0,125,-84.4987
4.625,0,0,125,-84.4988
4.65,0,0,125,-84.4989
4.675,0,0,125,-84.499
4.7,0,0,125,-84.4991
4.725,0,0,125,-84.4992
4.75,0,0,125,-84.4992
4.775,0,0,125,-84.4993
4.8,0,0,125,-84.4994
4.825,0,0,125,-84.4994
4.85,0,0,125,-84.4994
4.875,0,0,125,-84.4995
4.9,0,0,125,-84.4995
4.925,0,0,125,-84.4995
4.95,0,0,125,-84.4995
4.975,0,0,125,-84.4995
5,0,0,125,-84.4995
