0,0,0,125,-83.2676
0.025,0,0,125,-83.2681
0.05,0,0,125,-83.269
0.075,0,0,125,-83.2704
0.1,0,0,125,-83.272
0.125,0,0,125,-83.2739
0.15,0,0,125,-83.2759
0.175,0,0,125,-83.278
0.2,0,0,125,-83.2801
0.225,0,0,125,-83.2821
0.25,0,0,125,-83.2841
0.275,0,0,125,-83.286
0.3,0,0,125,-83.2878
0.325,0,0,125,-83.2894
0.35,0,0,125,-83.2909
0.375,0,0,125,-83.2922
0.4,0,0,125,-83.2933
0.425,0,0,125,-83.2942
0.45,0,0,125,-83.2949
0.475,0,0,125,-83.2953
0.5,0,0,125,-83.2955
0.525,0,0,125,-83.2955
0.55,0,0,125,-83.2951
0.575,0,0,125,-83.2945
0.6,0,0,125,-83.2936
0.625,0,0,125,-83.2924
0.65,0,0,125,-83.2908
0.675,0,0,125,-83.2889
0.7,0,0,125,-83.2866
0.725,0,0,125,-83.284
0.75,0,0,125,-83.2809
0.775,0,0,125,-83.2775
0.8,0,0,125,-83.2736
0.825,0,0,125,-83.2693
0.85,0,0,125,-83.2645
0.875,0,0,125,-83.2592
0.9,0,0,125,-83.2535
0.925,0,0,125,-83.2471
0.95,0,0,125,-83.2402
0.975,0,0,125,-83.2327
1,0,0,125,-83.2245
1.025,0,0,125,-83.2157
1.05,0,0,125,-83.2061
1.075,0,0,125,-83.1958
1.1,0,0,125,-83.1847
1.125,0,0,125,-83.1727
1.15,0,0,125,-83.1598
1.175,0,0,125,-83.146
1.2,0,0,125,-83.1311
1.225,0,0,125,-83.1151
1.25,0,0,125,-83.0979
1.275,0,0,125,-83.0794
1.3,0,0,125,-83.0596
1.325,0,0,125,-83.0384
1.35,0,0,125,-83.0155
1.375,0,0,125,-82.991
1.4,0,0,125,-82.9647
1.425,0,0,125,-82.9364
1.45,0,0,125,-82.9061
1.475,0,0,125,-82.8734
1.5,0,0,125,-82.8383
1.525,0,0,125,-82.8005
1.55,0,0,125,-82.7598
1.575,0,0,125,-82.716
1.6,0,0,125,-82.6688
1.625,0,0,125,-82.6179
1.65,0,0,125,-82.563
1.675,0,0,125,-82.5037
1.7,0,0,125,-82.4397
1.725,0,0,125,-82.3705
1.75,0,0,125,-82.2957
1.775,0,0,125,-82.2147
1.8,0,0,125,-82.127
1.825,0,0,125,-82.0321
1.85,0,0,125,-81.9291
1.875,0,0,125,-81.8175
1.9,0,0,125,-81.6964
1.925,0,0,125,-81.565
1.95,0,0,125,-81.4225
1.975,0,0,125,-81.2677
2,0,0,125,-81.0997
2.025,0,0,125,-80.9173
2.05,0,0,125,-80.7194
2.075,0,0,125,-80.5046
2.1,0,0,125,-80.2716
2.125,0,0,125,-80.019
2.15,0,0,125,-79.7454
2.175,0,0,125,-79.4492
2.2,0,0,125,-79.1289
2.225,0,0,125,-78.7827
2.25,0,0,125,-78.4093
2.275,0,0,125,-78.0068
2.3,0,0,125,-77.5738
2.325,0,0,125,-77.1087
2.35,0,0,125,-76.6101
2.375,0,0,125,-76.0765
2.4,0,0,125,-75.5068
2.425,0,0,125,-74.8999
2.45,0,0,125,-74.255
2.475,0,0,125,-73.5714
2.5,0,0,125,-72.8487
2.525,0,0,125,-72.087
2.55,0,0,125,-71.2863
2.575,0,0,125,-70.4474
2.6,0,0,125,-69.5711
2.625,0,0,125,-68.6587
2.65,0,0,125,-67.7119
2.675,0,0,125,-66.7326
2.7,0,0,125,-65.7232
2.725,0,0,125,-64.6863
2.75,0,0,125,-63.6248
2.775,0,0,125,-62.542
2.8,0,0,125,-61.441
2.825,0,0,125,-60.3255
2.85,0,0,125,-59.1991
2.875,0,0,125,-58.0654
2.9,0,0,125,-56.9279
2.925,0,0,125,-55.7904
2.95,0,0,125,-54.6562
2.975,0,0,125,-53.5288
3,0,0,125,-52.4112
3.025,0,0,125,-51.3064
3.05,0,0,125,-50.2171
3.075,0,0,125,-49.1457
3.1,0,0,125,-48.0944
3.125,0,0,125,-47.065
3.15,0,0,125,-46.0592
3.175,0,0,125,-45.0782
3.2,0,0,125,-44.1232
3.225,0,0,125,-43.1951
3.25,0,0,125,-42.2943
3.275,0,0,125,-41.4212
3.3,0,0,125,-40.5761
3.325,0,0,125,-39.7589
3.35,0,0,125,-38.9695
3.375,0,0,125,-38.2076
3.4,0,0,125,-37.4728
3.425,0,0,125,-36.7647
3.45,0,0,125,-36.0827
3.475,0,0,125,-35.4261
3.5,0,0,125,-34.7944
3.525,0,0,125,-34.1867
3.55,0,0,125,-33.6024
3.575,0,0,125,-33.0407
3.6,0,0,125,-32.5009
3.625,0,0,125,-31.9823
3.65,0,0,125,-31.4841
3.675,0,0,125,-31.0055
3.7,0,0,125,-30.546
3.725,0,0,125,-30.1048
3.75,0,0,125,-29.6811
3.775,0,0,125,-29.2744
3.8,0,0,125,-28.8841
3.825,0,0,125,-28.5095
3.85,0,0,125,-28.1499
3.875,0,0,125,-27.805
3.9,0,0,125,-27.474
3.925,0,0,125,-27.1566
3.95,0,0,125,-26.8521
3.975,0,0,125,-26.5601
4,0,0,125,-26.2801
4.025,0,0,125,-26.0118
4.05,0,0,125,-25.7545
4.075,0,0,125,-25.5081
4.1,0,0,125,-25.272
4.125,0,0,125,-25.0459
4.15,0,0,125,-24.8294
4.175,0,0,125,-24.6223
4.2,0,0,125,-24.4241
4.225,0,0,125,-24.2346
4.25,0,0,125,-24.0535
4.275,0,0,125,-23.8804
4.3,0,0,125,-23.7153
4.325,0,0,125,-23.5577
4.35,0,0,125,-23.4074
4.375,0,0,125,-23.2643
4.4,0,0,125,-23.1281
4.425,0,0,125,-22.9987
4.45,0,0,125,-22.8758
4.475,0,0,125,-22.7592
4.5,0,0,125,-22.6489
4.525,0,0,125,-22.5447
4.55,0,0,125,-22.4463
4.575,0,0,125,-22.3538
4.6,0,0,125,-22.267
4.625,0,0,125,-22.1857
4.65,0,0,125,-22.11
4.675,0,0,125,-22.0397
4.7,0,0,125,-21.9747
4.725,0,0,125,-21.915
4.75,0,0,125,-21.8605
4.775,0,0,125,-21.8112
4.8,0,0,125,-21.7671
4.825,0,0,125,-21.7281
4.85,0,0,125,-21.6941
4.875,0,0,125,-21.6652
4.9,0,0,125,-21.6412
4.925,0,0,125,-21.6221
4.95,0,0,125,-21.6078
4.975,0,0,125,-21.5984
5,0,0,125,-21.5936
