0,0,0,125,-5.87344
0.025,0,0,125,-5.87472
0.05,0,0,125,-5.87736
0.075,0,0,125,-5.88152
0.1,0,0,125,-5.88748
0.125,0,0,125,-5.89559
0.15,0,0,125,-5.90623
0.175,0,0,125,-5.91975
0.2,0,0,125,-5.93637
0.225,0,0,125,-5.95625
0.25,0,0,125,-5.97948
0.275,0,0,125,-6.00607
0.3,0,0,125,-6.03599
0.325,0,0,125,-6.06916
0.35,0,0,125,-6.10547
0.375,0,0,125,-6.14479
0.4,0,0,125,-6.18696
0.425,0,0,125,-6.23182
0.45,0,0,125,-6.27918
0.475,0,0,125,-6.32887
0.5,0,0,125,-6.38072
0.525,0,0,125,-6.43453
0.55,0,0,125,-6.49015
0.575,0,0,125,-6.5474
0.6,0,0,125,-6.60613
0.625,0,0,125,-6.66619
0.65,0,0,125,-6.72743
0.675,0,0,125,-6.78974
0.7,0,0,125,-6.85298
0.725,0,0,125,-6.91706
0.75,0,0,125,-6.98188
0.775,0,0,125,-7.04736
0.8,0,0,125,-7.11341
0.825,0,0,125,-7.17997
0.85,0,0,125,-7.247
0.875,0,0,125,-7.31444
0.9,0,0,125,-7.38227
0.925,0,0,125,-7.45045
0.95,0,0,125,-7.51898
0.975,0,0,125,-7.58785
1,0,0,125,-7.65705
1.025,0,0,125,-7.72659
1.05,0,0,125,-7.7965
1.075,0,0,125,-7.86679
1.1,0,0,125,-7.93748
1.125,0,0,125,-8.00862
1.15,0,0,125,-8.08023
1.175,0,0,125,-8.15237
1.2,0,0,125,-8.22508
1.225,0,0,125,-8.29841
1.25,0,0,125,-8.37242
1.275,0,0,125,-8.44716
1.3,0,0,125,-8.5227
1.325,0,0,125,-8.5991
1.35,0,0,125,-8.67642
1.375,0,0,125,-8.75473
1.4,0,0,125,-8.8341
1.425,0,0,125,-8.91461
1.45,0,0,125,-8.99631
1.475,0,0,125,-9.07929
1.5,0,0,125,-9.16362
1.525,0,0,125,-9.24937
1.55,0,0,125,-9.33662
1.575,0,0,125,-9.42544
1.6,0,0,125,-9.51591
1.625,0,0,125,-9.60811
1.65,0,0,125,-9.7021
1.675,0,0,125,-9.79797
1.7,0,0,125,-9.89579
1.725,0,0,125,-9.99565
1.75,0,0,125,-10.0976
1.775,0,0,125,-10.2017
1.8,0,0,125,-10.3081
1.825,0,0,125,-10.4169
1.85,0,0,125,-10.528
1.875,0,0,125,-10.6416
1.9,0,0,125,-10.7578
1.925,0,0,125,-10.8766
1.95,0,0,125,-10.9981
1.975,0,0,125,-11.1224
2,0,0,125,-11.2495
2.025,0,0,125,-11.3796
2.05,0,0,125,-11.5127
2.075,0,0,125,-11.6488
2.1,0,0,125,-11.7881
2.125,0,0,125,-11.9306
2.15,0,0,125,-12.0764
2.175,0,0,125,-12.2256
2.2,0,0,125,-12.3782
2.225,0,0,125,-12.5343
2.25,0,0,125,-12.694
2.275,0,0,125,-12.8572
2.3,0,0,125,-13.0242
2.325,0,0,125,-13.1949
2.35,0,0,125,-13.3695
2.375,0,0,125,-13.5479
2.4,0,0,125,-13.7302
2.425,0,0,125,-13.9166
2.45,0,0,125,-14.1069
2.475,0,0,125,-14.3013
2.5,0,0,125,-14.4998
2.525,0,0,125,-14.7025
2.55,0,0,125,-14.9094
2.575,0,0,125,-15.1204
2.6,0,0,125,-15.3357
2.625,0,0,125,-15.5553
2.65,0,0,125,-15.7791
2.675,0,0,125,-16.0071
2.7,0,0,125,-16.2394
2.725,0,0,125,-16.4759
2.75,0,0,125,-16.7167
2.775,0,0,125,-16.9616
2.8,0,0,125,-17.2107
2.825,0,0,125,-17.4639
2.85,0,0,125,-17.721
2.875,0,0,125,-17.9822
2.9,0,0,125,-18.2472
2.925,0,0,125,-18.516
2.95,0,0,125,-18.7885
2.975,0,0,125,-19.0644
3,0,0,125,-19.3438
3.025,0,0,125,-19.6265
3.05,0,0,125,-19.9122
3.075,0,0,125,-20.2008
3.1,0,0,125,-20.4921
3.125,0,0,125,-20.786
3.15,0,0,125,-21.082
3.175,0,0,125,-21.3801
3.2,0,0,125,-21.6799
3.225,0,0,125,-21.9812
3.25,0,0,125,-22.2837
3.275,0,0,125,-22.587
3.3,0,0,125,-22.8908
3.325,0,0,125,-23.1949
3.35,0,0,125,-23.4987
3.375,0,0,125,-23.802
3.4,0,0,125,-24.1044
3.425,0,0,125,-24.4053
3.45,0,0,125,-24.7045
3.475,0,0,125,-25.0015
3.5,0,0,125,-25.2959
3.525,0,0,125,-25.5871
3.55,0,0,125,-25.8747
3.575,0,0,125,-26.1582
3.6,0,0,125,-26.4372
3.625,0,0,125,-26.7112
3.65,0,0,125,-26.9796
3.675,0,0,125,-27.2419
3.7,0,0,125,-27.4977
3.725,0,0,125,-27.7464
3.75,0,0,125,-27.9876
3.775,0,0,125,-28.2207
3.8,0,0,125,-28.4452
3.825,0,0,125,-28.6607
3.85,0,0,125,-28.8667
3.875,0,0,125,-29.0627
3.9,0,0,125,-29.2482
3.925,0,0,125,-29.4229
3.95,0,0,125,-29.5864
3.975,0,0,125,-29.7382
4,0,0,125,-29.878
4.025,0,0,125,-30.0054
4.05,0,0,125,-30.1203
4.075,0,0,125,-30.2223
4.1,0,0,125,-30.3112
4.125,0,0,125,-30.3869
4.15,0,0,125,-30.4493
4.175,0,0,125,-30.4982
4.2,0,0,125,-30.5337
4.225,0,0,125,-30.5558
4.25,0,0,125,-30.5646
4.275,0,0,125,-30.5603
4.3,0,0,125,-30.5431
4.325,0,0,125,-30.5133
4.35,0,0,125,-30.4713
4.375,0,0,125,-30.4175
4.4,0,0,125,-30.3525
4.425,0,0,125,-30.2769
4.45,0,0,125,-30.1912
4.475,0,0,125,-30.0964
4.5,0,0,125,-29.9931
4.525,0,0,125,-29.8825
4.55,0,0,125,-29.7653
4.575,0,0,125,-29.6428
4.6,0,0,125,-29.5161
4.625,0,0,125,-29.3865
4.65,0,0,125,-29.2552
4.675,0,0,125,-29.1236
4.7,0,0,125,-28.9932
4.725,0,0,125,-28.8656
4.75,0,0,125,-28.7424
4.775,0,0,125,-28.6252
4.8,0,0,125,-28.5156
4.825,0,0,125,-28.4155
4.85,0,0,125,-28.3263
4.875,0,0,125,-28.2493
4.9,0,0,125,-28.1853
4.925,0,0,125,-28.1343
4.95,0,0,125,-28.0963
4.975,0,0,125,-28.0711
5,0,0,125,-28.0585
