0,0,0,125,-58.4139
0.025,0,0,125,-58.4134
0.05,0,0,125,-58.4123
0.075,0,0,125,-58.4106
0.1,0,0,125,-58.4081
0.125,0,0,125,-58.4047
0.15,0,0,125,-58.3994
0.175,0,0,125,-58.3903
0.2,0,0,125,-58.375
0.225,0,0,125,-58.3505
0.25,0,0,125,-58.3137
0.275,0,0,125,-58.262
0.3,0,0,125,-58.1926
0.325,0,0,125,-58.1032
0.35,0,0,125,-57.9917
0.375,0,0,125,-57.856
0.4,0,0,125,-57.6943
0.425,0,0,125,-57.5052
0.45,0,0,125,-57.2871
0.475,0,0,125,-57.0389
0.5,0,0,125,-56.7594
0.525,0,0,125,-56.4479
0.55,0,0,125,-56.1036
0.575,0,0,125,-55.7259
0.6,0,0,125,-55.3144
0.625,0,0,125,-54.8689
0.65,0,0,125,-54.3894
0.675,0,0,125,-53.8759
0.7,0,0,125,-53.3287
0.725,0,0,125,-52.7481
0.75,0,0,125,-52.1349
0.775,0,0,125,-51.4896
0.8,0,0,125,-50.8132
0.825,0,0,125,-50.1067
0.85,0,0,125,-49.3713
0.875,0,0,125,-48.6082
0.9,0,0,125,-47.819
0.925,0,0,125,-47.0052
0.95,0,0,125,-46.1683
0.975,0,0,125,-45.3102
1,0,0,125,-44.4326
1.025,0,0,125,-43.5374
1.05,0,0,125,-42.6265
1.075,0,0,125,-41.7018
1.1,0,0,125,-40.7653
1.125,0,0,125,-39.8188
1.15,0,0,125,-38.8641
1.175,0,0,125,-37.9033
1.2,0,0,125,-36.9379
1.225,0,0,125,-35.9698
1.25,0,0,125,-35.0005
1.275,0,0,125,-34.0317
1.3,0,0,125,-33.0648
1.325,0,0,125,-32.1013
1.35,0,0,125,-31.1425
1.375,0,0,125,-30.1896
1.4,0,0,125,-29.244
1.425,0,0,125,-28.3066
1.45,0,0,125,-27.3787
1.475,0,0,125,-26.4612
1.5,0,0,125,-25.5551
1.525,0,0,125,-24.6613
1.55,0,0,125,-23.7807
1.575,0,0,125,-22.9141
1.6,0,0,125,-22.0622
1.625,0,0,125,-21.2257
1.65,0,0,125,-20.4052
1.675,0,0,125,-19.6012
1.7,0,0,125,-18.8143
1.725,0,0,125,-18.0447
1.75,0,0,125,-17.2928
1.775,0,0,125,-16.5589
1.8,0,0,125,-15.8432
1.825,0,0,125,-15.1457
1.85,0,0,125,-14.4667
1.875,0,0,125,-13.806
1.9,0,0,125,-13.1638
1.925,0,0,125,-12.5397
1.95,0,0,125,-11.9338
1.975,0,0,125,-11.3459
2,0,0,125,-10.7757
2.025,0,0,125,-10.223
2.05,0,0,125,-9.68759
2.075,0,0,125,-9.16909
2.1,0,0,125,-8.66722
2.125,0,0,125,-8.18164
2.15,0,0,125,-7.712
2.175,0,0,125,-7.25795
2.2,0,0,125,-6.81912
2.225,0,0,125,-6.39512
2.25,0,0,125,-5.98559
2.275,0,0,125,-5.59014
2.3,0,0,125,-5.2084
2.325,0,0,125,-4.83999
2.35,0,0,125,-4.48452
2.375,0,0,125,-4.14164
2.4,0,0,125,-3.81097
2.425,0,0,125,-3.49216
2.45,0,0,125,-3.18485
2.475,0,0,125,-2.8887
2.5,0,0,125,-2.60339
2.525,0,0,125,-2.32856
2.55,0,0,125,-2.06392
2.575,0,0,125,-1.80915
2.6,0,0,125,-1.56394
2.625,0,0,125,-1.32802
2.65,0,0,125,-1.10109
2.675,0,0,125,-0.882881
2.7,0,0,125,-0.673132
2.725,0,0,125,-0.471585
2.75,0,0,125,-0.277993
2.775,0,0,125,-0.0921177
2.8,0,0,125,0.0862721
2.825,0,0,125,0.257399
2.85,0,0,125,0.421479
2.875,0,0,125,0.57872
2.9,0,0,125,0.729324
2.925,0,0,125,0.873485
2.95,0,0,125,1.01139
2.975,0,0,125,1.14323
3,0,0,125,1.26917
3.025,0,0,125,1.38939
3.05,0,0,125,1.50405
3.075,0,0,125,1.61332
3.1,0,0,125,1.71735
3.125,0,0,125,1.8163
3.15,0,0,125,1.91031
3.175,0,0,125,1.99953
3.2,0,0,125,2.08411
3.225,0,0,125,2.16417
3.25,0,0,125,2.23986
3.275,0,0,125,2.31131
3.3,0,0,125,2.37866
3.325,0,0,125,2.44202
3.35,0,0,125,2.50152
3.375,0,0,125,2.55729
3.4,0,0,125,2.60945
3.425,0,0,125,2.65813
3.45,0,0,125,2.70343
3.475,0,0,125,2.74547
3.5,0,0,125,2.78438
3.525,0,0,125,2.82027
3.55,0,0,125,2.85325
3.575,0,0,125,2.88342
3.6,0,0,125,2.91091
3.625,0,0,125,2.93583
3.65,0,0,125,2.95827
3.675,0,0,125,2.97835
3.7,0,0,125,2.99618
3.725,0,0,125,3.01185
3.75,0,0,125,3.02548
3.775,0,0,125,3.03716
3.8,0,0,125,3.04699
3.825,0,0,125,3.05508
3.85,0,0,125,3.06152
3.875,0,0,125,3.0664
3.9,0,0,125,3.06983
3.925,0,0,125,3.07188
3.95,0,0,125,3.07265
3.975,0,0,125,3.07222
4,0,0,125,3.07068
4.025,0,0,125,3.06811
4.05,0,0,125,3.06458
4.075,0,0,125,3.06016
4.1,0,0,125,3.05492
4.125,0,0,125,3.04894
4.15,0,0,125,3.04226
4.175,0,0,125,3.03495
4.2,0,0,125,3.02706
4.225,0,0,125,3.01863
4.25,0,0,125,3.00971
4.275,0,0,125,3.00033
4.3,0,0,125,2.99053
4.325,0,0,125,2.98033
4.35,0,0,125,2.96976
4.375,0,0,125,2.95883
4.4,0,0,125,2.94756
4.425,0,0,125,2.93594
4.45,0,0,125,2.92399
4.475,0,0,125,2.91171
4.5,0,0,125,2.8991
4.525,0,0,125,2.88615
4.55,0,0,125,2.87285
4.575,0,0,125,2.85921
4.6,0,0,125,2.84523
4.625,0,0,125,2.83091
4.65,0,0,125,2.81628
4.675,0,0,125,2.80135
4.7,0,0,125,2.78617
4.725,0,0,125,2.77081
4.75,0,0,125,2.75536
4.775,0,0,125,2.73994
4.8,0,0,125,2.72473
4.825,0,0,125,2.70993
4.85,0,0,125,2.69581
4.875,0,0,125,2.68269
4.9,0,0,125,2.67095
4.925,0,0,125,2.66099
4.95,0,0,125,2.6532
4.975,0,0,125,2.64785
5,0,0,125,2.64514
