0,0,0,125,-83.075
0.025,0,0,125,-83.0754
0.05,0,0,125,-83.0762
0.075,0,0,125,-83.0773
0.1,0,0,125,-83.0788
0.125,0,0,125,-83.0804
0.15,0,0,125,-83.0822
0.175,0,0,125,-83.0841
0.2,0,0,125,-83.086
0.225,0,0,125,-83.088
0.25,0,0,125,-83.09
0.275,0,0,125,-83.0919
0.3,0,0,125,-83.0939
0.325,0,0,125,-83.0958
0.35,0,0,125,-83.0977
0.375,0,0,125,-83.0996
0.4,0,0,125,-83.1015
0.425,0,0,125,-83.1033
0.45,0,0,125,-83.1052
0.475,0,0,125,-83.107
0.5,0,0,125,-83.1088
0.525,0,0,125,-83.1105
0.55,0,0,125,-83.1123
0.575,0,0,125,-83.114
0.6,0,0,125,-83.1157
0.625,0,0,125,-83.1174
0.65,0,0,125,-83.1191
0.675,0,0,125,-83.1208
0.7,0,0,125,-83.1225
0.725,0,0,125,-83.1241
0.75,0,0,125,-83.1258
0.775,0,0,125,-83.1274
0.8,0,0,125,-83.129
0.825,0,0,125,-83.1307
0.85,0,0,125,-83.1323
0.875,0,0,125,-83.134
0.9,0,0,125,-83.1356
0.925,0,0,125,-83.1373
0.95,0,0,125,-83.139
0.975,0,0,125,-83.1407
1,0,0,125,-83.1424
1.025,0,0,125,-83.1441
1.05,0,0,125,-83.1459
1.075,0,0,125,-83.1476
1.1,0,0,125,-83.1494
1.125,0,0,125,-83.1512
1.15,0,0,125,-83.1531
1.175,0,0,125,-83.1549
1.2,0,0,125,-83.1568
1.225,0,0,125,-83.1586
1.25,0,0,125,-83.1606
1.275,0,0,125,-83.1625
1.3,0,0,125,-83.1646
1.325,0,0,125,-83.1666
1.35,0,0,125,-83.1687
1.375,0,0,125,-83.1708
1.4,0,0,125,-83.173
1.425,0,0,125,-83.1752
1.45,0,0,125,-83.1774
1.475,0,0,125,-83.1797
1.5,0,0,125,-83.182
1.525,0,0,125,-83.1844
1.55,0,0,125,-83.1867
1.575,0,0,125,-83.1892
1.6,0,0,125,-83.1917
1.625,0,0,125,-83.1942
1.65,0,0,125,-83.1969
1.675,0,0,125,-83.1995
1.7,0,0,125,-83.2023
1.725,0,0,125,-83.2051
1.75,0,0,125,-83.208
1.775,0,0,125,-83.2109
1.8,0,0,125,-83.2139
1.825,0,0,125,-83.2169
1.85,0,0,125,-83.2201
1.875,0,0,125,-83.2233
1.9,0,0,125,-83.2266
1.925,0,0,125,-83.23
1.95,0,0,125,-83.2335
1.975,0,0,125,-83.2371
2,0,0,125,-83.2407
2.025,0,0,125,-83.2445
2.05,0,0,125,-83.2483
2.075,0,0,125,-83.2523
2.1,0,0,125,-83.2564
2.125,0,0,125,-83.2605
2.15,0,0,125,-83.2648
2.175,0,0,125,-83.2692
2.2,0,0,125,-83.2737
2.225,0,0,125,-83.2784
2.25,0,0,125,-83.2831
2.275,0,0,125,-83.2879
2.3,0,0,125,-83.2929
2.325,0,0,125,-83.298
2.35,0,0,125,-83.3032
2.375,0,0,125,-83.3085
2.4,0,0,125,-83.3139
2.425,0,0,125,-83.3194
2.45,0,0,125,-83.3251
2.475,0,0,125,-83.3308
2.5,0,0,125,-83.3367
2.525,0,0,125,-83.3427
2.55,0,0,125,-83.3488
2.575,0,0,125,-83.355
2.6,0,0,125,-83.3613
2.625,0,0,125,-83.3678
2.65,0,0,125,-83.3743
2.675,0,0,125,-83.381
2.7,0,0,125,-83.3877
2.725,0,0,125,-83.3945
2.75,0,0,125,-83.4014
2.775,0,0,125,-83.4084
2.8,0,0,125,-83.4155
2.825,0,0,125,-83.4226
2.85,0,0,125,-83.4298
2.875,0,0,125,-83.4371
2.9,0,0,125,-83.4444
2.925,0,0,125,-83.4517
2.95,0,0,125,-83.4591
2.975,0,0,125,-83.4665
3,0,0,125,-83.474
3.025,0,0,125,-83.4815
3.05,0,0,125,-83.4889
3.075,0,0,125,-83.4964
3.1,0,0,125,-83.5039
3.125,0,0,125,-83.5114
3.15,0,0,125,-83.5189
3.175,0,0,125,-83.5264
3.2,0,0,125,-83.5338
3.225,0,0,125,-83.5412
3.25,0,0,125,-83.5486
3.275,0,0,125,-83.556
3.3,0,0,125,-83.5632
3.325,0,0,125,-83.5704
3.35,0,0,125,-83.5776
3.375,0,0,125,-83.5846
3.4,0,0,125,-83.5916
3.425,0,0,125,-83.5984
3.45,0,0,125,-83.6052
3.475,0,0,125,-83.6119
3.5,0,0,125,-83.6185
3.525,0,0,125,-83.6249
3.55,0,0,125,-83.6313
3.575,0,0,125,-83.6375
3.6,0,0,125,-83.6436
3.625,0,0,125,-83.6496
3.65,0,0,125,-83.6555
3.675,0,0,125,-83.6613
3.7,0,0,125,-83.6669
3.725,0,0,125,-83.6724
3.75,0,0,125,-83.6777
3.775,0,0,125,-83.6829
3.8,0,0,125,-83.688
3.825,0,0,125,-83.6929
3.85,0,0,125,-83.6976
3.875,0,0,125,-83.7022
3.9,0,0,125,-83.7066
3.925,0,0,125,-83.7108
3.95,0,0,125,-83.7149
3.975,0,0,125,-83.7188
4,0,0,125,-83.7226
4.025,0,0,125,-83.7262
4.05,0,0,125,-83.7297
4.075,0,0,125,-83.7331
4.1,0,0,125,-83.7363
4.125,0,0,125,-83.7394
4.15,0,0,125,-83.7423
4.175,0,0,125,-83.7451
4.2,0,0,125,-83.7478
4.225,0,0,125,-83.7503
4.25,0,0,125,-83.7527
4.275,0,0,125,-83.755
4.3,0,0,125,-83.7571
4.325,0,0,125,-83.7591
4.35,0,0,125,-83.761
4.375,0,0,125,-83.7628
4.4,0,0,125,-83.7645
4.425,0,0,125,-83.766
4.45,0,0,125,-83.7675
4.475,0,0,125,-83.7688
4.5,0,0,125,-83.7701
4.525,0,0,125,-83.7712
4.55,0,0,125,-83.7723
4.575,0,0,125,-83.7733
4.6,0,0,125,-83.7741
4.625,0,0,125,-83.7749
4.65,0,0,125,-83.7756
4.675,0,0,125,-83.7762
4.7,0,0,125,-83.7768
4.725,0,0,125,-83.7773
4.75,0,0,125,-83.7778
4.775,0,0,125,-83.7781
4.8,0,0,125,-83.7784
4.825,0,0,125,-83.7787
4.85,0,0,125,-83.7788
4.875,0,0,125,-83.779
4.9,0,0,125,-83.7791
4.925,0,0,125,-83.7791
4.95,0,0,125,-83.7792
4.975,0,0,125,-83.7792
5,0,0,125,-83.7792
