0,0,0,125,-70.6756
0.025,0,0,125,-70.6684
0.05,0,0,125,-70.6539
0.075,0,0,125,-70.6321
0.1,0,0,125,-70.6027
0.125,0,0,125,-70.5653
0.15,0,0,125,-70.5195
0.175,0,0,125,-70.464
0.2,0,0,125,-70.3973
0.225,0,0,125,-70.3176
0.25,0,0,125,-70.2232
0.275,0,0,125,-70.1123
0.3,0,0,125,-69.9831
0.325,0,0,125,-69.8341
0.35,0,0,125,-69.6635
0.375,0,0,125,-69.4699
0.4,0,0,125,-69.2518
0.425,0,0,125,-69.0077
0.45,0,0,125,-68.7362
0.475,0,0,125,-68.436
0.5,0,0,125,-68.1057
0.525,0,0,125,-67.7442
0.55,0,0,125,-67.3501
0.575,0,0,125,-66.9225
0.6,0,0,125,-66.4601
0.625,0,0,125,-65.9621
0.65,0,0,125,-65.4276
0.675,0,0,125,-64.8558
0.7,0,0,125,-64.246
0.725,0,0,125,-63.5977
0.75,0,0,125,-62.9105
0.775,0,0,125,-62.1843
0.8,0,0,125,-61.419
0.825,0,0,125,-60.6147
0.85,0,0,125,-59.7718
0.875,0,0,125,-58.891
0.9,0,0,125,-57.973
0.925,0,0,125,-57.0189
0.95,0,0,125,-56.0299
0.975,0,0,125,-55.0077
1,0,0,125,-53.9538
1.025,0,0,125,-52.8703
1.05,0,0,125,-51.7593
1.075,0,0,125,-50.6232
1.1,0,0,125,-49.4645
1.125,0,0,125,-48.2858
1.15,0,0,125,-47.0899
1.175,0,0,125,-45.8795
1.2,0,0,125,-44.6574
1.225,0,0,125,-43.4265
1.25,0,0,125,-42.1895
1.275,0,0,125,-40.9492
1.3,0,0,125,-39.7081
1.325,0,0,125,-38.4686
1.35,0,0,125,-37.233
1.375,0,0,125,-36.0036
1.4,0,0,125,-34.7823
1.425,0,0,125,-33.5708
1.45,0,0,125,-32.3708
1.475,0,0,125,-31.184
1.5,0,0,125,-30.0116
1.525,0,0,125,-28.8549
1.55,0,0,125,-27.7151
1.575,0,0,125,-26.5934
1.6,0,0,125,-25.4908
1.625,0,0,125,-24.4081
1.65,0,0,125,-23.3463
1.675,0,0,125,-22.3062
1.7,0,0,125,-21.2885
1.725,0,0,125,-20.2938
1.75,0,0,125,-19.3227
1.775,0,0,125,-18.3756
1.8,0,0,125,-17.4528
1.825,0,0,125,-16.5547
1.85,0,0,125,-15.6814
1.875,0,0,125,-14.833
1.9,0,0,125,-14.0095
1.925,0,0,125,-13.2109
1.95,0,0,125,-12.4369
1.975,0,0,125,-11.6873
2,0,0,125,-10.9619
2.025,0,0,125,-10.2604
2.05,0,0,125,-9.58221
2.075,0,0,125,-8.92706
2.1,0,0,125,-8.29442
2.125,0,0,125,-7.68379
2.15,0,0,125,-7.09464
2.175,0,0,125,-6.52643
2.2,0,0,125,-5.97858
2.225,0,0,125,-5.45052
2.25,0,0,125,-4.94167
2.275,0,0,125,-4.45144
2.3,0,0,125,-3.97925
2.325,0,0,125,-3.52451
2.35,0,0,125,-3.08666
2.375,0,0,125,-2.66511
2.4,0,0,125,-2.25931
2.425,0,0,125,-1.86871
2.45,0,0,125,-1.49279
2.475,0,0,125,-1.131
2.5,0,0,125,-0.782862
2.525,0,0,125,-0.447867
2.55,0,0,125,-0.125542
2.575,0,0,125,0.184572
2.6,0,0,125,0.482922
2.625,0,0,125,0.769936
2.65,0,0,125,1.04603
2.675,0,0,125,1.31159
2.7,0,0,125,1.56701
2.725,0,0,125,1.81266
2.75,0,0,125,2.04888
2.775,0,0,125,2.27602
2.8,0,0,125,2.49439
2.825,0,0,125,2.70431
2.85,0,0,125,2.90608
2.875,0,0,125,3.09997
2.9,0,0,125,3.28627
2.925,0,0,125,3.46524
2.95,0,0,125,3.63711
2.975,0,0,125,3.80215
3,0,0,125,3.96056
3.025,0,0,125,4.11258
3.05,0,0,125,4.25842
3.075,0,0,125,4.39827
3.1,0,0,125,4.53234
3.125,0,0,125,4.6608
3.15,0,0,125,4.78384
3.175,0,0,125,4.90163
3.2,0,0,125,5.01433
3.225,0,0,125,5.1221
3.25,0,0,125,5.2251
3.275,0,0,125,5.32348
3.3,0,0,125,5.41737
3.325,0,0,125,5.50691
3.35,0,0,125,5.59223
3.375,0,0,125,5.67347
3.4,0,0,125,5.75075
3.425,0,0,125,5.82418
3.45,0,0,125,5.89388
3.475,0,0,125,5.95997
3.5,0,0,125,6.02255
3.525,0,0,125,6.08174
3.55,0,0,125,6.13763
3.575,0,0,125,6.19033
3.6,0,0,125,6.23993
3.625,0,0,125,6.28653
3.65,0,0,125,6.33022
3.675,0,0,125,6.3711
3.7,0,0,125,6.40926
3.725,0,0,125,6.44477
3.75,0,0,125,6.47774
3.775,0,0,125,6.50825
3.8,0,0,125,6.53637
3.825,0,0,125,6.5622
3.85,0,0,125,6.5858
3.875,0,0,125,6.60727
3.9,0,0,125,6.62668
3.925,0,0,125,6.6441
3.95,0,0,125,6.65962
3.975,0,0,125,6.67331
4,0,0,125,6.68525
4.025,0,0,125,6.6955
4.05,0,0,125,6.70415
4.075,0,0,125,6.71126
4.1,0,0,125,6.7169
4.125,0,0,125,6.72115
4.15,0,0,125,6.72407
4.175,0,0,125,6.72573
4.2,0,0,125,6.7262
4.225,0,0,125,6.72555
4.25,0,0,125,6.72384
4.275,0,0,125,6.72113
4.3,0,0,125,6.71749
4.325,0,0,125,6.71297
4.35,0,0,125,6.70764
4.375,0,0,125,6.70156
4.4,0,0,125,6.69478
4.425,0,0,125,6.68736
4.45,0,0,125,6.67935
4.475,0,0,125,6.6708
4.5,0,0,125,6.66177
4.525,0,0,125,6.6523
4.55,0,0,125,6.64245
4.575,0,0,125,6.63227
4.6,0,0,125,6.6218
4.625,0,0,125,6.6111
4.65,0,0,125,6.60021
4.675,0,0,125,6.5892
4.7,0,0,125,6.57813
4.725,0,0,125,6.56706
4.75,0,0,125,6.55607
4.775,0,0,125,6.54526
4.8,0,0,125,6.53474
4.825,0,0,125,6.52462
4.85,0,0,125,6.51506
4.875,0,0,125,6.50625
4.9,0,0,125,6.49841
4.925,0,0,125,6.4918
4.95,0,0,125,6.48664
4.975,0,0,125,6.48311
5,0,0,125,6.48133
