0,0,0,125,-84.4068
0.025,0,0,125,-84.4069
0.05,0,0,125,-84.407
0.075,0,0,125,-84.4072
0.1,0,0,125,-84.4074
0.125,0,0,125,-84.4076
0.15,0,0,125,-84.4078
0.175,0,0,125,-84.4081
0.2,0,0,125,-84.4083
0.225,0,0,125,-84.4086
0.25,0,0,125,-84.4089
0.275,0,0,125,-84.4092
0.3,0,0,125,-84.4095
0.325,0,0,125,-84.4098
0.35,0,0,125,-84.4101
0.375,0,0,125,-84.4104
0.4,0,0,125,-84.4107
0.425,0,0,125,-84.4109
0.45,0,0,125,-84.4112
0.475,0,0,125,-84.4115
0.5,0,0,125,-84.4117
0.525,0,0,125,-84.412
0.55,0,0,125,-84.4122
0.575,0,0,125,-84.4125
0.6,0,0,125,-84.4127
0.625,0,0,125,-84.4129
0.65,0,0,125,-84.4131
0.675,0,0,125,-84.4134
0.7,0,0,125,-84.4136
0.725,0,0,125,-84.4138
0.75,0,0,125,-84.414
0.775,0,0,125,-84.4143
0.8,0,0,125,-84.4145
0.825,0,0,125,-84.4147
0.85,0,0,125,-84.4149
0.875,0,0,125,-84.4151
0.9,0,0,125,-84.4154
0.925,0,0,125,-84.4156
0.95,0,0,125,-84.4158
0.975,0,0,125,-84.4161
1,0,0,125,-84.4163
1.025,0,0,125,-84.4166
1.05,0,0,125,-84.4168
1.075,0,0,125,-84.4171
1.1,0,0,125,-84.4173
1.125,0,0,125,-84.4176
1.15,0,0,125,-84.4178
1.175,0,0,125,-84.418
1.2,0,0,125,-84.4183
1.225,0,0,125,-84.4185
1.25,0,0,125,-84.4188
1.275,0,0,125,-84.419
1.3,0,0,125,-84.4193
1.325,0,0,125,-84.4195
1.35,0,0,125,-84.4198
1.375,0,0,125,-84.4201
1.4,0,0,125,-84.4203
1.425,0,0,125,-84.4206
1.45,0,0,125,-84.4209
1.475,0,0,125,-84.4212
1.5,0,0,125,-84.4215
1.525,0,0,125,-84.4218
1.55,0,0,125,-84.4221
1.575,0,0,125,-84.4224
1.6,0,0,125,-84.4227
1.625,0,0,125,-84.423
1.65,0,0,125,-84.4233
1.675,0,0,125,-84.4237
1.7,0,0,125,-84.424
1.725,0,0,125,-84.4243
1.75,0,0,125,-84.4247
1.775,0,0,125,-84.4251
1.8,0,0,125,-84.4254
1.825,0,0,125,-84.4258
1.85,0,0,125,-84.4262
1.875,0,0,125,-84.4266
1.9,0,0,125,-84.427
1.925,0,0,125,-84.4274
1.95,0,0,125,-84.4278
1.975,0,0,125,-84.4283
2,0,0,125,-84.4287
2.025,0,0,125,-84.4292
2.05,0,0,125,-84.4297
2.075,0,0,125,-84.4302
2.1,0,0,125,-84.4307
2.125,0,0,125,-84.4312
2.15,0,0,125,-84.4318
2.175,0,0,125,-84.4324
2.2,0,0,125,-84.4329
2.225,0,0,125,-84.4335
2.25,0,0,125,-84.4341
2.275,0,0,125,-84.4347
2.3,0,0,125,-84.4354
2.325,0,0,125,-84.436
2.35,0,0,125,-84.4367
2.375,0,0,125,-84.4374
2.4,0,0,125,-84.4381
2.425,0,0,125,-84.4388
2.45,0,0,125,-84.4395
2.475,0,0,125,-84.4403
2.5,0,0,125,-84.441
2.525,0,0,125,-84.4418
2.55,0,0,125,-84.4426
2.575,0,0,125,-84.4434
2.6,0,0,125,-84.4441
2.625,0,0,125,-84.445
2.65,0,0,125,-84.4458
2.675,0,0,125,-84.4466
2.7,0,0,125,-84.4474
2.725,0,0,125,-84.4483
2.75,0,0,125,-84.4491
2.775,0,0,125,-84.45
2.8,0,0,125,-84.4509
2.825,0,0,125,-84.4518
2.85,0,0,125,-84.4527
2.875,0,0,125,-84.4536
2.9,0,0,125,-84.4545
2.925,0,0,125,-84.4554
2.95,0,0,125,-84.4564
2.975,0,0,125,-84.4573
3,0,0,125,-84.4583
3.025,0,0,125,-84.4592
3.05,0,0,125,-84.4602
3.075,0,0,125,-84.4611
3.1,0,0,125,-84.4621
3.125,0,0,125,-84.463
3.15,0,0,125,-84.4639
3.175,0,0,125,-84.4649
3.2,0,0,125,-84.4658
3.225,0,0,125,-84.4667
3.25,0,0,125,-84.4676
3.275,0,0,125,-84.4685
3.3,0,0,125,-84.4694
3.325,0,0,125,-84.4703
3.35,0,0,125,-84.4711
3.375,0,0,125,-84.4719
3.4,0,0,125,-84.4728
3.425,0,0,125,-84.4736
3.45,0,0,125,-84.4743
3.475,0,0,125,-84.4751
3.5,0,0,125,-84.4759
3.525,0,0,125,-84.4766
3.55,0,0,125,-84.4773
3.575,0,0,125,-84.478
3.6,0,0,125,-84.4787
3.625,0,0,125,-84.4794
3.65,0,0,125,-84.48
3.675,0,0,125,-84.4807
3.7,0,0,125,-84.4813
3.725,0,0,125,-84.4819
3.75,0,0,125,-84.4825
3.775,0,0,125,-84.4831
3.8,0,0,125,-84.4837
3.825,0,0,125,-84.4842
3.85,0,0,125,-84.4847
3.875,0,0,125,-84.4853
3.9,0,0,125,-84.4858
3.925,0,0,125,-84.4863
3.95,0,0,125,-84.4867
3.975,0,0,125,-84.4872
4,0,0,125,-84.4876
4.025,0,0,125,-84.4881
4.05,0,0,125,-84.4885
4.075,0,0,125,-84.4889
4.1,0,0,125,-84.4892
4.125,0,0,125,-84.4896
4.15,0,0,125,-84.49
4.175,0,0,125,-84.4903
4.2,0,0,125,-84.4906
4.225,0,0,125,-84.4909
4.25,0,0,125,-84.4912
4.275,0,0,125,-84.4915
4.3,0,0,125,-84.4917
4.325,0,0,125,-84.4919
4.35,0,0,125,-84.4921
4.375,0,0,125,-84.4923
4.4,0,0,125,-84.4925
4.425,0,0,125,-84.4927
4.45,0,0,125,-84.4928
4.475,0,0,125,-84.493
4.5,0,0,125,-84.4931
4.525,0,0,125,-84.4933
4.55,0,0,125,-84.4934
4.575,0,0,125,-84.4935
4.6,0,0,125,-84.4936
4.625,0,0,125,-84.4937
4.65,0,0,125,-84.4938
4.675,0,0,125,-84.4939
4.7,0,0,125,-84.494
4.725,0,0,125,-84.494
4.75,0,0,125,-84.4941
4.775,0,0,125,-84.4941
4.8,0,0,125,-84.4942
4.825,0,0,125,-84.4942
4.85,0,0,125,-84.4942
4.875,0,0,125,-84.4942
4.9,0,0,125,-84.4942
4.925,0,0,125,-84.4942
4.95,0,0,125,-84.4942
4.975,0,0,125,-84.4941
5,0,0,125,-84.4941
