0,0,0,125,-83.2303
0.025,0,0,125,-83.2308
0.05,0,0,125,-83.2317
0.075,0,0,125,-83.2331
0.1,0,0,125,-83.2348
0.125,0,0,125,-83.2367
0.15,0,0,125,-83.2387
0.175,0,0,125,-83.2407
0.2,0,0,125,-83.2428
0.225,0,0,125,-83.2448
0.25,0,0,125,-83.2467
0.275,0,0,125,-83.2485
0.3,0,0,125,-83.2502
0.325,0,0,125,-83.2517
0.35,0,0,125,-83.253
0.375,0,0,125,-83.2542
0.4,0,0,125,-83.2551
0.425,0,0,125,-83.2558
0.45,0,0,125,-83.2562
0.475,0,0,125,-83.2564
0.5,0,0,125,-83.2564
0.525,0,0,125,-83.256
0.55,0,0,125,-83.2553
0.575,0,0,125,-83.2543
0.6,0,0,125,-83.253
0.625,0,0,125,-83.2513
0.65,0,0,125,-83.2492
0.675,0,0,125,-83.2468
0.7,0,0,125,-83.2439
0.725,0,0,125,-83.2406
0.75,0,0,125,-83.2368
0.775,0,0,125,-83.2325
0.8,0,0,125,-83.2277
0.825,0,0,125,-83.2224
0.85,0,0,125,-83.2165
0.875,0,0,125,-83.21
0.9,0,0,125,-83.2028
0.925,0,0,125,-83.195
0.95,0,0,125,-83.1864
0.975,0,0,125,-83.1771
1,0,0,125,-83.1669
1.025,0,0,125,-83.1559
1.05,0,0,125,-83.1439
1.075,0,0,125,-83.1309
1.1,0,0,125,-83.1168
1.125,0,0,125,-83.1016
1.15,0,0,125,-83.0851
1.175,0,0,125,-83.0673
1.2,0,0,125,-83.0481
1.225,0,0,125,-83.0274
1.25,0,0,125,-83.005
1.275,0,0,125,-82.9808
1.3,0,0,125,-82.9546
1.325,0,0,125,-82.9264
1.35,0,0,125,-82.8959
1.375,0,0,125,-82.863
1.4,0,0,125,-82.8274
1.425,0,0,125,-82.789
1.45,0,0,125,-82.7474
1.475,0,0,125,-82.7024
1.5,0,0,125,-82.6537
1.525,0,0,125,-82.601
1.55,0,0,125,-82.544
1.575,0,0,125,-82.4821
1.6,0,0,125,-82.4151
1.625,0,0,125,-82.3423
1.65,0,0,125,-82.2634
1.675,0,0,125,-82.1778
1.7,0,0,125,-82.0847
1.725,0,0,125,-81.9837
1.75,0,0,125,-81.8738
1.775,0,0,125,-81.7544
1.8,0,0,125,-81.6245
1.825,0,0,125,-81.4832
1.85,0,0,125,-81.3295
1.875,0,0,125,-81.1622
1.9,0,0,125,-80.9802
1.925,0,0,125,-80.7822
1.95,0,0,125,-80.5669
1.975,0,0,125,-80.3327
2,0,0,125,-80.0782
2.025,0,0,125,-79.8017
2.05,0,0,125,-79.5016
2.075,0,0,125,-79.176
2.1,0,0,125,-78.8233
2.125,0,0,125,-78.4415
2.15,0,0,125,-78.0288
2.175,0,0,125,-77.5833
2.2,0,0,125,-77.1033
2.225,0,0,125,-76.587
2.25,0,0,125,-76.0327
2.275,0,0,125,-75.439
2.3,0,0,125,-74.8044
2.325,0,0,125,-74.1279
2.35,0,0,125,-73.4087
2.375,0,0,125,-72.646
2.4,0,0,125,-71.8398
2.425,0,0,125,-70.9901
2.45,0,0,125,-70.0976
2.475,0,0,125,-69.1631
2.5,0,0,125,-68.188
2.525,0,0,125,-67.1742
2.55,0,0,125,-66.124
2.575,0,0,125,-65.04
2.6,0,0,125,-63.9252
2.625,0,0,125,-62.783
2.65,0,0,125,-61.6172
2.675,0,0,125,-60.4315
2.7,0,0,125,-59.2301
2.725,0,0,125,-58.0171
2.75,0,0,125,-56.7968
2.775,0,0,125,-55.5734
2.8,0,0,125,-54.3509
2.825,0,0,125,-53.1333
2.85,0,0,125,-51.9244
2.875,0,0,125,-50.7276
2.9,0,0,125,-49.5462
2.925,0,0,125,-48.3831
2.95,0,0,125,-47.2409
2.975,0,0,125,-46.1219
3,0,0,125,-45.0279
3.025,0,0,125,-43.9606
3.05,0,0,125,-42.9213
3.075,0,0,125,-41.9108
3.1,0,0,125,-40.93
3.125,0,0,125,-39.9793
3.15,0,0,125,-39.0588
3.175,0,0,125,-38.1686
3.2,0,0,125,-37.3086
3.225,0,0,125,-36.4783
3.25,0,0,125,-35.6774
3.275,0,0,125,-34.9053
3.3,0,0,125,-34.1614
3.325,0,0,125,-33.445
3.35,0,0,125,-32.7555
3.375,0,0,125,-32.0919
3.4,0,0,125,-31.4537
3.425,0,0,125,-30.8399
3.45,0,0,125,-30.2498
3.475,0,0,125,-29.6826
3.5,0,0,125,-29.1375
3.525,0,0,125,-28.6138
3.55,0,0,125,-28.1107
3.575,0,0,125,-27.6275
3.6,0,0,125,-27.1634
3.625,0,0,125,-26.7178
3.65,0,0,125,-26.29
3.675,0,0,125,-25.8793
3.7,0,0,125,-25.4852
3.725,0,0,125,-25.1069
3.75,0,0,125,-24.744
3.775,0,0,125,-24.3957
3.8,0,0,125,-24.0617
3.825,0,0,125,-23.7412
3.85,0,0,125,-23.4339
3.875,0,0,125,-23.1392
3.9,0,0,125,-22.8567
3.925,0,0,125,-22.5858
3.95,0,0,125,-22.3262
3.975,0,0,125,-22.0773
4,0,0,125,-21.8389
4.025,0,0,125,-21.6105
4.05,0,0,125,-21.3917
4.075,0,0,125,-21.1821
4.1,0,0,125,-20.9815
4.125,0,0,125,-20.7895
4.15,0,0,125,-20.6057
4.175,0,0,125,-20.4299
4.2,0,0,125,-20.2618
4.225,0,0,125,-20.1011
4.25,0,0,125,-19.9476
4.275,0,0,125,-19.801
4.3,0,0,125,-19.661
4.325,0,0,125,-19.5275
4.35,0,0,125,-19.4002
4.375,0,0,125,-19.2789
4.4,0,0,125,-19.1636
4.425,0,0,125,-19.0539
4.45,0,0,125,-18.9498
4.475,0,0,125,-18.851
4.5,0,0,125,-18.7575
4.525,0,0,125,-18.6691
4.55,0,0,125,-18.5857
4.575,0,0,125,-18.5072
4.6,0,0,125,-18.4335
4.625,0,0,125,-18.3645
4.65,0,0,125,-18.3001
4.675,0,0,125,-18.2404
4.7,0,0,125,-18.1851
4.725,0,0,125,-18.1343
4.75,0,0,125,-18.088
4.775,0,0,125,-18.0461
4.8,0,0,125,-18.0085
4.825,0,0,125,-17.9752
4.85,0,0,125,-17.9463
4.875,0,0,125,-17.9217
4.9,0,0,125,-17.9013
4.925,0,0,125,-17.8851
4.95,0,0,125,-17.873
4.975,0,0,125,-17.8649
5,0,0,125,-17.8609
