0,0,0,125,-16.5631
0.025,0,0,125,-16.5587
0.05,0,0,125,-16.5502
0.075,0,0,125,-16.5377
0.1,0,0,125,-16.5219
0.125,0,0,125,-16.5031
0.15,0,0,125,-16.482
0.175,0,0,125,-16.4591
0.2,0,0,125,-16.4346
0.225,0,0,125,-16.4088
0.25,0,0,125,-16.3821
0.275,0,0,125,-16.3545
0.3,0,0,125,-16.3263
0.325,0,0,125,-16.2977
0.35,0,0,125,-16.2689
0.375,0,0,125,-16.2401
0.4,0,0,125,-16.2115
0.425,0,0,125,-16.1832
0.45,0,0,125,-16.1555
0.475,0,0,125,-16.1286
0.5,0,0,125,-16.1025
0.525,0,0,125,-16.0775
0.55,0,0,125,-16.0537
0.575,0,0,125,-16.0313
0.6,0,0,125,-16.0105
0.625,0,0,125,-15.9915
0.65,0,0,125,-15.9743
0.675,0,0,125,-15.9592
0.7,0,0,125,-15.9464
0.725,0,0,125,-15.9359
0.75,0,0,125,-15.928
0.775,0,0,125,-15.9229
0.8,0,0,125,-15.9206
0.825,0,0,125,-15.9215
0.85,0,0,125,-15.9256
0.875,0,0,125,-15.9331
0.9,0,0,125,-15.9443
0.925,0,0,125,-15.9593
0.95,0,0,125,-15.9782
0.975,0,0,125,-16.0014
1,0,0,125,-16.0289
1.025,0,0,125,-16.0611
1.05,0,0,125,-16.098
1.075,0,0,125,-16.14
1.1,0,0,125,-16.1871
1.125,0,0,125,-16.2398
1.15,0,0,125,-16.2981
1.175,0,0,125,-16.3623
1.2,0,0,125,-16.4327
1.225,0,0,125,-16.5094
1.25,0,0,125,-16.5928
1.275,0,0,125,-16.6832
1.3,0,0,125,-16.7807
1.325,0,0,125,-16.8856
1.35,0,0,125,-16.9983
1.375,0,0,125,-17.119
1.4,0,0,125,-17.248
1.425,0,0,125,-17.3855
1.45,0,0,125,-17.532
1.475,0,0,125,-17.6877
1.5,0,0,125,-17.8529
1.525,0,0,125,-18.0279
1.55,0,0,125,-18.2131
1.575,0,0,125,-18.4088
1.6,0,0,125,-18.6153
1.625,0,0,125,-18.833
1.65,0,0,125,-19.0622
1.675,0,0,125,-19.3033
1.7,0,0,125,-19.5565
1.725,0,0,125,-19.8224
1.75,0,0,125,-20.1012
1.775,0,0,125,-20.3933
1.8,0,0,125,-20.6991
1.825,0,0,125,-21.019
1.85,0,0,125,-21.3533
1.875,0,0,125,-21.7025
1.9,0,0,125,-22.0669
1.925,0,0,125,-22.447
1.95,0,0,125,-22.8432
1.975,0,0,125,-23.2559
2,0,0,125,-23.6855
2.025,0,0,125,-24.1325
2.05,0,0,125,-24.5974
2.075,0,0,125,-25.0805
2.1,0,0,125,-25.5824
2.125,0,0,125,-26.1036
2.15,0,0,125,-26.6445
2.175,0,0,125,-27.2057
2.2,0,0,125,-27.7877
2.225,0,0,125,-28.3911
2.25,0,0,125,-29.0163
2.275,0,0,125,-29.664
2.3,0,0,125,-30.3347
2.325,0,0,125,-31.0291
2.35,0,0,125,-31.7475
2.375,0,0,125,-32.4908
2.4,0,0,125,-33.2593
2.425,0,0,125,-34.0536
2.45,0,0,125,-34.8742
2.475,0,0,125,-35.7215
2.5,0,0,125,-36.5959
2.525,0,0,125,-37.4975
2.55,0,0,125,-38.4267
2.575,0,0,125,-39.3832
2.6,0,0,125,-40.3671
2.625,0,0,125,-41.3778
2.65,0,0,125,-42.4149
2.675,0,0,125,-43.4774
2.7,0,0,125,-44.5644
2.725,0,0,125,-45.6744
2.75,0,0,125,-46.8057
2.775,0,0,125,-47.9566
2.8,0,0,125,-49.1246
2.825,0,0,125,-50.3072
2.85,0,0,125,-51.5016
2.875,0,0,125,-52.7048
2.9,0,0,125,-53.9133
2.925,0,0,125,-55.1237
2.95,0,0,125,-56.3324
2.975,0,0,125,-57.5355
3,0,0,125,-58.7293
3.025,0,0,125,-59.91
3.05,0,0,125,-61.0738
3.075,0,0,125,-62.2172
3.1,0,0,125,-63.3366
3.125,0,0,125,-64.429
3.15,0,0,125,-65.4914
3.175,0,0,125,-66.5212
3.2,0,0,125,-67.5161
3.225,0,0,125,-68.4743
3.25,0,0,125,-69.394
3.275,0,0,125,-70.2743
3.3,0,0,125,-71.1142
3.325,0,0,125,-71.9134
3.35,0,0,125,-72.6718
3.375,0,0,125,-73.3894
3.4,0,0,125,-74.0669
3.425,0,0,125,-74.7049
3.45,0,0,125,-75.3044
3.475,0,0,125,-75.8665
3.5,0,0,125,-76.3926
3.525,0,0,125,-76.8839
3.55,0,0,125,-77.3421
3.575,0,0,125,-77.7686
3.6,0,0,125,-78.1651
3.625,0,0,125,-78.5332
3.65,0,0,125,-78.8745
3.675,0,0,125,-79.1905
3.7,0,0,125,-79.4828
3.725,0,0,125,-79.753
3.75,0,0,125,-80.0025
3.775,0,0,125,-80.2327
3.8,0,0,125,-80.4449
3.825,0,0,125,-80.6405
3.85,0,0,125,-80.8205
3.875,0,0,125,-80.9863
3.9,0,0,125,-81.1387
3.925,0,0,125,-81.2789
3.95,0,0,125,-81.4078
3.975,0,0,125,-81.5262
4,0,0,125,-81.635
4.025,0,0,125,-81.7349
4.05,0,0,125,-81.8266
4.075,0,0,125,-81.9108
4.1,0,0,125,-81.988
4.125,0,0,125,-82.0589
4.15,0,0,125,-82.1239
4.175,0,0,125,-82.1836
4.2,0,0,125,-82.2382
4.225,0,0,125,-82.2884
4.25,0,0,125,-82.3343
4.275,0,0,125,-82.3764
4.3,0,0,125,-82.4149
4.325,0,0,125,-82.4502
4.35,0,0,125,-82.4825
4.375,0,0,125,-82.5121
4.4,0,0,125,-82.5391
4.425,0,0,125,-82.5638
4.45,0,0,125,-82.5864
4.475,0,0,125,-82.6069
4.5,0,0,125,-82.6257
4.525,0,0,125,-82.6427
4.55,0,0,125,-82.6583
4.575,0,0,125,-82.6724
4.6,0,0,125,-82.6851
4.625,0,0,125,-82.6967
4.65,0,0,125,-82.7071
4.675,0,0,125,-82.7164
4.7,0,0,125,-82.7248
4.725,0,0,125,-82.7323
4.75,0,0,125,-82.7389
4.775,0,0,125,-82.7447
4.8,0,0,125,-82.7497
4.825,0,0,125,-82.7541
4.85,0,0,125,-82.7578
4.875,0,0,125,-82.7608
4.9,0,0,125,-82.7633
4.925,0,0,125,-82.7652
4.95,0,0,125,-82.7667
4.975,0,0,125,-82.7676
5,0,0,125,-82.768
