0,0,0,125,6.54472
0.025,0,0,125,6.5482
0.05,0,0,125,6.55503
0.075,0,0,125,6.56495
0.1,0,0,125,6.5776
0.125,0,0,125,6.59253
0.15,0,0,125,6.60931
0.175,0,0,125,6.6276
0.2,0,0,125,6.64718
0.225,0,0,125,6.66791
0.25,0,0,125,6.6897
0.275,0,0,125,6.71243
0.3,0,0,125,6.73605
0.325,0,0,125,6.76046
0.35,0,0,125,6.7856
0.375,0,0,125,6.81141
0.4,0,0,125,6.83783
0.425,0,0,125,6.86481
0.45,0,0,125,6.89231
0.475,0,0,125,6.92028
0.5,0,0,125,6.94867
0.525,0,0,125,6.97747
0.55,0,0,125,7.00662
0.575,0,0,125,7.03612
0.6,0,0,125,7.06592
0.625,0,0,125,7.096
0.65,0,0,125,7.12633
0.675,0,0,125,7.15691
0.7,0,0,125,7.18769
0.725,0,0,125,7.21868
0.75,0,0,125,7.24985
0.775,0,0,125,7.28118
0.8,0,0,125,7.31267
0.825,0,0,125,7.3443
0.85,0,0,125,7.37606
0.875,0,0,125,7.40793
0.9,0,0,125,7.43991
0.925,0,0,125,7.47198
0.95,0,0,125,7.50413
0.975,0,0,125,7.53636
1,0,0,125,7.56866
1.025,0,0,125,7.60102
1.05,0,0,125,7.63344
1.075,0,0,125,7.6659
1.1,0,0,125,7.69841
1.125,0,0,125,7.73095
1.15,0,0,125,7.76353
1.175,0,0,125,7.79613
1.2,0,0,125,7.82876
1.225,0,0,125,7.86141
1.25,0,0,125,7.89408
1.275,0,0,125,7.92675
1.3,0,0,125,7.95944
1.325,0,0,125,7.99214
1.35,0,0,125,8.02484
1.375,0,0,125,8.05754
1.4,0,0,125,8.09024
1.425,0,0,125,8.12294
1.45,0,0,125,8.15563
1.475,0,0,125,8.18832
1.5,0,0,125,8.221
1.525,0,0,125,8.25367
1.55,0,0,125,8.28633
1.575,0,0,125,8.31897
1.6,0,0,125,8.3516
1.625,0,0,125,8.38421
1.65,0,0,125,8.41681
1.675,0,0,125,8.44939
1.7,0,0,125,8.48195
1.725,0,0,125,8.5145
1.75,0,0,125,8.54702
1.775,0,0,125,8.57952
1.8,0,0,125,8.612
1.825,0,0,125,8.64445
1.85,0,0,125,8.67689
1.875,0,0,125,8.70929
1.9,0,0,125,8.74168
1.925,0,0,125,8.77404
1.95,0,0,125,8.80638
1.975,0,0,125,8.83869
2,0,0,125,8.87097
2.025,0,0,125,8.90323
2.05,0,0,125,8.93546
2.075,0,0,125,8.96766
2.1,0,0,125,8.99984
2.125,0,0,125,9.03199
2.15,0,0,125,9.06411
2.175,0,0,125,9.0962
2.2,0,0,125,9.12827
2.225,0,0,125,9.1603
2.25,0,0,125,9.19231
2.275,0,0,125,9.22429
2.3,0,0,125,9.25623
2.325,0,0,125,9.28815
2.35,0,0,125,9.32004
2.375,0,0,125,9.3519
2.4,0,0,125,9.38373
2.425,0,0,125,9.41553
2.45,0,0,125,9.4473
2.475,0,0,125,9.47904
2.5,0,0,125,9.51075
2.525,0,0,125,9.54243
2.55,0,0,125,9.57408
2.575,0,0,125,9.6057
2.6,0,0,125,9.63729
2.625,0,0,125,9.66885
2.65,0,0,125,9.70038
2.675,0,0,125,9.73188
2.7,0,0,125,9.76335
2.725,0,0,125,9.79479
2.75,0,0,125,9.8262
2.775,0,0,125,9.85759
2.8,0,0,125,9.88893
2.825,0,0,125,9.92025
2.85,0,0,125,9.95154
2.875,0,0,125,9.98279
2.9,0,0,125,10.014
2.925,0,0,125,10.0452
2.95,0,0,125,10.0764
2.975,0,0,125,10.1075
3,0,0,125,10.1386
3.025,0,0,125,10.1697
3.05,0,0,125,10.2007
3.075,0,0,125,10.2317
3.1,0,0,125,10.2627
3.125,0,0,125,10.2936
3.15,0,0,125,10.3245
3.175,0,0,125,10.3554
3.2,0,0,125,10.3862
3.225,0,0,125,10.417
3.25,0,0,125,10.4478
3.275,0,0,125,10.4785
3.3,0,0,125,10.5092
3.325,0,0,125,10.5399
3.35,0,0,125,10.5705
3.375,0,0,125,10.6011
3.4,0,0,125,10.6317
3.425,0,0,125,10.6622
3.45,0,0,125,10.6927
3.475,0,0,125,10.7231
3.5,0,0,125,10.7535
3.525,0,0,125,10.7839
3.55,0,0,125,10.8142
3.575,0,0,125,10.8445
3.6,0,0,125,10.8748
3.625,0,0,125,10.905
3.65,0,0,125,10.9351
3.675,0,0,125,10.9652
3.7,0,0,125,10.9952
3.725,0,0,125,11.0252
3.75,0,0,125,11.0552
3.775,0,0,125,11.0851
3.8,0,0,125,11.1149
3.825,0,0,125,11.1446
3.85,0,0,125,11.1743
3.875,0,0,125,11.2039
3.9,0,0,125,11.2335
3.925,0,0,125,11.2629
3.95,0,0,125,11.2923
3.975,0,0,125,11.3215
4,0,0,125,11.3507
4.025,0,0,125,11.3798
4.05,0,0,125,11.4087
4.075,0,0,125,11.4376
4.1,0,0,125,11.4663
4.125,0,0,125,11.4948
4.15,0,0,125,11.5232
4.175,0,0,125,11.5515
4.2,0,0,125,11.5795
4.225,0,0,125,11.6074
4.25,0,0,125,11.6351
4.275,0,0,125,11.6625
4.3,0,0,125,11.6897
4.325,0,0,125,11.7167
4.35,0,0,125,11.7433
4.375,0,0,125,11.7697
4.4,0,0,125,11.7957
4.425,0,0,125,11.8213
4.45,0,0,125,11.8465
4.475,0,0,125,11.8713
4.5,0,0,125,11.8957
4.525,0,0,125,11.9195
4.55,0,0,125,11.9428
4.575,0,0,125,11.9655
4.6,0,0,125,11.9875
4.625,0,0,125,12.0089
4.65,0,0,125,12.0294
4.675,0,0,125,12.0492
4.7,0,0,125,12.0681
4.725,0,0,125,12.086
4.75,0,0,125,12.103
4.775,0,0,125,12.1188
4.8,0,0,125,12.1334
4.825,0,0,125,12.1468
4.85,0,0,125,12.1588
4.875,0,0,125,12.1694
4.9,0,0,125,12.1784
4.925,0,0,125,12.1858
4.95,0,0,125,12.1915
4.975,0,0,125,12.1953
5,0,0,125,12.1972
