0,0,0,125,-83.5156
0.025,0,0,125,-83.516
0.05,0,0,125,-83.5168
0.075,0,0,125,-83.518
0.1,0,0,125,-83.5194
0.125,0,0,125,-83.521
0.15,0,0,125,-83.5227
0.175,0,0,125,-83.5245
0.2,0,0,125,-83.5263
0.225,0,0,125,-83.5281
0.25,0,0,125,-83.5299
0.275,0,0,125,-83.5316
0.3,0,0,125,-83.5332
0.325,0,0,125,-83.5348
0.35,0,0,125,-83.5362
0.375,0,0,125,-83.5375
0.4,0,0,125,-83.5387
0.425,0,0,125,-83.5397
0.45,0,0,125,-83.5406
0.475,0,0,125,-83.5413
0.5,0,0,125,-83.5419
0.525,0,0,125,-83.5423
0.55,0,0,125,-83.5425
0.575,0,0,125,-83.5426
0.6,0,0,125,-83.5424
0.625,0,0,125,-83.542
0.65,0,0,125,-83.5415
0.675,0,0,125,-83.5407
0.7,0,0,125,-83.5397
0.725,0,0,125,-83.5385
0.75,0,0,125,-83.5371
0.775,0,0,125,-83.5355
0.8,0,0,125,-83.5336
0.825,0,0,125,-83.5315
0.85,0,0,125,-83.5291
0.875,0,0,125,-83.5265
0.9,0,0,125,-83.5236
0.925,0,0,125,-83.5205
0.95,0,0,125,-83.5171
0.975,0,0,125,-83.5134
1,0,0,125,-83.5095
1.025,0,0,125,-83.5052
1.05,0,0,125,-83.5007
1.075,0,0,125,-83.4959
1.1,0,0,125,-83.4908
1.125,0,0,125,-83.4854
1.15,0,0,125,-83.4797
1.175,0,0,125,-83.4737
1.2,0,0,125,-83.4673
1.225,0,0,125,-83.4607
1.25,0,0,125,-83.4537
1.275,0,0,125,-83.4464
1.3,0,0,125,-83.4387
1.325,0,0,125,-83.4308
1.35,0,0,125,-83.4225
1.375,0,0,125,-83.4139
1.4,0,0,125,-83.4049
1.425,0,0,125,-83.3956
1.45,0,0,125,-83.3859
1.475,0,0,125,-83.376
1.5,0,0,125,-83.3656
1.525,0,0,125,-83.355
1.55,0,0,125,-83.344
1.575,0,0,125,-83.3326
1.6,0,0,125,-83.321
1.625,0,0,125,-83.309
1.65,0,0,125,-83.2967
1.675,0,0,125,-83.2841
1.7,0,0,125,-83.2711
1.725,0,0,125,-83.2579
1.75,0,0,125,-83.2444
1.775,0,0,125,-83.2306
1.8,0,0,125,-83.2165
1.825,0,0,125,-83.2021
1.85,0,0,125,-83.1874
1.875,0,0,125,-83.1725
1.9,0,0,125,-83.1573
1.925,0,0,125,-83.1418
1.95,0,0,125,-83.1261
1.975,0,0,125,-83.1101
2,0,0,125,-83.0939
2.025,0,0,125,-83.0775
2.05,0,0,125,-83.0608
2.075,0,0,125,-83.0438
2.1,0,0,125,-83.0266
2.125,0,0,125,-83.0092
2.15,0,0,125,-82.9914
2.175,0,0,125,-82.9735
2.2,0,0,125,-82.9552
2.225,0,0,125,-82.9367
2.25,0,0,125,-82.9178
2.275,0,0,125,-82.8986
2.3,0,0,125,-82.8791
2.325,0,0,125,-82.8591
2.35,0,0,125,-82.8388
2.375,0,0,125,-82.818
2.4,0,0,125,-82.7968
2.425,0,0,125,-82.775
2.45,0,0,125,-82.7527
2.475,0,0,125,-82.7297
2.5,0,0,125,-82.7061
2.525,0,0,125,-82.6818
2.55,0,0,125,-82.6567
2.575,0,0,125,-82.6307
2.6,0,0,125,-82.6038
2.625,0,0,125,-82.5758
2.65,0,0,125,-82.5468
2.675,0,0,125,-82.5166
2.7,0,0,125,-82.4852
2.725,0,0,125,-82.4523
2.75,0,0,125,-82.418
2.775,0,0,125,-82.3821
2.8,0,0,125,-82.3444
2.825,0,0,125,-82.305
2.85,0,0,125,-82.2636
2.875,0,0,125,-82.2202
2.9,0,0,125,-82.1746
2.925,0,0,125,-82.1266
2.95,0,0,125,-82.0761
2.975,0,0,125,-82.0231
3,0,0,125,-81.9672
3.025,0,0,125,-81.9085
3.05,0,0,125,-81.8466
3.075,0,0,125,-81.7816
3.1,0,0,125,-81.7132
3.125,0,0,125,-81.6413
3.15,0,0,125,-81.5658
3.175,0,0,125,-81.4864
3.2,0,0,125,-81.403
3.225,0,0,125,-81.3156
3.25,0,0,125,-81.2239
3.275,0,0,125,-81.1278
3.3,0,0,125,-81.0272
3.325,0,0,125,-80.922
3.35,0,0,125,-80.8119
3.375,0,0,125,-80.6971
3.4,0,0,125,-80.5772
3.425,0,0,125,-80.4524
3.45,0,0,125,-80.3223
3.475,0,0,125,-80.1872
3.5,0,0,125,-80.0467
3.525,0,0,125,-79.901
3.55,0,0,125,-79.75
3.575,0,0,125,-79.5938
3.6,0,0,125,-79.4322
3.625,0,0,125,-79.2654
3.65,0,0,125,-79.0934
3.675,0,0,125,-78.9162
3.7,0,0,125,-78.734
3.725,0,0,125,-78.5469
3.75,0,0,125,-78.355
3.775,0,0,125,-78.1584
3.8,0,0,125,-77.9574
3.825,0,0,125,-77.7521
3.85,0,0,125,-77.5427
3.875,0,0,125,-77.3295
3.9,0,0,125,-77.1127
3.925,0,0,125,-76.8926
3.95,0,0,125,-76.6694
3.975,0,0,125,-76.4436
4,0,0,125,-76.2154
4.025,0,0,125,-75.9851
4.05,0,0,125,-75.7532
4.075,0,0,125,-75.52
4.1,0,0,125,-75.2859
4.125,0,0,125,-75.0513
4.15,0,0,125,-74.8166
4.175,0,0,125,-74.5822
4.2,0,0,125,-74.3486
4.225,0,0,125,-74.1162
4.25,0,0,125,-73.8854
4.275,0,0,125,-73.6567
4.3,0,0,125,-73.4306
4.325,0,0,125,-73.2074
4.35,0,0,125,-72.9876
4.375,0,0,125,-72.7717
4.4,0,0,125,-72.56
4.425,0,0,125,-72.3531
4.45,0,0,125,-72.1513
4.475,0,0,125,-71.9551
4.5,0,0,125,-71.7649
4.525,0,0,125,-71.581
4.55,0,0,125,-71.4039
4.575,0,0,125,-71.2338
4.6,0,0,125,-71.0712
4.625,0,0,125,-70.9164
4.65,0,0,125,-70.7698
4.675,0,0,125,-70.6315
4.7,0,0,125,-70.502
4.725,0,0,125,-70.3814
4.75,0,0,125,-70.2701
4.775,0,0,125,-70.1682
4.8,0,0,125,-70.0759
4.825,0,0,125,-69.9935
4.85,0,0,125,-69.9211
4.875,0,0,125,-69.8588
4.9,0,0,125,-69.8068
4.925,0,0,125,-69.7651
4.95,0,0,125,-69.7338
4.975,0,0,125,-69.7129
5,0,0,125,-69.7024
