0,0,0,125,-23.5982
0.025,0,0,125,-23.5955
0.05,0,0,125,-23.5902
0.075,0,0,125,-23.5822
0.1,0,0,125,-23.5717
0.125,0,0,125,-23.5586
0.15,0,0,125,-23.5431
0.175,0,0,125,-23.5255
0.2,0,0,125,-23.5059
0.225,0,0,125,-23.4843
0.25,0,0,125,-23.461
0.275,0,0,125,-23.4361
0.3,0,0,125,-23.4097
0.325,0,0,125,-23.3818
0.35,0,0,125,-23.3525
0.375,0,0,125,-23.3221
0.4,0,0,125,-23.2904
0.425,0,0,125,-23.2577
0.45,0,0,125,-23.2239
0.475,0,0,125,-23.1892
0.5,0,0,125,-23.1536
0.525,0,0,125,-23.1172
0.55,0,0,125,-23.08
0.575,0,0,125,-23.0421
0.6,0,0,125,-23.0035
0.625,0,0,125,-22.9644
0.65,0,0,125,-22.9246
0.675,0,0,125,-22.8844
0.7,0,0,125,-22.8437
0.725,0,0,125,-22.8025
0.75,0,0,125,-22.761
0.775,0,0,125,-22.719
0.8,0,0,125,-22.6768
0.825,0,0,125,-22.6342
0.85,0,0,125,-22.5914
0.875,0,0,125,-22.5483
0.9,0,0,125,-22.5051
0.925,0,0,125,-22.4616
0.95,0,0,125,-22.418
0.975,0,0,125,-22.3742
1,0,0,125,-22.3303
1.025,0,0,125,-22.2863
1.05,0,0,125,-22.2423
1.075,0,0,125,-22.1981
1.1,0,0,125,-22.154
1.125,0,0,125,-22.1098
1.15,0,0,125,-22.0655
1.175,0,0,125,-22.0213
1.2,0,0,125,-21.9771
1.225,0,0,125,-21.9329
1.25,0,0,125,-21.8888
1.275,0,0,125,-21.8447
1.3,0,0,125,-21.8006
1.325,0,0,125,-21.7566
1.35,0,0,125,-21.7127
1.375,0,0,125,-21.6689
1.4,0,0,125,-21.6252
1.425,0,0,125,-21.5815
1.45,0,0,125,-21.538
1.475,0,0,125,-21.4946
1.5,0,0,125,-21.4513
1.525,0,0,125,-21.4081
1.55,0,0,125,-21.365
1.575,0,0,125,-21.3221
1.6,0,0,125,-21.2793
1.625,0,0,125,-21.2367
1.65,0,0,125,-21.1942
1.675,0,0,125,-21.1518
1.7,0,0,125,-21.1096
1.725,0,0,125,-21.0675
1.75,0,0,125,-21.0256
1.775,0,0,125,-20.9838
1.8,0,0,125,-20.9422
1.825,0,0,125,-20.9008
1.85,0,0,125,-20.8595
1.875,0,0,125,-20.8184
1.9,0,0,125,-20.7774
1.925,0,0,125,-20.7366
1.95,0,0,125,-20.696
1.975,0,0,125,-20.6555
2,0,0,125,-20.6152
2.025,0,0,125,-20.5751
2.05,0,0,125,-20.5351
2.075,0,0,125,-20.4953
2.1,0,0,125,-20.4556
2.125,0,0,125,-20.4161
2.15,0,0,125,-20.3768
2.175,0,0,125,-20.3377
2.2,0,0,125,-20.2987
2.225,0,0,125,-20.2598
2.25,0,0,125,-20.2212
2.275,0,0,125,-20.1827
2.3,0,0,125,-20.1443
2.325,0,0,125,-20.1062
2.35,0,0,125,-20.0681
2.375,0,0,125,-20.0303
2.4,0,0,125,-19.9925
2.425,0,0,125,-19.955
2.45,0,0,125,-19.9176
2.475,0,0,125,-19.8804
2.5,0,0,125,-19.8433
2.525,0,0,125,-19.8063
2.55,0,0,125,-19.7696
2.575,0,0,125,-19.7329
2.6,0,0,125,-19.6965
2.625,0,0,125,-19.6601
2.65,0,0,125,-19.6239
2.675,0,0,125,-19.5879
2.7,0,0,125,-19.552
2.725,0,0,125,-19.5163
2.75,0,0,125,-19.4807
2.775,0,0,125,-19.4452
2.8,0,0,125,-19.4099
2.825,0,0,125,-19.3747
2.85,0,0,125,-19.3397
2.875,0,0,125,-19.3048
2.9,0,0,125,-19.27
2.925,0,0,125,-19.2354
2.95,0,0,125,-19.2009
2.975,0,0,125,-19.1665
3,0,0,125,-19.1323
3.025,0,0,125,-19.0982
3.05,0,0,125,-19.0642
3.075,0,0,125,-19.0304
3.1,0,0,125,-18.9967
3.125,0,0,125,-18.9631
3.15,0,0,125,-18.9297
3.175,0,0,125,-18.8963
3.2,0,0,125,-18.8632
3.225,0,0,125,-18.8301
3.25,0,0,125,-18.7971
3.275,0,0,125,-18.7643
3.3,0,0,125,-18.7316
3.325,0,0,125,-18.699
3.35,0,0,125,-18.6666
3.375,0,0,125,-18.6342
3.4,0,0,125,-18.602
3.425,0,0,125,-18.5699
3.45,0,0,125,-18.5379
3.475,0,0,125,-18.5061
3.5,0,0,125,-18.4743
3.525,0,0,125,-18.4427
3.55,0,0,125,-18.4112
3.575,0,0,125,-18.3798
3.6,0,0,125,-18.3486
3.625,0,0,125,-18.3175
3.65,0,0,125,-18.2864
3.675,0,0,125,-18.2555
3.7,0,0,125,-18.2248
3.725,0,0,125,-18.1941
3.75,0,0,125,-18.1636
3.775,0,0,125,-18.1331
3.8,0,0,125,-18.1029
3.825,0,0,125,-18.0727
3.85,0,0,125,-18.0427
3.875,0,0,125,-18.0127
3.9,0,0,125,-17.983
3.925,0,0,125,-17.9533
3.95,0,0,125,-17.9238
3.975,0,0,125,-17.8945
4,0,0,125,-17.8653
4.025,0,0,125,-17.8362
4.05,0,0,125,-17.8073
4.075,0,0,125,-17.7785
4.1,0,0,125,-17.75
4.125,0,0,125,-17.7215
4.15,0,0,125,-17.6933
4.175,0,0,125,-17.6653
4.2,0,0,125,-17.6374
4.225,0,0,125,-17.6098
4.25,0,0,125,-17.5824
4.275,0,0,125,-17.5552
4.3,0,0,125,-17.5283
4.325,0,0,125,-17.5016
4.35,0,0,125,-17.4752
4.375,0,0,125,-17.4491
4.4,0,0,125,-17.4233
4.425,0,0,125,-17.3978
4.45,0,0,125,-17.3727
4.475,0,0,125,-17.348
4.5,0,0,125,-17.3238
4.525,0,0,125,-17.2999
4.55,0,0,125,-17.2766
4.575,0,0,125,-17.2538
4.6,0,0,125,-17.2316
4.625,0,0,125,-17.2101
4.65,0,0,125,-17.1892
4.675,0,0,125,-17.169
4.7,0,0,125,-17.1497
4.725,0,0,125,-17.1312
4.75,0,0,125,-17.1138
4.775,0,0,125,-17.0973
4.8,0,0,125,-17.0821
4.825,0,0,125,-17.068
4.85,0,0,125,-17.0554
4.875,0,0,125,-17.0442
4.9,0,0,125,-17.0346
4.925,0,0,125,-17.0268
4.95,0,0,125,-17.0208
4.975,0,0,125,-17.0168
5,0,0,125,-17.0147
