0,0,0,125,-21.1321
0.025,0,0,125,-21.1297
0.05,0,0,125,-21.1249
0.075,0,0,125,-21.1177
0.1,0,0,125,-21.1083
0.125,0,0,125,-21.0966
0.15,0,0,125,-21.0827
0.175,0,0,125,-21.067
0.2,0,0,125,-21.0496
0.225,0,0,125,-21.0305
0.25,0,0,125,-21.01
0.275,0,0,125,-20.9881
0.3,0,0,125,-20.965
0.325,0,0,125,-20.9407
0.35,0,0,125,-20.9153
0.375,0,0,125,-20.889
0.4,0,0,125,-20.8617
0.425,0,0,125,-20.8336
0.45,0,0,125,-20.8047
0.475,0,0,125,-20.7751
0.5,0,0,125,-20.7448
0.525,0,0,125,-20.7139
0.55,0,0,125,-20.6825
0.575,0,0,125,-20.6505
0.6,0,0,125,-20.6181
0.625,0,0,125,-20.5853
0.65,0,0,125,-20.5521
0.675,0,0,125,-20.5185
0.7,0,0,125,-20.4846
0.725,0,0,125,-20.4505
0.75,0,0,125,-20.416
0.775,0,0,125,-20.3814
0.8,0,0,125,-20.3465
0.825,0,0,125,-20.3115
0.85,0,0,125,-20.2763
0.875,0,0,125,-20.2409
0.9,0,0,125,-20.2055
0.925,0,0,125,-20.1699
0.95,0,0,125,-20.1343
0.975,0,0,125,-20.0986
1,0,0,125,-20.0628
1.025,0,0,125,-20.027
1.05,0,0,125,-19.9912
1.075,0,0,125,-19.9553
1.1,0,0,125,-19.9195
1.125,0,0,125,-19.8836
1.15,0,0,125,-19.8478
1.175,0,0,125,-19.8119
1.2,0,0,125,-19.7761
1.225,0,0,125,-19.7404
1.25,0,0,125,-19.7047
1.275,0,0,125,-19.6691
1.3,0,0,125,-19.6335
1.325,0,0,125,-19.5979
1.35,0,0,125,-19.5625
1.375,0,0,125,-19.5271
1.4,0,0,125,-19.4918
1.425,0,0,125,-19.4565
1.45,0,0,125,-19.4214
1.475,0,0,125,-19.3863
1.5,0,0,125,-19.3514
1.525,0,0,125,-19.3165
1.55,0,0,125,-19.2817
1.575,0,0,125,-19.247
1.6,0,0,125,-19.2124
1.625,0,0,125,-19.1779
1.65,0,0,125,-19.1435
1.675,0,0,125,-19.1093
1.7,0,0,125,-19.0751
1.725,0,0,125,-19.041
1.75,0,0,125,-19.0071
1.775,0,0,125,-18.9732
1.8,0,0,125,-18.9395
1.825,0,0,125,-18.9058
1.85,0,0,125,-18.8723
1.875,0,0,125,-18.8389
1.9,0,0,125,-18.8056
1.925,0,0,125,-18.7724
1.95,0,0,125,-18.7393
1.975,0,0,125,-18.7063
2,0,0,125,-18.6734
2.025,0,0,125,-18.6407
2.05,0,0,125,-18.608
2.075,0,0,125,-18.5755
2.1,0,0,125,-18.5431
2.125,0,0,125,-18.5107
2.15,0,0,125,-18.4785
2.175,0,0,125,-18.4464
2.2,0,0,125,-18.4144
2.225,0,0,125,-18.3825
2.25,0,0,125,-18.3508
2.275,0,0,125,-18.3191
2.3,0,0,125,-18.2875
2.325,0,0,125,-18.256
2.35,0,0,125,-18.2247
2.375,0,0,125,-18.1934
2.4,0,0,125,-18.1623
2.425,0,0,125,-18.1312
2.45,0,0,125,-18.1003
2.475,0,0,125,-18.0695
2.5,0,0,125,-18.0387
2.525,0,0,125,-18.0081
2.55,0,0,125,-17.9775
2.575,0,0,125,-17.9471
2.6,0,0,125,-17.9167
2.625,0,0,125,-17.8864
2.65,0,0,125,-17.8563
2.675,0,0,125,-17.8262
2.7,0,0,125,-17.7962
2.725,0,0,125,-17.7663
2.75,0,0,125,-17.7365
2.775,0,0,125,-17.7068
2.8,0,0,125,-17.6772
2.825,0,0,125,-17.6477
2.85,0,0,125,-17.6183
2.875,0,0,125,-17.589
2.9,0,0,125,-17.5598
2.925,0,0,125,-17.5306
2.95,0,0,125,-17.5016
2.975,0,0,125,-17.4726
3,0,0,125,-17.4437
3.025,0,0,125,-17.4149
3.05,0,0,125,-17.3861
3.075,0,0,125,-17.3575
3.1,0,0,125,-17.3289
3.125,0,0,125,-17.3005
3.15,0,0,125,-17.2721
3.175,0,0,125,-17.2438
3.2,0,0,125,-17.2155
3.225,0,0,125,-17.1874
3.25,0,0,125,-17.1593
3.275,0,0,125,-17.1313
3.3,0,0,125,-17.1034
3.325,0,0,125,-17.0756
3.35,0,0,125,-17.0478
3.375,0,0,125,-17.0202
3.4,0,0,125,-16.9926
3.425,0,0,125,-16.9651
3.45,0,0,125,-16.9376
3.475,0,0,125,-16.9103
3.5,0,0,125,-16.883
3.525,0,0,125,-16.8558
3.55,0,0,125,-16.8286
3.575,0,0,125,-16.8016
3.6,0,0,125,-16.7746
3.625,0,0,125,-16.7477
3.65,0,0,125,-16.7208
3.675,0,0,125,-16.6941
3.7,0,0,125,-16.6674
3.725,0,0,125,-16.6408
3.75,0,0,125,-16.6142
3.775,0,0,125,-16.5878
3.8,0,0,125,-16.5614
3.825,0,0,125,-16.5351
3.85,0,0,125,-16.5089
3.875,0,0,125,-16.4828
3.9,0,0,125,-16.4567
3.925,0,0,125,-16.4308
3.95,0,0,125,-16.4049
3.975,0,0,125,-16.3791
4,0,0,125,-16.3535
4.025,0,0,125,-16.3279
4.05,0,0,125,-16.3024
4.075,0,0,125,-16.277
4.1,0,0,125,-16.2517
4.125,0,0,125,-16.2266
4.15,0,0,125,-16.2016
4.175,0,0,125,-16.1767
4.2,0,0,125,-16.1519
4.225,0,0,125,-16.1273
4.25,0,0,125,-16.1028
4.275,0,0,125,-16.0785
4.3,0,0,125,-16.0544
4.325,0,0,125,-16.0304
4.35,0,0,125,-16.0067
4.375,0,0,125,-15.9832
4.4,0,0,125,-15.9599
4.425,0,0,125,-15.9369
4.45,0,0,125,-15.9141
4.475,0,0,125,-15.8917
4.5,0,0,125,-15.8696
4.525,0,0,125,-15.8479
4.55,0,0,125,-15.8266
4.575,0,0,125,-15.8057
4.6,0,0,125,-15.7853
4.625,0,0,125,-15.7654
4.65,0,0,125,-15.7461
4.675,0,0,125,-15.7275
4.7,0,0,125,-15.7096
4.725,0,0,125,-15.6924
4.75,0,0,125,-15.6761
4.775,0,0,125,-15.6608
4.8,0,0,125,-15.6464
4.825,0,0,125,-15.6333
4.85,0,0,125,-15.6214
4.875,0,0,125,-15.6108
4.9,0,0,125,-15.6018
4.925,0,0,125,-15.5944
4.95,0,0,125,-15.5887
4.975,0,0,125,-15.5848
5,0,0,125,-15.5829
