0,0,0,125,-77.6608
0.025,0,0,125,-77.6599
0.05,0,0,125,-77.6581
0.075,0,0,125,-77.6555
0.1,0,0,125,-77.6519
0.125,0,0,125,-77.6475
0.15,0,0,125,-77.6422
0.175,0,0,125,-77.6361
0.2,0,0,125,-77.6292
0.225,0,0,125,-77.6215
0.25,0,0,125,-77.6131
0.275,0,0,125,-77.6039
0.3,0,0,125,-77.594
0.325,0,0,125,-77.5834
0.35,0,0,125,-77.5721
0.375,0,0,125,-77.56
0.4,0,0,125,-77.5472
0.425,0,0,125,-77.5337
0.45,0,0,125,-77.5196
0.475,0,0,125,-77.5047
0.5,0,0,125,-77.4892
0.525,0,0,125,-77.473
0.55,0,0,125,-77.4561
0.575,0,0,125,-77.4385
0.6,0,0,125,-77.4203
0.625,0,0,125,-77.4014
0.65,0,0,125,-77.3818
0.675,0,0,125,-77.3616
0.7,0,0,125,-77.3407
0.725,0,0,125,-77.3191
0.75,0,0,125,-77.2968
0.775,0,0,125,-77.2739
0.8,0,0,125,-77.2503
0.825,0,0,125,-77.2261
0.85,0,0,125,-77.2011
0.875,0,0,125,-77.1755
0.9,0,0,125,-77.1493
0.925,0,0,125,-77.1223
0.95,0,0,125,-77.0947
0.975,0,0,125,-77.0664
1,0,0,125,-77.0374
1.025,0,0,125,-77.0077
1.05,0,0,125,-76.9774
1.075,0,0,125,-76.9464
1.1,0,0,125,-76.9146
1.125,0,0,125,-76.8822
1.15,0,0,125,-76.8491
1.175,0,0,125,-76.8153
1.2,0,0,125,-76.7808
1.225,0,0,125,-76.7457
1.25,0,0,125,-76.7098
1.275,0,0,125,-76.6732
1.3,0,0,125,-76.636
1.325,0,0,125,-76.598
1.35,0,0,125,-76.5594
1.375,0,0,125,-76.5201
1.4,0,0,125,-76.48
1.425,0,0,125,-76.4393
1.45,0,0,125,-76.3978
1.475,0,0,125,-76.3557
1.5,0,0,125,-76.3129
1.525,0,0,125,-76.2693
1.55,0,0,125,-76.2251
1.575,0,0,125,-76.1802
1.6,0,0,125,-76.1345
1.625,0,0,125,-76.0882
1.65,0,0,125,-76.0412
1.675,0,0,125,-75.9934
1.7,0,0,125,-75.945
1.725,0,0,125,-75.8958
1.75,0,0,125,-75.846
1.775,0,0,125,-75.7956
1.8,0,0,125,-75.7444
1.825,0,0,125,-75.6925
1.85,0,0,125,-75.64
1.875,0,0,125,-75.5868
1.9,0,0,125,-75.533
1.925,0,0,125,-75.4785
1.95,0,0,125,-75.4233
1.975,0,0,125,-75.3674
2,0,0,125,-75.3109
2.025,0,0,125,-75.2538
2.05,0,0,125,-75.196
2.075,0,0,125,-75.1376
2.1,0,0,125,-75.0786
2.125,0,0,125,-75.0189
2.15,0,0,125,-74.9587
2.175,0,0,125,-74.8978
2.2,0,0,125,-74.8363
2.225,0,0,125,-74.7743
2.25,0,0,125,-74.7117
2.275,0,0,125,-74.6485
2.3,0,0,125,-74.5847
2.325,0,0,125,-74.5204
2.35,0,0,125,-74.4555
2.375,0,0,125,-74.3901
2.4,0,0,125,-74.3242
2.425,0,0,125,-74.2578
2.45,0,0,125,-74.1909
2.475,0,0,125,-74.1236
2.5,0,0,125,-74.0557
2.525,0,0,125,-73.9874
2.55,0,0,125,-73.9187
2.575,0,0,125,-73.8495
2.6,0,0,125,-73.7799
2.625,0,0,125,-73.7099
2.65,0,0,125,-73.6396
2.675,0,0,125,-73.5688
2.7,0,0,125,-73.4977
2.725,0,0,125,-73.4263
2.75,0,0,125,-73.3545
2.775,0,0,125,-73.2824
2.8,0,0,125,-73.2101
2.825,0,0,125,-73.1375
2.85,0,0,125,-73.0646
2.875,0,0,125,-72.9915
2.9,0,0,125,-72.9182
2.925,0,0,125,-72.8447
2.95,0,0,125,-72.7711
2.975,0,0,125,-72.6973
3,0,0,125,-72.6234
3.025,0,0,125,-72.5494
3.05,0,0,125,-72.4753
3.075,0,0,125,-72.4011
3.1,0,0,125,-72.3269
3.125,0,0,125,-72.2526
3.15,0,0,125,-72.1784
3.175,0,0,125,-72.1042
3.2,0,0,125,-72.0301
3.225,0,0,125,-71.956
3.25,0,0,125,-71.8821
3.275,0,0,125,-71.8083
3.3,0,0,125,-71.7346
3.325,0,0,125,-71.6611
3.35,0,0,125,-71.5878
3.375,0,0,125,-71.5147
3.4,0,0,125,-71.4419
3.425,0,0,125,-71.3694
3.45,0,0,125,-71.2971
3.475,0,0,125,-71.2252
3.5,0,0,125,-71.1537
3.525,0,0,125,-71.0825
3.55,0,0,125,-71.0117
3.575,0,0,125,-70.9414
3.6,0,0,125,-70.8716
3.625,0,0,125,-70.8022
3.65,0,0,125,-70.7333
3.675,0,0,125,-70.665
3.7,0,0,125,-70.5972
3.725,0,0,125,-70.53
3.75,0,0,125,-70.4635
3.775,0,0,125,-70.3976
3.8,0,0,125,-70.3324
3.825,0,0,125,-70.2678
3.85,0,0,125,-70.204
3.875,0,0,125,-70.141
3.9,0,0,125,-70.0787
3.925,0,0,125,-70.0172
3.95,0,0,125,-69.9566
3.975,0,0,125,-69.8968
4,0,0,125,-69.8379
4.025,0,0,125,-69.7799
4.05,0,0,125,-69.7228
4.075,0,0,125,-69.6667
4.1,0,0,125,-69.6116
4.125,0,0,125,-69.5575
4.15,0,0,125,-69.5044
4.175,0,0,125,-69.4524
4.2,0,0,125,-69.4014
4.225,0,0,125,-69.3516
4.25,0,0,125,-69.3029
4.275,0,0,125,-69.2554
4.3,0,0,125,-69.209
4.325,0,0,125,-69.1638
4.35,0,0,125,-69.1199
4.375,0,0,125,-69.0772
4.4,0,0,125,-69.0358
4.425,0,0,125,-68.9958
4.45,0,0,125,-68.957
4.475,0,0,125,-68.9196
4.5,0,0,125,-68.8836
4.525,0,0,125,-68.849
4.55,0,0,125,-68.8158
4.575,0,0,125,-68.7841
4.6,0,0,125,-68.7538
4.625,0,0,125,-68.7251
4.65,0,0,125,-68.6979
4.675,0,0,125,-68.6723
4.7,0,0,125,-68.6484
4.725,0,0,125,-68.626
4.75,0,0,125,-68.6053
4.775,0,0,125,-68.5863
4.8,0,0,125,-68.5691
4.825,0,0,125,-68.5536
4.85,0,0,125,-68.5399
4.875,0,0,125,-68.5281
4.9,0,0,125,-68.5182
4.925,0,0,125,-68.5102
4.95,0,0,125,-68.5042
4.975,0,0,125,-68.5002
5,0,0,125,-68.4981
