0,0,0,125,-78.6141
0.025,0,0,125,-78.6134
0.05,0,0,125,-78.612
0.075,0,0,125,-78.6098
0.1,0,0,125,-78.6069
0.125,0,0,125,-78.6032
0.15,0,0,125,-78.5989
0.175,0,0,125,-78.5939
0.2,0,0,125,-78.5883
0.225,0,0,125,-78.5821
0.25,0,0,125,-78.5752
0.275,0,0,125,-78.5677
0.3,0,0,125,-78.5596
0.325,0,0,125,-78.551
0.35,0,0,125,-78.5418
0.375,0,0,125,-78.532
0.4,0,0,125,-78.5217
0.425,0,0,125,-78.5108
0.45,0,0,125,-78.4993
0.475,0,0,125,-78.4873
0.5,0,0,125,-78.4748
0.525,0,0,125,-78.4617
0.55,0,0,125,-78.4481
0.575,0,0,125,-78.4339
0.6,0,0,125,-78.4191
0.625,0,0,125,-78.4039
0.65,0,0,125,-78.3881
0.675,0,0,125,-78.3718
0.7,0,0,125,-78.355
0.725,0,0,125,-78.3376
0.75,0,0,125,-78.3197
0.775,0,0,125,-78.3012
0.8,0,0,125,-78.2822
0.825,0,0,125,-78.2627
0.85,0,0,125,-78.2426
0.875,0,0,125,-78.222
0.9,0,0,125,-78.2008
0.925,0,0,125,-78.1791
0.95,0,0,125,-78.1568
0.975,0,0,125,-78.134
1,0,0,125,-78.1106
1.025,0,0,125,-78.0866
1.05,0,0,125,-78.0621
1.075,0,0,125,-78.037
1.1,0,0,125,-78.0114
1.125,0,0,125,-77.9852
1.15,0,0,125,-77.9584
1.175,0,0,125,-77.9311
1.2,0,0,125,-77.9032
1.225,0,0,125,-77.8747
1.25,0,0,125,-77.8456
1.275,0,0,125,-77.816
1.3,0,0,125,-77.7858
1.325,0,0,125,-77.755
1.35,0,0,125,-77.7236
1.375,0,0,125,-77.6917
1.4,0,0,125,-77.6591
1.425,0,0,125,-77.626
1.45,0,0,125,-77.5923
1.475,0,0,125,-77.558
1.5,0,0,125,-77.5232
1.525,0,0,125,-77.4877
1.55,0,0,125,-77.4517
1.575,0,0,125,-77.415
1.6,0,0,125,-77.3778
1.625,0,0,125,-77.34
1.65,0,0,125,-77.3016
1.675,0,0,125,-77.2626
1.7,0,0,125,-77.2231
1.725,0,0,125,-77.1829
1.75,0,0,125,-77.1421
1.775,0,0,125,-77.1008
1.8,0,0,125,-77.0588
1.825,0,0,125,-77.0163
1.85,0,0,125,-76.9732
1.875,0,0,125,-76.9296
1.9,0,0,125,-76.8853
1.925,0,0,125,-76.8405
1.95,0,0,125,-76.7951
1.975,0,0,125,-76.7492
2,0,0,125,-76.7027
2.025,0,0,125,-76.6556
2.05,0,0,125,-76.6079
2.075,0,0,125,-76.5597
2.1,0,0,125,-76.511
2.125,0,0,125,-76.4617
2.15,0,0,125,-76.4119
2.175,0,0,125,-76.3615
2.2,0,0,125,-76.3107
2.225,0,0,125,-76.2593
2.25,0,0,125,-76.2074
2.275,0,0,125,-76.155
2.3,0,0,125,-76.1021
2.325,0,0,125,-76.0487
2.35,0,0,125,-75.9949
2.375,0,0,125,-75.9405
2.4,0,0,125,-75.8857
2.425,0,0,125,-75.8304
2.45,0,0,125,-75.7747
2.475,0,0,125,-75.7186
2.5,0,0,125,-75.6621
2.525,0,0,125,-75.6051
2.55,0,0,125,-75.5477
2.575,0,0,125,-75.49
2.6,0,0,125,-75.4318
2.625,0,0,125,-75.3733
2.65,0,0,125,-75.3144
2.675,0,0,125,-75.2552
2.7,0,0,125,-75.1957
2.725,0,0,125,-75.1359
2.75,0,0,125,-75.0757
2.775,0,0,125,-75.0153
2.8,0,0,125,-74.9546
2.825,0,0,125,-74.8936
2.85,0,0,125,-74.8324
2.875,0,0,125,-74.7709
2.9,0,0,125,-74.7093
2.925,0,0,125,-74.6475
2.95,0,0,125,-74.5855
2.975,0,0,125,-74.5233
3,0,0,125,-74.461
3.025,0,0,125,-74.3986
3.05,0,0,125,-74.3361
3.075,0,0,125,-74.2735
3.1,0,0,125,-74.2109
3.125,0,0,125,-74.1482
3.15,0,0,125,-74.0855
3.175,0,0,125,-74.0227
3.2,0,0,125,-73.96
3.225,0,0,125,-73.8973
3.25,0,0,125,-73.8347
3.275,0,0,125,-73.7722
3.3,0,0,125,-73.7098
3.325,0,0,125,-73.6475
3.35,0,0,125,-73.5853
3.375,0,0,125,-73.5233
3.4,0,0,125,-73.4615
3.425,0,0,125,-73.3999
3.45,0,0,125,-73.3386
3.475,0,0,125,-73.2775
3.5,0,0,125,-73.2166
3.525,0,0,125,-73.1561
3.55,0,0,125,-73.096
3.575,0,0,125,-73.0361
3.6,0,0,125,-72.9767
3.625,0,0,125,-72.9176
3.65,0,0,125,-72.8589
3.675,0,0,125,-72.8007
3.7,0,0,125,-72.7429
3.725,0,0,125,-72.6856
3.75,0,0,125,-72.6289
3.775,0,0,125,-72.5726
3.8,0,0,125,-72.517
3.825,0,0,125,-72.4619
3.85,0,0,125,-72.4074
3.875,0,0,125,-72.3535
3.9,0,0,125,-72.3003
3.925,0,0,125,-72.2478
3.95,0,0,125,-72.1959
3.975,0,0,125,-72.1448
4,0,0,125,-72.0944
4.025,0,0,125,-72.0448
4.05,0,0,125,-71.9959
4.075,0,0,125,-71.9479
4.1,0,0,125,-71.9007
4.125,0,0,125,-71.8544
4.15,0,0,125,-71.8089
4.175,0,0,125,-71.7643
4.2,0,0,125,-71.7207
4.225,0,0,125,-71.6779
4.25,0,0,125,-71.6362
4.275,0,0,125,-71.5954
4.3,0,0,125,-71.5556
4.325,0,0,125,-71.5169
4.35,0,0,125,-71.4792
4.375,0,0,125,-71.4426
4.4,0,0,125,-71.4071
4.425,0,0,125,-71.3727
4.45,0,0,125,-71.3394
4.475,0,0,125,-71.3073
4.5,0,0,125,-71.2763
4.525,0,0,125,-71.2466
4.55,0,0,125,-71.2181
4.575,0,0,125,-71.1908
4.6,0,0,125,-71.1648
4.625,0,0,125,-71.1401
4.65,0,0,125,-71.1167
4.675,0,0,125,-71.0947
4.7,0,0,125,-71.074
4.725,0,0,125,-71.0548
4.75,0,0,125,-71.0369
4.775,0,0,125,-71.0206
4.8,0,0,125,-71.0057
4.825,0,0,125,-70.9924
4.85,0,0,125,-70.9806
4.875,0,0,125,-70.9704
4.9,0,0,125,-70.9619
4.925,0,0,125,-70.955
4.95,0,0,125,-70.9498
4.975,0,0,125,-70.9463
5,0,0,125,-70.9445
