0,0,0,125,-21.3317
0.025,0,0,125,-21.3293
0.05,0,0,125,-21.3245
0.075,0,0,125,-21.3173
0.1,0,0,125,-21.3077
0.125,0,0,125,-21.2959
0.15,0,0,125,-21.282
0.175,0,0,125,-21.2661
0.2,0,0,125,-21.2485
0.225,0,0,125,-21.2292
0.25,0,0,125,-21.2085
0.275,0,0,125,-21.1864
0.3,0,0,125,-21.163
0.325,0,0,125,-21.1384
0.35,0,0,125,-21.1128
0.375,0,0,125,-21.0861
0.4,0,0,125,-21.0585
0.425,0,0,125,-21.03
0.45,0,0,125,-21.0008
0.475,0,0,125,-20.9708
0.5,0,0,125,-20.9401
0.525,0,0,125,-20.9088
0.55,0,0,125,-20.8769
0.575,0,0,125,-20.8445
0.6,0,0,125,-20.8117
0.625,0,0,125,-20.7784
0.65,0,0,125,-20.7447
0.675,0,0,125,-20.7106
0.7,0,0,125,-20.6762
0.725,0,0,125,-20.6415
0.75,0,0,125,-20.6065
0.775,0,0,125,-20.5713
0.8,0,0,125,-20.5359
0.825,0,0,125,-20.5003
0.85,0,0,125,-20.4646
0.875,0,0,125,-20.4286
0.9,0,0,125,-20.3926
0.925,0,0,125,-20.3565
0.95,0,0,125,-20.3202
0.975,0,0,125,-20.2839
1,0,0,125,-20.2475
1.025,0,0,125,-20.2111
1.05,0,0,125,-20.1747
1.075,0,0,125,-20.1382
1.1,0,0,125,-20.1018
1.125,0,0,125,-20.0653
1.15,0,0,125,-20.0288
1.175,0,0,125,-19.9924
1.2,0,0,125,-19.956
1.225,0,0,125,-19.9196
1.25,0,0,125,-19.8833
1.275,0,0,125,-19.847
1.3,0,0,125,-19.8108
1.325,0,0,125,-19.7747
1.35,0,0,125,-19.7386
1.375,0,0,125,-19.7026
1.4,0,0,125,-19.6666
1.425,0,0,125,-19.6308
1.45,0,0,125,-19.595
1.475,0,0,125,-19.5594
1.5,0,0,125,-19.5238
1.525,0,0,125,-19.4883
1.55,0,0,125,-19.4529
1.575,0,0,125,-19.4176
1.6,0,0,125,-19.3824
1.625,0,0,125,-19.3474
1.65,0,0,125,-19.3124
1.675,0,0,125,-19.2775
1.7,0,0,125,-19.2428
1.725,0,0,125,-19.2081
1.75,0,0,125,-19.1736
1.775,0,0,125,-19.1392
1.8,0,0,125,-19.1048
1.825,0,0,125,-19.0706
1.85,0,0,125,-19.0365
1.875,0,0,125,-19.0025
1.9,0,0,125,-18.9687
1.925,0,0,125,-18.9349
1.95,0,0,125,-18.9013
1.975,0,0,125,-18.8678
2,0,0,125,-18.8344
2.025,0,0,125,-18.8011
2.05,0,0,125,-18.7679
2.075,0,0,125,-18.7348
2.1,0,0,125,-18.7019
2.125,0,0,125,-18.669
2.15,0,0,125,-18.6363
2.175,0,0,125,-18.6037
2.2,0,0,125,-18.5712
2.225,0,0,125,-18.5388
2.25,0,0,125,-18.5065
2.275,0,0,125,-18.4743
2.3,0,0,125,-18.4422
2.325,0,0,125,-18.4103
2.35,0,0,125,-18.3784
2.375,0,0,125,-18.3467
2.4,0,0,125,-18.3151
2.425,0,0,125,-18.2835
2.45,0,0,125,-18.2521
2.475,0,0,125,-18.2208
2.5,0,0,125,-18.1896
2.525,0,0,125,-18.1585
2.55,0,0,125,-18.1275
2.575,0,0,125,-18.0966
2.6,0,0,125,-18.0658
2.625,0,0,125,-18.0351
2.65,0,0,125,-18.0045
2.675,0,0,125,-17.974
2.7,0,0,125,-17.9436
2.725,0,0,125,-17.9132
2.75,0,0,125,-17.883
2.775,0,0,125,-17.8529
2.8,0,0,125,-17.8229
2.825,0,0,125,-17.7929
2.85,0,0,125,-17.7631
2.875,0,0,125,-17.7334
2.9,0,0,125,-17.7037
2.925,0,0,125,-17.6742
2.95,0,0,125,-17.6447
2.975,0,0,125,-17.6153
3,0,0,125,-17.5861
3.025,0,0,125,-17.5569
3.05,0,0,125,-17.5278
3.075,0,0,125,-17.4987
3.1,0,0,125,-17.4698
3.125,0,0,125,-17.4409
3.15,0,0,125,-17.4122
3.175,0,0,125,-17.3835
3.2,0,0,125,-17.3549
3.225,0,0,125,-17.3264
3.25,0,0,125,-17.2979
3.275,0,0,125,-17.2696
3.3,0,0,125,-17.2413
3.325,0,0,125,-17.2131
3.35,0,0,125,-17.185
3.375,0,0,125,-17.157
3.4,0,0,125,-17.1291
3.425,0,0,125,-17.1012
3.45,0,0,125,-17.0734
3.475,0,0,125,-17.0457
3.5,0,0,125,-17.0181
3.525,0,0,125,-16.9905
3.55,0,0,125,-16.9631
3.575,0,0,125,-16.9357
3.6,0,0,125,-16.9084
3.625,0,0,125,-16.8812
3.65,0,0,125,-16.854
3.675,0,0,125,-16.8269
3.7,0,0,125,-16.8
3.725,0,0,125,-16.7731
3.75,0,0,125,-16.7462
3.775,0,0,125,-16.7195
3.8,0,0,125,-16.6928
3.825,0,0,125,-16.6662
3.85,0,0,125,-16.6397
3.875,0,0,125,-16.6133
3.9,0,0,125,-16.587
3.925,0,0,125,-16.5608
3.95,0,0,125,-16.5346
3.975,0,0,125,-16.5086
4,0,0,125,-16.4826
4.025,0,0,125,-16.4568
4.05,0,0,125,-16.431
4.075,0,0,125,-16.4054
4.1,0,0,125,-16.3799
4.125,0,0,125,-16.3545
4.15,0,0,125,-16.3292
4.175,0,0,125,-16.3041
4.2,0,0,125,-16.2791
4.225,0,0,125,-16.2542
4.25,0,0,125,-16.2295
4.275,0,0,125,-16.205
4.3,0,0,125,-16.1806
4.325,0,0,125,-16.1565
4.35,0,0,125,-16.1326
4.375,0,0,125,-16.1088
4.4,0,0,125,-16.0854
4.425,0,0,125,-16.0622
4.45,0,0,125,-16.0393
4.475,0,0,125,-16.0166
4.5,0,0,125,-15.9944
4.525,0,0,125,-15.9725
4.55,0,0,125,-15.951
4.575,0,0,125,-15.93
4.6,0,0,125,-15.9095
4.625,0,0,125,-15.8895
4.65,0,0,125,-15.8701
4.675,0,0,125,-15.8513
4.7,0,0,125,-15.8333
4.725,0,0,125,-15.816
4.75,0,0,125,-15.7996
4.775,0,0,125,-15.7842
4.8,0,0,125,-15.7698
4.825,0,0,125,-15.7566
4.85,0,0,125,-15.7446
4.875,0,0,125,-15.734
4.9,0,0,125,-15.7249
4.925,0,0,125,-15.7175
4.95,0,0,125,-15.7118
4.975,0,0,125,-15.7079
5,0,0,125,-15.706
