0,0,0,25,35.665
0.005,0,0,25,35.6677
0.01,0,0,25,35.6733
0.015,0,0,25,35.6815
0.02,0,0,25,35.6925
0.025,0,0,25,35.7061
0.03,0,0,25,35.7222
0.035,0,0,25,35.7408
0.04,0,0,25,35.7617
0.045,0,0,25,35.7849
0.05,0,0,25,35.8103
0.055,0,0,25,35.8377
0.06,0,0,25,35.8671
0.065,0,0,25,35.8984
0.07,0,0,25,35.9315
0.075,0,0,25,35.9662
0.08,0,0,25,36.0026
0.085,0,0,25,36.0404
0.09,0,0,25,36.0797
0.095,0,0,25,36.1202
0.1,0,0,25,36.162
0.105,0,0,25,36.2049
0.11,0,0,25,36.2489
0.115,0,0,25,36.2938
0.12,0,0,25,36.3396
0.125,0,0,25,36.3862
0.13,0,0,25,36.4335
0.135,0,0,25,36.4814
0.14,0,0,25,36.5299
0.145,0,0,25,36.5788
0.15,0,0,25,36.6282
0.155,0,0,25,36.6779
0.16,0,0,25,36.728
0.165,0,0,25,36.7782
0.17,0,0,25,36.8285
0.175,0,0,25,36.879
0.18,0,0,25,36.9295
0.185,0,0,25,36.98
0.19,0,0,25,37.0304
0.195,0,0,25,37.0806
0.2,0,0,25,37.1307
0.205,0,0,25,37.1806
0.21,0,0,25,37.2302
0.215,0,0,25,37.2794
0.22,0,0,25,37.3283
0.225,0,0,25,37.3769
0.23,0,0,25,37.4249
0.235,0,0,25,37.4726
0.24,0,0,25,37.5197
0.245,0,0,25,37.5662
0.25,0,0,25,37.6122
0.255,0,0,25,37.6576
0.26,0,0,25,37.7023
0.265,0,0,25,37.7464
0.27,0,0,25,37.7898
0.275,0,0,25,37.8324
0.28,0,0,25,37.8743
0.285,0,0,25,37.9155
0.29,0,0,25,37.9558
0.295,0,0,25,37.9953
0.3,0,0,25,38.034
0.305,0,0,25,38.0718
0.31,0,0,25,38.1086
0.315,0,0,25,38.1446
0.32,0,0,25,38.1796
0.325,0,0,25,38.2136
0.33,0,0,25,38.2466
0.335,0,0,25,38.2786
0.34,0,0,25,38.3094
0.345,0,0,25,38.3392
0.35,0,0,25,38.3679
0.355,0,0,25,38.3953
0.36,0,0,25,38.4216
0.365,0,0,25,38.4465
0.37,0,0,25,38.4702
0.375,0,0,25,38.4925
0.38,0,0,25,38.5133
0.385,0,0,25,38.5327
0.39,0,0,25,38.5505
0.395,0,0,25,38.5667
0.4,0,0,25,38.5811
0.405,0,0,25,38.5937
0.41,0,0,25,38.6043
0.415,0,0,25,38.6129
0.42,0,0,25,38.6193
0.425,0,0,25,38.6234
0.43,0,0,25,38.6249
0.435,0,0,25,38.6238
0.44,0,0,25,38.6197
0.445,0,0,25,38.6124
0.45,0,0,25,38.6017
0.455,0,0,25,38.5873
0.46,0,0,25,38.5687
0.465,0,0,25,38.5457
0.47,0,0,25,38.5177
0.475,0,0,25,38.4843
0.48,0,0,25,38.4449
0.485,0,0,25,38.3988
0.49,0,0,25,38.3452
0.495,0,0,25,38.2834
0.5,0,0,25,38.2124
0.505,0,0,25,38.1309
0.51,0,0,25,38.0378
0.515,0,0,25,37.9315
0.52,0,0,25,37.8103
0.525,0,0,25,37.6724
0.53,0,0,25,37.5153
0.535,0,0,25,37.3364
0.54,0,0,25,37.1327
0.545,0,0,25,36.9007
0.55,0,0,25,36.6361
0.555,0,0,25,36.3342
0.56,0,0,25,35.9894
0.565,0,0,25,35.5951
0.57,0,0,25,35.1438
0.575,0,0,25,34.6266
0.58,0,0,25,34.0331
0.585,0,0,25,33.3516
0.59,0,0,25,32.5684
0.595,0,0,25,31.6677
0.6,0,0,25,30.6321
0.605,0,0,25,29.4419
0.61,0,0,25,28.0756
0.615,0,0,25,26.5108
0.62,0,0,25,24.7245
0.625,0,0,25,22.6949
0.63,0,0,25,20.4036
0.635,0,0,25,17.8376
0.64,0,0,25,14.9927
0.645,0,0,25,11.8757
0.65,0,0,25,8.50706
0.655,0,0,25,4.92086
0.66,0,0,25,1.16336
0.665,0,0,25,-2.71063
0.67,0,0,25,-6.64294
0.675,0,0,25,-10.5772
0.68,0,0,25,-14.4631
0.685,0,0,25,-18.2587
0.69,0,0,25,-21.9315
0.695,0,0,25,-25.4577
0.7,0,0,25,-28.8214
0.705,0,0,25,-32.0131
0.71,0,0,25,-35.0283
0.715,0,0,25,-37.8667
0.72,0,0,25,-40.5307
0.725,0,0,25,-43.025
0.73,0,0,25,-45.3555
0.735,0,0,25,-47.5296
0.74,0,0,25,-49.5547
0.745,0,0,25,-51.439
0.75,0,0,25,-53.1905
0.755,0,0,25,-54.8172
0.76,0,0,25,-56.3269
0.765,0,0,25,-57.7272
0.77,0,0,25,-59.0254
0.775,0,0,25,-60.2284
0.78,0,0,25,-61.3427
0.785,0,0,25,-62.3745
0.79,0,0,25,-63.3298
0.795,0,0,25,-64.2138
0.8,0,0,25,-65.0318
0.805,0,0,25,-65.7886
0.81,0,0,25,-66.4887
0.815,0,0,25,-67.1361
0.82,0,0,25,-67.7348
0.825,0,0,25,-68.2883
0.83,0,0,25,-68.8001
0.835,0,0,25,-69.2733
0.84,0,0,25,-69.7106
0.845,0,0,25,-70.1149
0.85,0,0,25,-70.4886
0.855,0,0,25,-70.834
0.86,0,0,25,-71.1532
0.865,0,0,25,-71.4482
0.87,0,0,25,-71.7208
0.875,0,0,25,-71.9728
0.88,0,0,25,-72.2057
0.885,0,0,25,-72.4209
0.89,0,0,25,-72.6198
0.895,0,0,25,-72.8036
0.9,0,0,25,-72.9734
0.905,0,0,25,-73.1304
0.91,0,0,25,-73.2755
0.915,0,0,25,-73.4096
0.92,0,0,25,-73.5335
0.925,0,0,25,-73.648
0.93,0,0,25,-73.7539
0.935,0,0,25,-73.8518
0.94,0,0,25,-73.9422
0.945,0,0,25,-74.0258
0.95,0,0,25,-74.1031
0.955,0,0,25,-74.1746
0.96,0,0,25,-74.2406
0.965,0,0,25,-74.3017
0.97,0,0,25,-74.3582
0.975,0,0,25,-74.4104
0.98,0,0,25,-74.4587
0.985,0,0,25,-74.5033
0.99,0,0,25,-74.5446
0.995,0,0,25,-74.5828
1,0,0,25,-74.6181
1.005,0,0,25,-74.6508
1.01,0,0,25,-74.681
1.015,0,0,25,-74.709
1.02,0,0,25,-74.7349
1.025,0,0,25,-74.7588
1.03,0,0,25,-74.781
1.035,0,0,25,-74.8015
1.04,0,0,25,-74.8204
1.045,0,0,25,-74.838
1.05,0,0,25,-74.8543
1.055,0,0,25,-74.8693
1.06,0,0,25,-74.8832
1.065,0,0,25,-74.8961
1.07,0,0,25,-74.9081
1.075,0,0,25,-74.9191
1.08,0,0,25,-74.9294
1.085,0,0,25,-74.9389
1.09,0,0,25,-74.9477
1.095,0,0,25,-74.9558
1.1,0,0,25,-74.9633
1.105,0,0,25,-74.9703
1.11,0,0,25,-74.9768
1.115,0,0,25,-74.9828
1.12,0,0,25,-74.9884
1.125,0,0,25,-74.9935
1.13,0,0,25,-74.9983
1.135,0,0,25,-75.0027
1.14,0,0,25,-75.0069
1.145,0,0,25,-75.0107
1.15,0,0,25,-75.0142
1.155,0,0,25,-75.0175
1.16,0,0,25,-75.0205
1.165,0,0,25,-75.0233
1.17,0,0,25,-75.026
1.175,0,0,25,-75.0284
1.18,0,0,25,-75.0306
1.185,0,0,25,-75.0327
1.19,0,0,25,-75.0347
1.195,0,0,25,-75.0365
1.2,0,0,25,-75.0382
1.205,0,0,25,-75.0397
1.21,0,0,25,-75.0411
1.215,0,0,25,-75.0425
1.22,0,0,25,-75.0437
1.225,0,0,25,-75.0449
1.23,0,0,25,-75.046
1.235,0,0,25,-75.047
1.24,0,0,25,-75.0479
1.245,0,0,25,-75.0488
1.25,0,0,25,-75.0495
1.255,0,0,25,-75.0503
1.26,0,0,25,-75.051
1.265,0,0,25,-75.0516
1.27,0,0,25,-75.0522
1.275,0,0,25,-75.0528
1.28,0,0,25,-75.0533
1.285,0,0,25,-75.0538
1.29,0,0,25,-75.0542
1.295,0,0,25,-75.0546
1.3,0,0,25,-75.055
1.305,0,0,25,-75.0554
1.31,0,0,25,-75.0557
1.315,0,0,25,-75.056
1.32,0,0,25,-75.0563
1.325,0,0,25,-75.0566
1.33,0,0,25,-75.0568
1.335,0,0,25,-75.0571
1.34,0,0,25,-75.0573
1.345,0,0,25,-75.0575
1.35,0,0,25,-75.0577
1.355,0,0,25,-75.0578
1.36,0,0,25,-75.058
1.365,0,0,25,-75.0581
1.37,0,0,25,-75.0583
1.375,0,0,25,-75.0584
1.38,0,0,25,-75.0585
1.385,0,0,25,-75.0586
1.39,0,0,25,-75.0587
1.395,0,0,25,-75.0588
1.4,0,0,25,-75.0589
1.405,0,0,25,-75.059
1.41,0,0,25,-75.0591
1.415,0,0,25,-75.0592
1.42,0,0,25,-75.0592
1.425,0,0,25,-75.0593
1.43,0,0,25,-75.0594
1.435,0,0,25,-75.0594
1.44,0,0,25,-75.0595
1.445,0,0,25,-75.0595
1.45,0,0,25,-75.0596
1.455,0,0,25,-75.0596
1.46,0,0,25,-75.0596
1.465,0,0,25,-75.0597
1.47,0,0,25,-75.0597
1.475,0,0,25,-75.0597
1.48,0,0,25,-75.0598
1.485,0,0,25,-75.0598
1.49,0,0,25,-75.0598
1.495,0,0,25,-75.0598
1.5,0,0,25,-75.0599
1.505,0,0,25,-75.0599
1.51,0,0,25,-75.0599
1.515,0,0,25,-75.0599
1.52,0,0,25,-75.0599
1.525,0,0,25,-75.06
1.53,0,0,25,-75.06
1.535,0,0,25,-75.06
1.54,0,0,25,-75.06
1.545,0,0,25,-75.06
1.55,0,0,25,-75.06
1.555,0,0,25,-75.06
1.56,0,0,25,-75.06
1.565,0,0,25,-75.06
1.57,0,0,25,-75.06
1.575,0,0,25,-75.0601
1.58,0,0,25,-75.0601
1.585,0,0,25,-75.0601
1.59,0,0,25,-75.0601
1.595,0,0,25,-75.0601
1.6,0,0,25,-75.0601
1.605,0,0,25,-75.0601
1.61,0,0,25,-75.0601
1.615,0,0,25,-75.0601
1.62,0,0,25,-75.0601
1.625,0,0,25,-75.0601
1.63,0,0,25,-75.0601
1.635,0,0,25,-75.0601
1.64,0,0,25,-75.0601
1.645,0,0,25,-75.0601
1.65,0,0,25,-75.0601
1.655,0,0,25,-75.0601
1.66,0,0,25,-75.0601
1.665,0,0,25,-75.0601
1.67,0,0,25,-75.0601
1.675,0,0,25,-75.0601
1.68,0,0,25,-75.0601
1.685,0,0,25,-75.0601
1.69,0,0,25,-75.0601
1.695,0,0,25,-75.0601
1.7,0,0,25,-75.0601
1.705,0,0,25,-75.0601
1.71,0,0,25,-75.0601
1.715,0,0,25,-75.0601
1.72,0,0,25,-75.0601
1.725,0,0,25,-75.0601
1.73,0,0,25,-75.0601
1.735,0,0,25,-75.0601
1.74,0,0,25,-75.0601
1.745,0,0,25,-75.0601
1.75,0,0,25,-75.0601
1.755,0,0,25,-75.0601
1.76,0,0,25,-75.0601
1.765,0,0,25,-75.0601
1.77,0,0,25,-75.0601
1.775,0,0,25,-75.0601
1.78,0,0,25,-75.0601
1.785,0,0,25,-75.0601
1.79,0,0,25,-75.0601
1.795,0,0,25,-75.0601
1.8,0,0,25,-75.0601
1.805,0,0,25,-75.0601
1.81,0,0,25,-75.0601
1.815,0,0,25,-75.0601
1.82,0,0,25,-75.0601
1.825,0,0,25,-75.0601
1.83,0,0,25,-75.0601
1.835,0,0,25,-75.0601
1.84,0,0,25,-75.0601
1.845,0,0,25,-75.0601
1.85,0,0,25,-75.0601
1.855,0,0,25,-75.0601
1.86,0,0,25,-75.0601
1.865,0,0,25,-75.0601
1.87,0,0,25,-75.0601
1.875,0,0,25,-75.0601
1.88,0,0,25,-75.0601
1.885,0,0,25,-75.0601
1.89,0,0,25,-75.0601
1.895,0,0,25,-75.0601
1.9,0,0,25,-75.0601
1.905,0,0,25,-75.0601
1.91,0,0,25,-75.0601
1.915,0,0,25,-75.0601
1.92,0,0,25,-75.0601
1.925,0,0,25,-75.0601
1.93,0,0,25,-75.0601
1.935,0,0,25,-75.0601
1.94,0,0,25,-75.0601
1.945,0,0,25,-75.0601
1.95,0,0,25,-75.0601
1.955,0,0,25,-75.0601
1.96,0,0,25,-75.0601
1.965,0,0,25,-75.0601
1.97,0,0,25,-75.0601
1.975,0,0,25,-75.0601
1.98,0,0,25,-75.0601
1.985,0,0,25,-75.0601
1.99,0,0,25,-75.0601
1.995,0,0,25,-75.0601
2,0,0,25,-75.0601
2.005,0,0,25,-75.0601
2.01,0,0,25,-75.0601
2.015,0,0,25,-75.0601
2.02,0,0,25,-75.0601
2.025,0,0,25,-75.0601
2.03,0,0,25,-75.0601
2.035,0,0,25,-75.0601
2.04,0,0,25,-75.0601
2.045,0,0,25,-75.0601
2.05,0,0,25,-75.0601
2.055,0,0,25,-75.0601
2.06,0,0,25,-75.0601
2.065,0,0,25,-75.0601
2.07,0,0,25,-75.0601
2.075,0,0,25,-75.0601
2.08,0,0,25,-75.0601
2.085,0,0,25,-75.0601
2.09,0,0,25,-75.0601
2.095,0,0,25,-75.0601
2.1,0,0,25,-75.0601
2.105,0,0,25,-75.0601
2.11,0,0,25,-75.0601
2.115,0,0,25,-75.0601
2.12,0,0,25,-75.0601
2.125,0,0,25,-75.0601
2.13,0,0,25,-75.0601
2.135,0,0,25,-75.0601
2.14,0,0,25,-75.0601
2.145,0,0,25,-75.0601
2.15,0,0,25,-75.0601
2.155,0,0,25,-75.0601
2.16,0,0,25,-75.0601
2.165,0,0,25,-75.0601
2.17,0,0,25,-75.0601
2.175,0,0,25,-75.0601
2.18,0,0,25,-75.0601
2.185,0,0,25,-75.0601
2.19,0,0,25,-75.0601
2.195,0,0,25,-75.0601
2.2,0,0,25,-75.0601
2.205,0,0,25,-75.0601
2.21,0,0,25,-75.0601
2.215,0,0,25,-75.0601
2.22,0,0,25,-75.0601
2.225,0,0,25,-75.0601
2.23,0,0,25,-75.0601
2.235,0,0,25,-75.0601
2.24,0,0,25,-75.0601
2.245,0,0,25,-75.0601
2.25,0,0,25,-75.0601
2.255,0,0,25,-75.0601
2.26,0,0,25,-75.0601
2.265,0,0,25,-75.0601
2.27,0,0,25,-75.0601
2.275,0,0,25,-75.0601
2.28,0,0,25,-75.0601
2.285,0,0,25,-75.0601
2.29,0,0,25,-75.0601
2.295,0,0,25,-75.0601
2.3,0,0,25,-75.0601
2.305,0,0,25,-75.0601
2.31,0,0,25,-75.0601
2.315,0,0,25,-75.0601
2.32,0,0,25,-75.0601
2.325,0,0,25,-75.0601
2.33,0,0,25,-75.0601
2.335,0,0,25,-75.0601
2.34,0,0,25,-75.0601
2.345,0,0,25,-75.0601
2.35,0,0,25,-75.0601
2.355,0,0,25,-75.0601
2.36,0,0,25,-75.0601
2.365,0,0,25,-75.0601
2.37,0,0,25,-75.0601
2.375,0,0,25,-75.0601
2.38,0,0,25,-75.0601
2.385,0,0,25,-75.0601
2.39,0,0,25,-75.0601
2.395,0,0,25,-75.0601
2.4,0,0,25,-75.0601
2.405,0,0,25,-75.0601
2.41,0,0,25,-75.0601
2.415,0,0,25,-75.0601
2.42,0,0,25,-75.0601
2.425,0,0,25,-75.0601
2.43,0,0,25,-75.0601
2.435,0,0,25,-75.0601
2.44,0,0,25,-75.0601
2.445,0,0,25,-75.0601
2.45,0,0,25,-75.0601
2.455,0,0,25,-75.0601
2.46,0,0,25,-75.0601
2.465,0,0,25,-75.0601
2.47,0,0,25,-75.0601
2.475,0,0,25,-75.0601
2.48,0,0,25,-75.0601
2.485,0,0,25,-75.0601
2.49,0,0,25,-75.0601
2.495,0,0,25,-75.0601
2.5,0,0,25,-75.0601
2.505,0,0,25,-75.0601
2.51,0,0,25,-75.0601
2.515,0,0,25,-75.0601
2.52,0,0,25,-75.0601
2.525,0,0,25,-75.0601
2.53,0,0,25,-75.0601
2.535,0,0,25,-75.0601
2.54,0,0,25,-75.0601
2.545,0,0,25,-75.0601
2.55,0,0,25,-75.0601
2.555,0,0,25,-75.0601
2.56,0,0,25,-75.0601
2.565,0,0,25,-75.0601
2.57,0,0,25,-75.0601
2.575,0,0,25,-75.0601
2.58,0,0,25,-75.0601
2.585,0,0,25,-75.0601
2.59,0,0,25,-75.0601
2.595,0,0,25,-75.0601
2.6,0,0,25,-75.0601
2.605,0,0,25,-75.0601
2.61,0,0,25,-75.0601
2.615,0,0,25,-75.0601
2.62,0,0,25,-75.0601
2.625,0,0,25,-75.0601
2.63,0,0,25,-75.0601
2.635,0,0,25,-75.0601
2.64,0,0,25,-75.0601
2.645,0,0,25,-75.0601
2.65,0,0,25,-75.0601
2.655,0,0,25,-75.0601
2.66,0,0,25,-75.0601
2.665,0,0,25,-75.0601
2.67,0,0,25,-75.0601
2.675,0,0,25,-75.0601
2.68,0,0,25,-75.0601
2.685,0,0,25,-75.0601
2.69,0,0,25,-75.0601
2.695,0,0,25,-75.0601
2.7,0,0,25,-75.0601
2.705,0,0,25,-75.0601
2.71,0,0,25,-75.0601
2.715,0,0,25,-75.0601
2.72,0,0,25,-75.0601
2.725,0,0,25,-75.0601
2.73,0,0,25,-75.0601
2.735,0,0,25,-75.0601
2.74,0,0,25,-75.0601
2.745,0,0,25,-75.0601
2.75,0,0,25,-75.0601
2.755,0,0,25,-75.0601
2.76,0,0,25,-75.0601
2.765,0,0,25,-75.0601
2.77,0,0,25,-75.0601
2.775,0,0,25,-75.0601
2.78,0,0,25,-75.0601
2.785,0,0,25,-75.0601
2.79,0,0,25,-75.0601
2.795,0,0,25,-75.0601
2.8,0,0,25,-75.0601
2.805,0,0,25,-75.0601
2.81,0,0,25,-75.0601
2.815,0,0,25,-75.0601
2.82,0,0,25,-75.0601
2.825,0,0,25,-75.0601
2.83,0,0,25,-75.0601
2.835,0,0,25,-75.0601
2.84,0,0,25,-75.0601
2.845,0,0,25,-75.0601
2.85,0,0,25,-75.0601
2.855,0,0,25,-75.0601
2.86,0,0,25,-75.0601
2.865,0,0,25,-75.0601
2.87,0,0,25,-75.0601
2.875,0,0,25,-75.0601
2.88,0,0,25,-75.0601
2.885,0,0,25,-75.0601
2.89,0,0,25,-75.0601
2.895,0,0,25,-75.0601
2.9,0,0,25,-75.0601
2.905,0,0,25,-75.0601
2.91,0,0,25,-75.0601
2.915,0,0,25,-75.0601
2.92,0,0,25,-75.0601
2.925,0,0,25,-75.0601
2.93,0,0,25,-75.0601
2.935,0,0,25,-75.0601
2.94,0,0,25,-75.0601
2.945,0,0,25,-75.0601
2.95,0,0,25,-75.0601
2.955,0,0,25,-75.0601
2.96,0,0,25,-75.0601
2.965,0,0,25,-75.0601
2.97,0,0,25,-75.0601
2.975,0,0,25,-75.0601
2.98,0,0,25,-75.0601
2.985,0,0,25,-75.0601
2.99,0,0,25,-75.0601
2.995,0,0,25,-75.0601
3,0,0,25,-75.0601
3.005,0,0,25,-75.0601
3.01,0,0,25,-75.0601
3.015,0,0,25,-75.0601
3.02,0,0,25,-75.0601
3.025,0,0,25,-75.0601
3.03,0,0,25,-75.0601
3.035,0,0,25,-75.0601
3.04,0,0,25,-75.0601
3.045,0,0,25,-75.0601
3.05,0,0,25,-75.0601
3.055,0,0,25,-75.0601
3.06,0,0,25,-75.0601
3.065,0,0,25,-75.0601
3.07,0,0,25,-75.0601
3.075,0,0,25,-75.0601
3.08,0,0,25,-75.0601
3.085,0,0,25,-75.0601
3.09,0,0,25,-75.0601
3.095,0,0,25,-75.0601
3.1,0,0,25,-75.0601
3.105,0,0,25,-75.0601
3.11,0,0,25,-75.0601
3.115,0,0,25,-75.0601
3.12,0,0,25,-75.0601
3.125,0,0,25,-75.0601
3.13,0,0,25,-75.0601
3.135,0,0,25,-75.0601
3.14,0,0,25,-75.0601
3.145,0,0,25,-75.0601
3.15,0,0,25,-75.0601
3.155,0,0,25,-75.0601
3.16,0,0,25,-75.0601
3.165,0,0,25,-75.0601
3.17,0,0,25,-75.0601
3.175,0,0,25,-75.0601
3.18,0,0,25,-75.0601
3.185,0,0,25,-75.0601
3.19,0,0,25,-75.0601
3.195,0,0,25,-75.0601
3.2,0,0,25,-75.0601
3.205,0,0,25,-75.0601
3.21,0,0,25,-75.0601
3.215,0,0,25,-75.0601
3.22,0,0,25,-75.0601
3.225,0,0,25,-75.0601
3.23,0,0,25,-75.0601
3.235,0,0,25,-75.0601
3.24,0,0,25,-75.0601
3.245,0,0,25,-75.0601
3.25,0,0,25,-75.0601
3.255,0,0,25,-75.0601
3.26,0,0,25,-75.0601
3.265,0,0,25,-75.0601
3.27,0,0,25,-75.0601
3.275,0,0,25,-75.0601
3.28,0,0,25,-75.0601
3.285,0,0,25,-75.0601
3.29,0,0,25,-75.0601
3.295,0,0,25,-75.0601
3.3,0,0,25,-75.0601
3.305,0,0,25,-75.0601
3.31,0,0,25,-75.0601
3.315,0,0,25,-75.0601
3.32,0,0,25,-75.0601
3.325,0,0,25,-75.0601
3.33,0,0,25,-75.0601
3.335,0,0,25,-75.0601
3.34,0,0,25,-75.0601
3.345,0,0,25,-75.0601
3.35,0,0,25,-75.0601
3.355,0,0,25,-75.0601
3.36,0,0,25,-75.0601
3.365,0,0,25,-75.0601
3.37,0,0,25,-75.0601
3.375,0,0,25,-75.0601
3.38,0,0,25,-75.0601
3.385,0,0,25,-75.0601
3.39,0,0,25,-75.0601
3.395,0,0,25,-75.0601
3.4,0,0,25,-75.0601
3.405,0,0,25,-75.0601
3.41,0,0,25,-75.0601
3.415,0,0,25,-75.0601
3.42,0,0,25,-75.0601
3.425,0,0,25,-75.0601
3.43,0,0,25,-75.0601
3.435,0,0,25,-75.0601
3.44,0,0,25,-75.0601
3.445,0,0,25,-75.0601
3.45,0,0,25,-75.0601
3.455,0,0,25,-75.0601
3.46,0,0,25,-75.0601
3.465,0,0,25,-75.0601
3.47,0,0,25,-75.0601
3.475,0,0,25,-75.0601
3.48,0,0,25,-75.0601
3.485,0,0,25,-75.0601
3.49,0,0,25,-75.0601
3.495,0,0,25,-75.0601
3.5,0,0,25,-75.0601
3.505,0,0,25,-75.0601
3.51,0,0,25,-75.0601
3.515,0,0,25,-75.0601
3.52,0,0,25,-75.0601
3.525,0,0,25,-75.0601
3.53,0,0,25,-75.0601
3.535,0,0,25,-75.0601
3.54,0,0,25,-75.0601
3.545,0,0,25,-75.0601
3.55,0,0,25,-75.0601
3.555,0,0,25,-75.0601
3.56,0,0,25,-75.0601
3.565,0,0,25,-75.0601
3.57,0,0,25,-75.0601
3.575,0,0,25,-75.0601
3.58,0,0,25,-75.0601
3.585,0,0,25,-75.0601
3.59,0,0,25,-75.0601
3.595,0,0,25,-75.0601
3.6,0,0,25,-75.0601
3.605,0,0,25,-75.0601
3.61,0,0,25,-75.0601
3.615,0,0,25,-75.0601
3.62,0,0,25,-75.0601
3.625,0,0,25,-75.0601
3.63,0,0,25,-75.0601
3.635,0,0,25,-75.0601
3.64,0,0,25,-75.0601
3.645,0,0,25,-75.0601
3.65,0,0,25,-75.0601
3.655,0,0,25,-75.0601
3.66,0,0,25,-75.0601
3.665,0,0,25,-75.0601
3.67,0,0,25,-75.0601
3.675,0,0,25,-75.0601
3.68,0,0,25,-75.0601
3.685,0,0,25,-75.0601
3.69,0,0,25,-75.0601
3.695,0,0,25,-75.0601
3.7,0,0,25,-75.0601
3.705,0,0,25,-75.0601
3.71,0,0,25,-75.0601
3.715,0,0,25,-75.0601
3.72,0,0,25,-75.0601
3.725,0,0,25,-75.0601
3.73,0,0,25,-75.0601
3.735,0,0,25,-75.0601
3.74,0,0,25,-75.0601
3.745,0,0,25,-75.0601
3.75,0,0,25,-75.0601
3.755,0,0,25,-75.0601
3.76,0,0,25,-75.0601
3.765,0,0,25,-75.0601
3.77,0,0,25,-75.0601
3.775,0,0,25,-75.0601
3.78,0,0,25,-75.0601
3.785,0,0,25,-75.0601
3.79,0,0,25,-75.0601
3.795,0,0,25,-75.0601
3.8,0,0,25,-75.0601
3.805,0,0,25,-75.0601
3.81,0,0,25,-75.0601
3.815,0,0,25,-75.0601
3.82,0,0,25,-75.0601
3.825,0,0,25,-75.0601
3.83,0,0,25,-75.0601
3.835,0,0,25,-75.0601
3.84,0,0,25,-75.0601
3.845,0,0,25,-75.0601
3.85,0,0,25,-75.0601
3.855,0,0,25,-75.0601
3.86,0,0,25,-75.0601
3.865,0,0,25,-75.0601
3.87,0,0,25,-75.0601
3.875,0,0,25,-75.0601
3.88,0,0,25,-75.0601
3.885,0,0,25,-75.0601
3.89,0,0,25,-75.0601
3.895,0,0,25,-75.0601
3.9,0,0,25,-75.0601
3.905,0,0,25,-75.0601
3.91,0,0,25,-75.0601
3.915,0,0,25,-75.0601
3.92,0,0,25,-75.0601
3.925,0,0,25,-75.0601
3.93,0,0,25,-75.0601
3.935,0,0,25,-75.0601
3.94,0,0,25,-75.0601
3.945,0,0,25,-75.0601
3.95,0,0,25,-75.0601
3.955,0,0,25,-75.0601
3.96,0,0,25,-75.0601
3.965,0,0,25,-75.0601
3.97,0,0,25,-75.0601
3.975,0,0,25,-75.0601
3.98,0,0,25,-75.0601
3.985,0,0,25,-75.0601
3.99,0,0,25,-75.0601
3.995,0,0,25,-75.0601
4,0,0,25,-75.0601
4.005,0,0,25,-75.0601
4.01,0,0,25,-75.0601
4.015,0,0,25,-75.0601
4.02,0,0,25,-75.0601
4.025,0,0,25,-75.0601
4.03,0,0,25,-75.0601
4.035,0,0,25,-75.0601
4.04,0,0,25,-75.0601
4.045,0,0,25,-75.0601
4.05,0,0,25,-75.0601
4.055,0,0,25,-75.0601
4.06,0,0,25,-75.0601
4.065,0,0,25,-75.0601
4.07,0,0,25,-75.0601
4.075,0,0,25,-75.0601
4.08,0,0,25,-75.0601
4.085,0,0,25,-75.0601
4.09,0,0,25,-75.0601
4.095,0,0,25,-75.0601
4.1,0,0,25,-75.0601
4.105,0,0,25,-75.0601
4.11,0,0,25,-75.0601
4.115,0,0,25,-75.0601
4.12,0,0,25,-75.0601
4.125,0,0,25,-75.0601
4.13,0,0,25,-75.0601
4.135,0,0,25,-75.0601
4.14,0,0,25,-75.0601
4.145,0,0,25,-75.0601
4.15,0,0,25,-75.0601
4.155,0,0,25,-75.0601
4.16,0,0,25,-75.0601
4.165,0,0,25,-75.0601
4.17,0,0,25,-75.0601
4.175,0,0,25,-75.0601
4.18,0,0,25,-75.0601
4.185,0,0,25,-75.0601
4.19,0,0,25,-75.0601
4.195,0,0,25,-75.0601
4.2,0,0,25,-75.0601
4.205,0,0,25,-75.0601
4.21,0,0,25,-75.0601
4.215,0,0,25,-75.0601
4.22,0,0,25,-75.0601
4.225,0,0,25,-75.0601
4.23,0,0,25,-75.0601
4.235,0,0,25,-75.0601
4.24,0,0,25,-75.0601
4.245,0,0,25,-75.0601
4.25,0,0,25,-75.0601
4.255,0,0,25,-75.0601
4.26,0,0,25,-75.0601
4.265,0,0,25,-75.0601
4.27,0,0,25,-75.0601
4.275,0,0,25,-75.0601
4.28,0,0,25,-75.0601
4.285,0,0,25,-75.0601
4.29,0,0,25,-75.0601
4.295,0,0,25,-75.0601
4.3,0,0,25,-75.0601
4.305,0,0,25,-75.0601
4.31,0,0,25,-75.0601
4.315,0,0,25,-75.0601
4.32,0,0,25,-75.0601
4.325,0,0,25,-75.0601
4.33,0,0,25,-75.0601
4.335,0,0,25,-75.0601
4.34,0,0,25,-75.0601
4.345,0,0,25,-75.0601
4.35,0,0,25,-75.0601
4.355,0,0,25,-75.0601
4.36,0,0,25,-75.0601
4.365,0,0,25,-75.0601
4.37,0,0,25,-75.0601
4.375,0,0,25,-75.0601
4.38,0,0,25,-75.0601
4.385,0,0,25,-75.0601
4.39,0,0,25,-75.0601
4.395,0,0,25,-75.0601
4.4,0,0,25,-75.0601
4.405,0,0,25,-75.0601
4.41,0,0,25,-75.0601
4.415,0,0,25,-75.0601
4.42,0,0,25,-75.0601
4.425,0,0,25,-75.0601
4.43,0,0,25,-75.0601
4.435,0,0,25,-75.0601
4.44,0,0,25,-75.0601
4.445,0,0,25,-75.0601
4.45,0,0,25,-75.0601
4.455,0,0,25,-75.0601
4.46,0,0,25,-75.0601
4.465,0,0,25,-75.0601
4.47,0,0,25,-75.0601
4.475,0,0,25,-75.0601
4.48,0,0,25,-75.0601
4.485,0,0,25,-75.0601
4.49,0,0,25,-75.0601
4.495,0,0,25,-75.0601
4.5,0,0,25,-75.0601
4.505,0,0,25,-75.0601
4.51,0,0,25,-75.0601
4.515,0,0,25,-75.0601
4.52,0,0,25,-75.0601
4.525,0,0,25,-75.0601
4.53,0,0,25,-75.0601
4.535,0,0,25,-75.0601
4.54,0,0,25,-75.0601
4.545,0,0,25,-75.0601
4.55,0,0,25,-75.0601
4.555,0,0,25,-75.0601
4.56,0,0,25,-75.0601
4.565,0,0,25,-75.0601
4.57,0,0,25,-75.0601
4.575,0,0,25,-75.0601
4.58,0,0,25,-75.0601
4.585,0,0,25,-75.0601
4.59,0,0,25,-75.0601
4.595,0,0,25,-75.0601
4.6,0,0,25,-75.0601
4.605,0,0,25,-75.0601
4.61,0,0,25,-75.0601
4.615,0,0,25,-75.0601
4.62,0,0,25,-75.0601
4.625,0,0,25,-75.0601
4.63,0,0,25,-75.0601
4.635,0,0,25,-75.0601
4.64,0,0,25,-75.0601
4.645,0,0,25,-75.0601
4.65,0,0,25,-75.0601
4.655,0,0,25,-75.0601
4.66,0,0,25,-75.0601
4.665,0,0,25,-75.0601
4.67,0,0,25,-75.0601
4.675,0,0,25,-75.0601
4.68,0,0,25,-75.0601
4.685,0,0,25,-75.0601
4.69,0,0,25,-75.0601
4.695,0,0,25,-75.0601
4.7,0,0,25,-75.0601
4.705,0,0,25,-75.0601
4.71,0,0,25,-75.0601
4.715,0,0,25,-75.0601
4.72,0,0,25,-75.0601
4.725,0,0,25,-75.0601
4.73,0,0,25,-75.0601
4.735,0,0,25,-75.0601
4.74,0,0,25,-75.0601
4.745,0,0,25,-75.0601
4.75,0,0,25,-75.0601
4.755,0,0,25,-75.0601
4.76,0,0,25,-75.0601
4.765,0,0,25,-75.0601
4.77,0,0,25,-75.0601
4.775,0,0,25,-75.0601
4.78,0,0,25,-75.0601
4.785,0,0,25,-75.0601
4.79,0,0,25,-75.0601
4.795,0,0,25,-75.0601
4.8,0,0,25,-75.0601
4.805,0,0,25,-75.0601
4.81,0,0,25,-75.0601
4.815,0,0,25,-75.0601
4.82,0,0,25,-75.0601
4.825,0,0,25,-75.0601
4.83,0,0,25,-75.0601
4.835,0,0,25,-75.0601
4.84,0,0,25,-75.0601
4.845,0,0,25,-75.0601
4.85,0,0,25,-75.0601
4.855,0,0,25,-75.0601
4.86,0,0,25,-75.0601
4.865,0,0,25,-75.0601
4.87,0,0,25,-75.0601
4.875,0,0,25,-75.0601
4.88,0,0,25,-75.0601
4.885,0,0,25,-75.0601
4.89,0,0,25,-75.0601
4.895,0,0,25,-75.0601
4.9,0,0,25,-75.0601
4.905,0,0,25,-75.0601
4.91,0,0,25,-75.0601
4.915,0,0,25,-75.0601
4.92,0,0,25,-75.0601
4.925,0,0,25,-75.0601
4.93,0,0,25,-75.0601
4.935,0,0,25,-75.0601
4.94,0,0,25,-75.0601
4.945,0,0,25,-75.0601
4.95,0,0,25,-75.0601
4.955,0,0,25,-75.0601
4.96,0,0,25,-75.0601
4.965,0,0,25,-75.0601
4.97,0,0,25,-75.0601
4.975,0,0,25,-75.0601
4.98,0,0,25,-75.0601
4.985,0,0,25,-75.0601
4.99,0,0,25,-75.0601
4.995,0,0,25,-75.0601
5,0,0,25,-75.0601
