0,0,0,125,-16.1026
0.025,0,0,125,-16.1006
0.05,0,0,125,-16.0967
0.075,0,0,125,-16.0907
0.1,0,0,125,-16.0829
0.125,0,0,125,-16.0732
0.15,0,0,125,-16.0618
0.175,0,0,125,-16.049
0.2,0,0,125,-16.0348
0.225,0,0,125,-16.0195
0.25,0,0,125,-16.0031
0.275,0,0,125,-15.9858
0.3,0,0,125,-15.9677
0.325,0,0,125,-15.9488
0.35,0,0,125,-15.9292
0.375,0,0,125,-15.909
0.4,0,0,125,-15.8883
0.425,0,0,125,-15.8671
0.45,0,0,125,-15.8455
0.475,0,0,125,-15.8234
0.5,0,0,125,-15.8011
0.525,0,0,125,-15.7784
0.55,0,0,125,-15.7555
0.575,0,0,125,-15.7323
0.6,0,0,125,-15.7089
0.625,0,0,125,-15.6854
0.65,0,0,125,-15.6617
0.675,0,0,125,-15.6378
0.7,0,0,125,-15.6138
0.725,0,0,125,-15.5898
0.75,0,0,125,-15.5656
0.775,0,0,125,-15.5414
0.8,0,0,125,-15.5172
0.825,0,0,125,-15.4929
0.85,0,0,125,-15.4685
0.875,0,0,125,-15.4442
0.9,0,0,125,-15.4198
0.925,0,0,125,-15.3954
0.95,0,0,125,-15.371
0.975,0,0,125,-15.3466
1,0,0,125,-15.3222
1.025,0,0,125,-15.2979
1.05,0,0,125,-15.2735
1.075,0,0,125,-15.2492
1.1,0,0,125,-15.2249
1.125,0,0,125,-15.2006
1.15,0,0,125,-15.1764
1.175,0,0,125,-15.1522
1.2,0,0,125,-15.128
1.225,0,0,125,-15.1039
1.25,0,0,125,-15.0798
1.275,0,0,125,-15.0558
1.3,0,0,125,-15.0318
1.325,0,0,125,-15.0078
1.35,0,0,125,-14.9839
1.375,0,0,125,-14.96
1.4,0,0,125,-14.9361
1.425,0,0,125,-14.9123
1.45,0,0,125,-14.8886
1.475,0,0,125,-14.8649
1.5,0,0,125,-14.8412
1.525,0,0,125,-14.8176
1.55,0,0,125,-14.7941
1.575,0,0,125,-14.7706
1.6,0,0,125,-14.7471
1.625,0,0,125,-14.7237
1.65,0,0,125,-14.7003
1.675,0,0,125,-14.677
1.7,0,0,125,-14.6537
1.725,0,0,125,-14.6304
1.75,0,0,125,-14.6073
1.775,0,0,125,-14.5841
1.8,0,0,125,-14.561
1.825,0,0,125,-14.5379
1.85,0,0,125,-14.5149
1.875,0,0,125,-14.492
1.9,0,0,125,-14.469
1.925,0,0,125,-14.4461
1.95,0,0,125,-14.4233
1.975,0,0,125,-14.4005
2,0,0,125,-14.3777
2.025,0,0,125,-14.355
2.05,0,0,125,-14.3323
2.075,0,0,125,-14.3097
2.1,0,0,125,-14.2871
2.125,0,0,125,-14.2645
2.15,0,0,125,-14.242
2.175,0,0,125,-14.2195
2.2,0,0,125,-14.1971
2.225,0,0,125,-14.1747
2.25,0,0,125,-14.1524
2.275,0,0,125,-14.1301
2.3,0,0,125,-14.1078
2.325,0,0,125,-14.0856
2.35,0,0,125,-14.0634
2.375,0,0,125,-14.0412
2.4,0,0,125,-14.0191
2.425,0,0,125,-13.997
2.45,0,0,125,-13.975
2.475,0,0,125,-13.953
2.5,0,0,125,-13.931
2.525,0,0,125,-13.9091
2.55,0,0,125,-13.8872
2.575,0,0,125,-13.8653
2.6,0,0,125,-13.8435
2.625,0,0,125,-13.8217
2.65,0,0,125,-13.7999
2.675,0,0,125,-13.7782
2.7,0,0,125,-13.7565
2.725,0,0,125,-13.7349
2.75,0,0,125,-13.7133
2.775,0,0,125,-13.6917
2.8,0,0,125,-13.6701
2.825,0,0,125,-13.6486
2.85,0,0,125,-13.6271
2.875,0,0,125,-13.6057
2.9,0,0,125,-13.5843
2.925,0,0,125,-13.5629
2.95,0,0,125,-13.5415
2.975,0,0,125,-13.5202
3,0,0,125,-13.4989
3.025,0,0,125,-13.4777
3.05,0,0,125,-13.4565
3.075,0,0,125,-13.4353
3.1,0,0,125,-13.4141
3.125,0,0,125,-13.393
3.15,0,0,125,-13.3719
3.175,0,0,125,-13.3508
3.2,0,0,125,-13.3297
3.225,0,0,125,-13.3087
3.25,0,0,125,-13.2877
3.275,0,0,125,-13.2668
3.3,0,0,125,-13.2458
3.325,0,0,125,-13.2249
3.35,0,0,125,-13.204
3.375,0,0,125,-13.1832
3.4,0,0,125,-13.1624
3.425,0,0,125,-13.1416
3.45,0,0,125,-13.1208
3.475,0,0,125,-13.1001
3.5,0,0,125,-13.0793
3.525,0,0,125,-13.0587
3.55,0,0,125,-13.038
3.575,0,0,125,-13.0173
3.6,0,0,125,-12.9967
3.625,0,0,125,-12.9761
3.65,0,0,125,-12.9555
3.675,0,0,125,-12.935
3.7,0,0,125,-12.9144
3.725,0,0,125,-12.8939
3.75,0,0,125,-12.8734
3.775,0,0,125,-12.853
3.8,0,0,125,-12.8325
3.825,0,0,125,-12.8121
3.85,0,0,125,-12.7917
3.875,0,0,125,-12.7713
3.9,0,0,125,-12.751
3.925,0,0,125,-12.7307
3.95,0,0,125,-12.7104
3.975,0,0,125,-12.6901
4,0,0,125,-12.6698
4.025,0,0,125,-12.6496
4.05,0,0,125,-12.6294
4.075,0,0,125,-12.6093
4.1,0,0,125,-12.5892
4.125,0,0,125,-12.5691
4.15,0,0,125,-12.5491
4.175,0,0,125,-12.5291
4.2,0,0,125,-12.5092
4.225,0,0,125,-12.4893
4.25,0,0,125,-12.4695
4.275,0,0,125,-12.4497
4.3,0,0,125,-12.43
4.325,0,0,125,-12.4105
4.35,0,0,125,-12.391
4.375,0,0,125,-12.3716
4.4,0,0,125,-12.3523
4.425,0,0,125,-12.3332
4.45,0,0,125,-12.3143
4.475,0,0,125,-12.2955
4.5,0,0,125,-12.277
4.525,0,0,125,-12.2586
4.55,0,0,125,-12.2405
4.575,0,0,125,-12.2228
4.6,0,0,125,-12.2053
4.625,0,0,125,-12.1882
4.65,0,0,125,-12.1716
4.675,0,0,125,-12.1554
4.7,0,0,125,-12.1397
4.725,0,0,125,-12.1247
4.75,0,0,125,-12.1103
4.775,0,0,125,-12.0967
4.8,0,0,125,-12.084
4.825,0,0,125,-12.0722
4.85,0,0,125,-12.0615
4.875,0,0,125,-12.052
4.9,0,0,125,-12.0438
4.925,0,0,125,-12.0371
4.95,0,0,125,-12.0319
4.975,0,0,125,-12.0284
5,0,0,125,-12.0266
