0,0,0,125,-19.6649
0.025,0,0,125,-19.661
0.05,0,0,125,-19.6532
0.075,0,0,125,-19.6415
0.1,0,0,125,-19.626
0.125,0,0,125,-19.607
0.15,0,0,125,-19.5846
0.175,0,0,125,-19.5592
0.2,0,0,125,-19.5312
0.225,0,0,125,-19.5009
0.25,0,0,125,-19.4684
0.275,0,0,125,-19.4341
0.3,0,0,125,-19.3981
0.325,0,0,125,-19.3607
0.35,0,0,125,-19.3218
0.375,0,0,125,-19.2818
0.4,0,0,125,-19.2408
0.425,0,0,125,-19.1988
0.45,0,0,125,-19.1561
0.475,0,0,125,-19.1126
0.5,0,0,125,-19.0685
0.525,0,0,125,-19.0239
0.55,0,0,125,-18.9789
0.575,0,0,125,-18.9336
0.6,0,0,125,-18.8879
0.625,0,0,125,-18.842
0.65,0,0,125,-18.7959
0.675,0,0,125,-18.7497
0.7,0,0,125,-18.7034
0.725,0,0,125,-18.6571
0.75,0,0,125,-18.6107
0.775,0,0,125,-18.5644
0.8,0,0,125,-18.5181
0.825,0,0,125,-18.4718
0.85,0,0,125,-18.4257
0.875,0,0,125,-18.3797
0.9,0,0,125,-18.3338
0.925,0,0,125,-18.288
0.95,0,0,125,-18.2424
0.975,0,0,125,-18.1969
1,0,0,125,-18.1516
1.025,0,0,125,-18.1065
1.05,0,0,125,-18.0616
1.075,0,0,125,-18.0169
1.1,0,0,125,-17.9723
1.125,0,0,125,-17.9279
1.15,0,0,125,-17.8838
1.175,0,0,125,-17.8398
1.2,0,0,125,-17.796
1.225,0,0,125,-17.7523
1.25,0,0,125,-17.7089
1.275,0,0,125,-17.6656
1.3,0,0,125,-17.6225
1.325,0,0,125,-17.5796
1.35,0,0,125,-17.5369
1.375,0,0,125,-17.4943
1.4,0,0,125,-17.4519
1.425,0,0,125,-17.4096
1.45,0,0,125,-17.3675
1.475,0,0,125,-17.3254
1.5,0,0,125,-17.2836
1.525,0,0,125,-17.2418
1.55,0,0,125,-17.2002
1.575,0,0,125,-17.1587
1.6,0,0,125,-17.1172
1.625,0,0,125,-17.0759
1.65,0,0,125,-17.0347
1.675,0,0,125,-16.9935
1.7,0,0,125,-16.9524
1.725,0,0,125,-16.9114
1.75,0,0,125,-16.8704
1.775,0,0,125,-16.8295
1.8,0,0,125,-16.7886
1.825,0,0,125,-16.7477
1.85,0,0,125,-16.7069
1.875,0,0,125,-16.6661
1.9,0,0,125,-16.6252
1.925,0,0,125,-16.5844
1.95,0,0,125,-16.5436
1.975,0,0,125,-16.5028
2,0,0,125,-16.4619
2.025,0,0,125,-16.421
2.05,0,0,125,-16.38
2.075,0,0,125,-16.339
2.1,0,0,125,-16.298
2.125,0,0,125,-16.2569
2.15,0,0,125,-16.2157
2.175,0,0,125,-16.1744
2.2,0,0,125,-16.133
2.225,0,0,125,-16.0916
2.25,0,0,125,-16.05
2.275,0,0,125,-16.0083
2.3,0,0,125,-15.9665
2.325,0,0,125,-15.9246
2.35,0,0,125,-15.8825
2.375,0,0,125,-15.8403
2.4,0,0,125,-15.7979
2.425,0,0,125,-15.7553
2.45,0,0,125,-15.7126
2.475,0,0,125,-15.6697
2.5,0,0,125,-15.6266
2.525,0,0,125,-15.5834
2.55,0,0,125,-15.5399
2.575,0,0,125,-15.4962
2.6,0,0,125,-15.4523
2.625,0,0,125,-15.4081
2.65,0,0,125,-15.3637
2.675,0,0,125,-15.3191
2.7,0,0,125,-15.2742
2.725,0,0,125,-15.2291
2.75,0,0,125,-15.1836
2.775,0,0,125,-15.1379
2.8,0,0,125,-15.0919
2.825,0,0,125,-15.0457
2.85,0,0,125,-14.9991
2.875,0,0,125,-14.9521
2.9,0,0,125,-14.9049
2.925,0,0,125,-14.8573
2.95,0,0,125,-14.8094
2.975,0,0,125,-14.7611
3,0,0,125,-14.7125
3.025,0,0,125,-14.6635
3.05,0,0,125,-14.6141
3.075,0,0,125,-14.5643
3.1,0,0,125,-14.5141
3.125,0,0,125,-14.4635
3.15,0,0,125,-14.4125
3.175,0,0,125,-14.361
3.2,0,0,125,-14.3092
3.225,0,0,125,-14.2569
3.25,0,0,125,-14.2041
3.275,0,0,125,-14.1509
3.3,0,0,125,-14.0972
3.325,0,0,125,-14.043
3.35,0,0,125,-13.9884
3.375,0,0,125,-13.9333
3.4,0,0,125,-13.8777
3.425,0,0,125,-13.8217
3.45,0,0,125,-13.7651
3.475,0,0,125,-13.708
3.5,0,0,125,-13.6505
3.525,0,0,125,-13.5925
3.55,0,0,125,-13.5339
3.575,0,0,125,-13.4749
3.6,0,0,125,-13.4154
3.625,0,0,125,-13.3554
3.65,0,0,125,-13.2949
3.675,0,0,125,-13.234
3.7,0,0,125,-13.1726
3.725,0,0,125,-13.1107
3.75,0,0,125,-13.0484
3.775,0,0,125,-12.9857
3.8,0,0,125,-12.9226
3.825,0,0,125,-12.8591
3.85,0,0,125,-12.7952
3.875,0,0,125,-12.7309
3.9,0,0,125,-12.6664
3.925,0,0,125,-12.6015
3.95,0,0,125,-12.5363
3.975,0,0,125,-12.4709
4,0,0,125,-12.4053
4.025,0,0,125,-12.3396
4.05,0,0,125,-12.2736
4.075,0,0,125,-12.2077
4.1,0,0,125,-12.1416
4.125,0,0,125,-12.0756
4.15,0,0,125,-12.0096
4.175,0,0,125,-11.9437
4.2,0,0,125,-11.8779
4.225,0,0,125,-11.8124
4.25,0,0,125,-11.7472
4.275,0,0,125,-11.6822
4.3,0,0,125,-11.6177
4.325,0,0,125,-11.5537
4.35,0,0,125,-11.4902
4.375,0,0,125,-11.4273
4.4,0,0,125,-11.3651
4.425,0,0,125,-11.3037
4.45,0,0,125,-11.2431
4.475,0,0,125,-11.1835
4.5,0,0,125,-11.125
4.525,0,0,125,-11.0676
4.55,0,0,125,-11.0114
4.575,0,0,125,-10.9566
4.6,0,0,125,-10.9033
4.625,0,0,125,-10.8516
4.65,0,0,125,-10.8016
4.675,0,0,125,-10.7535
4.7,0,0,125,-10.7075
4.725,0,0,125,-10.6636
4.75,0,0,125,-10.6222
4.775,0,0,125,-10.5833
4.8,0,0,125,-10.5472
4.825,0,0,125,-10.5141
4.85,0,0,125,-10.4843
4.875,0,0,125,-10.458
4.9,0,0,125,-10.4355
4.925,0,0,125,-10.4171
4.95,0,0,125,-10.403
4.975,0,0,125,-10.3935
5,0,0,125,-10.3887
