0,0,0,125,36.0538
0.025,0,0,125,36.0851
0.05,0,0,125,36.149
0.075,0,0,125,36.2483
0.1,0,0,125,36.3857
0.125,0,0,125,36.562
0.15,0,0,125,36.7726
0.175,0,0,125,37.002
0.2,0,0,125,37.2373
0.225,0,0,125,37.4672
0.25,0,0,125,37.6817
0.275,0,0,125,37.8709
0.3,0,0,125,38.0236
0.325,0,0,125,38.1261
0.35,0,0,125,38.1577
0.375,0,0,125,38.0841
0.4,0,0,125,37.844
0.425,0,0,125,37.3205
0.45,0,0,125,36.2814
0.475,0,0,125,34.2438
0.5,0,0,125,30.1795
0.525,0,0,125,22.0158
0.55,0,0,125,6.92427
0.575,0,0,125,-13.6362
0.6,0,0,125,-32.4992
0.625,0,0,125,-46.8137
0.65,0,0,125,-56.9834
0.675,0,0,125,-64.0332
0.7,0,0,125,-68.8682
0.725,0,0,125,-72.1653
0.75,0,0,125,-74.4054
0.775,0,0,125,-75.9227
0.8,0,0,125,-76.9471
0.825,0,0,125,-77.6362
0.85,0,0,125,-78.0973
0.875,0,0,125,-78.4036
0.9,0,0,125,-78.6048
0.925,0,0,125,-78.7348
0.95,0,0,125,-78.8163
0.975,0,0,125,-78.8649
1,0,0,125,-78.8912
1.025,0,0,125,-78.9023
1.05,0,0,125,-78.9031
1.075,0,0,125,-78.8967
1.1,0,0,125,-78.8854
1.125,0,0,125,-78.8707
1.15,0,0,125,-78.8534
1.175,0,0,125,-78.8344
1.2,0,0,125,-78.8141
1.225,0,0,125,-78.7926
1.25,0,0,125,-78.7704
1.275,0,0,125,-78.7474
1.3,0,0,125,-78.7238
1.325,0,0,125,-78.6996
1.35,0,0,125,-78.6748
1.375,0,0,125,-78.6496
1.4,0,0,125,-78.6238
1.425,0,0,125,-78.5975
1.45,0,0,125,-78.5708
1.475,0,0,125,-78.5435
1.5,0,0,125,-78.5158
1.525,0,0,125,-78.4876
1.55,0,0,125,-78.4589
1.575,0,0,125,-78.4298
1.6,0,0,125,-78.4001
1.625,0,0,125,-78.37
1.65,0,0,125,-78.3394
1.675,0,0,125,-78.3083
1.7,0,0,125,-78.2767
1.725,0,0,125,-78.2446
1.75,0,0,125,-78.2121
1.775,0,0,125,-78.1791
1.8,0,0,125,-78.1456
1.825,0,0,125,-78.1116
1.85,0,0,125,-78.0771
1.875,0,0,125,-78.0421
1.9,0,0,125,-78.0067
1.925,0,0,125,-77.9708
1.95,0,0,125,-77.9345
1.975,0,0,125,-77.8976
2,0,0,125,-77.8603
2.025,0,0,125,-77.8225
2.05,0,0,125,-77.7842
2.075,0,0,125,-77.7455
2.1,0,0,125,-77.7063
2.125,0,0,125,-77.6667
2.15,0,0,125,-77.6265
2.175,0,0,125,-77.5859
2.2,0,0,125,-77.5449
2.225,0,0,125,-77.5035
2.25,0,0,125,-77.4616
2.275,0,0,125,-77.4193
2.3,0,0,125,-77.3766
2.325,0,0,125,-77.3335
2.35,0,0,125,-77.2899
2.375,0,0,125,-77.246
2.4,0,0,125,-77.2016
2.425,0,0,125,-77.1569
2.45,0,0,125,-77.1118
2.475,0,0,125,-77.0663
2.5,0,0,125,-77.0205
2.525,0,0,125,-76.9743
2.55,0,0,125,-76.9277
2.575,0,0,125,-76.8808
2.6,0,0,125,-76.8336
2.625,0,0,125,-76.7861
2.65,0,0,125,-76.7382
2.675,0,0,125,-76.6901
2.7,0,0,125,-76.6416
2.725,0,0,125,-76.5929
2.75,0,0,125,-76.544
2.775,0,0,125,-76.4947
2.8,0,0,125,-76.4452
2.825,0,0,125,-76.3956
2.85,0,0,125,-76.3456
2.875,0,0,125,-76.2955
2.9,0,0,125,-76.2452
2.925,0,0,125,-76.1947
2.95,0,0,125,-76.1441
2.975,0,0,125,-76.0933
3,0,0,125,-76.0423
3.025,0,0,125,-75.9913
3.05,0,0,125,-75.9401
3.075,0,0,125,-75.8889
3.1,0,0,125,-75.8376
3.125,0,0,125,-75.7862
3.15,0,0,125,-75.7348
3.175,0,0,125,-75.6834
3.2,0,0,125,-75.6319
3.225,0,0,125,-75.5805
3.25,0,0,125,-75.5291
3.275,0,0,125,-75.4777
3.3,0,0,125,-75.4265
3.325,0,0,125,-75.3753
3.35,0,0,125,-75.3242
3.375,0,0,125,-75.2732
3.4,0,0,125,-75.2224
3.425,0,0,125,-75.1717
3.45,0,0,125,-75.1212
3.475,0,0,125,-75.0709
3.5,0,0,125,-75.0208
3.525,0,0,125,-74.9709
3.55,0,0,125,-74.9213
3.575,0,0,125,-74.872
3.6,0,0,125,-74.8229
3.625,0,0,125,-74.7742
3.65,0,0,125,-74.7258
3.675,0,0,125,-74.6777
3.7,0,0,125,-74.63
3.725,0,0,125,-74.5827
3.75,0,0,125,-74.5358
3.775,0,0,125,-74.4893
3.8,0,0,125,-74.4433
3.825,0,0,125,-74.3978
3.85,0,0,125,-74.3527
3.875,0,0,125,-74.3081
3.9,0,0,125,-74.2641
3.925,0,0,125,-74.2206
3.95,0,0,125,-74.1776
3.975,0,0,125,-74.1353
4,0,0,125,-74.0935
4.025,0,0,125,-74.0524
4.05,0,0,125,-74.0119
4.075,0,0,125,-73.9721
4.1,0,0,125,-73.9329
4.125,0,0,125,-73.8945
4.15,0,0,125,-73.8567
4.175,0,0,125,-73.8197
4.2,0,0,125,-73.7835
4.225,0,0,125,-73.748
4.25,0,0,125,-73.7133
4.275,0,0,125,-73.6794
4.3,0,0,125,-73.6463
4.325,0,0,125,-73.6141
4.35,0,0,125,-73.5828
4.375,0,0,125,-73.5523
4.4,0,0,125,-73.5227
4.425,0,0,125,-73.4941
4.45,0,0,125,-73.4663
4.475,0,0,125,-73.4396
4.5,0,0,125,-73.4138
4.525,0,0,125,-73.389
4.55,0,0,125,-73.3652
4.575,0,0,125,-73.3425
4.6,0,0,125,-73.3208
4.625,0,0,125,-73.3002
4.65,0,0,125,-73.2807
4.675,0,0,125,-73.2623
4.7,0,0,125,-73.245
4.725,0,0,125,-73.2289
4.75,0,0,125,-73.214
4.775,0,0,125,-73.2003
4.8,0,0,125,-73.1878
4.825,0,0,125,-73.1766
4.85,0,0,125,-73.1667
4.875,0,0,125,-73.1582
4.9,0,0,125,-73.151
4.925,0,0,125,-73.1452
4.95,0,0,125,-73.1408
4.975,0,0,125,-73.1379
5,0,0,125,-73.1364
