0,0,0,125,-54.7591
0.025,0,0,125,-54.7561
0.05,0,0,125,-54.7501
0.075,0,0,125,-54.7412
0.1,0,0,125,-54.7293
0.125,0,0,125,-54.7144
0.15,0,0,125,-54.6968
0.175,0,0,125,-54.6763
0.2,0,0,125,-54.6532
0.225,0,0,125,-54.6275
0.25,0,0,125,-54.5992
0.275,0,0,125,-54.5684
0.3,0,0,125,-54.5351
0.325,0,0,125,-54.4994
0.35,0,0,125,-54.4613
0.375,0,0,125,-54.4209
0.4,0,0,125,-54.3782
0.425,0,0,125,-54.3332
0.45,0,0,125,-54.286
0.475,0,0,125,-54.2366
0.5,0,0,125,-54.1851
0.525,0,0,125,-54.1314
0.55,0,0,125,-54.0756
0.575,0,0,125,-54.0177
0.6,0,0,125,-53.9578
0.625,0,0,125,-53.8959
0.65,0,0,125,-53.832
0.675,0,0,125,-53.7661
0.7,0,0,125,-53.6983
0.725,0,0,125,-53.6285
0.75,0,0,125,-53.5569
0.775,0,0,125,-53.4834
0.8,0,0,125,-53.4081
0.825,0,0,125,-53.331
0.85,0,0,125,-53.2521
0.875,0,0,125,-53.1714
0.9,0,0,125,-53.0889
0.925,0,0,125,-53.0048
0.95,0,0,125,-52.919
0.975,0,0,125,-52.8315
1,0,0,125,-52.7423
1.025,0,0,125,-52.6515
1.05,0,0,125,-52.5591
1.075,0,0,125,-52.4651
1.1,0,0,125,-52.3696
1.125,0,0,125,-52.2725
1.15,0,0,125,-52.1739
1.175,0,0,125,-52.0739
1.2,0,0,125,-51.9723
1.225,0,0,125,-51.8694
1.25,0,0,125,-51.765
1.275,0,0,125,-51.6592
1.3,0,0,125,-51.5521
1.325,0,0,125,-51.4436
1.35,0,0,125,-51.3338
1.375,0,0,125,-51.2227
1.4,0,0,125,-51.1103
1.425,0,0,125,-50.9967
1.45,0,0,125,-50.8819
1.475,0,0,125,-50.7658
1.5,0,0,125,-50.6486
1.525,0,0,125,-50.5302
1.55,0,0,125,-50.4106
1.575,0,0,125,-50.29
1.6,0,0,125,-50.1682
1.625,0,0,125,-50.0454
1.65,0,0,125,-49.9216
1.675,0,0,125,-49.7967
1.7,0,0,125,-49.6708
1.725,0,0,125,-49.544
1.75,0,0,125,-49.4162
1.775,0,0,125,-49.2875
1.8,0,0,125,-49.1579
1.825,0,0,125,-49.0274
1.85,0,0,125,-48.896
1.875,0,0,125,-48.7638
1.9,0,0,125,-48.6308
1.925,0,0,125,-48.497
1.95,0,0,125,-48.3625
1.975,0,0,125,-48.2272
2,0,0,125,-48.0911
2.025,0,0,125,-47.9544
2.05,0,0,125,-47.817
2.075,0,0,125,-47.679
2.1,0,0,125,-47.5403
2.125,0,0,125,-47.401
2.15,0,0,125,-47.2612
2.175,0,0,125,-47.1207
2.2,0,0,125,-46.9798
2.225,0,0,125,-46.8383
2.25,0,0,125,-46.6964
2.275,0,0,125,-46.5539
2.3,0,0,125,-46.4111
2.325,0,0,125,-46.2678
2.35,0,0,125,-46.1241
2.375,0,0,125,-45.98
2.4,0,0,125,-45.8356
2.425,0,0,125,-45.6909
2.45,0,0,125,-45.5458
2.475,0,0,125,-45.4005
2.5,0,0,125,-45.2549
2.525,0,0,125,-45.109
2.55,0,0,125,-44.963
2.575,0,0,125,-44.8167
2.6,0,0,125,-44.6703
2.625,0,0,125,-44.5238
2.65,0,0,125,-44.3771
2.675,0,0,125,-44.2303
2.7,0,0,125,-44.0835
2.725,0,0,125,-43.9366
2.75,0,0,125,-43.7897
2.775,0,0,125,-43.6427
2.8,0,0,125,-43.4958
2.825,0,0,125,-43.349
2.85,0,0,125,-43.2022
2.875,0,0,125,-43.0555
2.9,0,0,125,-42.9089
2.925,0,0,125,-42.7625
2.95,0,0,125,-42.6162
2.975,0,0,125,-42.4701
3,0,0,125,-42.3243
3.025,0,0,125,-42.1787
3.05,0,0,125,-42.0333
3.075,0,0,125,-41.8883
3.1,0,0,125,-41.7435
3.125,0,0,125,-41.5991
3.15,0,0,125,-41.4551
3.175,0,0,125,-41.3114
3.2,0,0,125,-41.1682
3.225,0,0,125,-41.0254
3.25,0,0,125,-40.8831
3.275,0,0,125,-40.7414
3.3,0,0,125,-40.6001
3.325,0,0,125,-40.4594
3.35,0,0,125,-40.3193
3.375,0,0,125,-40.1798
3.4,0,0,125,-40.0409
3.425,0,0,125,-39.9027
3.45,0,0,125,-39.7653
3.475,0,0,125,-39.6285
3.5,0,0,125,-39.4926
3.525,0,0,125,-39.3574
3.55,0,0,125,-39.223
3.575,0,0,125,-39.0895
3.6,0,0,125,-38.9569
3.625,0,0,125,-38.8252
3.65,0,0,125,-38.6944
3.675,0,0,125,-38.5647
3.7,0,0,125,-38.4359
3.725,0,0,125,-38.3083
3.75,0,0,125,-38.1817
3.775,0,0,125,-38.0562
3.8,0,0,125,-37.9319
3.825,0,0,125,-37.8088
3.85,0,0,125,-37.687
3.875,0,0,125,-37.5664
3.9,0,0,125,-37.4471
3.925,0,0,125,-37.3292
3.95,0,0,125,-37.2127
3.975,0,0,125,-37.0977
4,0,0,125,-36.9841
4.025,0,0,125,-36.872
4.05,0,0,125,-36.7615
4.075,0,0,125,-36.6526
4.1,0,0,125,-36.5454
4.125,0,0,125,-36.4399
4.15,0,0,125,-36.3362
4.175,0,0,125,-36.2342
4.2,0,0,125,-36.1341
4.225,0,0,125,-36.0359
4.25,0,0,125,-35.9397
4.275,0,0,125,-35.8454
4.3,0,0,125,-35.7533
4.325,0,0,125,-35.6632
4.35,0,0,125,-35.5754
4.375,0,0,125,-35.4898
4.4,0,0,125,-35.4065
4.425,0,0,125,-35.3255
4.45,0,0,125,-35.247
4.475,0,0,125,-35.171
4.5,0,0,125,-35.0975
4.525,0,0,125,-35.0267
4.55,0,0,125,-34.9585
4.575,0,0,125,-34.8932
4.6,0,0,125,-34.8307
4.625,0,0,125,-34.7711
4.65,0,0,125,-34.7145
4.675,0,0,125,-34.6611
4.7,0,0,125,-34.6108
4.725,0,0,125,-34.5638
4.75,0,0,125,-34.5202
4.775,0,0,125,-34.48
4.8,0,0,125,-34.4434
4.825,0,0,125,-34.4105
4.85,0,0,125,-34.3814
4.875,0,0,125,-34.3561
4.9,0,0,125,-34.3349
4.925,0,0,125,-34.3177
4.95,0,0,125,-34.3047
4.975,0,0,125,-34.296
5,0,0,125,-34.2917
