0,0,0,125,-74.3454
0.025,0,0,125,-74.344
0.05,0,0,125,-74.3413
0.075,0,0,125,-74.3371
0.1,0,0,125,-74.3317
0.125,0,0,125,-74.3249
0.15,0,0,125,-74.3167
0.175,0,0,125,-74.3073
0.2,0,0,125,-74.2967
0.225,0,0,125,-74.2849
0.25,0,0,125,-74.2718
0.275,0,0,125,-74.2576
0.3,0,0,125,-74.2422
0.325,0,0,125,-74.2257
0.35,0,0,125,-74.208
0.375,0,0,125,-74.1892
0.4,0,0,125,-74.1693
0.425,0,0,125,-74.1483
0.45,0,0,125,-74.1262
0.475,0,0,125,-74.1031
0.5,0,0,125,-74.0789
0.525,0,0,125,-74.0536
0.55,0,0,125,-74.0272
0.575,0,0,125,-73.9998
0.6,0,0,125,-73.9713
0.625,0,0,125,-73.9418
0.65,0,0,125,-73.9112
0.675,0,0,125,-73.8796
0.7,0,0,125,-73.847
0.725,0,0,125,-73.8134
0.75,0,0,125,-73.7787
0.775,0,0,125,-73.743
0.8,0,0,125,-73.7064
0.825,0,0,125,-73.6686
0.85,0,0,125,-73.6299
0.875,0,0,125,-73.5902
0.9,0,0,125,-73.5494
0.925,0,0,125,-73.5076
0.95,0,0,125,-73.4649
0.975,0,0,125,-73.4211
1,0,0,125,-73.3763
1.025,0,0,125,-73.3305
1.05,0,0,125,-73.2837
1.075,0,0,125,-73.2359
1.1,0,0,125,-73.1871
1.125,0,0,125,-73.1373
1.15,0,0,125,-73.0865
1.175,0,0,125,-73.0348
1.2,0,0,125,-72.982
1.225,0,0,125,-72.9283
1.25,0,0,125,-72.8737
1.275,0,0,125,-72.818
1.3,0,0,125,-72.7614
1.325,0,0,125,-72.7038
1.35,0,0,125,-72.6453
1.375,0,0,125,-72.5858
1.4,0,0,125,-72.5253
1.425,0,0,125,-72.4638
1.45,0,0,125,-72.4015
1.475,0,0,125,-72.3382
1.5,0,0,125,-72.2739
1.525,0,0,125,-72.2087
1.55,0,0,125,-72.1426
1.575,0,0,125,-72.0756
1.6,0,0,125,-72.0077
1.625,0,0,125,-71.9388
1.65,0,0,125,-71.869
1.675,0,0,125,-71.7984
1.7,0,0,125,-71.7268
1.725,0,0,125,-71.6544
1.75,0,0,125,-71.5811
1.775,0,0,125,-71.507
1.8,0,0,125,-71.4319
1.825,0,0,125,-71.3561
1.85,0,0,125,-71.2793
1.875,0,0,125,-71.2018
1.9,0,0,125,-71.1234
1.925,0,0,125,-71.0442
1.95,0,0,125,-70.9642
1.975,0,0,125,-70.8835
2,0,0,125,-70.8019
2.025,0,0,125,-70.7195
2.05,0,0,125,-70.6364
2.075,0,0,125,-70.5526
2.1,0,0,125,-70.468
2.125,0,0,125,-70.3827
2.15,0,0,125,-70.2966
2.175,0,0,125,-70.2099
2.2,0,0,125,-70.1225
2.225,0,0,125,-70.0344
2.25,0,0,125,-69.9457
2.275,0,0,125,-69.8563
2.3,0,0,125,-69.7663
2.325,0,0,125,-69.6757
2.35,0,0,125,-69.5845
2.375,0,0,125,-69.4927
2.4,0,0,125,-69.4004
2.425,0,0,125,-69.3075
2.45,0,0,125,-69.2141
2.475,0,0,125,-69.1201
2.5,0,0,125,-69.0257
2.525,0,0,125,-68.9308
2.55,0,0,125,-68.8355
2.575,0,0,125,-68.7397
2.6,0,0,125,-68.6435
2.625,0,0,125,-68.5469
2.65,0,0,125,-68.45
2.675,0,0,125,-68.3527
2.7,0,0,125,-68.255
2.725,0,0,125,-68.1571
2.75,0,0,125,-68.0588
2.775,0,0,125,-67.9603
2.8,0,0,125,-67.8616
2.825,0,0,125,-67.7626
2.85,0,0,125,-67.6634
2.875,0,0,125,-67.5641
2.9,0,0,125,-67.4646
2.925,0,0,125,-67.365
2.95,0,0,125,-67.2653
2.975,0,0,125,-67.1656
3,0,0,125,-67.0657
3.025,0,0,125,-66.9659
3.05,0,0,125,-66.8661
3.075,0,0,125,-66.7662
3.1,0,0,125,-66.6665
3.125,0,0,125,-66.5668
3.15,0,0,125,-66.4673
3.175,0,0,125,-66.3679
3.2,0,0,125,-66.2686
3.225,0,0,125,-66.1695
3.25,0,0,125,-66.0707
3.275,0,0,125,-65.9721
3.3,0,0,125,-65.8738
3.325,0,0,125,-65.7758
3.35,0,0,125,-65.6782
3.375,0,0,125,-65.5809
3.4,0,0,125,-65.484
3.425,0,0,125,-65.3876
3.45,0,0,125,-65.2916
3.475,0,0,125,-65.1961
3.5,0,0,125,-65.1011
3.525,0,0,125,-65.0067
3.55,0,0,125,-64.9128
3.575,0,0,125,-64.8196
3.6,0,0,125,-64.727
3.625,0,0,125,-64.6351
3.65,0,0,125,-64.5439
3.675,0,0,125,-64.4534
3.7,0,0,125,-64.3638
3.725,0,0,125,-64.2749
3.75,0,0,125,-64.1869
3.775,0,0,125,-64.0997
3.8,0,0,125,-64.0134
3.825,0,0,125,-63.9281
3.85,0,0,125,-63.8437
3.875,0,0,125,-63.7603
3.9,0,0,125,-63.678
3.925,0,0,125,-63.5967
3.95,0,0,125,-63.5165
3.975,0,0,125,-63.4375
4,0,0,125,-63.3596
4.025,0,0,125,-63.2829
4.05,0,0,125,-63.2074
4.075,0,0,125,-63.1332
4.1,0,0,125,-63.0602
4.125,0,0,125,-62.9886
4.15,0,0,125,-62.9184
4.175,0,0,125,-62.8496
4.2,0,0,125,-62.7821
4.225,0,0,125,-62.7161
4.25,0,0,125,-62.6517
4.275,0,0,125,-62.5887
4.3,0,0,125,-62.5273
4.325,0,0,125,-62.4674
4.35,0,0,125,-62.4092
4.375,0,0,125,-62.3527
4.4,0,0,125,-62.2978
4.425,0,0,125,-62.2447
4.45,0,0,125,-62.1933
4.475,0,0,125,-62.1437
4.5,0,0,125,-62.0959
4.525,0,0,125,-62.05
4.55,0,0,125,-62.006
4.575,0,0,125,-61.9639
4.6,0,0,125,-61.9237
4.625,0,0,125,-61.8856
4.65,0,0,125,-61.8496
4.675,0,0,125,-61.8156
4.7,0,0,125,-61.7837
4.725,0,0,125,-61.754
4.75,0,0,125,-61.7266
4.775,0,0,125,-61.7014
4.8,0,0,125,-61.6785
4.825,0,0,125,-61.6579
4.85,0,0,125,-61.6398
4.875,0,0,125,-61.6241
4.9,0,0,125,-61.6109
4.925,0,0,125,-61.6003
4.95,0,0,125,-61.5923
4.975,0,0,125,-61.587
5,0,0,125,-61.5843
