0,0,0,125,-15.387
0.025,0,0,125,-15.3851
0.05,0,0,125,-15.3812
0.075,0,0,125,-15.3754
0.1,0,0,125,-15.3677
0.125,0,0,125,-15.3582
0.15,0,0,125,-15.3471
0.175,0,0,125,-15.3345
0.2,0,0,125,-15.3206
0.225,0,0,125,-15.3057
0.25,0,0,125,-15.2897
0.275,0,0,125,-15.2729
0.3,0,0,125,-15.2552
0.325,0,0,125,-15.2368
0.35,0,0,125,-15.2178
0.375,0,0,125,-15.1982
0.4,0,0,125,-15.1781
0.425,0,0,125,-15.1576
0.45,0,0,125,-15.1367
0.475,0,0,125,-15.1154
0.5,0,0,125,-15.0938
0.525,0,0,125,-15.0719
0.55,0,0,125,-15.0498
0.575,0,0,125,-15.0275
0.6,0,0,125,-15.005
0.625,0,0,125,-14.9823
0.65,0,0,125,-14.9595
0.675,0,0,125,-14.9366
0.7,0,0,125,-14.9136
0.725,0,0,125,-14.8905
0.75,0,0,125,-14.8673
0.775,0,0,125,-14.8441
0.8,0,0,125,-14.8208
0.825,0,0,125,-14.7975
0.85,0,0,125,-14.7742
0.875,0,0,125,-14.7509
0.9,0,0,125,-14.7275
0.925,0,0,125,-14.7042
0.95,0,0,125,-14.6808
0.975,0,0,125,-14.6575
1,0,0,125,-14.6342
1.025,0,0,125,-14.6109
1.05,0,0,125,-14.5876
1.075,0,0,125,-14.5643
1.1,0,0,125,-14.5411
1.125,0,0,125,-14.5179
1.15,0,0,125,-14.4947
1.175,0,0,125,-14.4716
1.2,0,0,125,-14.4485
1.225,0,0,125,-14.4254
1.25,0,0,125,-14.4024
1.275,0,0,125,-14.3794
1.3,0,0,125,-14.3565
1.325,0,0,125,-14.3335
1.35,0,0,125,-14.3107
1.375,0,0,125,-14.2879
1.4,0,0,125,-14.2651
1.425,0,0,125,-14.2423
1.45,0,0,125,-14.2196
1.475,0,0,125,-14.197
1.5,0,0,125,-14.1743
1.525,0,0,125,-14.1518
1.55,0,0,125,-14.1292
1.575,0,0,125,-14.1067
1.6,0,0,125,-14.0843
1.625,0,0,125,-14.0619
1.65,0,0,125,-14.0395
1.675,0,0,125,-14.0171
1.7,0,0,125,-13.9948
1.725,0,0,125,-13.9726
1.75,0,0,125,-13.9504
1.775,0,0,125,-13.9282
1.8,0,0,125,-13.9061
1.825,0,0,125,-13.884
1.85,0,0,125,-13.8619
1.875,0,0,125,-13.8399
1.9,0,0,125,-13.8179
1.925,0,0,125,-13.796
1.95,0,0,125,-13.7741
1.975,0,0,125,-13.7522
2,0,0,125,-13.7304
2.025,0,0,125,-13.7086
2.05,0,0,125,-13.6869
2.075,0,0,125,-13.6651
2.1,0,0,125,-13.6435
2.125,0,0,125,-13.6218
2.15,0,0,125,-13.6002
2.175,0,0,125,-13.5786
2.2,0,0,125,-13.5571
2.225,0,0,125,-13.5355
2.25,0,0,125,-13.5141
2.275,0,0,125,-13.4926
2.3,0,0,125,-13.4712
2.325,0,0,125,-13.4498
2.35,0,0,125,-13.4285
2.375,0,0,125,-13.4072
2.4,0,0,125,-13.3859
2.425,0,0,125,-13.3647
2.45,0,0,125,-13.3435
2.475,0,0,125,-13.3223
2.5,0,0,125,-13.3012
2.525,0,0,125,-13.2801
2.55,0,0,125,-13.259
2.575,0,0,125,-13.2379
2.6,0,0,125,-13.2169
2.625,0,0,125,-13.1959
2.65,0,0,125,-13.175
2.675,0,0,125,-13.1541
2.7,0,0,125,-13.1332
2.725,0,0,125,-13.1123
2.75,0,0,125,-13.0914
2.775,0,0,125,-13.0706
2.8,0,0,125,-13.0499
2.825,0,0,125,-13.0291
2.85,0,0,125,-13.0084
2.875,0,0,125,-12.9877
2.9,0,0,125,-12.967
2.925,0,0,125,-12.9464
2.95,0,0,125,-12.9258
2.975,0,0,125,-12.9052
3,0,0,125,-12.8846
3.025,0,0,125,-12.8641
3.05,0,0,125,-12.8436
3.075,0,0,125,-12.8231
3.1,0,0,125,-12.8027
3.125,0,0,125,-12.7823
3.15,0,0,125,-12.7619
3.175,0,0,125,-12.7415
3.2,0,0,125,-12.7212
3.225,0,0,125,-12.7009
3.25,0,0,125,-12.6806
3.275,0,0,125,-12.6603
3.3,0,0,125,-12.6401
3.325,0,0,125,-12.6198
3.35,0,0,125,-12.5996
3.375,0,0,125,-12.5795
3.4,0,0,125,-12.5593
3.425,0,0,125,-12.5392
3.45,0,0,125,-12.519
3.475,0,0,125,-12.4989
3.5,0,0,125,-12.4789
3.525,0,0,125,-12.4588
3.55,0,0,125,-12.4388
3.575,0,0,125,-12.4188
3.6,0,0,125,-12.3988
3.625,0,0,125,-12.3788
3.65,0,0,125,-12.3589
3.675,0,0,125,-12.339
3.7,0,0,125,-12.3191
3.725,0,0,125,-12.2992
3.75,0,0,125,-12.2793
3.775,0,0,125,-12.2595
3.8,0,0,125,-12.2396
3.825,0,0,125,-12.2198
3.85,0,0,125,-12.2
3.875,0,0,125,-12.1802
3.9,0,0,125,-12.1604
3.925,0,0,125,-12.1407
3.95,0,0,125,-12.121
3.975,0,0,125,-12.1013
4,0,0,125,-12.0816
4.025,0,0,125,-12.0619
4.05,0,0,125,-12.0423
4.075,0,0,125,-12.0227
4.1,0,0,125,-12.0031
4.125,0,0,125,-11.9836
4.15,0,0,125,-11.9641
4.175,0,0,125,-11.9446
4.2,0,0,125,-11.9252
4.225,0,0,125,-11.9058
4.25,0,0,125,-11.8865
4.275,0,0,125,-11.8672
4.3,0,0,125,-11.8481
4.325,0,0,125,-11.8289
4.35,0,0,125,-11.8099
4.375,0,0,125,-11.791
4.4,0,0,125,-11.7722
4.425,0,0,125,-11.7535
4.45,0,0,125,-11.735
4.475,0,0,125,-11.7166
4.5,0,0,125,-11.6984
4.525,0,0,125,-11.6804
4.55,0,0,125,-11.6627
4.575,0,0,125,-11.6453
4.6,0,0,125,-11.6282
4.625,0,0,125,-11.6114
4.65,0,0,125,-11.595
4.675,0,0,125,-11.5791
4.7,0,0,125,-11.5637
4.725,0,0,125,-11.5489
4.75,0,0,125,-11.5348
4.775,0,0,125,-11.5214
4.8,0,0,125,-11.5088
4.825,0,0,125,-11.4972
4.85,0,0,125,-11.4866
4.875,0,0,125,-11.4773
4.9,0,0,125,-11.4692
4.925,0,0,125,-11.4625
4.95,0,0,125,-11.4574
4.975,0,0,125,-11.4539
5,0,0,125,-11.4521
