0,0,0,125,-22.1751
0.025,0,0,125,-22.1725
0.05,0,0,125,-22.1675
0.075,0,0,125,-22.1601
0.1,0,0,125,-22.1501
0.125,0,0,125,-22.1379
0.15,0,0,125,-22.1234
0.175,0,0,125,-22.1069
0.2,0,0,125,-22.0885
0.225,0,0,125,-22.0685
0.25,0,0,125,-22.0468
0.275,0,0,125,-22.0237
0.3,0,0,125,-21.9992
0.325,0,0,125,-21.9735
0.35,0,0,125,-21.9465
0.375,0,0,125,-21.9185
0.4,0,0,125,-21.8894
0.425,0,0,125,-21.8594
0.45,0,0,125,-21.8285
0.475,0,0,125,-21.7968
0.5,0,0,125,-21.7644
0.525,0,0,125,-21.7313
0.55,0,0,125,-21.6975
0.575,0,0,125,-21.6632
0.6,0,0,125,-21.6283
0.625,0,0,125,-21.5929
0.65,0,0,125,-21.557
0.675,0,0,125,-21.5207
0.7,0,0,125,-21.4841
0.725,0,0,125,-21.4471
0.75,0,0,125,-21.4098
0.775,0,0,125,-21.3722
0.8,0,0,125,-21.3344
0.825,0,0,125,-21.2963
0.85,0,0,125,-21.258
0.875,0,0,125,-21.2196
0.9,0,0,125,-21.181
0.925,0,0,125,-21.1423
0.95,0,0,125,-21.1034
0.975,0,0,125,-21.0645
1,0,0,125,-21.0254
1.025,0,0,125,-20.9864
1.05,0,0,125,-20.9472
1.075,0,0,125,-20.9081
1.1,0,0,125,-20.8689
1.125,0,0,125,-20.8297
1.15,0,0,125,-20.7905
1.175,0,0,125,-20.7513
1.2,0,0,125,-20.7122
1.225,0,0,125,-20.6731
1.25,0,0,125,-20.634
1.275,0,0,125,-20.595
1.3,0,0,125,-20.556
1.325,0,0,125,-20.5171
1.35,0,0,125,-20.4783
1.375,0,0,125,-20.4395
1.4,0,0,125,-20.4009
1.425,0,0,125,-20.3623
1.45,0,0,125,-20.3238
1.475,0,0,125,-20.2854
1.5,0,0,125,-20.2471
1.525,0,0,125,-20.209
1.55,0,0,125,-20.1709
1.575,0,0,125,-20.1329
1.6,0,0,125,-20.0951
1.625,0,0,125,-20.0574
1.65,0,0,125,-20.0198
1.675,0,0,125,-19.9823
1.7,0,0,125,-19.9449
1.725,0,0,125,-19.9077
1.75,0,0,125,-19.8706
1.775,0,0,125,-19.8336
1.8,0,0,125,-19.7967
1.825,0,0,125,-19.7599
1.85,0,0,125,-19.7233
1.875,0,0,125,-19.6869
1.9,0,0,125,-19.6505
1.925,0,0,125,-19.6143
1.95,0,0,125,-19.5782
1.975,0,0,125,-19.5423
2,0,0,125,-19.5064
2.025,0,0,125,-19.4708
2.05,0,0,125,-19.4352
2.075,0,0,125,-19.3998
2.1,0,0,125,-19.3645
2.125,0,0,125,-19.3293
2.15,0,0,125,-19.2943
2.175,0,0,125,-19.2594
2.2,0,0,125,-19.2246
2.225,0,0,125,-19.19
2.25,0,0,125,-19.1555
2.275,0,0,125,-19.1211
2.3,0,0,125,-19.0868
2.325,0,0,125,-19.0527
2.35,0,0,125,-19.0187
2.375,0,0,125,-18.9848
2.4,0,0,125,-18.9511
2.425,0,0,125,-18.9174
2.45,0,0,125,-18.8839
2.475,0,0,125,-18.8505
2.5,0,0,125,-18.8173
2.525,0,0,125,-18.7841
2.55,0,0,125,-18.7511
2.575,0,0,125,-18.7182
2.6,0,0,125,-18.6854
2.625,0,0,125,-18.6527
2.65,0,0,125,-18.6201
2.675,0,0,125,-18.5877
2.7,0,0,125,-18.5554
2.725,0,0,125,-18.5232
2.75,0,0,125,-18.4911
2.775,0,0,125,-18.4591
2.8,0,0,125,-18.4272
2.825,0,0,125,-18.3954
2.85,0,0,125,-18.3637
2.875,0,0,125,-18.3322
2.9,0,0,125,-18.3007
2.925,0,0,125,-18.2694
2.95,0,0,125,-18.2382
2.975,0,0,125,-18.207
3,0,0,125,-18.176
3.025,0,0,125,-18.1451
3.05,0,0,125,-18.1143
3.075,0,0,125,-18.0836
3.1,0,0,125,-18.0529
3.125,0,0,125,-18.0224
3.15,0,0,125,-17.992
3.175,0,0,125,-17.9617
3.2,0,0,125,-17.9315
3.225,0,0,125,-17.9014
3.25,0,0,125,-17.8713
3.275,0,0,125,-17.8414
3.3,0,0,125,-17.8116
3.325,0,0,125,-17.7818
3.35,0,0,125,-17.7522
3.375,0,0,125,-17.7226
3.4,0,0,125,-17.6932
3.425,0,0,125,-17.6638
3.45,0,0,125,-17.6345
3.475,0,0,125,-17.6053
3.5,0,0,125,-17.5763
3.525,0,0,125,-17.5473
3.55,0,0,125,-17.5184
3.575,0,0,125,-17.4896
3.6,0,0,125,-17.4609
3.625,0,0,125,-17.4323
3.65,0,0,125,-17.4037
3.675,0,0,125,-17.3753
3.7,0,0,125,-17.347
3.725,0,0,125,-17.3187
3.75,0,0,125,-17.2906
3.775,0,0,125,-17.2625
3.8,0,0,125,-17.2346
3.825,0,0,125,-17.2067
3.85,0,0,125,-17.179
3.875,0,0,125,-17.1513
3.9,0,0,125,-17.1238
3.925,0,0,125,-17.0963
3.95,0,0,125,-17.069
3.975,0,0,125,-17.0417
4,0,0,125,-17.0146
4.025,0,0,125,-16.9876
4.05,0,0,125,-16.9608
4.075,0,0,125,-16.934
4.1,0,0,125,-16.9074
4.125,0,0,125,-16.8809
4.15,0,0,125,-16.8546
4.175,0,0,125,-16.8284
4.2,0,0,125,-16.8024
4.225,0,0,125,-16.7765
4.25,0,0,125,-16.7509
4.275,0,0,125,-16.7254
4.3,0,0,125,-16.7001
4.325,0,0,125,-16.675
4.35,0,0,125,-16.6502
4.375,0,0,125,-16.6256
4.4,0,0,125,-16.6013
4.425,0,0,125,-16.5773
4.45,0,0,125,-16.5536
4.475,0,0,125,-16.5303
4.5,0,0,125,-16.5073
4.525,0,0,125,-16.4847
4.55,0,0,125,-16.4626
4.575,0,0,125,-16.4409
4.6,0,0,125,-16.4198
4.625,0,0,125,-16.3992
4.65,0,0,125,-16.3792
4.675,0,0,125,-16.36
4.7,0,0,125,-16.3415
4.725,0,0,125,-16.3238
4.75,0,0,125,-16.307
4.775,0,0,125,-16.2912
4.8,0,0,125,-16.2765
4.825,0,0,125,-16.263
4.85,0,0,125,-16.2508
4.875,0,0,125,-16.24
4.9,0,0,125,-16.2307
4.925,0,0,125,-16.2231
4.95,0,0,125,-16.2173
4.975,0,0,125,-16.2134
5,0,0,125,-16.2114
