0,0,0,125,-18.4363
0.025,0,0,125,-18.4325
0.05,0,0,125,-18.4248
0.075,0,0,125,-18.4133
0.1,0,0,125,-18.3981
0.125,0,0,125,-18.3794
0.15,0,0,125,-18.3574
0.175,0,0,125,-18.3325
0.2,0,0,125,-18.305
0.225,0,0,125,-18.2753
0.25,0,0,125,-18.2436
0.275,0,0,125,-18.21
0.3,0,0,125,-18.1748
0.325,0,0,125,-18.1382
0.35,0,0,125,-18.1002
0.375,0,0,125,-18.0612
0.4,0,0,125,-18.0211
0.425,0,0,125,-17.9802
0.45,0,0,125,-17.9384
0.475,0,0,125,-17.896
0.5,0,0,125,-17.853
0.525,0,0,125,-17.8094
0.55,0,0,125,-17.7654
0.575,0,0,125,-17.7211
0.6,0,0,125,-17.6764
0.625,0,0,125,-17.6315
0.65,0,0,125,-17.5863
0.675,0,0,125,-17.541
0.7,0,0,125,-17.4956
0.725,0,0,125,-17.45
0.75,0,0,125,-17.4044
0.775,0,0,125,-17.3587
0.8,0,0,125,-17.313
0.825,0,0,125,-17.2673
0.85,0,0,125,-17.2217
0.875,0,0,125,-17.176
0.9,0,0,125,-17.1304
0.925,0,0,125,-17.0849
0.95,0,0,125,-17.0394
0.975,0,0,125,-16.9939
1,0,0,125,-16.9486
1.025,0,0,125,-16.9033
1.05,0,0,125,-16.8581
1.075,0,0,125,-16.813
1.1,0,0,125,-16.768
1.125,0,0,125,-16.723
1.15,0,0,125,-16.6781
1.175,0,0,125,-16.6333
1.2,0,0,125,-16.5886
1.225,0,0,125,-16.5439
1.25,0,0,125,-16.4993
1.275,0,0,125,-16.4548
1.3,0,0,125,-16.4103
1.325,0,0,125,-16.3658
1.35,0,0,125,-16.3215
1.375,0,0,125,-16.2771
1.4,0,0,125,-16.2328
1.425,0,0,125,-16.1885
1.45,0,0,125,-16.1442
1.475,0,0,125,-16.0999
1.5,0,0,125,-16.0557
1.525,0,0,125,-16.0114
1.55,0,0,125,-15.9671
1.575,0,0,125,-15.9228
1.6,0,0,125,-15.8785
1.625,0,0,125,-15.8341
1.65,0,0,125,-15.7897
1.675,0,0,125,-15.7452
1.7,0,0,125,-15.7007
1.725,0,0,125,-15.6561
1.75,0,0,125,-15.6114
1.775,0,0,125,-15.5666
1.8,0,0,125,-15.5217
1.825,0,0,125,-15.4767
1.85,0,0,125,-15.4316
1.875,0,0,125,-15.3864
1.9,0,0,125,-15.341
1.925,0,0,125,-15.2955
1.95,0,0,125,-15.2498
1.975,0,0,125,-15.2039
2,0,0,125,-15.1579
2.025,0,0,125,-15.1117
2.05,0,0,125,-15.0652
2.075,0,0,125,-15.0186
2.1,0,0,125,-14.9718
2.125,0,0,125,-14.9247
2.15,0,0,125,-14.8774
2.175,0,0,125,-14.8298
2.2,0,0,125,-14.782
2.225,0,0,125,-14.7339
2.25,0,0,125,-14.6855
2.275,0,0,125,-14.6369
2.3,0,0,125,-14.5879
2.325,0,0,125,-14.5386
2.35,0,0,125,-14.489
2.375,0,0,125,-14.4391
2.4,0,0,125,-14.3887
2.425,0,0,125,-14.3381
2.45,0,0,125,-14.287
2.475,0,0,125,-14.2356
2.5,0,0,125,-14.1838
2.525,0,0,125,-14.1316
2.55,0,0,125,-14.0789
2.575,0,0,125,-14.0258
2.6,0,0,125,-13.9723
2.625,0,0,125,-13.9183
2.65,0,0,125,-13.8638
2.675,0,0,125,-13.8088
2.7,0,0,125,-13.7533
2.725,0,0,125,-13.6973
2.75,0,0,125,-13.6408
2.775,0,0,125,-13.5837
2.8,0,0,125,-13.5261
2.825,0,0,125,-13.4679
2.85,0,0,125,-13.409
2.875,0,0,125,-13.3496
2.9,0,0,125,-13.2895
2.925,0,0,125,-13.2288
2.95,0,0,125,-13.1674
2.975,0,0,125,-13.1054
3,0,0,125,-13.0426
3.025,0,0,125,-12.9791
3.05,0,0,125,-12.9149
3.075,0,0,125,-12.8499
3.1,0,0,125,-12.7841
3.125,0,0,125,-12.7175
3.15,0,0,125,-12.6501
3.175,0,0,125,-12.5819
3.2,0,0,125,-12.5128
3.225,0,0,125,-12.4428
3.25,0,0,125,-12.3719
3.275,0,0,125,-12.3
3.3,0,0,125,-12.2272
3.325,0,0,125,-12.1534
3.35,0,0,125,-12.0787
3.375,0,0,125,-12.0029
3.4,0,0,125,-11.926
3.425,0,0,125,-11.8481
3.45,0,0,125,-11.769
3.475,0,0,125,-11.6889
3.5,0,0,125,-11.6076
3.525,0,0,125,-11.5252
3.55,0,0,125,-11.4416
3.575,0,0,125,-11.3567
3.6,0,0,125,-11.2707
3.625,0,0,125,-11.1834
3.65,0,0,125,-11.0948
3.675,0,0,125,-11.0049
3.7,0,0,125,-10.9138
3.725,0,0,125,-10.8213
3.75,0,0,125,-10.7276
3.775,0,0,125,-10.6325
3.8,0,0,125,-10.536
3.825,0,0,125,-10.4383
3.85,0,0,125,-10.3392
3.875,0,0,125,-10.2388
3.9,0,0,125,-10.1371
3.925,0,0,125,-10.034
3.95,0,0,125,-9.92977
3.975,0,0,125,-9.82426
4,0,0,125,-9.71754
4.025,0,0,125,-9.60967
4.05,0,0,125,-9.50069
4.075,0,0,125,-9.39067
4.1,0,0,125,-9.27968
4.125,0,0,125,-9.16779
4.15,0,0,125,-9.05509
4.175,0,0,125,-8.94168
4.2,0,0,125,-8.82767
4.225,0,0,125,-8.71318
4.25,0,0,125,-8.59834
4.275,0,0,125,-8.4833
4.3,0,0,125,-8.3682
4.325,0,0,125,-8.25322
4.35,0,0,125,-8.13854
4.375,0,0,125,-8.02435
4.4,0,0,125,-7.91084
4.425,0,0,125,-7.79825
4.45,0,0,125,-7.6868
4.475,0,0,125,-7.57673
4.5,0,0,125,-7.46829
4.525,0,0,125,-7.36175
4.55,0,0,125,-7.25739
4.575,0,0,125,-7.15548
4.6,0,0,125,-7.05633
4.625,0,0,125,-6.96024
4.65,0,0,125,-6.86754
4.675,0,0,125,-6.77853
4.7,0,0,125,-6.69357
4.725,0,0,125,-6.61299
4.75,0,0,125,-6.53714
4.775,0,0,125,-6.46639
4.8,0,0,125,-6.4011
4.825,0,0,125,-6.34166
4.85,0,0,125,-6.28844
4.875,0,0,125,-6.24184
4.9,0,0,125,-6.20224
4.925,0,0,125,-6.17002
4.95,0,0,125,-6.14551
4.975,0,0,125,-6.129
5,0,0,125,-6.12069
