0,0,0,125,-23.129
0.025,0,0,125,-23.1247
0.05,0,0,125,-23.1161
0.075,0,0,125,-23.1033
0.1,0,0,125,-23.0863
0.125,0,0,125,-23.0653
0.15,0,0,125,-23.0406
0.175,0,0,125,-23.0125
0.2,0,0,125,-22.9815
0.225,0,0,125,-22.9477
0.25,0,0,125,-22.9114
0.275,0,0,125,-22.8728
0.3,0,0,125,-22.8322
0.325,0,0,125,-22.7897
0.35,0,0,125,-22.7456
0.375,0,0,125,-22.6999
0.4,0,0,125,-22.6529
0.425,0,0,125,-22.6047
0.45,0,0,125,-22.5554
0.475,0,0,125,-22.5051
0.5,0,0,125,-22.4541
0.525,0,0,125,-22.4023
0.55,0,0,125,-22.3498
0.575,0,0,125,-22.2969
0.6,0,0,125,-22.2435
0.625,0,0,125,-22.1898
0.65,0,0,125,-22.1357
0.675,0,0,125,-22.0815
0.7,0,0,125,-22.0271
0.725,0,0,125,-21.9726
0.75,0,0,125,-21.918
0.775,0,0,125,-21.8635
0.8,0,0,125,-21.809
0.825,0,0,125,-21.7546
0.85,0,0,125,-21.7003
0.875,0,0,125,-21.6462
0.9,0,0,125,-21.5923
0.925,0,0,125,-21.5386
0.95,0,0,125,-21.4852
0.975,0,0,125,-21.432
1,0,0,125,-21.3791
1.025,0,0,125,-21.3265
1.05,0,0,125,-21.2742
1.075,0,0,125,-21.2223
1.1,0,0,125,-21.1707
1.125,0,0,125,-21.1194
1.15,0,0,125,-21.0685
1.175,0,0,125,-21.018
1.2,0,0,125,-20.9678
1.225,0,0,125,-20.9181
1.25,0,0,125,-20.8686
1.275,0,0,125,-20.8196
1.3,0,0,125,-20.771
1.325,0,0,125,-20.7227
1.35,0,0,125,-20.6748
1.375,0,0,125,-20.6273
1.4,0,0,125,-20.5802
1.425,0,0,125,-20.5334
1.45,0,0,125,-20.487
1.475,0,0,125,-20.4409
1.5,0,0,125,-20.3952
1.525,0,0,125,-20.3499
1.55,0,0,125,-20.3049
1.575,0,0,125,-20.2602
1.6,0,0,125,-20.2159
1.625,0,0,125,-20.1719
1.65,0,0,125,-20.1282
1.675,0,0,125,-20.0848
1.7,0,0,125,-20.0417
1.725,0,0,125,-19.9989
1.75,0,0,125,-19.9564
1.775,0,0,125,-19.9142
1.8,0,0,125,-19.8722
1.825,0,0,125,-19.8305
1.85,0,0,125,-19.789
1.875,0,0,125,-19.7478
1.9,0,0,125,-19.7069
1.925,0,0,125,-19.6661
1.95,0,0,125,-19.6256
1.975,0,0,125,-19.5853
2,0,0,125,-19.5452
2.025,0,0,125,-19.5052
2.05,0,0,125,-19.4655
2.075,0,0,125,-19.426
2.1,0,0,125,-19.3866
2.125,0,0,125,-19.3473
2.15,0,0,125,-19.3083
2.175,0,0,125,-19.2693
2.2,0,0,125,-19.2306
2.225,0,0,125,-19.1919
2.25,0,0,125,-19.1534
2.275,0,0,125,-19.1149
2.3,0,0,125,-19.0766
2.325,0,0,125,-19.0384
2.35,0,0,125,-19.0003
2.375,0,0,125,-18.9623
2.4,0,0,125,-18.9243
2.425,0,0,125,-18.8864
2.45,0,0,125,-18.8486
2.475,0,0,125,-18.8109
2.5,0,0,125,-18.7732
2.525,0,0,125,-18.7356
2.55,0,0,125,-18.698
2.575,0,0,125,-18.6604
2.6,0,0,125,-18.6229
2.625,0,0,125,-18.5854
2.65,0,0,125,-18.5479
2.675,0,0,125,-18.5104
2.7,0,0,125,-18.4729
2.725,0,0,125,-18.4355
2.75,0,0,125,-18.398
2.775,0,0,125,-18.3606
2.8,0,0,125,-18.3231
2.825,0,0,125,-18.2856
2.85,0,0,125,-18.2481
2.875,0,0,125,-18.2105
2.9,0,0,125,-18.173
2.925,0,0,125,-18.1354
2.95,0,0,125,-18.0978
2.975,0,0,125,-18.0601
3,0,0,125,-18.0224
3.025,0,0,125,-17.9846
3.05,0,0,125,-17.9468
3.075,0,0,125,-17.9089
3.1,0,0,125,-17.871
3.125,0,0,125,-17.833
3.15,0,0,125,-17.795
3.175,0,0,125,-17.7568
3.2,0,0,125,-17.7186
3.225,0,0,125,-17.6804
3.25,0,0,125,-17.642
3.275,0,0,125,-17.6036
3.3,0,0,125,-17.5651
3.325,0,0,125,-17.5266
3.35,0,0,125,-17.4879
3.375,0,0,125,-17.4492
3.4,0,0,125,-17.4104
3.425,0,0,125,-17.3715
3.45,0,0,125,-17.3325
3.475,0,0,125,-17.2934
3.5,0,0,125,-17.2543
3.525,0,0,125,-17.2151
3.55,0,0,125,-17.1758
3.575,0,0,125,-17.1365
3.6,0,0,125,-17.097
3.625,0,0,125,-17.0575
3.65,0,0,125,-17.0179
3.675,0,0,125,-16.9782
3.7,0,0,125,-16.9384
3.725,0,0,125,-16.8986
3.75,0,0,125,-16.8587
3.775,0,0,125,-16.8187
3.8,0,0,125,-16.7787
3.825,0,0,125,-16.7386
3.85,0,0,125,-16.6985
3.875,0,0,125,-16.6582
3.9,0,0,125,-16.618
3.925,0,0,125,-16.5776
3.95,0,0,125,-16.5373
3.975,0,0,125,-16.4969
4,0,0,125,-16.4564
4.025,0,0,125,-16.416
4.05,0,0,125,-16.3755
4.075,0,0,125,-16.335
4.1,0,0,125,-16.2945
4.125,0,0,125,-16.254
4.15,0,0,125,-16.2135
4.175,0,0,125,-16.173
4.2,0,0,125,-16.1326
4.225,0,0,125,-16.0923
4.25,0,0,125,-16.052
4.275,0,0,125,-16.0118
4.3,0,0,125,-15.9717
4.325,0,0,125,-15.9318
4.35,0,0,125,-15.892
4.375,0,0,125,-15.8524
4.4,0,0,125,-15.8131
4.425,0,0,125,-15.774
4.45,0,0,125,-15.7352
4.475,0,0,125,-15.6967
4.5,0,0,125,-15.6587
4.525,0,0,125,-15.6211
4.55,0,0,125,-15.584
4.575,0,0,125,-15.5475
4.6,0,0,125,-15.5117
4.625,0,0,125,-15.4767
4.65,0,0,125,-15.4425
4.675,0,0,125,-15.4093
4.7,0,0,125,-15.3772
4.725,0,0,125,-15.3464
4.75,0,0,125,-15.317
4.775,0,0,125,-15.2891
4.8,0,0,125,-15.263
4.825,0,0,125,-15.2389
4.85,0,0,125,-15.217
4.875,0,0,125,-15.1975
4.9,0,0,125,-15.1807
4.925,0,0,125,-15.1669
4.95,0,0,125,-15.1563
4.975,0,0,125,-15.1491
5,0,0,125,-15.1455
