0,0,0,125,-74.7392
0.025,0,0,125,-74.7379
0.05,0,0,125,-74.7352
0.075,0,0,125,-74.7313
0.1,0,0,125,-74.726
0.125,0,0,125,-74.7194
0.15,0,0,125,-74.7116
0.175,0,0,125,-74.7026
0.2,0,0,125,-74.6923
0.225,0,0,125,-74.6809
0.25,0,0,125,-74.6684
0.275,0,0,125,-74.6547
0.3,0,0,125,-74.6399
0.325,0,0,125,-74.624
0.35,0,0,125,-74.607
0.375,0,0,125,-74.5889
0.4,0,0,125,-74.5698
0.425,0,0,125,-74.5496
0.45,0,0,125,-74.5283
0.475,0,0,125,-74.506
0.5,0,0,125,-74.4827
0.525,0,0,125,-74.4584
0.55,0,0,125,-74.433
0.575,0,0,125,-74.4067
0.6,0,0,125,-74.3793
0.625,0,0,125,-74.3509
0.65,0,0,125,-74.3215
0.675,0,0,125,-74.291
0.7,0,0,125,-74.2596
0.725,0,0,125,-74.2272
0.75,0,0,125,-74.1938
0.775,0,0,125,-74.1595
0.8,0,0,125,-74.1241
0.825,0,0,125,-74.0877
0.85,0,0,125,-74.0504
0.875,0,0,125,-74.0121
0.9,0,0,125,-73.9729
0.925,0,0,125,-73.9326
0.95,0,0,125,-73.8914
0.975,0,0,125,-73.8492
1,0,0,125,-73.806
1.025,0,0,125,-73.7619
1.05,0,0,125,-73.7168
1.075,0,0,125,-73.6707
1.1,0,0,125,-73.6237
1.125,0,0,125,-73.5757
1.15,0,0,125,-73.5267
1.175,0,0,125,-73.4768
1.2,0,0,125,-73.4259
1.225,0,0,125,-73.374
1.25,0,0,125,-73.3212
1.275,0,0,125,-73.2675
1.3,0,0,125,-73.2128
1.325,0,0,125,-73.1571
1.35,0,0,125,-73.1005
1.375,0,0,125,-73.043
1.4,0,0,125,-72.9846
1.425,0,0,125,-72.9252
1.45,0,0,125,-72.8649
1.475,0,0,125,-72.8037
1.5,0,0,125,-72.7415
1.525,0,0,125,-72.6785
1.55,0,0,125,-72.6145
1.575,0,0,125,-72.5496
1.6,0,0,125,-72.4838
1.625,0,0,125,-72.4171
1.65,0,0,125,-72.3496
1.675,0,0,125,-72.2812
1.7,0,0,125,-72.2119
1.725,0,0,125,-72.1417
1.75,0,0,125,-72.0706
1.775,0,0,125,-71.9987
1.8,0,0,125,-71.926
1.825,0,0,125,-71.8524
1.85,0,0,125,-71.778
1.875,0,0,125,-71.7027
1.9,0,0,125,-71.6267
1.925,0,0,125,-71.5498
1.95,0,0,125,-71.4721
1.975,0,0,125,-71.3937
2,0,0,125,-71.3145
2.025,0,0,125,-71.2345
2.05,0,0,125,-71.1537
2.075,0,0,125,-71.0722
2.1,0,0,125,-70.99
2.125,0,0,125,-70.907
2.15,0,0,125,-70.8234
2.175,0,0,125,-70.739
2.2,0,0,125,-70.654
2.225,0,0,125,-70.5683
2.25,0,0,125,-70.4819
2.275,0,0,125,-70.3949
2.3,0,0,125,-70.3073
2.325,0,0,125,-70.2191
2.35,0,0,125,-70.1303
2.375,0,0,125,-70.0409
2.4,0,0,125,-69.9509
2.425,0,0,125,-69.8604
2.45,0,0,125,-69.7693
2.475,0,0,125,-69.6778
2.5,0,0,125,-69.5857
2.525,0,0,125,-69.4932
2.55,0,0,125,-69.4002
2.575,0,0,125,-69.3068
2.6,0,0,125,-69.2129
2.625,0,0,125,-69.1187
2.65,0,0,125,-69.0241
2.675,0,0,125,-68.9291
2.7,0,0,125,-68.8338
2.725,0,0,125,-68.7381
2.75,0,0,125,-68.6422
2.775,0,0,125,-68.546
2.8,0,0,125,-68.4496
2.825,0,0,125,-68.3529
2.85,0,0,125,-68.2561
2.875,0,0,125,-68.159
2.9,0,0,125,-68.0618
2.925,0,0,125,-67.9645
2.95,0,0,125,-67.8671
2.975,0,0,125,-67.7695
3,0,0,125,-67.6719
3.025,0,0,125,-67.5743
3.05,0,0,125,-67.4767
3.075,0,0,125,-67.3791
3.1,0,0,125,-67.2815
3.125,0,0,125,-67.1841
3.15,0,0,125,-67.0867
3.175,0,0,125,-66.9895
3.2,0,0,125,-66.8924
3.225,0,0,125,-66.7955
3.25,0,0,125,-66.6989
3.275,0,0,125,-66.6024
3.3,0,0,125,-66.5063
3.325,0,0,125,-66.4104
3.35,0,0,125,-66.3149
3.375,0,0,125,-66.2197
3.4,0,0,125,-66.1249
3.425,0,0,125,-66.0306
3.45,0,0,125,-65.9367
3.475,0,0,125,-65.8432
3.5,0,0,125,-65.7503
3.525,0,0,125,-65.6579
3.55,0,0,125,-65.5661
3.575,0,0,125,-65.4749
3.6,0,0,125,-65.3844
3.625,0,0,125,-65.2945
3.65,0,0,125,-65.2053
3.675,0,0,125,-65.1168
3.7,0,0,125,-65.0291
3.725,0,0,125,-64.9421
3.75,0,0,125,-64.856
3.775,0,0,125,-64.7708
3.8,0,0,125,-64.6864
3.825,0,0,125,-64.603
3.85,0,0,125,-64.5205
3.875,0,0,125,-64.439
3.9,0,0,125,-64.3585
3.925,0,0,125,-64.279
3.95,0,0,125,-64.2006
3.975,0,0,125,-64.1234
4,0,0,125,-64.0472
4.025,0,0,125,-63.9723
4.05,0,0,125,-63.8985
4.075,0,0,125,-63.826
4.1,0,0,125,-63.7547
4.125,0,0,125,-63.6848
4.15,0,0,125,-63.6162
4.175,0,0,125,-63.5489
4.2,0,0,125,-63.483
4.225,0,0,125,-63.4186
4.25,0,0,125,-63.3556
4.275,0,0,125,-63.2941
4.3,0,0,125,-63.2342
4.325,0,0,125,-63.1758
4.35,0,0,125,-63.1189
4.375,0,0,125,-63.0637
4.4,0,0,125,-63.0102
4.425,0,0,125,-62.9583
4.45,0,0,125,-62.9081
4.475,0,0,125,-62.8597
4.5,0,0,125,-62.8131
4.525,0,0,125,-62.7683
4.55,0,0,125,-62.7253
4.575,0,0,125,-62.6843
4.6,0,0,125,-62.6451
4.625,0,0,125,-62.6079
4.65,0,0,125,-62.5727
4.675,0,0,125,-62.5396
4.7,0,0,125,-62.5085
4.725,0,0,125,-62.4796
4.75,0,0,125,-62.4528
4.775,0,0,125,-62.4282
4.8,0,0,125,-62.4059
4.825,0,0,125,-62.3858
4.85,0,0,125,-62.3681
4.875,0,0,125,-62.3528
4.9,0,0,125,-62.34
4.925,0,0,125,-62.3297
4.95,0,0,125,-62.3219
4.975,0,0,125,-62.3166
5,0,0,125,-62.314
