0,0,0,125,-22.6265
0.025,0,0,125,-22.6239
0.05,0,0,125,-22.6188
0.075,0,0,125,-22.6112
0.1,0,0,125,-22.601
0.125,0,0,125,-22.5885
0.15,0,0,125,-22.5737
0.175,0,0,125,-22.5569
0.2,0,0,125,-22.5381
0.225,0,0,125,-22.5176
0.25,0,0,125,-22.4955
0.275,0,0,125,-22.4718
0.3,0,0,125,-22.4467
0.325,0,0,125,-22.4203
0.35,0,0,125,-22.3926
0.375,0,0,125,-22.3638
0.4,0,0,125,-22.3339
0.425,0,0,125,-22.3031
0.45,0,0,125,-22.2713
0.475,0,0,125,-22.2387
0.5,0,0,125,-22.2053
0.525,0,0,125,-22.1711
0.55,0,0,125,-22.1363
0.575,0,0,125,-22.1008
0.6,0,0,125,-22.0648
0.625,0,0,125,-22.0282
0.65,0,0,125,-21.9912
0.675,0,0,125,-21.9537
0.7,0,0,125,-21.9158
0.725,0,0,125,-21.8775
0.75,0,0,125,-21.8389
0.775,0,0,125,-21.8
0.8,0,0,125,-21.7608
0.825,0,0,125,-21.7213
0.85,0,0,125,-21.6817
0.875,0,0,125,-21.6418
0.9,0,0,125,-21.6018
0.925,0,0,125,-21.5616
0.95,0,0,125,-21.5213
0.975,0,0,125,-21.4808
1,0,0,125,-21.4403
1.025,0,0,125,-21.3997
1.05,0,0,125,-21.3591
1.075,0,0,125,-21.3184
1.1,0,0,125,-21.2777
1.125,0,0,125,-21.2369
1.15,0,0,125,-21.1962
1.175,0,0,125,-21.1555
1.2,0,0,125,-21.1148
1.225,0,0,125,-21.0741
1.25,0,0,125,-21.0335
1.275,0,0,125,-20.9929
1.3,0,0,125,-20.9524
1.325,0,0,125,-20.9119
1.35,0,0,125,-20.8716
1.375,0,0,125,-20.8313
1.4,0,0,125,-20.7911
1.425,0,0,125,-20.7509
1.45,0,0,125,-20.7109
1.475,0,0,125,-20.671
1.5,0,0,125,-20.6312
1.525,0,0,125,-20.5915
1.55,0,0,125,-20.5519
1.575,0,0,125,-20.5124
1.6,0,0,125,-20.4731
1.625,0,0,125,-20.4338
1.65,0,0,125,-20.3947
1.675,0,0,125,-20.3558
1.7,0,0,125,-20.3169
1.725,0,0,125,-20.2782
1.75,0,0,125,-20.2396
1.775,0,0,125,-20.2012
1.8,0,0,125,-20.1629
1.825,0,0,125,-20.1247
1.85,0,0,125,-20.0867
1.875,0,0,125,-20.0488
1.9,0,0,125,-20.011
1.925,0,0,125,-19.9734
1.95,0,0,125,-19.9359
1.975,0,0,125,-19.8986
2,0,0,125,-19.8614
2.025,0,0,125,-19.8244
2.05,0,0,125,-19.7875
2.075,0,0,125,-19.7507
2.1,0,0,125,-19.7141
2.125,0,0,125,-19.6776
2.15,0,0,125,-19.6413
2.175,0,0,125,-19.6051
2.2,0,0,125,-19.569
2.225,0,0,125,-19.5331
2.25,0,0,125,-19.4974
2.275,0,0,125,-19.4617
2.3,0,0,125,-19.4262
2.325,0,0,125,-19.3908
2.35,0,0,125,-19.3556
2.375,0,0,125,-19.3205
2.4,0,0,125,-19.2855
2.425,0,0,125,-19.2507
2.45,0,0,125,-19.216
2.475,0,0,125,-19.1814
2.5,0,0,125,-19.147
2.525,0,0,125,-19.1127
2.55,0,0,125,-19.0785
2.575,0,0,125,-19.0445
2.6,0,0,125,-19.0106
2.625,0,0,125,-18.9768
2.65,0,0,125,-18.9431
2.675,0,0,125,-18.9096
2.7,0,0,125,-18.8762
2.725,0,0,125,-18.8429
2.75,0,0,125,-18.8097
2.775,0,0,125,-18.7766
2.8,0,0,125,-18.7437
2.825,0,0,125,-18.7109
2.85,0,0,125,-18.6782
2.875,0,0,125,-18.6456
2.9,0,0,125,-18.6131
2.925,0,0,125,-18.5808
2.95,0,0,125,-18.5486
2.975,0,0,125,-18.5165
3,0,0,125,-18.4845
3.025,0,0,125,-18.4526
3.05,0,0,125,-18.4208
3.075,0,0,125,-18.3891
3.1,0,0,125,-18.3576
3.125,0,0,125,-18.3261
3.15,0,0,125,-18.2948
3.175,0,0,125,-18.2635
3.2,0,0,125,-18.2324
3.225,0,0,125,-18.2014
3.25,0,0,125,-18.1704
3.275,0,0,125,-18.1396
3.3,0,0,125,-18.1089
3.325,0,0,125,-18.0783
3.35,0,0,125,-18.0478
3.375,0,0,125,-18.0174
3.4,0,0,125,-17.9871
3.425,0,0,125,-17.9569
3.45,0,0,125,-17.9268
3.475,0,0,125,-17.8968
3.5,0,0,125,-17.8669
3.525,0,0,125,-17.8371
3.55,0,0,125,-17.8074
3.575,0,0,125,-17.7778
3.6,0,0,125,-17.7484
3.625,0,0,125,-17.719
3.65,0,0,125,-17.6897
3.675,0,0,125,-17.6605
3.7,0,0,125,-17.6314
3.725,0,0,125,-17.6024
3.75,0,0,125,-17.5735
3.775,0,0,125,-17.5447
3.8,0,0,125,-17.516
3.825,0,0,125,-17.4875
3.85,0,0,125,-17.459
3.875,0,0,125,-17.4306
3.9,0,0,125,-17.4024
3.925,0,0,125,-17.3743
3.95,0,0,125,-17.3463
3.975,0,0,125,-17.3184
4,0,0,125,-17.2906
4.025,0,0,125,-17.263
4.05,0,0,125,-17.2355
4.075,0,0,125,-17.2081
4.1,0,0,125,-17.1809
4.125,0,0,125,-17.1538
4.15,0,0,125,-17.1269
4.175,0,0,125,-17.1001
4.2,0,0,125,-17.0735
4.225,0,0,125,-17.0471
4.25,0,0,125,-17.0209
4.275,0,0,125,-16.9949
4.3,0,0,125,-16.9691
4.325,0,0,125,-16.9436
4.35,0,0,125,-16.9182
4.375,0,0,125,-16.8932
4.4,0,0,125,-16.8684
4.425,0,0,125,-16.844
4.45,0,0,125,-16.8198
4.475,0,0,125,-16.7961
4.5,0,0,125,-16.7727
4.525,0,0,125,-16.7497
4.55,0,0,125,-16.7272
4.575,0,0,125,-16.7052
4.6,0,0,125,-16.6837
4.625,0,0,125,-16.6628
4.65,0,0,125,-16.6426
4.675,0,0,125,-16.6231
4.7,0,0,125,-16.6043
4.725,0,0,125,-16.5864
4.75,0,0,125,-16.5694
4.775,0,0,125,-16.5534
4.8,0,0,125,-16.5385
4.825,0,0,125,-16.5248
4.85,0,0,125,-16.5125
4.875,0,0,125,-16.5016
4.9,0,0,125,-16.4922
4.925,0,0,125,-16.4846
4.95,0,0,125,-16.4787
4.975,0,0,125,-16.4747
5,0,0,125,-16.4727
