0,0,0,125,-6.15535
0.025,0,0,125,-6.1446
0.05,0,0,125,-6.1231
0.075,0,0,125,-6.09088
0.1,0,0,125,-6.048
0.125,0,0,125,-5.99461
0.15,0,0,125,-5.93099
0.175,0,0,125,-5.85755
0.2,0,0,125,-5.77464
0.225,0,0,125,-5.6825
0.25,0,0,125,-5.58135
0.275,0,0,125,-5.47137
0.3,0,0,125,-5.3527
0.325,0,0,125,-5.22548
0.35,0,0,125,-5.08981
0.375,0,0,125,-4.94578
0.4,0,0,125,-4.79345
0.425,0,0,125,-4.63289
0.45,0,0,125,-4.46414
0.475,0,0,125,-4.28721
0.5,0,0,125,-4.10214
0.525,0,0,125,-3.90891
0.55,0,0,125,-3.70752
0.575,0,0,125,-3.49796
0.6,0,0,125,-3.28019
0.625,0,0,125,-3.05417
0.65,0,0,125,-2.81987
0.675,0,0,125,-2.57723
0.7,0,0,125,-2.32617
0.725,0,0,125,-2.06665
0.75,0,0,125,-1.79857
0.775,0,0,125,-1.52186
0.8,0,0,125,-1.23644
0.825,0,0,125,-0.942207
0.85,0,0,125,-0.639069
0.875,0,0,125,-0.326928
0.9,0,0,125,-0.00568395
0.925,0,0,125,0.324767
0.95,0,0,125,0.664527
0.975,0,0,125,1.0137
1,0,0,125,1.37239
1.025,0,0,125,1.7407
1.05,0,0,125,2.11873
1.075,0,0,125,2.50657
1.1,0,0,125,2.90431
1.125,0,0,125,3.31204
1.15,0,0,125,3.72984
1.175,0,0,125,4.15777
1.2,0,0,125,4.5959
1.225,0,0,125,5.04428
1.25,0,0,125,5.50296
1.275,0,0,125,5.97196
1.3,0,0,125,6.45131
1.325,0,0,125,6.94102
1.35,0,0,125,7.44108
1.375,0,0,125,7.95147
1.4,0,0,125,8.47215
1.425,0,0,125,9.00309
1.45,0,0,125,9.5442
1.475,0,0,125,10.0954
1.5,0,0,125,10.6566
1.525,0,0,125,11.2277
1.55,0,0,125,11.8086
1.575,0,0,125,12.399
1.6,0,0,125,12.9988
1.625,0,0,125,13.6079
1.65,0,0,125,14.2258
1.675,0,0,125,14.8526
1.7,0,0,125,15.4877
1.725,0,0,125,16.1309
1.75,0,0,125,16.782
1.775,0,0,125,17.4404
1.8,0,0,125,18.1057
1.825,0,0,125,18.7776
1.85,0,0,125,19.4555
1.875,0,0,125,20.1388
1.9,0,0,125,20.8269
1.925,0,0,125,21.5191
1.95,0,0,125,22.2147
1.975,0,0,125,22.913
2,0,0,125,23.6129
2.025,0,0,125,24.3136
2.05,0,0,125,25.014
2.075,0,0,125,25.7129
2.1,0,0,125,26.4093
2.125,0,0,125,27.1017
2.15,0,0,125,27.7888
2.175,0,0,125,28.469
2.2,0,0,125,29.1408
2.225,0,0,125,29.8026
2.25,0,0,125,30.4527
2.275,0,0,125,31.0892
2.3,0,0,125,31.7103
2.325,0,0,125,32.3143
2.35,0,0,125,32.8992
2.375,0,0,125,33.4633
2.4,0,0,125,34.0048
2.425,0,0,125,34.522
2.45,0,0,125,35.0133
2.475,0,0,125,35.4772
2.5,0,0,125,35.9125
2.525,0,0,125,36.3179
2.55,0,0,125,36.6923
2.575,0,0,125,37.0346
2.6,0,0,125,37.3436
2.625,0,0,125,37.6178
2.65,0,0,125,37.8548
2.675,0,0,125,38.0509
2.7,0,0,125,38.1998
2.725,0,0,125,38.29
2.75,0,0,125,38.3009
2.775,0,0,125,38.1946
2.8,0,0,125,37.898
2.825,0,0,125,37.2671
2.85,0,0,125,36.0047
2.875,0,0,125,33.475
2.9,0,0,125,28.3064
2.925,0,0,125,17.8761
2.95,0,0,125,-0.177866
2.975,0,0,125,-21.2287
3,0,0,125,-38.7527
3.025,0,0,125,-51.5742
3.05,0,0,125,-60.5491
3.075,0,0,125,-66.7252
3.1,0,0,125,-70.942
3.125,0,0,125,-73.8083
3.15,0,0,125,-75.7507
3.175,0,0,125,-77.0634
3.2,0,0,125,-77.9482
3.225,0,0,125,-78.5423
3.25,0,0,125,-78.9393
3.275,0,0,125,-79.2026
3.3,0,0,125,-79.3755
3.325,0,0,125,-79.487
3.35,0,0,125,-79.557
3.375,0,0,125,-79.5988
3.4,0,0,125,-79.6217
3.425,0,0,125,-79.6317
3.45,0,0,125,-79.633
3.475,0,0,125,-79.6284
3.5,0,0,125,-79.6199
3.525,0,0,125,-79.6087
3.55,0,0,125,-79.5958
3.575,0,0,125,-79.5817
3.6,0,0,125,-79.5669
3.625,0,0,125,-79.5515
3.65,0,0,125,-79.5359
3.675,0,0,125,-79.5202
3.7,0,0,125,-79.5044
3.725,0,0,125,-79.4885
3.75,0,0,125,-79.4728
3.775,0,0,125,-79.4571
3.8,0,0,125,-79.4415
3.825,0,0,125,-79.426
3.85,0,0,125,-79.4107
3.875,0,0,125,-79.3955
3.9,0,0,125,-79.3805
3.925,0,0,125,-79.3656
3.95,0,0,125,-79.351
3.975,0,0,125,-79.3365
4,0,0,125,-79.3221
4.025,0,0,125,-79.308
4.05,0,0,125,-79.2941
4.075,0,0,125,-79.2804
4.1,0,0,125,-79.2669
4.125,0,0,125,-79.2536
4.15,0,0,125,-79.2406
4.175,0,0,125,-79.2278
4.2,0,0,125,-79.2152
4.225,0,0,125,-79.2028
4.25,0,0,125,-79.1907
4.275,0,0,125,-79.1789
4.3,0,0,125,-79.1674
4.325,0,0,125,-79.1561
4.35,0,0,125,-79.1451
4.375,0,0,125,-79.1344
4.4,0,0,125,-79.1239
4.425,0,0,125,-79.1137
4.45,0,0,125,-79.1039
4.475,0,0,125,-79.0944
4.5,0,0,125,-79.0852
4.525,0,0,125,-79.0763
4.55,0,0,125,-79.0677
4.575,0,0,125,-79.0595
4.6,0,0,125,-79.0516
4.625,0,0,125,-79.044
4.65,0,0,125,-79.0369
4.675,0,0,125,-79.0301
4.7,0,0,125,-79.0237
4.725,0,0,125,-79.0177
4.75,0,0,125,-79.0121
4.775,0,0,125,-79.007
4.8,0,0,125,-79.0022
4.825,0,0,125,-78.998
4.85,0,0,125,-78.9942
4.875,0,0,125,-78.9909
4.9,0,0,125,-78.9881
4.925,0,0,125,-78.9858
4.95,0,0,125,-78.9841
4.975,0,0,125,-78.983
5,0,0,125,-78.9824
