0,0,0,125,-52.0712
0.025,0,0,125,-52.068
0.05,0,0,125,-52.0616
0.075,0,0,125,-52.052
0.1,0,0,125,-52.0393
0.125,0,0,125,-52.0235
0.15,0,0,125,-52.0046
0.175,0,0,125,-51.9827
0.2,0,0,125,-51.958
0.225,0,0,125,-51.9305
0.25,0,0,125,-51.9002
0.275,0,0,125,-51.8673
0.3,0,0,125,-51.8318
0.325,0,0,125,-51.7936
0.35,0,0,125,-51.753
0.375,0,0,125,-51.7099
0.4,0,0,125,-51.6643
0.425,0,0,125,-51.6163
0.45,0,0,125,-51.566
0.475,0,0,125,-51.5133
0.5,0,0,125,-51.4584
0.525,0,0,125,-51.4012
0.55,0,0,125,-51.3418
0.575,0,0,125,-51.2803
0.6,0,0,125,-51.2165
0.625,0,0,125,-51.1507
0.65,0,0,125,-51.0828
0.675,0,0,125,-51.0128
0.7,0,0,125,-50.9408
0.725,0,0,125,-50.8668
0.75,0,0,125,-50.7909
0.775,0,0,125,-50.713
0.8,0,0,125,-50.6332
0.825,0,0,125,-50.5515
0.85,0,0,125,-50.468
0.875,0,0,125,-50.3826
0.9,0,0,125,-50.2955
0.925,0,0,125,-50.2066
0.95,0,0,125,-50.116
0.975,0,0,125,-50.0237
1,0,0,125,-49.9296
1.025,0,0,125,-49.8339
1.05,0,0,125,-49.7366
1.075,0,0,125,-49.6378
1.1,0,0,125,-49.5373
1.125,0,0,125,-49.4353
1.15,0,0,125,-49.3318
1.175,0,0,125,-49.2268
1.2,0,0,125,-49.1203
1.225,0,0,125,-49.0124
1.25,0,0,125,-48.9031
1.275,0,0,125,-48.7925
1.3,0,0,125,-48.6805
1.325,0,0,125,-48.5672
1.35,0,0,125,-48.4526
1.375,0,0,125,-48.3367
1.4,0,0,125,-48.2196
1.425,0,0,125,-48.1012
1.45,0,0,125,-47.9817
1.475,0,0,125,-47.8611
1.5,0,0,125,-47.7393
1.525,0,0,125,-47.6164
1.55,0,0,125,-47.4925
1.575,0,0,125,-47.3675
1.6,0,0,125,-47.2415
1.625,0,0,125,-47.1145
1.65,0,0,125,-46.9866
1.675,0,0,125,-46.8577
1.7,0,0,125,-46.728
1.725,0,0,125,-46.5973
1.75,0,0,125,-46.4658
1.775,0,0,125,-46.3335
1.8,0,0,125,-46.2004
1.825,0,0,125,-46.0665
1.85,0,0,125,-45.9319
1.875,0,0,125,-45.7966
1.9,0,0,125,-45.6605
1.925,0,0,125,-45.5239
1.95,0,0,125,-45.3865
1.975,0,0,125,-45.2486
2,0,0,125,-45.1101
2.025,0,0,125,-44.9711
2.05,0,0,125,-44.8315
2.075,0,0,125,-44.6914
2.1,0,0,125,-44.5509
2.125,0,0,125,-44.4099
2.15,0,0,125,-44.2684
2.175,0,0,125,-44.1266
2.2,0,0,125,-43.9844
2.225,0,0,125,-43.8419
2.25,0,0,125,-43.699
2.275,0,0,125,-43.5559
2.3,0,0,125,-43.4125
2.325,0,0,125,-43.2688
2.35,0,0,125,-43.125
2.375,0,0,125,-42.9809
2.4,0,0,125,-42.8367
2.425,0,0,125,-42.6923
2.45,0,0,125,-42.5478
2.475,0,0,125,-42.4032
2.5,0,0,125,-42.2585
2.525,0,0,125,-42.1138
2.55,0,0,125,-41.9691
2.575,0,0,125,-41.8243
2.6,0,0,125,-41.6796
2.625,0,0,125,-41.535
2.65,0,0,125,-41.3904
2.675,0,0,125,-41.2459
2.7,0,0,125,-41.1016
2.725,0,0,125,-40.9574
2.75,0,0,125,-40.8134
2.775,0,0,125,-40.6695
2.8,0,0,125,-40.5259
2.825,0,0,125,-40.3825
2.85,0,0,125,-40.2394
2.875,0,0,125,-40.0965
2.9,0,0,125,-39.954
2.925,0,0,125,-39.8118
2.95,0,0,125,-39.6699
2.975,0,0,125,-39.5285
3,0,0,125,-39.3874
3.025,0,0,125,-39.2468
3.05,0,0,125,-39.1066
3.075,0,0,125,-38.9668
3.1,0,0,125,-38.8276
3.125,0,0,125,-38.6888
3.15,0,0,125,-38.5506
3.175,0,0,125,-38.413
3.2,0,0,125,-38.2759
3.225,0,0,125,-38.1395
3.25,0,0,125,-38.0036
3.275,0,0,125,-37.8684
3.3,0,0,125,-37.7339
3.325,0,0,125,-37.6001
3.35,0,0,125,-37.4669
3.375,0,0,125,-37.3346
3.4,0,0,125,-37.2029
3.425,0,0,125,-37.0721
3.45,0,0,125,-36.9421
3.475,0,0,125,-36.8129
3.5,0,0,125,-36.6846
3.525,0,0,125,-36.5571
3.55,0,0,125,-36.4306
3.575,0,0,125,-36.3049
3.6,0,0,125,-36.1803
3.625,0,0,125,-36.0566
3.65,0,0,125,-35.9339
3.675,0,0,125,-35.8123
3.7,0,0,125,-35.6917
3.725,0,0,125,-35.5723
3.75,0,0,125,-35.4539
3.775,0,0,125,-35.3366
3.8,0,0,125,-35.2206
3.825,0,0,125,-35.1057
3.85,0,0,125,-34.9921
3.875,0,0,125,-34.8797
3.9,0,0,125,-34.7686
3.925,0,0,125,-34.6588
3.95,0,0,125,-34.5504
3.975,0,0,125,-34.4434
4,0,0,125,-34.3378
4.025,0,0,125,-34.2336
4.05,0,0,125,-34.131
4.075,0,0,125,-34.0299
4.1,0,0,125,-33.9303
4.125,0,0,125,-33.8323
4.15,0,0,125,-33.736
4.175,0,0,125,-33.6414
4.2,0,0,125,-33.5485
4.225,0,0,125,-33.4574
4.25,0,0,125,-33.3681
4.275,0,0,125,-33.2806
4.3,0,0,125,-33.195
4.325,0,0,125,-33.1115
4.35,0,0,125,-33.0299
4.375,0,0,125,-32.9503
4.4,0,0,125,-32.8729
4.425,0,0,125,-32.7977
4.45,0,0,125,-32.7246
4.475,0,0,125,-32.6539
4.5,0,0,125,-32.5855
4.525,0,0,125,-32.5195
4.55,0,0,125,-32.456
4.575,0,0,125,-32.395
4.6,0,0,125,-32.3367
4.625,0,0,125,-32.281
4.65,0,0,125,-32.2282
4.675,0,0,125,-32.1781
4.7,0,0,125,-32.131
4.725,0,0,125,-32.087
4.75,0,0,125,-32.046
4.775,0,0,125,-32.0083
4.8,0,0,125,-31.9739
4.825,0,0,125,-31.9429
4.85,0,0,125,-31.9154
4.875,0,0,125,-31.8916
4.9,0,0,125,-31.8715
4.925,0,0,125,-31.8553
4.95,0,0,125,-31.843
4.975,0,0,125,-31.8348
5,0,0,125,-31.8307
