0,0,0,25,-5.84219
0.005,0,0,25,-5.8421
0.01,0,0,25,-5.84193
0.015,0,0,25,-5.84166
0.02,0,0,25,-5.84131
0.025,0,0,25,-5.84087
0.03,0,0,25,-5.84035
0.035,0,0,25,-5.83974
0.04,0,0,25,-5.83905
0.045,0,0,25,-5.83828
0.05,0,0,25,-5.83744
0.055,0,0,25,-5.83651
0.06,0,0,25,-5.83551
0.065,0,0,25,-5.83444
0.07,0,0,25,-5.83329
0.075,0,0,25,-5.83208
0.08,0,0,25,-5.83079
0.085,0,0,25,-5.82943
0.09,0,0,25,-5.82801
0.095,0,0,25,-5.82653
0.1,0,0,25,-5.82497
0.105,0,0,25,-5.82336
0.11,0,0,25,-5.82169
0.115,0,0,25,-5.81995
0.12,0,0,25,-5.81816
0.125,0,0,25,-5.81631
0.13,0,0,25,-5.8144
0.135,0,0,25,-5.81244
0.14,0,0,25,-5.81042
0.145,0,0,25,-5.80835
0.15,0,0,25,-5.80623
0.155,0,0,25,-5.80406
0.16,0,0,25,-5.80184
0.165,0,0,25,-5.79958
0.17,0,0,25,-5.79726
0.175,0,0,25,-5.7949
0.18,0,0,25,-5.79249
0.185,0,0,25,-5.79004
0.19,0,0,25,-5.78754
0.195,0,0,25,-5.785
0.2,0,0,25,-5.78242
0.205,0,0,25,-5.7798
0.21,0,0,25,-5.77714
0.215,0,0,25,-5.77444
0.22,0,0,25,-5.7717
0.225,0,0,25,-5.76893
0.23,0,0,25,-5.76611
0.235,0,0,25,-5.76326
0.24,0,0,25,-5.76038
0.245,0,0,25,-5.75746
0.25,0,0,25,-5.75451
0.255,0,0,25,-5.75152
0.26,0,0,25,-5.7485
0.265,0,0,25,-5.74545
0.27,0,0,25,-5.74237
0.275,0,0,25,-5.73926
0.28,0,0,25,-5.73612
0.285,0,0,25,-5.73294
0.29,0,0,25,-5.72974
0.295,0,0,25,-5.72651
0.3,0,0,25,-5.72326
0.305,0,0,25,-5.71997
0.31,0,0,25,-5.71666
0.315,0,0,25,-5.71332
0.32,0,0,25,-5.70996
0.325,0,0,25,-5.70657
0.33,0,0,25,-5.70316
0.335,0,0,25,-5.69972
0.34,0,0,25,-5.69626
0.345,0,0,25,-5.69277
0.35,0,0,25,-5.68927
0.355,0,0,25,-5.68573
0.36,0,0,25,-5.68218
0.365,0,0,25,-5.67861
0.37,0,0,25,-5.67501
0.375,0,0,25,-5.67139
0.38,0,0,25,-5.66775
0.385,0,0,25,-5.66409
0.39,0,0,25,-5.66041
0.395,0,0,25,-5.65671
0.4,0,0,25,-5.653
0.405,0,0,25,-5.64926
0.41,0,0,25,-5.6455
0.415,0,0,25,-5.64173
0.42,0,0,25,-5.63793
0.425,0,0,25,-5.63412
0.43,0,0,25,-5.63029
0.435,0,0,25,-5.62645
0.44,0,0,25,-5.62258
0.445,0,0,25,-5.6187
0.45,0,0,25,-5.6148
0.455,0,0,25,-5.61089
0.46,0,0,25,-5.60696
0.465,0,0,25,-5.60301
0.47,0,0,25,-5.59905
0.475,0,0,25,-5.59507
0.48,0,0,25,-5.59108
0.485,0,0,25,-5.58707
0.49,0,0,25,-5.58305
0.495,0,0,25,-5.57901
0.5,0,0,25,-5.57496
0.505,0,0,25,-5.57089
0.51,0,0,25,-5.56681
0.515,0,0,25,-5.56272
0.52,0,0,25,-5.55861
0.525,0,0,25,-5.55448
0.53,0,0,25,-5.55035
0.535,0,0,25,-5.5462
0.54,0,0,25,-5.54203
0.545,0,0,25,-5.53786
0.55,0,0,25,-5.53367
0.555,0,0,25,-5.52946
0.56,0,0,25,-5.52525
0.565,0,0,25,-5.52102
0.57,0,0,25,-5.51678
0.575,0,0,25,-5.51252
0.58,0,0,25,-5.50826
0.585,0,0,25,-5.50398
0.59,0,0,25,-5.49969
0.595,0,0,25,-5.49539
0.6,0,0,25,-5.49107
0.605,0,0,25,-5.48675
0.61,0,0,25,-5.48241
0.615,0,0,25,-5.47806
0.62,0,0,25,-5.4737
0.625,0,0,25,-5.46932
0.63,0,0,25,-5.46494
0.635,0,0,25,-5.46054
0.64,0,0,25,-5.45613
0.645,0,0,25,-5.45172
0.65,0,0,25,-5.44729
0.655,0,0,25,-5.44284
0.66,0,0,25,-5.43839
0.665,0,0,25,-5.43393
0.67,0,0,25,-5.42945
0.675,0,0,25,-5.42497
0.68,0,0,25,-5.42047
0.685,0,0,25,-5.41596
0.69,0,0,25,-5.41145
0.695,0,0,25,-5.40692
0.7,0,0,25,-5.40238
0.705,0,0,25,-5.39783
0.71,0,0,25,-5.39327
0.715,0,0,25,-5.3887
0.72,0,0,25,-5.38411
0.725,0,0,25,-5.37952
0.73,0,0,25,-5.37492
0.735,0,0,25,-5.3703
0.74,0,0,25,-5.36568
0.745,0,0,25,-5.36104
0.75,0,0,25,-5.3564
0.755,0,0,25,-5.35174
0.76,0,0,25,-5.34707
0.765,0,0,25,-5.3424
0.77,0,0,25,-5.33771
0.775,0,0,25,-5.33301
0.78,0,0,25,-5.3283
0.785,0,0,25,-5.32359
0.79,0,0,25,-5.31886
0.795,0,0,25,-5.31412
0.8,0,0,25,-5.30937
0.805,0,0,25,-5.30461
0.81,0,0,25,-5.29984
0.815,0,0,25,-5.29506
0.82,0,0,25,-5.29027
0.825,0,0,25,-5.28546
0.83,0,0,25,-5.28065
0.835,0,0,25,-5.27583
0.84,0,0,25,-5.271
0.845,0,0,25,-5.26615
0.85,0,0,25,-5.2613
0.855,0,0,25,-5.25644
0.86,0,0,25,-5.25156
0.865,0,0,25,-5.24668
0.87,0,0,25,-5.24178
0.875,0,0,25,-5.23688
0.88,0,0,25,-5.23196
0.885,0,0,25,-5.22703
0.89,0,0,25,-5.2221
0.895,0,0,25,-5.21715
0.9,0,0,25,-5.21219
0.905,0,0,25,-5.20722
0.91,0,0,25,-5.20224
0.915,0,0,25,-5.19725
0.92,0,0,25,-5.19225
0.925,0,0,25,-5.18724
0.93,0,0,25,-5.18222
0.935,0,0,25,-5.17718
0.94,0,0,25,-5.17214
0.945,0,0,25,-5.16709
0.95,0,0,25,-5.16202
0.955,0,0,25,-5.15695
0.96,0,0,25,-5.15186
0.965,0,0,25,-5.14676
0.97,0,0,25,-5.14165
0.975,0,0,25,-5.13653
0.98,0,0,25,-5.1314
0.985,0,0,25,-5.12626
0.99,0,0,25,-5.12111
0.995,0,0,25,-5.11594
1,0,0,25,-5.11077
1.005,0,0,25,-5.10558
1.01,0,0,25,-5.10039
1.015,0,0,25,-5.09518
1.02,0,0,25,-5.08996
1.025,0,0,25,-5.08473
1.03,0,0,25,-5.07949
1.035,0,0,25,-5.07423
1.04,0,0,25,-5.06897
1.045,0,0,25,-5.06369
1.05,0,0,25,-5.0584
1.055,0,0,25,-5.05311
1.06,0,0,25,-5.04779
1.065,0,0,25,-5.04247
1.07,0,0,25,-5.03714
1.075,0,0,25,-5.03179
1.08,0,0,25,-5.02644
1.085,0,0,25,-5.02107
1.09,0,0,25,-5.01568
1.095,0,0,25,-5.01029
1.1,0,0,25,-5.00489
1.105,0,0,25,-4.99947
1.11,0,0,25,-4.99404
1.115,0,0,25,-4.9886
1.12,0,0,25,-4.98315
1.125,0,0,25,-4.97768
1.13,0,0,25,-4.97221
1.135,0,0,25,-4.96672
1.14,0,0,25,-4.96122
1.145,0,0,25,-4.9557
1.15,0,0,25,-4.95018
1.155,0,0,25,-4.94464
1.16,0,0,25,-4.93909
1.165,0,0,25,-4.93352
1.17,0,0,25,-4.92795
1.175,0,0,25,-4.92236
1.18,0,0,25,-4.91675
1.185,0,0,25,-4.91114
1.19,0,0,25,-4.90551
1.195,0,0,25,-4.89987
1.2,0,0,25,-4.89422
1.205,0,0,25,-4.88855
1.21,0,0,25,-4.88288
1.215,0,0,25,-4.87718
1.22,0,0,25,-4.87148
1.225,0,0,25,-4.86576
1.23,0,0,25,-4.86003
1.235,0,0,25,-4.85428
1.24,0,0,25,-4.84853
1.245,0,0,25,-4.84275
1.25,0,0,25,-4.83697
1.255,0,0,25,-4.83117
1.26,0,0,25,-4.82536
1.265,0,0,25,-4.81953
1.27,0,0,25,-4.81369
1.275,0,0,25,-4.80784
1.28,0,0,25,-4.80197
1.285,0,0,25,-4.79609
1.29,0,0,25,-4.7902
1.295,0,0,25,-4.78429
1.3,0,0,25,-4.77836
1.305,0,0,25,-4.77243
1.31,0,0,25,-4.76647
1.315,0,0,25,-4.76051
1.32,0,0,25,-4.75453
1.325,0,0,25,-4.74853
1.33,0,0,25,-4.74253
1.335,0,0,25,-4.7365
1.34,0,0,25,-4.73046
1.345,0,0,25,-4.72441
1.35,0,0,25,-4.71834
1.355,0,0,25,-4.71226
1.36,0,0,25,-4.70616
1.365,0,0,25,-4.70005
1.37,0,0,25,-4.69392
1.375,0,0,25,-4.68778
1.38,0,0,25,-4.68163
1.385,0,0,25,-4.67545
1.39,0,0,25,-4.66926
1.395,0,0,25,-4.66306
1.4,0,0,25,-4.65684
1.405,0,0,25,-4.65061
1.41,0,0,25,-4.64436
1.415,0,0,25,-4.63809
1.42,0,0,25,-4.63181
1.425,0,0,25,-4.62552
1.43,0,0,25,-4.6192
1.435,0,0,25,-4.61287
1.44,0,0,25,-4.60653
1.445,0,0,25,-4.60017
1.45,0,0,25,-4.59379
1.455,0,0,25,-4.5874
1.46,0,0,25,-4.58099
1.465,0,0,25,-4.57456
1.47,0,0,25,-4.56812
1.475,0,0,25,-4.56166
1.48,0,0,25,-4.55519
1.485,0,0,25,-4.54869
1.49,0,0,25,-4.54219
1.495,0,0,25,-4.53566
1.5,0,0,25,-4.52912
1.505,0,0,25,-4.52256
1.51,0,0,25,-4.51598
1.515,0,0,25,-4.50939
1.52,0,0,25,-4.50277
1.525,0,0,25,-4.49615
1.53,0,0,25,-4.4895
1.535,0,0,25,-4.48284
1.54,0,0,25,-4.47615
1.545,0,0,25,-4.46946
1.55,0,0,25,-4.46274
1.555,0,0,25,-4.456
1.56,0,0,25,-4.44925
1.565,0,0,25,-4.44248
1.57,0,0,25,-4.43569
1.575,0,0,25,-4.42889
1.58,0,0,25,-4.42206
1.585,0,0,25,-4.41522
1.59,0,0,25,-4.40835
1.595,0,0,25,-4.40147
1.6,0,0,25,-4.39458
1.605,0,0,25,-4.38766
1.61,0,0,25,-4.38072
1.615,0,0,25,-4.37376
1.62,0,0,25,-4.36679
1.625,0,0,25,-4.3598
1.63,0,0,25,-4.35278
1.635,0,0,25,-4.34575
1.64,0,0,25,-4.3387
1.645,0,0,25,-4.33163
1.65,0,0,25,-4.32454
1.655,0,0,25,-4.31743
1.66,0,0,25,-4.3103
1.665,0,0,25,-4.30315
1.67,0,0,25,-4.29598
1.675,0,0,25,-4.28879
1.68,0,0,25,-4.28158
1.685,0,0,25,-4.27435
1.69,0,0,25,-4.2671
1.695,0,0,25,-4.25983
1.7,0,0,25,-4.25254
1.705,0,0,25,-4.24522
1.71,0,0,25,-4.23789
1.715,0,0,25,-4.23054
1.72,0,0,25,-4.22316
1.725,0,0,25,-4.21577
1.73,0,0,25,-4.20835
1.735,0,0,25,-4.20091
1.74,0,0,25,-4.19345
1.745,0,0,25,-4.18597
1.75,0,0,25,-4.17847
1.755,0,0,25,-4.17095
1.76,0,0,25,-4.1634
1.765,0,0,25,-4.15583
1.77,0,0,25,-4.14824
1.775,0,0,25,-4.14063
1.78,0,0,25,-4.133
1.785,0,0,25,-4.12534
1.79,0,0,25,-4.11766
1.795,0,0,25,-4.10996
1.8,0,0,25,-4.10224
1.805,0,0,25,-4.09449
1.81,0,0,25,-4.08672
1.815,0,0,25,-4.07893
1.82,0,0,25,-4.07111
1.825,0,0,25,-4.06327
1.83,0,0,25,-4.05541
1.835,0,0,25,-4.04753
1.84,0,0,25,-4.03962
1.845,0,0,25,-4.03169
1.85,0,0,25,-4.02373
1.855,0,0,25,-4.01575
1.86,0,0,25,-4.00774
1.865,0,0,25,-3.99972
1.87,0,0,25,-3.99166
1.875,0,0,25,-3.98359
1.88,0,0,25,-3.97549
1.885,0,0,25,-3.96736
1.89,0,0,25,-3.95921
1.895,0,0,25,-3.95103
1.9,0,0,25,-3.94283
1.905,0,0,25,-3.93461
1.91,0,0,25,-3.92635
1.915,0,0,25,-3.91808
1.92,0,0,25,-3.90978
1.925,0,0,25,-3.90145
1.93,0,0,25,-3.8931
1.935,0,0,25,-3.88472
1.94,0,0,25,-3.87631
1.945,0,0,25,-3.86788
1.95,0,0,25,-3.85942
1.955,0,0,25,-3.85094
1.96,0,0,25,-3.84243
1.965,0,0,25,-3.83389
1.97,0,0,25,-3.82533
1.975,0,0,25,-3.81674
1.98,0,0,25,-3.80812
1.985,0,0,25,-3.79947
1.99,0,0,25,-3.7908
1.995,0,0,25,-3.7821
2,0,0,25,-3.77338
2.005,0,0,25,-3.76462
2.01,0,0,25,-3.75584
2.015,0,0,25,-3.74703
2.02,0,0,25,-3.73819
2.025,0,0,25,-3.72932
2.03,0,0,25,-3.72043
2.035,0,0,25,-3.7115
2.04,0,0,25,-3.70255
2.045,0,0,25,-3.69357
2.05,0,0,25,-3.68456
2.055,0,0,25,-3.67552
2.06,0,0,25,-3.66645
2.065,0,0,25,-3.65735
2.07,0,0,25,-3.64822
2.075,0,0,25,-3.63906
2.08,0,0,25,-3.62988
2.085,0,0,25,-3.62066
2.09,0,0,25,-3.61141
2.095,0,0,25,-3.60213
2.1,0,0,25,-3.59283
2.105,0,0,25,-3.58349
2.11,0,0,25,-3.57412
2.115,0,0,25,-3.56472
2.12,0,0,25,-3.55528
2.125,0,0,25,-3.54582
2.13,0,0,25,-3.53633
2.135,0,0,25,-3.5268
2.14,0,0,25,-3.51724
2.145,0,0,25,-3.50765
2.15,0,0,25,-3.49803
2.155,0,0,25,-3.48838
2.16,0,0,25,-3.47869
2.165,0,0,25,-3.46897
2.17,0,0,25,-3.45922
2.175,0,0,25,-3.44944
2.18,0,0,25,-3.43962
2.185,0,0,25,-3.42977
2.19,0,0,25,-3.41989
2.195,0,0,25,-3.40997
2.2,0,0,25,-3.40002
2.205,0,0,25,-3.39004
2.21,0,0,25,-3.38002
2.215,0,0,25,-3.36997
2.22,0,0,25,-3.35988
2.225,0,0,25,-3.34976
2.23,0,0,25,-3.33961
2.235,0,0,25,-3.32942
2.24,0,0,25,-3.31919
2.245,0,0,25,-3.30893
2.25,0,0,25,-3.29863
2.255,0,0,25,-3.2883
2.26,0,0,25,-3.27793
2.265,0,0,25,-3.26753
2.27,0,0,25,-3.25709
2.275,0,0,25,-3.24662
2.28,0,0,25,-3.2361
2.285,0,0,25,-3.22556
2.29,0,0,25,-3.21497
2.295,0,0,25,-3.20435
2.3,0,0,25,-3.19369
2.305,0,0,25,-3.18299
2.31,0,0,25,-3.17226
2.315,0,0,25,-3.16149
2.32,0,0,25,-3.15068
2.325,0,0,25,-3.13983
2.33,0,0,25,-3.12894
2.335,0,0,25,-3.11802
2.34,0,0,25,-3.10706
2.345,0,0,25,-3.09605
2.35,0,0,25,-3.08501
2.355,0,0,25,-3.07393
2.36,0,0,25,-3.06281
2.365,0,0,25,-3.05165
2.37,0,0,25,-3.04045
2.375,0,0,25,-3.02921
2.38,0,0,25,-3.01793
2.385,0,0,25,-3.00661
2.39,0,0,25,-2.99525
2.395,0,0,25,-2.98385
2.4,0,0,25,-2.97241
2.405,0,0,25,-2.96093
2.41,0,0,25,-2.9494
2.415,0,0,25,-2.93784
2.42,0,0,25,-2.92623
2.425,0,0,25,-2.91458
2.43,0,0,25,-2.90288
2.435,0,0,25,-2.89115
2.44,0,0,25,-2.87937
2.445,0,0,25,-2.86755
2.45,0,0,25,-2.85569
2.455,0,0,25,-2.84378
2.46,0,0,25,-2.83183
2.465,0,0,25,-2.81983
2.47,0,0,25,-2.80779
2.475,0,0,25,-2.79571
2.48,0,0,25,-2.78358
2.485,0,0,25,-2.77141
2.49,0,0,25,-2.7592
2.495,0,0,25,-2.74693
2.5,0,0,25,-2.73463
2.505,0,0,25,-2.72228
2.51,0,0,25,-2.70988
2.515,0,0,25,-2.69743
2.52,0,0,25,-2.68494
2.525,0,0,25,-2.67241
2.53,0,0,25,-2.65982
2.535,0,0,25,-2.64719
2.54,0,0,25,-2.63452
2.545,0,0,25,-2.62179
2.55,0,0,25,-2.60902
2.555,0,0,25,-2.5962
2.56,0,0,25,-2.58333
2.565,0,0,25,-2.57042
2.57,0,0,25,-2.55745
2.575,0,0,25,-2.54444
2.58,0,0,25,-2.53137
2.585,0,0,25,-2.51826
2.59,0,0,25,-2.5051
2.595,0,0,25,-2.49189
2.6,0,0,25,-2.47863
2.605,0,0,25,-2.46532
2.61,0,0,25,-2.45196
2.615,0,0,25,-2.43854
2.62,0,0,25,-2.42508
2.625,0,0,25,-2.41157
2.63,0,0,25,-2.398
2.635,0,0,25,-2.38438
2.64,0,0,25,-2.37071
2.645,0,0,25,-2.35699
2.65,0,0,25,-2.34322
2.655,0,0,25,-2.32939
2.66,0,0,25,-2.31551
2.665,0,0,25,-2.30158
2.67,0,0,25,-2.28759
2.675,0,0,25,-2.27355
2.68,0,0,25,-2.25946
2.685,0,0,25,-2.24531
2.69,0,0,25,-2.23111
2.695,0,0,25,-2.21685
2.7,0,0,25,-2.20253
2.705,0,0,25,-2.18817
2.71,0,0,25,-2.17374
2.715,0,0,25,-2.15926
2.72,0,0,25,-2.14473
2.725,0,0,25,-2.13013
2.73,0,0,25,-2.11548
2.735,0,0,25,-2.10078
2.74,0,0,25,-2.08602
2.745,0,0,25,-2.07119
2.75,0,0,25,-2.05632
2.755,0,0,25,-2.04138
2.76,0,0,25,-2.02638
2.765,0,0,25,-2.01133
2.77,0,0,25,-1.99622
2.775,0,0,25,-1.98104
2.78,0,0,25,-1.96581
2.785,0,0,25,-1.95052
2.79,0,0,25,-1.93517
2.795,0,0,25,-1.91976
2.8,0,0,25,-1.90429
2.805,0,0,25,-1.88875
2.81,0,0,25,-1.87316
2.815,0,0,25,-1.8575
2.82,0,0,25,-1.84178
2.825,0,0,25,-1.826
2.83,0,0,25,-1.81016
2.835,0,0,25,-1.79426
2.84,0,0,25,-1.77829
2.845,0,0,25,-1.76226
2.85,0,0,25,-1.74616
2.855,0,0,25,-1.73
2.86,0,0,25,-1.71378
2.865,0,0,25,-1.69749
2.87,0,0,25,-1.68114
2.875,0,0,25,-1.66472
2.88,0,0,25,-1.64824
2.885,0,0,25,-1.63169
2.89,0,0,25,-1.61507
2.895,0,0,25,-1.59839
2.9,0,0,25,-1.58164
2.905,0,0,25,-1.56482
2.91,0,0,25,-1.54794
2.915,0,0,25,-1.53099
2.92,0,0,25,-1.51397
2.925,0,0,25,-1.49688
2.93,0,0,25,-1.47973
2.935,0,0,25,-1.4625
2.94,0,0,25,-1.44521
2.945,0,0,25,-1.42785
2.95,0,0,25,-1.41041
2.955,0,0,25,-1.39291
2.96,0,0,25,-1.37533
2.965,0,0,25,-1.35769
2.97,0,0,25,-1.33997
2.975,0,0,25,-1.32218
2.98,0,0,25,-1.30432
2.985,0,0,25,-1.28639
2.99,0,0,25,-1.26838
2.995,0,0,25,-1.25031
3,0,0,25,-1.23215
3.005,0,0,25,-1.21393
3.01,0,0,25,-1.19563
3.015,0,0,25,-1.17726
3.02,0,0,25,-1.15881
3.025,0,0,25,-1.14028
3.03,0,0,25,-1.12168
3.035,0,0,25,-1.10301
3.04,0,0,25,-1.08426
3.045,0,0,25,-1.06543
3.05,0,0,25,-1.04653
3.055,0,0,25,-1.02755
3.06,0,0,25,-1.00849
3.065,0,0,25,-0.989352
3.07,0,0,25,-0.970137
3.075,0,0,25,-0.950844
3.08,0,0,25,-0.931472
3.085,0,0,25,-0.91202
3.09,0,0,25,-0.892489
3.095,0,0,25,-0.872877
3.1,0,0,25,-0.853186
3.105,0,0,25,-0.833413
3.11,0,0,25,-0.81356
3.115,0,0,25,-0.793624
3.12,0,0,25,-0.773607
3.125,0,0,25,-0.753508
3.13,0,0,25,-0.733326
3.135,0,0,25,-0.713061
3.14,0,0,25,-0.692712
3.145,0,0,25,-0.67228
3.15,0,0,25,-0.651764
3.155,0,0,25,-0.631163
3.16,0,0,25,-0.610477
3.165,0,0,25,-0.589706
3.17,0,0,25,-0.568849
3.175,0,0,25,-0.547907
3.18,0,0,25,-0.526877
3.185,0,0,25,-0.505761
3.19,0,0,25,-0.484558
3.195,0,0,25,-0.463267
3.2,0,0,25,-0.441888
3.205,0,0,25,-0.420421
3.21,0,0,25,-0.398865
3.215,0,0,25,-0.377219
3.22,0,0,25,-0.355484
3.225,0,0,25,-0.333659
3.23,0,0,25,-0.311744
3.235,0,0,25,-0.289738
3.24,0,0,25,-0.267641
3.245,0,0,25,-0.245452
3.25,0,0,25,-0.223171
3.255,0,0,25,-0.200798
3.26,0,0,25,-0.178331
3.265,0,0,25,-0.155772
3.27,0,0,25,-0.133119
3.275,0,0,25,-0.110372
3.28,0,0,25,-0.087531
3.285,0,0,25,-0.0645948
3.29,0,0,25,-0.0415633
3.295,0,0,25,-0.0184361
3.3,0,0,25,0.0047871
3.305,0,0,25,0.0281068
3.31,0,0,25,0.0515235
3.315,0,0,25,0.0750375
3.32,0,0,25,0.0986493
3.325,0,0,25,0.122359
3.33,0,0,25,0.146168
3.335,0,0,25,0.170075
3.34,0,0,25,0.194082
3.345,0,0,25,0.218189
3.35,0,0,25,0.242396
3.355,0,0,25,0.266704
3.36,0,0,25,0.291113
3.365,0,0,25,0.315624
3.37,0,0,25,0.340236
3.375,0,0,25,0.364951
3.38,0,0,25,0.389769
3.385,0,0,25,0.41469
3.39,0,0,25,0.439715
3.395,0,0,25,0.464844
3.4,0,0,25,0.490077
3.405,0,0,25,0.515416
3.41,0,0,25,0.54086
3.415,0,0,25,0.56641
3.42,0,0,25,0.592066
3.425,0,0,25,0.617829
3.43,0,0,25,0.643699
3.435,0,0,25,0.669677
3.44,0,0,25,0.695762
3.445,0,0,25,0.721957
3.45,0,0,25,0.74826
3.455,0,0,25,0.774673
3.46,0,0,25,0.801195
3.465,0,0,25,0.827828
3.47,0,0,25,0.854571
3.475,0,0,25,0.881426
3.48,0,0,25,0.908392
3.485,0,0,25,0.93547
3.49,0,0,25,0.962661
3.495,0,0,25,0.989964
3.5,0,0,25,1.01738
3.505,0,0,25,1.04491
3.51,0,0,25,1.07256
3.515,0,0,25,1.10032
3.52,0,0,25,1.12819
3.525,0,0,25,1.15618
3.53,0,0,25,1.18429
3.535,0,0,25,1.21251
3.54,0,0,25,1.24085
3.545,0,0,25,1.26931
3.55,0,0,25,1.29788
3.555,0,0,25,1.32657
3.56,0,0,25,1.35539
3.565,0,0,25,1.38432
3.57,0,0,25,1.41337
3.575,0,0,25,1.44254
3.58,0,0,25,1.47183
3.585,0,0,25,1.50124
3.59,0,0,25,1.53077
3.595,0,0,25,1.56043
3.6,0,0,25,1.5902
3.605,0,0,25,1.6201
3.61,0,0,25,1.65012
3.615,0,0,25,1.68027
3.62,0,0,25,1.71054
3.625,0,0,25,1.74093
3.63,0,0,25,1.77145
3.635,0,0,25,1.8021
3.64,0,0,25,1.83286
3.645,0,0,25,1.86376
3.65,0,0,25,1.89478
3.655,0,0,25,1.92593
3.66,0,0,25,1.95721
3.665,0,0,25,1.98861
3.67,0,0,25,2.02014
3.675,0,0,25,2.0518
3.68,0,0,25,2.08359
3.685,0,0,25,2.11551
3.69,0,0,25,2.14756
3.695,0,0,25,2.17974
3.7,0,0,25,2.21205
3.705,0,0,25,2.24449
3.71,0,0,25,2.27706
3.715,0,0,25,2.30976
3.72,0,0,25,2.3426
3.725,0,0,25,2.37556
3.73,0,0,25,2.40866
3.735,0,0,25,2.4419
3.74,0,0,25,2.47526
3.745,0,0,25,2.50877
3.75,0,0,25,2.5424
3.755,0,0,25,2.57617
3.76,0,0,25,2.61008
3.765,0,0,25,2.64412
3.77,0,0,25,2.67829
3.775,0,0,25,2.71261
3.78,0,0,25,2.74705
3.785,0,0,25,2.78164
3.79,0,0,25,2.81636
3.795,0,0,25,2.85122
3.8,0,0,25,2.88622
3.805,0,0,25,2.92135
3.81,0,0,25,2.95663
3.815,0,0,25,2.99204
3.82,0,0,25,3.02759
3.825,0,0,25,3.06328
3.83,0,0,25,3.09911
3.835,0,0,25,3.13508
3.84,0,0,25,3.17119
3.845,0,0,25,3.20744
3.85,0,0,25,3.24383
3.855,0,0,25,3.28036
3.86,0,0,25,3.31703
3.865,0,0,25,3.35384
3.87,0,0,25,3.39079
3.875,0,0,25,3.42789
3.88,0,0,25,3.46512
3.885,0,0,25,3.5025
3.89,0,0,25,3.54002
3.895,0,0,25,3.57768
3.9,0,0,25,3.61548
3.905,0,0,25,3.65342
3.91,0,0,25,3.69151
3.915,0,0,25,3.72974
3.92,0,0,25,3.76811
3.925,0,0,25,3.80663
3.93,0,0,25,3.84528
3.935,0,0,25,3.88408
3.94,0,0,25,3.92302
3.945,0,0,25,3.96211
3.95,0,0,25,4.00133
3.955,0,0,25,4.0407
3.96,0,0,25,4.08022
3.965,0,0,25,4.11987
3.97,0,0,25,4.15967
3.975,0,0,25,4.1996
3.98,0,0,25,4.23968
3.985,0,0,25,4.27991
3.99,0,0,25,4.32027
3.995,0,0,25,4.36077
4,0,0,25,4.40142
4.005,0,0,25,4.44221
4.01,0,0,25,4.48314
4.015,0,0,25,4.52421
4.02,0,0,25,4.56541
4.025,0,0,25,4.60676
4.03,0,0,25,4.64825
4.035,0,0,25,4.68988
4.04,0,0,25,4.73165
4.045,0,0,25,4.77355
4.05,0,0,25,4.81559
4.055,0,0,25,4.85777
4.06,0,0,25,4.90009
4.065,0,0,25,4.94254
4.07,0,0,25,4.98513
4.075,0,0,25,5.02786
4.08,0,0,25,5.07071
4.085,0,0,25,5.11371
4.09,0,0,25,5.15683
4.095,0,0,25,5.20009
4.1,0,0,25,5.24348
4.105,0,0,25,5.287
4.11,0,0,25,5.33065
4.115,0,0,25,5.37443
4.12,0,0,25,5.41834
4.125,0,0,25,5.46237
4.13,0,0,25,5.50653
4.135,0,0,25,5.55082
4.14,0,0,25,5.59523
4.145,0,0,25,5.63977
4.15,0,0,25,5.68442
4.155,0,0,25,5.7292
4.16,0,0,25,5.7741
4.165,0,0,25,5.81911
4.17,0,0,25,5.86424
4.175,0,0,25,5.90949
4.18,0,0,25,5.95485
4.185,0,0,25,6.00033
4.19,0,0,25,6.04592
4.195,0,0,25,6.09161
4.2,0,0,25,6.13741
4.205,0,0,25,6.18333
4.21,0,0,25,6.22934
4.215,0,0,25,6.27546
4.22,0,0,25,6.32168
4.225,0,0,25,6.368
4.23,0,0,25,6.41441
4.235,0,0,25,6.46092
4.24,0,0,25,6.50753
4.245,0,0,25,6.55422
4.25,0,0,25,6.60101
4.255,0,0,25,6.64788
4.26,0,0,25,6.69484
4.265,0,0,25,6.74187
4.27,0,0,25,6.78899
4.275,0,0,25,6.83619
4.28,0,0,25,6.88346
4.285,0,0,25,6.9308
4.29,0,0,25,6.97822
4.295,0,0,25,7.0257
4.3,0,0,25,7.07324
4.305,0,0,25,7.12084
4.31,0,0,25,7.16851
4.315,0,0,25,7.21623
4.32,0,0,25,7.264
4.325,0,0,25,7.31182
4.33,0,0,25,7.35969
4.335,0,0,25,7.4076
4.34,0,0,25,7.45554
4.345,0,0,25,7.50353
4.35,0,0,25,7.55155
4.355,0,0,25,7.59959
4.36,0,0,25,7.64767
4.365,0,0,25,7.69576
4.37,0,0,25,7.74387
4.375,0,0,25,7.79199
4.38,0,0,25,7.84013
4.385,0,0,25,7.88827
4.39,0,0,25,7.93641
4.395,0,0,25,7.98455
4.4,0,0,25,8.03269
4.405,0,0,25,8.08081
4.41,0,0,25,8.12892
4.415,0,0,25,8.17701
4.42,0,0,25,8.22507
4.425,0,0,25,8.27311
4.43,0,0,25,8.32111
4.435,0,0,25,8.36907
4.44,0,0,25,8.41699
4.445,0,0,25,8.46486
4.45,0,0,25,8.51268
4.455,0,0,25,8.56044
4.46,0,0,25,8.60813
4.465,0,0,25,8.65576
4.47,0,0,25,8.70331
4.475,0,0,25,8.75078
4.48,0,0,25,8.79817
4.485,0,0,25,8.84546
4.49,0,0,25,8.89266
4.495,0,0,25,8.93976
4.5,0,0,25,8.98674
4.505,0,0,25,9.03362
4.51,0,0,25,9.08037
4.515,0,0,25,9.12699
4.52,0,0,25,9.17349
4.525,0,0,25,9.21984
4.53,0,0,25,9.26605
4.535,0,0,25,9.31211
4.54,0,0,25,9.35801
4.545,0,0,25,9.40375
4.55,0,0,25,9.44931
4.555,0,0,25,9.4947
4.56,0,0,25,9.5399
4.565,0,0,25,9.58492
4.57,0,0,25,9.62973
4.575,0,0,25,9.67434
4.58,0,0,25,9.71874
4.585,0,0,25,9.76291
4.59,0,0,25,9.80687
4.595,0,0,25,9.85058
4.6,0,0,25,9.89406
4.605,0,0,25,9.93729
4.61,0,0,25,9.98027
4.615,0,0,25,10.023
4.62,0,0,25,10.0654
4.625,0,0,25,10.1076
4.63,0,0,25,10.1495
4.635,0,0,25,10.1911
4.64,0,0,25,10.2323
4.645,0,0,25,10.2733
4.65,0,0,25,10.314
4.655,0,0,25,10.3543
4.66,0,0,25,10.3943
4.665,0,0,25,10.434
4.67,0,0,25,10.4733
4.675,0,0,25,10.5123
4.68,0,0,25,10.5509
4.685,0,0,25,10.5892
4.69,0,0,25,10.627
4.695,0,0,25,10.6645
4.7,0,0,25,10.7016
4.705,0,0,25,10.7383
4.71,0,0,25,10.7745
4.715,0,0,25,10.8104
4.72,0,0,25,10.8458
4.725,0,0,25,10.8808
4.73,0,0,25,10.9154
4.735,0,0,25,10.9495
4.74,0,0,25,10.9831
4.745,0,0,25,11.0163
4.75,0,0,25,11.049
4.755,0,0,25,11.0812
4.76,0,0,25,11.113
4.765,0,0,25,11.1442
4.77,0,0,25,11.175
4.775,0,0,25,11.2052
4.78,0,0,25,11.2349
4.785,0,0,25,11.2641
4.79,0,0,25,11.2927
4.795,0,0,25,11.3208
4.8,0,0,25,11.3484
4.805,0,0,25,11.3754
4.81,0,0,25,11.4018
4.815,0,0,25,11.4277
4.82,0,0,25,11.453
4.825,0,0,25,11.4777
4.83,0,0,25,11.5018
4.835,0,0,25,11.5253
4.84,0,0,25,11.5482
4.845,0,0,25,11.5705
4.85,0,0,25,11.5922
4.855,0,0,25,11.6132
4.86,0,0,25,11.6336
4.865,0,0,25,11.6534
4.87,0,0,25,11.6725
4.875,0,0,25,11.691
4.88,0,0,25,11.7088
4.885,0,0,25,11.726
4.89,0,0,25,11.7425
4.895,0,0,25,11.7583
4.9,0,0,25,11.7734
4.905,0,0,25,11.7879
4.91,0,0,25,11.8016
4.915,0,0,25,11.8147
4.92,0,0,25,11.8271
4.925,0,0,25,11.8387
4.93,0,0,25,11.8497
4.935,0,0,25,11.8599
4.94,0,0,25,11.8694
4.945,0,0,25,11.8783
4.95,0,0,25,11.8863
4.955,0,0,25,11.8937
4.96,0,0,25,11.9003
4.965,0,0,25,11.9062
4.97,0,0,25,11.9114
4.975,0,0,25,11.9158
4.98,0,0,25,11.9195
4.985,0,0,25,11.9225
4.99,0,0,25,11.9247
4.995,0,0,25,11.9262
5,0,0,25,11.927
