0,0,0,125,-58.6392
0.025,0,0,125,-58.6365
0.05,0,0,125,-58.6311
0.075,0,0,125,-58.6231
0.1,0,0,125,-58.6123
0.125,0,0,125,-58.599
0.15,0,0,125,-58.583
0.175,0,0,125,-58.5646
0.2,0,0,125,-58.5438
0.225,0,0,125,-58.5205
0.25,0,0,125,-58.495
0.275,0,0,125,-58.4671
0.3,0,0,125,-58.4371
0.325,0,0,125,-58.4048
0.35,0,0,125,-58.3704
0.375,0,0,125,-58.3338
0.4,0,0,125,-58.2952
0.425,0,0,125,-58.2545
0.45,0,0,125,-58.2118
0.475,0,0,125,-58.167
0.5,0,0,125,-58.1203
0.525,0,0,125,-58.0716
0.55,0,0,125,-58.0211
0.575,0,0,125,-57.9686
0.6,0,0,125,-57.9142
0.625,0,0,125,-57.858
0.65,0,0,125,-57.7999
0.675,0,0,125,-57.74
0.7,0,0,125,-57.6783
0.725,0,0,125,-57.6149
0.75,0,0,125,-57.5497
0.775,0,0,125,-57.4828
0.8,0,0,125,-57.4142
0.825,0,0,125,-57.3439
0.85,0,0,125,-57.2719
0.875,0,0,125,-57.1982
0.9,0,0,125,-57.1229
0.925,0,0,125,-57.046
0.95,0,0,125,-56.9675
0.975,0,0,125,-56.8875
1,0,0,125,-56.8058
1.025,0,0,125,-56.7226
1.05,0,0,125,-56.638
1.075,0,0,125,-56.5518
1.1,0,0,125,-56.4641
1.125,0,0,125,-56.3749
1.15,0,0,125,-56.2843
1.175,0,0,125,-56.1923
1.2,0,0,125,-56.0989
1.225,0,0,125,-56.004
1.25,0,0,125,-55.9079
1.275,0,0,125,-55.8103
1.3,0,0,125,-55.7114
1.325,0,0,125,-55.6112
1.35,0,0,125,-55.5097
1.375,0,0,125,-55.4069
1.4,0,0,125,-55.3029
1.425,0,0,125,-55.1976
1.45,0,0,125,-55.091
1.475,0,0,125,-54.9833
1.5,0,0,125,-54.8744
1.525,0,0,125,-54.7643
1.55,0,0,125,-54.6531
1.575,0,0,125,-54.5407
1.6,0,0,125,-54.4272
1.625,0,0,125,-54.3126
1.65,0,0,125,-54.197
1.675,0,0,125,-54.0803
1.7,0,0,125,-53.9625
1.725,0,0,125,-53.8438
1.75,0,0,125,-53.724
1.775,0,0,125,-53.6032
1.8,0,0,125,-53.4815
1.825,0,0,125,-53.3588
1.85,0,0,125,-53.2352
1.875,0,0,125,-53.1107
1.9,0,0,125,-52.9853
1.925,0,0,125,-52.859
1.95,0,0,125,-52.7319
1.975,0,0,125,-52.6039
2,0,0,125,-52.4751
2.025,0,0,125,-52.3456
2.05,0,0,125,-52.2152
2.075,0,0,125,-52.0841
2.1,0,0,125,-51.9522
2.125,0,0,125,-51.8196
2.15,0,0,125,-51.6863
2.175,0,0,125,-51.5523
2.2,0,0,125,-51.4176
2.225,0,0,125,-51.2823
2.25,0,0,125,-51.1463
2.275,0,0,125,-51.0097
2.3,0,0,125,-50.8726
2.325,0,0,125,-50.7348
2.35,0,0,125,-50.5965
2.375,0,0,125,-50.4576
2.4,0,0,125,-50.3183
2.425,0,0,125,-50.1784
2.45,0,0,125,-50.038
2.475,0,0,125,-49.8972
2.5,0,0,125,-49.7559
2.525,0,0,125,-49.6143
2.55,0,0,125,-49.4722
2.575,0,0,125,-49.3297
2.6,0,0,125,-49.1868
2.625,0,0,125,-49.0437
2.65,0,0,125,-48.9002
2.675,0,0,125,-48.7563
2.7,0,0,125,-48.6122
2.725,0,0,125,-48.4679
2.75,0,0,125,-48.3233
2.775,0,0,125,-48.1784
2.8,0,0,125,-48.0334
2.825,0,0,125,-47.8882
2.85,0,0,125,-47.7429
2.875,0,0,125,-47.5974
2.9,0,0,125,-47.4519
2.925,0,0,125,-47.3062
2.95,0,0,125,-47.1605
2.975,0,0,125,-47.0147
3,0,0,125,-46.8689
3.025,0,0,125,-46.7232
3.05,0,0,125,-46.5775
3.075,0,0,125,-46.4318
3.1,0,0,125,-46.2862
3.125,0,0,125,-46.1408
3.15,0,0,125,-45.9955
3.175,0,0,125,-45.8504
3.2,0,0,125,-45.7055
3.225,0,0,125,-45.5608
3.25,0,0,125,-45.4163
3.275,0,0,125,-45.2722
3.3,0,0,125,-45.1284
3.325,0,0,125,-44.9849
3.35,0,0,125,-44.8418
3.375,0,0,125,-44.6992
3.4,0,0,125,-44.557
3.425,0,0,125,-44.4152
3.45,0,0,125,-44.274
3.475,0,0,125,-44.1333
3.5,0,0,125,-43.9933
3.525,0,0,125,-43.8538
3.55,0,0,125,-43.715
3.575,0,0,125,-43.5769
3.6,0,0,125,-43.4396
3.625,0,0,125,-43.303
3.65,0,0,125,-43.1672
3.675,0,0,125,-43.0323
3.7,0,0,125,-42.8983
3.725,0,0,125,-42.7652
3.75,0,0,125,-42.6332
3.775,0,0,125,-42.5021
3.8,0,0,125,-42.3722
3.825,0,0,125,-42.2433
3.85,0,0,125,-42.1157
3.875,0,0,125,-41.9892
3.9,0,0,125,-41.864
3.925,0,0,125,-41.7402
3.95,0,0,125,-41.6177
3.975,0,0,125,-41.4966
4,0,0,125,-41.3769
4.025,0,0,125,-41.2589
4.05,0,0,125,-41.1424
4.075,0,0,125,-41.0275
4.1,0,0,125,-40.9143
4.125,0,0,125,-40.8029
4.15,0,0,125,-40.6933
4.175,0,0,125,-40.5855
4.2,0,0,125,-40.4797
4.225,0,0,125,-40.3759
4.25,0,0,125,-40.2741
4.275,0,0,125,-40.1744
4.3,0,0,125,-40.0769
4.325,0,0,125,-39.9817
4.35,0,0,125,-39.8888
4.375,0,0,125,-39.7982
4.4,0,0,125,-39.7102
4.425,0,0,125,-39.6246
4.45,0,0,125,-39.5416
4.475,0,0,125,-39.4613
4.5,0,0,125,-39.3837
4.525,0,0,125,-39.309
4.55,0,0,125,-39.2371
4.575,0,0,125,-39.1682
4.6,0,0,125,-39.1024
4.625,0,0,125,-39.0397
4.65,0,0,125,-38.9803
4.675,0,0,125,-38.9241
4.7,0,0,125,-38.8713
4.725,0,0,125,-38.8221
4.75,0,0,125,-38.7764
4.775,0,0,125,-38.7344
4.8,0,0,125,-38.6961
4.825,0,0,125,-38.6617
4.85,0,0,125,-38.6313
4.875,0,0,125,-38.605
4.9,0,0,125,-38.5829
4.925,0,0,125,-38.5651
4.95,0,0,125,-38.5516
4.975,0,0,125,-38.5426
5,0,0,125,-38.538
