0,0,0,125,-12.3876
0.025,0,0,125,-12.3825
0.05,0,0,125,-12.3724
0.075,0,0,125,-12.3572
0.1,0,0,125,-12.3371
0.125,0,0,125,-12.3122
0.15,0,0,125,-12.2827
0.175,0,0,125,-12.2492
0.2,0,0,125,-12.2118
0.225,0,0,125,-12.171
0.25,0,0,125,-12.1268
0.275,0,0,125,-12.0796
0.3,0,0,125,-12.0294
0.325,0,0,125,-11.9765
0.35,0,0,125,-11.9209
0.375,0,0,125,-11.8629
0.4,0,0,125,-11.8024
0.425,0,0,125,-11.7395
0.45,0,0,125,-11.6745
0.475,0,0,125,-11.6073
0.5,0,0,125,-11.5379
0.525,0,0,125,-11.4665
0.55,0,0,125,-11.3931
0.575,0,0,125,-11.3177
0.6,0,0,125,-11.2404
0.625,0,0,125,-11.1612
0.65,0,0,125,-11.08
0.675,0,0,125,-10.9969
0.7,0,0,125,-10.912
0.725,0,0,125,-10.8252
0.75,0,0,125,-10.7365
0.775,0,0,125,-10.646
0.8,0,0,125,-10.5535
0.825,0,0,125,-10.4592
0.85,0,0,125,-10.3629
0.875,0,0,125,-10.2648
0.9,0,0,125,-10.1646
0.925,0,0,125,-10.0625
0.95,0,0,125,-9.95838
0.975,0,0,125,-9.85222
1,0,0,125,-9.74398
1.025,0,0,125,-9.63364
1.05,0,0,125,-9.52114
1.075,0,0,125,-9.40645
1.1,0,0,125,-9.28952
1.125,0,0,125,-9.17029
1.15,0,0,125,-9.04871
1.175,0,0,125,-8.92473
1.2,0,0,125,-8.79829
1.225,0,0,125,-8.66932
1.25,0,0,125,-8.53777
1.275,0,0,125,-8.40356
1.3,0,0,125,-8.26661
1.325,0,0,125,-8.12686
1.35,0,0,125,-7.98422
1.375,0,0,125,-7.83861
1.4,0,0,125,-7.68994
1.425,0,0,125,-7.53812
1.45,0,0,125,-7.38306
1.475,0,0,125,-7.22467
1.5,0,0,125,-7.06283
1.525,0,0,125,-6.89745
1.55,0,0,125,-6.72841
1.575,0,0,125,-6.5556
1.6,0,0,125,-6.37892
1.625,0,0,125,-6.19822
1.65,0,0,125,-6.0134
1.675,0,0,125,-5.82432
1.7,0,0,125,-5.63085
1.725,0,0,125,-5.43285
1.75,0,0,125,-5.23018
1.775,0,0,125,-5.02271
1.8,0,0,125,-4.81027
1.825,0,0,125,-4.59272
1.85,0,0,125,-4.36991
1.875,0,0,125,-4.14166
1.9,0,0,125,-3.90783
1.925,0,0,125,-3.66824
1.95,0,0,125,-3.42272
1.975,0,0,125,-3.17111
2,0,0,125,-2.91322
2.025,0,0,125,-2.64888
2.05,0,0,125,-2.37791
2.075,0,0,125,-2.10012
2.1,0,0,125,-1.81534
2.125,0,0,125,-1.52337
2.15,0,0,125,-1.22404
2.175,0,0,125,-0.917163
2.2,0,0,125,-0.602544
2.225,0,0,125,-0.280004
2.25,0,0,125,0.0506387
2.275,0,0,125,0.389565
2.3,0,0,125,0.736953
2.325,0,0,125,1.09297
2.35,0,0,125,1.4578
2.375,0,0,125,1.8316
2.4,0,0,125,2.21452
2.425,0,0,125,2.60672
2.45,0,0,125,3.00834
2.475,0,0,125,3.41951
2.5,0,0,125,3.84037
2.525,0,0,125,4.27102
2.55,0,0,125,4.71158
2.575,0,0,125,5.16214
2.6,0,0,125,5.62277
2.625,0,0,125,6.09355
2.65,0,0,125,6.57453
2.675,0,0,125,7.06576
2.7,0,0,125,7.56724
2.725,0,0,125,8.07901
2.75,0,0,125,8.60103
2.775,0,0,125,9.13329
2.8,0,0,125,9.67575
2.825,0,0,125,10.2283
2.85,0,0,125,10.791
2.875,0,0,125,11.3636
2.9,0,0,125,11.946
2.925,0,0,125,12.538
2.95,0,0,125,13.1396
2.975,0,0,125,13.7504
3,0,0,125,14.3704
3.025,0,0,125,14.9992
3.05,0,0,125,15.6365
3.075,0,0,125,16.282
3.1,0,0,125,16.9354
3.125,0,0,125,17.5963
3.15,0,0,125,18.2643
3.175,0,0,125,18.9388
3.2,0,0,125,19.6194
3.225,0,0,125,20.3055
3.25,0,0,125,20.9964
3.275,0,0,125,21.6915
3.3,0,0,125,22.39
3.325,0,0,125,23.091
3.35,0,0,125,23.7936
3.375,0,0,125,24.4968
3.4,0,0,125,25.1996
3.425,0,0,125,25.9008
3.45,0,0,125,26.5991
3.475,0,0,125,27.2931
3.5,0,0,125,27.9815
3.525,0,0,125,28.6626
3.55,0,0,125,29.3349
3.575,0,0,125,29.9967
3.6,0,0,125,30.6462
3.625,0,0,125,31.2815
3.65,0,0,125,31.9009
3.675,0,0,125,32.5024
3.7,0,0,125,33.0842
3.725,0,0,125,33.6445
3.75,0,0,125,34.1815
3.775,0,0,125,34.6936
3.8,0,0,125,35.1792
3.825,0,0,125,35.6369
3.85,0,0,125,36.0655
3.875,0,0,125,36.4637
3.9,0,0,125,36.8307
3.925,0,0,125,37.1653
3.95,0,0,125,37.4666
3.975,0,0,125,37.7332
4,0,0,125,37.9627
4.025,0,0,125,38.1514
4.05,0,0,125,38.2929
4.075,0,0,125,38.3751
4.1,0,0,125,38.3762
4.125,0,0,125,38.2548
4.15,0,0,125,37.9307
4.175,0,0,125,37.2419
4.2,0,0,125,35.8485
4.225,0,0,125,33.0098
4.25,0,0,125,27.1172
4.275,0,0,125,15.2302
4.3,0,0,125,-4.34523
4.325,0,0,125,-25.326
4.35,0,0,125,-42.0914
4.375,0,0,125,-54.1727
4.4,0,0,125,-62.5771
4.425,0,0,125,-68.344
4.45,0,0,125,-72.2763
4.475,0,0,125,-74.9486
4.5,0,0,125,-76.7609
4.525,0,0,125,-77.9883
4.55,0,0,125,-78.8186
4.575,0,0,125,-79.3797
4.6,0,0,125,-79.7584
4.625,0,0,125,-80.0136
4.65,0,0,125,-80.1854
4.675,0,0,125,-80.3006
4.7,0,0,125,-80.3777
4.725,0,0,125,-80.429
4.75,0,0,125,-80.463
4.775,0,0,125,-80.4852
4.8,0,0,125,-80.4996
4.825,0,0,125,-80.5088
4.85,0,0,125,-80.5145
4.875,0,0,125,-80.5179
4.9,0,0,125,-80.5199
4.925,0,0,125,-80.521
4.95,0,0,125,-80.5216
4.975,0,0,125,-80.5218
5,0,0,125,-80.5219
