0,0,0,125,-16.1326
0.025,0,0,125,-16.1287
0.05,0,0,125,-16.1209
0.075,0,0,125,-16.1092
0.1,0,0,125,-16.0937
0.125,0,0,125,-16.0746
0.15,0,0,125,-16.0521
0.175,0,0,125,-16.0266
0.2,0,0,125,-15.9986
0.225,0,0,125,-15.9682
0.25,0,0,125,-15.9356
0.275,0,0,125,-15.9012
0.3,0,0,125,-15.865
0.325,0,0,125,-15.8273
0.35,0,0,125,-15.7882
0.375,0,0,125,-15.7478
0.4,0,0,125,-15.7062
0.425,0,0,125,-15.6636
0.45,0,0,125,-15.62
0.475,0,0,125,-15.5756
0.5,0,0,125,-15.5304
0.525,0,0,125,-15.4845
0.55,0,0,125,-15.438
0.575,0,0,125,-15.3908
0.6,0,0,125,-15.3431
0.625,0,0,125,-15.2949
0.65,0,0,125,-15.2462
0.675,0,0,125,-15.1971
0.7,0,0,125,-15.1475
0.725,0,0,125,-15.0976
0.75,0,0,125,-15.0473
0.775,0,0,125,-14.9967
0.8,0,0,125,-14.9458
0.825,0,0,125,-14.8945
0.85,0,0,125,-14.843
0.875,0,0,125,-14.7911
0.9,0,0,125,-14.739
0.925,0,0,125,-14.6865
0.95,0,0,125,-14.6338
0.975,0,0,125,-14.5808
1,0,0,125,-14.5275
1.025,0,0,125,-14.474
1.05,0,0,125,-14.4201
1.075,0,0,125,-14.366
1.1,0,0,125,-14.3115
1.125,0,0,125,-14.2568
1.15,0,0,125,-14.2017
1.175,0,0,125,-14.1463
1.2,0,0,125,-14.0906
1.225,0,0,125,-14.0346
1.25,0,0,125,-13.9782
1.275,0,0,125,-13.9215
1.3,0,0,125,-13.8644
1.325,0,0,125,-13.807
1.35,0,0,125,-13.7492
1.375,0,0,125,-13.6909
1.4,0,0,125,-13.6323
1.425,0,0,125,-13.5732
1.45,0,0,125,-13.5137
1.475,0,0,125,-13.4538
1.5,0,0,125,-13.3934
1.525,0,0,125,-13.3325
1.55,0,0,125,-13.2711
1.575,0,0,125,-13.2092
1.6,0,0,125,-13.1467
1.625,0,0,125,-13.0838
1.65,0,0,125,-13.0202
1.675,0,0,125,-12.9561
1.7,0,0,125,-12.8913
1.725,0,0,125,-12.826
1.75,0,0,125,-12.76
1.775,0,0,125,-12.6933
1.8,0,0,125,-12.6259
1.825,0,0,125,-12.5579
1.85,0,0,125,-12.4891
1.875,0,0,125,-12.4196
1.9,0,0,125,-12.3492
1.925,0,0,125,-12.2781
1.95,0,0,125,-12.2062
1.975,0,0,125,-12.1334
2,0,0,125,-12.0597
2.025,0,0,125,-11.9851
2.05,0,0,125,-11.9096
2.075,0,0,125,-11.8331
2.1,0,0,125,-11.7557
2.125,0,0,125,-11.6772
2.15,0,0,125,-11.5977
2.175,0,0,125,-11.517
2.2,0,0,125,-11.4353
2.225,0,0,125,-11.3524
2.25,0,0,125,-11.2683
2.275,0,0,125,-11.183
2.3,0,0,125,-11.0965
2.325,0,0,125,-11.0086
2.35,0,0,125,-10.9194
2.375,0,0,125,-10.8288
2.4,0,0,125,-10.7368
2.425,0,0,125,-10.6434
2.45,0,0,125,-10.5484
2.475,0,0,125,-10.4519
2.5,0,0,125,-10.3537
2.525,0,0,125,-10.254
2.55,0,0,125,-10.1525
2.575,0,0,125,-10.0493
2.6,0,0,125,-9.94425
2.625,0,0,125,-9.83737
2.65,0,0,125,-9.72857
2.675,0,0,125,-9.61779
2.7,0,0,125,-9.50498
2.725,0,0,125,-9.39006
2.75,0,0,125,-9.27298
2.775,0,0,125,-9.15367
2.8,0,0,125,-9.03205
2.825,0,0,125,-8.90806
2.85,0,0,125,-8.78163
2.875,0,0,125,-8.65266
2.9,0,0,125,-8.5211
2.925,0,0,125,-8.38684
2.95,0,0,125,-8.24981
2.975,0,0,125,-8.10993
3,0,0,125,-7.96709
3.025,0,0,125,-7.82121
3.05,0,0,125,-7.67218
3.075,0,0,125,-7.51991
3.1,0,0,125,-7.3643
3.125,0,0,125,-7.20524
3.15,0,0,125,-7.04261
3.175,0,0,125,-6.87631
3.2,0,0,125,-6.70622
3.225,0,0,125,-6.53221
3.25,0,0,125,-6.35417
3.275,0,0,125,-6.17196
3.3,0,0,125,-5.98545
3.325,0,0,125,-5.79451
3.35,0,0,125,-5.59899
3.375,0,0,125,-5.39877
3.4,0,0,125,-5.19368
3.425,0,0,125,-4.98358
3.45,0,0,125,-4.76831
3.475,0,0,125,-4.54772
3.5,0,0,125,-4.32164
3.525,0,0,125,-4.08991
3.55,0,0,125,-3.85235
3.575,0,0,125,-3.6088
3.6,0,0,125,-3.35908
3.625,0,0,125,-3.103
3.65,0,0,125,-2.8404
3.675,0,0,125,-2.57107
3.7,0,0,125,-2.29485
3.725,0,0,125,-2.01153
3.75,0,0,125,-1.72093
3.775,0,0,125,-1.42286
3.8,0,0,125,-1.11713
3.825,0,0,125,-0.803548
3.85,0,0,125,-0.481928
3.875,0,0,125,-0.15208
3.9,0,0,125,0.186178
3.925,0,0,125,0.533027
3.95,0,0,125,0.888645
3.975,0,0,125,1.2532
4,0,0,125,1.62686
4.025,0,0,125,2.00978
4.05,0,0,125,2.40209
4.075,0,0,125,2.80394
4.1,0,0,125,3.21543
4.125,0,0,125,3.63668
4.15,0,0,125,4.06776
4.175,0,0,125,4.50874
4.2,0,0,125,4.95964
4.225,0,0,125,5.42049
4.25,0,0,125,5.89125
4.275,0,0,125,6.37185
4.3,0,0,125,6.86216
4.325,0,0,125,7.36204
4.35,0,0,125,7.87123
4.375,0,0,125,8.38943
4.4,0,0,125,8.91625
4.425,0,0,125,9.4512
4.45,0,0,125,9.99367
4.475,0,0,125,10.5429
4.5,0,0,125,11.0981
4.525,0,0,125,11.6581
4.55,0,0,125,12.2218
4.575,0,0,125,12.7875
4.6,0,0,125,13.3538
4.625,0,0,125,13.9185
4.65,0,0,125,14.4794
4.675,0,0,125,15.0339
4.7,0,0,125,15.5792
4.725,0,0,125,16.1118
4.75,0,0,125,16.6281
4.775,0,0,125,17.124
4.8,0,0,125,17.595
4.825,0,0,125,18.0362
4.85,0,0,125,18.4422
4.875,0,0,125,18.8073
4.9,0,0,125,19.1256
4.925,0,0,125,19.3908
4.95,0,0,125,19.5968
4.975,0,0,125,19.738
5,0,0,125,19.8098
