0,0,0,125,-17.9548
0.025,0,0,125,-17.9527
0.05,0,0,125,-17.9484
0.075,0,0,125,-17.9422
0.1,0,0,125,-17.9338
0.125,0,0,125,-17.9235
0.15,0,0,125,-17.9114
0.175,0,0,125,-17.8977
0.2,0,0,125,-17.8825
0.225,0,0,125,-17.8661
0.25,0,0,125,-17.8485
0.275,0,0,125,-17.8298
0.3,0,0,125,-17.8101
0.325,0,0,125,-17.7896
0.35,0,0,125,-17.7683
0.375,0,0,125,-17.7462
0.4,0,0,125,-17.7235
0.425,0,0,125,-17.7002
0.45,0,0,125,-17.6763
0.475,0,0,125,-17.652
0.5,0,0,125,-17.6273
0.525,0,0,125,-17.6021
0.55,0,0,125,-17.5766
0.575,0,0,125,-17.5508
0.6,0,0,125,-17.5247
0.625,0,0,125,-17.4984
0.65,0,0,125,-17.4718
0.675,0,0,125,-17.4451
0.7,0,0,125,-17.4181
0.725,0,0,125,-17.3911
0.75,0,0,125,-17.3639
0.775,0,0,125,-17.3365
0.8,0,0,125,-17.3091
0.825,0,0,125,-17.2816
0.85,0,0,125,-17.2541
0.875,0,0,125,-17.2264
0.9,0,0,125,-17.1988
0.925,0,0,125,-17.1711
0.95,0,0,125,-17.1434
0.975,0,0,125,-17.1156
1,0,0,125,-17.0879
1.025,0,0,125,-17.0602
1.05,0,0,125,-17.0325
1.075,0,0,125,-17.0048
1.1,0,0,125,-16.9771
1.125,0,0,125,-16.9494
1.15,0,0,125,-16.9218
1.175,0,0,125,-16.8942
1.2,0,0,125,-16.8666
1.225,0,0,125,-16.8391
1.25,0,0,125,-16.8116
1.275,0,0,125,-16.7842
1.3,0,0,125,-16.7568
1.325,0,0,125,-16.7294
1.35,0,0,125,-16.7022
1.375,0,0,125,-16.6749
1.4,0,0,125,-16.6478
1.425,0,0,125,-16.6206
1.45,0,0,125,-16.5936
1.475,0,0,125,-16.5666
1.5,0,0,125,-16.5396
1.525,0,0,125,-16.5127
1.55,0,0,125,-16.4859
1.575,0,0,125,-16.4592
1.6,0,0,125,-16.4325
1.625,0,0,125,-16.4058
1.65,0,0,125,-16.3792
1.675,0,0,125,-16.3527
1.7,0,0,125,-16.3263
1.725,0,0,125,-16.2999
1.75,0,0,125,-16.2735
1.775,0,0,125,-16.2473
1.8,0,0,125,-16.2211
1.825,0,0,125,-16.1949
1.85,0,0,125,-16.1688
1.875,0,0,125,-16.1428
1.9,0,0,125,-16.1169
1.925,0,0,125,-16.091
1.95,0,0,125,-16.0651
1.975,0,0,125,-16.0393
2,0,0,125,-16.0136
2.025,0,0,125,-15.988
2.05,0,0,125,-15.9624
2.075,0,0,125,-15.9368
2.1,0,0,125,-15.9114
2.125,0,0,125,-15.8859
2.15,0,0,125,-15.8606
2.175,0,0,125,-15.8353
2.2,0,0,125,-15.8101
2.225,0,0,125,-15.7849
2.25,0,0,125,-15.7598
2.275,0,0,125,-15.7347
2.3,0,0,125,-15.7097
2.325,0,0,125,-15.6848
2.35,0,0,125,-15.6599
2.375,0,0,125,-15.635
2.4,0,0,125,-15.6102
2.425,0,0,125,-15.5855
2.45,0,0,125,-15.5608
2.475,0,0,125,-15.5362
2.5,0,0,125,-15.5116
2.525,0,0,125,-15.4871
2.55,0,0,125,-15.4627
2.575,0,0,125,-15.4382
2.6,0,0,125,-15.4139
2.625,0,0,125,-15.3896
2.65,0,0,125,-15.3653
2.675,0,0,125,-15.3411
2.7,0,0,125,-15.317
2.725,0,0,125,-15.2929
2.75,0,0,125,-15.2688
2.775,0,0,125,-15.2448
2.8,0,0,125,-15.2209
2.825,0,0,125,-15.197
2.85,0,0,125,-15.1731
2.875,0,0,125,-15.1493
2.9,0,0,125,-15.1255
2.925,0,0,125,-15.1018
2.95,0,0,125,-15.0781
2.975,0,0,125,-15.0545
3,0,0,125,-15.0309
3.025,0,0,125,-15.0074
3.05,0,0,125,-14.9839
3.075,0,0,125,-14.9605
3.1,0,0,125,-14.9371
3.125,0,0,125,-14.9138
3.15,0,0,125,-14.8905
3.175,0,0,125,-14.8672
3.2,0,0,125,-14.844
3.225,0,0,125,-14.8208
3.25,0,0,125,-14.7977
3.275,0,0,125,-14.7746
3.3,0,0,125,-14.7515
3.325,0,0,125,-14.7285
3.35,0,0,125,-14.7055
3.375,0,0,125,-14.6826
3.4,0,0,125,-14.6597
3.425,0,0,125,-14.6369
3.45,0,0,125,-14.614
3.475,0,0,125,-14.5913
3.5,0,0,125,-14.5685
3.525,0,0,125,-14.5459
3.55,0,0,125,-14.5232
3.575,0,0,125,-14.5006
3.6,0,0,125,-14.478
3.625,0,0,125,-14.4555
3.65,0,0,125,-14.433
3.675,0,0,125,-14.4105
3.7,0,0,125,-14.3881
3.725,0,0,125,-14.3657
3.75,0,0,125,-14.3433
3.775,0,0,125,-14.321
3.8,0,0,125,-14.2987
3.825,0,0,125,-14.2765
3.85,0,0,125,-14.2543
3.875,0,0,125,-14.2321
3.9,0,0,125,-14.21
3.925,0,0,125,-14.1879
3.95,0,0,125,-14.1659
3.975,0,0,125,-14.1439
4,0,0,125,-14.1219
4.025,0,0,125,-14.1
4.05,0,0,125,-14.0782
4.075,0,0,125,-14.0564
4.1,0,0,125,-14.0347
4.125,0,0,125,-14.013
4.15,0,0,125,-13.9914
4.175,0,0,125,-13.9699
4.2,0,0,125,-13.9484
4.225,0,0,125,-13.927
4.25,0,0,125,-13.9057
4.275,0,0,125,-13.8845
4.3,0,0,125,-13.8634
4.325,0,0,125,-13.8425
4.35,0,0,125,-13.8216
4.375,0,0,125,-13.8009
4.4,0,0,125,-13.7804
4.425,0,0,125,-13.76
4.45,0,0,125,-13.7398
4.475,0,0,125,-13.7199
4.5,0,0,125,-13.7002
4.525,0,0,125,-13.6808
4.55,0,0,125,-13.6616
4.575,0,0,125,-13.6429
4.6,0,0,125,-13.6245
4.625,0,0,125,-13.6065
4.65,0,0,125,-13.589
4.675,0,0,125,-13.572
4.7,0,0,125,-13.5556
4.725,0,0,125,-13.5399
4.75,0,0,125,-13.5249
4.775,0,0,125,-13.5107
4.8,0,0,125,-13.4975
4.825,0,0,125,-13.4852
4.85,0,0,125,-13.4741
4.875,0,0,125,-13.4643
4.9,0,0,125,-13.4558
4.925,0,0,125,-13.4489
4.95,0,0,125,-13.4435
4.975,0,0,125,-13.4399
5,0,0,125,-13.4381
