0,0,0,125,-41.6058
0.025,0,0,125,-41.602
0.05,0,0,125,-41.5944
0.075,0,0,125,-41.583
0.1,0,0,125,-41.5679
0.125,0,0,125,-41.549
0.15,0,0,125,-41.5266
0.175,0,0,125,-41.5007
0.2,0,0,125,-41.4715
0.225,0,0,125,-41.439
0.25,0,0,125,-41.4034
0.275,0,0,125,-41.3648
0.3,0,0,125,-41.3231
0.325,0,0,125,-41.2785
0.35,0,0,125,-41.2311
0.375,0,0,125,-41.181
0.4,0,0,125,-41.1281
0.425,0,0,125,-41.0726
0.45,0,0,125,-41.0146
0.475,0,0,125,-40.9541
0.5,0,0,125,-40.8911
0.525,0,0,125,-40.8258
0.55,0,0,125,-40.7582
0.575,0,0,125,-40.6883
0.6,0,0,125,-40.6162
0.625,0,0,125,-40.542
0.65,0,0,125,-40.4657
0.675,0,0,125,-40.3874
0.7,0,0,125,-40.3072
0.725,0,0,125,-40.225
0.75,0,0,125,-40.1409
0.775,0,0,125,-40.0551
0.8,0,0,125,-39.9675
0.825,0,0,125,-39.8782
0.85,0,0,125,-39.7872
0.875,0,0,125,-39.6947
0.9,0,0,125,-39.6006
0.925,0,0,125,-39.505
0.95,0,0,125,-39.408
0.975,0,0,125,-39.3096
1,0,0,125,-39.2098
1.025,0,0,125,-39.1088
1.05,0,0,125,-39.0065
1.075,0,0,125,-38.903
1.1,0,0,125,-38.7983
1.125,0,0,125,-38.6925
1.15,0,0,125,-38.5857
1.175,0,0,125,-38.4779
1.2,0,0,125,-38.3691
1.225,0,0,125,-38.2594
1.25,0,0,125,-38.1488
1.275,0,0,125,-38.0374
1.3,0,0,125,-37.9252
1.325,0,0,125,-37.8122
1.35,0,0,125,-37.6986
1.375,0,0,125,-37.5843
1.4,0,0,125,-37.4694
1.425,0,0,125,-37.3539
1.45,0,0,125,-37.2378
1.475,0,0,125,-37.1213
1.5,0,0,125,-37.0043
1.525,0,0,125,-36.8869
1.55,0,0,125,-36.7691
1.575,0,0,125,-36.651
1.6,0,0,125,-36.5326
1.625,0,0,125,-36.4139
1.65,0,0,125,-36.2949
1.675,0,0,125,-36.1758
1.7,0,0,125,-36.0565
1.725,0,0,125,-35.937
1.75,0,0,125,-35.8175
1.775,0,0,125,-35.6979
1.8,0,0,125,-35.5782
1.825,0,0,125,-35.4586
1.85,0,0,125,-35.3389
1.875,0,0,125,-35.2193
1.9,0,0,125,-35.0998
1.925,0,0,125,-34.9804
1.95,0,0,125,-34.8611
1.975,0,0,125,-34.742
2,0,0,125,-34.623
2.025,0,0,125,-34.5043
2.05,0,0,125,-34.3858
2.075,0,0,125,-34.2675
2.1,0,0,125,-34.1495
2.125,0,0,125,-34.0318
2.15,0,0,125,-33.9145
2.175,0,0,125,-33.7974
2.2,0,0,125,-33.6807
2.225,0,0,125,-33.5644
2.25,0,0,125,-33.4485
2.275,0,0,125,-33.3329
2.3,0,0,125,-33.2178
2.325,0,0,125,-33.1032
2.35,0,0,125,-32.989
2.375,0,0,125,-32.8752
2.4,0,0,125,-32.7619
2.425,0,0,125,-32.6492
2.45,0,0,125,-32.5369
2.475,0,0,125,-32.4252
2.5,0,0,125,-32.314
2.525,0,0,125,-32.2033
2.55,0,0,125,-32.0932
2.575,0,0,125,-31.9837
2.6,0,0,125,-31.8747
2.625,0,0,125,-31.7663
2.65,0,0,125,-31.6585
2.675,0,0,125,-31.5513
2.7,0,0,125,-31.4447
2.725,0,0,125,-31.3387
2.75,0,0,125,-31.2333
2.775,0,0,125,-31.1286
2.8,0,0,125,-31.0245
2.825,0,0,125,-30.9211
2.85,0,0,125,-30.8182
2.875,0,0,125,-30.7161
2.9,0,0,125,-30.6145
2.925,0,0,125,-30.5137
2.95,0,0,125,-30.4135
2.975,0,0,125,-30.314
3,0,0,125,-30.2151
3.025,0,0,125,-30.1169
3.05,0,0,125,-30.0194
3.075,0,0,125,-29.9226
3.1,0,0,125,-29.8265
3.125,0,0,125,-29.731
3.15,0,0,125,-29.6363
3.175,0,0,125,-29.5422
3.2,0,0,125,-29.4488
3.225,0,0,125,-29.3562
3.25,0,0,125,-29.2642
3.275,0,0,125,-29.1729
3.3,0,0,125,-29.0824
3.325,0,0,125,-28.9925
3.35,0,0,125,-28.9034
3.375,0,0,125,-28.815
3.4,0,0,125,-28.7273
3.425,0,0,125,-28.6403
3.45,0,0,125,-28.554
3.475,0,0,125,-28.4685
3.5,0,0,125,-28.3837
3.525,0,0,125,-28.2996
3.55,0,0,125,-28.2162
3.575,0,0,125,-28.1336
3.6,0,0,125,-28.0518
3.625,0,0,125,-27.9707
3.65,0,0,125,-27.8903
3.675,0,0,125,-27.8107
3.7,0,0,125,-27.7319
3.725,0,0,125,-27.6538
3.75,0,0,125,-27.5766
3.775,0,0,125,-27.5001
3.8,0,0,125,-27.4244
3.825,0,0,125,-27.3494
3.85,0,0,125,-27.2753
3.875,0,0,125,-27.2021
3.9,0,0,125,-27.1296
3.925,0,0,125,-27.058
3.95,0,0,125,-26.9872
3.975,0,0,125,-26.9173
4,0,0,125,-26.8483
4.025,0,0,125,-26.7801
4.05,0,0,125,-26.7129
4.075,0,0,125,-26.6465
4.1,0,0,125,-26.5811
4.125,0,0,125,-26.5167
4.15,0,0,125,-26.4532
4.175,0,0,125,-26.3907
4.2,0,0,125,-26.3292
4.225,0,0,125,-26.2688
4.25,0,0,125,-26.2094
4.275,0,0,125,-26.1511
4.3,0,0,125,-26.0939
4.325,0,0,125,-26.0378
4.35,0,0,125,-25.9829
4.375,0,0,125,-25.9293
4.4,0,0,125,-25.8768
4.425,0,0,125,-25.8257
4.45,0,0,125,-25.7758
4.475,0,0,125,-25.7274
4.5,0,0,125,-25.6803
4.525,0,0,125,-25.6347
4.55,0,0,125,-25.5906
4.575,0,0,125,-25.5481
4.6,0,0,125,-25.5072
4.625,0,0,125,-25.468
4.65,0,0,125,-25.4305
4.675,0,0,125,-25.3949
4.7,0,0,125,-25.3612
4.725,0,0,125,-25.3295
4.75,0,0,125,-25.2998
4.775,0,0,125,-25.2723
4.8,0,0,125,-25.2471
4.825,0,0,125,-25.2243
4.85,0,0,125,-25.204
4.875,0,0,125,-25.1862
4.9,0,0,125,-25.1712
4.925,0,0,125,-25.1591
4.95,0,0,125,-25.1498
4.975,0,0,125,-25.1436
5,0,0,125,-25.1405
