0,0,0,125,-27.2348
0.025,0,0,125,-27.23
0.05,0,0,125,-27.2203
0.075,0,0,125,-27.2058
0.1,0,0,125,-27.1866
0.125,0,0,125,-27.1629
0.15,0,0,125,-27.1348
0.175,0,0,125,-27.1029
0.2,0,0,125,-27.0673
0.225,0,0,125,-27.0284
0.25,0,0,125,-26.9864
0.275,0,0,125,-26.9415
0.3,0,0,125,-26.8941
0.325,0,0,125,-26.8441
0.35,0,0,125,-26.7919
0.375,0,0,125,-26.7377
0.4,0,0,125,-26.6815
0.425,0,0,125,-26.6236
0.45,0,0,125,-26.5642
0.475,0,0,125,-26.5033
0.5,0,0,125,-26.4411
0.525,0,0,125,-26.3777
0.55,0,0,125,-26.3132
0.575,0,0,125,-26.2479
0.6,0,0,125,-26.1817
0.625,0,0,125,-26.1147
0.65,0,0,125,-26.0472
0.675,0,0,125,-25.9791
0.7,0,0,125,-25.9106
0.725,0,0,125,-25.8417
0.75,0,0,125,-25.7726
0.775,0,0,125,-25.7032
0.8,0,0,125,-25.6336
0.825,0,0,125,-25.564
0.85,0,0,125,-25.4944
0.875,0,0,125,-25.4247
0.9,0,0,125,-25.3552
0.925,0,0,125,-25.2858
0.95,0,0,125,-25.2166
0.975,0,0,125,-25.1476
1,0,0,125,-25.0788
1.025,0,0,125,-25.0103
1.05,0,0,125,-24.9422
1.075,0,0,125,-24.8743
1.1,0,0,125,-24.8069
1.125,0,0,125,-24.7399
1.15,0,0,125,-24.6732
1.175,0,0,125,-24.607
1.2,0,0,125,-24.5413
1.225,0,0,125,-24.476
1.25,0,0,125,-24.4113
1.275,0,0,125,-24.347
1.3,0,0,125,-24.2832
1.325,0,0,125,-24.22
1.35,0,0,125,-24.1573
1.375,0,0,125,-24.0951
1.4,0,0,125,-24.0334
1.425,0,0,125,-23.9723
1.45,0,0,125,-23.9117
1.475,0,0,125,-23.8516
1.5,0,0,125,-23.7921
1.525,0,0,125,-23.7331
1.55,0,0,125,-23.6747
1.575,0,0,125,-23.6167
1.6,0,0,125,-23.5593
1.625,0,0,125,-23.5025
1.65,0,0,125,-23.4461
1.675,0,0,125,-23.3902
1.7,0,0,125,-23.3349
1.725,0,0,125,-23.2801
1.75,0,0,125,-23.2257
1.775,0,0,125,-23.1718
1.8,0,0,125,-23.1184
1.825,0,0,125,-23.0655
1.85,0,0,125,-23.013
1.875,0,0,125,-22.961
1.9,0,0,125,-22.9094
1.925,0,0,125,-22.8582
1.95,0,0,125,-22.8074
1.975,0,0,125,-22.7571
2,0,0,125,-22.7072
2.025,0,0,125,-22.6576
2.05,0,0,125,-22.6084
2.075,0,0,125,-22.5596
2.1,0,0,125,-22.5112
2.125,0,0,125,-22.4631
2.15,0,0,125,-22.4153
2.175,0,0,125,-22.3679
2.2,0,0,125,-22.3208
2.225,0,0,125,-22.274
2.25,0,0,125,-22.2275
2.275,0,0,125,-22.1813
2.3,0,0,125,-22.1354
2.325,0,0,125,-22.0898
2.35,0,0,125,-22.0444
2.375,0,0,125,-21.9993
2.4,0,0,125,-21.9544
2.425,0,0,125,-21.9097
2.45,0,0,125,-21.8653
2.475,0,0,125,-21.8211
2.5,0,0,125,-21.7771
2.525,0,0,125,-21.7333
2.55,0,0,125,-21.6897
2.575,0,0,125,-21.6463
2.6,0,0,125,-21.6031
2.625,0,0,125,-21.56
2.65,0,0,125,-21.5171
2.675,0,0,125,-21.4743
2.7,0,0,125,-21.4317
2.725,0,0,125,-21.3893
2.75,0,0,125,-21.3469
2.775,0,0,125,-21.3047
2.8,0,0,125,-21.2626
2.825,0,0,125,-21.2207
2.85,0,0,125,-21.1788
2.875,0,0,125,-21.137
2.9,0,0,125,-21.0953
2.925,0,0,125,-21.0537
2.95,0,0,125,-21.0122
2.975,0,0,125,-20.9707
3,0,0,125,-20.9293
3.025,0,0,125,-20.888
3.05,0,0,125,-20.8467
3.075,0,0,125,-20.8054
3.1,0,0,125,-20.7642
3.125,0,0,125,-20.723
3.15,0,0,125,-20.6819
3.175,0,0,125,-20.6407
3.2,0,0,125,-20.5996
3.225,0,0,125,-20.5585
3.25,0,0,125,-20.5173
3.275,0,0,125,-20.4762
3.3,0,0,125,-20.4351
3.325,0,0,125,-20.3939
3.35,0,0,125,-20.3528
3.375,0,0,125,-20.3116
3.4,0,0,125,-20.2704
3.425,0,0,125,-20.2291
3.45,0,0,125,-20.1878
3.475,0,0,125,-20.1465
3.5,0,0,125,-20.1052
3.525,0,0,125,-20.0637
3.55,0,0,125,-20.0223
3.575,0,0,125,-19.9807
3.6,0,0,125,-19.9392
3.625,0,0,125,-19.8975
3.65,0,0,125,-19.8558
3.675,0,0,125,-19.814
3.7,0,0,125,-19.7721
3.725,0,0,125,-19.7302
3.75,0,0,125,-19.6882
3.775,0,0,125,-19.6461
3.8,0,0,125,-19.6039
3.825,0,0,125,-19.5616
3.85,0,0,125,-19.5193
3.875,0,0,125,-19.4769
3.9,0,0,125,-19.4343
3.925,0,0,125,-19.3918
3.95,0,0,125,-19.3491
3.975,0,0,125,-19.3063
4,0,0,125,-19.2635
4.025,0,0,125,-19.2206
4.05,0,0,125,-19.1776
4.075,0,0,125,-19.1346
4.1,0,0,125,-19.0915
4.125,0,0,125,-19.0484
4.15,0,0,125,-19.0053
4.175,0,0,125,-18.9621
4.2,0,0,125,-18.919
4.225,0,0,125,-18.8759
4.25,0,0,125,-18.8328
4.275,0,0,125,-18.7898
4.3,0,0,125,-18.7469
4.325,0,0,125,-18.7041
4.35,0,0,125,-18.6614
4.375,0,0,125,-18.6189
4.4,0,0,125,-18.5767
4.425,0,0,125,-18.5347
4.45,0,0,125,-18.493
4.475,0,0,125,-18.4517
4.5,0,0,125,-18.4109
4.525,0,0,125,-18.3705
4.55,0,0,125,-18.3307
4.575,0,0,125,-18.2916
4.6,0,0,125,-18.2533
4.625,0,0,125,-18.2158
4.65,0,0,125,-18.1792
4.675,0,0,125,-18.1438
4.7,0,0,125,-18.1096
4.725,0,0,125,-18.0767
4.75,0,0,125,-18.0455
4.775,0,0,125,-18.0159
4.8,0,0,125,-17.9883
4.825,0,0,125,-17.9628
4.85,0,0,125,-17.9396
4.875,0,0,125,-17.9191
4.9,0,0,125,-17.9015
4.925,0,0,125,-17.887
4.95,0,0,125,-17.8759
4.975,0,0,125,-17.8684
5,0,0,125,-17.8646
