0,0,0,125,-35.1902
0.025,0,0,125,-35.1864
0.05,0,0,125,-35.1789
0.075,0,0,125,-35.1677
0.1,0,0,125,-35.1528
0.125,0,0,125,-35.1343
0.15,0,0,125,-35.1123
0.175,0,0,125,-35.0869
0.2,0,0,125,-35.0583
0.225,0,0,125,-35.0267
0.25,0,0,125,-34.9921
0.275,0,0,125,-34.9546
0.3,0,0,125,-34.9144
0.325,0,0,125,-34.8715
0.35,0,0,125,-34.826
0.375,0,0,125,-34.778
0.4,0,0,125,-34.7276
0.425,0,0,125,-34.6749
0.45,0,0,125,-34.62
0.475,0,0,125,-34.5629
0.5,0,0,125,-34.5037
0.525,0,0,125,-34.4425
0.55,0,0,125,-34.3793
0.575,0,0,125,-34.3143
0.6,0,0,125,-34.2475
0.625,0,0,125,-34.179
0.65,0,0,125,-34.1088
0.675,0,0,125,-34.037
0.7,0,0,125,-33.9637
0.725,0,0,125,-33.889
0.75,0,0,125,-33.8128
0.775,0,0,125,-33.7353
0.8,0,0,125,-33.6565
0.825,0,0,125,-33.5765
0.85,0,0,125,-33.4953
0.875,0,0,125,-33.4131
0.9,0,0,125,-33.3297
0.925,0,0,125,-33.2454
0.95,0,0,125,-33.1602
0.975,0,0,125,-33.074
1,0,0,125,-32.987
1.025,0,0,125,-32.8993
1.05,0,0,125,-32.8108
1.075,0,0,125,-32.7215
1.1,0,0,125,-32.6317
1.125,0,0,125,-32.5413
1.15,0,0,125,-32.4503
1.175,0,0,125,-32.3588
1.2,0,0,125,-32.2668
1.225,0,0,125,-32.1744
1.25,0,0,125,-32.0817
1.275,0,0,125,-31.9885
1.3,0,0,125,-31.8951
1.325,0,0,125,-31.8015
1.35,0,0,125,-31.7075
1.375,0,0,125,-31.6134
1.4,0,0,125,-31.5192
1.425,0,0,125,-31.4248
1.45,0,0,125,-31.3303
1.475,0,0,125,-31.2358
1.5,0,0,125,-31.1412
1.525,0,0,125,-31.0466
1.55,0,0,125,-30.952
1.575,0,0,125,-30.8575
1.6,0,0,125,-30.7631
1.625,0,0,125,-30.6688
1.65,0,0,125,-30.5746
1.675,0,0,125,-30.4806
1.7,0,0,125,-30.3867
1.725,0,0,125,-30.293
1.75,0,0,125,-30.1996
1.775,0,0,125,-30.1063
1.8,0,0,125,-30.0134
1.825,0,0,125,-29.9207
1.85,0,0,125,-29.8283
1.875,0,0,125,-29.7362
1.9,0,0,125,-29.6444
1.925,0,0,125,-29.5529
1.95,0,0,125,-29.4618
1.975,0,0,125,-29.3711
2,0,0,125,-29.2807
2.025,0,0,125,-29.1908
2.05,0,0,125,-29.1012
2.075,0,0,125,-29.012
2.1,0,0,125,-28.9233
2.125,0,0,125,-28.8349
2.15,0,0,125,-28.747
2.175,0,0,125,-28.6596
2.2,0,0,125,-28.5726
2.225,0,0,125,-28.486
2.25,0,0,125,-28.4
2.275,0,0,125,-28.3143
2.3,0,0,125,-28.2292
2.325,0,0,125,-28.1446
2.35,0,0,125,-28.0604
2.375,0,0,125,-27.9767
2.4,0,0,125,-27.8935
2.425,0,0,125,-27.8108
2.45,0,0,125,-27.7286
2.475,0,0,125,-27.6469
2.5,0,0,125,-27.5657
2.525,0,0,125,-27.485
2.55,0,0,125,-27.4048
2.575,0,0,125,-27.3251
2.6,0,0,125,-27.2459
2.625,0,0,125,-27.1672
2.65,0,0,125,-27.089
2.675,0,0,125,-27.0114
2.7,0,0,125,-26.9342
2.725,0,0,125,-26.8576
2.75,0,0,125,-26.7815
2.775,0,0,125,-26.7058
2.8,0,0,125,-26.6307
2.825,0,0,125,-26.5561
2.85,0,0,125,-26.482
2.875,0,0,125,-26.4084
2.9,0,0,125,-26.3353
2.925,0,0,125,-26.2627
2.95,0,0,125,-26.1906
2.975,0,0,125,-26.119
3,0,0,125,-26.0478
3.025,0,0,125,-25.9772
3.05,0,0,125,-25.9071
3.075,0,0,125,-25.8375
3.1,0,0,125,-25.7683
3.125,0,0,125,-25.6997
3.15,0,0,125,-25.6315
3.175,0,0,125,-25.5638
3.2,0,0,125,-25.4966
3.225,0,0,125,-25.4299
3.25,0,0,125,-25.3636
3.275,0,0,125,-25.2979
3.3,0,0,125,-25.2326
3.325,0,0,125,-25.1678
3.35,0,0,125,-25.1034
3.375,0,0,125,-25.0396
3.4,0,0,125,-24.9762
3.425,0,0,125,-24.9133
3.45,0,0,125,-24.8509
3.475,0,0,125,-24.7889
3.5,0,0,125,-24.7274
3.525,0,0,125,-24.6664
3.55,0,0,125,-24.6059
3.575,0,0,125,-24.5458
3.6,0,0,125,-24.4862
3.625,0,0,125,-24.4271
3.65,0,0,125,-24.3685
3.675,0,0,125,-24.3103
3.7,0,0,125,-24.2526
3.725,0,0,125,-24.1954
3.75,0,0,125,-24.1387
3.775,0,0,125,-24.0825
3.8,0,0,125,-24.0268
3.825,0,0,125,-23.9716
3.85,0,0,125,-23.9168
3.875,0,0,125,-23.8626
3.9,0,0,125,-23.8089
3.925,0,0,125,-23.7558
3.95,0,0,125,-23.7031
3.975,0,0,125,-23.651
4,0,0,125,-23.5994
4.025,0,0,125,-23.5484
4.05,0,0,125,-23.4979
4.075,0,0,125,-23.448
4.1,0,0,125,-23.3987
4.125,0,0,125,-23.35
4.15,0,0,125,-23.3019
4.175,0,0,125,-23.2545
4.2,0,0,125,-23.2077
4.225,0,0,125,-23.1615
4.25,0,0,125,-23.116
4.275,0,0,125,-23.0712
4.3,0,0,125,-23.0272
4.325,0,0,125,-22.9838
4.35,0,0,125,-22.9413
4.375,0,0,125,-22.8996
4.4,0,0,125,-22.8586
4.425,0,0,125,-22.8186
4.45,0,0,125,-22.7794
4.475,0,0,125,-22.7412
4.5,0,0,125,-22.704
4.525,0,0,125,-22.6677
4.55,0,0,125,-22.6326
4.575,0,0,125,-22.5985
4.6,0,0,125,-22.5656
4.625,0,0,125,-22.534
4.65,0,0,125,-22.5036
4.675,0,0,125,-22.4746
4.7,0,0,125,-22.4471
4.725,0,0,125,-22.421
4.75,0,0,125,-22.3966
4.775,0,0,125,-22.3739
4.8,0,0,125,-22.3529
4.825,0,0,125,-22.3338
4.85,0,0,125,-22.3168
4.875,0,0,125,-22.3019
4.9,0,0,125,-22.2892
4.925,0,0,125,-22.2789
4.95,0,0,125,-22.271
4.975,0,0,125,-22.2658
5,0,0,125,-22.2631
