0,0,0,125,-55.6782
0.025,0,0,125,-55.6742
0.05,0,0,125,-55.6663
0.075,0,0,125,-55.6545
0.1,0,0,125,-55.6387
0.125,0,0,125,-55.6192
0.15,0,0,125,-55.5959
0.175,0,0,125,-55.5691
0.2,0,0,125,-55.5389
0.225,0,0,125,-55.5055
0.25,0,0,125,-55.469
0.275,0,0,125,-55.4294
0.3,0,0,125,-55.3869
0.325,0,0,125,-55.3416
0.35,0,0,125,-55.2935
0.375,0,0,125,-55.2428
0.4,0,0,125,-55.1894
0.425,0,0,125,-55.1335
0.45,0,0,125,-55.0752
0.475,0,0,125,-55.0145
0.5,0,0,125,-54.9515
0.525,0,0,125,-54.8862
0.55,0,0,125,-54.8187
0.575,0,0,125,-54.749
0.6,0,0,125,-54.6773
0.625,0,0,125,-54.6035
0.65,0,0,125,-54.5277
0.675,0,0,125,-54.45
0.7,0,0,125,-54.3704
0.725,0,0,125,-54.2889
0.75,0,0,125,-54.2056
0.775,0,0,125,-54.1206
0.8,0,0,125,-54.0338
0.825,0,0,125,-53.9454
0.85,0,0,125,-53.8553
0.875,0,0,125,-53.7637
0.9,0,0,125,-53.6704
0.925,0,0,125,-53.5757
0.95,0,0,125,-53.4795
0.975,0,0,125,-53.3819
1,0,0,125,-53.2829
1.025,0,0,125,-53.1825
1.05,0,0,125,-53.0808
1.075,0,0,125,-52.9779
1.1,0,0,125,-52.8736
1.125,0,0,125,-52.7682
1.15,0,0,125,-52.6616
1.175,0,0,125,-52.5539
1.2,0,0,125,-52.445
1.225,0,0,125,-52.3351
1.25,0,0,125,-52.2242
1.275,0,0,125,-52.1122
1.3,0,0,125,-51.9993
1.325,0,0,125,-51.8854
1.35,0,0,125,-51.7706
1.375,0,0,125,-51.655
1.4,0,0,125,-51.5385
1.425,0,0,125,-51.4212
1.45,0,0,125,-51.3031
1.475,0,0,125,-51.1843
1.5,0,0,125,-51.0647
1.525,0,0,125,-50.9444
1.55,0,0,125,-50.8235
1.575,0,0,125,-50.702
1.6,0,0,125,-50.5798
1.625,0,0,125,-50.457
1.65,0,0,125,-50.3337
1.675,0,0,125,-50.2098
1.7,0,0,125,-50.0854
1.725,0,0,125,-49.9605
1.75,0,0,125,-49.8351
1.775,0,0,125,-49.7093
1.8,0,0,125,-49.5831
1.825,0,0,125,-49.4565
1.85,0,0,125,-49.3295
1.875,0,0,125,-49.2022
1.9,0,0,125,-49.0745
1.925,0,0,125,-48.9464
1.95,0,0,125,-48.8181
1.975,0,0,125,-48.6895
2,0,0,125,-48.5606
2.025,0,0,125,-48.4314
2.05,0,0,125,-48.302
2.075,0,0,125,-48.1724
2.1,0,0,125,-48.0426
2.125,0,0,125,-47.9125
2.15,0,0,125,-47.7823
2.175,0,0,125,-47.6519
2.2,0,0,125,-47.5214
2.225,0,0,125,-47.3906
2.25,0,0,125,-47.2598
2.275,0,0,125,-47.1288
2.3,0,0,125,-46.9977
2.325,0,0,125,-46.8664
2.35,0,0,125,-46.7351
2.375,0,0,125,-46.6036
2.4,0,0,125,-46.4721
2.425,0,0,125,-46.3404
2.45,0,0,125,-46.2087
2.475,0,0,125,-46.0768
2.5,0,0,125,-45.945
2.525,0,0,125,-45.813
2.55,0,0,125,-45.681
2.575,0,0,125,-45.5489
2.6,0,0,125,-45.4167
2.625,0,0,125,-45.2845
2.65,0,0,125,-45.1522
2.675,0,0,125,-45.0198
2.7,0,0,125,-44.8874
2.725,0,0,125,-44.755
2.75,0,0,125,-44.6225
2.775,0,0,125,-44.4899
2.8,0,0,125,-44.3573
2.825,0,0,125,-44.2246
2.85,0,0,125,-44.0918
2.875,0,0,125,-43.959
2.9,0,0,125,-43.8262
2.925,0,0,125,-43.6933
2.95,0,0,125,-43.5603
2.975,0,0,125,-43.4273
3,0,0,125,-43.2942
3.025,0,0,125,-43.1611
3.05,0,0,125,-43.0279
3.075,0,0,125,-42.8947
3.1,0,0,125,-42.7614
3.125,0,0,125,-42.628
3.15,0,0,125,-42.4946
3.175,0,0,125,-42.3612
3.2,0,0,125,-42.2277
3.225,0,0,125,-42.0942
3.25,0,0,125,-41.9606
3.275,0,0,125,-41.827
3.3,0,0,125,-41.6934
3.325,0,0,125,-41.5597
3.35,0,0,125,-41.4261
3.375,0,0,125,-41.2924
3.4,0,0,125,-41.1588
3.425,0,0,125,-41.0252
3.45,0,0,125,-40.8916
3.475,0,0,125,-40.758
3.5,0,0,125,-40.6245
3.525,0,0,125,-40.4911
3.55,0,0,125,-40.3578
3.575,0,0,125,-40.2246
3.6,0,0,125,-40.0915
3.625,0,0,125,-39.9586
3.65,0,0,125,-39.8258
3.675,0,0,125,-39.6933
3.7,0,0,125,-39.561
3.725,0,0,125,-39.4289
3.75,0,0,125,-39.2972
3.775,0,0,125,-39.1657
3.8,0,0,125,-39.0346
3.825,0,0,125,-38.9039
3.85,0,0,125,-38.7737
3.875,0,0,125,-38.6439
3.9,0,0,125,-38.5146
3.925,0,0,125,-38.386
3.95,0,0,125,-38.2579
3.975,0,0,125,-38.1305
4,0,0,125,-38.0038
4.025,0,0,125,-37.8779
4.05,0,0,125,-37.7529
4.075,0,0,125,-37.6288
4.1,0,0,125,-37.5056
4.125,0,0,125,-37.3836
4.15,0,0,125,-37.2626
4.175,0,0,125,-37.1429
4.2,0,0,125,-37.0245
4.225,0,0,125,-36.9075
4.25,0,0,125,-36.7919
4.275,0,0,125,-36.6778
4.3,0,0,125,-36.5655
4.325,0,0,125,-36.4549
4.35,0,0,125,-36.3461
4.375,0,0,125,-36.2394
4.4,0,0,125,-36.1347
4.425,0,0,125,-36.0322
4.45,0,0,125,-35.9321
4.475,0,0,125,-35.8344
4.5,0,0,125,-35.7393
4.525,0,0,125,-35.6469
4.55,0,0,125,-35.5574
4.575,0,0,125,-35.4709
4.6,0,0,125,-35.3875
4.625,0,0,125,-35.3076
4.65,0,0,125,-35.2311
4.675,0,0,125,-35.1583
4.7,0,0,125,-35.0893
4.725,0,0,125,-35.0244
4.75,0,0,125,-34.9638
4.775,0,0,125,-34.9075
4.8,0,0,125,-34.856
4.825,0,0,125,-34.8093
4.85,0,0,125,-34.7677
4.875,0,0,125,-34.7315
4.9,0,0,125,-34.7009
4.925,0,0,125,-34.676
4.95,0,0,125,-34.6572
4.975,0,0,125,-34.6445
5,0,0,125,-34.6381
