0,0,0,125,-34.0964
0.025,0,0,125,-34.091
0.05,0,0,125,-34.08
0.075,0,0,125,-34.0637
0.1,0,0,125,-34.042
0.125,0,0,125,-34.0151
0.15,0,0,125,-33.9832
0.175,0,0,125,-33.9467
0.2,0,0,125,-33.9059
0.225,0,0,125,-33.8609
0.25,0,0,125,-33.812
0.275,0,0,125,-33.7595
0.3,0,0,125,-33.7035
0.325,0,0,125,-33.6442
0.35,0,0,125,-33.5818
0.375,0,0,125,-33.5164
0.4,0,0,125,-33.4483
0.425,0,0,125,-33.3776
0.45,0,0,125,-33.3045
0.475,0,0,125,-33.2291
0.5,0,0,125,-33.1515
0.525,0,0,125,-33.072
0.55,0,0,125,-32.9905
0.575,0,0,125,-32.9073
0.6,0,0,125,-32.8225
0.625,0,0,125,-32.7362
0.65,0,0,125,-32.6485
0.675,0,0,125,-32.5596
0.7,0,0,125,-32.4695
0.725,0,0,125,-32.3783
0.75,0,0,125,-32.2861
0.775,0,0,125,-32.1931
0.8,0,0,125,-32.0994
0.825,0,0,125,-32.0049
0.85,0,0,125,-31.9099
0.875,0,0,125,-31.8144
0.9,0,0,125,-31.7184
0.925,0,0,125,-31.6221
0.95,0,0,125,-31.5255
0.975,0,0,125,-31.4287
1,0,0,125,-31.3317
1.025,0,0,125,-31.2347
1.05,0,0,125,-31.1376
1.075,0,0,125,-31.0406
1.1,0,0,125,-30.9437
1.125,0,0,125,-30.847
1.15,0,0,125,-30.7504
1.175,0,0,125,-30.6541
1.2,0,0,125,-30.558
1.225,0,0,125,-30.4623
1.25,0,0,125,-30.3669
1.275,0,0,125,-30.272
1.3,0,0,125,-30.1775
1.325,0,0,125,-30.0835
1.35,0,0,125,-29.9899
1.375,0,0,125,-29.8969
1.4,0,0,125,-29.8044
1.425,0,0,125,-29.7125
1.45,0,0,125,-29.6213
1.475,0,0,125,-29.5306
1.5,0,0,125,-29.4405
1.525,0,0,125,-29.3511
1.55,0,0,125,-29.2623
1.575,0,0,125,-29.1743
1.6,0,0,125,-29.0868
1.625,0,0,125,-29.0001
1.65,0,0,125,-28.9141
1.675,0,0,125,-28.8288
1.7,0,0,125,-28.7441
1.725,0,0,125,-28.6602
1.75,0,0,125,-28.577
1.775,0,0,125,-28.4945
1.8,0,0,125,-28.4127
1.825,0,0,125,-28.3316
1.85,0,0,125,-28.2512
1.875,0,0,125,-28.1715
1.9,0,0,125,-28.0925
1.925,0,0,125,-28.0142
1.95,0,0,125,-27.9366
1.975,0,0,125,-27.8596
2,0,0,125,-27.7833
2.025,0,0,125,-27.7077
2.05,0,0,125,-27.6327
2.075,0,0,125,-27.5584
2.1,0,0,125,-27.4847
2.125,0,0,125,-27.4116
2.15,0,0,125,-27.3392
2.175,0,0,125,-27.2673
2.2,0,0,125,-27.1961
2.225,0,0,125,-27.1254
2.25,0,0,125,-27.0553
2.275,0,0,125,-26.9857
2.3,0,0,125,-26.9167
2.325,0,0,125,-26.8482
2.35,0,0,125,-26.7803
2.375,0,0,125,-26.7128
2.4,0,0,125,-26.6459
2.425,0,0,125,-26.5794
2.45,0,0,125,-26.5134
2.475,0,0,125,-26.4479
2.5,0,0,125,-26.3828
2.525,0,0,125,-26.3181
2.55,0,0,125,-26.2539
2.575,0,0,125,-26.1901
2.6,0,0,125,-26.1267
2.625,0,0,125,-26.0636
2.65,0,0,125,-26.0009
2.675,0,0,125,-25.9386
2.7,0,0,125,-25.8767
2.725,0,0,125,-25.815
2.75,0,0,125,-25.7537
2.775,0,0,125,-25.6927
2.8,0,0,125,-25.632
2.825,0,0,125,-25.5716
2.85,0,0,125,-25.5115
2.875,0,0,125,-25.4516
2.9,0,0,125,-25.3919
2.925,0,0,125,-25.3325
2.95,0,0,125,-25.2734
2.975,0,0,125,-25.2144
3,0,0,125,-25.1556
3.025,0,0,125,-25.0971
3.05,0,0,125,-25.0387
3.075,0,0,125,-24.9805
3.1,0,0,125,-24.9224
3.125,0,0,125,-24.8645
3.15,0,0,125,-24.8067
3.175,0,0,125,-24.7491
3.2,0,0,125,-24.6916
3.225,0,0,125,-24.6341
3.25,0,0,125,-24.5768
3.275,0,0,125,-24.5196
3.3,0,0,125,-24.4624
3.325,0,0,125,-24.4053
3.35,0,0,125,-24.3483
3.375,0,0,125,-24.2913
3.4,0,0,125,-24.2344
3.425,0,0,125,-24.1775
3.45,0,0,125,-24.1207
3.475,0,0,125,-24.0639
3.5,0,0,125,-24.0071
3.525,0,0,125,-23.9503
3.55,0,0,125,-23.8935
3.575,0,0,125,-23.8367
3.6,0,0,125,-23.78
3.625,0,0,125,-23.7232
3.65,0,0,125,-23.6664
3.675,0,0,125,-23.6096
3.7,0,0,125,-23.5528
3.725,0,0,125,-23.4959
3.75,0,0,125,-23.4391
3.775,0,0,125,-23.3822
3.8,0,0,125,-23.3253
3.825,0,0,125,-23.2684
3.85,0,0,125,-23.2115
3.875,0,0,125,-23.1546
3.9,0,0,125,-23.0976
3.925,0,0,125,-23.0407
3.95,0,0,125,-22.9838
3.975,0,0,125,-22.9268
4,0,0,125,-22.8699
4.025,0,0,125,-22.8131
4.05,0,0,125,-22.7562
4.075,0,0,125,-22.6995
4.1,0,0,125,-22.6428
4.125,0,0,125,-22.5862
4.15,0,0,125,-22.5298
4.175,0,0,125,-22.4735
4.2,0,0,125,-22.4173
4.225,0,0,125,-22.3614
4.25,0,0,125,-22.3057
4.275,0,0,125,-22.2503
4.3,0,0,125,-22.1951
4.325,0,0,125,-22.1404
4.35,0,0,125,-22.086
4.375,0,0,125,-22.032
4.4,0,0,125,-21.9786
4.425,0,0,125,-21.9257
4.45,0,0,125,-21.8735
4.475,0,0,125,-21.8219
4.5,0,0,125,-21.7711
4.525,0,0,125,-21.7212
4.55,0,0,125,-21.6722
4.575,0,0,125,-21.6243
4.6,0,0,125,-21.5776
4.625,0,0,125,-21.5321
4.65,0,0,125,-21.488
4.675,0,0,125,-21.4455
4.7,0,0,125,-21.4046
4.725,0,0,125,-21.3657
4.75,0,0,125,-21.3287
4.775,0,0,125,-21.294
4.8,0,0,125,-21.2618
4.825,0,0,125,-21.2321
4.85,0,0,125,-21.2054
4.875,0,0,125,-21.1818
4.9,0,0,125,-21.1617
4.925,0,0,125,-21.1451
4.95,0,0,125,-21.1325
4.975,0,0,125,-21.124
5,0,0,125,-21.1196
