0,0,0,125,-26.2058
0.025,0,0,125,-26.2028
0.05,0,0,125,-26.1969
0.075,0,0,125,-26.188
0.1,0,0,125,-26.1762
0.125,0,0,125,-26.1616
0.15,0,0,125,-26.1443
0.175,0,0,125,-26.1245
0.2,0,0,125,-26.1024
0.225,0,0,125,-26.078
0.25,0,0,125,-26.0516
0.275,0,0,125,-26.0233
0.3,0,0,125,-25.993
0.325,0,0,125,-25.9611
0.35,0,0,125,-25.9275
0.375,0,0,125,-25.8923
0.4,0,0,125,-25.8557
0.425,0,0,125,-25.8176
0.45,0,0,125,-25.7783
0.475,0,0,125,-25.7377
0.5,0,0,125,-25.696
0.525,0,0,125,-25.6532
0.55,0,0,125,-25.6093
0.575,0,0,125,-25.5645
0.6,0,0,125,-25.5188
0.625,0,0,125,-25.4722
0.65,0,0,125,-25.4249
0.675,0,0,125,-25.3768
0.7,0,0,125,-25.3281
0.725,0,0,125,-25.2787
0.75,0,0,125,-25.2287
0.775,0,0,125,-25.1781
0.8,0,0,125,-25.1271
0.825,0,0,125,-25.0756
0.85,0,0,125,-25.0237
0.875,0,0,125,-24.9714
0.9,0,0,125,-24.9187
0.925,0,0,125,-24.8657
0.95,0,0,125,-24.8125
0.975,0,0,125,-24.759
1,0,0,125,-24.7052
1.025,0,0,125,-24.6513
1.05,0,0,125,-24.5972
1.075,0,0,125,-24.543
1.1,0,0,125,-24.4886
1.125,0,0,125,-24.4342
1.15,0,0,125,-24.3797
1.175,0,0,125,-24.3251
1.2,0,0,125,-24.2705
1.225,0,0,125,-24.2158
1.25,0,0,125,-24.1612
1.275,0,0,125,-24.1066
1.3,0,0,125,-24.0521
1.325,0,0,125,-23.9976
1.35,0,0,125,-23.9431
1.375,0,0,125,-23.8888
1.4,0,0,125,-23.8345
1.425,0,0,125,-23.7804
1.45,0,0,125,-23.7263
1.475,0,0,125,-23.6724
1.5,0,0,125,-23.6186
1.525,0,0,125,-23.565
1.55,0,0,125,-23.5115
1.575,0,0,125,-23.4582
1.6,0,0,125,-23.405
1.625,0,0,125,-23.3521
1.65,0,0,125,-23.2993
1.675,0,0,125,-23.2467
1.7,0,0,125,-23.1943
1.725,0,0,125,-23.1421
1.75,0,0,125,-23.09
1.775,0,0,125,-23.0382
1.8,0,0,125,-22.9867
1.825,0,0,125,-22.9353
1.85,0,0,125,-22.8841
1.875,0,0,125,-22.8332
1.9,0,0,125,-22.7825
1.925,0,0,125,-22.732
1.95,0,0,125,-22.6818
1.975,0,0,125,-22.6317
2,0,0,125,-22.5819
2.025,0,0,125,-22.5324
2.05,0,0,125,-22.4831
2.075,0,0,125,-22.434
2.1,0,0,125,-22.3851
2.125,0,0,125,-22.3365
2.15,0,0,125,-22.2881
2.175,0,0,125,-22.24
2.2,0,0,125,-22.192
2.225,0,0,125,-22.1444
2.25,0,0,125,-22.0969
2.275,0,0,125,-22.0497
2.3,0,0,125,-22.0027
2.325,0,0,125,-21.956
2.35,0,0,125,-21.9095
2.375,0,0,125,-21.8632
2.4,0,0,125,-21.8172
2.425,0,0,125,-21.7713
2.45,0,0,125,-21.7258
2.475,0,0,125,-21.6804
2.5,0,0,125,-21.6353
2.525,0,0,125,-21.5904
2.55,0,0,125,-21.5457
2.575,0,0,125,-21.5012
2.6,0,0,125,-21.457
2.625,0,0,125,-21.413
2.65,0,0,125,-21.3692
2.675,0,0,125,-21.3256
2.7,0,0,125,-21.2822
2.725,0,0,125,-21.239
2.75,0,0,125,-21.1961
2.775,0,0,125,-21.1534
2.8,0,0,125,-21.1108
2.825,0,0,125,-21.0685
2.85,0,0,125,-21.0264
2.875,0,0,125,-20.9845
2.9,0,0,125,-20.9428
2.925,0,0,125,-20.9013
2.95,0,0,125,-20.86
2.975,0,0,125,-20.8189
3,0,0,125,-20.778
3.025,0,0,125,-20.7373
3.05,0,0,125,-20.6968
3.075,0,0,125,-20.6565
3.1,0,0,125,-20.6163
3.125,0,0,125,-20.5764
3.15,0,0,125,-20.5367
3.175,0,0,125,-20.4971
3.2,0,0,125,-20.4577
3.225,0,0,125,-20.4186
3.25,0,0,125,-20.3795
3.275,0,0,125,-20.3407
3.3,0,0,125,-20.3021
3.325,0,0,125,-20.2636
3.35,0,0,125,-20.2254
3.375,0,0,125,-20.1873
3.4,0,0,125,-20.1494
3.425,0,0,125,-20.1116
3.45,0,0,125,-20.0741
3.475,0,0,125,-20.0367
3.5,0,0,125,-19.9995
3.525,0,0,125,-19.9625
3.55,0,0,125,-19.9257
3.575,0,0,125,-19.889
3.6,0,0,125,-19.8525
3.625,0,0,125,-19.8162
3.65,0,0,125,-19.7801
3.675,0,0,125,-19.7441
3.7,0,0,125,-19.7084
3.725,0,0,125,-19.6728
3.75,0,0,125,-19.6374
3.775,0,0,125,-19.6022
3.8,0,0,125,-19.5672
3.825,0,0,125,-19.5323
3.85,0,0,125,-19.4977
3.875,0,0,125,-19.4632
3.9,0,0,125,-19.4289
3.925,0,0,125,-19.3949
3.95,0,0,125,-19.361
3.975,0,0,125,-19.3274
4,0,0,125,-19.2939
4.025,0,0,125,-19.2607
4.05,0,0,125,-19.2277
4.075,0,0,125,-19.195
4.1,0,0,125,-19.1625
4.125,0,0,125,-19.1302
4.15,0,0,125,-19.0982
4.175,0,0,125,-19.0664
4.2,0,0,125,-19.0349
4.225,0,0,125,-19.0037
4.25,0,0,125,-18.9728
4.275,0,0,125,-18.9423
4.3,0,0,125,-18.912
4.325,0,0,125,-18.8821
4.35,0,0,125,-18.8526
4.375,0,0,125,-18.8234
4.4,0,0,125,-18.7947
4.425,0,0,125,-18.7664
4.45,0,0,125,-18.7386
4.475,0,0,125,-18.7112
4.5,0,0,125,-18.6844
4.525,0,0,125,-18.6582
4.55,0,0,125,-18.6325
4.575,0,0,125,-18.6075
4.6,0,0,125,-18.5832
4.625,0,0,125,-18.5597
4.65,0,0,125,-18.5369
4.675,0,0,125,-18.515
4.7,0,0,125,-18.4941
4.725,0,0,125,-18.4741
4.75,0,0,125,-18.4553
4.775,0,0,125,-18.4376
4.8,0,0,125,-18.4212
4.825,0,0,125,-18.4062
4.85,0,0,125,-18.3927
4.875,0,0,125,-18.3808
4.9,0,0,125,-18.3706
4.925,0,0,125,-18.3623
4.95,0,0,125,-18.3559
4.975,0,0,125,-18.3517
5,0,0,125,-18.3495
