0,0,0,125,-30.9612
0.025,0,0,125,-30.9577
0.05,0,0,125,-30.9508
0.075,0,0,125,-30.9404
0.1,0,0,125,-30.9266
0.125,0,0,125,-30.9095
0.15,0,0,125,-30.8892
0.175,0,0,125,-30.8659
0.2,0,0,125,-30.8397
0.225,0,0,125,-30.8107
0.25,0,0,125,-30.7791
0.275,0,0,125,-30.7451
0.3,0,0,125,-30.7086
0.325,0,0,125,-30.6698
0.35,0,0,125,-30.6288
0.375,0,0,125,-30.5857
0.4,0,0,125,-30.5406
0.425,0,0,125,-30.4936
0.45,0,0,125,-30.4447
0.475,0,0,125,-30.3941
0.5,0,0,125,-30.3417
0.525,0,0,125,-30.2878
0.55,0,0,125,-30.2323
0.575,0,0,125,-30.1754
0.6,0,0,125,-30.1171
0.625,0,0,125,-30.0574
0.65,0,0,125,-29.9965
0.675,0,0,125,-29.9344
0.7,0,0,125,-29.8712
0.725,0,0,125,-29.8069
0.75,0,0,125,-29.7416
0.775,0,0,125,-29.6753
0.8,0,0,125,-29.6082
0.825,0,0,125,-29.5402
0.85,0,0,125,-29.4714
0.875,0,0,125,-29.4019
0.9,0,0,125,-29.3316
0.925,0,0,125,-29.2608
0.95,0,0,125,-29.1893
0.975,0,0,125,-29.1173
1,0,0,125,-29.0448
1.025,0,0,125,-28.9718
1.05,0,0,125,-28.8984
1.075,0,0,125,-28.8247
1.1,0,0,125,-28.7505
1.125,0,0,125,-28.6761
1.15,0,0,125,-28.6014
1.175,0,0,125,-28.5265
1.2,0,0,125,-28.4513
1.225,0,0,125,-28.376
1.25,0,0,125,-28.3005
1.275,0,0,125,-28.225
1.3,0,0,125,-28.1493
1.325,0,0,125,-28.0736
1.35,0,0,125,-27.9979
1.375,0,0,125,-27.9222
1.4,0,0,125,-27.8465
1.425,0,0,125,-27.7708
1.45,0,0,125,-27.6952
1.475,0,0,125,-27.6197
1.5,0,0,125,-27.5443
1.525,0,0,125,-27.4691
1.55,0,0,125,-27.3939
1.575,0,0,125,-27.319
1.6,0,0,125,-27.2442
1.625,0,0,125,-27.1696
1.65,0,0,125,-27.0952
1.675,0,0,125,-27.0211
1.7,0,0,125,-26.9472
1.725,0,0,125,-26.8735
1.75,0,0,125,-26.8001
1.775,0,0,125,-26.7269
1.8,0,0,125,-26.6541
1.825,0,0,125,-26.5815
1.85,0,0,125,-26.5092
1.875,0,0,125,-26.4373
1.9,0,0,125,-26.3657
1.925,0,0,125,-26.2943
1.95,0,0,125,-26.2234
1.975,0,0,125,-26.1527
2,0,0,125,-26.0824
2.025,0,0,125,-26.0125
2.05,0,0,125,-25.9429
2.075,0,0,125,-25.8736
2.1,0,0,125,-25.8048
2.125,0,0,125,-25.7363
2.15,0,0,125,-25.6681
2.175,0,0,125,-25.6003
2.2,0,0,125,-25.5329
2.225,0,0,125,-25.4659
2.25,0,0,125,-25.3993
2.275,0,0,125,-25.333
2.3,0,0,125,-25.2671
2.325,0,0,125,-25.2016
2.35,0,0,125,-25.1365
2.375,0,0,125,-25.0717
2.4,0,0,125,-25.0074
2.425,0,0,125,-24.9434
2.45,0,0,125,-24.8798
2.475,0,0,125,-24.8166
2.5,0,0,125,-24.7537
2.525,0,0,125,-24.6913
2.55,0,0,125,-24.6292
2.575,0,0,125,-24.5675
2.6,0,0,125,-24.5062
2.625,0,0,125,-24.4452
2.65,0,0,125,-24.3846
2.675,0,0,125,-24.3244
2.7,0,0,125,-24.2646
2.725,0,0,125,-24.2051
2.75,0,0,125,-24.146
2.775,0,0,125,-24.0873
2.8,0,0,125,-24.0289
2.825,0,0,125,-23.9709
2.85,0,0,125,-23.9132
2.875,0,0,125,-23.8559
2.9,0,0,125,-23.799
2.925,0,0,125,-23.7424
2.95,0,0,125,-23.6861
2.975,0,0,125,-23.6303
3,0,0,125,-23.5747
3.025,0,0,125,-23.5195
3.05,0,0,125,-23.4647
3.075,0,0,125,-23.4101
3.1,0,0,125,-23.356
3.125,0,0,125,-23.3021
3.15,0,0,125,-23.2486
3.175,0,0,125,-23.1954
3.2,0,0,125,-23.1426
3.225,0,0,125,-23.0901
3.25,0,0,125,-23.0379
3.275,0,0,125,-22.9861
3.3,0,0,125,-22.9345
3.325,0,0,125,-22.8833
3.35,0,0,125,-22.8325
3.375,0,0,125,-22.7819
3.4,0,0,125,-22.7317
3.425,0,0,125,-22.6817
3.45,0,0,125,-22.6321
3.475,0,0,125,-22.5829
3.5,0,0,125,-22.5339
3.525,0,0,125,-22.4853
3.55,0,0,125,-22.4369
3.575,0,0,125,-22.3889
3.6,0,0,125,-22.3413
3.625,0,0,125,-22.2939
3.65,0,0,125,-22.2469
3.675,0,0,125,-22.2001
3.7,0,0,125,-22.1537
3.725,0,0,125,-22.1077
3.75,0,0,125,-22.0619
3.775,0,0,125,-22.0165
3.8,0,0,125,-21.9714
3.825,0,0,125,-21.9266
3.85,0,0,125,-21.8822
3.875,0,0,125,-21.8381
3.9,0,0,125,-21.7944
3.925,0,0,125,-21.751
3.95,0,0,125,-21.708
3.975,0,0,125,-21.6653
4,0,0,125,-21.623
4.025,0,0,125,-21.5811
4.05,0,0,125,-21.5396
4.075,0,0,125,-21.4985
4.1,0,0,125,-21.4577
4.125,0,0,125,-21.4174
4.15,0,0,125,-21.3775
4.175,0,0,125,-21.338
4.2,0,0,125,-21.299
4.225,0,0,125,-21.2605
4.25,0,0,125,-21.2224
4.275,0,0,125,-21.1849
4.3,0,0,125,-21.1478
4.325,0,0,125,-21.1113
4.35,0,0,125,-21.0754
4.375,0,0,125,-21.04
4.4,0,0,125,-21.0053
4.425,0,0,125,-20.9712
4.45,0,0,125,-20.9377
4.475,0,0,125,-20.905
4.5,0,0,125,-20.873
4.525,0,0,125,-20.8418
4.55,0,0,125,-20.8115
4.575,0,0,125,-20.782
4.6,0,0,125,-20.7535
4.625,0,0,125,-20.7259
4.65,0,0,125,-20.6994
4.675,0,0,125,-20.6739
4.7,0,0,125,-20.6497
4.725,0,0,125,-20.6267
4.75,0,0,125,-20.6051
4.775,0,0,125,-20.5849
4.8,0,0,125,-20.5663
4.825,0,0,125,-20.5493
4.85,0,0,125,-20.534
4.875,0,0,125,-20.5206
4.9,0,0,125,-20.5092
4.925,0,0,125,-20.4999
4.95,0,0,125,-20.4928
4.975,0,0,125,-20.488
5,0,0,125,-20.4856
