0,0,0,125,-61.1283
0.025,0,0,125,-61.1258
0.05,0,0,125,-61.1208
0.075,0,0,125,-61.1133
0.1,0,0,125,-61.1032
0.125,0,0,125,-61.0908
0.15,0,0,125,-61.0759
0.175,0,0,125,-61.0586
0.2,0,0,125,-61.0392
0.225,0,0,125,-61.0174
0.25,0,0,125,-60.9936
0.275,0,0,125,-60.9675
0.3,0,0,125,-60.9394
0.325,0,0,125,-60.9092
0.35,0,0,125,-60.877
0.375,0,0,125,-60.8428
0.4,0,0,125,-60.8066
0.425,0,0,125,-60.7685
0.45,0,0,125,-60.7285
0.475,0,0,125,-60.6866
0.5,0,0,125,-60.6428
0.525,0,0,125,-60.5972
0.55,0,0,125,-60.5498
0.575,0,0,125,-60.5006
0.6,0,0,125,-60.4496
0.625,0,0,125,-60.3969
0.65,0,0,125,-60.3424
0.675,0,0,125,-60.2862
0.7,0,0,125,-60.2283
0.725,0,0,125,-60.1687
0.75,0,0,125,-60.1075
0.775,0,0,125,-60.0446
0.8,0,0,125,-59.9802
0.825,0,0,125,-59.914
0.85,0,0,125,-59.8464
0.875,0,0,125,-59.7771
0.9,0,0,125,-59.7063
0.925,0,0,125,-59.6339
0.95,0,0,125,-59.56
0.975,0,0,125,-59.4846
1,0,0,125,-59.4077
1.025,0,0,125,-59.3294
1.05,0,0,125,-59.2495
1.075,0,0,125,-59.1683
1.1,0,0,125,-59.0856
1.125,0,0,125,-59.0015
1.15,0,0,125,-58.916
1.175,0,0,125,-58.8291
1.2,0,0,125,-58.7409
1.225,0,0,125,-58.6513
1.25,0,0,125,-58.5604
1.275,0,0,125,-58.4682
1.3,0,0,125,-58.3747
1.325,0,0,125,-58.28
1.35,0,0,125,-58.1839
1.375,0,0,125,-58.0866
1.4,0,0,125,-57.9881
1.425,0,0,125,-57.8884
1.45,0,0,125,-57.7875
1.475,0,0,125,-57.6854
1.5,0,0,125,-57.5821
1.525,0,0,125,-57.4777
1.55,0,0,125,-57.3722
1.575,0,0,125,-57.2656
1.6,0,0,125,-57.1578
1.625,0,0,125,-57.049
1.65,0,0,125,-56.9391
1.675,0,0,125,-56.8282
1.7,0,0,125,-56.7162
1.725,0,0,125,-56.6033
1.75,0,0,125,-56.4893
1.775,0,0,125,-56.3744
1.8,0,0,125,-56.2585
1.825,0,0,125,-56.1416
1.85,0,0,125,-56.0239
1.875,0,0,125,-55.9052
1.9,0,0,125,-55.7856
1.925,0,0,125,-55.6651
1.95,0,0,125,-55.5438
1.975,0,0,125,-55.4216
2,0,0,125,-55.2986
2.025,0,0,125,-55.1748
2.05,0,0,125,-55.0502
2.075,0,0,125,-54.9248
2.1,0,0,125,-54.7987
2.125,0,0,125,-54.6718
2.15,0,0,125,-54.5441
2.175,0,0,125,-54.4158
2.2,0,0,125,-54.2868
2.225,0,0,125,-54.157
2.25,0,0,125,-54.0267
2.275,0,0,125,-53.8956
2.3,0,0,125,-53.764
2.325,0,0,125,-53.6317
2.35,0,0,125,-53.4988
2.375,0,0,125,-53.3654
2.4,0,0,125,-53.2313
2.425,0,0,125,-53.0968
2.45,0,0,125,-52.9617
2.475,0,0,125,-52.8261
2.5,0,0,125,-52.69
2.525,0,0,125,-52.5535
2.55,0,0,125,-52.4164
2.575,0,0,125,-52.279
2.6,0,0,125,-52.1411
2.625,0,0,125,-52.0028
2.65,0,0,125,-51.8642
2.675,0,0,125,-51.7251
2.7,0,0,125,-51.5858
2.725,0,0,125,-51.446
2.75,0,0,125,-51.306
2.775,0,0,125,-51.1657
2.8,0,0,125,-51.0252
2.825,0,0,125,-50.8844
2.85,0,0,125,-50.7433
2.875,0,0,125,-50.6021
2.9,0,0,125,-50.4607
2.925,0,0,125,-50.3191
2.95,0,0,125,-50.1774
2.975,0,0,125,-50.0355
3,0,0,125,-49.8936
3.025,0,0,125,-49.7516
3.05,0,0,125,-49.6096
3.075,0,0,125,-49.4675
3.1,0,0,125,-49.3255
3.125,0,0,125,-49.1835
3.15,0,0,125,-49.0415
3.175,0,0,125,-48.8996
3.2,0,0,125,-48.7579
3.225,0,0,125,-48.6163
3.25,0,0,125,-48.4748
3.275,0,0,125,-48.3336
3.3,0,0,125,-48.1925
3.325,0,0,125,-48.0518
3.35,0,0,125,-47.9113
3.375,0,0,125,-47.7712
3.4,0,0,125,-47.6314
3.425,0,0,125,-47.492
3.45,0,0,125,-47.3531
3.475,0,0,125,-47.2146
3.5,0,0,125,-47.0766
3.525,0,0,125,-46.9392
3.55,0,0,125,-46.8023
3.575,0,0,125,-46.666
3.6,0,0,125,-46.5304
3.625,0,0,125,-46.3955
3.65,0,0,125,-46.2613
3.675,0,0,125,-46.1279
3.7,0,0,125,-45.9954
3.725,0,0,125,-45.8637
3.75,0,0,125,-45.7329
3.775,0,0,125,-45.603
3.8,0,0,125,-45.4742
3.825,0,0,125,-45.3465
3.85,0,0,125,-45.2198
3.875,0,0,125,-45.0943
3.9,0,0,125,-44.9701
3.925,0,0,125,-44.8471
3.95,0,0,125,-44.7254
3.975,0,0,125,-44.605
4,0,0,125,-44.4861
4.025,0,0,125,-44.3687
4.05,0,0,125,-44.2528
4.075,0,0,125,-44.1386
4.1,0,0,125,-44.026
4.125,0,0,125,-43.9151
4.15,0,0,125,-43.806
4.175,0,0,125,-43.6987
4.2,0,0,125,-43.5933
4.225,0,0,125,-43.4899
4.25,0,0,125,-43.3886
4.275,0,0,125,-43.2894
4.3,0,0,125,-43.1923
4.325,0,0,125,-43.0974
4.35,0,0,125,-43.0049
4.375,0,0,125,-42.9148
4.4,0,0,125,-42.8271
4.425,0,0,125,-42.7419
4.45,0,0,125,-42.6593
4.475,0,0,125,-42.5794
4.5,0,0,125,-42.5023
4.525,0,0,125,-42.4279
4.55,0,0,125,-42.3564
4.575,0,0,125,-42.288
4.6,0,0,125,-42.2226
4.625,0,0,125,-42.1603
4.65,0,0,125,-42.1012
4.675,0,0,125,-42.0455
4.7,0,0,125,-41.9931
4.725,0,0,125,-41.9443
4.75,0,0,125,-41.899
4.775,0,0,125,-41.8573
4.8,0,0,125,-41.8194
4.825,0,0,125,-41.7854
4.85,0,0,125,-41.7553
4.875,0,0,125,-41.7293
4.9,0,0,125,-41.7074
4.925,0,0,125,-41.6898
4.95,0,0,125,-41.6765
4.975,0,0,125,-41.6676
5,0,0,125,-41.6631
