0,0,0,25,2.62278
0.005,0,0,25,2.62316
0.01,0,0,25,2.62391
0.015,0,0,25,2.62503
0.02,0,0,25,2.62653
0.025,0,0,25,2.6284
0.03,0,0,25,2.63065
0.035,0,0,25,2.63326
0.04,0,0,25,2.63624
0.045,0,0,25,2.63958
0.05,0,0,25,2.6433
0.055,0,0,25,2.64737
0.06,0,0,25,2.65181
0.065,0,0,25,2.6566
0.07,0,0,25,2.66176
0.075,0,0,25,2.66727
0.08,0,0,25,2.67314
0.085,0,0,25,2.67936
0.09,0,0,25,2.68594
0.095,0,0,25,2.69286
0.1,0,0,25,2.70014
0.105,0,0,25,2.70776
0.11,0,0,25,2.71573
0.115,0,0,25,2.72404
0.12,0,0,25,2.7327
0.125,0,0,25,2.7417
0.13,0,0,25,2.75105
0.135,0,0,25,2.76073
0.14,0,0,25,2.77075
0.145,0,0,25,2.78111
0.15,0,0,25,2.7918
0.155,0,0,25,2.80283
0.16,0,0,25,2.81419
0.165,0,0,25,2.82589
0.17,0,0,25,2.83792
0.175,0,0,25,2.85027
0.18,0,0,25,2.86296
0.185,0,0,25,2.87597
0.19,0,0,25,2.88931
0.195,0,0,25,2.90298
0.2,0,0,25,2.91697
0.205,0,0,25,2.93128
0.21,0,0,25,2.94592
0.215,0,0,25,2.96087
0.22,0,0,25,2.97615
0.225,0,0,25,2.99175
0.23,0,0,25,3.00767
0.235,0,0,25,3.0239
0.24,0,0,25,3.04045
0.245,0,0,25,3.05732
0.25,0,0,25,3.0745
0.255,0,0,25,3.09199
0.26,0,0,25,3.1098
0.265,0,0,25,3.12792
0.27,0,0,25,3.14635
0.275,0,0,25,3.16509
0.28,0,0,25,3.18414
0.285,0,0,25,3.2035
0.29,0,0,25,3.22317
0.295,0,0,25,3.24314
0.3,0,0,25,3.26343
0.305,0,0,25,3.28401
0.31,0,0,25,3.3049
0.315,0,0,25,3.3261
0.32,0,0,25,3.3476
0.325,0,0,25,3.3694
0.33,0,0,25,3.3915
0.335,0,0,25,3.41391
0.34,0,0,25,3.43661
0.345,0,0,25,3.45961
0.35,0,0,25,3.48292
0.355,0,0,25,3.50652
0.36,0,0,25,3.53042
0.365,0,0,25,3.55461
0.37,0,0,25,3.5791
0.375,0,0,25,3.60389
0.38,0,0,25,3.62897
0.385,0,0,25,3.65435
0.39,0,0,25,3.68002
0.395,0,0,25,3.70598
0.4,0,0,25,3.73223
0.405,0,0,25,3.75878
0.41,0,0,25,3.78562
0.415,0,0,25,3.81275
0.42,0,0,25,3.84016
0.425,0,0,25,3.86787
0.43,0,0,25,3.89586
0.435,0,0,25,3.92415
0.44,0,0,25,3.95272
0.445,0,0,25,3.98158
0.45,0,0,25,4.01072
0.455,0,0,25,4.04015
0.46,0,0,25,4.06987
0.465,0,0,25,4.09986
0.47,0,0,25,4.13015
0.475,0,0,25,4.16071
0.48,0,0,25,4.19156
0.485,0,0,25,4.2227
0.49,0,0,25,4.25411
0.495,0,0,25,4.2858
0.5,0,0,25,4.31778
0.505,0,0,25,4.35004
0.51,0,0,25,4.38257
0.515,0,0,25,4.41539
0.52,0,0,25,4.44848
0.525,0,0,25,4.48185
0.53,0,0,25,4.5155
0.535,0,0,25,4.54943
0.54,0,0,25,4.58363
0.545,0,0,25,4.61811
0.55,0,0,25,4.65286
0.555,0,0,25,4.68789
0.56,0,0,25,4.7232
0.565,0,0,25,4.75877
0.57,0,0,25,4.79463
0.575,0,0,25,4.83075
0.58,0,0,25,4.86715
0.585,0,0,25,4.90382
0.59,0,0,25,4.94076
0.595,0,0,25,4.97797
0.6,0,0,25,5.01545
0.605,0,0,25,5.0532
0.61,0,0,25,5.09123
0.615,0,0,25,5.12952
0.62,0,0,25,5.16808
0.625,0,0,25,5.20691
0.63,0,0,25,5.246
0.635,0,0,25,5.28537
0.64,0,0,25,5.325
0.645,0,0,25,5.3649
0.65,0,0,25,5.40506
0.655,0,0,25,5.44549
0.66,0,0,25,5.48618
0.665,0,0,25,5.52714
0.67,0,0,25,5.56837
0.675,0,0,25,5.60985
0.68,0,0,25,5.6516
0.685,0,0,25,5.69362
0.69,0,0,25,5.73589
0.695,0,0,25,5.77843
0.7,0,0,25,5.82123
0.705,0,0,25,5.86429
0.71,0,0,25,5.90761
0.715,0,0,25,5.95119
0.72,0,0,25,5.99503
0.725,0,0,25,6.03913
0.73,0,0,25,6.08349
0.735,0,0,25,6.12811
0.74,0,0,25,6.17298
0.745,0,0,25,6.21811
0.75,0,0,25,6.26351
0.755,0,0,25,6.30915
0.76,0,0,25,6.35506
0.765,0,0,25,6.40122
0.77,0,0,25,6.44763
0.775,0,0,25,6.4943
0.78,0,0,25,6.54123
0.785,0,0,25,6.58841
0.79,0,0,25,6.63584
0.795,0,0,25,6.68353
0.8,0,0,25,6.73147
0.805,0,0,25,6.77966
0.81,0,0,25,6.8281
0.815,0,0,25,6.8768
0.82,0,0,25,6.92575
0.825,0,0,25,6.97495
0.83,0,0,25,7.02439
0.835,0,0,25,7.07409
0.84,0,0,25,7.12404
0.845,0,0,25,7.17424
0.85,0,0,25,7.22469
0.855,0,0,25,7.27539
0.86,0,0,25,7.32633
0.865,0,0,25,7.37753
0.87,0,0,25,7.42896
0.875,0,0,25,7.48065
0.88,0,0,25,7.53259
0.885,0,0,25,7.58477
0.89,0,0,25,7.63719
0.895,0,0,25,7.68986
0.9,0,0,25,7.74278
0.905,0,0,25,7.79594
0.91,0,0,25,7.84934
0.915,0,0,25,7.90299
0.92,0,0,25,7.95689
0.925,0,0,25,8.01102
0.93,0,0,25,8.0654
0.935,0,0,25,8.12002
0.94,0,0,25,8.17488
0.945,0,0,25,8.22999
0.95,0,0,25,8.28533
0.955,0,0,25,8.34092
0.96,0,0,25,8.39674
0.965,0,0,25,8.45281
0.97,0,0,25,8.50912
0.975,0,0,25,8.56566
0.98,0,0,25,8.62244
0.985,0,0,25,8.67947
0.99,0,0,25,8.73673
0.995,0,0,25,8.79423
1,0,0,25,8.85196
1.005,0,0,25,8.90993
1.01,0,0,25,8.96814
1.015,0,0,25,9.02659
1.02,0,0,25,9.08527
1.025,0,0,25,9.14419
1.03,0,0,25,9.20334
1.035,0,0,25,9.26273
1.04,0,0,25,9.32235
1.045,0,0,25,9.3822
1.05,0,0,25,9.44229
1.055,0,0,25,9.50261
1.06,0,0,25,9.56317
1.065,0,0,25,9.62395
1.07,0,0,25,9.68497
1.075,0,0,25,9.74622
1.08,0,0,25,9.8077
1.085,0,0,25,9.86942
1.09,0,0,25,9.93136
1.095,0,0,25,9.99353
1.1,0,0,25,10.0559
1.105,0,0,25,10.1186
1.11,0,0,25,10.1814
1.115,0,0,25,10.2445
1.12,0,0,25,10.3078
1.125,0,0,25,10.3714
1.13,0,0,25,10.4352
1.135,0,0,25,10.4992
1.14,0,0,25,10.5634
1.145,0,0,25,10.6278
1.15,0,0,25,10.6925
1.155,0,0,25,10.7574
1.16,0,0,25,10.8226
1.165,0,0,25,10.8879
1.17,0,0,25,10.9535
1.175,0,0,25,11.0193
1.18,0,0,25,11.0853
1.185,0,0,25,11.1516
1.19,0,0,25,11.2181
1.195,0,0,25,11.2848
1.2,0,0,25,11.3517
1.205,0,0,25,11.4188
1.21,0,0,25,11.4862
1.215,0,0,25,11.5538
1.22,0,0,25,11.6216
1.225,0,0,25,11.6896
1.23,0,0,25,11.7579
1.235,0,0,25,11.8263
1.24,0,0,25,11.895
1.245,0,0,25,11.9639
1.25,0,0,25,12.033
1.255,0,0,25,12.1024
1.26,0,0,25,12.1719
1.265,0,0,25,12.2417
1.27,0,0,25,12.3117
1.275,0,0,25,12.3819
1.28,0,0,25,12.4523
1.285,0,0,25,12.523
1.29,0,0,25,12.5938
1.295,0,0,25,12.6649
1.3,0,0,25,12.7362
1.305,0,0,25,12.8077
1.31,0,0,25,12.8794
1.315,0,0,25,12.9513
1.32,0,0,25,13.0234
1.325,0,0,25,13.0958
1.33,0,0,25,13.1684
1.335,0,0,25,13.2411
1.34,0,0,25,13.3141
1.345,0,0,25,13.3873
1.35,0,0,25,13.4607
1.355,0,0,25,13.5343
1.36,0,0,25,13.6082
1.365,0,0,25,13.6822
1.37,0,0,25,13.7564
1.375,0,0,25,13.8309
1.38,0,0,25,13.9055
1.385,0,0,25,13.9804
1.39,0,0,25,14.0555
1.395,0,0,25,14.1308
1.4,0,0,25,14.2063
1.405,0,0,25,14.2819
1.41,0,0,25,14.3578
1.415,0,0,25,14.4339
1.42,0,0,25,14.5102
1.425,0,0,25,14.5868
1.43,0,0,25,14.6635
1.435,0,0,25,14.7404
1.44,0,0,25,14.8175
1.445,0,0,25,14.8948
1.45,0,0,25,14.9723
1.455,0,0,25,15.0501
1.46,0,0,25,15.128
1.465,0,0,25,15.2061
1.47,0,0,25,15.2844
1.475,0,0,25,15.363
1.48,0,0,25,15.4417
1.485,0,0,25,15.5206
1.49,0,0,25,15.5997
1.495,0,0,25,15.679
1.5,0,0,25,15.7585
1.505,0,0,25,15.8382
1.51,0,0,25,15.9181
1.515,0,0,25,15.9982
1.52,0,0,25,16.0785
1.525,0,0,25,16.159
1.53,0,0,25,16.2397
1.535,0,0,25,16.3206
1.54,0,0,25,16.4016
1.545,0,0,25,16.4829
1.55,0,0,25,16.5643
1.555,0,0,25,16.646
1.56,0,0,25,16.7278
1.565,0,0,25,16.8098
1.57,0,0,25,16.892
1.575,0,0,25,16.9744
1.58,0,0,25,17.057
1.585,0,0,25,17.1398
1.59,0,0,25,17.2227
1.595,0,0,25,17.3059
1.6,0,0,25,17.3892
1.605,0,0,25,17.4727
1.61,0,0,25,17.5564
1.615,0,0,25,17.6403
1.62,0,0,25,17.7243
1.625,0,0,25,17.8086
1.63,0,0,25,17.893
1.635,0,0,25,17.9776
1.64,0,0,25,18.0624
1.645,0,0,25,18.1474
1.65,0,0,25,18.2325
1.655,0,0,25,18.3178
1.66,0,0,25,18.4033
1.665,0,0,25,18.489
1.67,0,0,25,18.5749
1.675,0,0,25,18.6609
1.68,0,0,25,18.7471
1.685,0,0,25,18.8335
1.69,0,0,25,18.92
1.695,0,0,25,19.0068
1.7,0,0,25,19.0937
1.705,0,0,25,19.1807
1.71,0,0,25,19.268
1.715,0,0,25,19.3554
1.72,0,0,25,19.4429
1.725,0,0,25,19.5307
1.73,0,0,25,19.6186
1.735,0,0,25,19.7067
1.74,0,0,25,19.7949
1.745,0,0,25,19.8833
1.75,0,0,25,19.9719
1.755,0,0,25,20.0606
1.76,0,0,25,20.1495
1.765,0,0,25,20.2385
1.77,0,0,25,20.3277
1.775,0,0,25,20.4171
1.78,0,0,25,20.5066
1.785,0,0,25,20.5963
1.79,0,0,25,20.6861
1.795,0,0,25,20.7761
1.8,0,0,25,20.8663
1.805,0,0,25,20.9566
1.81,0,0,25,21.047
1.815,0,0,25,21.1376
1.82,0,0,25,21.2284
1.825,0,0,25,21.3192
1.83,0,0,25,21.4103
1.835,0,0,25,21.5015
1.84,0,0,25,21.5928
1.845,0,0,25,21.6843
1.85,0,0,25,21.7759
1.855,0,0,25,21.8676
1.86,0,0,25,21.9595
1.865,0,0,25,22.0515
1.87,0,0,25,22.1437
1.875,0,0,25,22.236
1.88,0,0,25,22.3284
1.885,0,0,25,22.421
1.89,0,0,25,22.5137
1.895,0,0,25,22.6065
1.9,0,0,25,22.6995
1.905,0,0,25,22.7925
1.91,0,0,25,22.8857
1.915,0,0,25,22.9791
1.92,0,0,25,23.0725
1.925,0,0,25,23.1661
1.93,0,0,25,23.2598
1.935,0,0,25,23.3536
1.94,0,0,25,23.4475
1.945,0,0,25,23.5415
1.95,0,0,25,23.6356
1.955,0,0,25,23.7299
1.96,0,0,25,23.8242
1.965,0,0,25,23.9187
1.97,0,0,25,24.0133
1.975,0,0,25,24.1079
1.98,0,0,25,24.2027
1.985,0,0,25,24.2976
1.99,0,0,25,24.3925
1.995,0,0,25,24.4876
2,0,0,25,24.5827
2.005,0,0,25,24.6779
2.01,0,0,25,24.7733
2.015,0,0,25,24.8687
2.02,0,0,25,24.9641
2.025,0,0,25,25.0597
2.03,0,0,25,25.1554
2.035,0,0,25,25.2511
2.04,0,0,25,25.3469
2.045,0,0,25,25.4427
2.05,0,0,25,25.5386
2.055,0,0,25,25.6346
2.06,0,0,25,25.7307
2.065,0,0,25,25.8268
2.07,0,0,25,25.923
2.075,0,0,25,26.0192
2.08,0,0,25,26.1154
2.085,0,0,25,26.2118
2.09,0,0,25,26.3081
2.095,0,0,25,26.4045
2.1,0,0,25,26.501
2.105,0,0,25,26.5974
2.11,0,0,25,26.6939
2.115,0,0,25,26.7905
2.12,0,0,25,26.887
2.125,0,0,25,26.9836
2.13,0,0,25,27.0802
2.135,0,0,25,27.1768
2.14,0,0,25,27.2735
2.145,0,0,25,27.3701
2.15,0,0,25,27.4667
2.155,0,0,25,27.5634
2.16,0,0,25,27.66
2.165,0,0,25,27.7566
2.17,0,0,25,27.8532
2.175,0,0,25,27.9498
2.18,0,0,25,28.0464
2.185,0,0,25,28.143
2.19,0,0,25,28.2395
2.195,0,0,25,28.336
2.2,0,0,25,28.4324
2.205,0,0,25,28.5289
2.21,0,0,25,28.6252
2.215,0,0,25,28.7215
2.22,0,0,25,28.8178
2.225,0,0,25,28.914
2.23,0,0,25,29.0101
2.235,0,0,25,29.1062
2.24,0,0,25,29.2022
2.245,0,0,25,29.2981
2.25,0,0,25,29.3939
2.255,0,0,25,29.4896
2.26,0,0,25,29.5852
2.265,0,0,25,29.6808
2.27,0,0,25,29.7762
2.275,0,0,25,29.8715
2.28,0,0,25,29.9667
2.285,0,0,25,30.0617
2.29,0,0,25,30.1567
2.295,0,0,25,30.2515
2.3,0,0,25,30.3461
2.305,0,0,25,30.4406
2.31,0,0,25,30.535
2.315,0,0,25,30.6292
2.32,0,0,25,30.7232
2.325,0,0,25,30.817
2.33,0,0,25,30.9107
2.335,0,0,25,31.0042
2.34,0,0,25,31.0975
2.345,0,0,25,31.1906
2.35,0,0,25,31.2835
2.355,0,0,25,31.3761
2.36,0,0,25,31.4686
2.365,0,0,25,31.5608
2.37,0,0,25,31.6528
2.375,0,0,25,31.7446
2.38,0,0,25,31.8361
2.385,0,0,25,31.9273
2.39,0,0,25,32.0183
2.395,0,0,25,32.109
2.4,0,0,25,32.1994
2.405,0,0,25,32.2896
2.41,0,0,25,32.3794
2.415,0,0,25,32.469
2.42,0,0,25,32.5582
2.425,0,0,25,32.6471
2.43,0,0,25,32.7357
2.435,0,0,25,32.824
2.44,0,0,25,32.9119
2.445,0,0,25,32.9995
2.45,0,0,25,33.0867
2.455,0,0,25,33.1735
2.46,0,0,25,33.26
2.465,0,0,25,33.3461
2.47,0,0,25,33.4318
2.475,0,0,25,33.5171
2.48,0,0,25,33.602
2.485,0,0,25,33.6865
2.49,0,0,25,33.7706
2.495,0,0,25,33.8542
2.5,0,0,25,33.9374
2.505,0,0,25,34.0202
2.51,0,0,25,34.1025
2.515,0,0,25,34.1843
2.52,0,0,25,34.2656
2.525,0,0,25,34.3465
2.53,0,0,25,34.4269
2.535,0,0,25,34.5068
2.54,0,0,25,34.5861
2.545,0,0,25,34.665
2.55,0,0,25,34.7433
2.555,0,0,25,34.8211
2.56,0,0,25,34.8983
2.565,0,0,25,34.975
2.57,0,0,25,35.0512
2.575,0,0,25,35.1268
2.58,0,0,25,35.2018
2.585,0,0,25,35.2762
2.59,0,0,25,35.35
2.595,0,0,25,35.4232
2.6,0,0,25,35.4958
2.605,0,0,25,35.5678
2.61,0,0,25,35.6392
2.615,0,0,25,35.7099
2.62,0,0,25,35.78
2.625,0,0,25,35.8495
2.63,0,0,25,35.9183
2.635,0,0,25,35.9864
2.64,0,0,25,36.0539
2.645,0,0,25,36.1207
2.65,0,0,25,36.1867
2.655,0,0,25,36.2521
2.66,0,0,25,36.3168
2.665,0,0,25,36.3808
2.67,0,0,25,36.4441
2.675,0,0,25,36.5066
2.68,0,0,25,36.5684
2.685,0,0,25,36.6295
2.69,0,0,25,36.6898
2.695,0,0,25,36.7494
2.7,0,0,25,36.8082
2.705,0,0,25,36.8662
2.71,0,0,25,36.9234
2.715,0,0,25,36.9799
2.72,0,0,25,37.0356
2.725,0,0,25,37.0905
2.73,0,0,25,37.1445
2.735,0,0,25,37.1978
2.74,0,0,25,37.2502
2.745,0,0,25,37.3018
2.75,0,0,25,37.3526
2.755,0,0,25,37.4025
2.76,0,0,25,37.4516
2.765,0,0,25,37.4998
2.77,0,0,25,37.5471
2.775,0,0,25,37.5936
2.78,0,0,25,37.6391
2.785,0,0,25,37.6838
2.79,0,0,25,37.7275
2.795,0,0,25,37.7703
2.8,0,0,25,37.8122
2.805,0,0,25,37.8531
2.81,0,0,25,37.8931
2.815,0,0,25,37.9321
2.82,0,0,25,37.97
2.825,0,0,25,38.007
2.83,0,0,25,38.0429
2.835,0,0,25,38.0778
2.84,0,0,25,38.1117
2.845,0,0,25,38.1444
2.85,0,0,25,38.176
2.855,0,0,25,38.2064
2.86,0,0,25,38.2357
2.865,0,0,25,38.2637
2.87,0,0,25,38.2905
2.875,0,0,25,38.316
2.88,0,0,25,38.3401
2.885,0,0,25,38.3629
2.89,0,0,25,38.3842
2.895,0,0,25,38.404
2.9,0,0,25,38.4222
2.905,0,0,25,38.4388
2.91,0,0,25,38.4537
2.915,0,0,25,38.4667
2.92,0,0,25,38.4778
2.925,0,0,25,38.4868
2.93,0,0,25,38.4938
2.935,0,0,25,38.4983
2.94,0,0,25,38.5005
2.945,0,0,25,38.5
2.95,0,0,25,38.4967
2.955,0,0,25,38.4903
2.96,0,0,25,38.4806
2.965,0,0,25,38.4674
2.97,0,0,25,38.4502
2.975,0,0,25,38.4289
2.98,0,0,25,38.4029
2.985,0,0,25,38.3719
2.99,0,0,25,38.3353
2.995,0,0,25,38.2926
3,0,0,25,38.2431
3.005,0,0,25,38.1861
3.01,0,0,25,38.1208
3.015,0,0,25,38.0463
3.02,0,0,25,37.9614
3.025,0,0,25,37.865
3.03,0,0,25,37.7556
3.035,0,0,25,37.6316
3.04,0,0,25,37.4913
3.045,0,0,25,37.3324
3.05,0,0,25,37.1527
3.055,0,0,25,36.9491
3.06,0,0,25,36.7186
3.065,0,0,25,36.4574
3.07,0,0,25,36.1611
3.075,0,0,25,35.8248
3.08,0,0,25,35.4426
3.085,0,0,25,35.0079
3.09,0,0,25,34.5128
3.095,0,0,25,33.9483
3.1,0,0,25,33.3042
3.105,0,0,25,32.5685
3.11,0,0,25,31.7277
3.115,0,0,25,30.7665
3.12,0,0,25,29.6679
3.125,0,0,25,28.4131
3.13,0,0,25,26.9821
3.135,0,0,25,25.3542
3.14,0,0,25,23.5088
3.145,0,0,25,21.4275
3.15,0,0,25,19.0952
3.155,0,0,25,16.5031
3.16,0,0,25,13.651
3.165,0,0,25,10.5493
3.17,0,0,25,7.22106
3.175,0,0,25,3.70103
3.18,0,0,25,0.034301
3.185,0,0,25,-3.7275
3.19,0,0,25,-7.53082
3.195,0,0,25,-11.3246
3.2,0,0,25,-15.0638
3.205,0,0,25,-18.711
3.21,0,0,25,-22.2373
3.215,0,0,25,-25.6216
3.22,0,0,25,-28.8498
3.225,0,0,25,-31.9135
3.23,0,0,25,-34.8089
3.235,0,0,25,-37.5356
3.24,0,0,25,-40.0962
3.245,0,0,25,-42.4948
3.25,0,0,25,-44.7374
3.255,0,0,25,-46.8304
3.26,0,0,25,-48.7811
3.265,0,0,25,-50.5971
3.27,0,0,25,-52.2859
3.275,0,0,25,-53.855
3.28,0,0,25,-55.3119
3.285,0,0,25,-56.6638
3.29,0,0,25,-57.9175
3.295,0,0,25,-59.0796
3.3,0,0,25,-60.1564
3.305,0,0,25,-61.1537
3.31,0,0,25,-62.0772
3.315,0,0,25,-62.9321
3.32,0,0,25,-63.7232
3.325,0,0,25,-64.4552
3.33,0,0,25,-65.1324
3.335,0,0,25,-65.7587
3.34,0,0,25,-66.3379
3.345,0,0,25,-66.8734
3.35,0,0,25,-67.3685
3.355,0,0,25,-67.8263
3.36,0,0,25,-68.2493
3.365,0,0,25,-68.6404
3.37,0,0,25,-69.0018
3.375,0,0,25,-69.3357
3.38,0,0,25,-69.6443
3.385,0,0,25,-69.9294
3.39,0,0,25,-70.1929
3.395,0,0,25,-70.4362
3.4,0,0,25,-70.6611
3.405,0,0,25,-70.8688
3.41,0,0,25,-71.0607
3.415,0,0,25,-71.2379
3.42,0,0,25,-71.4016
3.425,0,0,25,-71.5529
3.43,0,0,25,-71.6925
3.435,0,0,25,-71.8215
3.44,0,0,25,-71.9407
3.445,0,0,25,-72.0507
3.45,0,0,25,-72.1524
3.455,0,0,25,-72.2462
3.46,0,0,25,-72.3329
3.465,0,0,25,-72.413
3.47,0,0,25,-72.4869
3.475,0,0,25,-72.5552
3.48,0,0,25,-72.6182
3.485,0,0,25,-72.6764
3.49,0,0,25,-72.7302
3.495,0,0,25,-72.7799
3.5,0,0,25,-72.8257
3.505,0,0,25,-72.8681
3.51,0,0,25,-72.9071
3.515,0,0,25,-72.9433
3.52,0,0,25,-72.9766
3.525,0,0,25,-73.0074
3.53,0,0,25,-73.0358
3.535,0,0,25,-73.062
3.54,0,0,25,-73.0863
3.545,0,0,25,-73.1087
3.55,0,0,25,-73.1293
3.555,0,0,25,-73.1484
3.56,0,0,25,-73.166
3.565,0,0,25,-73.1823
3.57,0,0,25,-73.1973
3.575,0,0,25,-73.2112
3.58,0,0,25,-73.224
3.585,0,0,25,-73.2358
3.59,0,0,25,-73.2467
3.595,0,0,25,-73.2568
3.6,0,0,25,-73.2661
3.605,0,0,25,-73.2747
3.61,0,0,25,-73.2827
3.615,0,0,25,-73.29
3.62,0,0,25,-73.2968
3.625,0,0,25,-73.303
3.63,0,0,25,-73.3088
3.635,0,0,25,-73.3141
3.64,0,0,25,-73.319
3.645,0,0,25,-73.3236
3.65,0,0,25,-73.3278
3.655,0,0,25,-73.3317
3.66,0,0,25,-73.3352
3.665,0,0,25,-73.3385
3.67,0,0,25,-73.3416
3.675,0,0,25,-73.3444
3.68,0,0,25,-73.347
3.685,0,0,25,-73.3494
3.69,0,0,25,-73.3516
3.695,0,0,25,-73.3537
3.7,0,0,25,-73.3555
3.705,0,0,25,-73.3573
3.71,0,0,25,-73.3589
3.715,0,0,25,-73.3604
3.72,0,0,25,-73.3618
3.725,0,0,25,-73.363
3.73,0,0,25,-73.3642
3.735,0,0,25,-73.3653
3.74,0,0,25,-73.3663
3.745,0,0,25,-73.3672
3.75,0,0,25,-73.368
3.755,0,0,25,-73.3688
3.76,0,0,25,-73.3696
3.765,0,0,25,-73.3702
3.77,0,0,25,-73.3708
3.775,0,0,25,-73.3714
3.78,0,0,25,-73.3719
3.785,0,0,25,-73.3724
3.79,0,0,25,-73.3729
3.795,0,0,25,-73.3733
3.8,0,0,25,-73.3737
3.805,0,0,25,-73.374
3.81,0,0,25,-73.3744
3.815,0,0,25,-73.3747
3.82,0,0,25,-73.3749
3.825,0,0,25,-73.3752
3.83,0,0,25,-73.3754
3.835,0,0,25,-73.3757
3.84,0,0,25,-73.3759
3.845,0,0,25,-73.376
3.85,0,0,25,-73.3762
3.855,0,0,25,-73.3764
3.86,0,0,25,-73.3765
3.865,0,0,25,-73.3767
3.87,0,0,25,-73.3768
3.875,0,0,25,-73.3769
3.88,0,0,25,-73.377
3.885,0,0,25,-73.3771
3.89,0,0,25,-73.3772
3.895,0,0,25,-73.3773
3.9,0,0,25,-73.3773
3.905,0,0,25,-73.3774
3.91,0,0,25,-73.3775
3.915,0,0,25,-73.3775
3.92,0,0,25,-73.3776
3.925,0,0,25,-73.3777
3.93,0,0,25,-73.3777
3.935,0,0,25,-73.3777
3.94,0,0,25,-73.3778
3.945,0,0,25,-73.3778
3.95,0,0,25,-73.3779
3.955,0,0,25,-73.3779
3.96,0,0,25,-73.3779
3.965,0,0,25,-73.378
3.97,0,0,25,-73.378
3.975,0,0,25,-73.378
3.98,0,0,25,-73.378
3.985,0,0,25,-73.378
3.99,0,0,25,-73.3781
3.995,0,0,25,-73.3781
4,0,0,25,-73.3781
4.005,0,0,25,-73.3781
4.01,0,0,25,-73.3781
4.015,0,0,25,-73.3781
4.02,0,0,25,-73.3781
4.025,0,0,25,-73.3782
4.03,0,0,25,-73.3782
4.035,0,0,25,-73.3782
4.04,0,0,25,-73.3782
4.045,0,0,25,-73.3782
4.05,0,0,25,-73.3782
4.055,0,0,25,-73.3782
4.06,0,0,25,-73.3782
4.065,0,0,25,-73.3782
4.07,0,0,25,-73.3782
4.075,0,0,25,-73.3782
4.08,0,0,25,-73.3782
4.085,0,0,25,-73.3782
4.09,0,0,25,-73.3782
4.095,0,0,25,-73.3783
4.1,0,0,25,-73.3783
4.105,0,0,25,-73.3783
4.11,0,0,25,-73.3783
4.115,0,0,25,-73.3783
4.12,0,0,25,-73.3783
4.125,0,0,25,-73.3783
4.13,0,0,25,-73.3783
4.135,0,0,25,-73.3783
4.14,0,0,25,-73.3783
4.145,0,0,25,-73.3783
4.15,0,0,25,-73.3783
4.155,0,0,25,-73.3783
4.16,0,0,25,-73.3783
4.165,0,0,25,-73.3783
4.17,0,0,25,-73.3783
4.175,0,0,25,-73.3783
4.18,0,0,25,-73.3783
4.185,0,0,25,-73.3783
4.19,0,0,25,-73.3783
4.195,0,0,25,-73.3783
4.2,0,0,25,-73.3783
4.205,0,0,25,-73.3783
4.21,0,0,25,-73.3783
4.215,0,0,25,-73.3783
4.22,0,0,25,-73.3783
4.225,0,0,25,-73.3783
4.23,0,0,25,-73.3783
4.235,0,0,25,-73.3783
4.24,0,0,25,-73.3783
4.245,0,0,25,-73.3783
4.25,0,0,25,-73.3783
4.255,0,0,25,-73.3783
4.26,0,0,25,-73.3783
4.265,0,0,25,-73.3783
4.27,0,0,25,-73.3783
4.275,0,0,25,-73.3783
4.28,0,0,25,-73.3783
4.285,0,0,25,-73.3783
4.29,0,0,25,-73.3783
4.295,0,0,25,-73.3783
4.3,0,0,25,-73.3783
4.305,0,0,25,-73.3783
4.31,0,0,25,-73.3783
4.315,0,0,25,-73.3783
4.32,0,0,25,-73.3783
4.325,0,0,25,-73.3783
4.33,0,0,25,-73.3783
4.335,0,0,25,-73.3783
4.34,0,0,25,-73.3783
4.345,0,0,25,-73.3783
4.35,0,0,25,-73.3783
4.355,0,0,25,-73.3783
4.36,0,0,25,-73.3783
4.365,0,0,25,-73.3783
4.37,0,0,25,-73.3783
4.375,0,0,25,-73.3783
4.38,0,0,25,-73.3783
4.385,0,0,25,-73.3783
4.39,0,0,25,-73.3783
4.395,0,0,25,-73.3783
4.4,0,0,25,-73.3783
4.405,0,0,25,-73.3783
4.41,0,0,25,-73.3783
4.415,0,0,25,-73.3783
4.42,0,0,25,-73.3783
4.425,0,0,25,-73.3783
4.43,0,0,25,-73.3783
4.435,0,0,25,-73.3783
4.44,0,0,25,-73.3783
4.445,0,0,25,-73.3783
4.45,0,0,25,-73.3783
4.455,0,0,25,-73.3783
4.46,0,0,25,-73.3783
4.465,0,0,25,-73.3783
4.47,0,0,25,-73.3783
4.475,0,0,25,-73.3783
4.48,0,0,25,-73.3783
4.485,0,0,25,-73.3783
4.49,0,0,25,-73.3783
4.495,0,0,25,-73.3783
4.5,0,0,25,-73.3783
4.505,0,0,25,-73.3783
4.51,0,0,25,-73.3783
4.515,0,0,25,-73.3783
4.52,0,0,25,-73.3783
4.525,0,0,25,-73.3783
4.53,0,0,25,-73.3783
4.535,0,0,25,-73.3783
4.54,0,0,25,-73.3783
4.545,0,0,25,-73.3783
4.55,0,0,25,-73.3783
4.555,0,0,25,-73.3783
4.56,0,0,25,-73.3783
4.565,0,0,25,-73.3783
4.57,0,0,25,-73.3783
4.575,0,0,25,-73.3783
4.58,0,0,25,-73.3783
4.585,0,0,25,-73.3783
4.59,0,0,25,-73.3783
4.595,0,0,25,-73.3783
4.6,0,0,25,-73.3783
4.605,0,0,25,-73.3783
4.61,0,0,25,-73.3783
4.615,0,0,25,-73.3783
4.62,0,0,25,-73.3783
4.625,0,0,25,-73.3783
4.63,0,0,25,-73.3783
4.635,0,0,25,-73.3783
4.64,0,0,25,-73.3783
4.645,0,0,25,-73.3783
4.65,0,0,25,-73.3783
4.655,0,0,25,-73.3783
4.66,0,0,25,-73.3783
4.665,0,0,25,-73.3783
4.67,0,0,25,-73.3783
4.675,0,0,25,-73.3783
4.68,0,0,25,-73.3783
4.685,0,0,25,-73.3783
4.69,0,0,25,-73.3783
4.695,0,0,25,-73.3783
4.7,0,0,25,-73.3783
4.705,0,0,25,-73.3783
4.71,0,0,25,-73.3783
4.715,0,0,25,-73.3783
4.72,0,0,25,-73.3783
4.725,0,0,25,-73.3783
4.73,0,0,25,-73.3783
4.735,0,0,25,-73.3783
4.74,0,0,25,-73.3783
4.745,0,0,25,-73.3783
4.75,0,0,25,-73.3783
4.755,0,0,25,-73.3783
4.76,0,0,25,-73.3783
4.765,0,0,25,-73.3783
4.77,0,0,25,-73.3783
4.775,0,0,25,-73.3783
4.78,0,0,25,-73.3783
4.785,0,0,25,-73.3783
4.79,0,0,25,-73.3783
4.795,0,0,25,-73.3783
4.8,0,0,25,-73.3783
4.805,0,0,25,-73.3783
4.81,0,0,25,-73.3783
4.815,0,0,25,-73.3783
4.82,0,0,25,-73.3783
4.825,0,0,25,-73.3783
4.83,0,0,25,-73.3783
4.835,0,0,25,-73.3783
4.84,0,0,25,-73.3783
4.845,0,0,25,-73.3783
4.85,0,0,25,-73.3783
4.855,0,0,25,-73.3783
4.86,0,0,25,-73.3783
4.865,0,0,25,-73.3783
4.87,0,0,25,-73.3783
4.875,0,0,25,-73.3783
4.88,0,0,25,-73.3783
4.885,0,0,25,-73.3783
4.89,0,0,25,-73.3783
4.895,0,0,25,-73.3783
4.9,0,0,25,-73.3783
4.905,0,0,25,-73.3783
4.91,0,0,25,-73.3783
4.915,0,0,25,-73.3783
4.92,0,0,25,-73.3783
4.925,0,0,25,-73.3783
4.93,0,0,25,-73.3783
4.935,0,0,25,-73.3783
4.94,0,0,25,-73.3783
4.945,0,0,25,-73.3783
4.95,0,0,25,-73.3783
4.955,0,0,25,-73.3783
4.96,0,0,25,-73.3783
4.965,0,0,25,-73.3783
4.97,0,0,25,-73.3783
4.975,0,0,25,-73.3783
4.98,0,0,25,-73.3783
4.985,0,0,25,-73.3783
4.99,0,0,25,-73.3783
4.995,0,0,25,-73.3783
5,0,0,25,-73.3783
