0,0,0,125,19.2078
0.025,0,0,125,19.2565
0.05,0,0,125,19.3538
0.075,0,0,125,19.4993
0.1,0,0,125,19.6927
0.125,0,0,125,19.9331
0.15,0,0,125,20.219
0.175,0,0,125,20.5482
0.2,0,0,125,20.9183
0.225,0,0,125,21.3269
0.25,0,0,125,21.7714
0.275,0,0,125,22.2493
0.3,0,0,125,22.7577
0.325,0,0,125,23.2938
0.35,0,0,125,23.8546
0.375,0,0,125,24.4372
0.4,0,0,125,25.0386
0.425,0,0,125,25.6556
0.45,0,0,125,26.2853
0.475,0,0,125,26.9246
0.5,0,0,125,27.5705
0.525,0,0,125,28.2199
0.55,0,0,125,28.8698
0.575,0,0,125,29.5173
0.6,0,0,125,30.1596
0.625,0,0,125,30.7937
0.65,0,0,125,31.417
0.675,0,0,125,32.0267
0.7,0,0,125,32.6203
0.725,0,0,125,33.1954
0.75,0,0,125,33.7495
0.775,0,0,125,34.2806
0.8,0,0,125,34.7867
0.825,0,0,125,35.2659
0.85,0,0,125,35.7166
0.875,0,0,125,36.1373
0.9,0,0,125,36.5267
0.925,0,0,125,36.8837
0.95,0,0,125,37.2068
0.975,0,0,125,37.4944
1,0,0,125,37.7445
1.025,0,0,125,37.9533
1.05,0,0,125,38.1151
1.075,0,0,125,38.2194
1.1,0,0,125,38.2477
1.125,0,0,125,38.166
1.15,0,0,125,37.9101
1.175,0,0,125,37.3548
1.2,0,0,125,36.2458
1.225,0,0,125,34.0467
1.25,0,0,125,29.6044
1.275,0,0,125,20.6229
1.3,0,0,125,4.32456
1.325,0,0,125,-16.6207
1.35,0,0,125,-35.0395
1.375,0,0,125,-48.7841
1.4,0,0,125,-58.4786
1.425,0,0,125,-65.1729
1.45,0,0,125,-69.752
1.475,0,0,125,-72.868
1.5,0,0,125,-74.9811
1.525,0,0,125,-76.4096
1.55,0,0,125,-77.3721
1.575,0,0,125,-78.0179
1.6,0,0,125,-78.4486
1.625,0,0,125,-78.7332
1.65,0,0,125,-78.9187
1.675,0,0,125,-79.0369
1.7,0,0,125,-79.1093
1.725,0,0,125,-79.1506
1.75,0,0,125,-79.1707
1.775,0,0,125,-79.1762
1.8,0,0,125,-79.1719
1.825,0,0,125,-79.1607
1.85,0,0,125,-79.1447
1.875,0,0,125,-79.1254
1.9,0,0,125,-79.1037
1.925,0,0,125,-79.0802
1.95,0,0,125,-79.0555
1.975,0,0,125,-79.0298
2,0,0,125,-79.0033
2.025,0,0,125,-78.9762
2.05,0,0,125,-78.9485
2.075,0,0,125,-78.9203
2.1,0,0,125,-78.8917
2.125,0,0,125,-78.8627
2.15,0,0,125,-78.8333
2.175,0,0,125,-78.8035
2.2,0,0,125,-78.7734
2.225,0,0,125,-78.7429
2.25,0,0,125,-78.712
2.275,0,0,125,-78.6809
2.3,0,0,125,-78.6494
2.325,0,0,125,-78.6175
2.35,0,0,125,-78.5854
2.375,0,0,125,-78.5529
2.4,0,0,125,-78.5201
2.425,0,0,125,-78.487
2.45,0,0,125,-78.4536
2.475,0,0,125,-78.42
2.5,0,0,125,-78.386
2.525,0,0,125,-78.3518
2.55,0,0,125,-78.3173
2.575,0,0,125,-78.2825
2.6,0,0,125,-78.2475
2.625,0,0,125,-78.2122
2.65,0,0,125,-78.1767
2.675,0,0,125,-78.1409
2.7,0,0,125,-78.1049
2.725,0,0,125,-78.0687
2.75,0,0,125,-78.0323
2.775,0,0,125,-77.9956
2.8,0,0,125,-77.9588
2.825,0,0,125,-77.9218
2.85,0,0,125,-77.8846
2.875,0,0,125,-77.8473
2.9,0,0,125,-77.8098
2.925,0,0,125,-77.7721
2.95,0,0,125,-77.7344
2.975,0,0,125,-77.6965
3,0,0,125,-77.6585
3.025,0,0,125,-77.6203
3.05,0,0,125,-77.5821
3.075,0,0,125,-77.5439
3.1,0,0,125,-77.5055
3.125,0,0,125,-77.4671
3.15,0,0,125,-77.4287
3.175,0,0,125,-77.3902
3.2,0,0,125,-77.3517
3.225,0,0,125,-77.3132
3.25,0,0,125,-77.2747
3.275,0,0,125,-77.2363
3.3,0,0,125,-77.1978
3.325,0,0,125,-77.1595
3.35,0,0,125,-77.1212
3.375,0,0,125,-77.0829
3.4,0,0,125,-77.0448
3.425,0,0,125,-77.0068
3.45,0,0,125,-76.9689
3.475,0,0,125,-76.9311
3.5,0,0,125,-76.8935
3.525,0,0,125,-76.856
3.55,0,0,125,-76.8188
3.575,0,0,125,-76.7817
3.6,0,0,125,-76.7448
3.625,0,0,125,-76.7081
3.65,0,0,125,-76.6717
3.675,0,0,125,-76.6355
3.7,0,0,125,-76.5997
3.725,0,0,125,-76.5641
3.75,0,0,125,-76.5287
3.775,0,0,125,-76.4937
3.8,0,0,125,-76.459
3.825,0,0,125,-76.4247
3.85,0,0,125,-76.3907
3.875,0,0,125,-76.3571
3.9,0,0,125,-76.3239
3.925,0,0,125,-76.291
3.95,0,0,125,-76.2586
3.975,0,0,125,-76.2266
4,0,0,125,-76.1951
4.025,0,0,125,-76.164
4.05,0,0,125,-76.1334
4.075,0,0,125,-76.1033
4.1,0,0,125,-76.0736
4.125,0,0,125,-76.0446
4.15,0,0,125,-76.016
4.175,0,0,125,-75.988
4.2,0,0,125,-75.9605
4.225,0,0,125,-75.9336
4.25,0,0,125,-75.9073
4.275,0,0,125,-75.8816
4.3,0,0,125,-75.8565
4.325,0,0,125,-75.8321
4.35,0,0,125,-75.8082
4.375,0,0,125,-75.7851
4.4,0,0,125,-75.7626
4.425,0,0,125,-75.7408
4.45,0,0,125,-75.7197
4.475,0,0,125,-75.6993
4.5,0,0,125,-75.6797
4.525,0,0,125,-75.6608
4.55,0,0,125,-75.6426
4.575,0,0,125,-75.6252
4.6,0,0,125,-75.6086
4.625,0,0,125,-75.5929
4.65,0,0,125,-75.5779
4.675,0,0,125,-75.5638
4.7,0,0,125,-75.5506
4.725,0,0,125,-75.5382
4.75,0,0,125,-75.5268
4.775,0,0,125,-75.5162
4.8,0,0,125,-75.5067
4.825,0,0,125,-75.4981
4.85,0,0,125,-75.4904
4.875,0,0,125,-75.4838
4.9,0,0,125,-75.4783
4.925,0,0,125,-75.4738
4.95,0,0,125,-75.4704
4.975,0,0,125,-75.4681
5,0,0,125,-75.467
