0,0,0,125,-27.9789
0.025,0,0,125,-27.9757
0.05,0,0,125,-27.9694
0.075,0,0,125,-27.9599
0.1,0,0,125,-27.9473
0.125,0,0,125,-27.9317
0.15,0,0,125,-27.9132
0.175,0,0,125,-27.892
0.2,0,0,125,-27.8682
0.225,0,0,125,-27.842
0.25,0,0,125,-27.8135
0.275,0,0,125,-27.7829
0.3,0,0,125,-27.7502
0.325,0,0,125,-27.7155
0.35,0,0,125,-27.6789
0.375,0,0,125,-27.6406
0.4,0,0,125,-27.6006
0.425,0,0,125,-27.559
0.45,0,0,125,-27.5159
0.475,0,0,125,-27.4714
0.5,0,0,125,-27.4255
0.525,0,0,125,-27.3783
0.55,0,0,125,-27.3299
0.575,0,0,125,-27.2804
0.6,0,0,125,-27.2298
0.625,0,0,125,-27.1781
0.65,0,0,125,-27.1255
0.675,0,0,125,-27.072
0.7,0,0,125,-27.0177
0.725,0,0,125,-26.9626
0.75,0,0,125,-26.9067
0.775,0,0,125,-26.8501
0.8,0,0,125,-26.793
0.825,0,0,125,-26.7352
0.85,0,0,125,-26.6768
0.875,0,0,125,-26.618
0.9,0,0,125,-26.5587
0.925,0,0,125,-26.4989
0.95,0,0,125,-26.4388
0.975,0,0,125,-26.3783
1,0,0,125,-26.3175
1.025,0,0,125,-26.2565
1.05,0,0,125,-26.1952
1.075,0,0,125,-26.1336
1.1,0,0,125,-26.0719
1.125,0,0,125,-26.01
1.15,0,0,125,-25.948
1.175,0,0,125,-25.8859
1.2,0,0,125,-25.8237
1.225,0,0,125,-25.7614
1.25,0,0,125,-25.6992
1.275,0,0,125,-25.6369
1.3,0,0,125,-25.5746
1.325,0,0,125,-25.5123
1.35,0,0,125,-25.4501
1.375,0,0,125,-25.3879
1.4,0,0,125,-25.3258
1.425,0,0,125,-25.2639
1.45,0,0,125,-25.202
1.475,0,0,125,-25.1402
1.5,0,0,125,-25.0786
1.525,0,0,125,-25.0172
1.55,0,0,125,-24.9559
1.575,0,0,125,-24.8948
1.6,0,0,125,-24.8339
1.625,0,0,125,-24.7731
1.65,0,0,125,-24.7126
1.675,0,0,125,-24.6523
1.7,0,0,125,-24.5922
1.725,0,0,125,-24.5323
1.75,0,0,125,-24.4726
1.775,0,0,125,-24.4132
1.8,0,0,125,-24.3541
1.825,0,0,125,-24.2952
1.85,0,0,125,-24.2365
1.875,0,0,125,-24.1781
1.9,0,0,125,-24.12
1.925,0,0,125,-24.0622
1.95,0,0,125,-24.0046
1.975,0,0,125,-23.9473
2,0,0,125,-23.8902
2.025,0,0,125,-23.8335
2.05,0,0,125,-23.777
2.075,0,0,125,-23.7208
2.1,0,0,125,-23.6649
2.125,0,0,125,-23.6093
2.15,0,0,125,-23.554
2.175,0,0,125,-23.4989
2.2,0,0,125,-23.4442
2.225,0,0,125,-23.3897
2.25,0,0,125,-23.3355
2.275,0,0,125,-23.2816
2.3,0,0,125,-23.228
2.325,0,0,125,-23.1747
2.35,0,0,125,-23.1217
2.375,0,0,125,-23.069
2.4,0,0,125,-23.0165
2.425,0,0,125,-22.9644
2.45,0,0,125,-22.9125
2.475,0,0,125,-22.8609
2.5,0,0,125,-22.8096
2.525,0,0,125,-22.7586
2.55,0,0,125,-22.7078
2.575,0,0,125,-22.6573
2.6,0,0,125,-22.6071
2.625,0,0,125,-22.5572
2.65,0,0,125,-22.5076
2.675,0,0,125,-22.4582
2.7,0,0,125,-22.4091
2.725,0,0,125,-22.3602
2.75,0,0,125,-22.3117
2.775,0,0,125,-22.2634
2.8,0,0,125,-22.2153
2.825,0,0,125,-22.1675
2.85,0,0,125,-22.12
2.875,0,0,125,-22.0727
2.9,0,0,125,-22.0257
2.925,0,0,125,-21.979
2.95,0,0,125,-21.9325
2.975,0,0,125,-21.8862
3,0,0,125,-21.8402
3.025,0,0,125,-21.7945
3.05,0,0,125,-21.749
3.075,0,0,125,-21.7037
3.1,0,0,125,-21.6587
3.125,0,0,125,-21.6139
3.15,0,0,125,-21.5694
3.175,0,0,125,-21.5251
3.2,0,0,125,-21.481
3.225,0,0,125,-21.4372
3.25,0,0,125,-21.3936
3.275,0,0,125,-21.3502
3.3,0,0,125,-21.3071
3.325,0,0,125,-21.2642
3.35,0,0,125,-21.2215
3.375,0,0,125,-21.179
3.4,0,0,125,-21.1368
3.425,0,0,125,-21.0948
3.45,0,0,125,-21.0531
3.475,0,0,125,-21.0115
3.5,0,0,125,-20.9702
3.525,0,0,125,-20.9292
3.55,0,0,125,-20.8883
3.575,0,0,125,-20.8477
3.6,0,0,125,-20.8072
3.625,0,0,125,-20.7671
3.65,0,0,125,-20.7271
3.675,0,0,125,-20.6874
3.7,0,0,125,-20.6479
3.725,0,0,125,-20.6086
3.75,0,0,125,-20.5696
3.775,0,0,125,-20.5308
3.8,0,0,125,-20.4922
3.825,0,0,125,-20.4539
3.85,0,0,125,-20.4158
3.875,0,0,125,-20.3779
3.9,0,0,125,-20.3404
3.925,0,0,125,-20.303
3.95,0,0,125,-20.2659
3.975,0,0,125,-20.2291
4,0,0,125,-20.1925
4.025,0,0,125,-20.1562
4.05,0,0,125,-20.1202
4.075,0,0,125,-20.0845
4.1,0,0,125,-20.0491
4.125,0,0,125,-20.0139
4.15,0,0,125,-19.9791
4.175,0,0,125,-19.9446
4.2,0,0,125,-19.9105
4.225,0,0,125,-19.8767
4.25,0,0,125,-19.8432
4.275,0,0,125,-19.8102
4.3,0,0,125,-19.7775
4.325,0,0,125,-19.7453
4.35,0,0,125,-19.7135
4.375,0,0,125,-19.6821
4.4,0,0,125,-19.6512
4.425,0,0,125,-19.6209
4.45,0,0,125,-19.591
4.475,0,0,125,-19.5618
4.5,0,0,125,-19.5331
4.525,0,0,125,-19.5051
4.55,0,0,125,-19.4778
4.575,0,0,125,-19.4512
4.6,0,0,125,-19.4254
4.625,0,0,125,-19.4004
4.65,0,0,125,-19.3763
4.675,0,0,125,-19.3531
4.7,0,0,125,-19.331
4.725,0,0,125,-19.31
4.75,0,0,125,-19.2901
4.775,0,0,125,-19.2715
4.8,0,0,125,-19.2543
4.825,0,0,125,-19.2386
4.85,0,0,125,-19.2245
4.875,0,0,125,-19.212
4.9,0,0,125,-19.2014
4.925,0,0,125,-19.1927
4.95,0,0,125,-19.1861
4.975,0,0,125,-19.1817
5,0,0,125,-19.1794
