0,0,0,125,-20.927
0.025,0,0,125,-20.9229
0.05,0,0,125,-20.9149
0.075,0,0,125,-20.9029
0.1,0,0,125,-20.8869
0.125,0,0,125,-20.8673
0.15,0,0,125,-20.8442
0.175,0,0,125,-20.818
0.2,0,0,125,-20.7891
0.225,0,0,125,-20.7577
0.25,0,0,125,-20.7241
0.275,0,0,125,-20.6885
0.3,0,0,125,-20.6511
0.325,0,0,125,-20.6122
0.35,0,0,125,-20.5717
0.375,0,0,125,-20.5301
0.4,0,0,125,-20.4872
0.425,0,0,125,-20.4434
0.45,0,0,125,-20.3987
0.475,0,0,125,-20.3533
0.5,0,0,125,-20.3072
0.525,0,0,125,-20.2605
0.55,0,0,125,-20.2134
0.575,0,0,125,-20.1659
0.6,0,0,125,-20.118
0.625,0,0,125,-20.07
0.65,0,0,125,-20.0217
0.675,0,0,125,-19.9732
0.7,0,0,125,-19.9247
0.725,0,0,125,-19.8762
0.75,0,0,125,-19.8276
0.775,0,0,125,-19.7791
0.8,0,0,125,-19.7307
0.825,0,0,125,-19.6824
0.85,0,0,125,-19.6342
0.875,0,0,125,-19.5861
0.9,0,0,125,-19.5382
0.925,0,0,125,-19.4905
0.95,0,0,125,-19.4431
0.975,0,0,125,-19.3958
1,0,0,125,-19.3488
1.025,0,0,125,-19.302
1.05,0,0,125,-19.2554
1.075,0,0,125,-19.2092
1.1,0,0,125,-19.1631
1.125,0,0,125,-19.1174
1.15,0,0,125,-19.0719
1.175,0,0,125,-19.0267
1.2,0,0,125,-18.9817
1.225,0,0,125,-18.937
1.25,0,0,125,-18.8926
1.275,0,0,125,-18.8485
1.3,0,0,125,-18.8046
1.325,0,0,125,-18.761
1.35,0,0,125,-18.7177
1.375,0,0,125,-18.6746
1.4,0,0,125,-18.6317
1.425,0,0,125,-18.5891
1.45,0,0,125,-18.5467
1.475,0,0,125,-18.5046
1.5,0,0,125,-18.4627
1.525,0,0,125,-18.421
1.55,0,0,125,-18.3795
1.575,0,0,125,-18.3382
1.6,0,0,125,-18.2971
1.625,0,0,125,-18.2562
1.65,0,0,125,-18.2155
1.675,0,0,125,-18.175
1.7,0,0,125,-18.1346
1.725,0,0,125,-18.0944
1.75,0,0,125,-18.0544
1.775,0,0,125,-18.0145
1.8,0,0,125,-17.9747
1.825,0,0,125,-17.9351
1.85,0,0,125,-17.8956
1.875,0,0,125,-17.8562
1.9,0,0,125,-17.8169
1.925,0,0,125,-17.7778
1.95,0,0,125,-17.7387
1.975,0,0,125,-17.6996
2,0,0,125,-17.6607
2.025,0,0,125,-17.6218
2.05,0,0,125,-17.583
2.075,0,0,125,-17.5443
2.1,0,0,125,-17.5056
2.125,0,0,125,-17.4669
2.15,0,0,125,-17.4283
2.175,0,0,125,-17.3897
2.2,0,0,125,-17.3511
2.225,0,0,125,-17.3125
2.25,0,0,125,-17.2739
2.275,0,0,125,-17.2353
2.3,0,0,125,-17.1967
2.325,0,0,125,-17.158
2.35,0,0,125,-17.1194
2.375,0,0,125,-17.0807
2.4,0,0,125,-17.0419
2.425,0,0,125,-17.0031
2.45,0,0,125,-16.9643
2.475,0,0,125,-16.9254
2.5,0,0,125,-16.8864
2.525,0,0,125,-16.8474
2.55,0,0,125,-16.8082
2.575,0,0,125,-16.769
2.6,0,0,125,-16.7297
2.625,0,0,125,-16.6903
2.65,0,0,125,-16.6508
2.675,0,0,125,-16.6112
2.7,0,0,125,-16.5714
2.725,0,0,125,-16.5315
2.75,0,0,125,-16.4915
2.775,0,0,125,-16.4514
2.8,0,0,125,-16.4111
2.825,0,0,125,-16.3707
2.85,0,0,125,-16.3301
2.875,0,0,125,-16.2893
2.9,0,0,125,-16.2484
2.925,0,0,125,-16.2074
2.95,0,0,125,-16.1661
2.975,0,0,125,-16.1246
3,0,0,125,-16.083
3.025,0,0,125,-16.0412
3.05,0,0,125,-15.9992
3.075,0,0,125,-15.9569
3.1,0,0,125,-15.9145
3.125,0,0,125,-15.8719
3.15,0,0,125,-15.829
3.175,0,0,125,-15.786
3.2,0,0,125,-15.7427
3.225,0,0,125,-15.6992
3.25,0,0,125,-15.6554
3.275,0,0,125,-15.6115
3.3,0,0,125,-15.5673
3.325,0,0,125,-15.5229
3.35,0,0,125,-15.4782
3.375,0,0,125,-15.4334
3.4,0,0,125,-15.3883
3.425,0,0,125,-15.3429
3.45,0,0,125,-15.2974
3.475,0,0,125,-15.2516
3.5,0,0,125,-15.2056
3.525,0,0,125,-15.1594
3.55,0,0,125,-15.113
3.575,0,0,125,-15.0664
3.6,0,0,125,-15.0196
3.625,0,0,125,-14.9726
3.65,0,0,125,-14.9254
3.675,0,0,125,-14.878
3.7,0,0,125,-14.8304
3.725,0,0,125,-14.7827
3.75,0,0,125,-14.7348
3.775,0,0,125,-14.6868
3.8,0,0,125,-14.6387
3.825,0,0,125,-14.5904
3.85,0,0,125,-14.542
3.875,0,0,125,-14.4935
3.9,0,0,125,-14.4449
3.925,0,0,125,-14.3963
3.95,0,0,125,-14.3476
3.975,0,0,125,-14.2989
4,0,0,125,-14.2501
4.025,0,0,125,-14.2014
4.05,0,0,125,-14.1526
4.075,0,0,125,-14.1039
4.1,0,0,125,-14.0553
4.125,0,0,125,-14.0067
4.15,0,0,125,-13.9583
4.175,0,0,125,-13.91
4.2,0,0,125,-13.8619
4.225,0,0,125,-13.8139
4.25,0,0,125,-13.7661
4.275,0,0,125,-13.7187
4.3,0,0,125,-13.6714
4.325,0,0,125,-13.6245
4.35,0,0,125,-13.578
4.375,0,0,125,-13.5318
4.4,0,0,125,-13.4861
4.425,0,0,125,-13.4408
4.45,0,0,125,-13.3961
4.475,0,0,125,-13.3519
4.5,0,0,125,-13.3084
4.525,0,0,125,-13.2656
4.55,0,0,125,-13.2235
4.575,0,0,125,-13.1823
4.6,0,0,125,-13.1421
4.625,0,0,125,-13.1028
4.65,0,0,125,-13.0647
4.675,0,0,125,-13.0278
4.7,0,0,125,-12.9923
4.725,0,0,125,-12.9583
4.75,0,0,125,-12.926
4.775,0,0,125,-12.8954
4.8,0,0,125,-12.867
4.825,0,0,125,-12.8407
4.85,0,0,125,-12.8169
4.875,0,0,125,-12.7958
4.9,0,0,125,-12.7777
4.925,0,0,125,-12.7628
4.95,0,0,125,-12.7514
4.975,0,0,125,-12.7436
5,0,0,125,-12.7397
