0,0,0,125,-17.532
0.025,0,0,125,-17.5299
0.05,0,0,125,-17.5258
0.075,0,0,125,-17.5195
0.1,0,0,125,-17.5113
0.125,0,0,125,-17.5012
0.15,0,0,125,-17.4893
0.175,0,0,125,-17.4758
0.2,0,0,125,-17.4609
0.225,0,0,125,-17.4447
0.25,0,0,125,-17.4274
0.275,0,0,125,-17.4091
0.3,0,0,125,-17.3898
0.325,0,0,125,-17.3696
0.35,0,0,125,-17.3488
0.375,0,0,125,-17.3272
0.4,0,0,125,-17.305
0.425,0,0,125,-17.2822
0.45,0,0,125,-17.2589
0.475,0,0,125,-17.2351
0.5,0,0,125,-17.211
0.525,0,0,125,-17.1865
0.55,0,0,125,-17.1616
0.575,0,0,125,-17.1365
0.6,0,0,125,-17.1111
0.625,0,0,125,-17.0854
0.65,0,0,125,-17.0596
0.675,0,0,125,-17.0335
0.7,0,0,125,-17.0073
0.725,0,0,125,-16.981
0.75,0,0,125,-16.9546
0.775,0,0,125,-16.9281
0.8,0,0,125,-16.9014
0.825,0,0,125,-16.8747
0.85,0,0,125,-16.848
0.875,0,0,125,-16.8212
0.9,0,0,125,-16.7944
0.925,0,0,125,-16.7675
0.95,0,0,125,-16.7406
0.975,0,0,125,-16.7138
1,0,0,125,-16.6869
1.025,0,0,125,-16.66
1.05,0,0,125,-16.6331
1.075,0,0,125,-16.6063
1.1,0,0,125,-16.5795
1.125,0,0,125,-16.5526
1.15,0,0,125,-16.5259
1.175,0,0,125,-16.4991
1.2,0,0,125,-16.4724
1.225,0,0,125,-16.4458
1.25,0,0,125,-16.4191
1.275,0,0,125,-16.3926
1.3,0,0,125,-16.366
1.325,0,0,125,-16.3396
1.35,0,0,125,-16.3131
1.375,0,0,125,-16.2867
1.4,0,0,125,-16.2604
1.425,0,0,125,-16.2341
1.45,0,0,125,-16.2079
1.475,0,0,125,-16.1817
1.5,0,0,125,-16.1556
1.525,0,0,125,-16.1296
1.55,0,0,125,-16.1036
1.575,0,0,125,-16.0776
1.6,0,0,125,-16.0518
1.625,0,0,125,-16.0259
1.65,0,0,125,-16.0002
1.675,0,0,125,-15.9745
1.7,0,0,125,-15.9488
1.725,0,0,125,-15.9232
1.75,0,0,125,-15.8977
1.775,0,0,125,-15.8722
1.8,0,0,125,-15.8468
1.825,0,0,125,-15.8214
1.85,0,0,125,-15.7961
1.875,0,0,125,-15.7709
1.9,0,0,125,-15.7457
1.925,0,0,125,-15.7206
1.95,0,0,125,-15.6955
1.975,0,0,125,-15.6705
2,0,0,125,-15.6455
2.025,0,0,125,-15.6206
2.05,0,0,125,-15.5958
2.075,0,0,125,-15.571
2.1,0,0,125,-15.5462
2.125,0,0,125,-15.5215
2.15,0,0,125,-15.4969
2.175,0,0,125,-15.4723
2.2,0,0,125,-15.4478
2.225,0,0,125,-15.4233
2.25,0,0,125,-15.3989
2.275,0,0,125,-15.3745
2.3,0,0,125,-15.3502
2.325,0,0,125,-15.3259
2.35,0,0,125,-15.3017
2.375,0,0,125,-15.2776
2.4,0,0,125,-15.2534
2.425,0,0,125,-15.2294
2.45,0,0,125,-15.2054
2.475,0,0,125,-15.1814
2.5,0,0,125,-15.1575
2.525,0,0,125,-15.1336
2.55,0,0,125,-15.1098
2.575,0,0,125,-15.086
2.6,0,0,125,-15.0623
2.625,0,0,125,-15.0386
2.65,0,0,125,-15.015
2.675,0,0,125,-14.9914
2.7,0,0,125,-14.9679
2.725,0,0,125,-14.9444
2.75,0,0,125,-14.921
2.775,0,0,125,-14.8976
2.8,0,0,125,-14.8742
2.825,0,0,125,-14.8509
2.85,0,0,125,-14.8277
2.875,0,0,125,-14.8045
2.9,0,0,125,-14.7813
2.925,0,0,125,-14.7582
2.95,0,0,125,-14.7351
2.975,0,0,125,-14.712
3,0,0,125,-14.689
3.025,0,0,125,-14.6661
3.05,0,0,125,-14.6431
3.075,0,0,125,-14.6203
3.1,0,0,125,-14.5974
3.125,0,0,125,-14.5746
3.15,0,0,125,-14.5519
3.175,0,0,125,-14.5292
3.2,0,0,125,-14.5065
3.225,0,0,125,-14.4838
3.25,0,0,125,-14.4612
3.275,0,0,125,-14.4387
3.3,0,0,125,-14.4162
3.325,0,0,125,-14.3937
3.35,0,0,125,-14.3712
3.375,0,0,125,-14.3488
3.4,0,0,125,-14.3265
3.425,0,0,125,-14.3041
3.45,0,0,125,-14.2818
3.475,0,0,125,-14.2595
3.5,0,0,125,-14.2373
3.525,0,0,125,-14.2151
3.55,0,0,125,-14.1929
3.575,0,0,125,-14.1708
3.6,0,0,125,-14.1487
3.625,0,0,125,-14.1266
3.65,0,0,125,-14.1046
3.675,0,0,125,-14.0826
3.7,0,0,125,-14.0607
3.725,0,0,125,-14.0387
3.75,0,0,125,-14.0169
3.775,0,0,125,-13.995
3.8,0,0,125,-13.9732
3.825,0,0,125,-13.9514
3.85,0,0,125,-13.9296
3.875,0,0,125,-13.9079
3.9,0,0,125,-13.8862
3.925,0,0,125,-13.8646
3.95,0,0,125,-13.843
3.975,0,0,125,-13.8214
4,0,0,125,-13.7999
4.025,0,0,125,-13.7784
4.05,0,0,125,-13.757
4.075,0,0,125,-13.7356
4.1,0,0,125,-13.7143
4.125,0,0,125,-13.693
4.15,0,0,125,-13.6718
4.175,0,0,125,-13.6506
4.2,0,0,125,-13.6295
4.225,0,0,125,-13.6085
4.25,0,0,125,-13.5876
4.275,0,0,125,-13.5667
4.3,0,0,125,-13.546
4.325,0,0,125,-13.5254
4.35,0,0,125,-13.5048
4.375,0,0,125,-13.4845
4.4,0,0,125,-13.4642
4.425,0,0,125,-13.4442
4.45,0,0,125,-13.4243
4.475,0,0,125,-13.4047
4.5,0,0,125,-13.3852
4.525,0,0,125,-13.3661
4.55,0,0,125,-13.3472
4.575,0,0,125,-13.3287
4.6,0,0,125,-13.3105
4.625,0,0,125,-13.2927
4.65,0,0,125,-13.2754
4.675,0,0,125,-13.2586
4.7,0,0,125,-13.2424
4.725,0,0,125,-13.2269
4.75,0,0,125,-13.212
4.775,0,0,125,-13.198
4.8,0,0,125,-13.1849
4.825,0,0,125,-13.1728
4.85,0,0,125,-13.1618
4.875,0,0,125,-13.152
4.9,0,0,125,-13.1436
4.925,0,0,125,-13.1367
4.95,0,0,125,-13.1314
4.975,0,0,125,-13.1278
5,0,0,125,-13.126
