0,0,0,125,-20.3727
0.025,0,0,125,-20.3704
0.05,0,0,125,-20.3658
0.075,0,0,125,-20.3589
0.1,0,0,125,-20.3497
0.125,0,0,125,-20.3384
0.15,0,0,125,-20.325
0.175,0,0,125,-20.3098
0.2,0,0,125,-20.293
0.225,0,0,125,-20.2746
0.25,0,0,125,-20.2549
0.275,0,0,125,-20.2338
0.3,0,0,125,-20.2116
0.325,0,0,125,-20.1883
0.35,0,0,125,-20.164
0.375,0,0,125,-20.1388
0.4,0,0,125,-20.1128
0.425,0,0,125,-20.0859
0.45,0,0,125,-20.0584
0.475,0,0,125,-20.0302
0.5,0,0,125,-20.0014
0.525,0,0,125,-19.972
0.55,0,0,125,-19.9422
0.575,0,0,125,-19.9119
0.6,0,0,125,-19.8812
0.625,0,0,125,-19.8501
0.65,0,0,125,-19.8187
0.675,0,0,125,-19.787
0.7,0,0,125,-19.7549
0.725,0,0,125,-19.7227
0.75,0,0,125,-19.6902
0.775,0,0,125,-19.6575
0.8,0,0,125,-19.6247
0.825,0,0,125,-19.5917
0.85,0,0,125,-19.5585
0.875,0,0,125,-19.5253
0.9,0,0,125,-19.492
0.925,0,0,125,-19.4585
0.95,0,0,125,-19.4251
0.975,0,0,125,-19.3915
1,0,0,125,-19.3579
1.025,0,0,125,-19.3243
1.05,0,0,125,-19.2907
1.075,0,0,125,-19.2571
1.1,0,0,125,-19.2234
1.125,0,0,125,-19.1898
1.15,0,0,125,-19.1562
1.175,0,0,125,-19.1226
1.2,0,0,125,-19.0891
1.225,0,0,125,-19.0556
1.25,0,0,125,-19.0222
1.275,0,0,125,-18.9888
1.3,0,0,125,-18.9554
1.325,0,0,125,-18.9221
1.35,0,0,125,-18.8889
1.375,0,0,125,-18.8558
1.4,0,0,125,-18.8227
1.425,0,0,125,-18.7897
1.45,0,0,125,-18.7567
1.475,0,0,125,-18.7239
1.5,0,0,125,-18.6911
1.525,0,0,125,-18.6584
1.55,0,0,125,-18.6258
1.575,0,0,125,-18.5933
1.6,0,0,125,-18.5609
1.625,0,0,125,-18.5285
1.65,0,0,125,-18.4963
1.675,0,0,125,-18.4641
1.7,0,0,125,-18.4321
1.725,0,0,125,-18.4001
1.75,0,0,125,-18.3683
1.775,0,0,125,-18.3365
1.8,0,0,125,-18.3048
1.825,0,0,125,-18.2732
1.85,0,0,125,-18.2417
1.875,0,0,125,-18.2104
1.9,0,0,125,-18.1791
1.925,0,0,125,-18.1479
1.95,0,0,125,-18.1168
1.975,0,0,125,-18.0858
2,0,0,125,-18.0549
2.025,0,0,125,-18.0241
2.05,0,0,125,-17.9933
2.075,0,0,125,-17.9627
2.1,0,0,125,-17.9322
2.125,0,0,125,-17.9018
2.15,0,0,125,-17.8714
2.175,0,0,125,-17.8412
2.2,0,0,125,-17.811
2.225,0,0,125,-17.781
2.25,0,0,125,-17.751
2.275,0,0,125,-17.7212
2.3,0,0,125,-17.6914
2.325,0,0,125,-17.6617
2.35,0,0,125,-17.6321
2.375,0,0,125,-17.6026
2.4,0,0,125,-17.5732
2.425,0,0,125,-17.5439
2.45,0,0,125,-17.5147
2.475,0,0,125,-17.4855
2.5,0,0,125,-17.4564
2.525,0,0,125,-17.4275
2.55,0,0,125,-17.3986
2.575,0,0,125,-17.3698
2.6,0,0,125,-17.341
2.625,0,0,125,-17.3124
2.65,0,0,125,-17.2838
2.675,0,0,125,-17.2553
2.7,0,0,125,-17.2269
2.725,0,0,125,-17.1986
2.75,0,0,125,-17.1704
2.775,0,0,125,-17.1422
2.8,0,0,125,-17.1141
2.825,0,0,125,-17.0861
2.85,0,0,125,-17.0582
2.875,0,0,125,-17.0304
2.9,0,0,125,-17.0026
2.925,0,0,125,-16.975
2.95,0,0,125,-16.9474
2.975,0,0,125,-16.9198
3,0,0,125,-16.8924
3.025,0,0,125,-16.865
3.05,0,0,125,-16.8377
3.075,0,0,125,-16.8104
3.1,0,0,125,-16.7833
3.125,0,0,125,-16.7562
3.15,0,0,125,-16.7291
3.175,0,0,125,-16.7022
3.2,0,0,125,-16.6753
3.225,0,0,125,-16.6485
3.25,0,0,125,-16.6217
3.275,0,0,125,-16.5951
3.3,0,0,125,-16.5684
3.325,0,0,125,-16.5419
3.35,0,0,125,-16.5154
3.375,0,0,125,-16.489
3.4,0,0,125,-16.4627
3.425,0,0,125,-16.4364
3.45,0,0,125,-16.4102
3.475,0,0,125,-16.3841
3.5,0,0,125,-16.358
3.525,0,0,125,-16.332
3.55,0,0,125,-16.3061
3.575,0,0,125,-16.2802
3.6,0,0,125,-16.2544
3.625,0,0,125,-16.2286
3.65,0,0,125,-16.2029
3.675,0,0,125,-16.1773
3.7,0,0,125,-16.1518
3.725,0,0,125,-16.1263
3.75,0,0,125,-16.1008
3.775,0,0,125,-16.0755
3.8,0,0,125,-16.0502
3.825,0,0,125,-16.025
3.85,0,0,125,-15.9998
3.875,0,0,125,-15.9748
3.9,0,0,125,-15.9497
3.925,0,0,125,-15.9248
3.95,0,0,125,-15.9
3.975,0,0,125,-15.8752
4,0,0,125,-15.8505
4.025,0,0,125,-15.8259
4.05,0,0,125,-15.8013
4.075,0,0,125,-15.7769
4.1,0,0,125,-15.7526
4.125,0,0,125,-15.7283
4.15,0,0,125,-15.7042
4.175,0,0,125,-15.6802
4.2,0,0,125,-15.6562
4.225,0,0,125,-15.6325
4.25,0,0,125,-15.6088
4.275,0,0,125,-15.5853
4.3,0,0,125,-15.562
4.325,0,0,125,-15.5388
4.35,0,0,125,-15.5158
4.375,0,0,125,-15.4931
4.4,0,0,125,-15.4705
4.425,0,0,125,-15.4482
4.45,0,0,125,-15.4261
4.475,0,0,125,-15.4043
4.5,0,0,125,-15.3828
4.525,0,0,125,-15.3617
4.55,0,0,125,-15.3409
4.575,0,0,125,-15.3206
4.6,0,0,125,-15.3007
4.625,0,0,125,-15.2813
4.65,0,0,125,-15.2625
4.675,0,0,125,-15.2443
4.7,0,0,125,-15.2268
4.725,0,0,125,-15.21
4.75,0,0,125,-15.194
4.775,0,0,125,-15.179
4.8,0,0,125,-15.1649
4.825,0,0,125,-15.152
4.85,0,0,125,-15.1403
4.875,0,0,125,-15.13
4.9,0,0,125,-15.1211
4.925,0,0,125,-15.1138
4.95,0,0,125,-15.1082
4.975,0,0,125,-15.1044
5,0,0,125,-15.1025
