0,0,0,125,-52.8987
0.025,0,0,125,-52.8944
0.05,0,0,125,-52.8858
0.075,0,0,125,-52.873
0.1,0,0,125,-52.856
0.125,0,0,125,-52.8348
0.15,0,0,125,-52.8096
0.175,0,0,125,-52.7807
0.2,0,0,125,-52.748
0.225,0,0,125,-52.7119
0.25,0,0,125,-52.6724
0.275,0,0,125,-52.6296
0.3,0,0,125,-52.5837
0.325,0,0,125,-52.5347
0.35,0,0,125,-52.4828
0.375,0,0,125,-52.428
0.4,0,0,125,-52.3704
0.425,0,0,125,-52.3101
0.45,0,0,125,-52.2472
0.475,0,0,125,-52.1817
0.5,0,0,125,-52.1138
0.525,0,0,125,-52.0434
0.55,0,0,125,-51.9707
0.575,0,0,125,-51.8957
0.6,0,0,125,-51.8185
0.625,0,0,125,-51.7392
0.65,0,0,125,-51.6577
0.675,0,0,125,-51.5742
0.7,0,0,125,-51.4888
0.725,0,0,125,-51.4014
0.75,0,0,125,-51.3121
0.775,0,0,125,-51.221
0.8,0,0,125,-51.1281
0.825,0,0,125,-51.0334
0.85,0,0,125,-50.9371
0.875,0,0,125,-50.8392
0.9,0,0,125,-50.7397
0.925,0,0,125,-50.6386
0.95,0,0,125,-50.536
0.975,0,0,125,-50.432
1,0,0,125,-50.3266
1.025,0,0,125,-50.2199
1.05,0,0,125,-50.1119
1.075,0,0,125,-50.0025
1.1,0,0,125,-49.892
1.125,0,0,125,-49.7803
1.15,0,0,125,-49.6675
1.175,0,0,125,-49.5535
1.2,0,0,125,-49.4385
1.225,0,0,125,-49.3225
1.25,0,0,125,-49.2055
1.275,0,0,125,-49.0876
1.3,0,0,125,-48.9687
1.325,0,0,125,-48.8491
1.35,0,0,125,-48.7285
1.375,0,0,125,-48.6072
1.4,0,0,125,-48.4852
1.425,0,0,125,-48.3624
1.45,0,0,125,-48.239
1.475,0,0,125,-48.1149
1.5,0,0,125,-47.9902
1.525,0,0,125,-47.8649
1.55,0,0,125,-47.7391
1.575,0,0,125,-47.6128
1.6,0,0,125,-47.486
1.625,0,0,125,-47.3587
1.65,0,0,125,-47.231
1.675,0,0,125,-47.1029
1.7,0,0,125,-46.9744
1.725,0,0,125,-46.8456
1.75,0,0,125,-46.7165
1.775,0,0,125,-46.5871
1.8,0,0,125,-46.4574
1.825,0,0,125,-46.3275
1.85,0,0,125,-46.1973
1.875,0,0,125,-46.067
1.9,0,0,125,-45.9365
1.925,0,0,125,-45.8058
1.95,0,0,125,-45.675
1.975,0,0,125,-45.5441
2,0,0,125,-45.413
2.025,0,0,125,-45.2819
2.05,0,0,125,-45.1508
2.075,0,0,125,-45.0196
2.1,0,0,125,-44.8883
2.125,0,0,125,-44.7571
2.15,0,0,125,-44.6258
2.175,0,0,125,-44.4945
2.2,0,0,125,-44.3633
2.225,0,0,125,-44.2321
2.25,0,0,125,-44.1009
2.275,0,0,125,-43.9697
2.3,0,0,125,-43.8387
2.325,0,0,125,-43.7077
2.35,0,0,125,-43.5767
2.375,0,0,125,-43.4459
2.4,0,0,125,-43.3151
2.425,0,0,125,-43.1844
2.45,0,0,125,-43.0538
2.475,0,0,125,-42.9234
2.5,0,0,125,-42.793
2.525,0,0,125,-42.6627
2.55,0,0,125,-42.5325
2.575,0,0,125,-42.4025
2.6,0,0,125,-42.2725
2.625,0,0,125,-42.1427
2.65,0,0,125,-42.013
2.675,0,0,125,-41.8834
2.7,0,0,125,-41.7539
2.725,0,0,125,-41.6245
2.75,0,0,125,-41.4952
2.775,0,0,125,-41.366
2.8,0,0,125,-41.2369
2.825,0,0,125,-41.108
2.85,0,0,125,-40.9791
2.875,0,0,125,-40.8504
2.9,0,0,125,-40.7217
2.925,0,0,125,-40.5932
2.95,0,0,125,-40.4647
2.975,0,0,125,-40.3363
3,0,0,125,-40.2081
3.025,0,0,125,-40.0799
3.05,0,0,125,-39.9518
3.075,0,0,125,-39.8237
3.1,0,0,125,-39.6958
3.125,0,0,125,-39.5679
3.15,0,0,125,-39.4402
3.175,0,0,125,-39.3124
3.2,0,0,125,-39.1848
3.225,0,0,125,-39.0573
3.25,0,0,125,-38.9298
3.275,0,0,125,-38.8024
3.3,0,0,125,-38.6751
3.325,0,0,125,-38.5479
3.35,0,0,125,-38.4208
3.375,0,0,125,-38.2937
3.4,0,0,125,-38.1668
3.425,0,0,125,-38.04
3.45,0,0,125,-37.9133
3.475,0,0,125,-37.7867
3.5,0,0,125,-37.6602
3.525,0,0,125,-37.5339
3.55,0,0,125,-37.4078
3.575,0,0,125,-37.2818
3.6,0,0,125,-37.1561
3.625,0,0,125,-37.0305
3.65,0,0,125,-36.9051
3.675,0,0,125,-36.78
3.7,0,0,125,-36.6552
3.725,0,0,125,-36.5306
3.75,0,0,125,-36.4063
3.775,0,0,125,-36.2824
3.8,0,0,125,-36.1589
3.825,0,0,125,-36.0357
3.85,0,0,125,-35.913
3.875,0,0,125,-35.7907
3.9,0,0,125,-35.6689
3.925,0,0,125,-35.5477
3.95,0,0,125,-35.4271
3.975,0,0,125,-35.3071
4,0,0,125,-35.1878
4.025,0,0,125,-35.0692
4.05,0,0,125,-34.9514
4.075,0,0,125,-34.8345
4.1,0,0,125,-34.7184
4.125,0,0,125,-34.6033
4.15,0,0,125,-34.4893
4.175,0,0,125,-34.3763
4.2,0,0,125,-34.2645
4.225,0,0,125,-34.154
4.25,0,0,125,-34.0448
4.275,0,0,125,-33.9371
4.3,0,0,125,-33.8308
4.325,0,0,125,-33.7262
4.35,0,0,125,-33.6232
4.375,0,0,125,-33.522
4.4,0,0,125,-33.4228
4.425,0,0,125,-33.3255
4.45,0,0,125,-33.2304
4.475,0,0,125,-33.1376
4.5,0,0,125,-33.0471
4.525,0,0,125,-32.9591
4.55,0,0,125,-32.8738
4.575,0,0,125,-32.7912
4.6,0,0,125,-32.7116
4.625,0,0,125,-32.6351
4.65,0,0,125,-32.5619
4.675,0,0,125,-32.4921
4.7,0,0,125,-32.4259
4.725,0,0,125,-32.3636
4.75,0,0,125,-32.3052
4.775,0,0,125,-32.251
4.8,0,0,125,-32.2013
4.825,0,0,125,-32.1562
4.85,0,0,125,-32.116
4.875,0,0,125,-32.0809
4.9,0,0,125,-32.0512
4.925,0,0,125,-32.0271
4.95,0,0,125,-32.0088
4.975,0,0,125,-31.9965
5,0,0,125,-31.9903
