0,0,0,25,20.9465
0.005,0,0,25,20.9478
0.01,0,0,25,20.9504
0.015,0,0,25,20.9542
0.02,0,0,25,20.9593
0.025,0,0,25,20.9657
0.03,0,0,25,20.9734
0.035,0,0,25,20.9823
0.04,0,0,25,20.9925
0.045,0,0,25,21.0039
0.05,0,0,25,21.0166
0.055,0,0,25,21.0305
0.06,0,0,25,21.0457
0.065,0,0,25,21.0621
0.07,0,0,25,21.0797
0.075,0,0,25,21.0986
0.08,0,0,25,21.1187
0.085,0,0,25,21.14
0.09,0,0,25,21.1625
0.095,0,0,25,21.1862
0.1,0,0,25,21.211
0.105,0,0,25,21.2371
0.11,0,0,25,21.2643
0.115,0,0,25,21.2928
0.12,0,0,25,21.3223
0.125,0,0,25,21.353
0.13,0,0,25,21.3849
0.135,0,0,25,21.4179
0.14,0,0,25,21.452
0.145,0,0,25,21.4873
0.15,0,0,25,21.5236
0.155,0,0,25,21.5611
0.16,0,0,25,21.5996
0.165,0,0,25,21.6392
0.17,0,0,25,21.6799
0.175,0,0,25,21.7217
0.18,0,0,25,21.7645
0.185,0,0,25,21.8084
0.19,0,0,25,21.8533
0.195,0,0,25,21.8992
0.2,0,0,25,21.9461
0.205,0,0,25,21.9941
0.21,0,0,25,22.043
0.215,0,0,25,22.0929
0.22,0,0,25,22.1438
0.225,0,0,25,22.1957
0.23,0,0,25,22.2485
0.235,0,0,25,22.3023
0.24,0,0,25,22.357
0.245,0,0,25,22.4126
0.25,0,0,25,22.4691
0.255,0,0,25,22.5265
0.26,0,0,25,22.5848
0.265,0,0,25,22.644
0.27,0,0,25,22.7041
0.275,0,0,25,22.765
0.28,0,0,25,22.8268
0.285,0,0,25,22.8894
0.29,0,0,25,22.9528
0.295,0,0,25,23.017
0.3,0,0,25,23.082
0.305,0,0,25,23.1479
0.31,0,0,25,23.2144
0.315,0,0,25,23.2818
0.32,0,0,25,23.3499
0.325,0,0,25,23.4188
0.33,0,0,25,23.4884
0.335,0,0,25,23.5587
0.34,0,0,25,23.6297
0.345,0,0,25,23.7015
0.35,0,0,25,23.7739
0.355,0,0,25,23.847
0.36,0,0,25,23.9207
0.365,0,0,25,23.9951
0.37,0,0,25,24.0702
0.375,0,0,25,24.1459
0.38,0,0,25,24.2222
0.385,0,0,25,24.2991
0.39,0,0,25,24.3766
0.395,0,0,25,24.4547
0.4,0,0,25,24.5333
0.405,0,0,25,24.6126
0.41,0,0,25,24.6924
0.415,0,0,25,24.7727
0.42,0,0,25,24.8536
0.425,0,0,25,24.9349
0.43,0,0,25,25.0168
0.435,0,0,25,25.0992
0.44,0,0,25,25.1821
0.445,0,0,25,25.2654
0.45,0,0,25,25.3493
0.455,0,0,25,25.4335
0.46,0,0,25,25.5183
0.465,0,0,25,25.6034
0.47,0,0,25,25.689
0.475,0,0,25,25.775
0.48,0,0,25,25.8614
0.485,0,0,25,25.9481
0.49,0,0,25,26.0353
0.495,0,0,25,26.1228
0.5,0,0,25,26.2107
0.505,0,0,25,26.299
0.51,0,0,25,26.3876
0.515,0,0,25,26.4765
0.52,0,0,25,26.5657
0.525,0,0,25,26.6553
0.53,0,0,25,26.7451
0.535,0,0,25,26.8352
0.54,0,0,25,26.9256
0.545,0,0,25,27.0163
0.55,0,0,25,27.1073
0.555,0,0,25,27.1985
0.56,0,0,25,27.2899
0.565,0,0,25,27.3816
0.57,0,0,25,27.4734
0.575,0,0,25,27.5655
0.58,0,0,25,27.6578
0.585,0,0,25,27.7503
0.59,0,0,25,27.843
0.595,0,0,25,27.9358
0.6,0,0,25,28.0288
0.605,0,0,25,28.122
0.61,0,0,25,28.2153
0.615,0,0,25,28.3088
0.62,0,0,25,28.4023
0.625,0,0,25,28.496
0.63,0,0,25,28.5898
0.635,0,0,25,28.6837
0.64,0,0,25,28.7777
0.645,0,0,25,28.8717
0.65,0,0,25,28.9658
0.655,0,0,25,29.06
0.66,0,0,25,29.1543
0.665,0,0,25,29.2485
0.67,0,0,25,29.3429
0.675,0,0,25,29.4372
0.68,0,0,25,29.5315
0.685,0,0,25,29.6259
0.69,0,0,25,29.7203
0.695,0,0,25,29.8146
0.7,0,0,25,29.9089
0.705,0,0,25,30.0032
0.71,0,0,25,30.0975
0.715,0,0,25,30.1917
0.72,0,0,25,30.2858
0.725,0,0,25,30.3799
0.73,0,0,25,30.4739
0.735,0,0,25,30.5678
0.74,0,0,25,30.6616
0.745,0,0,25,30.7553
0.75,0,0,25,30.8489
0.755,0,0,25,30.9424
0.76,0,0,25,31.0357
0.765,0,0,25,31.1289
0.77,0,0,25,31.222
0.775,0,0,25,31.3149
0.78,0,0,25,31.4076
0.785,0,0,25,31.5002
0.79,0,0,25,31.5925
0.795,0,0,25,31.6847
0.8,0,0,25,31.7767
0.805,0,0,25,31.8684
0.81,0,0,25,31.9599
0.815,0,0,25,32.0512
0.82,0,0,25,32.1423
0.825,0,0,25,32.2331
0.83,0,0,25,32.3236
0.835,0,0,25,32.4139
0.84,0,0,25,32.5039
0.845,0,0,25,32.5936
0.85,0,0,25,32.683
0.855,0,0,25,32.7721
0.86,0,0,25,32.8608
0.865,0,0,25,32.9493
0.87,0,0,25,33.0374
0.875,0,0,25,33.1251
0.88,0,0,25,33.2126
0.885,0,0,25,33.2996
0.89,0,0,25,33.3863
0.895,0,0,25,33.4726
0.9,0,0,25,33.5585
0.905,0,0,25,33.644
0.91,0,0,25,33.729
0.915,0,0,25,33.8137
0.92,0,0,25,33.8979
0.925,0,0,25,33.9817
0.93,0,0,25,34.0651
0.935,0,0,25,34.148
0.94,0,0,25,34.2304
0.945,0,0,25,34.3123
0.95,0,0,25,34.3938
0.955,0,0,25,34.4747
0.96,0,0,25,34.5552
0.965,0,0,25,34.6352
0.97,0,0,25,34.7146
0.975,0,0,25,34.7935
0.98,0,0,25,34.8718
0.985,0,0,25,34.9496
0.99,0,0,25,35.0269
0.995,0,0,25,35.1035
1,0,0,25,35.1796
1.005,0,0,25,35.2552
1.01,0,0,25,35.3301
1.015,0,0,25,35.4044
1.02,0,0,25,35.4781
1.025,0,0,25,35.5512
1.03,0,0,25,35.6237
1.035,0,0,25,35.6955
1.04,0,0,25,35.7667
1.045,0,0,25,35.8372
1.05,0,0,25,35.9071
1.055,0,0,25,35.9763
1.06,0,0,25,36.0449
1.065,0,0,25,36.1127
1.07,0,0,25,36.1799
1.075,0,0,25,36.2464
1.08,0,0,25,36.3121
1.085,0,0,25,36.3772
1.09,0,0,25,36.4415
1.095,0,0,25,36.5051
1.1,0,0,25,36.5679
1.105,0,0,25,36.6301
1.11,0,0,25,36.6914
1.115,0,0,25,36.7521
1.12,0,0,25,36.8119
1.125,0,0,25,36.871
1.13,0,0,25,36.9293
1.135,0,0,25,36.9868
1.14,0,0,25,37.0436
1.145,0,0,25,37.0995
1.15,0,0,25,37.1547
1.155,0,0,25,37.209
1.16,0,0,25,37.2625
1.165,0,0,25,37.3152
1.17,0,0,25,37.367
1.175,0,0,25,37.4181
1.18,0,0,25,37.4682
1.185,0,0,25,37.5176
1.19,0,0,25,37.566
1.195,0,0,25,37.6136
1.2,0,0,25,37.6603
1.205,0,0,25,37.7062
1.21,0,0,25,37.7511
1.215,0,0,25,37.7952
1.22,0,0,25,37.8383
1.225,0,0,25,37.8805
1.23,0,0,25,37.9218
1.235,0,0,25,37.9621
1.24,0,0,25,38.0015
1.245,0,0,25,38.0398
1.25,0,0,25,38.0773
1.255,0,0,25,38.1137
1.26,0,0,25,38.149
1.265,0,0,25,38.1834
1.27,0,0,25,38.2167
1.275,0,0,25,38.2489
1.28,0,0,25,38.2799
1.285,0,0,25,38.3099
1.29,0,0,25,38.3387
1.295,0,0,25,38.3663
1.3,0,0,25,38.3926
1.305,0,0,25,38.4177
1.31,0,0,25,38.4414
1.315,0,0,25,38.4638
1.32,0,0,25,38.4847
1.325,0,0,25,38.5042
1.33,0,0,25,38.5221
1.335,0,0,25,38.5384
1.34,0,0,25,38.553
1.345,0,0,25,38.5657
1.35,0,0,25,38.5766
1.355,0,0,25,38.5854
1.36,0,0,25,38.592
1.365,0,0,25,38.5964
1.37,0,0,25,38.5983
1.375,0,0,25,38.5975
1.38,0,0,25,38.5939
1.385,0,0,25,38.5872
1.39,0,0,25,38.5771
1.395,0,0,25,38.5634
1.4,0,0,25,38.5457
1.405,0,0,25,38.5237
1.41,0,0,25,38.497
1.415,0,0,25,38.4649
1.42,0,0,25,38.4271
1.425,0,0,25,38.3829
1.43,0,0,25,38.3316
1.435,0,0,25,38.2724
1.44,0,0,25,38.2043
1.445,0,0,25,38.1264
1.45,0,0,25,38.0374
1.455,0,0,25,37.9359
1.46,0,0,25,37.8204
1.465,0,0,25,37.6891
1.47,0,0,25,37.5398
1.475,0,0,25,37.3702
1.48,0,0,25,37.1774
1.485,0,0,25,36.9581
1.49,0,0,25,36.7087
1.495,0,0,25,36.4246
1.5,0,0,25,36.1009
1.505,0,0,25,35.7316
1.51,0,0,25,35.3098
1.515,0,0,25,34.8276
1.52,0,0,25,34.2755
1.525,0,0,25,33.643
1.53,0,0,25,32.9175
1.535,0,0,25,32.0849
1.54,0,0,25,31.129
1.545,0,0,25,30.0319
1.55,0,0,25,28.7736
1.555,0,0,25,27.3327
1.56,0,0,25,25.687
1.565,0,0,25,23.8144
1.57,0,0,25,21.6948
1.575,0,0,25,19.3122
1.58,0,0,25,16.657
1.585,0,0,25,13.7291
1.59,0,0,25,10.5403
1.595,0,0,25,7.11562
1.6,0,0,25,3.49322
1.605,0,0,25,-0.278123
1.61,0,0,25,-4.14306
1.615,0,0,25,-8.04479
1.62,0,0,25,-11.9299
1.625,0,0,25,-15.7518
1.63,0,0,25,-19.4727
1.635,0,0,25,-23.0635
1.64,0,0,25,-26.5037
1.645,0,0,25,-29.7799
1.65,0,0,25,-32.8844
1.655,0,0,25,-35.8142
1.66,0,0,25,-38.5699
1.665,0,0,25,-41.1547
1.67,0,0,25,-43.5735
1.675,0,0,25,-45.8328
1.68,0,0,25,-47.9396
1.685,0,0,25,-49.9016
1.69,0,0,25,-51.7268
1.695,0,0,25,-53.423
1.7,0,0,25,-54.9982
1.705,0,0,25,-56.4599
1.71,0,0,25,-57.8155
1.715,0,0,25,-59.0721
1.72,0,0,25,-60.2364
1.725,0,0,25,-61.3148
1.73,0,0,25,-62.3133
1.735,0,0,25,-63.2375
1.74,0,0,25,-64.0928
1.745,0,0,25,-64.884
1.75,0,0,25,-65.6159
1.755,0,0,25,-66.2928
1.76,0,0,25,-66.9187
1.765,0,0,25,-67.4974
1.77,0,0,25,-68.0324
1.775,0,0,25,-68.5268
1.78,0,0,25,-68.9839
1.785,0,0,25,-69.4062
1.79,0,0,25,-69.7965
1.795,0,0,25,-70.1571
1.8,0,0,25,-70.4903
1.805,0,0,25,-70.7981
1.81,0,0,25,-71.0824
1.815,0,0,25,-71.3451
1.82,0,0,25,-71.5878
1.825,0,0,25,-71.8119
1.83,0,0,25,-72.019
1.835,0,0,25,-72.2102
1.84,0,0,25,-72.3868
1.845,0,0,25,-72.5499
1.85,0,0,25,-72.7005
1.855,0,0,25,-72.8396
1.86,0,0,25,-72.9681
1.865,0,0,25,-73.0868
1.87,0,0,25,-73.1963
1.875,0,0,25,-73.2975
1.88,0,0,25,-73.3909
1.885,0,0,25,-73.4772
1.89,0,0,25,-73.5569
1.895,0,0,25,-73.6304
1.9,0,0,25,-73.6983
1.905,0,0,25,-73.7611
1.91,0,0,25,-73.819
1.915,0,0,25,-73.8725
1.92,0,0,25,-73.9218
1.925,0,0,25,-73.9674
1.93,0,0,25,-74.0095
1.935,0,0,25,-74.0484
1.94,0,0,25,-74.0843
1.945,0,0,25,-74.1174
1.95,0,0,25,-74.148
1.955,0,0,25,-74.1762
1.96,0,0,25,-74.2023
1.965,0,0,25,-74.2264
1.97,0,0,25,-74.2486
1.975,0,0,25,-74.2692
1.98,0,0,25,-74.2881
1.985,0,0,25,-74.3056
1.99,0,0,25,-74.3218
1.995,0,0,25,-74.3367
2,0,0,25,-74.3505
2.005,0,0,25,-74.3632
2.01,0,0,25,-74.3749
2.015,0,0,25,-74.3858
2.02,0,0,25,-74.3958
2.025,0,0,25,-74.405
2.03,0,0,25,-74.4135
2.035,0,0,25,-74.4214
2.04,0,0,25,-74.4287
2.045,0,0,25,-74.4354
2.05,0,0,25,-74.4416
2.055,0,0,25,-74.4473
2.06,0,0,25,-74.4526
2.065,0,0,25,-74.4575
2.07,0,0,25,-74.462
2.075,0,0,25,-74.4662
2.08,0,0,25,-74.47
2.085,0,0,25,-74.4736
2.09,0,0,25,-74.4768
2.095,0,0,25,-74.4798
2.1,0,0,25,-74.4826
2.105,0,0,25,-74.4852
2.11,0,0,25,-74.4876
2.115,0,0,25,-74.4898
2.12,0,0,25,-74.4918
2.125,0,0,25,-74.4937
2.13,0,0,25,-74.4954
2.135,0,0,25,-74.497
2.14,0,0,25,-74.4985
2.145,0,0,25,-74.4999
2.15,0,0,25,-74.5011
2.155,0,0,25,-74.5023
2.16,0,0,25,-74.5033
2.165,0,0,25,-74.5043
2.17,0,0,25,-74.5052
2.175,0,0,25,-74.5061
2.18,0,0,25,-74.5069
2.185,0,0,25,-74.5076
2.19,0,0,25,-74.5083
2.195,0,0,25,-74.5089
2.2,0,0,25,-74.5094
2.205,0,0,25,-74.51
2.21,0,0,25,-74.5104
2.215,0,0,25,-74.5109
2.22,0,0,25,-74.5113
2.225,0,0,25,-74.5117
2.23,0,0,25,-74.512
2.235,0,0,25,-74.5124
2.24,0,0,25,-74.5127
2.245,0,0,25,-74.5129
2.25,0,0,25,-74.5132
2.255,0,0,25,-74.5134
2.26,0,0,25,-74.5136
2.265,0,0,25,-74.5138
2.27,0,0,25,-74.514
2.275,0,0,25,-74.5142
2.28,0,0,25,-74.5144
2.285,0,0,25,-74.5145
2.29,0,0,25,-74.5146
2.295,0,0,25,-74.5148
2.3,0,0,25,-74.5149
2.305,0,0,25,-74.515
2.31,0,0,25,-74.5151
2.315,0,0,25,-74.5152
2.32,0,0,25,-74.5153
2.325,0,0,25,-74.5153
2.33,0,0,25,-74.5154
2.335,0,0,25,-74.5155
2.34,0,0,25,-74.5155
2.345,0,0,25,-74.5156
2.35,0,0,25,-74.5156
2.355,0,0,25,-74.5157
2.36,0,0,25,-74.5157
2.365,0,0,25,-74.5158
2.37,0,0,25,-74.5158
2.375,0,0,25,-74.5158
2.38,0,0,25,-74.5159
2.385,0,0,25,-74.5159
2.39,0,0,25,-74.5159
2.395,0,0,25,-74.516
2.4,0,0,25,-74.516
2.405,0,0,25,-74.516
2.41,0,0,25,-74.516
2.415,0,0,25,-74.516
2.42,0,0,25,-74.5161
2.425,0,0,25,-74.5161
2.43,0,0,25,-74.5161
2.435,0,0,25,-74.5161
2.44,0,0,25,-74.5161
2.445,0,0,25,-74.5161
2.45,0,0,25,-74.5161
2.455,0,0,25,-74.5161
2.46,0,0,25,-74.5162
2.465,0,0,25,-74.5162
2.47,0,0,25,-74.5162
2.475,0,0,25,-74.5162
2.48,0,0,25,-74.5162
2.485,0,0,25,-74.5162
2.49,0,0,25,-74.5162
2.495,0,0,25,-74.5162
2.5,0,0,25,-74.5162
2.505,0,0,25,-74.5162
2.51,0,0,25,-74.5162
2.515,0,0,25,-74.5162
2.52,0,0,25,-74.5162
2.525,0,0,25,-74.5162
2.53,0,0,25,-74.5162
2.535,0,0,25,-74.5162
2.54,0,0,25,-74.5162
2.545,0,0,25,-74.5162
2.55,0,0,25,-74.5162
2.555,0,0,25,-74.5162
2.56,0,0,25,-74.5162
2.565,0,0,25,-74.5162
2.57,0,0,25,-74.5162
2.575,0,0,25,-74.5163
2.58,0,0,25,-74.5163
2.585,0,0,25,-74.5163
2.59,0,0,25,-74.5163
2.595,0,0,25,-74.5163
2.6,0,0,25,-74.5163
2.605,0,0,25,-74.5163
2.61,0,0,25,-74.5163
2.615,0,0,25,-74.5163
2.62,0,0,25,-74.5163
2.625,0,0,25,-74.5163
2.63,0,0,25,-74.5163
2.635,0,0,25,-74.5163
2.64,0,0,25,-74.5163
2.645,0,0,25,-74.5163
2.65,0,0,25,-74.5163
2.655,0,0,25,-74.5163
2.66,0,0,25,-74.5163
2.665,0,0,25,-74.5163
2.67,0,0,25,-74.5163
2.675,0,0,25,-74.5163
2.68,0,0,25,-74.5163
2.685,0,0,25,-74.5163
2.69,0,0,25,-74.5163
2.695,0,0,25,-74.5163
2.7,0,0,25,-74.5163
2.705,0,0,25,-74.5163
2.71,0,0,25,-74.5163
2.715,0,0,25,-74.5163
2.72,0,0,25,-74.5163
2.725,0,0,25,-74.5163
2.73,0,0,25,-74.5163
2.735,0,0,25,-74.5163
2.74,0,0,25,-74.5163
2.745,0,0,25,-74.5163
2.75,0,0,25,-74.5163
2.755,0,0,25,-74.5163
2.76,0,0,25,-74.5163
2.765,0,0,25,-74.5163
2.77,0,0,25,-74.5163
2.775,0,0,25,-74.5163
2.78,0,0,25,-74.5163
2.785,0,0,25,-74.5163
2.79,0,0,25,-74.5163
2.795,0,0,25,-74.5163
2.8,0,0,25,-74.5163
2.805,0,0,25,-74.5163
2.81,0,0,25,-74.5163
2.815,0,0,25,-74.5163
2.82,0,0,25,-74.5163
2.825,0,0,25,-74.5163
2.83,0,0,25,-74.5163
2.835,0,0,25,-74.5163
2.84,0,0,25,-74.5163
2.845,0,0,25,-74.5163
2.85,0,0,25,-74.5163
2.855,0,0,25,-74.5163
2.86,0,0,25,-74.5163
2.865,0,0,25,-74.5163
2.87,0,0,25,-74.5163
2.875,0,0,25,-74.5163
2.88,0,0,25,-74.5163
2.885,0,0,25,-74.5163
2.89,0,0,25,-74.5163
2.895,0,0,25,-74.5163
2.9,0,0,25,-74.5163
2.905,0,0,25,-74.5163
2.91,0,0,25,-74.5163
2.915,0,0,25,-74.5163
2.92,0,0,25,-74.5163
2.925,0,0,25,-74.5163
2.93,0,0,25,-74.5163
2.935,0,0,25,-74.5163
2.94,0,0,25,-74.5163
2.945,0,0,25,-74.5163
2.95,0,0,25,-74.5163
2.955,0,0,25,-74.5163
2.96,0,0,25,-74.5163
2.965,0,0,25,-74.5163
2.97,0,0,25,-74.5163
2.975,0,0,25,-74.5163
2.98,0,0,25,-74.5163
2.985,0,0,25,-74.5163
2.99,0,0,25,-74.5163
2.995,0,0,25,-74.5163
3,0,0,25,-74.5163
3.005,0,0,25,-74.5163
3.01,0,0,25,-74.5163
3.015,0,0,25,-74.5163
3.02,0,0,25,-74.5163
3.025,0,0,25,-74.5163
3.03,0,0,25,-74.5163
3.035,0,0,25,-74.5163
3.04,0,0,25,-74.5163
3.045,0,0,25,-74.5163
3.05,0,0,25,-74.5163
3.055,0,0,25,-74.5163
3.06,0,0,25,-74.5163
3.065,0,0,25,-74.5163
3.07,0,0,25,-74.5163
3.075,0,0,25,-74.5163
3.08,0,0,25,-74.5163
3.085,0,0,25,-74.5163
3.09,0,0,25,-74.5163
3.095,0,0,25,-74.5163
3.1,0,0,25,-74.5163
3.105,0,0,25,-74.5163
3.11,0,0,25,-74.5163
3.115,0,0,25,-74.5163
3.12,0,0,25,-74.5163
3.125,0,0,25,-74.5163
3.13,0,0,25,-74.5163
3.135,0,0,25,-74.5163
3.14,0,0,25,-74.5163
3.145,0,0,25,-74.5163
3.15,0,0,25,-74.5163
3.155,0,0,25,-74.5163
3.16,0,0,25,-74.5163
3.165,0,0,25,-74.5163
3.17,0,0,25,-74.5163
3.175,0,0,25,-74.5163
3.18,0,0,25,-74.5163
3.185,0,0,25,-74.5163
3.19,0,0,25,-74.5163
3.195,0,0,25,-74.5163
3.2,0,0,25,-74.5163
3.205,0,0,25,-74.5163
3.21,0,0,25,-74.5163
3.215,0,0,25,-74.5163
3.22,0,0,25,-74.5163
3.225,0,0,25,-74.5163
3.23,0,0,25,-74.5163
3.235,0,0,25,-74.5163
3.24,0,0,25,-74.5163
3.245,0,0,25,-74.5163
3.25,0,0,25,-74.5163
3.255,0,0,25,-74.5163
3.26,0,0,25,-74.5163
3.265,0,0,25,-74.5163
3.27,0,0,25,-74.5163
3.275,0,0,25,-74.5163
3.28,0,0,25,-74.5163
3.285,0,0,25,-74.5163
3.29,0,0,25,-74.5163
3.295,0,0,25,-74.5163
3.3,0,0,25,-74.5163
3.305,0,0,25,-74.5163
3.31,0,0,25,-74.5163
3.315,0,0,25,-74.5163
3.32,0,0,25,-74.5163
3.325,0,0,25,-74.5163
3.33,0,0,25,-74.5163
3.335,0,0,25,-74.5163
3.34,0,0,25,-74.5163
3.345,0,0,25,-74.5163
3.35,0,0,25,-74.5163
3.355,0,0,25,-74.5163
3.36,0,0,25,-74.5163
3.365,0,0,25,-74.5163
3.37,0,0,25,-74.5163
3.375,0,0,25,-74.5163
3.38,0,0,25,-74.5163
3.385,0,0,25,-74.5163
3.39,0,0,25,-74.5163
3.395,0,0,25,-74.5163
3.4,0,0,25,-74.5163
3.405,0,0,25,-74.5163
3.41,0,0,25,-74.5163
3.415,0,0,25,-74.5163
3.42,0,0,25,-74.5163
3.425,0,0,25,-74.5163
3.43,0,0,25,-74.5163
3.435,0,0,25,-74.5163
3.44,0,0,25,-74.5163
3.445,0,0,25,-74.5163
3.45,0,0,25,-74.5163
3.455,0,0,25,-74.5163
3.46,0,0,25,-74.5163
3.465,0,0,25,-74.5163
3.47,0,0,25,-74.5163
3.475,0,0,25,-74.5163
3.48,0,0,25,-74.5163
3.485,0,0,25,-74.5163
3.49,0,0,25,-74.5163
3.495,0,0,25,-74.5163
3.5,0,0,25,-74.5163
3.505,0,0,25,-74.5163
3.51,0,0,25,-74.5163
3.515,0,0,25,-74.5163
3.52,0,0,25,-74.5163
3.525,0,0,25,-74.5163
3.53,0,0,25,-74.5163
3.535,0,0,25,-74.5163
3.54,0,0,25,-74.5163
3.545,0,0,25,-74.5163
3.55,0,0,25,-74.5163
3.555,0,0,25,-74.5163
3.56,0,0,25,-74.5163
3.565,0,0,25,-74.5163
3.57,0,0,25,-74.5163
3.575,0,0,25,-74.5163
3.58,0,0,25,-74.5163
3.585,0,0,25,-74.5163
3.59,0,0,25,-74.5163
3.595,0,0,25,-74.5163
3.6,0,0,25,-74.5163
3.605,0,0,25,-74.5163
3.61,0,0,25,-74.5163
3.615,0,0,25,-74.5163
3.62,0,0,25,-74.5163
3.625,0,0,25,-74.5163
3.63,0,0,25,-74.5163
3.635,0,0,25,-74.5163
3.64,0,0,25,-74.5163
3.645,0,0,25,-74.5163
3.65,0,0,25,-74.5163
3.655,0,0,25,-74.5163
3.66,0,0,25,-74.5163
3.665,0,0,25,-74.5163
3.67,0,0,25,-74.5163
3.675,0,0,25,-74.5163
3.68,0,0,25,-74.5163
3.685,0,0,25,-74.5163
3.69,0,0,25,-74.5163
3.695,0,0,25,-74.5163
3.7,0,0,25,-74.5163
3.705,0,0,25,-74.5163
3.71,0,0,25,-74.5163
3.715,0,0,25,-74.5163
3.72,0,0,25,-74.5163
3.725,0,0,25,-74.5163
3.73,0,0,25,-74.5163
3.735,0,0,25,-74.5163
3.74,0,0,25,-74.5163
3.745,0,0,25,-74.5163
3.75,0,0,25,-74.5163
3.755,0,0,25,-74.5163
3.76,0,0,25,-74.5163
3.765,0,0,25,-74.5163
3.77,0,0,25,-74.5163
3.775,0,0,25,-74.5163
3.78,0,0,25,-74.5163
3.785,0,0,25,-74.5163
3.79,0,0,25,-74.5163
3.795,0,0,25,-74.5163
3.8,0,0,25,-74.5163
3.805,0,0,25,-74.5163
3.81,0,0,25,-74.5163
3.815,0,0,25,-74.5163
3.82,0,0,25,-74.5163
3.825,0,0,25,-74.5163
3.83,0,0,25,-74.5163
3.835,0,0,25,-74.5163
3.84,0,0,25,-74.5163
3.845,0,0,25,-74.5163
3.85,0,0,25,-74.5163
3.855,0,0,25,-74.5163
3.86,0,0,25,-74.5163
3.865,0,0,25,-74.5163
3.87,0,0,25,-74.5163
3.875,0,0,25,-74.5163
3.88,0,0,25,-74.5163
3.885,0,0,25,-74.5163
3.89,0,0,25,-74.5163
3.895,0,0,25,-74.5163
3.9,0,0,25,-74.5163
3.905,0,0,25,-74.5163
3.91,0,0,25,-74.5163
3.915,0,0,25,-74.5163
3.92,0,0,25,-74.5163
3.925,0,0,25,-74.5163
3.93,0,0,25,-74.5163
3.935,0,0,25,-74.5163
3.94,0,0,25,-74.5163
3.945,0,0,25,-74.5163
3.95,0,0,25,-74.5163
3.955,0,0,25,-74.5163
3.96,0,0,25,-74.5163
3.965,0,0,25,-74.5163
3.97,0,0,25,-74.5163
3.975,0,0,25,-74.5163
3.98,0,0,25,-74.5163
3.985,0,0,25,-74.5163
3.99,0,0,25,-74.5163
3.995,0,0,25,-74.5163
4,0,0,25,-74.5163
4.005,0,0,25,-74.5163
4.01,0,0,25,-74.5163
4.015,0,0,25,-74.5163
4.02,0,0,25,-74.5163
4.025,0,0,25,-74.5163
4.03,0,0,25,-74.5163
4.035,0,0,25,-74.5163
4.04,0,0,25,-74.5163
4.045,0,0,25,-74.5163
4.05,0,0,25,-74.5163
4.055,0,0,25,-74.5163
4.06,0,0,25,-74.5163
4.065,0,0,25,-74.5163
4.07,0,0,25,-74.5163
4.075,0,0,25,-74.5163
4.08,0,0,25,-74.5163
4.085,0,0,25,-74.5163
4.09,0,0,25,-74.5163
4.095,0,0,25,-74.5163
4.1,0,0,25,-74.5163
4.105,0,0,25,-74.5163
4.11,0,0,25,-74.5163
4.115,0,0,25,-74.5163
4.12,0,0,25,-74.5163
4.125,0,0,25,-74.5163
4.13,0,0,25,-74.5163
4.135,0,0,25,-74.5163
4.14,0,0,25,-74.5163
4.145,0,0,25,-74.5163
4.15,0,0,25,-74.5163
4.155,0,0,25,-74.5163
4.16,0,0,25,-74.5163
4.165,0,0,25,-74.5163
4.17,0,0,25,-74.5163
4.175,0,0,25,-74.5163
4.18,0,0,25,-74.5163
4.185,0,0,25,-74.5163
4.19,0,0,25,-74.5163
4.195,0,0,25,-74.5163
4.2,0,0,25,-74.5163
4.205,0,0,25,-74.5163
4.21,0,0,25,-74.5163
4.215,0,0,25,-74.5163
4.22,0,0,25,-74.5163
4.225,0,0,25,-74.5163
4.23,0,0,25,-74.5163
4.235,0,0,25,-74.5163
4.24,0,0,25,-74.5163
4.245,0,0,25,-74.5163
4.25,0,0,25,-74.5163
4.255,0,0,25,-74.5163
4.26,0,0,25,-74.5163
4.265,0,0,25,-74.5163
4.27,0,0,25,-74.5163
4.275,0,0,25,-74.5163
4.28,0,0,25,-74.5163
4.285,0,0,25,-74.5163
4.29,0,0,25,-74.5163
4.295,0,0,25,-74.5163
4.3,0,0,25,-74.5163
4.305,0,0,25,-74.5163
4.31,0,0,25,-74.5163
4.315,0,0,25,-74.5163
4.32,0,0,25,-74.5163
4.325,0,0,25,-74.5163
4.33,0,0,25,-74.5163
4.335,0,0,25,-74.5163
4.34,0,0,25,-74.5163
4.345,0,0,25,-74.5163
4.35,0,0,25,-74.5163
4.355,0,0,25,-74.5163
4.36,0,0,25,-74.5163
4.365,0,0,25,-74.5163
4.37,0,0,25,-74.5163
4.375,0,0,25,-74.5163
4.38,0,0,25,-74.5163
4.385,0,0,25,-74.5163
4.39,0,0,25,-74.5163
4.395,0,0,25,-74.5163
4.4,0,0,25,-74.5163
4.405,0,0,25,-74.5163
4.41,0,0,25,-74.5163
4.415,0,0,25,-74.5163
4.42,0,0,25,-74.5163
4.425,0,0,25,-74.5163
4.43,0,0,25,-74.5163
4.435,0,0,25,-74.5163
4.44,0,0,25,-74.5163
4.445,0,0,25,-74.5163
4.45,0,0,25,-74.5163
4.455,0,0,25,-74.5163
4.46,0,0,25,-74.5163
4.465,0,0,25,-74.5163
4.47,0,0,25,-74.5163
4.475,0,0,25,-74.5163
4.48,0,0,25,-74.5163
4.485,0,0,25,-74.5163
4.49,0,0,25,-74.5163
4.495,0,0,25,-74.5163
4.5,0,0,25,-74.5163
4.505,0,0,25,-74.5163
4.51,0,0,25,-74.5163
4.515,0,0,25,-74.5163
4.52,0,0,25,-74.5163
4.525,0,0,25,-74.5163
4.53,0,0,25,-74.5163
4.535,0,0,25,-74.5163
4.54,0,0,25,-74.5163
4.545,0,0,25,-74.5163
4.55,0,0,25,-74.5163
4.555,0,0,25,-74.5163
4.56,0,0,25,-74.5163
4.565,0,0,25,-74.5163
4.57,0,0,25,-74.5163
4.575,0,0,25,-74.5163
4.58,0,0,25,-74.5163
4.585,0,0,25,-74.5163
4.59,0,0,25,-74.5163
4.595,0,0,25,-74.5163
4.6,0,0,25,-74.5163
4.605,0,0,25,-74.5163
4.61,0,0,25,-74.5163
4.615,0,0,25,-74.5163
4.62,0,0,25,-74.5163
4.625,0,0,25,-74.5163
4.63,0,0,25,-74.5163
4.635,0,0,25,-74.5163
4.64,0,0,25,-74.5163
4.645,0,0,25,-74.5163
4.65,0,0,25,-74.5163
4.655,0,0,25,-74.5163
4.66,0,0,25,-74.5163
4.665,0,0,25,-74.5163
4.67,0,0,25,-74.5163
4.675,0,0,25,-74.5163
4.68,0,0,25,-74.5163
4.685,0,0,25,-74.5163
4.69,0,0,25,-74.5163
4.695,0,0,25,-74.5163
4.7,0,0,25,-74.5163
4.705,0,0,25,-74.5163
4.71,0,0,25,-74.5163
4.715,0,0,25,-74.5163
4.72,0,0,25,-74.5163
4.725,0,0,25,-74.5163
4.73,0,0,25,-74.5163
4.735,0,0,25,-74.5163
4.74,0,0,25,-74.5163
4.745,0,0,25,-74.5163
4.75,0,0,25,-74.5163
4.755,0,0,25,-74.5163
4.76,0,0,25,-74.5163
4.765,0,0,25,-74.5163
4.77,0,0,25,-74.5163
4.775,0,0,25,-74.5163
4.78,0,0,25,-74.5163
4.785,0,0,25,-74.5163
4.79,0,0,25,-74.5163
4.795,0,0,25,-74.5163
4.8,0,0,25,-74.5163
4.805,0,0,25,-74.5163
4.81,0,0,25,-74.5163
4.815,0,0,25,-74.5163
4.82,0,0,25,-74.5163
4.825,0,0,25,-74.5163
4.83,0,0,25,-74.5163
4.835,0,0,25,-74.5163
4.84,0,0,25,-74.5163
4.845,0,0,25,-74.5163
4.85,0,0,25,-74.5163
4.855,0,0,25,-74.5163
4.86,0,0,25,-74.5163
4.865,0,0,25,-74.5163
4.87,0,0,25,-74.5163
4.875,0,0,25,-74.5163
4.88,0,0,25,-74.5163
4.885,0,0,25,-74.5163
4.89,0,0,25,-74.5163
4.895,0,0,25,-74.5163
4.9,0,0,25,-74.5163
4.905,0,0,25,-74.5163
4.91,0,0,25,-74.5163
4.915,0,0,25,-74.5163
4.92,0,0,25,-74.5163
4.925,0,0,25,-74.5163
4.93,0,0,25,-74.5163
4.935,0,0,25,-74.5163
4.94,0,0,25,-74.5163
4.945,0,0,25,-74.5163
4.95,0,0,25,-74.5163
4.955,0,0,25,-74.5163
4.96,0,0,25,-74.5163
4.965,0,0,25,-74.5163
4.97,0,0,25,-74.5163
4.975,0,0,25,-74.5163
4.98,0,0,25,-74.5163
4.985,0,0,25,-74.5163
4.99,0,0,25,-74.5163
4.995,0,0,25,-74.5163
5,0,0,25,-74.5163
