0,0,0,125,-57.0371
0.025,0,0,125,-57.0333
0.05,0,0,125,-57.0257
0.075,0,0,125,-57.0143
0.1,0,0,125,-56.9992
0.125,0,0,125,-56.9804
0.15,0,0,125,-56.958
0.175,0,0,125,-56.9323
0.2,0,0,125,-56.9033
0.225,0,0,125,-56.8712
0.25,0,0,125,-56.8361
0.275,0,0,125,-56.798
0.3,0,0,125,-56.7572
0.325,0,0,125,-56.7136
0.35,0,0,125,-56.6674
0.375,0,0,125,-56.6186
0.4,0,0,125,-56.5673
0.425,0,0,125,-56.5135
0.45,0,0,125,-56.4574
0.475,0,0,125,-56.399
0.5,0,0,125,-56.3383
0.525,0,0,125,-56.2755
0.55,0,0,125,-56.2105
0.575,0,0,125,-56.1434
0.6,0,0,125,-56.0743
0.625,0,0,125,-56.0033
0.65,0,0,125,-55.9303
0.675,0,0,125,-55.8553
0.7,0,0,125,-55.7786
0.725,0,0,125,-55.7001
0.75,0,0,125,-55.6197
0.775,0,0,125,-55.5377
0.8,0,0,125,-55.454
0.825,0,0,125,-55.3686
0.85,0,0,125,-55.2817
0.875,0,0,125,-55.1932
0.9,0,0,125,-55.1031
0.925,0,0,125,-55.0116
0.95,0,0,125,-54.9187
0.975,0,0,125,-54.8243
1,0,0,125,-54.7285
1.025,0,0,125,-54.6314
1.05,0,0,125,-54.533
1.075,0,0,125,-54.4333
1.1,0,0,125,-54.3323
1.125,0,0,125,-54.2302
1.15,0,0,125,-54.1268
1.175,0,0,125,-54.0223
1.2,0,0,125,-53.9168
1.225,0,0,125,-53.8101
1.25,0,0,125,-53.7024
1.275,0,0,125,-53.5936
1.3,0,0,125,-53.4839
1.325,0,0,125,-53.3732
1.35,0,0,125,-53.2616
1.375,0,0,125,-53.1491
1.4,0,0,125,-53.0357
1.425,0,0,125,-52.9214
1.45,0,0,125,-52.8064
1.475,0,0,125,-52.6906
1.5,0,0,125,-52.574
1.525,0,0,125,-52.4567
1.55,0,0,125,-52.3386
1.575,0,0,125,-52.2199
1.6,0,0,125,-52.1005
1.625,0,0,125,-51.9805
1.65,0,0,125,-51.8598
1.675,0,0,125,-51.7386
1.7,0,0,125,-51.6168
1.725,0,0,125,-51.4945
1.75,0,0,125,-51.3716
1.775,0,0,125,-51.2483
1.8,0,0,125,-51.1245
1.825,0,0,125,-51.0002
1.85,0,0,125,-50.8754
1.875,0,0,125,-50.7503
1.9,0,0,125,-50.6247
1.925,0,0,125,-50.4987
1.95,0,0,125,-50.3724
1.975,0,0,125,-50.2457
2,0,0,125,-50.1187
2.025,0,0,125,-49.9913
2.05,0,0,125,-49.8637
2.075,0,0,125,-49.7357
2.1,0,0,125,-49.6075
2.125,0,0,125,-49.479
2.15,0,0,125,-49.3502
2.175,0,0,125,-49.2212
2.2,0,0,125,-49.0919
2.225,0,0,125,-48.9624
2.25,0,0,125,-48.8327
2.275,0,0,125,-48.7028
2.3,0,0,125,-48.5726
2.325,0,0,125,-48.4423
2.35,0,0,125,-48.3118
2.375,0,0,125,-48.1811
2.4,0,0,125,-48.0503
2.425,0,0,125,-47.9192
2.45,0,0,125,-47.7881
2.475,0,0,125,-47.6567
2.5,0,0,125,-47.5252
2.525,0,0,125,-47.3936
2.55,0,0,125,-47.2618
2.575,0,0,125,-47.1299
2.6,0,0,125,-46.9978
2.625,0,0,125,-46.8656
2.65,0,0,125,-46.7332
2.675,0,0,125,-46.6007
2.7,0,0,125,-46.4681
2.725,0,0,125,-46.3354
2.75,0,0,125,-46.2025
2.775,0,0,125,-46.0695
2.8,0,0,125,-45.9364
2.825,0,0,125,-45.8032
2.85,0,0,125,-45.6698
2.875,0,0,125,-45.5363
2.9,0,0,125,-45.4026
2.925,0,0,125,-45.2689
2.95,0,0,125,-45.135
2.975,0,0,125,-45.001
3,0,0,125,-44.8669
3.025,0,0,125,-44.7326
3.05,0,0,125,-44.5983
3.075,0,0,125,-44.4638
3.1,0,0,125,-44.3292
3.125,0,0,125,-44.1945
3.15,0,0,125,-44.0597
3.175,0,0,125,-43.9248
3.2,0,0,125,-43.7897
3.225,0,0,125,-43.6546
3.25,0,0,125,-43.5194
3.275,0,0,125,-43.3842
3.3,0,0,125,-43.2488
3.325,0,0,125,-43.1134
3.35,0,0,125,-42.9779
3.375,0,0,125,-42.8423
3.4,0,0,125,-42.7068
3.425,0,0,125,-42.5712
3.45,0,0,125,-42.4356
3.475,0,0,125,-42.3
3.5,0,0,125,-42.1644
3.525,0,0,125,-42.0289
3.55,0,0,125,-41.8934
3.575,0,0,125,-41.758
3.6,0,0,125,-41.6227
3.625,0,0,125,-41.4875
3.65,0,0,125,-41.3525
3.675,0,0,125,-41.2177
3.7,0,0,125,-41.083
3.725,0,0,125,-40.9487
3.75,0,0,125,-40.8145
3.775,0,0,125,-40.6807
3.8,0,0,125,-40.5473
3.825,0,0,125,-40.4142
3.85,0,0,125,-40.2816
3.875,0,0,125,-40.1495
3.9,0,0,125,-40.0178
3.925,0,0,125,-39.8868
3.95,0,0,125,-39.7564
3.975,0,0,125,-39.6266
4,0,0,125,-39.4977
4.025,0,0,125,-39.3695
4.05,0,0,125,-39.2422
4.075,0,0,125,-39.1158
4.1,0,0,125,-38.9904
4.125,0,0,125,-38.8662
4.15,0,0,125,-38.7431
4.175,0,0,125,-38.6212
4.2,0,0,125,-38.5007
4.225,0,0,125,-38.3816
4.25,0,0,125,-38.2641
4.275,0,0,125,-38.1481
4.3,0,0,125,-38.0339
4.325,0,0,125,-37.9214
4.35,0,0,125,-37.8109
4.375,0,0,125,-37.7025
4.4,0,0,125,-37.5962
4.425,0,0,125,-37.4921
4.45,0,0,125,-37.3905
4.475,0,0,125,-37.2913
4.5,0,0,125,-37.1949
4.525,0,0,125,-37.1012
4.55,0,0,125,-37.0105
4.575,0,0,125,-36.9229
4.6,0,0,125,-36.8386
4.625,0,0,125,-36.7576
4.65,0,0,125,-36.6803
4.675,0,0,125,-36.6066
4.7,0,0,125,-36.537
4.725,0,0,125,-36.4714
4.75,0,0,125,-36.4102
4.775,0,0,125,-36.3535
4.8,0,0,125,-36.3015
4.825,0,0,125,-36.2545
4.85,0,0,125,-36.2126
4.875,0,0,125,-36.1761
4.9,0,0,125,-36.1453
4.925,0,0,125,-36.1203
4.95,0,0,125,-36.1013
4.975,0,0,125,-36.0886
5,0,0,125,-36.0822
