0,0,0,125,-37.2089
0.025,0,0,125,-37.2034
0.05,0,0,125,-37.1923
0.075,0,0,125,-37.1758
0.1,0,0,125,-37.1538
0.125,0,0,125,-37.1265
0.15,0,0,125,-37.0942
0.175,0,0,125,-37.0571
0.2,0,0,125,-37.0155
0.225,0,0,125,-36.9696
0.25,0,0,125,-36.9196
0.275,0,0,125,-36.8658
0.3,0,0,125,-36.8083
0.325,0,0,125,-36.7473
0.35,0,0,125,-36.6829
0.375,0,0,125,-36.6154
0.4,0,0,125,-36.5449
0.425,0,0,125,-36.4715
0.45,0,0,125,-36.3953
0.475,0,0,125,-36.3167
0.5,0,0,125,-36.2355
0.525,0,0,125,-36.1521
0.55,0,0,125,-36.0665
0.575,0,0,125,-35.9788
0.6,0,0,125,-35.8892
0.625,0,0,125,-35.7978
0.65,0,0,125,-35.7046
0.675,0,0,125,-35.6099
0.7,0,0,125,-35.5137
0.725,0,0,125,-35.4161
0.75,0,0,125,-35.3173
0.775,0,0,125,-35.2172
0.8,0,0,125,-35.1161
0.825,0,0,125,-35.014
0.85,0,0,125,-34.911
0.875,0,0,125,-34.8071
0.9,0,0,125,-34.7025
0.925,0,0,125,-34.5973
0.95,0,0,125,-34.4915
0.975,0,0,125,-34.3852
1,0,0,125,-34.2785
1.025,0,0,125,-34.1715
1.05,0,0,125,-34.0641
1.075,0,0,125,-33.9565
1.1,0,0,125,-33.8488
1.125,0,0,125,-33.741
1.15,0,0,125,-33.6332
1.175,0,0,125,-33.5253
1.2,0,0,125,-33.4176
1.225,0,0,125,-33.3099
1.25,0,0,125,-33.2025
1.275,0,0,125,-33.0953
1.3,0,0,125,-32.9883
1.325,0,0,125,-32.8817
1.35,0,0,125,-32.7754
1.375,0,0,125,-32.6694
1.4,0,0,125,-32.5639
1.425,0,0,125,-32.4589
1.45,0,0,125,-32.3543
1.475,0,0,125,-32.2502
1.5,0,0,125,-32.1467
1.525,0,0,125,-32.0437
1.55,0,0,125,-31.9414
1.575,0,0,125,-31.8396
1.6,0,0,125,-31.7384
1.625,0,0,125,-31.6379
1.65,0,0,125,-31.5381
1.675,0,0,125,-31.4389
1.7,0,0,125,-31.3404
1.725,0,0,125,-31.2425
1.75,0,0,125,-31.1454
1.775,0,0,125,-31.049
1.8,0,0,125,-30.9533
1.825,0,0,125,-30.8583
1.85,0,0,125,-30.7641
1.875,0,0,125,-30.6706
1.9,0,0,125,-30.5778
1.925,0,0,125,-30.4857
1.95,0,0,125,-30.3943
1.975,0,0,125,-30.3037
2,0,0,125,-30.2138
2.025,0,0,125,-30.1246
2.05,0,0,125,-30.0361
2.075,0,0,125,-29.9483
2.1,0,0,125,-29.8613
2.125,0,0,125,-29.7749
2.15,0,0,125,-29.6892
2.175,0,0,125,-29.6042
2.2,0,0,125,-29.5198
2.225,0,0,125,-29.4361
2.25,0,0,125,-29.3531
2.275,0,0,125,-29.2707
2.3,0,0,125,-29.1889
2.325,0,0,125,-29.1077
2.35,0,0,125,-29.0272
2.375,0,0,125,-28.9472
2.4,0,0,125,-28.8678
2.425,0,0,125,-28.789
2.45,0,0,125,-28.7108
2.475,0,0,125,-28.633
2.5,0,0,125,-28.5559
2.525,0,0,125,-28.4792
2.55,0,0,125,-28.4031
2.575,0,0,125,-28.3274
2.6,0,0,125,-28.2523
2.625,0,0,125,-28.1776
2.65,0,0,125,-28.1033
2.675,0,0,125,-28.0295
2.7,0,0,125,-27.9562
2.725,0,0,125,-27.8832
2.75,0,0,125,-27.8106
2.775,0,0,125,-27.7384
2.8,0,0,125,-27.6666
2.825,0,0,125,-27.5952
2.85,0,0,125,-27.5241
2.875,0,0,125,-27.4533
2.9,0,0,125,-27.3829
2.925,0,0,125,-27.3128
2.95,0,0,125,-27.2429
2.975,0,0,125,-27.1734
3,0,0,125,-27.1041
3.025,0,0,125,-27.035
3.05,0,0,125,-26.9662
3.075,0,0,125,-26.8977
3.1,0,0,125,-26.8293
3.125,0,0,125,-26.7612
3.15,0,0,125,-26.6932
3.175,0,0,125,-26.6255
3.2,0,0,125,-26.5579
3.225,0,0,125,-26.4905
3.25,0,0,125,-26.4232
3.275,0,0,125,-26.3561
3.3,0,0,125,-26.289
3.325,0,0,125,-26.2222
3.35,0,0,125,-26.1554
3.375,0,0,125,-26.0887
3.4,0,0,125,-26.0221
3.425,0,0,125,-25.9557
3.45,0,0,125,-25.8893
3.475,0,0,125,-25.823
3.5,0,0,125,-25.7567
3.525,0,0,125,-25.6905
3.55,0,0,125,-25.6244
3.575,0,0,125,-25.5583
3.6,0,0,125,-25.4923
3.625,0,0,125,-25.4263
3.65,0,0,125,-25.3604
3.675,0,0,125,-25.2945
3.7,0,0,125,-25.2286
3.725,0,0,125,-25.1628
3.75,0,0,125,-25.097
3.775,0,0,125,-25.0313
3.8,0,0,125,-24.9656
3.825,0,0,125,-24.8999
3.85,0,0,125,-24.8344
3.875,0,0,125,-24.7688
3.9,0,0,125,-24.7034
3.925,0,0,125,-24.638
3.95,0,0,125,-24.5726
3.975,0,0,125,-24.5074
4,0,0,125,-24.4423
4.025,0,0,125,-24.3774
4.05,0,0,125,-24.3125
4.075,0,0,125,-24.2479
4.1,0,0,125,-24.1834
4.125,0,0,125,-24.1191
4.15,0,0,125,-24.055
4.175,0,0,125,-23.9913
4.2,0,0,125,-23.9278
4.225,0,0,125,-23.8646
4.25,0,0,125,-23.8019
4.275,0,0,125,-23.7395
4.3,0,0,125,-23.6776
4.325,0,0,125,-23.6162
4.35,0,0,125,-23.5553
4.375,0,0,125,-23.4951
4.4,0,0,125,-23.4355
4.425,0,0,125,-23.3767
4.45,0,0,125,-23.3187
4.475,0,0,125,-23.2616
4.5,0,0,125,-23.2055
4.525,0,0,125,-23.1504
4.55,0,0,125,-23.0965
4.575,0,0,125,-23.0439
4.6,0,0,125,-22.9927
4.625,0,0,125,-22.9429
4.65,0,0,125,-22.8949
4.675,0,0,125,-22.8486
4.7,0,0,125,-22.8043
4.725,0,0,125,-22.7621
4.75,0,0,125,-22.7222
4.775,0,0,125,-22.6848
4.8,0,0,125,-22.6501
4.825,0,0,125,-22.6183
4.85,0,0,125,-22.5897
4.875,0,0,125,-22.5646
4.9,0,0,125,-22.5431
4.925,0,0,125,-22.5255
4.95,0,0,125,-22.512
4.975,0,0,125,-22.503
5,0,0,125,-22.4984
