0,0,0,125,-32.3956
0.025,0,0,125,-32.3902
0.05,0,0,125,-32.3794
0.075,0,0,125,-32.3634
0.1,0,0,125,-32.3421
0.125,0,0,125,-32.3157
0.15,0,0,125,-32.2845
0.175,0,0,125,-32.2487
0.2,0,0,125,-32.2087
0.225,0,0,125,-32.1647
0.25,0,0,125,-32.117
0.275,0,0,125,-32.0658
0.3,0,0,125,-32.0113
0.325,0,0,125,-31.9537
0.35,0,0,125,-31.8931
0.375,0,0,125,-31.8298
0.4,0,0,125,-31.7639
0.425,0,0,125,-31.6956
0.45,0,0,125,-31.625
0.475,0,0,125,-31.5524
0.5,0,0,125,-31.4778
0.525,0,0,125,-31.4014
0.55,0,0,125,-31.3233
0.575,0,0,125,-31.2436
0.6,0,0,125,-31.1626
0.625,0,0,125,-31.0802
0.65,0,0,125,-30.9966
0.675,0,0,125,-30.912
0.7,0,0,125,-30.8264
0.725,0,0,125,-30.7399
0.75,0,0,125,-30.6526
0.775,0,0,125,-30.5646
0.8,0,0,125,-30.4761
0.825,0,0,125,-30.387
0.85,0,0,125,-30.2975
0.875,0,0,125,-30.2077
0.9,0,0,125,-30.1176
0.925,0,0,125,-30.0272
0.95,0,0,125,-29.9368
0.975,0,0,125,-29.8463
1,0,0,125,-29.7557
1.025,0,0,125,-29.6653
1.05,0,0,125,-29.5749
1.075,0,0,125,-29.4847
1.1,0,0,125,-29.3946
1.125,0,0,125,-29.3049
1.15,0,0,125,-29.2154
1.175,0,0,125,-29.1262
1.2,0,0,125,-29.0374
1.225,0,0,125,-28.949
1.25,0,0,125,-28.8611
1.275,0,0,125,-28.7736
1.3,0,0,125,-28.6866
1.325,0,0,125,-28.6001
1.35,0,0,125,-28.5142
1.375,0,0,125,-28.4289
1.4,0,0,125,-28.3441
1.425,0,0,125,-28.2599
1.45,0,0,125,-28.1763
1.475,0,0,125,-28.0934
1.5,0,0,125,-28.0111
1.525,0,0,125,-27.9295
1.55,0,0,125,-27.8485
1.575,0,0,125,-27.7682
1.6,0,0,125,-27.6886
1.625,0,0,125,-27.6096
1.65,0,0,125,-27.5313
1.675,0,0,125,-27.4537
1.7,0,0,125,-27.3768
1.725,0,0,125,-27.3005
1.75,0,0,125,-27.2249
1.775,0,0,125,-27.15
1.8,0,0,125,-27.0758
1.825,0,0,125,-27.0022
1.85,0,0,125,-26.9293
1.875,0,0,125,-26.8571
1.9,0,0,125,-26.7855
1.925,0,0,125,-26.7145
1.95,0,0,125,-26.6442
1.975,0,0,125,-26.5745
2,0,0,125,-26.5055
2.025,0,0,125,-26.437
2.05,0,0,125,-26.3691
2.075,0,0,125,-26.3018
2.1,0,0,125,-26.2351
2.125,0,0,125,-26.169
2.15,0,0,125,-26.1034
2.175,0,0,125,-26.0383
2.2,0,0,125,-25.9738
2.225,0,0,125,-25.9098
2.25,0,0,125,-25.8464
2.275,0,0,125,-25.7834
2.3,0,0,125,-25.7209
2.325,0,0,125,-25.6589
2.35,0,0,125,-25.5973
2.375,0,0,125,-25.5362
2.4,0,0,125,-25.4755
2.425,0,0,125,-25.4153
2.45,0,0,125,-25.3554
2.475,0,0,125,-25.296
2.5,0,0,125,-25.237
2.525,0,0,125,-25.1783
2.55,0,0,125,-25.12
2.575,0,0,125,-25.0621
2.6,0,0,125,-25.0045
2.625,0,0,125,-24.9472
2.65,0,0,125,-24.8903
2.675,0,0,125,-24.8336
2.7,0,0,125,-24.7773
2.725,0,0,125,-24.7212
2.75,0,0,125,-24.6655
2.775,0,0,125,-24.61
2.8,0,0,125,-24.5547
2.825,0,0,125,-24.4997
2.85,0,0,125,-24.4449
2.875,0,0,125,-24.3903
2.9,0,0,125,-24.3359
2.925,0,0,125,-24.2818
2.95,0,0,125,-24.2278
2.975,0,0,125,-24.174
3,0,0,125,-24.1204
3.025,0,0,125,-24.0669
3.05,0,0,125,-24.0136
3.075,0,0,125,-23.9604
3.1,0,0,125,-23.9073
3.125,0,0,125,-23.8543
3.15,0,0,125,-23.8015
3.175,0,0,125,-23.7488
3.2,0,0,125,-23.6961
3.225,0,0,125,-23.6435
3.25,0,0,125,-23.591
3.275,0,0,125,-23.5386
3.3,0,0,125,-23.4862
3.325,0,0,125,-23.4338
3.35,0,0,125,-23.3815
3.375,0,0,125,-23.3292
3.4,0,0,125,-23.277
3.425,0,0,125,-23.2247
3.45,0,0,125,-23.1725
3.475,0,0,125,-23.1203
3.5,0,0,125,-23.0681
3.525,0,0,125,-23.0158
3.55,0,0,125,-22.9636
3.575,0,0,125,-22.9113
3.6,0,0,125,-22.859
3.625,0,0,125,-22.8067
3.65,0,0,125,-22.7544
3.675,0,0,125,-22.702
3.7,0,0,125,-22.6496
3.725,0,0,125,-22.5971
3.75,0,0,125,-22.5446
3.775,0,0,125,-22.492
3.8,0,0,125,-22.4394
3.825,0,0,125,-22.3868
3.85,0,0,125,-22.3341
3.875,0,0,125,-22.2814
3.9,0,0,125,-22.2286
3.925,0,0,125,-22.1758
3.95,0,0,125,-22.123
3.975,0,0,125,-22.0702
4,0,0,125,-22.0173
4.025,0,0,125,-21.9644
4.05,0,0,125,-21.9115
4.075,0,0,125,-21.8587
4.1,0,0,125,-21.8059
4.125,0,0,125,-21.7531
4.15,0,0,125,-21.7004
4.175,0,0,125,-21.6478
4.2,0,0,125,-21.5954
4.225,0,0,125,-21.543
4.25,0,0,125,-21.4909
4.275,0,0,125,-21.4389
4.3,0,0,125,-21.3872
4.325,0,0,125,-21.3357
4.35,0,0,125,-21.2846
4.375,0,0,125,-21.2338
4.4,0,0,125,-21.1834
4.425,0,0,125,-21.1335
4.45,0,0,125,-21.0842
4.475,0,0,125,-21.0354
4.5,0,0,125,-20.9874
4.525,0,0,125,-20.94
4.55,0,0,125,-20.8936
4.575,0,0,125,-20.848
4.6,0,0,125,-20.8036
4.625,0,0,125,-20.7602
4.65,0,0,125,-20.7182
4.675,0,0,125,-20.6776
4.7,0,0,125,-20.6385
4.725,0,0,125,-20.6012
4.75,0,0,125,-20.5658
4.775,0,0,125,-20.5324
4.8,0,0,125,-20.5014
4.825,0,0,125,-20.4729
4.85,0,0,125,-20.4471
4.875,0,0,125,-20.4244
4.9,0,0,125,-20.4049
4.925,0,0,125,-20.3889
4.95,0,0,125,-20.3767
4.975,0,0,125,-20.3684
5,0,0,125,-20.3642
