0,0,0,125,-77.3907
0.025,0,0,125,-77.3898
0.05,0,0,125,-77.3879
0.075,0,0,125,-77.3851
0.1,0,0,125,-77.3814
0.125,0,0,125,-77.3767
0.15,0,0,125,-77.3712
0.175,0,0,125,-77.3648
0.2,0,0,125,-77.3576
0.225,0,0,125,-77.3495
0.25,0,0,125,-77.3407
0.275,0,0,125,-77.331
0.3,0,0,125,-77.3206
0.325,0,0,125,-77.3095
0.35,0,0,125,-77.2975
0.375,0,0,125,-77.2848
0.4,0,0,125,-77.2714
0.425,0,0,125,-77.2573
0.45,0,0,125,-77.2424
0.475,0,0,125,-77.2268
0.5,0,0,125,-77.2105
0.525,0,0,125,-77.1934
0.55,0,0,125,-77.1757
0.575,0,0,125,-77.1572
0.6,0,0,125,-77.138
0.625,0,0,125,-77.1181
0.65,0,0,125,-77.0975
0.675,0,0,125,-77.0762
0.7,0,0,125,-77.0542
0.725,0,0,125,-77.0315
0.75,0,0,125,-77.0081
0.775,0,0,125,-76.984
0.8,0,0,125,-76.9592
0.825,0,0,125,-76.9337
0.85,0,0,125,-76.9075
0.875,0,0,125,-76.8806
0.9,0,0,125,-76.8529
0.925,0,0,125,-76.8246
0.95,0,0,125,-76.7955
0.975,0,0,125,-76.7658
1,0,0,125,-76.7353
1.025,0,0,125,-76.7041
1.05,0,0,125,-76.6721
1.075,0,0,125,-76.6395
1.1,0,0,125,-76.6061
1.125,0,0,125,-76.5721
1.15,0,0,125,-76.5373
1.175,0,0,125,-76.5018
1.2,0,0,125,-76.4655
1.225,0,0,125,-76.4286
1.25,0,0,125,-76.3909
1.275,0,0,125,-76.3525
1.3,0,0,125,-76.3134
1.325,0,0,125,-76.2735
1.35,0,0,125,-76.233
1.375,0,0,125,-76.1917
1.4,0,0,125,-76.1496
1.425,0,0,125,-76.1069
1.45,0,0,125,-76.0634
1.475,0,0,125,-76.0192
1.5,0,0,125,-75.9743
1.525,0,0,125,-75.9286
1.55,0,0,125,-75.8823
1.575,0,0,125,-75.8352
1.6,0,0,125,-75.7873
1.625,0,0,125,-75.7388
1.65,0,0,125,-75.6895
1.675,0,0,125,-75.6396
1.7,0,0,125,-75.5888
1.725,0,0,125,-75.5374
1.75,0,0,125,-75.4853
1.775,0,0,125,-75.4324
1.8,0,0,125,-75.3788
1.825,0,0,125,-75.3246
1.85,0,0,125,-75.2696
1.875,0,0,125,-75.2139
1.9,0,0,125,-75.1575
1.925,0,0,125,-75.1005
1.95,0,0,125,-75.0428
1.975,0,0,125,-74.9844
2,0,0,125,-74.9254
2.025,0,0,125,-74.8656
2.05,0,0,125,-74.8053
2.075,0,0,125,-74.7442
2.1,0,0,125,-74.6826
2.125,0,0,125,-74.6203
2.15,0,0,125,-74.5573
2.175,0,0,125,-74.4938
2.2,0,0,125,-74.4296
2.225,0,0,125,-74.3649
2.25,0,0,125,-74.2995
2.275,0,0,125,-74.2335
2.3,0,0,125,-74.167
2.325,0,0,125,-74.1
2.35,0,0,125,-74.0323
2.375,0,0,125,-73.9641
2.4,0,0,125,-73.8954
2.425,0,0,125,-73.8262
2.45,0,0,125,-73.7565
2.475,0,0,125,-73.6863
2.5,0,0,125,-73.6156
2.525,0,0,125,-73.5444
2.55,0,0,125,-73.4728
2.575,0,0,125,-73.4008
2.6,0,0,125,-73.3283
2.625,0,0,125,-73.2555
2.65,0,0,125,-73.1822
2.675,0,0,125,-73.1086
2.7,0,0,125,-73.0346
2.725,0,0,125,-72.9603
2.75,0,0,125,-72.8856
2.775,0,0,125,-72.8107
2.8,0,0,125,-72.7354
2.825,0,0,125,-72.6599
2.85,0,0,125,-72.5842
2.875,0,0,125,-72.5082
2.9,0,0,125,-72.432
2.925,0,0,125,-72.3557
2.95,0,0,125,-72.2791
2.975,0,0,125,-72.2025
3,0,0,125,-72.1257
3.025,0,0,125,-72.0488
3.05,0,0,125,-71.9719
3.075,0,0,125,-71.8948
3.1,0,0,125,-71.8178
3.125,0,0,125,-71.7408
3.15,0,0,125,-71.6637
3.175,0,0,125,-71.5868
3.2,0,0,125,-71.5098
3.225,0,0,125,-71.433
3.25,0,0,125,-71.3563
3.275,0,0,125,-71.2797
3.3,0,0,125,-71.2032
3.325,0,0,125,-71.127
3.35,0,0,125,-71.051
3.375,0,0,125,-70.9752
3.4,0,0,125,-70.8997
3.425,0,0,125,-70.8245
3.45,0,0,125,-70.7496
3.475,0,0,125,-70.6751
3.5,0,0,125,-70.6009
3.525,0,0,125,-70.5271
3.55,0,0,125,-70.4538
3.575,0,0,125,-70.381
3.6,0,0,125,-70.3086
3.625,0,0,125,-70.2367
3.65,0,0,125,-70.1654
3.675,0,0,125,-70.0946
3.7,0,0,125,-70.0244
3.725,0,0,125,-69.9548
3.75,0,0,125,-69.8859
3.775,0,0,125,-69.8177
3.8,0,0,125,-69.7501
3.825,0,0,125,-69.6833
3.85,0,0,125,-69.6173
3.875,0,0,125,-69.552
3.9,0,0,125,-69.4875
3.925,0,0,125,-69.4239
3.95,0,0,125,-69.3611
3.975,0,0,125,-69.2992
4,0,0,125,-69.2382
4.025,0,0,125,-69.1782
4.05,0,0,125,-69.1192
4.075,0,0,125,-69.0611
4.1,0,0,125,-69.004
4.125,0,0,125,-68.948
4.15,0,0,125,-68.8931
4.175,0,0,125,-68.8393
4.2,0,0,125,-68.7866
4.225,0,0,125,-68.735
4.25,0,0,125,-68.6846
4.275,0,0,125,-68.6355
4.3,0,0,125,-68.5875
4.325,0,0,125,-68.5408
4.35,0,0,125,-68.4953
4.375,0,0,125,-68.4512
4.4,0,0,125,-68.4084
4.425,0,0,125,-68.3669
4.45,0,0,125,-68.3268
4.475,0,0,125,-68.2882
4.5,0,0,125,-68.2509
4.525,0,0,125,-68.2151
4.55,0,0,125,-68.1808
4.575,0,0,125,-68.148
4.6,0,0,125,-68.1167
4.625,0,0,125,-68.087
4.65,0,0,125,-68.0589
4.675,0,0,125,-68.0325
4.7,0,0,125,-68.0077
4.725,0,0,125,-67.9846
4.75,0,0,125,-67.9632
4.775,0,0,125,-67.9435
4.8,0,0,125,-67.9257
4.825,0,0,125,-67.9097
4.85,0,0,125,-67.8956
4.875,0,0,125,-67.8834
4.9,0,0,125,-67.8731
4.925,0,0,125,-67.8649
4.95,0,0,125,-67.8587
4.975,0,0,125,-67.8545
5,0,0,125,-67.8524
