0,0,0,125,-17.3946
0.025,0,0,125,-17.3925
0.05,0,0,125,-17.3884
0.075,0,0,125,-17.3822
0.1,0,0,125,-17.374
0.125,0,0,125,-17.3639
0.15,0,0,125,-17.3521
0.175,0,0,125,-17.3386
0.2,0,0,125,-17.3238
0.225,0,0,125,-17.3077
0.25,0,0,125,-17.2905
0.275,0,0,125,-17.2723
0.3,0,0,125,-17.2531
0.325,0,0,125,-17.2331
0.35,0,0,125,-17.2124
0.375,0,0,125,-17.1909
0.4,0,0,125,-17.1689
0.425,0,0,125,-17.1462
0.45,0,0,125,-17.1231
0.475,0,0,125,-17.0996
0.5,0,0,125,-17.0756
0.525,0,0,125,-17.0513
0.55,0,0,125,-17.0266
0.575,0,0,125,-17.0017
0.6,0,0,125,-16.9765
0.625,0,0,125,-16.9511
0.65,0,0,125,-16.9254
0.675,0,0,125,-16.8996
0.7,0,0,125,-16.8737
0.725,0,0,125,-16.8476
0.75,0,0,125,-16.8214
0.775,0,0,125,-16.7951
0.8,0,0,125,-16.7688
0.825,0,0,125,-16.7423
0.85,0,0,125,-16.7158
0.875,0,0,125,-16.6893
0.9,0,0,125,-16.6627
0.925,0,0,125,-16.6361
0.95,0,0,125,-16.6095
0.975,0,0,125,-16.5829
1,0,0,125,-16.5563
1.025,0,0,125,-16.5296
1.05,0,0,125,-16.503
1.075,0,0,125,-16.4765
1.1,0,0,125,-16.4499
1.125,0,0,125,-16.4234
1.15,0,0,125,-16.3969
1.175,0,0,125,-16.3704
1.2,0,0,125,-16.344
1.225,0,0,125,-16.3176
1.25,0,0,125,-16.2912
1.275,0,0,125,-16.2649
1.3,0,0,125,-16.2387
1.325,0,0,125,-16.2124
1.35,0,0,125,-16.1863
1.375,0,0,125,-16.1601
1.4,0,0,125,-16.1341
1.425,0,0,125,-16.1081
1.45,0,0,125,-16.0821
1.475,0,0,125,-16.0562
1.5,0,0,125,-16.0304
1.525,0,0,125,-16.0046
1.55,0,0,125,-15.9788
1.575,0,0,125,-15.9532
1.6,0,0,125,-15.9275
1.625,0,0,125,-15.902
1.65,0,0,125,-15.8764
1.675,0,0,125,-15.851
1.7,0,0,125,-15.8256
1.725,0,0,125,-15.8002
1.75,0,0,125,-15.775
1.775,0,0,125,-15.7497
1.8,0,0,125,-15.7246
1.825,0,0,125,-15.6994
1.85,0,0,125,-15.6744
1.875,0,0,125,-15.6494
1.9,0,0,125,-15.6244
1.925,0,0,125,-15.5995
1.95,0,0,125,-15.5747
1.975,0,0,125,-15.5499
2,0,0,125,-15.5252
2.025,0,0,125,-15.5005
2.05,0,0,125,-15.4759
2.075,0,0,125,-15.4513
2.1,0,0,125,-15.4268
2.125,0,0,125,-15.4023
2.15,0,0,125,-15.3779
2.175,0,0,125,-15.3535
2.2,0,0,125,-15.3292
2.225,0,0,125,-15.305
2.25,0,0,125,-15.2808
2.275,0,0,125,-15.2566
2.3,0,0,125,-15.2325
2.325,0,0,125,-15.2085
2.35,0,0,125,-15.1845
2.375,0,0,125,-15.1605
2.4,0,0,125,-15.1366
2.425,0,0,125,-15.1128
2.45,0,0,125,-15.089
2.475,0,0,125,-15.0652
2.5,0,0,125,-15.0415
2.525,0,0,125,-15.0178
2.55,0,0,125,-14.9942
2.575,0,0,125,-14.9707
2.6,0,0,125,-14.9471
2.625,0,0,125,-14.9237
2.65,0,0,125,-14.9002
2.675,0,0,125,-14.8768
2.7,0,0,125,-14.8535
2.725,0,0,125,-14.8302
2.75,0,0,125,-14.807
2.775,0,0,125,-14.7838
2.8,0,0,125,-14.7606
2.825,0,0,125,-14.7375
2.85,0,0,125,-14.7144
2.875,0,0,125,-14.6914
2.9,0,0,125,-14.6684
2.925,0,0,125,-14.6455
2.95,0,0,125,-14.6225
2.975,0,0,125,-14.5997
3,0,0,125,-14.5769
3.025,0,0,125,-14.5541
3.05,0,0,125,-14.5313
3.075,0,0,125,-14.5086
3.1,0,0,125,-14.486
3.125,0,0,125,-14.4633
3.15,0,0,125,-14.4408
3.175,0,0,125,-14.4182
3.2,0,0,125,-14.3957
3.225,0,0,125,-14.3733
3.25,0,0,125,-14.3508
3.275,0,0,125,-14.3284
3.3,0,0,125,-14.3061
3.325,0,0,125,-14.2838
3.35,0,0,125,-14.2615
3.375,0,0,125,-14.2392
3.4,0,0,125,-14.217
3.425,0,0,125,-14.1948
3.45,0,0,125,-14.1727
3.475,0,0,125,-14.1506
3.5,0,0,125,-14.1285
3.525,0,0,125,-14.1065
3.55,0,0,125,-14.0844
3.575,0,0,125,-14.0625
3.6,0,0,125,-14.0405
3.625,0,0,125,-14.0186
3.65,0,0,125,-13.9967
3.675,0,0,125,-13.9749
3.7,0,0,125,-13.9531
3.725,0,0,125,-13.9313
3.75,0,0,125,-13.9096
3.775,0,0,125,-13.8879
3.8,0,0,125,-13.8662
3.825,0,0,125,-13.8445
3.85,0,0,125,-13.8229
3.875,0,0,125,-13.8013
3.9,0,0,125,-13.7798
3.925,0,0,125,-13.7583
3.95,0,0,125,-13.7368
3.975,0,0,125,-13.7154
4,0,0,125,-13.694
4.025,0,0,125,-13.6726
4.05,0,0,125,-13.6513
4.075,0,0,125,-13.6301
4.1,0,0,125,-13.6089
4.125,0,0,125,-13.5877
4.15,0,0,125,-13.5666
4.175,0,0,125,-13.5456
4.2,0,0,125,-13.5246
4.225,0,0,125,-13.5037
4.25,0,0,125,-13.4829
4.275,0,0,125,-13.4622
4.3,0,0,125,-13.4415
4.325,0,0,125,-13.421
4.35,0,0,125,-13.4006
4.375,0,0,125,-13.3803
4.4,0,0,125,-13.3602
4.425,0,0,125,-13.3402
4.45,0,0,125,-13.3205
4.475,0,0,125,-13.3009
4.5,0,0,125,-13.2816
4.525,0,0,125,-13.2625
4.55,0,0,125,-13.2437
4.575,0,0,125,-13.2252
4.6,0,0,125,-13.2071
4.625,0,0,125,-13.1894
4.65,0,0,125,-13.1722
4.675,0,0,125,-13.1555
4.7,0,0,125,-13.1393
4.725,0,0,125,-13.1238
4.75,0,0,125,-13.109
4.775,0,0,125,-13.0951
4.8,0,0,125,-13.082
4.825,0,0,125,-13.0699
4.85,0,0,125,-13.0589
4.875,0,0,125,-13.0492
4.9,0,0,125,-13.0408
4.925,0,0,125,-13.0339
4.95,0,0,125,-13.0286
4.975,0,0,125,-13.025
5,0,0,125,-13.0232
