0,0,0,125,1.60591
0.025,0,0,125,1.62784
0.05,0,0,125,1.67168
0.075,0,0,125,1.73739
0.1,0,0,125,1.82485
0.125,0,0,125,1.93387
0.15,0,0,125,2.06409
0.175,0,0,125,2.21496
0.2,0,0,125,2.38605
0.225,0,0,125,2.57698
0.25,0,0,125,2.78739
0.275,0,0,125,3.01696
0.3,0,0,125,3.2654
0.325,0,0,125,3.53239
0.35,0,0,125,3.81764
0.375,0,0,125,4.12088
0.4,0,0,125,4.44182
0.425,0,0,125,4.78017
0.45,0,0,125,5.13564
0.475,0,0,125,5.50796
0.5,0,0,125,5.89683
0.525,0,0,125,6.30196
0.55,0,0,125,6.72303
0.575,0,0,125,7.15976
0.6,0,0,125,7.61182
0.625,0,0,125,8.07888
0.65,0,0,125,8.56064
0.675,0,0,125,9.05674
0.7,0,0,125,9.56683
0.725,0,0,125,10.0906
0.75,0,0,125,10.6276
0.775,0,0,125,11.1775
0.8,0,0,125,11.74
0.825,0,0,125,12.3146
0.85,0,0,125,12.9009
0.875,0,0,125,13.4986
0.9,0,0,125,14.1071
0.925,0,0,125,14.7261
0.95,0,0,125,15.3551
0.975,0,0,125,15.9935
1,0,0,125,16.6409
1.025,0,0,125,17.2969
1.05,0,0,125,17.9607
1.075,0,0,125,18.6318
1.1,0,0,125,19.3097
1.125,0,0,125,19.9937
1.15,0,0,125,20.6829
1.175,0,0,125,21.3768
1.2,0,0,125,22.0745
1.225,0,0,125,22.775
1.25,0,0,125,23.4776
1.275,0,0,125,24.1811
1.3,0,0,125,24.8846
1.325,0,0,125,25.5867
1.35,0,0,125,26.2864
1.375,0,0,125,26.9823
1.4,0,0,125,27.6729
1.425,0,0,125,28.3567
1.45,0,0,125,29.0323
1.475,0,0,125,29.6978
1.5,0,0,125,30.3517
1.525,0,0,125,30.9921
1.55,0,0,125,31.6173
1.575,0,0,125,32.2252
1.6,0,0,125,32.8143
1.625,0,0,125,33.3825
1.65,0,0,125,33.9281
1.675,0,0,125,34.4495
1.7,0,0,125,34.9451
1.725,0,0,125,35.4133
1.75,0,0,125,35.8528
1.775,0,0,125,36.2624
1.8,0,0,125,36.641
1.825,0,0,125,36.9874
1.85,0,0,125,37.3005
1.875,0,0,125,37.5788
1.9,0,0,125,37.82
1.925,0,0,125,38.0205
1.95,0,0,125,38.1741
1.975,0,0,125,38.2702
2,0,0,125,38.2891
2.025,0,0,125,38.1948
2.05,0,0,125,37.9189
2.075,0,0,125,37.3268
2.1,0,0,125,36.1427
2.125,0,0,125,33.7799
2.15,0,0,125,28.9736
2.175,0,0,125,19.2507
2.2,0,0,125,1.99872
2.225,0,0,125,-19.0677
2.25,0,0,125,-37.0339
2.275,0,0,125,-50.2904
2.3,0,0,125,-59.5985
2.325,0,0,125,-66.0116
2.35,0,0,125,-70.3922
2.375,0,0,125,-73.3698
2.4,0,0,125,-75.3868
2.425,0,0,125,-76.7489
2.45,0,0,125,-77.6655
2.475,0,0,125,-78.2796
2.5,0,0,125,-78.6884
2.525,0,0,125,-78.958
2.55,0,0,125,-79.1331
2.575,0,0,125,-79.2442
2.6,0,0,125,-79.3119
2.625,0,0,125,-79.35
2.65,0,0,125,-79.3682
2.675,0,0,125,-79.3728
2.7,0,0,125,-79.3681
2.725,0,0,125,-79.357
2.75,0,0,125,-79.3417
2.775,0,0,125,-79.3234
2.8,0,0,125,-79.303
2.825,0,0,125,-79.2812
2.85,0,0,125,-79.2584
2.875,0,0,125,-79.2349
2.9,0,0,125,-79.2109
2.925,0,0,125,-79.1865
2.95,0,0,125,-79.1618
2.975,0,0,125,-79.137
3,0,0,125,-79.1119
3.025,0,0,125,-79.0867
3.05,0,0,125,-79.0615
3.075,0,0,125,-79.0361
3.1,0,0,125,-79.0107
3.125,0,0,125,-78.9852
3.15,0,0,125,-78.9597
3.175,0,0,125,-78.9341
3.2,0,0,125,-78.9085
3.225,0,0,125,-78.8829
3.25,0,0,125,-78.8573
3.275,0,0,125,-78.8318
3.3,0,0,125,-78.8062
3.325,0,0,125,-78.7807
3.35,0,0,125,-78.7552
3.375,0,0,125,-78.7298
3.4,0,0,125,-78.7044
3.425,0,0,125,-78.6791
3.45,0,0,125,-78.6538
3.475,0,0,125,-78.6287
3.5,0,0,125,-78.6036
3.525,0,0,125,-78.5786
3.55,0,0,125,-78.5538
3.575,0,0,125,-78.529
3.6,0,0,125,-78.5044
3.625,0,0,125,-78.48
3.65,0,0,125,-78.4557
3.675,0,0,125,-78.4316
3.7,0,0,125,-78.4076
3.725,0,0,125,-78.3839
3.75,0,0,125,-78.3603
3.775,0,0,125,-78.3369
3.8,0,0,125,-78.3137
3.825,0,0,125,-78.2908
3.85,0,0,125,-78.2681
3.875,0,0,125,-78.2456
3.9,0,0,125,-78.2234
3.925,0,0,125,-78.2014
3.95,0,0,125,-78.1798
3.975,0,0,125,-78.1584
4,0,0,125,-78.1372
4.025,0,0,125,-78.1164
4.05,0,0,125,-78.0959
4.075,0,0,125,-78.0757
4.1,0,0,125,-78.0559
4.125,0,0,125,-78.0363
4.15,0,0,125,-78.0172
4.175,0,0,125,-77.9983
4.2,0,0,125,-77.9799
4.225,0,0,125,-77.9618
4.25,0,0,125,-77.9441
4.275,0,0,125,-77.9268
4.3,0,0,125,-77.9099
4.325,0,0,125,-77.8934
4.35,0,0,125,-77.8773
4.375,0,0,125,-77.8617
4.4,0,0,125,-77.8465
4.425,0,0,125,-77.8317
4.45,0,0,125,-77.8174
4.475,0,0,125,-77.8036
4.5,0,0,125,-77.7903
4.525,0,0,125,-77.7774
4.55,0,0,125,-77.7651
4.575,0,0,125,-77.7532
4.6,0,0,125,-77.7419
4.625,0,0,125,-77.7311
4.65,0,0,125,-77.7209
4.675,0,0,125,-77.7112
4.7,0,0,125,-77.7021
4.725,0,0,125,-77.6936
4.75,0,0,125,-77.6857
4.775,0,0,125,-77.6784
4.8,0,0,125,-77.6717
4.825,0,0,125,-77.6658
4.85,0,0,125,-77.6604
4.875,0,0,125,-77.6558
4.9,0,0,125,-77.652
4.925,0,0,125,-77.6488
4.95,0,0,125,-77.6465
4.975,0,0,125,-77.6449
5,0,0,125,-77.644
