0,0,0,125,-29.8483
0.025,0,0,125,-29.8432
0.05,0,0,125,-29.8329
0.075,0,0,125,-29.8175
0.1,0,0,125,-29.7971
0.125,0,0,125,-29.7718
0.15,0,0,125,-29.7419
0.175,0,0,125,-29.7077
0.2,0,0,125,-29.6696
0.225,0,0,125,-29.6279
0.25,0,0,125,-29.5826
0.275,0,0,125,-29.5342
0.3,0,0,125,-29.4827
0.325,0,0,125,-29.4284
0.35,0,0,125,-29.3716
0.375,0,0,125,-29.3123
0.4,0,0,125,-29.2507
0.425,0,0,125,-29.187
0.45,0,0,125,-29.1215
0.475,0,0,125,-29.0541
0.5,0,0,125,-28.9851
0.525,0,0,125,-28.9146
0.55,0,0,125,-28.8427
0.575,0,0,125,-28.7696
0.6,0,0,125,-28.6953
0.625,0,0,125,-28.6201
0.65,0,0,125,-28.5439
0.675,0,0,125,-28.467
0.7,0,0,125,-28.3893
0.725,0,0,125,-28.311
0.75,0,0,125,-28.2322
0.775,0,0,125,-28.153
0.8,0,0,125,-28.0734
0.825,0,0,125,-27.9936
0.85,0,0,125,-27.9135
0.875,0,0,125,-27.8333
0.9,0,0,125,-27.7531
0.925,0,0,125,-27.6728
0.95,0,0,125,-27.5926
0.975,0,0,125,-27.5124
1,0,0,125,-27.4324
1.025,0,0,125,-27.3526
1.05,0,0,125,-27.2731
1.075,0,0,125,-27.1938
1.1,0,0,125,-27.1148
1.125,0,0,125,-27.0362
1.15,0,0,125,-26.958
1.175,0,0,125,-26.8802
1.2,0,0,125,-26.8028
1.225,0,0,125,-26.7259
1.25,0,0,125,-26.6495
1.275,0,0,125,-26.5736
1.3,0,0,125,-26.4983
1.325,0,0,125,-26.4234
1.35,0,0,125,-26.3492
1.375,0,0,125,-26.2755
1.4,0,0,125,-26.2024
1.425,0,0,125,-26.1299
1.45,0,0,125,-26.0579
1.475,0,0,125,-25.9866
1.5,0,0,125,-25.9159
1.525,0,0,125,-25.8459
1.55,0,0,125,-25.7764
1.575,0,0,125,-25.7076
1.6,0,0,125,-25.6393
1.625,0,0,125,-25.5717
1.65,0,0,125,-25.5048
1.675,0,0,125,-25.4384
1.7,0,0,125,-25.3726
1.725,0,0,125,-25.3074
1.75,0,0,125,-25.2429
1.775,0,0,125,-25.1789
1.8,0,0,125,-25.1155
1.825,0,0,125,-25.0527
1.85,0,0,125,-24.9905
1.875,0,0,125,-24.9288
1.9,0,0,125,-24.8677
1.925,0,0,125,-24.8071
1.95,0,0,125,-24.7471
1.975,0,0,125,-24.6876
2,0,0,125,-24.6286
2.025,0,0,125,-24.5701
2.05,0,0,125,-24.5122
2.075,0,0,125,-24.4547
2.1,0,0,125,-24.3976
2.125,0,0,125,-24.3411
2.15,0,0,125,-24.285
2.175,0,0,125,-24.2293
2.2,0,0,125,-24.1741
2.225,0,0,125,-24.1193
2.25,0,0,125,-24.0649
2.275,0,0,125,-24.0108
2.3,0,0,125,-23.9572
2.325,0,0,125,-23.904
2.35,0,0,125,-23.8511
2.375,0,0,125,-23.7986
2.4,0,0,125,-23.7464
2.425,0,0,125,-23.6946
2.45,0,0,125,-23.643
2.475,0,0,125,-23.5918
2.5,0,0,125,-23.5409
2.525,0,0,125,-23.4903
2.55,0,0,125,-23.44
2.575,0,0,125,-23.3899
2.6,0,0,125,-23.3401
2.625,0,0,125,-23.2905
2.65,0,0,125,-23.2412
2.675,0,0,125,-23.1922
2.7,0,0,125,-23.1433
2.725,0,0,125,-23.0947
2.75,0,0,125,-23.0462
2.775,0,0,125,-22.998
2.8,0,0,125,-22.9499
2.825,0,0,125,-22.9021
2.85,0,0,125,-22.8543
2.875,0,0,125,-22.8068
2.9,0,0,125,-22.7594
2.925,0,0,125,-22.7121
2.95,0,0,125,-22.665
2.975,0,0,125,-22.618
3,0,0,125,-22.5711
3.025,0,0,125,-22.5243
3.05,0,0,125,-22.4776
3.075,0,0,125,-22.431
3.1,0,0,125,-22.3845
3.125,0,0,125,-22.338
3.15,0,0,125,-22.2916
3.175,0,0,125,-22.2453
3.2,0,0,125,-22.199
3.225,0,0,125,-22.1528
3.25,0,0,125,-22.1066
3.275,0,0,125,-22.0604
3.3,0,0,125,-22.0142
3.325,0,0,125,-21.9681
3.35,0,0,125,-21.9219
3.375,0,0,125,-21.8758
3.4,0,0,125,-21.8297
3.425,0,0,125,-21.7835
3.45,0,0,125,-21.7373
3.475,0,0,125,-21.6911
3.5,0,0,125,-21.6449
3.525,0,0,125,-21.5987
3.55,0,0,125,-21.5524
3.575,0,0,125,-21.506
3.6,0,0,125,-21.4597
3.625,0,0,125,-21.4132
3.65,0,0,125,-21.3667
3.675,0,0,125,-21.3202
3.7,0,0,125,-21.2736
3.725,0,0,125,-21.2269
3.75,0,0,125,-21.1801
3.775,0,0,125,-21.1333
3.8,0,0,125,-21.0864
3.825,0,0,125,-21.0395
3.85,0,0,125,-20.9924
3.875,0,0,125,-20.9453
3.9,0,0,125,-20.8981
3.925,0,0,125,-20.8509
3.95,0,0,125,-20.8036
3.975,0,0,125,-20.7562
4,0,0,125,-20.7088
4.025,0,0,125,-20.6613
4.05,0,0,125,-20.6138
4.075,0,0,125,-20.5662
4.1,0,0,125,-20.5186
4.125,0,0,125,-20.471
4.15,0,0,125,-20.4235
4.175,0,0,125,-20.3759
4.2,0,0,125,-20.3284
4.225,0,0,125,-20.281
4.25,0,0,125,-20.2337
4.275,0,0,125,-20.1865
4.3,0,0,125,-20.1394
4.325,0,0,125,-20.0925
4.35,0,0,125,-20.0459
4.375,0,0,125,-19.9995
4.4,0,0,125,-19.9534
4.425,0,0,125,-19.9077
4.45,0,0,125,-19.8623
4.475,0,0,125,-19.8175
4.5,0,0,125,-19.7732
4.525,0,0,125,-19.7295
4.55,0,0,125,-19.6865
4.575,0,0,125,-19.6444
4.6,0,0,125,-19.603
4.625,0,0,125,-19.5627
4.65,0,0,125,-19.5236
4.675,0,0,125,-19.4856
4.7,0,0,125,-19.4491
4.725,0,0,125,-19.4141
4.75,0,0,125,-19.3808
4.775,0,0,125,-19.3494
4.8,0,0,125,-19.3201
4.825,0,0,125,-19.2932
4.85,0,0,125,-19.2688
4.875,0,0,125,-19.2472
4.9,0,0,125,-19.2286
4.925,0,0,125,-19.2134
4.95,0,0,125,-19.2018
4.975,0,0,125,-19.1939
5,0,0,125,-19.1899
