0,0,0,125,-18.9268
0.025,0,0,125,-18.9229
0.05,0,0,125,-18.9152
0.075,0,0,125,-18.9037
0.1,0,0,125,-18.8884
0.125,0,0,125,-18.8696
0.15,0,0,125,-18.8474
0.175,0,0,125,-18.8224
0.2,0,0,125,-18.7948
0.225,0,0,125,-18.7649
0.25,0,0,125,-18.7329
0.275,0,0,125,-18.6991
0.3,0,0,125,-18.6637
0.325,0,0,125,-18.6268
0.35,0,0,125,-18.5887
0.375,0,0,125,-18.5493
0.4,0,0,125,-18.509
0.425,0,0,125,-18.4677
0.45,0,0,125,-18.4257
0.475,0,0,125,-18.383
0.5,0,0,125,-18.3397
0.525,0,0,125,-18.2959
0.55,0,0,125,-18.2516
0.575,0,0,125,-18.207
0.6,0,0,125,-18.1621
0.625,0,0,125,-18.117
0.65,0,0,125,-18.0716
0.675,0,0,125,-18.0261
0.7,0,0,125,-17.9805
0.725,0,0,125,-17.9348
0.75,0,0,125,-17.8891
0.775,0,0,125,-17.8434
0.8,0,0,125,-17.7977
0.825,0,0,125,-17.752
0.85,0,0,125,-17.7063
0.875,0,0,125,-17.6608
0.9,0,0,125,-17.6153
0.925,0,0,125,-17.5699
0.95,0,0,125,-17.5246
0.975,0,0,125,-17.4794
1,0,0,125,-17.4343
1.025,0,0,125,-17.3894
1.05,0,0,125,-17.3446
1.075,0,0,125,-17.2999
1.1,0,0,125,-17.2553
1.125,0,0,125,-17.2109
1.15,0,0,125,-17.1665
1.175,0,0,125,-17.1223
1.2,0,0,125,-17.0783
1.225,0,0,125,-17.0343
1.25,0,0,125,-16.9905
1.275,0,0,125,-16.9468
1.3,0,0,125,-16.9032
1.325,0,0,125,-16.8596
1.35,0,0,125,-16.8162
1.375,0,0,125,-16.7729
1.4,0,0,125,-16.7297
1.425,0,0,125,-16.6865
1.45,0,0,125,-16.6435
1.475,0,0,125,-16.6005
1.5,0,0,125,-16.5575
1.525,0,0,125,-16.5146
1.55,0,0,125,-16.4718
1.575,0,0,125,-16.4289
1.6,0,0,125,-16.3862
1.625,0,0,125,-16.3434
1.65,0,0,125,-16.3006
1.675,0,0,125,-16.2579
1.7,0,0,125,-16.2151
1.725,0,0,125,-16.1724
1.75,0,0,125,-16.1296
1.775,0,0,125,-16.0868
1.8,0,0,125,-16.0439
1.825,0,0,125,-16.001
1.85,0,0,125,-15.958
1.875,0,0,125,-15.915
1.9,0,0,125,-15.8719
1.925,0,0,125,-15.8288
1.95,0,0,125,-15.7855
1.975,0,0,125,-15.7421
2,0,0,125,-15.6987
2.025,0,0,125,-15.6551
2.05,0,0,125,-15.6114
2.075,0,0,125,-15.5675
2.1,0,0,125,-15.5235
2.125,0,0,125,-15.4794
2.15,0,0,125,-15.4351
2.175,0,0,125,-15.3906
2.2,0,0,125,-15.346
2.225,0,0,125,-15.3011
2.25,0,0,125,-15.2561
2.275,0,0,125,-15.2109
2.3,0,0,125,-15.1654
2.325,0,0,125,-15.1197
2.35,0,0,125,-15.0737
2.375,0,0,125,-15.0276
2.4,0,0,125,-14.9811
2.425,0,0,125,-14.9344
2.45,0,0,125,-14.8874
2.475,0,0,125,-14.8401
2.5,0,0,125,-14.7926
2.525,0,0,125,-14.7447
2.55,0,0,125,-14.6965
2.575,0,0,125,-14.648
2.6,0,0,125,-14.5991
2.625,0,0,125,-14.5499
2.65,0,0,125,-14.5003
2.675,0,0,125,-14.4504
2.7,0,0,125,-14.4
2.725,0,0,125,-14.3493
2.75,0,0,125,-14.2982
2.775,0,0,125,-14.2466
2.8,0,0,125,-14.1946
2.825,0,0,125,-14.1422
2.85,0,0,125,-14.0893
2.875,0,0,125,-14.036
2.9,0,0,125,-13.9821
2.925,0,0,125,-13.9278
2.95,0,0,125,-13.873
2.975,0,0,125,-13.8176
3,0,0,125,-13.7617
3.025,0,0,125,-13.7052
3.05,0,0,125,-13.6482
3.075,0,0,125,-13.5906
3.1,0,0,125,-13.5324
3.125,0,0,125,-13.4736
3.15,0,0,125,-13.4142
3.175,0,0,125,-13.3542
3.2,0,0,125,-13.2935
3.225,0,0,125,-13.2321
3.25,0,0,125,-13.17
3.275,0,0,125,-13.1072
3.3,0,0,125,-13.0437
3.325,0,0,125,-12.9795
3.35,0,0,125,-12.9146
3.375,0,0,125,-12.8489
3.4,0,0,125,-12.7824
3.425,0,0,125,-12.7152
3.45,0,0,125,-12.6471
3.475,0,0,125,-12.5783
3.5,0,0,125,-12.5086
3.525,0,0,125,-12.4381
3.55,0,0,125,-12.3668
3.575,0,0,125,-12.2946
3.6,0,0,125,-12.2216
3.625,0,0,125,-12.1477
3.65,0,0,125,-12.073
3.675,0,0,125,-11.9974
3.7,0,0,125,-11.921
3.725,0,0,125,-11.8437
3.75,0,0,125,-11.7655
3.775,0,0,125,-11.6865
3.8,0,0,125,-11.6066
3.825,0,0,125,-11.5259
3.85,0,0,125,-11.4444
3.875,0,0,125,-11.3622
3.9,0,0,125,-11.2791
3.925,0,0,125,-11.1953
3.95,0,0,125,-11.1109
3.975,0,0,125,-11.0257
4,0,0,125,-10.9399
4.025,0,0,125,-10.8535
4.05,0,0,125,-10.7666
4.075,0,0,125,-10.6793
4.1,0,0,125,-10.5915
4.125,0,0,125,-10.5034
4.15,0,0,125,-10.415
4.175,0,0,125,-10.3264
4.2,0,0,125,-10.2377
4.225,0,0,125,-10.149
4.25,0,0,125,-10.0604
4.275,0,0,125,-9.97202
4.3,0,0,125,-9.88391
4.325,0,0,125,-9.79623
4.35,0,0,125,-9.70909
4.375,0,0,125,-9.62262
4.4,0,0,125,-9.53696
4.425,0,0,125,-9.45225
4.45,0,0,125,-9.36865
4.475,0,0,125,-9.2863
4.5,0,0,125,-9.20538
4.525,0,0,125,-9.12604
4.55,0,0,125,-9.04846
4.575,0,0,125,-8.97283
4.6,0,0,125,-8.89934
4.625,0,0,125,-8.82817
4.65,0,0,125,-8.75954
4.675,0,0,125,-8.69366
4.7,0,0,125,-8.63075
4.725,0,0,125,-8.57105
4.75,0,0,125,-8.51479
4.775,0,0,125,-8.46224
4.8,0,0,125,-8.41366
4.825,0,0,125,-8.36934
4.85,0,0,125,-8.32956
4.875,0,0,125,-8.29465
4.9,0,0,125,-8.26491
4.925,0,0,125,-8.24066
4.95,0,0,125,-8.22217
4.975,0,0,125,-8.2097
5,0,0,125,-8.20342
