0,0,0,125,-62.9462
0.025,0,0,125,-62.9438
0.05,0,0,125,-62.939
0.075,0,0,125,-62.9318
0.1,0,0,125,-62.9223
0.125,0,0,125,-62.9105
0.15,0,0,125,-62.8963
0.175,0,0,125,-62.88
0.2,0,0,125,-62.8614
0.225,0,0,125,-62.8408
0.25,0,0,125,-62.8181
0.275,0,0,125,-62.7934
0.3,0,0,125,-62.7666
0.325,0,0,125,-62.738
0.35,0,0,125,-62.7073
0.375,0,0,125,-62.6748
0.4,0,0,125,-62.6404
0.425,0,0,125,-62.6041
0.45,0,0,125,-62.566
0.475,0,0,125,-62.5261
0.5,0,0,125,-62.4845
0.525,0,0,125,-62.441
0.55,0,0,125,-62.3958
0.575,0,0,125,-62.3489
0.6,0,0,125,-62.3004
0.625,0,0,125,-62.2501
0.65,0,0,125,-62.1981
0.675,0,0,125,-62.1446
0.7,0,0,125,-62.0894
0.725,0,0,125,-62.0325
0.75,0,0,125,-61.9741
0.775,0,0,125,-61.9141
0.8,0,0,125,-61.8526
0.825,0,0,125,-61.7895
0.85,0,0,125,-61.7248
0.875,0,0,125,-61.6587
0.9,0,0,125,-61.591
0.925,0,0,125,-61.5219
0.95,0,0,125,-61.4512
0.975,0,0,125,-61.3792
1,0,0,125,-61.3057
1.025,0,0,125,-61.2307
1.05,0,0,125,-61.1544
1.075,0,0,125,-61.0766
1.1,0,0,125,-60.9975
1.125,0,0,125,-60.917
1.15,0,0,125,-60.8352
1.175,0,0,125,-60.752
1.2,0,0,125,-60.6675
1.225,0,0,125,-60.5816
1.25,0,0,125,-60.4945
1.275,0,0,125,-60.4062
1.3,0,0,125,-60.3165
1.325,0,0,125,-60.2256
1.35,0,0,125,-60.1335
1.375,0,0,125,-60.0402
1.4,0,0,125,-59.9457
1.425,0,0,125,-59.85
1.45,0,0,125,-59.7531
1.475,0,0,125,-59.6551
1.5,0,0,125,-59.5559
1.525,0,0,125,-59.4556
1.55,0,0,125,-59.3542
1.575,0,0,125,-59.2517
1.6,0,0,125,-59.1482
1.625,0,0,125,-59.0436
1.65,0,0,125,-58.9379
1.675,0,0,125,-58.8312
1.7,0,0,125,-58.7235
1.725,0,0,125,-58.6148
1.75,0,0,125,-58.5051
1.775,0,0,125,-58.3945
1.8,0,0,125,-58.2829
1.825,0,0,125,-58.1704
1.85,0,0,125,-58.0569
1.875,0,0,125,-57.9426
1.9,0,0,125,-57.8274
1.925,0,0,125,-57.7113
1.95,0,0,125,-57.5943
1.975,0,0,125,-57.4765
2,0,0,125,-57.3579
2.025,0,0,125,-57.2385
2.05,0,0,125,-57.1183
2.075,0,0,125,-56.9973
2.1,0,0,125,-56.8755
2.125,0,0,125,-56.753
2.15,0,0,125,-56.6298
2.175,0,0,125,-56.5059
2.2,0,0,125,-56.3812
2.225,0,0,125,-56.2559
2.25,0,0,125,-56.13
2.275,0,0,125,-56.0033
2.3,0,0,125,-55.8761
2.325,0,0,125,-55.7482
2.35,0,0,125,-55.6198
2.375,0,0,125,-55.4907
2.4,0,0,125,-55.3611
2.425,0,0,125,-55.231
2.45,0,0,125,-55.1003
2.475,0,0,125,-54.9691
2.5,0,0,125,-54.8374
2.525,0,0,125,-54.7052
2.55,0,0,125,-54.5725
2.575,0,0,125,-54.4394
2.6,0,0,125,-54.3059
2.625,0,0,125,-54.1719
2.65,0,0,125,-54.0376
2.675,0,0,125,-53.9029
2.7,0,0,125,-53.7678
2.725,0,0,125,-53.6324
2.75,0,0,125,-53.4967
2.775,0,0,125,-53.3606
2.8,0,0,125,-53.2243
2.825,0,0,125,-53.0877
2.85,0,0,125,-52.9509
2.875,0,0,125,-52.8138
2.9,0,0,125,-52.6766
2.925,0,0,125,-52.5391
2.95,0,0,125,-52.4015
2.975,0,0,125,-52.2638
3,0,0,125,-52.1259
3.025,0,0,125,-51.988
3.05,0,0,125,-51.85
3.075,0,0,125,-51.7119
3.1,0,0,125,-51.5738
3.125,0,0,125,-51.4358
3.15,0,0,125,-51.2978
3.175,0,0,125,-51.1598
3.2,0,0,125,-51.0219
3.225,0,0,125,-50.8842
3.25,0,0,125,-50.7465
3.275,0,0,125,-50.6091
3.3,0,0,125,-50.4718
3.325,0,0,125,-50.3348
3.35,0,0,125,-50.198
3.375,0,0,125,-50.0615
3.4,0,0,125,-49.9254
3.425,0,0,125,-49.7896
3.45,0,0,125,-49.6542
3.475,0,0,125,-49.5192
3.5,0,0,125,-49.3847
3.525,0,0,125,-49.2507
3.55,0,0,125,-49.1173
3.575,0,0,125,-48.9844
3.6,0,0,125,-48.8521
3.625,0,0,125,-48.7205
3.65,0,0,125,-48.5896
3.675,0,0,125,-48.4595
3.7,0,0,125,-48.3301
3.725,0,0,125,-48.2016
3.75,0,0,125,-48.0739
3.775,0,0,125,-47.9472
3.8,0,0,125,-47.8214
3.825,0,0,125,-47.6967
3.85,0,0,125,-47.573
3.875,0,0,125,-47.4505
3.9,0,0,125,-47.3291
3.925,0,0,125,-47.209
3.95,0,0,125,-47.0901
3.975,0,0,125,-46.9726
4,0,0,125,-46.8565
4.025,0,0,125,-46.7418
4.05,0,0,125,-46.6286
4.075,0,0,125,-46.517
4.1,0,0,125,-46.4069
4.125,0,0,125,-46.2986
4.15,0,0,125,-46.192
4.175,0,0,125,-46.0872
4.2,0,0,125,-45.9843
4.225,0,0,125,-45.8834
4.25,0,0,125,-45.7844
4.275,0,0,125,-45.6875
4.3,0,0,125,-45.5927
4.325,0,0,125,-45.5001
4.35,0,0,125,-45.4098
4.375,0,0,125,-45.3218
4.4,0,0,125,-45.2362
4.425,0,0,125,-45.1531
4.45,0,0,125,-45.0725
4.475,0,0,125,-44.9946
4.5,0,0,125,-44.9193
4.525,0,0,125,-44.8468
4.55,0,0,125,-44.7772
4.575,0,0,125,-44.7104
4.6,0,0,125,-44.6467
4.625,0,0,125,-44.586
4.65,0,0,125,-44.5285
4.675,0,0,125,-44.4742
4.7,0,0,125,-44.4233
4.725,0,0,125,-44.3757
4.75,0,0,125,-44.3317
4.775,0,0,125,-44.2912
4.8,0,0,125,-44.2543
4.825,0,0,125,-44.2213
4.85,0,0,125,-44.192
4.875,0,0,125,-44.1667
4.9,0,0,125,-44.1455
4.925,0,0,125,-44.1284
4.95,0,0,125,-44.1154
4.975,0,0,125,-44.1068
5,0,0,125,-44.1025
