0,0,0,125,-18.0994
0.025,0,0,125,-18.0973
0.05,0,0,125,-18.0931
0.075,0,0,125,-18.0867
0.1,0,0,125,-18.0784
0.125,0,0,125,-18.068
0.15,0,0,125,-18.0558
0.175,0,0,125,-18.042
0.2,0,0,125,-18.0268
0.225,0,0,125,-18.0103
0.25,0,0,125,-17.9925
0.275,0,0,125,-17.9737
0.3,0,0,125,-17.9539
0.325,0,0,125,-17.9332
0.35,0,0,125,-17.9117
0.375,0,0,125,-17.8895
0.4,0,0,125,-17.8666
0.425,0,0,125,-17.8431
0.45,0,0,125,-17.8191
0.475,0,0,125,-17.7946
0.5,0,0,125,-17.7696
0.525,0,0,125,-17.7443
0.55,0,0,125,-17.7185
0.575,0,0,125,-17.6925
0.6,0,0,125,-17.6662
0.625,0,0,125,-17.6396
0.65,0,0,125,-17.6128
0.675,0,0,125,-17.5857
0.7,0,0,125,-17.5585
0.725,0,0,125,-17.5312
0.75,0,0,125,-17.5037
0.775,0,0,125,-17.4761
0.8,0,0,125,-17.4484
0.825,0,0,125,-17.4206
0.85,0,0,125,-17.3928
0.875,0,0,125,-17.3649
0.9,0,0,125,-17.3369
0.925,0,0,125,-17.3089
0.95,0,0,125,-17.2809
0.975,0,0,125,-17.2529
1,0,0,125,-17.2248
1.025,0,0,125,-17.1968
1.05,0,0,125,-17.1688
1.075,0,0,125,-17.1408
1.1,0,0,125,-17.1128
1.125,0,0,125,-17.0848
1.15,0,0,125,-17.0569
1.175,0,0,125,-17.029
1.2,0,0,125,-17.0011
1.225,0,0,125,-16.9733
1.25,0,0,125,-16.9455
1.275,0,0,125,-16.9177
1.3,0,0,125,-16.8901
1.325,0,0,125,-16.8624
1.35,0,0,125,-16.8348
1.375,0,0,125,-16.8073
1.4,0,0,125,-16.7798
1.425,0,0,125,-16.7524
1.45,0,0,125,-16.725
1.475,0,0,125,-16.6977
1.5,0,0,125,-16.6705
1.525,0,0,125,-16.6433
1.55,0,0,125,-16.6162
1.575,0,0,125,-16.5891
1.6,0,0,125,-16.5621
1.625,0,0,125,-16.5352
1.65,0,0,125,-16.5083
1.675,0,0,125,-16.4815
1.7,0,0,125,-16.4548
1.725,0,0,125,-16.4281
1.75,0,0,125,-16.4015
1.775,0,0,125,-16.3749
1.8,0,0,125,-16.3484
1.825,0,0,125,-16.322
1.85,0,0,125,-16.2956
1.875,0,0,125,-16.2694
1.9,0,0,125,-16.2431
1.925,0,0,125,-16.217
1.95,0,0,125,-16.1909
1.975,0,0,125,-16.1648
2,0,0,125,-16.1388
2.025,0,0,125,-16.1129
2.05,0,0,125,-16.0871
2.075,0,0,125,-16.0613
2.1,0,0,125,-16.0355
2.125,0,0,125,-16.0099
2.15,0,0,125,-15.9842
2.175,0,0,125,-15.9587
2.2,0,0,125,-15.9332
2.225,0,0,125,-15.9078
2.25,0,0,125,-15.8824
2.275,0,0,125,-15.8571
2.3,0,0,125,-15.8318
2.325,0,0,125,-15.8066
2.35,0,0,125,-15.7815
2.375,0,0,125,-15.7564
2.4,0,0,125,-15.7314
2.425,0,0,125,-15.7064
2.45,0,0,125,-15.6815
2.475,0,0,125,-15.6567
2.5,0,0,125,-15.6319
2.525,0,0,125,-15.6071
2.55,0,0,125,-15.5824
2.575,0,0,125,-15.5578
2.6,0,0,125,-15.5332
2.625,0,0,125,-15.5087
2.65,0,0,125,-15.4842
2.675,0,0,125,-15.4598
2.7,0,0,125,-15.4354
2.725,0,0,125,-15.4111
2.75,0,0,125,-15.3868
2.775,0,0,125,-15.3626
2.8,0,0,125,-15.3384
2.825,0,0,125,-15.3143
2.85,0,0,125,-15.2902
2.875,0,0,125,-15.2662
2.9,0,0,125,-15.2423
2.925,0,0,125,-15.2183
2.95,0,0,125,-15.1945
2.975,0,0,125,-15.1706
3,0,0,125,-15.1468
3.025,0,0,125,-15.1231
3.05,0,0,125,-15.0994
3.075,0,0,125,-15.0758
3.1,0,0,125,-15.0522
3.125,0,0,125,-15.0287
3.15,0,0,125,-15.0052
3.175,0,0,125,-14.9817
3.2,0,0,125,-14.9583
3.225,0,0,125,-14.9349
3.25,0,0,125,-14.9116
3.275,0,0,125,-14.8883
3.3,0,0,125,-14.8651
3.325,0,0,125,-14.8419
3.35,0,0,125,-14.8187
3.375,0,0,125,-14.7956
3.4,0,0,125,-14.7725
3.425,0,0,125,-14.7495
3.45,0,0,125,-14.7265
3.475,0,0,125,-14.7036
3.5,0,0,125,-14.6807
3.525,0,0,125,-14.6578
3.55,0,0,125,-14.635
3.575,0,0,125,-14.6122
3.6,0,0,125,-14.5894
3.625,0,0,125,-14.5667
3.65,0,0,125,-14.544
3.675,0,0,125,-14.5214
3.7,0,0,125,-14.4988
3.725,0,0,125,-14.4762
3.75,0,0,125,-14.4537
3.775,0,0,125,-14.4312
3.8,0,0,125,-14.4088
3.825,0,0,125,-14.3864
3.85,0,0,125,-14.364
3.875,0,0,125,-14.3417
3.9,0,0,125,-14.3195
3.925,0,0,125,-14.2972
3.95,0,0,125,-14.275
3.975,0,0,125,-14.2529
4,0,0,125,-14.2308
4.025,0,0,125,-14.2088
4.05,0,0,125,-14.1868
4.075,0,0,125,-14.1648
4.1,0,0,125,-14.143
4.125,0,0,125,-14.1211
4.15,0,0,125,-14.0994
4.175,0,0,125,-14.0777
4.2,0,0,125,-14.0561
4.225,0,0,125,-14.0346
4.25,0,0,125,-14.0132
4.275,0,0,125,-13.9919
4.3,0,0,125,-13.9707
4.325,0,0,125,-13.9496
4.35,0,0,125,-13.9286
4.375,0,0,125,-13.9078
4.4,0,0,125,-13.8872
4.425,0,0,125,-13.8667
4.45,0,0,125,-13.8464
4.475,0,0,125,-13.8264
4.5,0,0,125,-13.8066
4.525,0,0,125,-13.787
4.55,0,0,125,-13.7678
4.575,0,0,125,-13.749
4.6,0,0,125,-13.7305
4.625,0,0,125,-13.7124
4.65,0,0,125,-13.6948
4.675,0,0,125,-13.6778
4.7,0,0,125,-13.6613
4.725,0,0,125,-13.6456
4.75,0,0,125,-13.6305
4.775,0,0,125,-13.6163
4.8,0,0,125,-13.603
4.825,0,0,125,-13.5907
4.85,0,0,125,-13.5796
4.875,0,0,125,-13.5697
4.9,0,0,125,-13.5612
4.925,0,0,125,-13.5543
4.95,0,0,125,-13.5489
4.975,0,0,125,-13.5453
5,0,0,125,-13.5434
