0,0,0,125,-4.98951
0.025,0,0,125,-4.97727
0.05,0,0,125,-4.95278
0.075,0,0,125,-4.91608
0.1,0,0,125,-4.86723
0.125,0,0,125,-4.80637
0.15,0,0,125,-4.73379
0.175,0,0,125,-4.64992
0.2,0,0,125,-4.55508
0.225,0,0,125,-4.44954
0.25,0,0,125,-4.33351
0.275,0,0,125,-4.20718
0.3,0,0,125,-4.07069
0.325,0,0,125,-3.92417
0.35,0,0,125,-3.76774
0.375,0,0,125,-3.60148
0.4,0,0,125,-3.42547
0.425,0,0,125,-3.23975
0.45,0,0,125,-3.04439
0.475,0,0,125,-2.8394
0.5,0,0,125,-2.6248
0.525,0,0,125,-2.40061
0.55,0,0,125,-2.16682
0.575,0,0,125,-1.92341
0.6,0,0,125,-1.67037
0.625,0,0,125,-1.40767
0.65,0,0,125,-1.13527
0.675,0,0,125,-0.853129
0.7,0,0,125,-0.5612
0.725,0,0,125,-0.25943
0.75,0,0,125,0.0522355
0.775,0,0,125,0.373858
0.8,0,0,125,0.7055
0.825,0,0,125,1.04723
0.85,0,0,125,1.3991
0.875,0,0,125,1.76118
0.9,0,0,125,2.13354
0.925,0,0,125,2.51623
0.95,0,0,125,2.90931
0.975,0,0,125,3.31284
1,0,0,125,3.72686
1.025,0,0,125,4.15142
1.05,0,0,125,4.58654
1.075,0,0,125,5.03226
1.1,0,0,125,5.4886
1.125,0,0,125,5.95556
1.15,0,0,125,6.43314
1.175,0,0,125,6.92133
1.2,0,0,125,7.4201
1.225,0,0,125,7.92941
1.25,0,0,125,8.4492
1.275,0,0,125,8.97942
1.3,0,0,125,9.51997
1.325,0,0,125,10.0708
1.35,0,0,125,10.6317
1.375,0,0,125,11.2026
1.4,0,0,125,11.7833
1.425,0,0,125,12.3737
1.45,0,0,125,12.9736
1.475,0,0,125,13.5828
1.5,0,0,125,14.2009
1.525,0,0,125,14.8279
1.55,0,0,125,15.4633
1.575,0,0,125,16.1068
1.6,0,0,125,16.7581
1.625,0,0,125,17.4169
1.65,0,0,125,18.0826
1.675,0,0,125,18.7548
1.7,0,0,125,19.433
1.725,0,0,125,20.1167
1.75,0,0,125,20.8051
1.775,0,0,125,21.4977
1.8,0,0,125,22.1937
1.825,0,0,125,22.8923
1.85,0,0,125,23.5926
1.875,0,0,125,24.2937
1.9,0,0,125,24.9944
1.925,0,0,125,25.6937
1.95,0,0,125,26.3904
1.975,0,0,125,27.0832
2,0,0,125,27.7706
2.025,0,0,125,28.4512
2.05,0,0,125,29.1235
2.075,0,0,125,29.7857
2.1,0,0,125,30.4361
2.125,0,0,125,31.073
2.15,0,0,125,31.6946
2.175,0,0,125,32.299
2.2,0,0,125,32.8845
2.225,0,0,125,33.4491
2.25,0,0,125,33.9911
2.275,0,0,125,34.5088
2.3,0,0,125,35.0007
2.325,0,0,125,35.4653
2.35,0,0,125,35.9013
2.375,0,0,125,36.3073
2.4,0,0,125,36.6824
2.425,0,0,125,37.0254
2.45,0,0,125,37.3351
2.475,0,0,125,37.6099
2.5,0,0,125,37.8477
2.525,0,0,125,38.0447
2.55,0,0,125,38.1944
2.575,0,0,125,38.2858
2.6,0,0,125,38.2983
2.625,0,0,125,38.1945
2.65,0,0,125,37.9022
2.675,0,0,125,37.2796
2.7,0,0,125,36.0339
2.725,0,0,125,33.5405
2.75,0,0,125,28.4511
2.775,0,0,125,18.1751
2.8,0,0,125,0.290406
2.825,0,0,125,-20.7684
2.85,0,0,125,-38.3863
2.875,0,0,125,-51.2989
2.9,0,0,125,-60.3433
2.925,0,0,125,-66.5687
2.95,0,0,125,-70.8194
2.975,0,0,125,-73.7087
3,0,0,125,-75.6664
3.025,0,0,125,-76.9892
3.05,0,0,125,-77.8803
3.075,0,0,125,-78.4782
3.1,0,0,125,-78.8774
3.125,0,0,125,-79.1418
3.15,0,0,125,-79.3148
3.175,0,0,125,-79.4259
3.2,0,0,125,-79.4951
3.225,0,0,125,-79.5359
3.25,0,0,125,-79.5574
3.275,0,0,125,-79.566
3.3,0,0,125,-79.5657
3.325,0,0,125,-79.5596
3.35,0,0,125,-79.5493
3.375,0,0,125,-79.5364
3.4,0,0,125,-79.5217
3.425,0,0,125,-79.5057
3.45,0,0,125,-79.489
3.475,0,0,125,-79.4718
3.5,0,0,125,-79.4542
3.525,0,0,125,-79.4364
3.55,0,0,125,-79.4186
3.575,0,0,125,-79.4007
3.6,0,0,125,-79.3828
3.625,0,0,125,-79.365
3.65,0,0,125,-79.3473
3.675,0,0,125,-79.3296
3.7,0,0,125,-79.3121
3.725,0,0,125,-79.2947
3.75,0,0,125,-79.2774
3.775,0,0,125,-79.2602
3.8,0,0,125,-79.2432
3.825,0,0,125,-79.2263
3.85,0,0,125,-79.2097
3.875,0,0,125,-79.1932
3.9,0,0,125,-79.1768
3.925,0,0,125,-79.1607
3.95,0,0,125,-79.1447
3.975,0,0,125,-79.129
4,0,0,125,-79.1134
4.025,0,0,125,-79.0981
4.05,0,0,125,-79.083
4.075,0,0,125,-79.0682
4.1,0,0,125,-79.0535
4.125,0,0,125,-79.0391
4.15,0,0,125,-79.0249
4.175,0,0,125,-79.011
4.2,0,0,125,-78.9974
4.225,0,0,125,-78.9841
4.25,0,0,125,-78.971
4.275,0,0,125,-78.9582
4.3,0,0,125,-78.9457
4.325,0,0,125,-78.9334
4.35,0,0,125,-78.9215
4.375,0,0,125,-78.9099
4.4,0,0,125,-78.8986
4.425,0,0,125,-78.8876
4.45,0,0,125,-78.877
4.475,0,0,125,-78.8667
4.5,0,0,125,-78.8567
4.525,0,0,125,-78.8471
4.55,0,0,125,-78.8378
4.575,0,0,125,-78.829
4.6,0,0,125,-78.8205
4.625,0,0,125,-78.8124
4.65,0,0,125,-78.8046
4.675,0,0,125,-78.7973
4.7,0,0,125,-78.7905
4.725,0,0,125,-78.784
4.75,0,0,125,-78.778
4.775,0,0,125,-78.7725
4.8,0,0,125,-78.7674
4.825,0,0,125,-78.7628
4.85,0,0,125,-78.7587
4.875,0,0,125,-78.7552
4.9,0,0,125,-78.7522
4.925,0,0,125,-78.7498
4.95,0,0,125,-78.748
4.975,0,0,125,-78.7467
5,0,0,125,-78.7461
