0,0,0,125,-14.4868
0.025,0,0,125,-14.4849
0.05,0,0,125,-14.4811
0.075,0,0,125,-14.4754
0.1,0,0,125,-14.4679
0.125,0,0,125,-14.4586
0.15,0,0,125,-14.4477
0.175,0,0,125,-14.4354
0.2,0,0,125,-14.422
0.225,0,0,125,-14.4074
0.25,0,0,125,-14.3919
0.275,0,0,125,-14.3755
0.3,0,0,125,-14.3584
0.325,0,0,125,-14.3406
0.35,0,0,125,-14.3222
0.375,0,0,125,-14.3033
0.4,0,0,125,-14.2839
0.425,0,0,125,-14.2641
0.45,0,0,125,-14.244
0.475,0,0,125,-14.2235
0.5,0,0,125,-14.2028
0.525,0,0,125,-14.1818
0.55,0,0,125,-14.1606
0.575,0,0,125,-14.1392
0.6,0,0,125,-14.1176
0.625,0,0,125,-14.096
0.65,0,0,125,-14.0742
0.675,0,0,125,-14.0523
0.7,0,0,125,-14.0303
0.725,0,0,125,-14.0083
0.75,0,0,125,-13.9862
0.775,0,0,125,-13.964
0.8,0,0,125,-13.9419
0.825,0,0,125,-13.9197
0.85,0,0,125,-13.8975
0.875,0,0,125,-13.8753
0.9,0,0,125,-13.8531
0.925,0,0,125,-13.8309
0.95,0,0,125,-13.8087
0.975,0,0,125,-13.7865
1,0,0,125,-13.7644
1.025,0,0,125,-13.7422
1.05,0,0,125,-13.7201
1.075,0,0,125,-13.698
1.1,0,0,125,-13.676
1.125,0,0,125,-13.654
1.15,0,0,125,-13.632
1.175,0,0,125,-13.61
1.2,0,0,125,-13.5881
1.225,0,0,125,-13.5662
1.25,0,0,125,-13.5443
1.275,0,0,125,-13.5225
1.3,0,0,125,-13.5007
1.325,0,0,125,-13.479
1.35,0,0,125,-13.4573
1.375,0,0,125,-13.4356
1.4,0,0,125,-13.414
1.425,0,0,125,-13.3924
1.45,0,0,125,-13.3708
1.475,0,0,125,-13.3493
1.5,0,0,125,-13.3278
1.525,0,0,125,-13.3063
1.55,0,0,125,-13.2849
1.575,0,0,125,-13.2635
1.6,0,0,125,-13.2422
1.625,0,0,125,-13.2209
1.65,0,0,125,-13.1996
1.675,0,0,125,-13.1784
1.7,0,0,125,-13.1571
1.725,0,0,125,-13.136
1.75,0,0,125,-13.1148
1.775,0,0,125,-13.0937
1.8,0,0,125,-13.0727
1.825,0,0,125,-13.0516
1.85,0,0,125,-13.0306
1.875,0,0,125,-13.0097
1.9,0,0,125,-12.9887
1.925,0,0,125,-12.9678
1.95,0,0,125,-12.947
1.975,0,0,125,-12.9261
2,0,0,125,-12.9053
2.025,0,0,125,-12.8846
2.05,0,0,125,-12.8638
2.075,0,0,125,-12.8431
2.1,0,0,125,-12.8224
2.125,0,0,125,-12.8018
2.15,0,0,125,-12.7811
2.175,0,0,125,-12.7605
2.2,0,0,125,-12.74
2.225,0,0,125,-12.7194
2.25,0,0,125,-12.6989
2.275,0,0,125,-12.6784
2.3,0,0,125,-12.658
2.325,0,0,125,-12.6375
2.35,0,0,125,-12.6171
2.375,0,0,125,-12.5968
2.4,0,0,125,-12.5764
2.425,0,0,125,-12.5561
2.45,0,0,125,-12.5358
2.475,0,0,125,-12.5156
2.5,0,0,125,-12.4954
2.525,0,0,125,-12.4752
2.55,0,0,125,-12.455
2.575,0,0,125,-12.4348
2.6,0,0,125,-12.4147
2.625,0,0,125,-12.3946
2.65,0,0,125,-12.3746
2.675,0,0,125,-12.3545
2.7,0,0,125,-12.3345
2.725,0,0,125,-12.3145
2.75,0,0,125,-12.2945
2.775,0,0,125,-12.2746
2.8,0,0,125,-12.2547
2.825,0,0,125,-12.2348
2.85,0,0,125,-12.2149
2.875,0,0,125,-12.1951
2.9,0,0,125,-12.1752
2.925,0,0,125,-12.1554
2.95,0,0,125,-12.1356
2.975,0,0,125,-12.1159
3,0,0,125,-12.0961
3.025,0,0,125,-12.0764
3.05,0,0,125,-12.0567
3.075,0,0,125,-12.0371
3.1,0,0,125,-12.0174
3.125,0,0,125,-11.9978
3.15,0,0,125,-11.9782
3.175,0,0,125,-11.9586
3.2,0,0,125,-11.939
3.225,0,0,125,-11.9195
3.25,0,0,125,-11.9
3.275,0,0,125,-11.8805
3.3,0,0,125,-11.861
3.325,0,0,125,-11.8415
3.35,0,0,125,-11.8221
3.375,0,0,125,-11.8027
3.4,0,0,125,-11.7833
3.425,0,0,125,-11.7639
3.45,0,0,125,-11.7445
3.475,0,0,125,-11.7252
3.5,0,0,125,-11.7058
3.525,0,0,125,-11.6865
3.55,0,0,125,-11.6672
3.575,0,0,125,-11.6479
3.6,0,0,125,-11.6287
3.625,0,0,125,-11.6094
3.65,0,0,125,-11.5902
3.675,0,0,125,-11.5709
3.7,0,0,125,-11.5517
3.725,0,0,125,-11.5325
3.75,0,0,125,-11.5134
3.775,0,0,125,-11.4942
3.8,0,0,125,-11.4751
3.825,0,0,125,-11.4559
3.85,0,0,125,-11.4368
3.875,0,0,125,-11.4177
3.9,0,0,125,-11.3986
3.925,0,0,125,-11.3795
3.95,0,0,125,-11.3605
3.975,0,0,125,-11.3414
4,0,0,125,-11.3224
4.025,0,0,125,-11.3034
4.05,0,0,125,-11.2844
4.075,0,0,125,-11.2654
4.1,0,0,125,-11.2464
4.125,0,0,125,-11.2275
4.15,0,0,125,-11.2086
4.175,0,0,125,-11.1897
4.2,0,0,125,-11.1709
4.225,0,0,125,-11.1521
4.25,0,0,125,-11.1333
4.275,0,0,125,-11.1146
4.3,0,0,125,-11.096
4.325,0,0,125,-11.0774
4.35,0,0,125,-11.0589
4.375,0,0,125,-11.0405
4.4,0,0,125,-11.0222
4.425,0,0,125,-11.004
4.45,0,0,125,-10.986
4.475,0,0,125,-10.9681
4.5,0,0,125,-10.9503
4.525,0,0,125,-10.9328
4.55,0,0,125,-10.9155
4.575,0,0,125,-10.8985
4.6,0,0,125,-10.8817
4.625,0,0,125,-10.8653
4.65,0,0,125,-10.8493
4.675,0,0,125,-10.8337
4.7,0,0,125,-10.8186
4.725,0,0,125,-10.8041
4.75,0,0,125,-10.7902
4.775,0,0,125,-10.7771
4.8,0,0,125,-10.7647
4.825,0,0,125,-10.7533
4.85,0,0,125,-10.7429
4.875,0,0,125,-10.7336
4.9,0,0,125,-10.7256
4.925,0,0,125,-10.7191
4.95,0,0,125,-10.714
4.975,0,0,125,-10.7106
5,0,0,125,-10.7088
