0,0,0,125,-63.5426
0.025,0,0,125,-63.5402
0.05,0,0,125,-63.5356
0.075,0,0,125,-63.5285
0.1,0,0,125,-63.5192
0.125,0,0,125,-63.5075
0.15,0,0,125,-63.4937
0.175,0,0,125,-63.4776
0.2,0,0,125,-63.4594
0.225,0,0,125,-63.4391
0.25,0,0,125,-63.4168
0.275,0,0,125,-63.3925
0.3,0,0,125,-63.3662
0.325,0,0,125,-63.338
0.35,0,0,125,-63.3079
0.375,0,0,125,-63.2759
0.4,0,0,125,-63.242
0.425,0,0,125,-63.2064
0.45,0,0,125,-63.1689
0.475,0,0,125,-63.1297
0.5,0,0,125,-63.0887
0.525,0,0,125,-63.046
0.55,0,0,125,-63.0015
0.575,0,0,125,-62.9554
0.6,0,0,125,-62.9076
0.625,0,0,125,-62.8581
0.65,0,0,125,-62.807
0.675,0,0,125,-62.7543
0.7,0,0,125,-62.7
0.725,0,0,125,-62.644
0.75,0,0,125,-62.5866
0.775,0,0,125,-62.5275
0.8,0,0,125,-62.4669
0.825,0,0,125,-62.4048
0.85,0,0,125,-62.3411
0.875,0,0,125,-62.276
0.9,0,0,125,-62.2094
0.925,0,0,125,-62.1413
0.95,0,0,125,-62.0717
0.975,0,0,125,-62.0008
1,0,0,125,-61.9283
1.025,0,0,125,-61.8545
1.05,0,0,125,-61.7793
1.075,0,0,125,-61.7027
1.1,0,0,125,-61.6247
1.125,0,0,125,-61.5454
1.15,0,0,125,-61.4647
1.175,0,0,125,-61.3828
1.2,0,0,125,-61.2995
1.225,0,0,125,-61.2149
1.25,0,0,125,-61.129
1.275,0,0,125,-61.0419
1.3,0,0,125,-60.9535
1.325,0,0,125,-60.8639
1.35,0,0,125,-60.7731
1.375,0,0,125,-60.681
1.4,0,0,125,-60.5878
1.425,0,0,125,-60.4934
1.45,0,0,125,-60.3979
1.475,0,0,125,-60.3012
1.5,0,0,125,-60.2033
1.525,0,0,125,-60.1044
1.55,0,0,125,-60.0043
1.575,0,0,125,-59.9032
1.6,0,0,125,-59.801
1.625,0,0,125,-59.6978
1.65,0,0,125,-59.5935
1.675,0,0,125,-59.4882
1.7,0,0,125,-59.3819
1.725,0,0,125,-59.2746
1.75,0,0,125,-59.1663
1.775,0,0,125,-59.057
1.8,0,0,125,-58.9469
1.825,0,0,125,-58.8358
1.85,0,0,125,-58.7237
1.875,0,0,125,-58.6108
1.9,0,0,125,-58.497
1.925,0,0,125,-58.3823
1.95,0,0,125,-58.2668
1.975,0,0,125,-58.1505
2,0,0,125,-58.0333
2.025,0,0,125,-57.9153
2.05,0,0,125,-57.7966
2.075,0,0,125,-57.677
2.1,0,0,125,-57.5567
2.125,0,0,125,-57.4357
2.15,0,0,125,-57.314
2.175,0,0,125,-57.1915
2.2,0,0,125,-57.0683
2.225,0,0,125,-56.9445
2.25,0,0,125,-56.82
2.275,0,0,125,-56.6949
2.3,0,0,125,-56.5691
2.325,0,0,125,-56.4427
2.35,0,0,125,-56.3157
2.375,0,0,125,-56.1882
2.4,0,0,125,-56.06
2.425,0,0,125,-55.9314
2.45,0,0,125,-55.8022
2.475,0,0,125,-55.6725
2.5,0,0,125,-55.5423
2.525,0,0,125,-55.4116
2.55,0,0,125,-55.2804
2.575,0,0,125,-55.1488
2.6,0,0,125,-55.0168
2.625,0,0,125,-54.8843
2.65,0,0,125,-54.7515
2.675,0,0,125,-54.6183
2.7,0,0,125,-54.4847
2.725,0,0,125,-54.3508
2.75,0,0,125,-54.2166
2.775,0,0,125,-54.082
2.8,0,0,125,-53.9472
2.825,0,0,125,-53.8121
2.85,0,0,125,-53.6768
2.875,0,0,125,-53.5412
2.9,0,0,125,-53.4055
2.925,0,0,125,-53.2695
2.95,0,0,125,-53.1334
2.975,0,0,125,-52.9972
3,0,0,125,-52.8608
3.025,0,0,125,-52.7243
3.05,0,0,125,-52.5878
3.075,0,0,125,-52.4513
3.1,0,0,125,-52.3147
3.125,0,0,125,-52.1781
3.15,0,0,125,-52.0416
3.175,0,0,125,-51.9051
3.2,0,0,125,-51.7687
3.225,0,0,125,-51.6325
3.25,0,0,125,-51.4963
3.275,0,0,125,-51.3603
3.3,0,0,125,-51.2245
3.325,0,0,125,-51.089
3.35,0,0,125,-50.9537
3.375,0,0,125,-50.8187
3.4,0,0,125,-50.684
3.425,0,0,125,-50.5496
3.45,0,0,125,-50.4157
3.475,0,0,125,-50.2821
3.5,0,0,125,-50.1491
3.525,0,0,125,-50.0165
3.55,0,0,125,-49.8844
3.575,0,0,125,-49.753
3.6,0,0,125,-49.6221
3.625,0,0,125,-49.4919
3.65,0,0,125,-49.3624
3.675,0,0,125,-49.2336
3.7,0,0,125,-49.1057
3.725,0,0,125,-48.9785
3.75,0,0,125,-48.8522
3.775,0,0,125,-48.7268
3.8,0,0,125,-48.6024
3.825,0,0,125,-48.479
3.85,0,0,125,-48.3567
3.875,0,0,125,-48.2355
3.9,0,0,125,-48.1154
3.925,0,0,125,-47.9965
3.95,0,0,125,-47.879
3.975,0,0,125,-47.7627
4,0,0,125,-47.6478
4.025,0,0,125,-47.5344
4.05,0,0,125,-47.4224
4.075,0,0,125,-47.312
4.1,0,0,125,-47.2032
4.125,0,0,125,-47.0961
4.15,0,0,125,-46.9907
4.175,0,0,125,-46.8871
4.2,0,0,125,-46.7853
4.225,0,0,125,-46.6855
4.25,0,0,125,-46.5876
4.275,0,0,125,-46.4918
4.3,0,0,125,-46.3981
4.325,0,0,125,-46.3065
4.35,0,0,125,-46.2172
4.375,0,0,125,-46.1303
4.4,0,0,125,-46.0457
4.425,0,0,125,-45.9636
4.45,0,0,125,-45.8839
4.475,0,0,125,-45.8069
4.5,0,0,125,-45.7325
4.525,0,0,125,-45.6609
4.55,0,0,125,-45.5921
4.575,0,0,125,-45.5262
4.6,0,0,125,-45.4632
4.625,0,0,125,-45.4033
4.65,0,0,125,-45.3465
4.675,0,0,125,-45.2929
4.7,0,0,125,-45.2426
4.725,0,0,125,-45.1956
4.75,0,0,125,-45.1521
4.775,0,0,125,-45.1122
4.8,0,0,125,-45.0758
4.825,0,0,125,-45.0432
4.85,0,0,125,-45.0143
4.875,0,0,125,-44.9894
4.9,0,0,125,-44.9684
4.925,0,0,125,-44.9515
4.95,0,0,125,-44.9387
4.975,0,0,125,-44.9302
5,0,0,125,-44.9259
