0,0,0,25,-9.9261
0.005,0,0,25,-9.92601
0.01,0,0,25,-9.92584
0.015,0,0,25,-9.92558
0.02,0,0,25,-9.92524
0.025,0,0,25,-9.92481
0.03,0,0,25,-9.92431
0.035,0,0,25,-9.92372
0.04,0,0,25,-9.92306
0.045,0,0,25,-9.92231
0.05,0,0,25,-9.9215
0.055,0,0,25,-9.9206
0.06,0,0,25,-9.91964
0.065,0,0,25,-9.9186
0.07,0,0,25,-9.9175
0.075,0,0,25,-9.91633
0.08,0,0,25,-9.91509
0.085,0,0,25,-9.91378
0.09,0,0,25,-9.91242
0.095,0,0,25,-9.91099
0.1,0,0,25,-9.9095
0.105,0,0,25,-9.90795
0.11,0,0,25,-9.90634
0.115,0,0,25,-9.90468
0.12,0,0,25,-9.90296
0.125,0,0,25,-9.90119
0.13,0,0,25,-9.89937
0.135,0,0,25,-9.89749
0.14,0,0,25,-9.89557
0.145,0,0,25,-9.8936
0.15,0,0,25,-9.89158
0.155,0,0,25,-9.88951
0.16,0,0,25,-9.8874
0.165,0,0,25,-9.88524
0.17,0,0,25,-9.88304
0.175,0,0,25,-9.8808
0.18,0,0,25,-9.87851
0.185,0,0,25,-9.87619
0.19,0,0,25,-9.87383
0.195,0,0,25,-9.87143
0.2,0,0,25,-9.86899
0.205,0,0,25,-9.86652
0.21,0,0,25,-9.86401
0.215,0,0,25,-9.86147
0.22,0,0,25,-9.85889
0.225,0,0,25,-9.85628
0.23,0,0,25,-9.85364
0.235,0,0,25,-9.85097
0.24,0,0,25,-9.84827
0.245,0,0,25,-9.84553
0.25,0,0,25,-9.84277
0.255,0,0,25,-9.83998
0.26,0,0,25,-9.83717
0.265,0,0,25,-9.83433
0.27,0,0,25,-9.83146
0.275,0,0,25,-9.82857
0.28,0,0,25,-9.82565
0.285,0,0,25,-9.82271
0.29,0,0,25,-9.81974
0.295,0,0,25,-9.81675
0.3,0,0,25,-9.81374
0.305,0,0,25,-9.81071
0.31,0,0,25,-9.80766
0.315,0,0,25,-9.80459
0.32,0,0,25,-9.8015
0.325,0,0,25,-9.79839
0.33,0,0,25,-9.79526
0.335,0,0,25,-9.79211
0.34,0,0,25,-9.78894
0.345,0,0,25,-9.78576
0.35,0,0,25,-9.78256
0.355,0,0,25,-9.77934
0.36,0,0,25,-9.77611
0.365,0,0,25,-9.77287
0.37,0,0,25,-9.7696
0.375,0,0,25,-9.76633
0.38,0,0,25,-9.76304
0.385,0,0,25,-9.75973
0.39,0,0,25,-9.75641
0.395,0,0,25,-9.75308
0.4,0,0,25,-9.74974
0.405,0,0,25,-9.74638
0.41,0,0,25,-9.74302
0.415,0,0,25,-9.73964
0.42,0,0,25,-9.73625
0.425,0,0,25,-9.73285
0.43,0,0,25,-9.72944
0.435,0,0,25,-9.72601
0.44,0,0,25,-9.72258
0.445,0,0,25,-9.71914
0.45,0,0,25,-9.71569
0.455,0,0,25,-9.71223
0.46,0,0,25,-9.70876
0.465,0,0,25,-9.70529
0.47,0,0,25,-9.7018
0.475,0,0,25,-9.69831
0.48,0,0,25,-9.69481
0.485,0,0,25,-9.6913
0.49,0,0,25,-9.68779
0.495,0,0,25,-9.68427
0.5,0,0,25,-9.68074
0.505,0,0,25,-9.6772
0.51,0,0,25,-9.67366
0.515,0,0,25,-9.67011
0.52,0,0,25,-9.66656
0.525,0,0,25,-9.663
0.53,0,0,25,-9.65943
0.535,0,0,25,-9.65586
0.54,0,0,25,-9.65229
0.545,0,0,25,-9.64871
0.55,0,0,25,-9.64512
0.555,0,0,25,-9.64153
0.56,0,0,25,-9.63794
0.565,0,0,25,-9.63434
0.57,0,0,25,-9.63074
0.575,0,0,25,-9.62713
0.58,0,0,25,-9.62352
0.585,0,0,25,-9.61991
0.59,0,0,25,-9.61629
0.595,0,0,25,-9.61267
0.6,0,0,25,-9.60904
0.605,0,0,25,-9.60542
0.61,0,0,25,-9.60179
0.615,0,0,25,-9.59815
0.62,0,0,25,-9.59452
0.625,0,0,25,-9.59088
0.63,0,0,25,-9.58724
0.635,0,0,25,-9.5836
0.64,0,0,25,-9.57995
0.645,0,0,25,-9.5763
0.65,0,0,25,-9.57265
0.655,0,0,25,-9.569
0.66,0,0,25,-9.56535
0.665,0,0,25,-9.56169
0.67,0,0,25,-9.55803
0.675,0,0,25,-9.55438
0.68,0,0,25,-9.55071
0.685,0,0,25,-9.54705
0.69,0,0,25,-9.54339
0.695,0,0,25,-9.53973
0.7,0,0,25,-9.53606
0.705,0,0,25,-9.53239
0.71,0,0,25,-9.52873
0.715,0,0,25,-9.52506
0.72,0,0,25,-9.52139
0.725,0,0,25,-9.51772
0.73,0,0,25,-9.51405
0.735,0,0,25,-9.51037
0.74,0,0,25,-9.5067
0.745,0,0,25,-9.50303
0.75,0,0,25,-9.49935
0.755,0,0,25,-9.49568
0.76,0,0,25,-9.492
0.765,0,0,25,-9.48833
0.77,0,0,25,-9.48465
0.775,0,0,25,-9.48098
0.78,0,0,25,-9.4773
0.785,0,0,25,-9.47363
0.79,0,0,25,-9.46995
0.795,0,0,25,-9.46627
0.8,0,0,25,-9.4626
0.805,0,0,25,-9.45892
0.81,0,0,25,-9.45525
0.815,0,0,25,-9.45157
0.82,0,0,25,-9.44789
0.825,0,0,25,-9.44422
0.83,0,0,25,-9.44054
0.835,0,0,25,-9.43687
0.84,0,0,25,-9.43319
0.845,0,0,25,-9.42952
0.85,0,0,25,-9.42584
0.855,0,0,25,-9.42217
0.86,0,0,25,-9.41849
0.865,0,0,25,-9.41482
0.87,0,0,25,-9.41115
0.875,0,0,25,-9.40748
0.88,0,0,25,-9.4038
0.885,0,0,25,-9.40013
0.89,0,0,25,-9.39646
0.895,0,0,25,-9.39279
0.9,0,0,25,-9.38912
0.905,0,0,25,-9.38545
0.91,0,0,25,-9.38178
0.915,0,0,25,-9.37812
0.92,0,0,25,-9.37445
0.925,0,0,25,-9.37078
0.93,0,0,25,-9.36712
0.935,0,0,25,-9.36345
0.94,0,0,25,-9.35979
0.945,0,0,25,-9.35612
0.95,0,0,25,-9.35246
0.955,0,0,25,-9.3488
0.96,0,0,25,-9.34514
0.965,0,0,25,-9.34148
0.97,0,0,25,-9.33782
0.975,0,0,25,-9.33416
0.98,0,0,25,-9.3305
0.985,0,0,25,-9.32684
0.99,0,0,25,-9.32318
0.995,0,0,25,-9.31953
1,0,0,25,-9.31587
1.005,0,0,25,-9.31222
1.01,0,0,25,-9.30857
1.015,0,0,25,-9.30492
1.02,0,0,25,-9.30127
1.025,0,0,25,-9.29761
1.03,0,0,25,-9.29397
1.035,0,0,25,-9.29032
1.04,0,0,25,-9.28667
1.045,0,0,25,-9.28302
1.05,0,0,25,-9.27938
1.055,0,0,25,-9.27573
1.06,0,0,25,-9.27209
1.065,0,0,25,-9.26845
1.07,0,0,25,-9.26481
1.075,0,0,25,-9.26117
1.08,0,0,25,-9.25753
1.085,0,0,25,-9.25389
1.09,0,0,25,-9.25025
1.095,0,0,25,-9.24661
1.1,0,0,25,-9.24298
1.105,0,0,25,-9.23934
1.11,0,0,25,-9.23571
1.115,0,0,25,-9.23208
1.12,0,0,25,-9.22844
1.125,0,0,25,-9.22481
1.13,0,0,25,-9.22118
1.135,0,0,25,-9.21756
1.14,0,0,25,-9.21393
1.145,0,0,25,-9.2103
1.15,0,0,25,-9.20668
1.155,0,0,25,-9.20305
1.16,0,0,25,-9.19943
1.165,0,0,25,-9.1958
1.17,0,0,25,-9.19218
1.175,0,0,25,-9.18856
1.18,0,0,25,-9.18494
1.185,0,0,25,-9.18132
1.19,0,0,25,-9.17771
1.195,0,0,25,-9.17409
1.2,0,0,25,-9.17047
1.205,0,0,25,-9.16686
1.21,0,0,25,-9.16325
1.215,0,0,25,-9.15963
1.22,0,0,25,-9.15602
1.225,0,0,25,-9.15241
1.23,0,0,25,-9.1488
1.235,0,0,25,-9.14519
1.24,0,0,25,-9.14159
1.245,0,0,25,-9.13798
1.25,0,0,25,-9.13437
1.255,0,0,25,-9.13077
1.26,0,0,25,-9.12717
1.265,0,0,25,-9.12356
1.27,0,0,25,-9.11996
1.275,0,0,25,-9.11636
1.28,0,0,25,-9.11276
1.285,0,0,25,-9.10916
1.29,0,0,25,-9.10557
1.295,0,0,25,-9.10197
1.3,0,0,25,-9.09837
1.305,0,0,25,-9.09478
1.31,0,0,25,-9.09118
1.315,0,0,25,-9.08759
1.32,0,0,25,-9.084
1.325,0,0,25,-9.08041
1.33,0,0,25,-9.07682
1.335,0,0,25,-9.07323
1.34,0,0,25,-9.06964
1.345,0,0,25,-9.06605
1.35,0,0,25,-9.06247
1.355,0,0,25,-9.05888
1.36,0,0,25,-9.0553
1.365,0,0,25,-9.05172
1.37,0,0,25,-9.04813
1.375,0,0,25,-9.04455
1.38,0,0,25,-9.04097
1.385,0,0,25,-9.03739
1.39,0,0,25,-9.03381
1.395,0,0,25,-9.03024
1.4,0,0,25,-9.02666
1.405,0,0,25,-9.02308
1.41,0,0,25,-9.01951
1.415,0,0,25,-9.01593
1.42,0,0,25,-9.01236
1.425,0,0,25,-9.00879
1.43,0,0,25,-9.00522
1.435,0,0,25,-9.00165
1.44,0,0,25,-8.99808
1.445,0,0,25,-8.99451
1.45,0,0,25,-8.99094
1.455,0,0,25,-8.98737
1.46,0,0,25,-8.98381
1.465,0,0,25,-8.98024
1.47,0,0,25,-8.97668
1.475,0,0,25,-8.97311
1.48,0,0,25,-8.96955
1.485,0,0,25,-8.96599
1.49,0,0,25,-8.96243
1.495,0,0,25,-8.95887
1.5,0,0,25,-8.95531
1.505,0,0,25,-8.95175
1.51,0,0,25,-8.94819
1.515,0,0,25,-8.94464
1.52,0,0,25,-8.94108
1.525,0,0,25,-8.93753
1.53,0,0,25,-8.93397
1.535,0,0,25,-8.93042
1.54,0,0,25,-8.92687
1.545,0,0,25,-8.92331
1.55,0,0,25,-8.91976
1.555,0,0,25,-8.91621
1.56,0,0,25,-8.91266
1.565,0,0,25,-8.90912
1.57,0,0,25,-8.90557
1.575,0,0,25,-8.90202
1.58,0,0,25,-8.89848
1.585,0,0,25,-8.89493
1.59,0,0,25,-8.89139
1.595,0,0,25,-8.88784
1.6,0,0,25,-8.8843
1.605,0,0,25,-8.88076
1.61,0,0,25,-8.87722
1.615,0,0,25,-8.87368
1.62,0,0,25,-8.87014
1.625,0,0,25,-8.8666
1.63,0,0,25,-8.86306
1.635,0,0,25,-8.85952
1.64,0,0,25,-8.85599
1.645,0,0,25,-8.85245
1.65,0,0,25,-8.84892
1.655,0,0,25,-8.84538
1.66,0,0,25,-8.84185
1.665,0,0,25,-8.83832
1.67,0,0,25,-8.83478
1.675,0,0,25,-8.83125
1.68,0,0,25,-8.82772
1.685,0,0,25,-8.82419
1.69,0,0,25,-8.82066
1.695,0,0,25,-8.81714
1.7,0,0,25,-8.81361
1.705,0,0,25,-8.81008
1.71,0,0,25,-8.80656
1.715,0,0,25,-8.80303
1.72,0,0,25,-8.79951
1.725,0,0,25,-8.79598
1.73,0,0,25,-8.79246
1.735,0,0,25,-8.78894
1.74,0,0,25,-8.78542
1.745,0,0,25,-8.7819
1.75,0,0,25,-8.77838
1.755,0,0,25,-8.77486
1.76,0,0,25,-8.77134
1.765,0,0,25,-8.76782
1.77,0,0,25,-8.7643
1.775,0,0,25,-8.76079
1.78,0,0,25,-8.75727
1.785,0,0,25,-8.75376
1.79,0,0,25,-8.75024
1.795,0,0,25,-8.74673
1.8,0,0,25,-8.74322
1.805,0,0,25,-8.7397
1.81,0,0,25,-8.73619
1.815,0,0,25,-8.73268
1.82,0,0,25,-8.72917
1.825,0,0,25,-8.72566
1.83,0,0,25,-8.72215
1.835,0,0,25,-8.71864
1.84,0,0,25,-8.71514
1.845,0,0,25,-8.71163
1.85,0,0,25,-8.70812
1.855,0,0,25,-8.70462
1.86,0,0,25,-8.70111
1.865,0,0,25,-8.69761
1.87,0,0,25,-8.69411
1.875,0,0,25,-8.6906
1.88,0,0,25,-8.6871
1.885,0,0,25,-8.6836
1.89,0,0,25,-8.6801
1.895,0,0,25,-8.6766
1.9,0,0,25,-8.6731
1.905,0,0,25,-8.6696
1.91,0,0,25,-8.6661
1.915,0,0,25,-8.66261
1.92,0,0,25,-8.65911
1.925,0,0,25,-8.65561
1.93,0,0,25,-8.65212
1.935,0,0,25,-8.64862
1.94,0,0,25,-8.64513
1.945,0,0,25,-8.64164
1.95,0,0,25,-8.63814
1.955,0,0,25,-8.63465
1.96,0,0,25,-8.63116
1.965,0,0,25,-8.62767
1.97,0,0,25,-8.62418
1.975,0,0,25,-8.62069
1.98,0,0,25,-8.6172
1.985,0,0,25,-8.61371
1.99,0,0,25,-8.61022
1.995,0,0,25,-8.60674
2,0,0,25,-8.60325
2.005,0,0,25,-8.59976
2.01,0,0,25,-8.59628
2.015,0,0,25,-8.5928
2.02,0,0,25,-8.58931
2.025,0,0,25,-8.58583
2.03,0,0,25,-8.58235
2.035,0,0,25,-8.57886
2.04,0,0,25,-8.57538
2.045,0,0,25,-8.5719
2.05,0,0,25,-8.56842
2.055,0,0,25,-8.56494
2.06,0,0,25,-8.56146
2.065,0,0,25,-8.55798
2.07,0,0,25,-8.55451
2.075,0,0,25,-8.55103
2.08,0,0,25,-8.54755
2.085,0,0,25,-8.54408
2.09,0,0,25,-8.5406
2.095,0,0,25,-8.53713
2.1,0,0,25,-8.53365
2.105,0,0,25,-8.53018
2.11,0,0,25,-8.52671
2.115,0,0,25,-8.52323
2.12,0,0,25,-8.51976
2.125,0,0,25,-8.51629
2.13,0,0,25,-8.51282
2.135,0,0,25,-8.50935
2.14,0,0,25,-8.50588
2.145,0,0,25,-8.50241
2.15,0,0,25,-8.49895
2.155,0,0,25,-8.49548
2.16,0,0,25,-8.49201
2.165,0,0,25,-8.48854
2.17,0,0,25,-8.48508
2.175,0,0,25,-8.48161
2.18,0,0,25,-8.47815
2.185,0,0,25,-8.47469
2.19,0,0,25,-8.47122
2.195,0,0,25,-8.46776
2.2,0,0,25,-8.4643
2.205,0,0,25,-8.46084
2.21,0,0,25,-8.45737
2.215,0,0,25,-8.45391
2.22,0,0,25,-8.45045
2.225,0,0,25,-8.447
2.23,0,0,25,-8.44354
2.235,0,0,25,-8.44008
2.24,0,0,25,-8.43662
2.245,0,0,25,-8.43316
2.25,0,0,25,-8.42971
2.255,0,0,25,-8.42625
2.26,0,0,25,-8.4228
2.265,0,0,25,-8.41934
2.27,0,0,25,-8.41589
2.275,0,0,25,-8.41243
2.28,0,0,25,-8.40898
2.285,0,0,25,-8.40553
2.29,0,0,25,-8.40208
2.295,0,0,25,-8.39863
2.3,0,0,25,-8.39518
2.305,0,0,25,-8.39173
2.31,0,0,25,-8.38828
2.315,0,0,25,-8.38483
2.32,0,0,25,-8.38138
2.325,0,0,25,-8.37793
2.33,0,0,25,-8.37448
2.335,0,0,25,-8.37104
2.34,0,0,25,-8.36759
2.345,0,0,25,-8.36415
2.35,0,0,25,-8.3607
2.355,0,0,25,-8.35726
2.36,0,0,25,-8.35381
2.365,0,0,25,-8.35037
2.37,0,0,25,-8.34693
2.375,0,0,25,-8.34349
2.38,0,0,25,-8.34004
2.385,0,0,25,-8.3366
2.39,0,0,25,-8.33316
2.395,0,0,25,-8.32972
2.4,0,0,25,-8.32628
2.405,0,0,25,-8.32284
2.41,0,0,25,-8.31941
2.415,0,0,25,-8.31597
2.42,0,0,25,-8.31253
2.425,0,0,25,-8.30909
2.43,0,0,25,-8.30566
2.435,0,0,25,-8.30222
2.44,0,0,25,-8.29879
2.445,0,0,25,-8.29535
2.45,0,0,25,-8.29192
2.455,0,0,25,-8.28849
2.46,0,0,25,-8.28505
2.465,0,0,25,-8.28162
2.47,0,0,25,-8.27819
2.475,0,0,25,-8.27476
2.48,0,0,25,-8.27133
2.485,0,0,25,-8.2679
2.49,0,0,25,-8.26447
2.495,0,0,25,-8.26104
2.5,0,0,25,-8.25761
2.505,0,0,25,-8.25418
2.51,0,0,25,-8.25076
2.515,0,0,25,-8.24733
2.52,0,0,25,-8.2439
2.525,0,0,25,-8.24048
2.53,0,0,25,-8.23705
2.535,0,0,25,-8.23363
2.54,0,0,25,-8.2302
2.545,0,0,25,-8.22678
2.55,0,0,25,-8.22336
2.555,0,0,25,-8.21993
2.56,0,0,25,-8.21651
2.565,0,0,25,-8.21309
2.57,0,0,25,-8.20967
2.575,0,0,25,-8.20625
2.58,0,0,25,-8.20283
2.585,0,0,25,-8.19941
2.59,0,0,25,-8.19599
2.595,0,0,25,-8.19257
2.6,0,0,25,-8.18916
2.605,0,0,25,-8.18574
2.61,0,0,25,-8.18232
2.615,0,0,25,-8.17891
2.62,0,0,25,-8.17549
2.625,0,0,25,-8.17208
2.63,0,0,25,-8.16866
2.635,0,0,25,-8.16525
2.64,0,0,25,-8.16183
2.645,0,0,25,-8.15842
2.65,0,0,25,-8.15501
2.655,0,0,25,-8.1516
2.66,0,0,25,-8.14819
2.665,0,0,25,-8.14478
2.67,0,0,25,-8.14136
2.675,0,0,25,-8.13795
2.68,0,0,25,-8.13455
2.685,0,0,25,-8.13114
2.69,0,0,25,-8.12773
2.695,0,0,25,-8.12432
2.7,0,0,25,-8.12091
2.705,0,0,25,-8.11751
2.71,0,0,25,-8.1141
2.715,0,0,25,-8.1107
2.72,0,0,25,-8.10729
2.725,0,0,25,-8.10389
2.73,0,0,25,-8.10048
2.735,0,0,25,-8.09708
2.74,0,0,25,-8.09367
2.745,0,0,25,-8.09027
2.75,0,0,25,-8.08687
2.755,0,0,25,-8.08347
2.76,0,0,25,-8.08007
2.765,0,0,25,-8.07667
2.77,0,0,25,-8.07327
2.775,0,0,25,-8.06987
2.78,0,0,25,-8.06647
2.785,0,0,25,-8.06307
2.79,0,0,25,-8.05967
2.795,0,0,25,-8.05627
2.8,0,0,25,-8.05288
2.805,0,0,25,-8.04948
2.81,0,0,25,-8.04609
2.815,0,0,25,-8.04269
2.82,0,0,25,-8.03929
2.825,0,0,25,-8.0359
2.83,0,0,25,-8.03251
2.835,0,0,25,-8.02911
2.84,0,0,25,-8.02572
2.845,0,0,25,-8.02233
2.85,0,0,25,-8.01894
2.855,0,0,25,-8.01554
2.86,0,0,25,-8.01215
2.865,0,0,25,-8.00876
2.87,0,0,25,-8.00537
2.875,0,0,25,-8.00198
2.88,0,0,25,-7.99859
2.885,0,0,25,-7.99521
2.89,0,0,25,-7.99182
2.895,0,0,25,-7.98843
2.9,0,0,25,-7.98504
2.905,0,0,25,-7.98166
2.91,0,0,25,-7.97827
2.915,0,0,25,-7.97488
2.92,0,0,25,-7.9715
2.925,0,0,25,-7.96812
2.93,0,0,25,-7.96473
2.935,0,0,25,-7.96135
2.94,0,0,25,-7.95796
2.945,0,0,25,-7.95458
2.95,0,0,25,-7.9512
2.955,0,0,25,-7.94782
2.96,0,0,25,-7.94444
2.965,0,0,25,-7.94106
2.97,0,0,25,-7.93768
2.975,0,0,25,-7.9343
2.98,0,0,25,-7.93092
2.985,0,0,25,-7.92754
2.99,0,0,25,-7.92416
2.995,0,0,25,-7.92078
3,0,0,25,-7.9174
3.005,0,0,25,-7.91403
3.01,0,0,25,-7.91065
3.015,0,0,25,-7.90728
3.02,0,0,25,-7.9039
3.025,0,0,25,-7.90052
3.03,0,0,25,-7.89715
3.035,0,0,25,-7.89378
3.04,0,0,25,-7.8904
3.045,0,0,25,-7.88703
3.05,0,0,25,-7.88366
3.055,0,0,25,-7.88028
3.06,0,0,25,-7.87691
3.065,0,0,25,-7.87354
3.07,0,0,25,-7.87017
3.075,0,0,25,-7.8668
3.08,0,0,25,-7.86343
3.085,0,0,25,-7.86006
3.09,0,0,25,-7.85669
3.095,0,0,25,-7.85332
3.1,0,0,25,-7.84995
3.105,0,0,25,-7.84659
3.11,0,0,25,-7.84322
3.115,0,0,25,-7.83985
3.12,0,0,25,-7.83649
3.125,0,0,25,-7.83312
3.13,0,0,25,-7.82975
3.135,0,0,25,-7.82639
3.14,0,0,25,-7.82302
3.145,0,0,25,-7.81966
3.15,0,0,25,-7.8163
3.155,0,0,25,-7.81293
3.16,0,0,25,-7.80957
3.165,0,0,25,-7.80621
3.17,0,0,25,-7.80285
3.175,0,0,25,-7.79948
3.18,0,0,25,-7.79612
3.185,0,0,25,-7.79276
3.19,0,0,25,-7.7894
3.195,0,0,25,-7.78604
3.2,0,0,25,-7.78268
3.205,0,0,25,-7.77932
3.21,0,0,25,-7.77597
3.215,0,0,25,-7.77261
3.22,0,0,25,-7.76925
3.225,0,0,25,-7.76589
3.23,0,0,25,-7.76254
3.235,0,0,25,-7.75918
3.24,0,0,25,-7.75582
3.245,0,0,25,-7.75247
3.25,0,0,25,-7.74911
3.255,0,0,25,-7.74576
3.26,0,0,25,-7.7424
3.265,0,0,25,-7.73905
3.27,0,0,25,-7.7357
3.275,0,0,25,-7.73234
3.28,0,0,25,-7.72899
3.285,0,0,25,-7.72564
3.29,0,0,25,-7.72229
3.295,0,0,25,-7.71893
3.3,0,0,25,-7.71558
3.305,0,0,25,-7.71223
3.31,0,0,25,-7.70888
3.315,0,0,25,-7.70553
3.32,0,0,25,-7.70218
3.325,0,0,25,-7.69883
3.33,0,0,25,-7.69548
3.335,0,0,25,-7.69214
3.34,0,0,25,-7.68879
3.345,0,0,25,-7.68544
3.35,0,0,25,-7.68209
3.355,0,0,25,-7.67875
3.36,0,0,25,-7.6754
3.365,0,0,25,-7.67205
3.37,0,0,25,-7.66871
3.375,0,0,25,-7.66536
3.38,0,0,25,-7.66202
3.385,0,0,25,-7.65867
3.39,0,0,25,-7.65533
3.395,0,0,25,-7.65198
3.4,0,0,25,-7.64864
3.405,0,0,25,-7.64529
3.41,0,0,25,-7.64195
3.415,0,0,25,-7.63861
3.42,0,0,25,-7.63527
3.425,0,0,25,-7.63192
3.43,0,0,25,-7.62858
3.435,0,0,25,-7.62524
3.44,0,0,25,-7.6219
3.445,0,0,25,-7.61856
3.45,0,0,25,-7.61522
3.455,0,0,25,-7.61188
3.46,0,0,25,-7.60854
3.465,0,0,25,-7.6052
3.47,0,0,25,-7.60186
3.475,0,0,25,-7.59852
3.48,0,0,25,-7.59518
3.485,0,0,25,-7.59184
3.49,0,0,25,-7.58851
3.495,0,0,25,-7.58517
3.5,0,0,25,-7.58183
3.505,0,0,25,-7.57849
3.51,0,0,25,-7.57516
3.515,0,0,25,-7.57182
3.52,0,0,25,-7.56848
3.525,0,0,25,-7.56515
3.53,0,0,25,-7.56181
3.535,0,0,25,-7.55848
3.54,0,0,25,-7.55514
3.545,0,0,25,-7.55181
3.55,0,0,25,-7.54847
3.555,0,0,25,-7.54514
3.56,0,0,25,-7.54181
3.565,0,0,25,-7.53847
3.57,0,0,25,-7.53514
3.575,0,0,25,-7.53181
3.58,0,0,25,-7.52847
3.585,0,0,25,-7.52514
3.59,0,0,25,-7.52181
3.595,0,0,25,-7.51848
3.6,0,0,25,-7.51514
3.605,0,0,25,-7.51181
3.61,0,0,25,-7.50848
3.615,0,0,25,-7.50515
3.62,0,0,25,-7.50182
3.625,0,0,25,-7.49849
3.63,0,0,25,-7.49516
3.635,0,0,25,-7.49183
3.64,0,0,25,-7.4885
3.645,0,0,25,-7.48517
3.65,0,0,25,-7.48184
3.655,0,0,25,-7.47851
3.66,0,0,25,-7.47518
3.665,0,0,25,-7.47185
3.67,0,0,25,-7.46852
3.675,0,0,25,-7.46519
3.68,0,0,25,-7.46186
3.685,0,0,25,-7.45854
3.69,0,0,25,-7.45521
3.695,0,0,25,-7.45188
3.7,0,0,25,-7.44855
3.705,0,0,25,-7.44523
3.71,0,0,25,-7.4419
3.715,0,0,25,-7.43857
3.72,0,0,25,-7.43525
3.725,0,0,25,-7.43192
3.73,0,0,25,-7.42859
3.735,0,0,25,-7.42527
3.74,0,0,25,-7.42194
3.745,0,0,25,-7.41862
3.75,0,0,25,-7.41529
3.755,0,0,25,-7.41196
3.76,0,0,25,-7.40864
3.765,0,0,25,-7.40531
3.77,0,0,25,-7.40199
3.775,0,0,25,-7.39866
3.78,0,0,25,-7.39534
3.785,0,0,25,-7.39201
3.79,0,0,25,-7.38869
3.795,0,0,25,-7.38537
3.8,0,0,25,-7.38204
3.805,0,0,25,-7.37872
3.81,0,0,25,-7.37539
3.815,0,0,25,-7.37207
3.82,0,0,25,-7.36875
3.825,0,0,25,-7.36542
3.83,0,0,25,-7.3621
3.835,0,0,25,-7.35878
3.84,0,0,25,-7.35545
3.845,0,0,25,-7.35213
3.85,0,0,25,-7.34881
3.855,0,0,25,-7.34549
3.86,0,0,25,-7.34216
3.865,0,0,25,-7.33884
3.87,0,0,25,-7.33552
3.875,0,0,25,-7.3322
3.88,0,0,25,-7.32887
3.885,0,0,25,-7.32555
3.89,0,0,25,-7.32223
3.895,0,0,25,-7.31891
3.9,0,0,25,-7.31559
3.905,0,0,25,-7.31227
3.91,0,0,25,-7.30894
3.915,0,0,25,-7.30562
3.92,0,0,25,-7.3023
3.925,0,0,25,-7.29898
3.93,0,0,25,-7.29566
3.935,0,0,25,-7.29234
3.94,0,0,25,-7.28902
3.945,0,0,25,-7.2857
3.95,0,0,25,-7.28238
3.955,0,0,25,-7.27906
3.96,0,0,25,-7.27574
3.965,0,0,25,-7.27242
3.97,0,0,25,-7.2691
3.975,0,0,25,-7.26578
3.98,0,0,25,-7.26246
3.985,0,0,25,-7.25914
3.99,0,0,25,-7.25582
3.995,0,0,25,-7.2525
4,0,0,25,-7.24919
4.005,0,0,25,-7.24587
4.01,0,0,25,-7.24255
4.015,0,0,25,-7.23923
4.02,0,0,25,-7.23591
4.025,0,0,25,-7.23259
4.03,0,0,25,-7.22928
4.035,0,0,25,-7.22596
4.04,0,0,25,-7.22264
4.045,0,0,25,-7.21933
4.05,0,0,25,-7.21601
4.055,0,0,25,-7.21269
4.06,0,0,25,-7.20938
4.065,0,0,25,-7.20606
4.07,0,0,25,-7.20275
4.075,0,0,25,-7.19943
4.08,0,0,25,-7.19611
4.085,0,0,25,-7.1928
4.09,0,0,25,-7.18949
4.095,0,0,25,-7.18617
4.1,0,0,25,-7.18286
4.105,0,0,25,-7.17954
4.11,0,0,25,-7.17623
4.115,0,0,25,-7.17292
4.12,0,0,25,-7.16961
4.125,0,0,25,-7.1663
4.13,0,0,25,-7.16298
4.135,0,0,25,-7.15967
4.14,0,0,25,-7.15636
4.145,0,0,25,-7.15305
4.15,0,0,25,-7.14974
4.155,0,0,25,-7.14644
4.16,0,0,25,-7.14313
4.165,0,0,25,-7.13982
4.17,0,0,25,-7.13651
4.175,0,0,25,-7.13321
4.18,0,0,25,-7.1299
4.185,0,0,25,-7.1266
4.19,0,0,25,-7.12329
4.195,0,0,25,-7.11999
4.2,0,0,25,-7.11669
4.205,0,0,25,-7.11338
4.21,0,0,25,-7.11008
4.215,0,0,25,-7.10678
4.22,0,0,25,-7.10348
4.225,0,0,25,-7.10019
4.23,0,0,25,-7.09689
4.235,0,0,25,-7.09359
4.24,0,0,25,-7.0903
4.245,0,0,25,-7.087
4.25,0,0,25,-7.08371
4.255,0,0,25,-7.08042
4.26,0,0,25,-7.07713
4.265,0,0,25,-7.07384
4.27,0,0,25,-7.07055
4.275,0,0,25,-7.06726
4.28,0,0,25,-7.06398
4.285,0,0,25,-7.0607
4.29,0,0,25,-7.05741
4.295,0,0,25,-7.05413
4.3,0,0,25,-7.05085
4.305,0,0,25,-7.04758
4.31,0,0,25,-7.0443
4.315,0,0,25,-7.04103
4.32,0,0,25,-7.03776
4.325,0,0,25,-7.03449
4.33,0,0,25,-7.03122
4.335,0,0,25,-7.02796
4.34,0,0,25,-7.02469
4.345,0,0,25,-7.02143
4.35,0,0,25,-7.01817
4.355,0,0,25,-7.01492
4.36,0,0,25,-7.01166
4.365,0,0,25,-7.00841
4.37,0,0,25,-7.00517
4.375,0,0,25,-7.00192
4.38,0,0,25,-6.99868
4.385,0,0,25,-6.99544
4.39,0,0,25,-6.9922
4.395,0,0,25,-6.98897
4.4,0,0,25,-6.98574
4.405,0,0,25,-6.98251
4.41,0,0,25,-6.97929
4.415,0,0,25,-6.97607
4.42,0,0,25,-6.97286
4.425,0,0,25,-6.96965
4.43,0,0,25,-6.96644
4.435,0,0,25,-6.96323
4.44,0,0,25,-6.96004
4.445,0,0,25,-6.95684
4.45,0,0,25,-6.95365
4.455,0,0,25,-6.95047
4.46,0,0,25,-6.94729
4.465,0,0,25,-6.94411
4.47,0,0,25,-6.94094
4.475,0,0,25,-6.93778
4.48,0,0,25,-6.93462
4.485,0,0,25,-6.93146
4.49,0,0,25,-6.92832
4.495,0,0,25,-6.92517
4.5,0,0,25,-6.92204
4.505,0,0,25,-6.91891
4.51,0,0,25,-6.91579
4.515,0,0,25,-6.91267
4.52,0,0,25,-6.90957
4.525,0,0,25,-6.90647
4.53,0,0,25,-6.90337
4.535,0,0,25,-6.90029
4.54,0,0,25,-6.89721
4.545,0,0,25,-6.89414
4.55,0,0,25,-6.89108
4.555,0,0,25,-6.88803
4.56,0,0,25,-6.88498
4.565,0,0,25,-6.88195
4.57,0,0,25,-6.87892
4.575,0,0,25,-6.87591
4.58,0,0,25,-6.87291
4.585,0,0,25,-6.86991
4.59,0,0,25,-6.86693
4.595,0,0,25,-6.86396
4.6,0,0,25,-6.861
4.605,0,0,25,-6.85805
4.61,0,0,25,-6.85511
4.615,0,0,25,-6.85218
4.62,0,0,25,-6.84927
4.625,0,0,25,-6.84637
4.63,0,0,25,-6.84349
4.635,0,0,25,-6.84062
4.64,0,0,25,-6.83776
4.645,0,0,25,-6.83491
4.65,0,0,25,-6.83209
4.655,0,0,25,-6.82927
4.66,0,0,25,-6.82648
4.665,0,0,25,-6.8237
4.67,0,0,25,-6.82093
4.675,0,0,25,-6.81819
4.68,0,0,25,-6.81546
4.685,0,0,25,-6.81275
4.69,0,0,25,-6.81006
4.695,0,0,25,-6.80739
4.7,0,0,25,-6.80473
4.705,0,0,25,-6.8021
4.71,0,0,25,-6.79949
4.715,0,0,25,-6.7969
4.72,0,0,25,-6.79434
4.725,0,0,25,-6.79179
4.73,0,0,25,-6.78927
4.735,0,0,25,-6.78677
4.74,0,0,25,-6.7843
4.745,0,0,25,-6.78185
4.75,0,0,25,-6.77943
4.755,0,0,25,-6.77703
4.76,0,0,25,-6.77467
4.765,0,0,25,-6.77233
4.77,0,0,25,-6.77002
4.775,0,0,25,-6.76773
4.78,0,0,25,-6.76548
4.785,0,0,25,-6.76326
4.79,0,0,25,-6.76107
4.795,0,0,25,-6.75892
4.8,0,0,25,-6.75679
4.805,0,0,25,-6.7547
4.81,0,0,25,-6.75265
4.815,0,0,25,-6.75063
4.82,0,0,25,-6.74865
4.825,0,0,25,-6.74671
4.83,0,0,25,-6.74481
4.835,0,0,25,-6.74294
4.84,0,0,25,-6.74112
4.845,0,0,25,-6.73933
4.85,0,0,25,-6.73759
4.855,0,0,25,-6.7359
4.86,0,0,25,-6.73424
4.865,0,0,25,-6.73264
4.87,0,0,25,-6.73108
4.875,0,0,25,-6.72956
4.88,0,0,25,-6.7281
4.885,0,0,25,-6.72668
4.89,0,0,25,-6.72532
4.895,0,0,25,-6.724
4.9,0,0,25,-6.72274
4.905,0,0,25,-6.72153
4.91,0,0,25,-6.72038
4.915,0,0,25,-6.71928
4.92,0,0,25,-6.71823
4.925,0,0,25,-6.71724
4.93,0,0,25,-6.71631
4.935,0,0,25,-6.71544
4.94,0,0,25,-6.71463
4.945,0,0,25,-6.71387
4.95,0,0,25,-6.71318
4.955,0,0,25,-6.71255
4.96,0,0,25,-6.71198
4.965,0,0,25,-6.71147
4.97,0,0,25,-6.71102
4.975,0,0,25,-6.71064
4.98,0,0,25,-6.71032
4.985,0,0,25,-6.71007
4.99,0,0,25,-6.70987
4.995,0,0,25,-6.70974
5,0,0,25,-6.70968
