0,0,0,125,-25.0268
0.025,0,0,125,-25.0223
0.05,0,0,125,-25.0132
0.075,0,0,125,-24.9996
0.1,0,0,125,-24.9815
0.125,0,0,125,-24.9593
0.15,0,0,125,-24.933
0.175,0,0,125,-24.9032
0.2,0,0,125,-24.87
0.225,0,0,125,-24.8338
0.25,0,0,125,-24.7949
0.275,0,0,125,-24.7534
0.3,0,0,125,-24.7097
0.325,0,0,125,-24.6638
0.35,0,0,125,-24.6159
0.375,0,0,125,-24.5663
0.4,0,0,125,-24.5151
0.425,0,0,125,-24.4625
0.45,0,0,125,-24.4086
0.475,0,0,125,-24.3535
0.5,0,0,125,-24.2973
0.525,0,0,125,-24.2403
0.55,0,0,125,-24.1825
0.575,0,0,125,-24.1239
0.6,0,0,125,-24.0648
0.625,0,0,125,-24.0052
0.65,0,0,125,-23.9451
0.675,0,0,125,-23.8847
0.7,0,0,125,-23.824
0.725,0,0,125,-23.7631
0.75,0,0,125,-23.7021
0.775,0,0,125,-23.641
0.8,0,0,125,-23.5799
0.825,0,0,125,-23.5188
0.85,0,0,125,-23.4578
0.875,0,0,125,-23.397
0.9,0,0,125,-23.3363
0.925,0,0,125,-23.2758
0.95,0,0,125,-23.2155
0.975,0,0,125,-23.1555
1,0,0,125,-23.0958
1.025,0,0,125,-23.0364
1.05,0,0,125,-22.9773
1.075,0,0,125,-22.9186
1.1,0,0,125,-22.8602
1.125,0,0,125,-22.8023
1.15,0,0,125,-22.7447
1.175,0,0,125,-22.6876
1.2,0,0,125,-22.6309
1.225,0,0,125,-22.5746
1.25,0,0,125,-22.5188
1.275,0,0,125,-22.4634
1.3,0,0,125,-22.4085
1.325,0,0,125,-22.354
1.35,0,0,125,-22.3
1.375,0,0,125,-22.2464
1.4,0,0,125,-22.1933
1.425,0,0,125,-22.1407
1.45,0,0,125,-22.0885
1.475,0,0,125,-22.0367
1.5,0,0,125,-21.9854
1.525,0,0,125,-21.9346
1.55,0,0,125,-21.8842
1.575,0,0,125,-21.8342
1.6,0,0,125,-21.7846
1.625,0,0,125,-21.7355
1.65,0,0,125,-21.6867
1.675,0,0,125,-21.6384
1.7,0,0,125,-21.5905
1.725,0,0,125,-21.543
1.75,0,0,125,-21.4958
1.775,0,0,125,-21.449
1.8,0,0,125,-21.4026
1.825,0,0,125,-21.3566
1.85,0,0,125,-21.3109
1.875,0,0,125,-21.2655
1.9,0,0,125,-21.2205
1.925,0,0,125,-21.1758
1.95,0,0,125,-21.1314
1.975,0,0,125,-21.0873
2,0,0,125,-21.0435
2.025,0,0,125,-21
2.05,0,0,125,-20.9568
2.075,0,0,125,-20.9138
2.1,0,0,125,-20.8711
2.125,0,0,125,-20.8287
2.15,0,0,125,-20.7865
2.175,0,0,125,-20.7445
2.2,0,0,125,-20.7028
2.225,0,0,125,-20.6612
2.25,0,0,125,-20.6199
2.275,0,0,125,-20.5788
2.3,0,0,125,-20.5378
2.325,0,0,125,-20.4971
2.35,0,0,125,-20.4565
2.375,0,0,125,-20.4161
2.4,0,0,125,-20.3758
2.425,0,0,125,-20.3357
2.45,0,0,125,-20.2958
2.475,0,0,125,-20.256
2.5,0,0,125,-20.2163
2.525,0,0,125,-20.1767
2.55,0,0,125,-20.1373
2.575,0,0,125,-20.0979
2.6,0,0,125,-20.0587
2.625,0,0,125,-20.0196
2.65,0,0,125,-19.9806
2.675,0,0,125,-19.9416
2.7,0,0,125,-19.9027
2.725,0,0,125,-19.8639
2.75,0,0,125,-19.8252
2.775,0,0,125,-19.7865
2.8,0,0,125,-19.7479
2.825,0,0,125,-19.7093
2.85,0,0,125,-19.6708
2.875,0,0,125,-19.6324
2.9,0,0,125,-19.5939
2.925,0,0,125,-19.5555
2.95,0,0,125,-19.5171
2.975,0,0,125,-19.4787
3,0,0,125,-19.4404
3.025,0,0,125,-19.402
3.05,0,0,125,-19.3637
3.075,0,0,125,-19.3253
3.1,0,0,125,-19.287
3.125,0,0,125,-19.2486
3.15,0,0,125,-19.2103
3.175,0,0,125,-19.1719
3.2,0,0,125,-19.1335
3.225,0,0,125,-19.0951
3.25,0,0,125,-19.0566
3.275,0,0,125,-19.0181
3.3,0,0,125,-18.9796
3.325,0,0,125,-18.941
3.35,0,0,125,-18.9024
3.375,0,0,125,-18.8638
3.4,0,0,125,-18.8251
3.425,0,0,125,-18.7863
3.45,0,0,125,-18.7475
3.475,0,0,125,-18.7087
3.5,0,0,125,-18.6698
3.525,0,0,125,-18.6308
3.55,0,0,125,-18.5918
3.575,0,0,125,-18.5527
3.6,0,0,125,-18.5135
3.625,0,0,125,-18.4743
3.65,0,0,125,-18.435
3.675,0,0,125,-18.3956
3.7,0,0,125,-18.3562
3.725,0,0,125,-18.3167
3.75,0,0,125,-18.2771
3.775,0,0,125,-18.2375
3.8,0,0,125,-18.1978
3.825,0,0,125,-18.158
3.85,0,0,125,-18.1181
3.875,0,0,125,-18.0782
3.9,0,0,125,-18.0381
3.925,0,0,125,-17.998
3.95,0,0,125,-17.9579
3.975,0,0,125,-17.9176
4,0,0,125,-17.8773
4.025,0,0,125,-17.8369
4.05,0,0,125,-17.7965
4.075,0,0,125,-17.756
4.1,0,0,125,-17.7155
4.125,0,0,125,-17.675
4.15,0,0,125,-17.6344
4.175,0,0,125,-17.5938
4.2,0,0,125,-17.5532
4.225,0,0,125,-17.5127
4.25,0,0,125,-17.4722
4.275,0,0,125,-17.4317
4.3,0,0,125,-17.3913
4.325,0,0,125,-17.351
4.35,0,0,125,-17.3108
4.375,0,0,125,-17.2708
4.4,0,0,125,-17.2309
4.425,0,0,125,-17.1913
4.45,0,0,125,-17.152
4.475,0,0,125,-17.113
4.5,0,0,125,-17.0744
4.525,0,0,125,-17.0363
4.55,0,0,125,-16.9986
4.575,0,0,125,-16.9615
4.6,0,0,125,-16.9251
4.625,0,0,125,-16.8895
4.65,0,0,125,-16.8548
4.675,0,0,125,-16.821
4.7,0,0,125,-16.7884
4.725,0,0,125,-16.7571
4.75,0,0,125,-16.7272
4.775,0,0,125,-16.6988
4.8,0,0,125,-16.6723
4.825,0,0,125,-16.6479
4.85,0,0,125,-16.6256
4.875,0,0,125,-16.6059
4.9,0,0,125,-16.5889
4.925,0,0,125,-16.5749
4.95,0,0,125,-16.5641
4.975,0,0,125,-16.5569
5,0,0,125,-16.5532
