0,0,0,125,-33.4989
0.025,0,0,125,-33.4952
0.05,0,0,125,-33.4879
0.075,0,0,125,-33.477
0.1,0,0,125,-33.4624
0.125,0,0,125,-33.4443
0.15,0,0,125,-33.4229
0.175,0,0,125,-33.3982
0.2,0,0,125,-33.3704
0.225,0,0,125,-33.3396
0.25,0,0,125,-33.306
0.275,0,0,125,-33.2697
0.3,0,0,125,-33.2307
0.325,0,0,125,-33.1891
0.35,0,0,125,-33.1452
0.375,0,0,125,-33.0988
0.4,0,0,125,-33.0502
0.425,0,0,125,-32.9994
0.45,0,0,125,-32.9466
0.475,0,0,125,-32.8917
0.5,0,0,125,-32.8348
0.525,0,0,125,-32.7761
0.55,0,0,125,-32.7157
0.575,0,0,125,-32.6535
0.6,0,0,125,-32.5896
0.625,0,0,125,-32.5242
0.65,0,0,125,-32.4573
0.675,0,0,125,-32.389
0.7,0,0,125,-32.3192
0.725,0,0,125,-32.2482
0.75,0,0,125,-32.1759
0.775,0,0,125,-32.1024
0.8,0,0,125,-32.0278
0.825,0,0,125,-31.9522
0.85,0,0,125,-31.8755
0.875,0,0,125,-31.7979
0.9,0,0,125,-31.7193
0.925,0,0,125,-31.6399
0.95,0,0,125,-31.5597
0.975,0,0,125,-31.4788
1,0,0,125,-31.3971
1.025,0,0,125,-31.3148
1.05,0,0,125,-31.2319
1.075,0,0,125,-31.1485
1.1,0,0,125,-31.0645
1.125,0,0,125,-30.9801
1.15,0,0,125,-30.8952
1.175,0,0,125,-30.8099
1.2,0,0,125,-30.7243
1.225,0,0,125,-30.6384
1.25,0,0,125,-30.5522
1.275,0,0,125,-30.4658
1.3,0,0,125,-30.3792
1.325,0,0,125,-30.2924
1.35,0,0,125,-30.2055
1.375,0,0,125,-30.1184
1.4,0,0,125,-30.0313
1.425,0,0,125,-29.9442
1.45,0,0,125,-29.857
1.475,0,0,125,-29.7698
1.5,0,0,125,-29.6827
1.525,0,0,125,-29.5957
1.55,0,0,125,-29.5087
1.575,0,0,125,-29.4219
1.6,0,0,125,-29.3352
1.625,0,0,125,-29.2486
1.65,0,0,125,-29.1622
1.675,0,0,125,-29.076
1.7,0,0,125,-28.99
1.725,0,0,125,-28.9043
1.75,0,0,125,-28.8188
1.775,0,0,125,-28.7336
1.8,0,0,125,-28.6486
1.825,0,0,125,-28.564
1.85,0,0,125,-28.4796
1.875,0,0,125,-28.3956
1.9,0,0,125,-28.3119
1.925,0,0,125,-28.2285
1.95,0,0,125,-28.1455
1.975,0,0,125,-28.0629
2,0,0,125,-27.9806
2.025,0,0,125,-27.8987
2.05,0,0,125,-27.8172
2.075,0,0,125,-27.7361
2.1,0,0,125,-27.6554
2.125,0,0,125,-27.5752
2.15,0,0,125,-27.4953
2.175,0,0,125,-27.4159
2.2,0,0,125,-27.3369
2.225,0,0,125,-27.2583
2.25,0,0,125,-27.1802
2.275,0,0,125,-27.1025
2.3,0,0,125,-27.0252
2.325,0,0,125,-26.9484
2.35,0,0,125,-26.8721
2.375,0,0,125,-26.7962
2.4,0,0,125,-26.7207
2.425,0,0,125,-26.6457
2.45,0,0,125,-26.5712
2.475,0,0,125,-26.4971
2.5,0,0,125,-26.4235
2.525,0,0,125,-26.3503
2.55,0,0,125,-26.2776
2.575,0,0,125,-26.2054
2.6,0,0,125,-26.1336
2.625,0,0,125,-26.0623
2.65,0,0,125,-25.9914
2.675,0,0,125,-25.921
2.7,0,0,125,-25.851
2.725,0,0,125,-25.7816
2.75,0,0,125,-25.7125
2.775,0,0,125,-25.6439
2.8,0,0,125,-25.5758
2.825,0,0,125,-25.5081
2.85,0,0,125,-25.4408
2.875,0,0,125,-25.374
2.9,0,0,125,-25.3077
2.925,0,0,125,-25.2417
2.95,0,0,125,-25.1763
2.975,0,0,125,-25.1112
3,0,0,125,-25.0466
3.025,0,0,125,-24.9825
3.05,0,0,125,-24.9187
3.075,0,0,125,-24.8554
3.1,0,0,125,-24.7925
3.125,0,0,125,-24.7301
3.15,0,0,125,-24.6681
3.175,0,0,125,-24.6065
3.2,0,0,125,-24.5453
3.225,0,0,125,-24.4845
3.25,0,0,125,-24.4242
3.275,0,0,125,-24.3643
3.3,0,0,125,-24.3047
3.325,0,0,125,-24.2457
3.35,0,0,125,-24.187
3.375,0,0,125,-24.1287
3.4,0,0,125,-24.0708
3.425,0,0,125,-24.0134
3.45,0,0,125,-23.9563
3.475,0,0,125,-23.8997
3.5,0,0,125,-23.8435
3.525,0,0,125,-23.7877
3.55,0,0,125,-23.7323
3.575,0,0,125,-23.6773
3.6,0,0,125,-23.6227
3.625,0,0,125,-23.5685
3.65,0,0,125,-23.5147
3.675,0,0,125,-23.4614
3.7,0,0,125,-23.4084
3.725,0,0,125,-23.3559
3.75,0,0,125,-23.3038
3.775,0,0,125,-23.2521
3.8,0,0,125,-23.2009
3.825,0,0,125,-23.15
3.85,0,0,125,-23.0996
3.875,0,0,125,-23.0497
3.9,0,0,125,-23.0002
3.925,0,0,125,-22.9511
3.95,0,0,125,-22.9025
3.975,0,0,125,-22.8543
4,0,0,125,-22.8067
4.025,0,0,125,-22.7595
4.05,0,0,125,-22.7127
4.075,0,0,125,-22.6665
4.1,0,0,125,-22.6208
4.125,0,0,125,-22.5756
4.15,0,0,125,-22.5309
4.175,0,0,125,-22.4868
4.2,0,0,125,-22.4433
4.225,0,0,125,-22.4003
4.25,0,0,125,-22.3579
4.275,0,0,125,-22.3162
4.3,0,0,125,-22.275
4.325,0,0,125,-22.2346
4.35,0,0,125,-22.1948
4.375,0,0,125,-22.1557
4.4,0,0,125,-22.1174
4.425,0,0,125,-22.0798
4.45,0,0,125,-22.043
4.475,0,0,125,-22.0071
4.5,0,0,125,-21.9721
4.525,0,0,125,-21.9379
4.55,0,0,125,-21.9048
4.575,0,0,125,-21.8726
4.6,0,0,125,-21.8416
4.625,0,0,125,-21.8116
4.65,0,0,125,-21.7828
4.675,0,0,125,-21.7553
4.7,0,0,125,-21.7292
4.725,0,0,125,-21.7044
4.75,0,0,125,-21.6811
4.775,0,0,125,-21.6595
4.8,0,0,125,-21.6395
4.825,0,0,125,-21.6213
4.85,0,0,125,-21.605
4.875,0,0,125,-21.5907
4.9,0,0,125,-21.5785
4.925,0,0,125,-21.5686
4.95,0,0,125,-21.5611
4.975,0,0,125,-21.556
5,0,0,125,-21.5535
