0,0,0,125,-14.9679
0.025,0,0,125,-14.9638
0.05,0,0,125,-14.9556
0.075,0,0,125,-14.9433
0.1,0,0,125,-14.9271
0.125,0,0,125,-14.907
0.15,0,0,125,-14.8833
0.175,0,0,125,-14.8565
0.2,0,0,125,-14.8269
0.225,0,0,125,-14.7947
0.25,0,0,125,-14.7602
0.275,0,0,125,-14.7236
0.3,0,0,125,-14.6851
0.325,0,0,125,-14.6448
0.35,0,0,125,-14.6029
0.375,0,0,125,-14.5595
0.4,0,0,125,-14.5147
0.425,0,0,125,-14.4686
0.45,0,0,125,-14.4214
0.475,0,0,125,-14.373
0.5,0,0,125,-14.3236
0.525,0,0,125,-14.2733
0.55,0,0,125,-14.222
0.575,0,0,125,-14.1699
0.6,0,0,125,-14.1169
0.625,0,0,125,-14.0632
0.65,0,0,125,-14.0088
0.675,0,0,125,-13.9536
0.7,0,0,125,-13.8977
0.725,0,0,125,-13.8412
0.75,0,0,125,-13.784
0.775,0,0,125,-13.7262
0.8,0,0,125,-13.6677
0.825,0,0,125,-13.6086
0.85,0,0,125,-13.5489
0.875,0,0,125,-13.4887
0.9,0,0,125,-13.4277
0.925,0,0,125,-13.3662
0.95,0,0,125,-13.3041
0.975,0,0,125,-13.2414
1,0,0,125,-13.178
1.025,0,0,125,-13.114
1.05,0,0,125,-13.0494
1.075,0,0,125,-12.9842
1.1,0,0,125,-12.9183
1.125,0,0,125,-12.8517
1.15,0,0,125,-12.7844
1.175,0,0,125,-12.7165
1.2,0,0,125,-12.6478
1.225,0,0,125,-12.5785
1.25,0,0,125,-12.5084
1.275,0,0,125,-12.4375
1.3,0,0,125,-12.3659
1.325,0,0,125,-12.2934
1.35,0,0,125,-12.2202
1.375,0,0,125,-12.1461
1.4,0,0,125,-12.0712
1.425,0,0,125,-11.9954
1.45,0,0,125,-11.9187
1.475,0,0,125,-11.841
1.5,0,0,125,-11.7624
1.525,0,0,125,-11.6828
1.55,0,0,125,-11.6022
1.575,0,0,125,-11.5205
1.6,0,0,125,-11.4378
1.625,0,0,125,-11.3539
1.65,0,0,125,-11.2689
1.675,0,0,125,-11.1827
1.7,0,0,125,-11.0954
1.725,0,0,125,-11.0067
1.75,0,0,125,-10.9168
1.775,0,0,125,-10.8255
1.8,0,0,125,-10.7329
1.825,0,0,125,-10.6389
1.85,0,0,125,-10.5434
1.875,0,0,125,-10.4464
1.9,0,0,125,-10.3479
1.925,0,0,125,-10.2478
1.95,0,0,125,-10.146
1.975,0,0,125,-10.0426
2,0,0,125,-9.93735
2.025,0,0,125,-9.83033
2.05,0,0,125,-9.72146
2.075,0,0,125,-9.61067
2.1,0,0,125,-9.4979
2.125,0,0,125,-9.38309
2.15,0,0,125,-9.26617
2.175,0,0,125,-9.14708
2.2,0,0,125,-9.02575
2.225,0,0,125,-8.9021
2.25,0,0,125,-8.77606
2.275,0,0,125,-8.64757
2.3,0,0,125,-8.51653
2.325,0,0,125,-8.38286
2.35,0,0,125,-8.24649
2.375,0,0,125,-8.10732
2.4,0,0,125,-7.96527
2.425,0,0,125,-7.82025
2.45,0,0,125,-7.67215
2.475,0,0,125,-7.52089
2.5,0,0,125,-7.36635
2.525,0,0,125,-7.20844
2.55,0,0,125,-7.04705
2.575,0,0,125,-6.88206
2.6,0,0,125,-6.71336
2.625,0,0,125,-6.54083
2.65,0,0,125,-6.36435
2.675,0,0,125,-6.1838
2.7,0,0,125,-5.99903
2.725,0,0,125,-5.80993
2.75,0,0,125,-5.61634
2.775,0,0,125,-5.41813
2.8,0,0,125,-5.21516
2.825,0,0,125,-5.00728
2.85,0,0,125,-4.79433
2.875,0,0,125,-4.57616
2.9,0,0,125,-4.3526
2.925,0,0,125,-4.1235
2.95,0,0,125,-3.88868
2.975,0,0,125,-3.64798
3,0,0,125,-3.40122
3.025,0,0,125,-3.14822
3.05,0,0,125,-2.88881
3.075,0,0,125,-2.6228
3.1,0,0,125,-2.35001
3.125,0,0,125,-2.07026
3.15,0,0,125,-1.78335
3.175,0,0,125,-1.48909
3.2,0,0,125,-1.18731
3.225,0,0,125,-0.877805
3.25,0,0,125,-0.560391
3.275,0,0,125,-0.23488
3.3,0,0,125,0.0989145
3.325,0,0,125,0.441173
3.35,0,0,125,0.792075
3.375,0,0,125,1.15179
3.4,0,0,125,1.5205
3.425,0,0,125,1.89836
3.45,0,0,125,2.28554
3.475,0,0,125,2.68218
3.5,0,0,125,3.08842
3.525,0,0,125,3.50441
3.55,0,0,125,3.93027
3.575,0,0,125,4.36612
3.6,0,0,125,4.81205
3.625,0,0,125,5.26815
3.65,0,0,125,5.73451
3.675,0,0,125,6.21118
3.7,0,0,125,6.69822
3.725,0,0,125,7.19566
3.75,0,0,125,7.70352
3.775,0,0,125,8.22179
3.8,0,0,125,8.75046
3.825,0,0,125,9.28948
3.85,0,0,125,9.83881
3.875,0,0,125,10.3984
3.9,0,0,125,10.9681
3.925,0,0,125,11.5478
3.95,0,0,125,12.1373
3.975,0,0,125,12.7366
4,0,0,125,13.3454
4.025,0,0,125,13.9635
4.05,0,0,125,14.5906
4.075,0,0,125,15.2265
4.1,0,0,125,15.8709
4.125,0,0,125,16.5234
4.15,0,0,125,17.1837
4.175,0,0,125,17.8513
4.2,0,0,125,18.5258
4.225,0,0,125,19.2067
4.25,0,0,125,19.8934
4.275,0,0,125,20.5853
4.3,0,0,125,21.2818
4.325,0,0,125,21.9821
4.35,0,0,125,22.6854
4.375,0,0,125,23.3909
4.4,0,0,125,24.0976
4.425,0,0,125,24.8045
4.45,0,0,125,25.5105
4.475,0,0,125,26.2142
4.5,0,0,125,26.9144
4.525,0,0,125,27.6097
4.55,0,0,125,28.2985
4.575,0,0,125,28.9792
4.6,0,0,125,29.65
4.625,0,0,125,30.3091
4.65,0,0,125,30.9545
4.675,0,0,125,31.584
4.7,0,0,125,32.1955
4.725,0,0,125,32.7867
4.75,0,0,125,33.3551
4.775,0,0,125,33.8979
4.8,0,0,125,34.4122
4.825,0,0,125,34.8945
4.85,0,0,125,35.3408
4.875,0,0,125,35.7463
4.9,0,0,125,36.1047
4.925,0,0,125,36.4088
4.95,0,0,125,36.6495
4.975,0,0,125,36.8173
5,0,0,125,36.9037
