0,0,0,25,-75.5345
0.005,0,0,25,-75.5345
0.01,0,0,25,-75.5345
0.015,0,0,25,-75.5345
0.02,0,0,25,-75.5345
0.025,0,0,25,-75.5345
0.03,0,0,25,-75.5345
0.035,0,0,25,-75.5345
0.04,0,0,25,-75.5345
0.045,0,0,25,-75.5345
0.05,0,0,25,-75.5345
0.055,0,0,25,-75.5345
0.06,0,0,25,-75.5345
0.065,0,0,25,-75.5345
0.07,0,0,25,-75.5345
0.075,0,0,25,-75.5345
0.08,0,0,25,-75.5345
0.085,0,0,25,-75.5345
0.09,0,0,25,-75.5345
0.095,0,0,25,-75.5345
0.1,0,0,25,-75.5345
0.105,0,0,25,-75.5345
0.11,0,0,25,-75.5345
0.115,0,0,25,-75.5345
0.12,0,0,25,-75.5345
0.125,0,0,25,-75.5345
0.13,0,0,25,-75.5345
0.135,0,0,25,-75.5345
0.14,0,0,25,-75.5345
0.145,0,0,25,-75.5345
0.15,0,0,25,-75.5345
0.155,0,0,25,-75.5345
0.16,0,0,25,-75.5345
0.165,0,0,25,-75.5345
0.17,0,0,25,-75.5345
0.175,0,0,25,-75.5345
0.18,0,0,25,-75.5345
0.185,0,0,25,-75.5345
0.19,0,0,25,-75.5345
0.195,0,0,25,-75.5345
0.2,0,0,25,-75.5345
0.205,0,0,25,-75.5345
0.21,0,0,25,-75.5345
0.215,0,0,25,-75.5345
0.22,0,0,25,-75.5345
0.225,0,0,25,-75.5345
0.23,0,0,25,-75.5345
0.235,0,0,25,-75.5345
0.24,0,0,25,-75.5345
0.245,0,0,25,-75.5345
0.25,0,0,25,-75.5345
0.255,0,0,25,-75.5345
0.26,0,0,25,-75.5345
0.265,0,0,25,-75.5345
0.27,0,0,25,-75.5345
0.275,0,0,25,-75.5345
0.28,0,0,25,-75.5345
0.285,0,0,25,-75.5345
0.29,0,0,25,-75.5345
0.295,0,0,25,-75.5345
0.3,0,0,25,-75.5345
0.305,0,0,25,-75.5345
0.31,0,0,25,-75.5345
0.315,0,0,25,-75.5345
0.32,0,0,25,-75.5345
0.325,0,0,25,-75.5345
0.33,0,0,25,-75.5345
0.335,0,0,25,-75.5345
0.34,0,0,25,-75.5345
0.345,0,0,25,-75.5345
0.35,0,0,25,-75.5345
0.355,0,0,25,-75.5345
0.36,0,0,25,-75.5345
0.365,0,0,25,-75.5345
0.37,0,0,25,-75.5345
0.375,0,0,25,-75.5345
0.38,0,0,25,-75.5345
0.385,0,0,25,-75.5345
0.39,0,0,25,-75.5345
0.395,0,0,25,-75.5345
0.4,0,0,25,-75.5345
0.405,0,0,25,-75.5345
0.41,0,0,25,-75.5345
0.415,0,0,25,-75.5345
0.42,0,0,25,-75.5345
0.425,0,0,25,-75.5345
0.43,0,0,25,-75.5345
0.435,0,0,25,-75.5345
0.44,0,0,25,-75.5345
0.445,0,0,25,-75.5345
0.45,0,0,25,-75.5345
0.455,0,0,25,-75.5345
0.46,0,0,25,-75.5345
0.465,0,0,25,-75.5345
0.47,0,0,25,-75.5345
0.475,0,0,25,-75.5345
0.48,0,0,25,-75.5345
0.485,0,0,25,-75.5345
0.49,0,0,25,-75.5345
0.495,0,0,25,-75.5345
0.5,0,0,25,-75.5345
0.505,0,0,25,-75.5345
0.51,0,0,25,-75.5345
0.515,0,0,25,-75.5345
0.52,0,0,25,-75.5345
0.525,0,0,25,-75.5345
0.53,0,0,25,-75.5345
0.535,0,0,25,-75.5345
0.54,0,0,25,-75.5345
0.545,0,0,25,-75.5345
0.55,0,0,25,-75.5345
0.555,0,0,25,-75.5345
0.56,0,0,25,-75.5345
0.565,0,0,25,-75.5345
0.57,0,0,25,-75.5345
0.575,0,0,25,-75.5345
0.58,0,0,25,-75.5345
0.585,0,0,25,-75.5345
0.59,0,0,25,-75.5345
0.595,0,0,25,-75.5345
0.6,0,0,25,-75.5345
0.605,0,0,25,-75.5345
0.61,0,0,25,-75.5345
0.615,0,0,25,-75.5345
0.62,0,0,25,-75.5345
0.625,0,0,25,-75.5345
0.63,0,0,25,-75.5345
0.635,0,0,25,-75.5345
0.64,0,0,25,-75.5345
0.645,0,0,25,-75.5345
0.65,0,0,25,-75.5345
0.655,0,0,25,-75.5345
0.66,0,0,25,-75.5345
0.665,0,0,25,-75.5345
0.67,0,0,25,-75.5345
0.675,0,0,25,-75.5345
0.68,0,0,25,-75.5345
0.685,0,0,25,-75.5345
0.69,0,0,25,-75.5345
0.695,0,0,25,-75.5345
0.7,0,0,25,-75.5345
0.705,0,0,25,-75.5345
0.71,0,0,25,-75.5345
0.715,0,0,25,-75.5345
0.72,0,0,25,-75.5345
0.725,0,0,25,-75.5345
0.73,0,0,25,-75.5345
0.735,0,0,25,-75.5345
0.74,0,0,25,-75.5345
0.745,0,0,25,-75.5345
0.75,0,0,25,-75.5345
0.755,0,0,25,-75.5345
0.76,0,0,25,-75.5345
0.765,0,0,25,-75.5345
0.77,0,0,25,-75.5345
0.775,0,0,25,-75.5345
0.78,0,0,25,-75.5345
0.785,0,0,25,-75.5345
0.79,0,0,25,-75.5345
0.795,0,0,25,-75.5345
0.8,0,0,25,-75.5345
0.805,0,0,25,-75.5345
0.81,0,0,25,-75.5345
0.815,0,0,25,-75.5345
0.82,0,0,25,-75.5345
0.825,0,0,25,-75.5345
0.83,0,0,25,-75.5345
0.835,0,0,25,-75.5345
0.84,0,0,25,-75.5345
0.845,0,0,25,-75.5345
0.85,0,0,25,-75.5345
0.855,0,0,25,-75.5345
0.86,0,0,25,-75.5345
0.865,0,0,25,-75.5345
0.87,0,0,25,-75.5345
0.875,0,0,25,-75.5345
0.88,0,0,25,-75.5345
0.885,0,0,25,-75.5345
0.89,0,0,25,-75.5345
0.895,0,0,25,-75.5345
0.9,0,0,25,-75.5345
0.905,0,0,25,-75.5345
0.91,0,0,25,-75.5345
0.915,0,0,25,-75.5345
0.92,0,0,25,-75.5345
0.925,0,0,25,-75.5345
0.93,0,0,25,-75.5345
0.935,0,0,25,-75.5345
0.94,0,0,25,-75.5345
0.945,0,0,25,-75.5345
0.95,0,0,25,-75.5345
0.955,0,0,25,-75.5345
0.96,0,0,25,-75.5345
0.965,0,0,25,-75.5345
0.97,0,0,25,-75.5345
0.975,0,0,25,-75.5345
0.98,0,0,25,-75.5345
0.985,0,0,25,-75.5345
0.99,0,0,25,-75.5345
0.995,0,0,25,-75.5345
1,0,0,25,-75.5345
1.005,0,0,25,-75.5345
1.01,0,0,25,-75.5345
1.015,0,0,25,-75.5345
1.02,0,0,25,-75.5345
1.025,0,0,25,-75.5345
1.03,0,0,25,-75.5345
1.035,0,0,25,-75.5345
1.04,0,0,25,-75.5345
1.045,0,0,25,-75.5345
1.05,0,0,25,-75.5345
1.055,0,0,25,-75.5345
1.06,0,0,25,-75.5345
1.065,0,0,25,-75.5345
1.07,0,0,25,-75.5345
1.075,0,0,25,-75.5345
1.08,0,0,25,-75.5345
1.085,0,0,25,-75.5345
1.09,0,0,25,-75.5345
1.095,0,0,25,-75.5345
1.1,0,0,25,-75.5345
1.105,0,0,25,-75.5345
1.11,0,0,25,-75.5345
1.115,0,0,25,-75.5345
1.12,0,0,25,-75.5345
1.125,0,0,25,-75.5345
1.13,0,0,25,-75.5345
1.135,0,0,25,-75.5345
1.14,0,0,25,-75.5345
1.145,0,0,25,-75.5345
1.15,0,0,25,-75.5345
1.155,0,0,25,-75.5345
1.16,0,0,25,-75.5345
1.165,0,0,25,-75.5345
1.17,0,0,25,-75.5345
1.175,0,0,25,-75.5345
1.18,0,0,25,-75.5345
1.185,0,0,25,-75.5345
1.19,0,0,25,-75.5345
1.195,0,0,25,-75.5345
1.2,0,0,25,-75.5345
1.205,0,0,25,-75.5345
1.21,0,0,25,-75.5345
1.215,0,0,25,-75.5345
1.22,0,0,25,-75.5345
1.225,0,0,25,-75.5345
1.23,0,0,25,-75.5345
1.235,0,0,25,-75.5345
1.24,0,0,25,-75.5345
1.245,0,0,25,-75.5345
1.25,0,0,25,-75.5345
1.255,0,0,25,-75.5345
1.26,0,0,25,-75.5345
1.265,0,0,25,-75.5345
1.27,0,0,25,-75.5345
1.275,0,0,25,-75.5345
1.28,0,0,25,-75.5345
1.285,0,0,25,-75.5345
1.29,0,0,25,-75.5345
1.295,0,0,25,-75.5345
1.3,0,0,25,-75.5345
1.305,0,0,25,-75.5345
1.31,0,0,25,-75.5345
1.315,0,0,25,-75.5345
1.32,0,0,25,-75.5345
1.325,0,0,25,-75.5345
1.33,0,0,25,-75.5345
1.335,0,0,25,-75.5345
1.34,0,0,25,-75.5345
1.345,0,0,25,-75.5345
1.35,0,0,25,-75.5345
1.355,0,0,25,-75.5345
1.36,0,0,25,-75.5345
1.365,0,0,25,-75.5345
1.37,0,0,25,-75.5345
1.375,0,0,25,-75.5345
1.38,0,0,25,-75.5345
1.385,0,0,25,-75.5345
1.39,0,0,25,-75.5345
1.395,0,0,25,-75.5345
1.4,0,0,25,-75.5345
1.405,0,0,25,-75.5345
1.41,0,0,25,-75.5345
1.415,0,0,25,-75.5345
1.42,0,0,25,-75.5345
1.425,0,0,25,-75.5345
1.43,0,0,25,-75.5345
1.435,0,0,25,-75.5345
1.44,0,0,25,-75.5345
1.445,0,0,25,-75.5345
1.45,0,0,25,-75.5345
1.455,0,0,25,-75.5345
1.46,0,0,25,-75.5345
1.465,0,0,25,-75.5345
1.47,0,0,25,-75.5345
1.475,0,0,25,-75.5345
1.48,0,0,25,-75.5345
1.485,0,0,25,-75.5345
1.49,0,0,25,-75.5345
1.495,0,0,25,-75.5345
1.5,0,0,25,-75.5345
1.505,0,0,25,-75.5345
1.51,0,0,25,-75.5345
1.515,0,0,25,-75.5345
1.52,0,0,25,-75.5345
1.525,0,0,25,-75.5345
1.53,0,0,25,-75.5345
1.535,0,0,25,-75.5345
1.54,0,0,25,-75.5345
1.545,0,0,25,-75.5345
1.55,0,0,25,-75.5345
1.555,0,0,25,-75.5345
1.56,0,0,25,-75.5345
1.565,0,0,25,-75.5345
1.57,0,0,25,-75.5345
1.575,0,0,25,-75.5345
1.58,0,0,25,-75.5345
1.585,0,0,25,-75.5345
1.59,0,0,25,-75.5345
1.595,0,0,25,-75.5345
1.6,0,0,25,-75.5345
1.605,0,0,25,-75.5345
1.61,0,0,25,-75.5345
1.615,0,0,25,-75.5345
1.62,0,0,25,-75.5345
1.625,0,0,25,-75.5345
1.63,0,0,25,-75.5345
1.635,0,0,25,-75.5345
1.64,0,0,25,-75.5345
1.645,0,0,25,-75.5345
1.65,0,0,25,-75.5345
1.655,0,0,25,-75.5345
1.66,0,0,25,-75.5345
1.665,0,0,25,-75.5345
1.67,0,0,25,-75.5345
1.675,0,0,25,-75.5345
1.68,0,0,25,-75.5345
1.685,0,0,25,-75.5345
1.69,0,0,25,-75.5345
1.695,0,0,25,-75.5345
1.7,0,0,25,-75.5345
1.705,0,0,25,-75.5345
1.71,0,0,25,-75.5345
1.715,0,0,25,-75.5345
1.72,0,0,25,-75.5345
1.725,0,0,25,-75.5345
1.73,0,0,25,-75.5345
1.735,0,0,25,-75.5345
1.74,0,0,25,-75.5345
1.745,0,0,25,-75.5345
1.75,0,0,25,-75.5345
1.755,0,0,25,-75.5345
1.76,0,0,25,-75.5345
1.765,0,0,25,-75.5345
1.77,0,0,25,-75.5345
1.775,0,0,25,-75.5345
1.78,0,0,25,-75.5345
1.785,0,0,25,-75.5345
1.79,0,0,25,-75.5345
1.795,0,0,25,-75.5345
1.8,0,0,25,-75.5345
1.805,0,0,25,-75.5345
1.81,0,0,25,-75.5345
1.815,0,0,25,-75.5345
1.82,0,0,25,-75.5345
1.825,0,0,25,-75.5345
1.83,0,0,25,-75.5345
1.835,0,0,25,-75.5345
1.84,0,0,25,-75.5345
1.845,0,0,25,-75.5345
1.85,0,0,25,-75.5345
1.855,0,0,25,-75.5345
1.86,0,0,25,-75.5345
1.865,0,0,25,-75.5345
1.87,0,0,25,-75.5345
1.875,0,0,25,-75.5345
1.88,0,0,25,-75.5345
1.885,0,0,25,-75.5345
1.89,0,0,25,-75.5345
1.895,0,0,25,-75.5345
1.9,0,0,25,-75.5345
1.905,0,0,25,-75.5345
1.91,0,0,25,-75.5345
1.915,0,0,25,-75.5345
1.92,0,0,25,-75.5345
1.925,0,0,25,-75.5345
1.93,0,0,25,-75.5345
1.935,0,0,25,-75.5345
1.94,0,0,25,-75.5345
1.945,0,0,25,-75.5345
1.95,0,0,25,-75.5345
1.955,0,0,25,-75.5345
1.96,0,0,25,-75.5345
1.965,0,0,25,-75.5345
1.97,0,0,25,-75.5345
1.975,0,0,25,-75.5345
1.98,0,0,25,-75.5345
1.985,0,0,25,-75.5345
1.99,0,0,25,-75.5345
1.995,0,0,25,-75.5345
2,0,0,25,-75.5345
2.005,0,0,25,-75.5345
2.01,0,0,25,-75.5345
2.015,0,0,25,-75.5345
2.02,0,0,25,-75.5345
2.025,0,0,25,-75.5345
2.03,0,0,25,-75.5345
2.035,0,0,25,-75.5345
2.04,0,0,25,-75.5345
2.045,0,0,25,-75.5345
2.05,0,0,25,-75.5345
2.055,0,0,25,-75.5345
2.06,0,0,25,-75.5345
2.065,0,0,25,-75.5345
2.07,0,0,25,-75.5345
2.075,0,0,25,-75.5345
2.08,0,0,25,-75.5345
2.085,0,0,25,-75.5345
2.09,0,0,25,-75.5345
2.095,0,0,25,-75.5345
2.1,0,0,25,-75.5345
2.105,0,0,25,-75.5345
2.11,0,0,25,-75.5345
2.115,0,0,25,-75.5345
2.12,0,0,25,-75.5345
2.125,0,0,25,-75.5345
2.13,0,0,25,-75.5345
2.135,0,0,25,-75.5345
2.14,0,0,25,-75.5345
2.145,0,0,25,-75.5345
2.15,0,0,25,-75.5345
2.155,0,0,25,-75.5345
2.16,0,0,25,-75.5345
2.165,0,0,25,-75.5345
2.17,0,0,25,-75.5345
2.175,0,0,25,-75.5345
2.18,0,0,25,-75.5345
2.185,0,0,25,-75.5345
2.19,0,0,25,-75.5345
2.195,0,0,25,-75.5345
2.2,0,0,25,-75.5345
2.205,0,0,25,-75.5345
2.21,0,0,25,-75.5345
2.215,0,0,25,-75.5345
2.22,0,0,25,-75.5345
2.225,0,0,25,-75.5345
2.23,0,0,25,-75.5345
2.235,0,0,25,-75.5345
2.24,0,0,25,-75.5345
2.245,0,0,25,-75.5345
2.25,0,0,25,-75.5345
2.255,0,0,25,-75.5345
2.26,0,0,25,-75.5345
2.265,0,0,25,-75.5345
2.27,0,0,25,-75.5345
2.275,0,0,25,-75.5345
2.28,0,0,25,-75.5345
2.285,0,0,25,-75.5345
2.29,0,0,25,-75.5345
2.295,0,0,25,-75.5345
2.3,0,0,25,-75.5345
2.305,0,0,25,-75.5345
2.31,0,0,25,-75.5345
2.315,0,0,25,-75.5345
2.32,0,0,25,-75.5345
2.325,0,0,25,-75.5345
2.33,0,0,25,-75.5345
2.335,0,0,25,-75.5345
2.34,0,0,25,-75.5345
2.345,0,0,25,-75.5345
2.35,0,0,25,-75.5345
2.355,0,0,25,-75.5345
2.36,0,0,25,-75.5345
2.365,0,0,25,-75.5345
2.37,0,0,25,-75.5345
2.375,0,0,25,-75.5345
2.38,0,0,25,-75.5345
2.385,0,0,25,-75.5345
2.39,0,0,25,-75.5345
2.395,0,0,25,-75.5345
2.4,0,0,25,-75.5345
2.405,0,0,25,-75.5345
2.41,0,0,25,-75.5345
2.415,0,0,25,-75.5345
2.42,0,0,25,-75.5345
2.425,0,0,25,-75.5345
2.43,0,0,25,-75.5345
2.435,0,0,25,-75.5345
2.44,0,0,25,-75.5345
2.445,0,0,25,-75.5345
2.45,0,0,25,-75.5345
2.455,0,0,25,-75.5345
2.46,0,0,25,-75.5345
2.465,0,0,25,-75.5345
2.47,0,0,25,-75.5345
2.475,0,0,25,-75.5345
2.48,0,0,25,-75.5345
2.485,0,0,25,-75.5345
2.49,0,0,25,-75.5345
2.495,0,0,25,-75.5345
2.5,0,0,25,-75.5345
2.505,0,0,25,-75.5345
2.51,0,0,25,-75.5345
2.515,0,0,25,-75.5345
2.52,0,0,25,-75.5345
2.525,0,0,25,-75.5345
2.53,0,0,25,-75.5345
2.535,0,0,25,-75.5345
2.54,0,0,25,-75.5345
2.545,0,0,25,-75.5345
2.55,0,0,25,-75.5345
2.555,0,0,25,-75.5345
2.56,0,0,25,-75.5345
2.565,0,0,25,-75.5345
2.57,0,0,25,-75.5345
2.575,0,0,25,-75.5345
2.58,0,0,25,-75.5345
2.585,0,0,25,-75.5345
2.59,0,0,25,-75.5345
2.595,0,0,25,-75.5345
2.6,0,0,25,-75.5345
2.605,0,0,25,-75.5345
2.61,0,0,25,-75.5345
2.615,0,0,25,-75.5345
2.62,0,0,25,-75.5345
2.625,0,0,25,-75.5345
2.63,0,0,25,-75.5345
2.635,0,0,25,-75.5345
2.64,0,0,25,-75.5345
2.645,0,0,25,-75.5345
2.65,0,0,25,-75.5345
2.655,0,0,25,-75.5345
2.66,0,0,25,-75.5345
2.665,0,0,25,-75.5345
2.67,0,0,25,-75.5345
2.675,0,0,25,-75.5345
2.68,0,0,25,-75.5345
2.685,0,0,25,-75.5345
2.69,0,0,25,-75.5345
2.695,0,0,25,-75.5345
2.7,0,0,25,-75.5345
2.705,0,0,25,-75.5345
2.71,0,0,25,-75.5345
2.715,0,0,25,-75.5345
2.72,0,0,25,-75.5345
2.725,0,0,25,-75.5345
2.73,0,0,25,-75.5345
2.735,0,0,25,-75.5345
2.74,0,0,25,-75.5345
2.745,0,0,25,-75.5345
2.75,0,0,25,-75.5345
2.755,0,0,25,-75.5345
2.76,0,0,25,-75.5345
2.765,0,0,25,-75.5345
2.77,0,0,25,-75.5345
2.775,0,0,25,-75.5345
2.78,0,0,25,-75.5345
2.785,0,0,25,-75.5345
2.79,0,0,25,-75.5345
2.795,0,0,25,-75.5345
2.8,0,0,25,-75.5345
2.805,0,0,25,-75.5345
2.81,0,0,25,-75.5345
2.815,0,0,25,-75.5345
2.82,0,0,25,-75.5345
2.825,0,0,25,-75.5345
2.83,0,0,25,-75.5345
2.835,0,0,25,-75.5345
2.84,0,0,25,-75.5345
2.845,0,0,25,-75.5345
2.85,0,0,25,-75.5345
2.855,0,0,25,-75.5345
2.86,0,0,25,-75.5345
2.865,0,0,25,-75.5345
2.87,0,0,25,-75.5345
2.875,0,0,25,-75.5345
2.88,0,0,25,-75.5345
2.885,0,0,25,-75.5345
2.89,0,0,25,-75.5345
2.895,0,0,25,-75.5345
2.9,0,0,25,-75.5345
2.905,0,0,25,-75.5345
2.91,0,0,25,-75.5345
2.915,0,0,25,-75.5345
2.92,0,0,25,-75.5345
2.925,0,0,25,-75.5345
2.93,0,0,25,-75.5345
2.935,0,0,25,-75.5345
2.94,0,0,25,-75.5345
2.945,0,0,25,-75.5345
2.95,0,0,25,-75.5345
2.955,0,0,25,-75.5345
2.96,0,0,25,-75.5345
2.965,0,0,25,-75.5345
2.97,0,0,25,-75.5345
2.975,0,0,25,-75.5345
2.98,0,0,25,-75.5345
2.985,0,0,25,-75.5345
2.99,0,0,25,-75.5345
2.995,0,0,25,-75.5345
3,0,0,25,-75.5345
3.005,0,0,25,-75.5345
3.01,0,0,25,-75.5345
3.015,0,0,25,-75.5345
3.02,0,0,25,-75.5345
3.025,0,0,25,-75.5345
3.03,0,0,25,-75.5345
3.035,0,0,25,-75.5345
3.04,0,0,25,-75.5345
3.045,0,0,25,-75.5345
3.05,0,0,25,-75.5345
3.055,0,0,25,-75.5345
3.06,0,0,25,-75.5345
3.065,0,0,25,-75.5345
3.07,0,0,25,-75.5345
3.075,0,0,25,-75.5345
3.08,0,0,25,-75.5345
3.085,0,0,25,-75.5345
3.09,0,0,25,-75.5345
3.095,0,0,25,-75.5345
3.1,0,0,25,-75.5345
3.105,0,0,25,-75.5345
3.11,0,0,25,-75.5345
3.115,0,0,25,-75.5345
3.12,0,0,25,-75.5345
3.125,0,0,25,-75.5345
3.13,0,0,25,-75.5345
3.135,0,0,25,-75.5345
3.14,0,0,25,-75.5345
3.145,0,0,25,-75.5345
3.15,0,0,25,-75.5345
3.155,0,0,25,-75.5345
3.16,0,0,25,-75.5345
3.165,0,0,25,-75.5345
3.17,0,0,25,-75.5345
3.175,0,0,25,-75.5345
3.18,0,0,25,-75.5345
3.185,0,0,25,-75.5345
3.19,0,0,25,-75.5345
3.195,0,0,25,-75.5345
3.2,0,0,25,-75.5345
3.205,0,0,25,-75.5345
3.21,0,0,25,-75.5345
3.215,0,0,25,-75.5345
3.22,0,0,25,-75.5345
3.225,0,0,25,-75.5345
3.23,0,0,25,-75.5345
3.235,0,0,25,-75.5345
3.24,0,0,25,-75.5345
3.245,0,0,25,-75.5345
3.25,0,0,25,-75.5345
3.255,0,0,25,-75.5345
3.26,0,0,25,-75.5345
3.265,0,0,25,-75.5345
3.27,0,0,25,-75.5345
3.275,0,0,25,-75.5345
3.28,0,0,25,-75.5345
3.285,0,0,25,-75.5345
3.29,0,0,25,-75.5345
3.295,0,0,25,-75.5345
3.3,0,0,25,-75.5345
3.305,0,0,25,-75.5345
3.31,0,0,25,-75.5345
3.315,0,0,25,-75.5345
3.32,0,0,25,-75.5345
3.325,0,0,25,-75.5345
3.33,0,0,25,-75.5345
3.335,0,0,25,-75.5345
3.34,0,0,25,-75.5345
3.345,0,0,25,-75.5345
3.35,0,0,25,-75.5345
3.355,0,0,25,-75.5345
3.36,0,0,25,-75.5345
3.365,0,0,25,-75.5345
3.37,0,0,25,-75.5345
3.375,0,0,25,-75.5345
3.38,0,0,25,-75.5345
3.385,0,0,25,-75.5345
3.39,0,0,25,-75.5345
3.395,0,0,25,-75.5345
3.4,0,0,25,-75.5345
3.405,0,0,25,-75.5345
3.41,0,0,25,-75.5345
3.415,0,0,25,-75.5345
3.42,0,0,25,-75.5345
3.425,0,0,25,-75.5345
3.43,0,0,25,-75.5345
3.435,0,0,25,-75.5345
3.44,0,0,25,-75.5345
3.445,0,0,25,-75.5345
3.45,0,0,25,-75.5345
3.455,0,0,25,-75.5345
3.46,0,0,25,-75.5345
3.465,0,0,25,-75.5345
3.47,0,0,25,-75.5345
3.475,0,0,25,-75.5345
3.48,0,0,25,-75.5345
3.485,0,0,25,-75.5345
3.49,0,0,25,-75.5345
3.495,0,0,25,-75.5345
3.5,0,0,25,-75.5345
3.505,0,0,25,-75.5345
3.51,0,0,25,-75.5345
3.515,0,0,25,-75.5345
3.52,0,0,25,-75.5345
3.525,0,0,25,-75.5345
3.53,0,0,25,-75.5345
3.535,0,0,25,-75.5345
3.54,0,0,25,-75.5345
3.545,0,0,25,-75.5345
3.55,0,0,25,-75.5345
3.555,0,0,25,-75.5345
3.56,0,0,25,-75.5345
3.565,0,0,25,-75.5345
3.57,0,0,25,-75.5345
3.575,0,0,25,-75.5345
3.58,0,0,25,-75.5345
3.585,0,0,25,-75.5345
3.59,0,0,25,-75.5345
3.595,0,0,25,-75.5345
3.6,0,0,25,-75.5345
3.605,0,0,25,-75.5345
3.61,0,0,25,-75.5345
3.615,0,0,25,-75.5345
3.62,0,0,25,-75.5345
3.625,0,0,25,-75.5345
3.63,0,0,25,-75.5345
3.635,0,0,25,-75.5345
3.64,0,0,25,-75.5345
3.645,0,0,25,-75.5345
3.65,0,0,25,-75.5345
3.655,0,0,25,-75.5345
3.66,0,0,25,-75.5345
3.665,0,0,25,-75.5345
3.67,0,0,25,-75.5345
3.675,0,0,25,-75.5345
3.68,0,0,25,-75.5345
3.685,0,0,25,-75.5345
3.69,0,0,25,-75.5345
3.695,0,0,25,-75.5345
3.7,0,0,25,-75.5345
3.705,0,0,25,-75.5345
3.71,0,0,25,-75.5345
3.715,0,0,25,-75.5345
3.72,0,0,25,-75.5345
3.725,0,0,25,-75.5345
3.73,0,0,25,-75.5345
3.735,0,0,25,-75.5345
3.74,0,0,25,-75.5345
3.745,0,0,25,-75.5345
3.75,0,0,25,-75.5345
3.755,0,0,25,-75.5345
3.76,0,0,25,-75.5345
3.765,0,0,25,-75.5345
3.77,0,0,25,-75.5345
3.775,0,0,25,-75.5345
3.78,0,0,25,-75.5345
3.785,0,0,25,-75.5345
3.79,0,0,25,-75.5345
3.795,0,0,25,-75.5345
3.8,0,0,25,-75.5345
3.805,0,0,25,-75.5345
3.81,0,0,25,-75.5345
3.815,0,0,25,-75.5345
3.82,0,0,25,-75.5345
3.825,0,0,25,-75.5345
3.83,0,0,25,-75.5345
3.835,0,0,25,-75.5345
3.84,0,0,25,-75.5345
3.845,0,0,25,-75.5345
3.85,0,0,25,-75.5345
3.855,0,0,25,-75.5345
3.86,0,0,25,-75.5345
3.865,0,0,25,-75.5345
3.87,0,0,25,-75.5345
3.875,0,0,25,-75.5345
3.88,0,0,25,-75.5345
3.885,0,0,25,-75.5345
3.89,0,0,25,-75.5345
3.895,0,0,25,-75.5345
3.9,0,0,25,-75.5345
3.905,0,0,25,-75.5345
3.91,0,0,25,-75.5345
3.915,0,0,25,-75.5345
3.92,0,0,25,-75.5345
3.925,0,0,25,-75.5345
3.93,0,0,25,-75.5345
3.935,0,0,25,-75.5345
3.94,0,0,25,-75.5345
3.945,0,0,25,-75.5345
3.95,0,0,25,-75.5345
3.955,0,0,25,-75.5345
3.96,0,0,25,-75.5345
3.965,0,0,25,-75.5345
3.97,0,0,25,-75.5345
3.975,0,0,25,-75.5345
3.98,0,0,25,-75.5345
3.985,0,0,25,-75.5345
3.99,0,0,25,-75.5345
3.995,0,0,25,-75.5345
4,0,0,25,-75.5345
4.005,0,0,25,-75.5345
4.01,0,0,25,-75.5345
4.015,0,0,25,-75.5345
4.02,0,0,25,-75.5345
4.025,0,0,25,-75.5345
4.03,0,0,25,-75.5345
4.035,0,0,25,-75.5345
4.04,0,0,25,-75.5345
4.045,0,0,25,-75.5345
4.05,0,0,25,-75.5345
4.055,0,0,25,-75.5345
4.06,0,0,25,-75.5345
4.065,0,0,25,-75.5345
4.07,0,0,25,-75.5345
4.075,0,0,25,-75.5345
4.08,0,0,25,-75.5345
4.085,0,0,25,-75.5345
4.09,0,0,25,-75.5345
4.095,0,0,25,-75.5345
4.1,0,0,25,-75.5345
4.105,0,0,25,-75.5345
4.11,0,0,25,-75.5345
4.115,0,0,25,-75.5345
4.12,0,0,25,-75.5345
4.125,0,0,25,-75.5345
4.13,0,0,25,-75.5345
4.135,0,0,25,-75.5345
4.14,0,0,25,-75.5345
4.145,0,0,25,-75.5345
4.15,0,0,25,-75.5345
4.155,0,0,25,-75.5345
4.16,0,0,25,-75.5345
4.165,0,0,25,-75.5345
4.17,0,0,25,-75.5345
4.175,0,0,25,-75.5345
4.18,0,0,25,-75.5345
4.185,0,0,25,-75.5345
4.19,0,0,25,-75.5345
4.195,0,0,25,-75.5345
4.2,0,0,25,-75.5345
4.205,0,0,25,-75.5345
4.21,0,0,25,-75.5345
4.215,0,0,25,-75.5345
4.22,0,0,25,-75.5345
4.225,0,0,25,-75.5345
4.23,0,0,25,-75.5345
4.235,0,0,25,-75.5345
4.24,0,0,25,-75.5345
4.245,0,0,25,-75.5345
4.25,0,0,25,-75.5345
4.255,0,0,25,-75.5345
4.26,0,0,25,-75.5345
4.265,0,0,25,-75.5345
4.27,0,0,25,-75.5345
4.275,0,0,25,-75.5345
4.28,0,0,25,-75.5345
4.285,0,0,25,-75.5345
4.29,0,0,25,-75.5345
4.295,0,0,25,-75.5345
4.3,0,0,25,-75.5345
4.305,0,0,25,-75.5345
4.31,0,0,25,-75.5345
4.315,0,0,25,-75.5345
4.32,0,0,25,-75.5345
4.325,0,0,25,-75.5345
4.33,0,0,25,-75.5345
4.335,0,0,25,-75.5345
4.34,0,0,25,-75.5345
4.345,0,0,25,-75.5345
4.35,0,0,25,-75.5345
4.355,0,0,25,-75.5345
4.36,0,0,25,-75.5345
4.365,0,0,25,-75.5345
4.37,0,0,25,-75.5345
4.375,0,0,25,-75.5345
4.38,0,0,25,-75.5345
4.385,0,0,25,-75.5345
4.39,0,0,25,-75.5345
4.395,0,0,25,-75.5345
4.4,0,0,25,-75.5345
4.405,0,0,25,-75.5345
4.41,0,0,25,-75.5345
4.415,0,0,25,-75.5345
4.42,0,0,25,-75.5345
4.425,0,0,25,-75.5345
4.43,0,0,25,-75.5345
4.435,0,0,25,-75.5345
4.44,0,0,25,-75.5345
4.445,0,0,25,-75.5345
4.45,0,0,25,-75.5345
4.455,0,0,25,-75.5345
4.46,0,0,25,-75.5345
4.465,0,0,25,-75.5345
4.47,0,0,25,-75.5345
4.475,0,0,25,-75.5345
4.48,0,0,25,-75.5345
4.485,0,0,25,-75.5345
4.49,0,0,25,-75.5345
4.495,0,0,25,-75.5345
4.5,0,0,25,-75.5345
4.505,0,0,25,-75.5345
4.51,0,0,25,-75.5345
4.515,0,0,25,-75.5345
4.52,0,0,25,-75.5345
4.525,0,0,25,-75.5345
4.53,0,0,25,-75.5345
4.535,0,0,25,-75.5345
4.54,0,0,25,-75.5345
4.545,0,0,25,-75.5345
4.55,0,0,25,-75.5345
4.555,0,0,25,-75.5345
4.56,0,0,25,-75.5345
4.565,0,0,25,-75.5345
4.57,0,0,25,-75.5345
4.575,0,0,25,-75.5345
4.58,0,0,25,-75.5345
4.585,0,0,25,-75.5345
4.59,0,0,25,-75.5345
4.595,0,0,25,-75.5345
4.6,0,0,25,-75.5345
4.605,0,0,25,-75.5345
4.61,0,0,25,-75.5345
4.615,0,0,25,-75.5345
4.62,0,0,25,-75.5345
4.625,0,0,25,-75.5345
4.63,0,0,25,-75.5345
4.635,0,0,25,-75.5345
4.64,0,0,25,-75.5345
4.645,0,0,25,-75.5345
4.65,0,0,25,-75.5345
4.655,0,0,25,-75.5345
4.66,0,0,25,-75.5345
4.665,0,0,25,-75.5345
4.67,0,0,25,-75.5345
4.675,0,0,25,-75.5345
4.68,0,0,25,-75.5345
4.685,0,0,25,-75.5345
4.69,0,0,25,-75.5345
4.695,0,0,25,-75.5345
4.7,0,0,25,-75.5345
4.705,0,0,25,-75.5345
4.71,0,0,25,-75.5345
4.715,0,0,25,-75.5345
4.72,0,0,25,-75.5345
4.725,0,0,25,-75.5345
4.73,0,0,25,-75.5345
4.735,0,0,25,-75.5345
4.74,0,0,25,-75.5345
4.745,0,0,25,-75.5345
4.75,0,0,25,-75.5345
4.755,0,0,25,-75.5345
4.76,0,0,25,-75.5345
4.765,0,0,25,-75.5345
4.77,0,0,25,-75.5345
4.775,0,0,25,-75.5345
4.78,0,0,25,-75.5345
4.785,0,0,25,-75.5345
4.79,0,0,25,-75.5345
4.795,0,0,25,-75.5345
4.8,0,0,25,-75.5345
4.805,0,0,25,-75.5345
4.81,0,0,25,-75.5345
4.815,0,0,25,-75.5345
4.82,0,0,25,-75.5345
4.825,0,0,25,-75.5345
4.83,0,0,25,-75.5345
4.835,0,0,25,-75.5345
4.84,0,0,25,-75.5345
4.845,0,0,25,-75.5345
4.85,0,0,25,-75.5345
4.855,0,0,25,-75.5345
4.86,0,0,25,-75.5345
4.865,0,0,25,-75.5345
4.87,0,0,25,-75.5345
4.875,0,0,25,-75.5345
4.88,0,0,25,-75.5345
4.885,0,0,25,-75.5345
4.89,0,0,25,-75.5345
4.895,0,0,25,-75.5345
4.9,0,0,25,-75.5345
4.905,0,0,25,-75.5345
4.91,0,0,25,-75.5345
4.915,0,0,25,-75.5345
4.92,0,0,25,-75.5345
4.925,0,0,25,-75.5345
4.93,0,0,25,-75.5345
4.935,0,0,25,-75.5345
4.94,0,0,25,-75.5345
4.945,0,0,25,-75.5345
4.95,0,0,25,-75.5345
4.955,0,0,25,-75.5345
4.96,0,0,25,-75.5345
4.965,0,0,25,-75.5345
4.97,0,0,25,-75.5345
4.975,0,0,25,-75.5345
4.98,0,0,25,-75.5345
4.985,0,0,25,-75.5345
4.99,0,0,25,-75.5345
4.995,0,0,25,-75.5345
5,0,0,25,-75.5345
