0,0,0,125,-27.6397
0.025,0,0,125,-27.6348
0.05,0,0,125,-27.625
0.075,0,0,125,-27.6104
0.1,0,0,125,-27.591
0.125,0,0,125,-27.567
0.15,0,0,125,-27.5386
0.175,0,0,125,-27.5063
0.2,0,0,125,-27.4703
0.225,0,0,125,-27.4309
0.25,0,0,125,-27.3884
0.275,0,0,125,-27.343
0.3,0,0,125,-27.2948
0.325,0,0,125,-27.2442
0.35,0,0,125,-27.1912
0.375,0,0,125,-27.1361
0.4,0,0,125,-27.0791
0.425,0,0,125,-27.0203
0.45,0,0,125,-26.9598
0.475,0,0,125,-26.8978
0.5,0,0,125,-26.8345
0.525,0,0,125,-26.77
0.55,0,0,125,-26.7044
0.575,0,0,125,-26.6378
0.6,0,0,125,-26.5703
0.625,0,0,125,-26.502
0.65,0,0,125,-26.4331
0.675,0,0,125,-26.3636
0.7,0,0,125,-26.2936
0.725,0,0,125,-26.2233
0.75,0,0,125,-26.1526
0.775,0,0,125,-26.0817
0.8,0,0,125,-26.0105
0.825,0,0,125,-25.9393
0.85,0,0,125,-25.8681
0.875,0,0,125,-25.7968
0.9,0,0,125,-25.7256
0.925,0,0,125,-25.6545
0.95,0,0,125,-25.5836
0.975,0,0,125,-25.5128
1,0,0,125,-25.4423
1.025,0,0,125,-25.3721
1.05,0,0,125,-25.3022
1.075,0,0,125,-25.2327
1.1,0,0,125,-25.1635
1.125,0,0,125,-25.0946
1.15,0,0,125,-25.0263
1.175,0,0,125,-24.9583
1.2,0,0,125,-24.8908
1.225,0,0,125,-24.8238
1.25,0,0,125,-24.7573
1.275,0,0,125,-24.6913
1.3,0,0,125,-24.6258
1.325,0,0,125,-24.5608
1.35,0,0,125,-24.4963
1.375,0,0,125,-24.4324
1.4,0,0,125,-24.3691
1.425,0,0,125,-24.3062
1.45,0,0,125,-24.244
1.475,0,0,125,-24.1822
1.5,0,0,125,-24.1211
1.525,0,0,125,-24.0604
1.55,0,0,125,-24.0004
1.575,0,0,125,-23.9408
1.6,0,0,125,-23.8819
1.625,0,0,125,-23.8234
1.65,0,0,125,-23.7655
1.675,0,0,125,-23.7081
1.7,0,0,125,-23.6513
1.725,0,0,125,-23.5949
1.75,0,0,125,-23.5391
1.775,0,0,125,-23.4837
1.8,0,0,125,-23.4289
1.825,0,0,125,-23.3745
1.85,0,0,125,-23.3206
1.875,0,0,125,-23.2672
1.9,0,0,125,-23.2142
1.925,0,0,125,-23.1617
1.95,0,0,125,-23.1096
1.975,0,0,125,-23.058
2,0,0,125,-23.0068
2.025,0,0,125,-22.9559
2.05,0,0,125,-22.9055
2.075,0,0,125,-22.8555
2.1,0,0,125,-22.8058
2.125,0,0,125,-22.7565
2.15,0,0,125,-22.7076
2.175,0,0,125,-22.659
2.2,0,0,125,-22.6107
2.225,0,0,125,-22.5628
2.25,0,0,125,-22.5152
2.275,0,0,125,-22.4679
2.3,0,0,125,-22.4209
2.325,0,0,125,-22.3742
2.35,0,0,125,-22.3278
2.375,0,0,125,-22.2816
2.4,0,0,125,-22.2357
2.425,0,0,125,-22.19
2.45,0,0,125,-22.1446
2.475,0,0,125,-22.0995
2.5,0,0,125,-22.0545
2.525,0,0,125,-22.0098
2.55,0,0,125,-21.9652
2.575,0,0,125,-21.9209
2.6,0,0,125,-21.8768
2.625,0,0,125,-21.8328
2.65,0,0,125,-21.789
2.675,0,0,125,-21.7454
2.7,0,0,125,-21.702
2.725,0,0,125,-21.6586
2.75,0,0,125,-21.6155
2.775,0,0,125,-21.5725
2.8,0,0,125,-21.5296
2.825,0,0,125,-21.4868
2.85,0,0,125,-21.4441
2.875,0,0,125,-21.4015
2.9,0,0,125,-21.3591
2.925,0,0,125,-21.3167
2.95,0,0,125,-21.2744
2.975,0,0,125,-21.2322
3,0,0,125,-21.1901
3.025,0,0,125,-21.148
3.05,0,0,125,-21.106
3.075,0,0,125,-21.064
3.1,0,0,125,-21.0221
3.125,0,0,125,-20.9802
3.15,0,0,125,-20.9383
3.175,0,0,125,-20.8965
3.2,0,0,125,-20.8547
3.225,0,0,125,-20.8129
3.25,0,0,125,-20.7711
3.275,0,0,125,-20.7293
3.3,0,0,125,-20.6875
3.325,0,0,125,-20.6457
3.35,0,0,125,-20.6039
3.375,0,0,125,-20.562
3.4,0,0,125,-20.5201
3.425,0,0,125,-20.4782
3.45,0,0,125,-20.4363
3.475,0,0,125,-20.3944
3.5,0,0,125,-20.3523
3.525,0,0,125,-20.3103
3.55,0,0,125,-20.2682
3.575,0,0,125,-20.226
3.6,0,0,125,-20.1838
3.625,0,0,125,-20.1415
3.65,0,0,125,-20.0992
3.675,0,0,125,-20.0567
3.7,0,0,125,-20.0142
3.725,0,0,125,-19.9717
3.75,0,0,125,-19.929
3.775,0,0,125,-19.8863
3.8,0,0,125,-19.8435
3.825,0,0,125,-19.8006
3.85,0,0,125,-19.7576
3.875,0,0,125,-19.7145
3.9,0,0,125,-19.6714
3.925,0,0,125,-19.6282
3.95,0,0,125,-19.5849
3.975,0,0,125,-19.5415
4,0,0,125,-19.498
4.025,0,0,125,-19.4545
4.05,0,0,125,-19.4109
4.075,0,0,125,-19.3673
4.1,0,0,125,-19.3236
4.125,0,0,125,-19.2798
4.15,0,0,125,-19.2361
4.175,0,0,125,-19.1923
4.2,0,0,125,-19.1486
4.225,0,0,125,-19.1049
4.25,0,0,125,-19.0612
4.275,0,0,125,-19.0176
4.3,0,0,125,-18.9741
4.325,0,0,125,-18.9307
4.35,0,0,125,-18.8875
4.375,0,0,125,-18.8444
4.4,0,0,125,-18.8016
4.425,0,0,125,-18.7591
4.45,0,0,125,-18.7169
4.475,0,0,125,-18.6751
4.5,0,0,125,-18.6338
4.525,0,0,125,-18.593
4.55,0,0,125,-18.5527
4.575,0,0,125,-18.5132
4.6,0,0,125,-18.4744
4.625,0,0,125,-18.4365
4.65,0,0,125,-18.3996
4.675,0,0,125,-18.3638
4.7,0,0,125,-18.3292
4.725,0,0,125,-18.2961
4.75,0,0,125,-18.2645
4.775,0,0,125,-18.2347
4.8,0,0,125,-18.2068
4.825,0,0,125,-18.1811
4.85,0,0,125,-18.1578
4.875,0,0,125,-18.1371
4.9,0,0,125,-18.1193
4.925,0,0,125,-18.1047
4.95,0,0,125,-18.0935
4.975,0,0,125,-18.086
5,0,0,125,-18.0821
