0,0,0,125,-15.9806
0.025,0,0,125,-15.9786
0.05,0,0,125,-15.9747
0.075,0,0,125,-15.9688
0.1,0,0,125,-15.961
0.125,0,0,125,-15.9513
0.15,0,0,125,-15.94
0.175,0,0,125,-15.9272
0.2,0,0,125,-15.9131
0.225,0,0,125,-15.8978
0.25,0,0,125,-15.8815
0.275,0,0,125,-15.8643
0.3,0,0,125,-15.8462
0.325,0,0,125,-15.8274
0.35,0,0,125,-15.808
0.375,0,0,125,-15.7879
0.4,0,0,125,-15.7673
0.425,0,0,125,-15.7462
0.45,0,0,125,-15.7247
0.475,0,0,125,-15.7028
0.5,0,0,125,-15.6805
0.525,0,0,125,-15.658
0.55,0,0,125,-15.6352
0.575,0,0,125,-15.6122
0.6,0,0,125,-15.589
0.625,0,0,125,-15.5656
0.65,0,0,125,-15.542
0.675,0,0,125,-15.5184
0.7,0,0,125,-15.4946
0.725,0,0,125,-15.4707
0.75,0,0,125,-15.4467
0.775,0,0,125,-15.4227
0.8,0,0,125,-15.3986
0.825,0,0,125,-15.3745
0.85,0,0,125,-15.3503
0.875,0,0,125,-15.3261
0.9,0,0,125,-15.3019
0.925,0,0,125,-15.2777
0.95,0,0,125,-15.2535
0.975,0,0,125,-15.2293
1,0,0,125,-15.2051
1.025,0,0,125,-15.1809
1.05,0,0,125,-15.1568
1.075,0,0,125,-15.1327
1.1,0,0,125,-15.1086
1.125,0,0,125,-15.0845
1.15,0,0,125,-15.0604
1.175,0,0,125,-15.0364
1.2,0,0,125,-15.0125
1.225,0,0,125,-14.9885
1.25,0,0,125,-14.9646
1.275,0,0,125,-14.9408
1.3,0,0,125,-14.917
1.325,0,0,125,-14.8932
1.35,0,0,125,-14.8695
1.375,0,0,125,-14.8458
1.4,0,0,125,-14.8221
1.425,0,0,125,-14.7985
1.45,0,0,125,-14.7749
1.475,0,0,125,-14.7514
1.5,0,0,125,-14.728
1.525,0,0,125,-14.7045
1.55,0,0,125,-14.6812
1.575,0,0,125,-14.6578
1.6,0,0,125,-14.6345
1.625,0,0,125,-14.6113
1.65,0,0,125,-14.5881
1.675,0,0,125,-14.5649
1.7,0,0,125,-14.5418
1.725,0,0,125,-14.5188
1.75,0,0,125,-14.4958
1.775,0,0,125,-14.4728
1.8,0,0,125,-14.4499
1.825,0,0,125,-14.427
1.85,0,0,125,-14.4041
1.875,0,0,125,-14.3813
1.9,0,0,125,-14.3585
1.925,0,0,125,-14.3358
1.95,0,0,125,-14.3131
1.975,0,0,125,-14.2905
2,0,0,125,-14.2679
2.025,0,0,125,-14.2454
2.05,0,0,125,-14.2228
2.075,0,0,125,-14.2004
2.1,0,0,125,-14.1779
2.125,0,0,125,-14.1555
2.15,0,0,125,-14.1332
2.175,0,0,125,-14.1109
2.2,0,0,125,-14.0886
2.225,0,0,125,-14.0664
2.25,0,0,125,-14.0442
2.275,0,0,125,-14.022
2.3,0,0,125,-13.9999
2.325,0,0,125,-13.9778
2.35,0,0,125,-13.9558
2.375,0,0,125,-13.9338
2.4,0,0,125,-13.9118
2.425,0,0,125,-13.8899
2.45,0,0,125,-13.868
2.475,0,0,125,-13.8461
2.5,0,0,125,-13.8243
2.525,0,0,125,-13.8025
2.55,0,0,125,-13.7808
2.575,0,0,125,-13.7591
2.6,0,0,125,-13.7374
2.625,0,0,125,-13.7157
2.65,0,0,125,-13.6941
2.675,0,0,125,-13.6725
2.7,0,0,125,-13.651
2.725,0,0,125,-13.6295
2.75,0,0,125,-13.608
2.775,0,0,125,-13.5866
2.8,0,0,125,-13.5652
2.825,0,0,125,-13.5438
2.85,0,0,125,-13.5224
2.875,0,0,125,-13.5011
2.9,0,0,125,-13.4799
2.925,0,0,125,-13.4586
2.95,0,0,125,-13.4374
2.975,0,0,125,-13.4162
3,0,0,125,-13.395
3.025,0,0,125,-13.3739
3.05,0,0,125,-13.3528
3.075,0,0,125,-13.3318
3.1,0,0,125,-13.3107
3.125,0,0,125,-13.2897
3.15,0,0,125,-13.2687
3.175,0,0,125,-13.2478
3.2,0,0,125,-13.2268
3.225,0,0,125,-13.206
3.25,0,0,125,-13.1851
3.275,0,0,125,-13.1642
3.3,0,0,125,-13.1434
3.325,0,0,125,-13.1227
3.35,0,0,125,-13.1019
3.375,0,0,125,-13.0812
3.4,0,0,125,-13.0605
3.425,0,0,125,-13.0398
3.45,0,0,125,-13.0191
3.475,0,0,125,-12.9985
3.5,0,0,125,-12.9779
3.525,0,0,125,-12.9573
3.55,0,0,125,-12.9368
3.575,0,0,125,-12.9162
3.6,0,0,125,-12.8957
3.625,0,0,125,-12.8752
3.65,0,0,125,-12.8548
3.675,0,0,125,-12.8343
3.7,0,0,125,-12.8139
3.725,0,0,125,-12.7935
3.75,0,0,125,-12.7731
3.775,0,0,125,-12.7527
3.8,0,0,125,-12.7324
3.825,0,0,125,-12.7121
3.85,0,0,125,-12.6918
3.875,0,0,125,-12.6715
3.9,0,0,125,-12.6513
3.925,0,0,125,-12.6311
3.95,0,0,125,-12.6109
3.975,0,0,125,-12.5907
4,0,0,125,-12.5706
4.025,0,0,125,-12.5504
4.05,0,0,125,-12.5304
4.075,0,0,125,-12.5103
4.1,0,0,125,-12.4903
4.125,0,0,125,-12.4703
4.15,0,0,125,-12.4504
4.175,0,0,125,-12.4305
4.2,0,0,125,-12.4106
4.225,0,0,125,-12.3908
4.25,0,0,125,-12.3711
4.275,0,0,125,-12.3514
4.3,0,0,125,-12.3319
4.325,0,0,125,-12.3124
4.35,0,0,125,-12.293
4.375,0,0,125,-12.2737
4.4,0,0,125,-12.2545
4.425,0,0,125,-12.2355
4.45,0,0,125,-12.2166
4.475,0,0,125,-12.1979
4.5,0,0,125,-12.1794
4.525,0,0,125,-12.1611
4.55,0,0,125,-12.1431
4.575,0,0,125,-12.1254
4.6,0,0,125,-12.108
4.625,0,0,125,-12.0909
4.65,0,0,125,-12.0743
4.675,0,0,125,-12.0582
4.7,0,0,125,-12.0426
4.725,0,0,125,-12.0276
4.75,0,0,125,-12.0133
4.775,0,0,125,-11.9997
4.8,0,0,125,-11.987
4.825,0,0,125,-11.9753
4.85,0,0,125,-11.9646
4.875,0,0,125,-11.9551
4.9,0,0,125,-11.9469
4.925,0,0,125,-11.9402
4.95,0,0,125,-11.935
4.975,0,0,125,-11.9315
5,0,0,125,-11.9297
