0,0,0,25,-9.23084
0.005,0,0,25,-9.23075
0.01,0,0,25,-9.23058
0.015,0,0,25,-9.23033
0.02,0,0,25,-9.22999
0.025,0,0,25,-9.22957
0.03,0,0,25,-9.22907
0.035,0,0,25,-9.22849
0.04,0,0,25,-9.22783
0.045,0,0,25,-9.22709
0.05,0,0,25,-9.22628
0.055,0,0,25,-9.22539
0.06,0,0,25,-9.22444
0.065,0,0,25,-9.22341
0.07,0,0,25,-9.22232
0.075,0,0,25,-9.22116
0.08,0,0,25,-9.21993
0.085,0,0,25,-9.21864
0.09,0,0,25,-9.21728
0.095,0,0,25,-9.21587
0.1,0,0,25,-9.21439
0.105,0,0,25,-9.21286
0.11,0,0,25,-9.21127
0.115,0,0,25,-9.20963
0.12,0,0,25,-9.20793
0.125,0,0,25,-9.20617
0.13,0,0,25,-9.20437
0.135,0,0,25,-9.20252
0.14,0,0,25,-9.20061
0.145,0,0,25,-9.19866
0.15,0,0,25,-9.19666
0.155,0,0,25,-9.19462
0.16,0,0,25,-9.19253
0.165,0,0,25,-9.1904
0.17,0,0,25,-9.18822
0.175,0,0,25,-9.18601
0.18,0,0,25,-9.18375
0.185,0,0,25,-9.18145
0.19,0,0,25,-9.17912
0.195,0,0,25,-9.17675
0.2,0,0,25,-9.17434
0.205,0,0,25,-9.1719
0.21,0,0,25,-9.16942
0.215,0,0,25,-9.16691
0.22,0,0,25,-9.16437
0.225,0,0,25,-9.16179
0.23,0,0,25,-9.15918
0.235,0,0,25,-9.15655
0.24,0,0,25,-9.15388
0.245,0,0,25,-9.15118
0.25,0,0,25,-9.14846
0.255,0,0,25,-9.14571
0.26,0,0,25,-9.14293
0.265,0,0,25,-9.14013
0.27,0,0,25,-9.1373
0.275,0,0,25,-9.13444
0.28,0,0,25,-9.13157
0.285,0,0,25,-9.12867
0.29,0,0,25,-9.12574
0.295,0,0,25,-9.1228
0.3,0,0,25,-9.11983
0.305,0,0,25,-9.11684
0.31,0,0,25,-9.11384
0.315,0,0,25,-9.11081
0.32,0,0,25,-9.10776
0.325,0,0,25,-9.1047
0.33,0,0,25,-9.10161
0.335,0,0,25,-9.09851
0.34,0,0,25,-9.09539
0.345,0,0,25,-9.09226
0.35,0,0,25,-9.08911
0.355,0,0,25,-9.08594
0.36,0,0,25,-9.08276
0.365,0,0,25,-9.07956
0.37,0,0,25,-9.07635
0.375,0,0,25,-9.07312
0.38,0,0,25,-9.06989
0.385,0,0,25,-9.06663
0.39,0,0,25,-9.06337
0.395,0,0,25,-9.06009
0.4,0,0,25,-9.0568
0.405,0,0,25,-9.0535
0.41,0,0,25,-9.05019
0.415,0,0,25,-9.04686
0.42,0,0,25,-9.04353
0.425,0,0,25,-9.04018
0.43,0,0,25,-9.03683
0.435,0,0,25,-9.03346
0.44,0,0,25,-9.03009
0.445,0,0,25,-9.0267
0.45,0,0,25,-9.02331
0.455,0,0,25,-9.01991
0.46,0,0,25,-9.0165
0.465,0,0,25,-9.01308
0.47,0,0,25,-9.00965
0.475,0,0,25,-9.00622
0.48,0,0,25,-9.00278
0.485,0,0,25,-8.99933
0.49,0,0,25,-8.99588
0.495,0,0,25,-8.99242
0.5,0,0,25,-8.98895
0.505,0,0,25,-8.98548
0.51,0,0,25,-8.982
0.515,0,0,25,-8.97851
0.52,0,0,25,-8.97502
0.525,0,0,25,-8.97152
0.53,0,0,25,-8.96802
0.535,0,0,25,-8.96451
0.54,0,0,25,-8.961
0.545,0,0,25,-8.95749
0.55,0,0,25,-8.95396
0.555,0,0,25,-8.95044
0.56,0,0,25,-8.94691
0.565,0,0,25,-8.94338
0.57,0,0,25,-8.93984
0.575,0,0,25,-8.9363
0.58,0,0,25,-8.93275
0.585,0,0,25,-8.92921
0.59,0,0,25,-8.92565
0.595,0,0,25,-8.9221
0.6,0,0,25,-8.91854
0.605,0,0,25,-8.91498
0.61,0,0,25,-8.91142
0.615,0,0,25,-8.90785
0.62,0,0,25,-8.90428
0.625,0,0,25,-8.90071
0.63,0,0,25,-8.89714
0.635,0,0,25,-8.89357
0.64,0,0,25,-8.88999
0.645,0,0,25,-8.88641
0.65,0,0,25,-8.88283
0.655,0,0,25,-8.87924
0.66,0,0,25,-8.87566
0.665,0,0,25,-8.87207
0.67,0,0,25,-8.86849
0.675,0,0,25,-8.8649
0.68,0,0,25,-8.86131
0.685,0,0,25,-8.85771
0.69,0,0,25,-8.85412
0.695,0,0,25,-8.85053
0.7,0,0,25,-8.84693
0.705,0,0,25,-8.84333
0.71,0,0,25,-8.83974
0.715,0,0,25,-8.83614
0.72,0,0,25,-8.83254
0.725,0,0,25,-8.82894
0.73,0,0,25,-8.82534
0.735,0,0,25,-8.82174
0.74,0,0,25,-8.81814
0.745,0,0,25,-8.81453
0.75,0,0,25,-8.81093
0.755,0,0,25,-8.80733
0.76,0,0,25,-8.80373
0.765,0,0,25,-8.80012
0.77,0,0,25,-8.79652
0.775,0,0,25,-8.79291
0.78,0,0,25,-8.78931
0.785,0,0,25,-8.78571
0.79,0,0,25,-8.7821
0.795,0,0,25,-8.7785
0.8,0,0,25,-8.77489
0.805,0,0,25,-8.77129
0.81,0,0,25,-8.76769
0.815,0,0,25,-8.76408
0.82,0,0,25,-8.76048
0.825,0,0,25,-8.75688
0.83,0,0,25,-8.75327
0.835,0,0,25,-8.74967
0.84,0,0,25,-8.74607
0.845,0,0,25,-8.74247
0.85,0,0,25,-8.73886
0.855,0,0,25,-8.73526
0.86,0,0,25,-8.73166
0.865,0,0,25,-8.72806
0.87,0,0,25,-8.72446
0.875,0,0,25,-8.72086
0.88,0,0,25,-8.71726
0.885,0,0,25,-8.71367
0.89,0,0,25,-8.71007
0.895,0,0,25,-8.70647
0.9,0,0,25,-8.70287
0.905,0,0,25,-8.69928
0.91,0,0,25,-8.69568
0.915,0,0,25,-8.69209
0.92,0,0,25,-8.68849
0.925,0,0,25,-8.6849
0.93,0,0,25,-8.68131
0.935,0,0,25,-8.67772
0.94,0,0,25,-8.67412
0.945,0,0,25,-8.67053
0.95,0,0,25,-8.66694
0.955,0,0,25,-8.66336
0.96,0,0,25,-8.65977
0.965,0,0,25,-8.65618
0.97,0,0,25,-8.65259
0.975,0,0,25,-8.64901
0.98,0,0,25,-8.64542
0.985,0,0,25,-8.64184
0.99,0,0,25,-8.63826
0.995,0,0,25,-8.63467
1,0,0,25,-8.63109
1.005,0,0,25,-8.62751
1.01,0,0,25,-8.62393
1.015,0,0,25,-8.62035
1.02,0,0,25,-8.61678
1.025,0,0,25,-8.6132
1.03,0,0,25,-8.60962
1.035,0,0,25,-8.60605
1.04,0,0,25,-8.60247
1.045,0,0,25,-8.5989
1.05,0,0,25,-8.59533
1.055,0,0,25,-8.59176
1.06,0,0,25,-8.58819
1.065,0,0,25,-8.58462
1.07,0,0,25,-8.58105
1.075,0,0,25,-8.57748
1.08,0,0,25,-8.57392
1.085,0,0,25,-8.57035
1.09,0,0,25,-8.56679
1.095,0,0,25,-8.56322
1.1,0,0,25,-8.55966
1.105,0,0,25,-8.5561
1.11,0,0,25,-8.55254
1.115,0,0,25,-8.54898
1.12,0,0,25,-8.54542
1.125,0,0,25,-8.54186
1.13,0,0,25,-8.5383
1.135,0,0,25,-8.53475
1.14,0,0,25,-8.53119
1.145,0,0,25,-8.52764
1.15,0,0,25,-8.52408
1.155,0,0,25,-8.52053
1.16,0,0,25,-8.51698
1.165,0,0,25,-8.51343
1.17,0,0,25,-8.50988
1.175,0,0,25,-8.50633
1.18,0,0,25,-8.50279
1.185,0,0,25,-8.49924
1.19,0,0,25,-8.49569
1.195,0,0,25,-8.49215
1.2,0,0,25,-8.48861
1.205,0,0,25,-8.48506
1.21,0,0,25,-8.48152
1.215,0,0,25,-8.47798
1.22,0,0,25,-8.47444
1.225,0,0,25,-8.4709
1.23,0,0,25,-8.46737
1.235,0,0,25,-8.46383
1.24,0,0,25,-8.46029
1.245,0,0,25,-8.45676
1.25,0,0,25,-8.45322
1.255,0,0,25,-8.44969
1.26,0,0,25,-8.44616
1.265,0,0,25,-8.44263
1.27,0,0,25,-8.4391
1.275,0,0,25,-8.43557
1.28,0,0,25,-8.43204
1.285,0,0,25,-8.42851
1.29,0,0,25,-8.42499
1.295,0,0,25,-8.42146
1.3,0,0,25,-8.41794
1.305,0,0,25,-8.41441
1.31,0,0,25,-8.41089
1.315,0,0,25,-8.40737
1.32,0,0,25,-8.40385
1.325,0,0,25,-8.40033
1.33,0,0,25,-8.39681
1.335,0,0,25,-8.39329
1.34,0,0,25,-8.38977
1.345,0,0,25,-8.38626
1.35,0,0,25,-8.38274
1.355,0,0,25,-8.37923
1.36,0,0,25,-8.37571
1.365,0,0,25,-8.3722
1.37,0,0,25,-8.36869
1.375,0,0,25,-8.36517
1.38,0,0,25,-8.36166
1.385,0,0,25,-8.35816
1.39,0,0,25,-8.35465
1.395,0,0,25,-8.35114
1.4,0,0,25,-8.34763
1.405,0,0,25,-8.34413
1.41,0,0,25,-8.34062
1.415,0,0,25,-8.33712
1.42,0,0,25,-8.33361
1.425,0,0,25,-8.33011
1.43,0,0,25,-8.32661
1.435,0,0,25,-8.32311
1.44,0,0,25,-8.31961
1.445,0,0,25,-8.31611
1.45,0,0,25,-8.31261
1.455,0,0,25,-8.30911
1.46,0,0,25,-8.30561
1.465,0,0,25,-8.30212
1.47,0,0,25,-8.29862
1.475,0,0,25,-8.29513
1.48,0,0,25,-8.29163
1.485,0,0,25,-8.28814
1.49,0,0,25,-8.28465
1.495,0,0,25,-8.28116
1.5,0,0,25,-8.27767
1.505,0,0,25,-8.27418
1.51,0,0,25,-8.27069
1.515,0,0,25,-8.2672
1.52,0,0,25,-8.26371
1.525,0,0,25,-8.26022
1.53,0,0,25,-8.25674
1.535,0,0,25,-8.25325
1.54,0,0,25,-8.24977
1.545,0,0,25,-8.24628
1.55,0,0,25,-8.2428
1.555,0,0,25,-8.23932
1.56,0,0,25,-8.23584
1.565,0,0,25,-8.23236
1.57,0,0,25,-8.22888
1.575,0,0,25,-8.2254
1.58,0,0,25,-8.22192
1.585,0,0,25,-8.21844
1.59,0,0,25,-8.21496
1.595,0,0,25,-8.21149
1.6,0,0,25,-8.20801
1.605,0,0,25,-8.20454
1.61,0,0,25,-8.20106
1.615,0,0,25,-8.19759
1.62,0,0,25,-8.19412
1.625,0,0,25,-8.19064
1.63,0,0,25,-8.18717
1.635,0,0,25,-8.1837
1.64,0,0,25,-8.18023
1.645,0,0,25,-8.17676
1.65,0,0,25,-8.17329
1.655,0,0,25,-8.16983
1.66,0,0,25,-8.16636
1.665,0,0,25,-8.16289
1.67,0,0,25,-8.15943
1.675,0,0,25,-8.15596
1.68,0,0,25,-8.1525
1.685,0,0,25,-8.14903
1.69,0,0,25,-8.14557
1.695,0,0,25,-8.14211
1.7,0,0,25,-8.13865
1.705,0,0,25,-8.13519
1.71,0,0,25,-8.13173
1.715,0,0,25,-8.12827
1.72,0,0,25,-8.12481
1.725,0,0,25,-8.12135
1.73,0,0,25,-8.11789
1.735,0,0,25,-8.11443
1.74,0,0,25,-8.11098
1.745,0,0,25,-8.10752
1.75,0,0,25,-8.10407
1.755,0,0,25,-8.10061
1.76,0,0,25,-8.09716
1.765,0,0,25,-8.0937
1.77,0,0,25,-8.09025
1.775,0,0,25,-8.0868
1.78,0,0,25,-8.08335
1.785,0,0,25,-8.0799
1.79,0,0,25,-8.07645
1.795,0,0,25,-8.073
1.8,0,0,25,-8.06955
1.805,0,0,25,-8.0661
1.81,0,0,25,-8.06265
1.815,0,0,25,-8.05921
1.82,0,0,25,-8.05576
1.825,0,0,25,-8.05231
1.83,0,0,25,-8.04887
1.835,0,0,25,-8.04542
1.84,0,0,25,-8.04198
1.845,0,0,25,-8.03854
1.85,0,0,25,-8.03509
1.855,0,0,25,-8.03165
1.86,0,0,25,-8.02821
1.865,0,0,25,-8.02477
1.87,0,0,25,-8.02133
1.875,0,0,25,-8.01789
1.88,0,0,25,-8.01445
1.885,0,0,25,-8.01101
1.89,0,0,25,-8.00757
1.895,0,0,25,-8.00413
1.9,0,0,25,-8.0007
1.905,0,0,25,-7.99726
1.91,0,0,25,-7.99382
1.915,0,0,25,-7.99039
1.92,0,0,25,-7.98696
1.925,0,0,25,-7.98352
1.93,0,0,25,-7.98009
1.935,0,0,25,-7.97665
1.94,0,0,25,-7.97322
1.945,0,0,25,-7.96979
1.95,0,0,25,-7.96636
1.955,0,0,25,-7.96293
1.96,0,0,25,-7.9595
1.965,0,0,25,-7.95607
1.97,0,0,25,-7.95264
1.975,0,0,25,-7.94921
1.98,0,0,25,-7.94578
1.985,0,0,25,-7.94236
1.99,0,0,25,-7.93893
1.995,0,0,25,-7.9355
2,0,0,25,-7.93208
2.005,0,0,25,-7.92865
2.01,0,0,25,-7.92523
2.015,0,0,25,-7.9218
2.02,0,0,25,-7.91838
2.025,0,0,25,-7.91496
2.03,0,0,25,-7.91153
2.035,0,0,25,-7.90811
2.04,0,0,25,-7.90469
2.045,0,0,25,-7.90127
2.05,0,0,25,-7.89785
2.055,0,0,25,-7.89443
2.06,0,0,25,-7.89101
2.065,0,0,25,-7.88759
2.07,0,0,25,-7.88417
2.075,0,0,25,-7.88076
2.08,0,0,25,-7.87734
2.085,0,0,25,-7.87392
2.09,0,0,25,-7.87051
2.095,0,0,25,-7.86709
2.1,0,0,25,-7.86368
2.105,0,0,25,-7.86026
2.11,0,0,25,-7.85685
2.115,0,0,25,-7.85344
2.12,0,0,25,-7.85002
2.125,0,0,25,-7.84661
2.13,0,0,25,-7.8432
2.135,0,0,25,-7.83979
2.14,0,0,25,-7.83638
2.145,0,0,25,-7.83297
2.15,0,0,25,-7.82956
2.155,0,0,25,-7.82615
2.16,0,0,25,-7.82274
2.165,0,0,25,-7.81933
2.17,0,0,25,-7.81592
2.175,0,0,25,-7.81251
2.18,0,0,25,-7.80911
2.185,0,0,25,-7.8057
2.19,0,0,25,-7.8023
2.195,0,0,25,-7.79889
2.2,0,0,25,-7.79549
2.205,0,0,25,-7.79208
2.21,0,0,25,-7.78868
2.215,0,0,25,-7.78527
2.22,0,0,25,-7.78187
2.225,0,0,25,-7.77847
2.23,0,0,25,-7.77507
2.235,0,0,25,-7.77167
2.24,0,0,25,-7.76827
2.245,0,0,25,-7.76487
2.25,0,0,25,-7.76147
2.255,0,0,25,-7.75807
2.26,0,0,25,-7.75467
2.265,0,0,25,-7.75127
2.27,0,0,25,-7.74787
2.275,0,0,25,-7.74447
2.28,0,0,25,-7.74108
2.285,0,0,25,-7.73768
2.29,0,0,25,-7.73429
2.295,0,0,25,-7.73089
2.3,0,0,25,-7.7275
2.305,0,0,25,-7.7241
2.31,0,0,25,-7.72071
2.315,0,0,25,-7.71731
2.32,0,0,25,-7.71392
2.325,0,0,25,-7.71053
2.33,0,0,25,-7.70714
2.335,0,0,25,-7.70374
2.34,0,0,25,-7.70035
2.345,0,0,25,-7.69696
2.35,0,0,25,-7.69357
2.355,0,0,25,-7.69018
2.36,0,0,25,-7.68679
2.365,0,0,25,-7.6834
2.37,0,0,25,-7.68002
2.375,0,0,25,-7.67663
2.38,0,0,25,-7.67324
2.385,0,0,25,-7.66985
2.39,0,0,25,-7.66647
2.395,0,0,25,-7.66308
2.4,0,0,25,-7.6597
2.405,0,0,25,-7.65631
2.41,0,0,25,-7.65293
2.415,0,0,25,-7.64954
2.42,0,0,25,-7.64616
2.425,0,0,25,-7.64278
2.43,0,0,25,-7.63939
2.435,0,0,25,-7.63601
2.44,0,0,25,-7.63263
2.445,0,0,25,-7.62925
2.45,0,0,25,-7.62587
2.455,0,0,25,-7.62249
2.46,0,0,25,-7.61911
2.465,0,0,25,-7.61573
2.47,0,0,25,-7.61235
2.475,0,0,25,-7.60897
2.48,0,0,25,-7.60559
2.485,0,0,25,-7.60221
2.49,0,0,25,-7.59884
2.495,0,0,25,-7.59546
2.5,0,0,25,-7.59208
2.505,0,0,25,-7.58871
2.51,0,0,25,-7.58533
2.515,0,0,25,-7.58196
2.52,0,0,25,-7.57858
2.525,0,0,25,-7.57521
2.53,0,0,25,-7.57183
2.535,0,0,25,-7.56846
2.54,0,0,25,-7.56509
2.545,0,0,25,-7.56172
2.55,0,0,25,-7.55835
2.555,0,0,25,-7.55497
2.56,0,0,25,-7.5516
2.565,0,0,25,-7.54823
2.57,0,0,25,-7.54486
2.575,0,0,25,-7.54149
2.58,0,0,25,-7.53812
2.585,0,0,25,-7.53476
2.59,0,0,25,-7.53139
2.595,0,0,25,-7.52802
2.6,0,0,25,-7.52465
2.605,0,0,25,-7.52128
2.61,0,0,25,-7.51792
2.615,0,0,25,-7.51455
2.62,0,0,25,-7.51119
2.625,0,0,25,-7.50782
2.63,0,0,25,-7.50446
2.635,0,0,25,-7.50109
2.64,0,0,25,-7.49773
2.645,0,0,25,-7.49437
2.65,0,0,25,-7.491
2.655,0,0,25,-7.48764
2.66,0,0,25,-7.48428
2.665,0,0,25,-7.48092
2.67,0,0,25,-7.47755
2.675,0,0,25,-7.47419
2.68,0,0,25,-7.47083
2.685,0,0,25,-7.46747
2.69,0,0,25,-7.46411
2.695,0,0,25,-7.46075
2.7,0,0,25,-7.4574
2.705,0,0,25,-7.45404
2.71,0,0,25,-7.45068
2.715,0,0,25,-7.44732
2.72,0,0,25,-7.44397
2.725,0,0,25,-7.44061
2.73,0,0,25,-7.43725
2.735,0,0,25,-7.4339
2.74,0,0,25,-7.43054
2.745,0,0,25,-7.42719
2.75,0,0,25,-7.42383
2.755,0,0,25,-7.42048
2.76,0,0,25,-7.41713
2.765,0,0,25,-7.41377
2.77,0,0,25,-7.41042
2.775,0,0,25,-7.40707
2.78,0,0,25,-7.40371
2.785,0,0,25,-7.40036
2.79,0,0,25,-7.39701
2.795,0,0,25,-7.39366
2.8,0,0,25,-7.39031
2.805,0,0,25,-7.38696
2.81,0,0,25,-7.38361
2.815,0,0,25,-7.38026
2.82,0,0,25,-7.37692
2.825,0,0,25,-7.37357
2.83,0,0,25,-7.37022
2.835,0,0,25,-7.36687
2.84,0,0,25,-7.36353
2.845,0,0,25,-7.36018
2.85,0,0,25,-7.35683
2.855,0,0,25,-7.35349
2.86,0,0,25,-7.35014
2.865,0,0,25,-7.3468
2.87,0,0,25,-7.34345
2.875,0,0,25,-7.34011
2.88,0,0,25,-7.33676
2.885,0,0,25,-7.33342
2.89,0,0,25,-7.33008
2.895,0,0,25,-7.32674
2.9,0,0,25,-7.32339
2.905,0,0,25,-7.32005
2.91,0,0,25,-7.31671
2.915,0,0,25,-7.31337
2.92,0,0,25,-7.31003
2.925,0,0,25,-7.30669
2.93,0,0,25,-7.30335
2.935,0,0,25,-7.30001
2.94,0,0,25,-7.29667
2.945,0,0,25,-7.29333
2.95,0,0,25,-7.29
2.955,0,0,25,-7.28666
2.96,0,0,25,-7.28332
2.965,0,0,25,-7.27998
2.97,0,0,25,-7.27665
2.975,0,0,25,-7.27331
2.98,0,0,25,-7.26998
2.985,0,0,25,-7.26664
2.99,0,0,25,-7.26331
2.995,0,0,25,-7.25997
3,0,0,25,-7.25664
3.005,0,0,25,-7.2533
3.01,0,0,25,-7.24997
3.015,0,0,25,-7.24664
3.02,0,0,25,-7.24331
3.025,0,0,25,-7.23997
3.03,0,0,25,-7.23664
3.035,0,0,25,-7.23331
3.04,0,0,25,-7.22998
3.045,0,0,25,-7.22665
3.05,0,0,25,-7.22332
3.055,0,0,25,-7.21999
3.06,0,0,25,-7.21666
3.065,0,0,25,-7.21333
3.07,0,0,25,-7.21
3.075,0,0,25,-7.20668
3.08,0,0,25,-7.20335
3.085,0,0,25,-7.20002
3.09,0,0,25,-7.19669
3.095,0,0,25,-7.19337
3.1,0,0,25,-7.19004
3.105,0,0,25,-7.18671
3.11,0,0,25,-7.18339
3.115,0,0,25,-7.18006
3.12,0,0,25,-7.17674
3.125,0,0,25,-7.17341
3.13,0,0,25,-7.17009
3.135,0,0,25,-7.16677
3.14,0,0,25,-7.16344
3.145,0,0,25,-7.16012
3.15,0,0,25,-7.1568
3.155,0,0,25,-7.15348
3.16,0,0,25,-7.15015
3.165,0,0,25,-7.14683
3.17,0,0,25,-7.14351
3.175,0,0,25,-7.14019
3.18,0,0,25,-7.13687
3.185,0,0,25,-7.13355
3.19,0,0,25,-7.13023
3.195,0,0,25,-7.12691
3.2,0,0,25,-7.12359
3.205,0,0,25,-7.12027
3.21,0,0,25,-7.11696
3.215,0,0,25,-7.11364
3.22,0,0,25,-7.11032
3.225,0,0,25,-7.107
3.23,0,0,25,-7.10369
3.235,0,0,25,-7.10037
3.24,0,0,25,-7.09705
3.245,0,0,25,-7.09374
3.25,0,0,25,-7.09042
3.255,0,0,25,-7.08711
3.26,0,0,25,-7.08379
3.265,0,0,25,-7.08048
3.27,0,0,25,-7.07717
3.275,0,0,25,-7.07385
3.28,0,0,25,-7.07054
3.285,0,0,25,-7.06723
3.29,0,0,25,-7.06391
3.295,0,0,25,-7.0606
3.3,0,0,25,-7.05729
3.305,0,0,25,-7.05398
3.31,0,0,25,-7.05067
3.315,0,0,25,-7.04736
3.32,0,0,25,-7.04405
3.325,0,0,25,-7.04074
3.33,0,0,25,-7.03743
3.335,0,0,25,-7.03412
3.34,0,0,25,-7.03081
3.345,0,0,25,-7.0275
3.35,0,0,25,-7.02419
3.355,0,0,25,-7.02088
3.36,0,0,25,-7.01757
3.365,0,0,25,-7.01427
3.37,0,0,25,-7.01096
3.375,0,0,25,-7.00765
3.38,0,0,25,-7.00435
3.385,0,0,25,-7.00104
3.39,0,0,25,-6.99773
3.395,0,0,25,-6.99443
3.4,0,0,25,-6.99112
3.405,0,0,25,-6.98782
3.41,0,0,25,-6.98451
3.415,0,0,25,-6.98121
3.42,0,0,25,-6.9779
3.425,0,0,25,-6.9746
3.43,0,0,25,-6.9713
3.435,0,0,25,-6.96799
3.44,0,0,25,-6.96469
3.445,0,0,25,-6.96139
3.45,0,0,25,-6.95809
3.455,0,0,25,-6.95478
3.46,0,0,25,-6.95148
3.465,0,0,25,-6.94818
3.47,0,0,25,-6.94488
3.475,0,0,25,-6.94158
3.48,0,0,25,-6.93828
3.485,0,0,25,-6.93498
3.49,0,0,25,-6.93168
3.495,0,0,25,-6.92838
3.5,0,0,25,-6.92508
3.505,0,0,25,-6.92178
3.51,0,0,25,-6.91848
3.515,0,0,25,-6.91518
3.52,0,0,25,-6.91188
3.525,0,0,25,-6.90858
3.53,0,0,25,-6.90529
3.535,0,0,25,-6.90199
3.54,0,0,25,-6.89869
3.545,0,0,25,-6.89539
3.55,0,0,25,-6.8921
3.555,0,0,25,-6.8888
3.56,0,0,25,-6.8855
3.565,0,0,25,-6.88221
3.57,0,0,25,-6.87891
3.575,0,0,25,-6.87562
3.58,0,0,25,-6.87232
3.585,0,0,25,-6.86903
3.59,0,0,25,-6.86573
3.595,0,0,25,-6.86244
3.6,0,0,25,-6.85914
3.605,0,0,25,-6.85585
3.61,0,0,25,-6.85255
3.615,0,0,25,-6.84926
3.62,0,0,25,-6.84597
3.625,0,0,25,-6.84267
3.63,0,0,25,-6.83938
3.635,0,0,25,-6.83609
3.64,0,0,25,-6.8328
3.645,0,0,25,-6.8295
3.65,0,0,25,-6.82621
3.655,0,0,25,-6.82292
3.66,0,0,25,-6.81963
3.665,0,0,25,-6.81634
3.67,0,0,25,-6.81305
3.675,0,0,25,-6.80976
3.68,0,0,25,-6.80646
3.685,0,0,25,-6.80317
3.69,0,0,25,-6.79988
3.695,0,0,25,-6.79659
3.7,0,0,25,-6.7933
3.705,0,0,25,-6.79001
3.71,0,0,25,-6.78672
3.715,0,0,25,-6.78343
3.72,0,0,25,-6.78015
3.725,0,0,25,-6.77686
3.73,0,0,25,-6.77357
3.735,0,0,25,-6.77028
3.74,0,0,25,-6.76699
3.745,0,0,25,-6.7637
3.75,0,0,25,-6.76042
3.755,0,0,25,-6.75713
3.76,0,0,25,-6.75384
3.765,0,0,25,-6.75055
3.77,0,0,25,-6.74727
3.775,0,0,25,-6.74398
3.78,0,0,25,-6.74069
3.785,0,0,25,-6.7374
3.79,0,0,25,-6.73412
3.795,0,0,25,-6.73083
3.8,0,0,25,-6.72755
3.805,0,0,25,-6.72426
3.81,0,0,25,-6.72097
3.815,0,0,25,-6.71769
3.82,0,0,25,-6.7144
3.825,0,0,25,-6.71112
3.83,0,0,25,-6.70783
3.835,0,0,25,-6.70455
3.84,0,0,25,-6.70126
3.845,0,0,25,-6.69798
3.85,0,0,25,-6.69469
3.855,0,0,25,-6.69141
3.86,0,0,25,-6.68812
3.865,0,0,25,-6.68484
3.87,0,0,25,-6.68156
3.875,0,0,25,-6.67827
3.88,0,0,25,-6.67499
3.885,0,0,25,-6.67171
3.89,0,0,25,-6.66842
3.895,0,0,25,-6.66514
3.9,0,0,25,-6.66186
3.905,0,0,25,-6.65858
3.91,0,0,25,-6.65529
3.915,0,0,25,-6.65201
3.92,0,0,25,-6.64873
3.925,0,0,25,-6.64545
3.93,0,0,25,-6.64216
3.935,0,0,25,-6.63888
3.94,0,0,25,-6.6356
3.945,0,0,25,-6.63232
3.95,0,0,25,-6.62904
3.955,0,0,25,-6.62576
3.96,0,0,25,-6.62248
3.965,0,0,25,-6.6192
3.97,0,0,25,-6.61592
3.975,0,0,25,-6.61264
3.98,0,0,25,-6.60936
3.985,0,0,25,-6.60608
3.99,0,0,25,-6.6028
3.995,0,0,25,-6.59952
4,0,0,25,-6.59624
4.005,0,0,25,-6.59296
4.01,0,0,25,-6.58968
4.015,0,0,25,-6.58641
4.02,0,0,25,-6.58313
4.025,0,0,25,-6.57985
4.03,0,0,25,-6.57657
4.035,0,0,25,-6.5733
4.04,0,0,25,-6.57002
4.045,0,0,25,-6.56674
4.05,0,0,25,-6.56347
4.055,0,0,25,-6.56019
4.06,0,0,25,-6.55691
4.065,0,0,25,-6.55364
4.07,0,0,25,-6.55036
4.075,0,0,25,-6.54709
4.08,0,0,25,-6.54382
4.085,0,0,25,-6.54054
4.09,0,0,25,-6.53727
4.095,0,0,25,-6.534
4.1,0,0,25,-6.53072
4.105,0,0,25,-6.52745
4.11,0,0,25,-6.52418
4.115,0,0,25,-6.52091
4.12,0,0,25,-6.51764
4.125,0,0,25,-6.51437
4.13,0,0,25,-6.5111
4.135,0,0,25,-6.50783
4.14,0,0,25,-6.50456
4.145,0,0,25,-6.50129
4.15,0,0,25,-6.49802
4.155,0,0,25,-6.49476
4.16,0,0,25,-6.49149
4.165,0,0,25,-6.48823
4.17,0,0,25,-6.48496
4.175,0,0,25,-6.4817
4.18,0,0,25,-6.47843
4.185,0,0,25,-6.47517
4.19,0,0,25,-6.47191
4.195,0,0,25,-6.46865
4.2,0,0,25,-6.46539
4.205,0,0,25,-6.46213
4.21,0,0,25,-6.45887
4.215,0,0,25,-6.45562
4.22,0,0,25,-6.45236
4.225,0,0,25,-6.4491
4.23,0,0,25,-6.44585
4.235,0,0,25,-6.4426
4.24,0,0,25,-6.43935
4.245,0,0,25,-6.4361
4.25,0,0,25,-6.43285
4.255,0,0,25,-6.4296
4.26,0,0,25,-6.42635
4.265,0,0,25,-6.42311
4.27,0,0,25,-6.41986
4.275,0,0,25,-6.41662
4.28,0,0,25,-6.41338
4.285,0,0,25,-6.41014
4.29,0,0,25,-6.4069
4.295,0,0,25,-6.40367
4.3,0,0,25,-6.40043
4.305,0,0,25,-6.3972
4.31,0,0,25,-6.39397
4.315,0,0,25,-6.39074
4.32,0,0,25,-6.38751
4.325,0,0,25,-6.38429
4.33,0,0,25,-6.38106
4.335,0,0,25,-6.37784
4.34,0,0,25,-6.37463
4.345,0,0,25,-6.37141
4.35,0,0,25,-6.3682
4.355,0,0,25,-6.36499
4.36,0,0,25,-6.36178
4.365,0,0,25,-6.35857
4.37,0,0,25,-6.35537
4.375,0,0,25,-6.35217
4.38,0,0,25,-6.34897
4.385,0,0,25,-6.34578
4.39,0,0,25,-6.34259
4.395,0,0,25,-6.3394
4.4,0,0,25,-6.33622
4.405,0,0,25,-6.33304
4.41,0,0,25,-6.32986
4.415,0,0,25,-6.32668
4.42,0,0,25,-6.32351
4.425,0,0,25,-6.32035
4.43,0,0,25,-6.31719
4.435,0,0,25,-6.31403
4.44,0,0,25,-6.31088
4.445,0,0,25,-6.30773
4.45,0,0,25,-6.30458
4.455,0,0,25,-6.30145
4.46,0,0,25,-6.29831
4.465,0,0,25,-6.29518
4.47,0,0,25,-6.29206
4.475,0,0,25,-6.28894
4.48,0,0,25,-6.28583
4.485,0,0,25,-6.28272
4.49,0,0,25,-6.27962
4.495,0,0,25,-6.27652
4.5,0,0,25,-6.27343
4.505,0,0,25,-6.27035
4.51,0,0,25,-6.26727
4.515,0,0,25,-6.2642
4.52,0,0,25,-6.26114
4.525,0,0,25,-6.25809
4.53,0,0,25,-6.25504
4.535,0,0,25,-6.252
4.54,0,0,25,-6.24897
4.545,0,0,25,-6.24594
4.55,0,0,25,-6.24293
4.555,0,0,25,-6.23992
4.56,0,0,25,-6.23692
4.565,0,0,25,-6.23394
4.57,0,0,25,-6.23096
4.575,0,0,25,-6.22799
4.58,0,0,25,-6.22503
4.585,0,0,25,-6.22208
4.59,0,0,25,-6.21914
4.595,0,0,25,-6.21621
4.6,0,0,25,-6.2133
4.605,0,0,25,-6.21039
4.61,0,0,25,-6.2075
4.615,0,0,25,-6.20462
4.62,0,0,25,-6.20175
4.625,0,0,25,-6.1989
4.63,0,0,25,-6.19606
4.635,0,0,25,-6.19323
4.64,0,0,25,-6.19041
4.645,0,0,25,-6.18761
4.65,0,0,25,-6.18483
4.655,0,0,25,-6.18206
4.66,0,0,25,-6.17931
4.665,0,0,25,-6.17657
4.67,0,0,25,-6.17385
4.675,0,0,25,-6.17114
4.68,0,0,25,-6.16846
4.685,0,0,25,-6.16579
4.69,0,0,25,-6.16314
4.695,0,0,25,-6.16051
4.7,0,0,25,-6.1579
4.705,0,0,25,-6.15531
4.71,0,0,25,-6.15274
4.715,0,0,25,-6.15019
4.72,0,0,25,-6.14766
4.725,0,0,25,-6.14516
4.73,0,0,25,-6.14267
4.735,0,0,25,-6.14022
4.74,0,0,25,-6.13778
4.745,0,0,25,-6.13537
4.75,0,0,25,-6.13299
4.755,0,0,25,-6.13063
4.76,0,0,25,-6.1283
4.765,0,0,25,-6.126
4.77,0,0,25,-6.12372
4.775,0,0,25,-6.12148
4.78,0,0,25,-6.11926
4.785,0,0,25,-6.11707
4.79,0,0,25,-6.11492
4.795,0,0,25,-6.1128
4.8,0,0,25,-6.11071
4.805,0,0,25,-6.10865
4.81,0,0,25,-6.10663
4.815,0,0,25,-6.10465
4.82,0,0,25,-6.1027
4.825,0,0,25,-6.10078
4.83,0,0,25,-6.09891
4.835,0,0,25,-6.09708
4.84,0,0,25,-6.09528
4.845,0,0,25,-6.09353
4.85,0,0,25,-6.09181
4.855,0,0,25,-6.09014
4.86,0,0,25,-6.08852
4.865,0,0,25,-6.08694
4.87,0,0,25,-6.0854
4.875,0,0,25,-6.08391
4.88,0,0,25,-6.08247
4.885,0,0,25,-6.08108
4.89,0,0,25,-6.07973
4.895,0,0,25,-6.07844
4.9,0,0,25,-6.0772
4.905,0,0,25,-6.07601
4.91,0,0,25,-6.07487
4.915,0,0,25,-6.07379
4.92,0,0,25,-6.07276
4.925,0,0,25,-6.07179
4.93,0,0,25,-6.07087
4.935,0,0,25,-6.07001
4.94,0,0,25,-6.06921
4.945,0,0,25,-6.06847
4.95,0,0,25,-6.06779
4.955,0,0,25,-6.06717
4.96,0,0,25,-6.06661
4.965,0,0,25,-6.06611
4.97,0,0,25,-6.06567
4.975,0,0,25,-6.06529
4.98,0,0,25,-6.06497
4.985,0,0,25,-6.06472
4.99,0,0,25,-6.06453
4.995,0,0,25,-6.06441
5,0,0,25,-6.06434
