0,0,0,125,-30.4957
0.025,0,0,125,-30.4923
0.05,0,0,125,-30.4854
0.075,0,0,125,-30.4751
0.1,0,0,125,-30.4615
0.125,0,0,125,-30.4446
0.15,0,0,125,-30.4246
0.175,0,0,125,-30.4015
0.2,0,0,125,-30.3757
0.225,0,0,125,-30.3471
0.25,0,0,125,-30.316
0.275,0,0,125,-30.2824
0.3,0,0,125,-30.2465
0.325,0,0,125,-30.2083
0.35,0,0,125,-30.1679
0.375,0,0,125,-30.1255
0.4,0,0,125,-30.0811
0.425,0,0,125,-30.0349
0.45,0,0,125,-29.9868
0.475,0,0,125,-29.9371
0.5,0,0,125,-29.8857
0.525,0,0,125,-29.8327
0.55,0,0,125,-29.7783
0.575,0,0,125,-29.7225
0.6,0,0,125,-29.6653
0.625,0,0,125,-29.6068
0.65,0,0,125,-29.5471
0.675,0,0,125,-29.4863
0.7,0,0,125,-29.4244
0.725,0,0,125,-29.3614
0.75,0,0,125,-29.2975
0.775,0,0,125,-29.2327
0.8,0,0,125,-29.1671
0.825,0,0,125,-29.1006
0.85,0,0,125,-29.0334
0.875,0,0,125,-28.9654
0.9,0,0,125,-28.8969
0.925,0,0,125,-28.8277
0.95,0,0,125,-28.7579
0.975,0,0,125,-28.6877
1,0,0,125,-28.617
1.025,0,0,125,-28.5458
1.05,0,0,125,-28.4742
1.075,0,0,125,-28.4023
1.1,0,0,125,-28.3301
1.125,0,0,125,-28.2576
1.15,0,0,125,-28.1849
1.175,0,0,125,-28.1119
1.2,0,0,125,-28.0387
1.225,0,0,125,-27.9655
1.25,0,0,125,-27.892
1.275,0,0,125,-27.8185
1.3,0,0,125,-27.745
1.325,0,0,125,-27.6714
1.35,0,0,125,-27.5977
1.375,0,0,125,-27.5241
1.4,0,0,125,-27.4506
1.425,0,0,125,-27.3771
1.45,0,0,125,-27.3036
1.475,0,0,125,-27.2303
1.5,0,0,125,-27.1571
1.525,0,0,125,-27.084
1.55,0,0,125,-27.011
1.575,0,0,125,-26.9383
1.6,0,0,125,-26.8657
1.625,0,0,125,-26.7933
1.65,0,0,125,-26.7211
1.675,0,0,125,-26.6492
1.7,0,0,125,-26.5774
1.725,0,0,125,-26.506
1.75,0,0,125,-26.4348
1.775,0,0,125,-26.3638
1.8,0,0,125,-26.2931
1.825,0,0,125,-26.2228
1.85,0,0,125,-26.1527
1.875,0,0,125,-26.0829
1.9,0,0,125,-26.0135
1.925,0,0,125,-25.9443
1.95,0,0,125,-25.8755
1.975,0,0,125,-25.807
2,0,0,125,-25.7388
2.025,0,0,125,-25.671
2.05,0,0,125,-25.6036
2.075,0,0,125,-25.5364
2.1,0,0,125,-25.4697
2.125,0,0,125,-25.4032
2.15,0,0,125,-25.3372
2.175,0,0,125,-25.2715
2.2,0,0,125,-25.2061
2.225,0,0,125,-25.1411
2.25,0,0,125,-25.0765
2.275,0,0,125,-25.0123
2.3,0,0,125,-24.9484
2.325,0,0,125,-24.8849
2.35,0,0,125,-24.8217
2.375,0,0,125,-24.7589
2.4,0,0,125,-24.6965
2.425,0,0,125,-24.6345
2.45,0,0,125,-24.5728
2.475,0,0,125,-24.5115
2.5,0,0,125,-24.4505
2.525,0,0,125,-24.3899
2.55,0,0,125,-24.3297
2.575,0,0,125,-24.2698
2.6,0,0,125,-24.2103
2.625,0,0,125,-24.1512
2.65,0,0,125,-24.0924
2.675,0,0,125,-24.0339
2.7,0,0,125,-23.9759
2.725,0,0,125,-23.9182
2.75,0,0,125,-23.8608
2.775,0,0,125,-23.8038
2.8,0,0,125,-23.7471
2.825,0,0,125,-23.6907
2.85,0,0,125,-23.6347
2.875,0,0,125,-23.5791
2.9,0,0,125,-23.5238
2.925,0,0,125,-23.4688
2.95,0,0,125,-23.4142
2.975,0,0,125,-23.3599
3,0,0,125,-23.3059
3.025,0,0,125,-23.2522
3.05,0,0,125,-23.1989
3.075,0,0,125,-23.1459
3.1,0,0,125,-23.0933
3.125,0,0,125,-23.0409
3.15,0,0,125,-22.9889
3.175,0,0,125,-22.9372
3.2,0,0,125,-22.8858
3.225,0,0,125,-22.8347
3.25,0,0,125,-22.7839
3.275,0,0,125,-22.7335
3.3,0,0,125,-22.6833
3.325,0,0,125,-22.6335
3.35,0,0,125,-22.5839
3.375,0,0,125,-22.5347
3.4,0,0,125,-22.4858
3.425,0,0,125,-22.4372
3.45,0,0,125,-22.3889
3.475,0,0,125,-22.3408
3.5,0,0,125,-22.2931
3.525,0,0,125,-22.2457
3.55,0,0,125,-22.1987
3.575,0,0,125,-22.1519
3.6,0,0,125,-22.1054
3.625,0,0,125,-22.0592
3.65,0,0,125,-22.0133
3.675,0,0,125,-21.9677
3.7,0,0,125,-21.9224
3.725,0,0,125,-21.8775
3.75,0,0,125,-21.8328
3.775,0,0,125,-21.7885
3.8,0,0,125,-21.7445
3.825,0,0,125,-21.7008
3.85,0,0,125,-21.6574
3.875,0,0,125,-21.6143
3.9,0,0,125,-21.5716
3.925,0,0,125,-21.5292
3.95,0,0,125,-21.4871
3.975,0,0,125,-21.4454
4,0,0,125,-21.4041
4.025,0,0,125,-21.3631
4.05,0,0,125,-21.3224
4.075,0,0,125,-21.2822
4.1,0,0,125,-21.2423
4.125,0,0,125,-21.2028
4.15,0,0,125,-21.1638
4.175,0,0,125,-21.1251
4.2,0,0,125,-21.0869
4.225,0,0,125,-21.0491
4.25,0,0,125,-21.0118
4.275,0,0,125,-20.975
4.3,0,0,125,-20.9386
4.325,0,0,125,-20.9028
4.35,0,0,125,-20.8676
4.375,0,0,125,-20.8328
4.4,0,0,125,-20.7987
4.425,0,0,125,-20.7652
4.45,0,0,125,-20.7324
4.475,0,0,125,-20.7002
4.5,0,0,125,-20.6688
4.525,0,0,125,-20.6381
4.55,0,0,125,-20.6083
4.575,0,0,125,-20.5792
4.6,0,0,125,-20.5511
4.625,0,0,125,-20.524
4.65,0,0,125,-20.4978
4.675,0,0,125,-20.4728
4.7,0,0,125,-20.4489
4.725,0,0,125,-20.4262
4.75,0,0,125,-20.4049
4.775,0,0,125,-20.385
4.8,0,0,125,-20.3666
4.825,0,0,125,-20.3498
4.85,0,0,125,-20.3347
4.875,0,0,125,-20.3214
4.9,0,0,125,-20.3101
4.925,0,0,125,-20.3009
4.95,0,0,125,-20.2939
4.975,0,0,125,-20.2892
5,0,0,125,-20.2868
