0,0,0,125,-65.3015
0.025,0,0,125,-65.2992
0.05,0,0,125,-65.2948
0.075,0,0,125,-65.2881
0.1,0,0,125,-65.2793
0.125,0,0,125,-65.2682
0.15,0,0,125,-65.2551
0.175,0,0,125,-65.2399
0.2,0,0,125,-65.2226
0.225,0,0,125,-65.2034
0.25,0,0,125,-65.1822
0.275,0,0,125,-65.1592
0.3,0,0,125,-65.1343
0.325,0,0,125,-65.1075
0.35,0,0,125,-65.0789
0.375,0,0,125,-65.0486
0.4,0,0,125,-65.0165
0.425,0,0,125,-64.9826
0.45,0,0,125,-64.9471
0.475,0,0,125,-64.9098
0.5,0,0,125,-64.8709
0.525,0,0,125,-64.8303
0.55,0,0,125,-64.7881
0.575,0,0,125,-64.7442
0.6,0,0,125,-64.6988
0.625,0,0,125,-64.6518
0.65,0,0,125,-64.6032
0.675,0,0,125,-64.553
0.7,0,0,125,-64.5013
0.725,0,0,125,-64.4481
0.75,0,0,125,-64.3934
0.775,0,0,125,-64.3371
0.8,0,0,125,-64.2794
0.825,0,0,125,-64.2202
0.85,0,0,125,-64.1595
0.875,0,0,125,-64.0974
0.9,0,0,125,-64.0339
0.925,0,0,125,-63.969
0.95,0,0,125,-63.9026
0.975,0,0,125,-63.8349
1,0,0,125,-63.7658
1.025,0,0,125,-63.6953
1.05,0,0,125,-63.6235
1.075,0,0,125,-63.5503
1.1,0,0,125,-63.4758
1.125,0,0,125,-63.4
1.15,0,0,125,-63.3229
1.175,0,0,125,-63.2445
1.2,0,0,125,-63.1648
1.225,0,0,125,-63.0839
1.25,0,0,125,-63.0017
1.275,0,0,125,-62.9183
1.3,0,0,125,-62.8337
1.325,0,0,125,-62.7478
1.35,0,0,125,-62.6608
1.375,0,0,125,-62.5726
1.4,0,0,125,-62.4832
1.425,0,0,125,-62.3927
1.45,0,0,125,-62.3011
1.475,0,0,125,-62.2083
1.5,0,0,125,-62.1144
1.525,0,0,125,-62.0195
1.55,0,0,125,-61.9234
1.575,0,0,125,-61.8263
1.6,0,0,125,-61.7282
1.625,0,0,125,-61.629
1.65,0,0,125,-61.5288
1.675,0,0,125,-61.4276
1.7,0,0,125,-61.3254
1.725,0,0,125,-61.2222
1.75,0,0,125,-61.1181
1.775,0,0,125,-61.013
1.8,0,0,125,-60.907
1.825,0,0,125,-60.8001
1.85,0,0,125,-60.6923
1.875,0,0,125,-60.5836
1.9,0,0,125,-60.474
1.925,0,0,125,-60.3636
1.95,0,0,125,-60.2523
1.975,0,0,125,-60.1402
2,0,0,125,-60.0273
2.025,0,0,125,-59.9136
2.05,0,0,125,-59.7992
2.075,0,0,125,-59.684
2.1,0,0,125,-59.568
2.125,0,0,125,-59.4513
2.15,0,0,125,-59.3339
2.175,0,0,125,-59.2158
2.2,0,0,125,-59.097
2.225,0,0,125,-58.9776
2.25,0,0,125,-58.8575
2.275,0,0,125,-58.7367
2.3,0,0,125,-58.6154
2.325,0,0,125,-58.4934
2.35,0,0,125,-58.3709
2.375,0,0,125,-58.2478
2.4,0,0,125,-58.1241
2.425,0,0,125,-57.9999
2.45,0,0,125,-57.8752
2.475,0,0,125,-57.75
2.5,0,0,125,-57.6242
2.525,0,0,125,-57.4981
2.55,0,0,125,-57.3714
2.575,0,0,125,-57.2443
2.6,0,0,125,-57.1169
2.625,0,0,125,-56.989
2.65,0,0,125,-56.8607
2.675,0,0,125,-56.732
2.7,0,0,125,-56.6031
2.725,0,0,125,-56.4738
2.75,0,0,125,-56.3441
2.775,0,0,125,-56.2142
2.8,0,0,125,-56.084
2.825,0,0,125,-55.9536
2.85,0,0,125,-55.8229
2.875,0,0,125,-55.692
2.9,0,0,125,-55.561
2.925,0,0,125,-55.4297
2.95,0,0,125,-55.2983
2.975,0,0,125,-55.1668
3,0,0,125,-55.0352
3.025,0,0,125,-54.9035
3.05,0,0,125,-54.7717
3.075,0,0,125,-54.6399
3.1,0,0,125,-54.5081
3.125,0,0,125,-54.3763
3.15,0,0,125,-54.2445
3.175,0,0,125,-54.1128
3.2,0,0,125,-53.9812
3.225,0,0,125,-53.8497
3.25,0,0,125,-53.7184
3.275,0,0,125,-53.5872
3.3,0,0,125,-53.4562
3.325,0,0,125,-53.3255
3.35,0,0,125,-53.195
3.375,0,0,125,-53.0648
3.4,0,0,125,-52.9349
3.425,0,0,125,-52.8054
3.45,0,0,125,-52.6763
3.475,0,0,125,-52.5476
3.5,0,0,125,-52.4194
3.525,0,0,125,-52.2916
3.55,0,0,125,-52.1644
3.575,0,0,125,-52.0378
3.6,0,0,125,-51.9118
3.625,0,0,125,-51.7864
3.65,0,0,125,-51.6617
3.675,0,0,125,-51.5377
3.7,0,0,125,-51.4145
3.725,0,0,125,-51.2921
3.75,0,0,125,-51.1706
3.775,0,0,125,-51.05
3.8,0,0,125,-50.9303
3.825,0,0,125,-50.8116
3.85,0,0,125,-50.694
3.875,0,0,125,-50.5774
3.9,0,0,125,-50.462
3.925,0,0,125,-50.3478
3.95,0,0,125,-50.2348
3.975,0,0,125,-50.1231
4,0,0,125,-50.0128
4.025,0,0,125,-49.9038
4.05,0,0,125,-49.7963
4.075,0,0,125,-49.6904
4.1,0,0,125,-49.586
4.125,0,0,125,-49.4832
4.15,0,0,125,-49.3821
4.175,0,0,125,-49.2827
4.2,0,0,125,-49.1852
4.225,0,0,125,-49.0895
4.25,0,0,125,-48.9957
4.275,0,0,125,-48.9039
4.3,0,0,125,-48.8141
4.325,0,0,125,-48.7265
4.35,0,0,125,-48.641
4.375,0,0,125,-48.5578
4.4,0,0,125,-48.4768
4.425,0,0,125,-48.3983
4.45,0,0,125,-48.3221
4.475,0,0,125,-48.2485
4.5,0,0,125,-48.1774
4.525,0,0,125,-48.109
4.55,0,0,125,-48.0433
4.575,0,0,125,-47.9803
4.6,0,0,125,-47.9202
4.625,0,0,125,-47.863
4.65,0,0,125,-47.8088
4.675,0,0,125,-47.7577
4.7,0,0,125,-47.7097
4.725,0,0,125,-47.6649
4.75,0,0,125,-47.6234
4.775,0,0,125,-47.5853
4.8,0,0,125,-47.5507
4.825,0,0,125,-47.5196
4.85,0,0,125,-47.4921
4.875,0,0,125,-47.4683
4.9,0,0,125,-47.4483
4.925,0,0,125,-47.4323
4.95,0,0,125,-47.4201
4.975,0,0,125,-47.412
5,0,0,125,-47.4079
