0,0,0,125,-14.2699
0.025,0,0,125,-14.268
0.05,0,0,125,-14.2642
0.075,0,0,125,-14.2586
0.1,0,0,125,-14.2511
0.125,0,0,125,-14.2419
0.15,0,0,125,-14.231
0.175,0,0,125,-14.2188
0.2,0,0,125,-14.2054
0.225,0,0,125,-14.191
0.25,0,0,125,-14.1755
0.275,0,0,125,-14.1593
0.3,0,0,125,-14.1423
0.325,0,0,125,-14.1246
0.35,0,0,125,-14.1064
0.375,0,0,125,-14.0876
0.4,0,0,125,-14.0684
0.425,0,0,125,-14.0488
0.45,0,0,125,-14.0288
0.475,0,0,125,-14.0085
0.5,0,0,125,-13.9879
0.525,0,0,125,-13.9671
0.55,0,0,125,-13.9461
0.575,0,0,125,-13.925
0.6,0,0,125,-13.9036
0.625,0,0,125,-13.8822
0.65,0,0,125,-13.8606
0.675,0,0,125,-13.8389
0.7,0,0,125,-13.8172
0.725,0,0,125,-13.7954
0.75,0,0,125,-13.7735
0.775,0,0,125,-13.7516
0.8,0,0,125,-13.7297
0.825,0,0,125,-13.7078
0.85,0,0,125,-13.6858
0.875,0,0,125,-13.6638
0.9,0,0,125,-13.6419
0.925,0,0,125,-13.6199
0.95,0,0,125,-13.598
0.975,0,0,125,-13.5761
1,0,0,125,-13.5542
1.025,0,0,125,-13.5323
1.05,0,0,125,-13.5105
1.075,0,0,125,-13.4886
1.1,0,0,125,-13.4668
1.125,0,0,125,-13.4451
1.15,0,0,125,-13.4233
1.175,0,0,125,-13.4016
1.2,0,0,125,-13.38
1.225,0,0,125,-13.3583
1.25,0,0,125,-13.3367
1.275,0,0,125,-13.3152
1.3,0,0,125,-13.2936
1.325,0,0,125,-13.2721
1.35,0,0,125,-13.2507
1.375,0,0,125,-13.2292
1.4,0,0,125,-13.2079
1.425,0,0,125,-13.1865
1.45,0,0,125,-13.1652
1.475,0,0,125,-13.1439
1.5,0,0,125,-13.1227
1.525,0,0,125,-13.1015
1.55,0,0,125,-13.0803
1.575,0,0,125,-13.0591
1.6,0,0,125,-13.038
1.625,0,0,125,-13.017
1.65,0,0,125,-12.9959
1.675,0,0,125,-12.9749
1.7,0,0,125,-12.954
1.725,0,0,125,-12.933
1.75,0,0,125,-12.9121
1.775,0,0,125,-12.8913
1.8,0,0,125,-12.8704
1.825,0,0,125,-12.8496
1.85,0,0,125,-12.8289
1.875,0,0,125,-12.8081
1.9,0,0,125,-12.7874
1.925,0,0,125,-12.7668
1.95,0,0,125,-12.7461
1.975,0,0,125,-12.7255
2,0,0,125,-12.7049
2.025,0,0,125,-12.6844
2.05,0,0,125,-12.6638
2.075,0,0,125,-12.6433
2.1,0,0,125,-12.6229
2.125,0,0,125,-12.6024
2.15,0,0,125,-12.582
2.175,0,0,125,-12.5616
2.2,0,0,125,-12.5413
2.225,0,0,125,-12.521
2.25,0,0,125,-12.5007
2.275,0,0,125,-12.4804
2.3,0,0,125,-12.4601
2.325,0,0,125,-12.4399
2.35,0,0,125,-12.4197
2.375,0,0,125,-12.3996
2.4,0,0,125,-12.3795
2.425,0,0,125,-12.3593
2.45,0,0,125,-12.3393
2.475,0,0,125,-12.3192
2.5,0,0,125,-12.2992
2.525,0,0,125,-12.2792
2.55,0,0,125,-12.2592
2.575,0,0,125,-12.2393
2.6,0,0,125,-12.2194
2.625,0,0,125,-12.1995
2.65,0,0,125,-12.1796
2.675,0,0,125,-12.1597
2.7,0,0,125,-12.1399
2.725,0,0,125,-12.1201
2.75,0,0,125,-12.1003
2.775,0,0,125,-12.0806
2.8,0,0,125,-12.0608
2.825,0,0,125,-12.0411
2.85,0,0,125,-12.0214
2.875,0,0,125,-12.0018
2.9,0,0,125,-11.9821
2.925,0,0,125,-11.9625
2.95,0,0,125,-11.9429
2.975,0,0,125,-11.9233
3,0,0,125,-11.9037
3.025,0,0,125,-11.8842
3.05,0,0,125,-11.8647
3.075,0,0,125,-11.8452
3.1,0,0,125,-11.8257
3.125,0,0,125,-11.8063
3.15,0,0,125,-11.7868
3.175,0,0,125,-11.7674
3.2,0,0,125,-11.748
3.225,0,0,125,-11.7287
3.25,0,0,125,-11.7093
3.275,0,0,125,-11.69
3.3,0,0,125,-11.6707
3.325,0,0,125,-11.6514
3.35,0,0,125,-11.6322
3.375,0,0,125,-11.6129
3.4,0,0,125,-11.5937
3.425,0,0,125,-11.5745
3.45,0,0,125,-11.5553
3.475,0,0,125,-11.5361
3.5,0,0,125,-11.5169
3.525,0,0,125,-11.4977
3.55,0,0,125,-11.4786
3.575,0,0,125,-11.4595
3.6,0,0,125,-11.4404
3.625,0,0,125,-11.4213
3.65,0,0,125,-11.4022
3.675,0,0,125,-11.3831
3.7,0,0,125,-11.3641
3.725,0,0,125,-11.3451
3.75,0,0,125,-11.3261
3.775,0,0,125,-11.307
3.8,0,0,125,-11.288
3.825,0,0,125,-11.2691
3.85,0,0,125,-11.2501
3.875,0,0,125,-11.2311
3.9,0,0,125,-11.2122
3.925,0,0,125,-11.1932
3.95,0,0,125,-11.1743
3.975,0,0,125,-11.1554
4,0,0,125,-11.1365
4.025,0,0,125,-11.1177
4.05,0,0,125,-11.0988
4.075,0,0,125,-11.08
4.1,0,0,125,-11.0612
4.125,0,0,125,-11.0424
4.15,0,0,125,-11.0236
4.175,0,0,125,-11.0049
4.2,0,0,125,-10.9862
4.225,0,0,125,-10.9675
4.25,0,0,125,-10.9489
4.275,0,0,125,-10.9303
4.3,0,0,125,-10.9118
4.325,0,0,125,-10.8933
4.35,0,0,125,-10.8749
4.375,0,0,125,-10.8567
4.4,0,0,125,-10.8385
4.425,0,0,125,-10.8204
4.45,0,0,125,-10.8024
4.475,0,0,125,-10.7846
4.5,0,0,125,-10.767
4.525,0,0,125,-10.7496
4.55,0,0,125,-10.7324
4.575,0,0,125,-10.7154
4.6,0,0,125,-10.6988
4.625,0,0,125,-10.6824
4.65,0,0,125,-10.6665
4.675,0,0,125,-10.651
4.7,0,0,125,-10.636
4.725,0,0,125,-10.6215
4.75,0,0,125,-10.6077
4.775,0,0,125,-10.5946
4.8,0,0,125,-10.5823
4.825,0,0,125,-10.5709
4.85,0,0,125,-10.5605
4.875,0,0,125,-10.5513
4.9,0,0,125,-10.5434
4.925,0,0,125,-10.5368
4.95,0,0,125,-10.5318
4.975,0,0,125,-10.5284
5,0,0,125,-10.5266
