0,0,0,125,-26.8412
0.025,0,0,125,-26.8364
0.05,0,0,125,-26.8268
0.075,0,0,125,-26.8125
0.1,0,0,125,-26.7935
0.125,0,0,125,-26.77
0.15,0,0,125,-26.7423
0.175,0,0,125,-26.7107
0.2,0,0,125,-26.6755
0.225,0,0,125,-26.6371
0.25,0,0,125,-26.5957
0.275,0,0,125,-26.5514
0.3,0,0,125,-26.5045
0.325,0,0,125,-26.4553
0.35,0,0,125,-26.4039
0.375,0,0,125,-26.3505
0.4,0,0,125,-26.2952
0.425,0,0,125,-26.2382
0.45,0,0,125,-26.1797
0.475,0,0,125,-26.1198
0.5,0,0,125,-26.0587
0.525,0,0,125,-25.9964
0.55,0,0,125,-25.9332
0.575,0,0,125,-25.869
0.6,0,0,125,-25.8041
0.625,0,0,125,-25.7385
0.65,0,0,125,-25.6723
0.675,0,0,125,-25.6056
0.7,0,0,125,-25.5385
0.725,0,0,125,-25.471
0.75,0,0,125,-25.4033
0.775,0,0,125,-25.3354
0.8,0,0,125,-25.2674
0.825,0,0,125,-25.1994
0.85,0,0,125,-25.1313
0.875,0,0,125,-25.0633
0.9,0,0,125,-24.9953
0.925,0,0,125,-24.9276
0.95,0,0,125,-24.86
0.975,0,0,125,-24.7926
1,0,0,125,-24.7255
1.025,0,0,125,-24.6587
1.05,0,0,125,-24.5922
1.075,0,0,125,-24.5261
1.1,0,0,125,-24.4603
1.125,0,0,125,-24.395
1.15,0,0,125,-24.3301
1.175,0,0,125,-24.2656
1.2,0,0,125,-24.2015
1.225,0,0,125,-24.1379
1.25,0,0,125,-24.0748
1.275,0,0,125,-24.0122
1.3,0,0,125,-23.9501
1.325,0,0,125,-23.8885
1.35,0,0,125,-23.8274
1.375,0,0,125,-23.7669
1.4,0,0,125,-23.7068
1.425,0,0,125,-23.6473
1.45,0,0,125,-23.5883
1.475,0,0,125,-23.5298
1.5,0,0,125,-23.4719
1.525,0,0,125,-23.4144
1.55,0,0,125,-23.3575
1.575,0,0,125,-23.3011
1.6,0,0,125,-23.2452
1.625,0,0,125,-23.1899
1.65,0,0,125,-23.135
1.675,0,0,125,-23.0806
1.7,0,0,125,-23.0266
1.725,0,0,125,-22.9732
1.75,0,0,125,-22.9203
1.775,0,0,125,-22.8678
1.8,0,0,125,-22.8157
1.825,0,0,125,-22.7641
1.85,0,0,125,-22.713
1.875,0,0,125,-22.6622
1.9,0,0,125,-22.6119
1.925,0,0,125,-22.562
1.95,0,0,125,-22.5125
1.975,0,0,125,-22.4634
2,0,0,125,-22.4147
2.025,0,0,125,-22.3663
2.05,0,0,125,-22.3183
2.075,0,0,125,-22.2707
2.1,0,0,125,-22.2234
2.125,0,0,125,-22.1764
2.15,0,0,125,-22.1298
2.175,0,0,125,-22.0834
2.2,0,0,125,-22.0374
2.225,0,0,125,-21.9917
2.25,0,0,125,-21.9462
2.275,0,0,125,-21.901
2.3,0,0,125,-21.8561
2.325,0,0,125,-21.8115
2.35,0,0,125,-21.7671
2.375,0,0,125,-21.7229
2.4,0,0,125,-21.6789
2.425,0,0,125,-21.6352
2.45,0,0,125,-21.5917
2.475,0,0,125,-21.5484
2.5,0,0,125,-21.5053
2.525,0,0,125,-21.4624
2.55,0,0,125,-21.4196
2.575,0,0,125,-21.3771
2.6,0,0,125,-21.3347
2.625,0,0,125,-21.2924
2.65,0,0,125,-21.2503
2.675,0,0,125,-21.2084
2.7,0,0,125,-21.1666
2.725,0,0,125,-21.1249
2.75,0,0,125,-21.0833
2.775,0,0,125,-21.0419
2.8,0,0,125,-21.0005
2.825,0,0,125,-20.9593
2.85,0,0,125,-20.9181
2.875,0,0,125,-20.877
2.9,0,0,125,-20.8361
2.925,0,0,125,-20.7951
2.95,0,0,125,-20.7543
2.975,0,0,125,-20.7135
3,0,0,125,-20.6728
3.025,0,0,125,-20.6321
3.05,0,0,125,-20.5915
3.075,0,0,125,-20.5509
3.1,0,0,125,-20.5103
3.125,0,0,125,-20.4697
3.15,0,0,125,-20.4292
3.175,0,0,125,-20.3887
3.2,0,0,125,-20.3482
3.225,0,0,125,-20.3077
3.25,0,0,125,-20.2672
3.275,0,0,125,-20.2267
3.3,0,0,125,-20.1861
3.325,0,0,125,-20.1456
3.35,0,0,125,-20.105
3.375,0,0,125,-20.0644
3.4,0,0,125,-20.0238
3.425,0,0,125,-19.9831
3.45,0,0,125,-19.9424
3.475,0,0,125,-19.9017
3.5,0,0,125,-19.8609
3.525,0,0,125,-19.82
3.55,0,0,125,-19.7791
3.575,0,0,125,-19.7382
3.6,0,0,125,-19.6972
3.625,0,0,125,-19.6561
3.65,0,0,125,-19.6149
3.675,0,0,125,-19.5737
3.7,0,0,125,-19.5324
3.725,0,0,125,-19.4911
3.75,0,0,125,-19.4496
3.775,0,0,125,-19.4081
3.8,0,0,125,-19.3665
3.825,0,0,125,-19.3248
3.85,0,0,125,-19.283
3.875,0,0,125,-19.2412
3.9,0,0,125,-19.1992
3.925,0,0,125,-19.1572
3.95,0,0,125,-19.1151
3.975,0,0,125,-19.0729
4,0,0,125,-19.0306
4.025,0,0,125,-18.9883
4.05,0,0,125,-18.9459
4.075,0,0,125,-18.9034
4.1,0,0,125,-18.8609
4.125,0,0,125,-18.8184
4.15,0,0,125,-18.7758
4.175,0,0,125,-18.7332
4.2,0,0,125,-18.6907
4.225,0,0,125,-18.6481
4.25,0,0,125,-18.6056
4.275,0,0,125,-18.5631
4.3,0,0,125,-18.5207
4.325,0,0,125,-18.4784
4.35,0,0,125,-18.4363
4.375,0,0,125,-18.3943
4.4,0,0,125,-18.3526
4.425,0,0,125,-18.3111
4.45,0,0,125,-18.2699
4.475,0,0,125,-18.2291
4.5,0,0,125,-18.1887
4.525,0,0,125,-18.1488
4.55,0,0,125,-18.1095
4.575,0,0,125,-18.0708
4.6,0,0,125,-18.0328
4.625,0,0,125,-17.9957
4.65,0,0,125,-17.9595
4.675,0,0,125,-17.9244
4.7,0,0,125,-17.8905
4.725,0,0,125,-17.858
4.75,0,0,125,-17.827
4.775,0,0,125,-17.7977
4.8,0,0,125,-17.7703
4.825,0,0,125,-17.745
4.85,0,0,125,-17.722
4.875,0,0,125,-17.7017
4.9,0,0,125,-17.6842
4.925,0,0,125,-17.6698
4.95,0,0,125,-17.6587
4.975,0,0,125,-17.6513
5,0,0,125,-17.6475
