0,0,0,125,-70.7295
0.025,0,0,125,-70.7277
0.05,0,0,125,-70.7242
0.075,0,0,125,-70.7188
0.1,0,0,125,-70.7118
0.125,0,0,125,-70.703
0.15,0,0,125,-70.6925
0.175,0,0,125,-70.6803
0.2,0,0,125,-70.6665
0.225,0,0,125,-70.6511
0.25,0,0,125,-70.6342
0.275,0,0,125,-70.6157
0.3,0,0,125,-70.5958
0.325,0,0,125,-70.5743
0.35,0,0,125,-70.5514
0.375,0,0,125,-70.527
0.4,0,0,125,-70.5012
0.425,0,0,125,-70.474
0.45,0,0,125,-70.4454
0.475,0,0,125,-70.4154
0.5,0,0,125,-70.3841
0.525,0,0,125,-70.3514
0.55,0,0,125,-70.3173
0.575,0,0,125,-70.2818
0.6,0,0,125,-70.2451
0.625,0,0,125,-70.207
0.65,0,0,125,-70.1676
0.675,0,0,125,-70.1269
0.7,0,0,125,-70.085
0.725,0,0,125,-70.0417
0.75,0,0,125,-69.9972
0.775,0,0,125,-69.9514
0.8,0,0,125,-69.9043
0.825,0,0,125,-69.8559
0.85,0,0,125,-69.8064
0.875,0,0,125,-69.7555
0.9,0,0,125,-69.7035
0.925,0,0,125,-69.6502
0.95,0,0,125,-69.5957
0.975,0,0,125,-69.54
1,0,0,125,-69.4831
1.025,0,0,125,-69.425
1.05,0,0,125,-69.3657
1.075,0,0,125,-69.3052
1.1,0,0,125,-69.2436
1.125,0,0,125,-69.1807
1.15,0,0,125,-69.1167
1.175,0,0,125,-69.0516
1.2,0,0,125,-68.9853
1.225,0,0,125,-68.9178
1.25,0,0,125,-68.8493
1.275,0,0,125,-68.7796
1.3,0,0,125,-68.7088
1.325,0,0,125,-68.6369
1.35,0,0,125,-68.5639
1.375,0,0,125,-68.4898
1.4,0,0,125,-68.4146
1.425,0,0,125,-68.3384
1.45,0,0,125,-68.2611
1.475,0,0,125,-68.1828
1.5,0,0,125,-68.1034
1.525,0,0,125,-68.023
1.55,0,0,125,-67.9415
1.575,0,0,125,-67.8591
1.6,0,0,125,-67.7757
1.625,0,0,125,-67.6913
1.65,0,0,125,-67.6059
1.675,0,0,125,-67.5195
1.7,0,0,125,-67.4322
1.725,0,0,125,-67.3439
1.75,0,0,125,-67.2548
1.775,0,0,125,-67.1647
1.8,0,0,125,-67.0736
1.825,0,0,125,-66.9817
1.85,0,0,125,-66.8889
1.875,0,0,125,-66.7953
1.9,0,0,125,-66.7008
1.925,0,0,125,-66.6055
1.95,0,0,125,-66.5093
1.975,0,0,125,-66.4123
2,0,0,125,-66.3146
2.025,0,0,125,-66.216
2.05,0,0,125,-66.1167
2.075,0,0,125,-66.0167
2.1,0,0,125,-65.9159
2.125,0,0,125,-65.8144
2.15,0,0,125,-65.7122
2.175,0,0,125,-65.6093
2.2,0,0,125,-65.5057
2.225,0,0,125,-65.4015
2.25,0,0,125,-65.2966
2.275,0,0,125,-65.1911
2.3,0,0,125,-65.085
2.325,0,0,125,-64.9783
2.35,0,0,125,-64.871
2.375,0,0,125,-64.7632
2.4,0,0,125,-64.6549
2.425,0,0,125,-64.546
2.45,0,0,125,-64.4366
2.475,0,0,125,-64.3268
2.5,0,0,125,-64.2165
2.525,0,0,125,-64.1057
2.55,0,0,125,-63.9946
2.575,0,0,125,-63.883
2.6,0,0,125,-63.7711
2.625,0,0,125,-63.6588
2.65,0,0,125,-63.5461
2.675,0,0,125,-63.4331
2.7,0,0,125,-63.3198
2.725,0,0,125,-63.2063
2.75,0,0,125,-63.0925
2.775,0,0,125,-62.9784
2.8,0,0,125,-62.8641
2.825,0,0,125,-62.7497
2.85,0,0,125,-62.635
2.875,0,0,125,-62.5203
2.9,0,0,125,-62.4054
2.925,0,0,125,-62.2904
2.95,0,0,125,-62.1753
2.975,0,0,125,-62.0602
3,0,0,125,-61.945
3.025,0,0,125,-61.8298
3.05,0,0,125,-61.7147
3.075,0,0,125,-61.5996
3.1,0,0,125,-61.4845
3.125,0,0,125,-61.3696
3.15,0,0,125,-61.2547
3.175,0,0,125,-61.14
3.2,0,0,125,-61.0255
3.225,0,0,125,-60.9112
3.25,0,0,125,-60.7972
3.275,0,0,125,-60.6834
3.3,0,0,125,-60.5699
3.325,0,0,125,-60.4567
3.35,0,0,125,-60.3438
3.375,0,0,125,-60.2313
3.4,0,0,125,-60.1193
3.425,0,0,125,-60.0077
3.45,0,0,125,-59.8965
3.475,0,0,125,-59.7858
3.5,0,0,125,-59.6757
3.525,0,0,125,-59.5662
3.55,0,0,125,-59.4572
3.575,0,0,125,-59.3489
3.6,0,0,125,-59.2412
3.625,0,0,125,-59.1343
3.65,0,0,125,-59.028
3.675,0,0,125,-58.9226
3.7,0,0,125,-58.8179
3.725,0,0,125,-58.7141
3.75,0,0,125,-58.6112
3.775,0,0,125,-58.5092
3.8,0,0,125,-58.4081
3.825,0,0,125,-58.308
3.85,0,0,125,-58.209
3.875,0,0,125,-58.111
3.9,0,0,125,-58.0142
3.925,0,0,125,-57.9185
3.95,0,0,125,-57.8239
3.975,0,0,125,-57.7306
4,0,0,125,-57.6386
4.025,0,0,125,-57.5479
4.05,0,0,125,-57.4585
4.075,0,0,125,-57.3705
4.1,0,0,125,-57.284
4.125,0,0,125,-57.1989
4.15,0,0,125,-57.1154
4.175,0,0,125,-57.0334
4.2,0,0,125,-56.953
4.225,0,0,125,-56.8743
4.25,0,0,125,-56.7972
4.275,0,0,125,-56.722
4.3,0,0,125,-56.6484
4.325,0,0,125,-56.5768
4.35,0,0,125,-56.507
4.375,0,0,125,-56.4391
4.4,0,0,125,-56.3731
4.425,0,0,125,-56.3092
4.45,0,0,125,-56.2474
4.475,0,0,125,-56.1876
4.5,0,0,125,-56.13
4.525,0,0,125,-56.0746
4.55,0,0,125,-56.0214
4.575,0,0,125,-55.9706
4.6,0,0,125,-55.922
4.625,0,0,125,-55.8759
4.65,0,0,125,-55.8322
4.675,0,0,125,-55.7911
4.7,0,0,125,-55.7525
4.725,0,0,125,-55.7165
4.75,0,0,125,-55.6832
4.775,0,0,125,-55.6526
4.8,0,0,125,-55.6248
4.825,0,0,125,-55.5998
4.85,0,0,125,-55.5778
4.875,0,0,125,-55.5588
4.9,0,0,125,-55.5428
4.925,0,0,125,-55.5299
4.95,0,0,125,-55.5202
4.975,0,0,125,-55.5136
5,0,0,125,-55.5104
