0,0,0,25,-10.159
0.005,0,0,25,-10.1589
0.01,0,0,25,-10.1587
0.015,0,0,25,-10.1585
0.02,0,0,25,-10.1581
0.025,0,0,25,-10.1577
0.03,0,0,25,-10.1572
0.035,0,0,25,-10.1566
0.04,0,0,25,-10.1559
0.045,0,0,25,-10.1552
0.05,0,0,25,-10.1544
0.055,0,0,25,-10.1535
0.06,0,0,25,-10.1525
0.065,0,0,25,-10.1515
0.07,0,0,25,-10.1504
0.075,0,0,25,-10.1492
0.08,0,0,25,-10.1479
0.085,0,0,25,-10.1466
0.09,0,0,25,-10.1453
0.095,0,0,25,-10.1438
0.1,0,0,25,-10.1423
0.105,0,0,25,-10.1408
0.11,0,0,25,-10.1392
0.115,0,0,25,-10.1375
0.12,0,0,25,-10.1358
0.125,0,0,25,-10.134
0.13,0,0,25,-10.1322
0.135,0,0,25,-10.1303
0.14,0,0,25,-10.1284
0.145,0,0,25,-10.1264
0.15,0,0,25,-10.1244
0.155,0,0,25,-10.1223
0.16,0,0,25,-10.1202
0.165,0,0,25,-10.118
0.17,0,0,25,-10.1158
0.175,0,0,25,-10.1135
0.18,0,0,25,-10.1112
0.185,0,0,25,-10.1089
0.19,0,0,25,-10.1065
0.195,0,0,25,-10.1041
0.2,0,0,25,-10.1017
0.205,0,0,25,-10.0992
0.21,0,0,25,-10.0967
0.215,0,0,25,-10.0941
0.22,0,0,25,-10.0915
0.225,0,0,25,-10.0889
0.23,0,0,25,-10.0863
0.235,0,0,25,-10.0836
0.24,0,0,25,-10.0809
0.245,0,0,25,-10.0781
0.25,0,0,25,-10.0753
0.255,0,0,25,-10.0725
0.26,0,0,25,-10.0697
0.265,0,0,25,-10.0669
0.27,0,0,25,-10.064
0.275,0,0,25,-10.0611
0.28,0,0,25,-10.0581
0.285,0,0,25,-10.0552
0.29,0,0,25,-10.0522
0.295,0,0,25,-10.0492
0.3,0,0,25,-10.0462
0.305,0,0,25,-10.0431
0.31,0,0,25,-10.0401
0.315,0,0,25,-10.037
0.32,0,0,25,-10.0339
0.325,0,0,25,-10.0307
0.33,0,0,25,-10.0276
0.335,0,0,25,-10.0244
0.34,0,0,25,-10.0213
0.345,0,0,25,-10.0181
0.35,0,0,25,-10.0148
0.355,0,0,25,-10.0116
0.36,0,0,25,-10.0084
0.365,0,0,25,-10.0051
0.37,0,0,25,-10.0018
0.375,0,0,25,-9.99852
0.38,0,0,25,-9.99521
0.385,0,0,25,-9.99189
0.39,0,0,25,-9.98855
0.395,0,0,25,-9.9852
0.4,0,0,25,-9.98184
0.405,0,0,25,-9.97847
0.41,0,0,25,-9.97508
0.415,0,0,25,-9.97168
0.42,0,0,25,-9.96827
0.425,0,0,25,-9.96485
0.43,0,0,25,-9.96142
0.435,0,0,25,-9.95798
0.44,0,0,25,-9.95453
0.445,0,0,25,-9.95107
0.45,0,0,25,-9.9476
0.455,0,0,25,-9.94412
0.46,0,0,25,-9.94063
0.465,0,0,25,-9.93713
0.47,0,0,25,-9.93363
0.475,0,0,25,-9.93011
0.48,0,0,25,-9.92659
0.485,0,0,25,-9.92306
0.49,0,0,25,-9.91953
0.495,0,0,25,-9.91598
0.5,0,0,25,-9.91243
0.505,0,0,25,-9.90887
0.51,0,0,25,-9.90531
0.515,0,0,25,-9.90174
0.52,0,0,25,-9.89817
0.525,0,0,25,-9.89458
0.53,0,0,25,-9.891
0.535,0,0,25,-9.8874
0.54,0,0,25,-9.88381
0.545,0,0,25,-9.8802
0.55,0,0,25,-9.8766
0.555,0,0,25,-9.87298
0.56,0,0,25,-9.86937
0.565,0,0,25,-9.86575
0.57,0,0,25,-9.86212
0.575,0,0,25,-9.85849
0.58,0,0,25,-9.85486
0.585,0,0,25,-9.85122
0.59,0,0,25,-9.84758
0.595,0,0,25,-9.84393
0.6,0,0,25,-9.84029
0.605,0,0,25,-9.83664
0.61,0,0,25,-9.83298
0.615,0,0,25,-9.82932
0.62,0,0,25,-9.82566
0.625,0,0,25,-9.822
0.63,0,0,25,-9.81834
0.635,0,0,25,-9.81467
0.64,0,0,25,-9.811
0.645,0,0,25,-9.80733
0.65,0,0,25,-9.80365
0.655,0,0,25,-9.79998
0.66,0,0,25,-9.7963
0.665,0,0,25,-9.79262
0.67,0,0,25,-9.78894
0.675,0,0,25,-9.78525
0.68,0,0,25,-9.78157
0.685,0,0,25,-9.77788
0.69,0,0,25,-9.77419
0.695,0,0,25,-9.7705
0.7,0,0,25,-9.76681
0.705,0,0,25,-9.76312
0.71,0,0,25,-9.75943
0.715,0,0,25,-9.75573
0.72,0,0,25,-9.75204
0.725,0,0,25,-9.74834
0.73,0,0,25,-9.74465
0.735,0,0,25,-9.74095
0.74,0,0,25,-9.73725
0.745,0,0,25,-9.73355
0.75,0,0,25,-9.72985
0.755,0,0,25,-9.72615
0.76,0,0,25,-9.72245
0.765,0,0,25,-9.71875
0.77,0,0,25,-9.71505
0.775,0,0,25,-9.71135
0.78,0,0,25,-9.70765
0.785,0,0,25,-9.70395
0.79,0,0,25,-9.70024
0.795,0,0,25,-9.69654
0.8,0,0,25,-9.69284
0.805,0,0,25,-9.68914
0.81,0,0,25,-9.68544
0.815,0,0,25,-9.68173
0.82,0,0,25,-9.67803
0.825,0,0,25,-9.67433
0.83,0,0,25,-9.67063
0.835,0,0,25,-9.66693
0.84,0,0,25,-9.66323
0.845,0,0,25,-9.65952
0.85,0,0,25,-9.65582
0.855,0,0,25,-9.65212
0.86,0,0,25,-9.64842
0.865,0,0,25,-9.64472
0.87,0,0,25,-9.64102
0.875,0,0,25,-9.63733
0.88,0,0,25,-9.63363
0.885,0,0,25,-9.62993
0.89,0,0,25,-9.62623
0.895,0,0,25,-9.62253
0.9,0,0,25,-9.61884
0.905,0,0,25,-9.61514
0.91,0,0,25,-9.61145
0.915,0,0,25,-9.60775
0.92,0,0,25,-9.60406
0.925,0,0,25,-9.60037
0.93,0,0,25,-9.59667
0.935,0,0,25,-9.59298
0.94,0,0,25,-9.58929
0.945,0,0,25,-9.5856
0.95,0,0,25,-9.58191
0.955,0,0,25,-9.57822
0.96,0,0,25,-9.57454
0.965,0,0,25,-9.57085
0.97,0,0,25,-9.56716
0.975,0,0,25,-9.56348
0.98,0,0,25,-9.55979
0.985,0,0,25,-9.55611
0.99,0,0,25,-9.55243
0.995,0,0,25,-9.54874
1,0,0,25,-9.54506
1.005,0,0,25,-9.54138
1.01,0,0,25,-9.5377
1.015,0,0,25,-9.53402
1.02,0,0,25,-9.53035
1.025,0,0,25,-9.52667
1.03,0,0,25,-9.52299
1.035,0,0,25,-9.51932
1.04,0,0,25,-9.51564
1.045,0,0,25,-9.51197
1.05,0,0,25,-9.5083
1.055,0,0,25,-9.50463
1.06,0,0,25,-9.50096
1.065,0,0,25,-9.49729
1.07,0,0,25,-9.49362
1.075,0,0,25,-9.48995
1.08,0,0,25,-9.48629
1.085,0,0,25,-9.48262
1.09,0,0,25,-9.47896
1.095,0,0,25,-9.47529
1.1,0,0,25,-9.47163
1.105,0,0,25,-9.46797
1.11,0,0,25,-9.46431
1.115,0,0,25,-9.46065
1.12,0,0,25,-9.45699
1.125,0,0,25,-9.45334
1.13,0,0,25,-9.44968
1.135,0,0,25,-9.44602
1.14,0,0,25,-9.44237
1.145,0,0,25,-9.43872
1.15,0,0,25,-9.43506
1.155,0,0,25,-9.43141
1.16,0,0,25,-9.42776
1.165,0,0,25,-9.42411
1.17,0,0,25,-9.42047
1.175,0,0,25,-9.41682
1.18,0,0,25,-9.41317
1.185,0,0,25,-9.40953
1.19,0,0,25,-9.40588
1.195,0,0,25,-9.40224
1.2,0,0,25,-9.3986
1.205,0,0,25,-9.39496
1.21,0,0,25,-9.39132
1.215,0,0,25,-9.38768
1.22,0,0,25,-9.38404
1.225,0,0,25,-9.3804
1.23,0,0,25,-9.37677
1.235,0,0,25,-9.37313
1.24,0,0,25,-9.3695
1.245,0,0,25,-9.36587
1.25,0,0,25,-9.36223
1.255,0,0,25,-9.3586
1.26,0,0,25,-9.35497
1.265,0,0,25,-9.35134
1.27,0,0,25,-9.34772
1.275,0,0,25,-9.34409
1.28,0,0,25,-9.34046
1.285,0,0,25,-9.33684
1.29,0,0,25,-9.33322
1.295,0,0,25,-9.32959
1.3,0,0,25,-9.32597
1.305,0,0,25,-9.32235
1.31,0,0,25,-9.31873
1.315,0,0,25,-9.31511
1.32,0,0,25,-9.31149
1.325,0,0,25,-9.30788
1.33,0,0,25,-9.30426
1.335,0,0,25,-9.30064
1.34,0,0,25,-9.29703
1.345,0,0,25,-9.29342
1.35,0,0,25,-9.28981
1.355,0,0,25,-9.28619
1.36,0,0,25,-9.28258
1.365,0,0,25,-9.27897
1.37,0,0,25,-9.27537
1.375,0,0,25,-9.27176
1.38,0,0,25,-9.26815
1.385,0,0,25,-9.26455
1.39,0,0,25,-9.26094
1.395,0,0,25,-9.25734
1.4,0,0,25,-9.25374
1.405,0,0,25,-9.25013
1.41,0,0,25,-9.24653
1.415,0,0,25,-9.24293
1.42,0,0,25,-9.23933
1.425,0,0,25,-9.23574
1.43,0,0,25,-9.23214
1.435,0,0,25,-9.22854
1.44,0,0,25,-9.22495
1.445,0,0,25,-9.22135
1.45,0,0,25,-9.21776
1.455,0,0,25,-9.21417
1.46,0,0,25,-9.21057
1.465,0,0,25,-9.20698
1.47,0,0,25,-9.20339
1.475,0,0,25,-9.1998
1.48,0,0,25,-9.19622
1.485,0,0,25,-9.19263
1.49,0,0,25,-9.18904
1.495,0,0,25,-9.18546
1.5,0,0,25,-9.18187
1.505,0,0,25,-9.17829
1.51,0,0,25,-9.17471
1.515,0,0,25,-9.17112
1.52,0,0,25,-9.16754
1.525,0,0,25,-9.16396
1.53,0,0,25,-9.16038
1.535,0,0,25,-9.1568
1.54,0,0,25,-9.15323
1.545,0,0,25,-9.14965
1.55,0,0,25,-9.14607
1.555,0,0,25,-9.1425
1.56,0,0,25,-9.13892
1.565,0,0,25,-9.13535
1.57,0,0,25,-9.13178
1.575,0,0,25,-9.12821
1.58,0,0,25,-9.12463
1.585,0,0,25,-9.12106
1.59,0,0,25,-9.11749
1.595,0,0,25,-9.11393
1.6,0,0,25,-9.11036
1.605,0,0,25,-9.10679
1.61,0,0,25,-9.10322
1.615,0,0,25,-9.09966
1.62,0,0,25,-9.09609
1.625,0,0,25,-9.09253
1.63,0,0,25,-9.08897
1.635,0,0,25,-9.08541
1.64,0,0,25,-9.08184
1.645,0,0,25,-9.07828
1.65,0,0,25,-9.07472
1.655,0,0,25,-9.07116
1.66,0,0,25,-9.06761
1.665,0,0,25,-9.06405
1.67,0,0,25,-9.06049
1.675,0,0,25,-9.05694
1.68,0,0,25,-9.05338
1.685,0,0,25,-9.04983
1.69,0,0,25,-9.04627
1.695,0,0,25,-9.04272
1.7,0,0,25,-9.03917
1.705,0,0,25,-9.03562
1.71,0,0,25,-9.03207
1.715,0,0,25,-9.02852
1.72,0,0,25,-9.02497
1.725,0,0,25,-9.02142
1.73,0,0,25,-9.01787
1.735,0,0,25,-9.01433
1.74,0,0,25,-9.01078
1.745,0,0,25,-9.00723
1.75,0,0,25,-9.00369
1.755,0,0,25,-9.00015
1.76,0,0,25,-8.9966
1.765,0,0,25,-8.99306
1.77,0,0,25,-8.98952
1.775,0,0,25,-8.98598
1.78,0,0,25,-8.98244
1.785,0,0,25,-8.9789
1.79,0,0,25,-8.97536
1.795,0,0,25,-8.97182
1.8,0,0,25,-8.96828
1.805,0,0,25,-8.96475
1.81,0,0,25,-8.96121
1.815,0,0,25,-8.95768
1.82,0,0,25,-8.95414
1.825,0,0,25,-8.95061
1.83,0,0,25,-8.94708
1.835,0,0,25,-8.94354
1.84,0,0,25,-8.94001
1.845,0,0,25,-8.93648
1.85,0,0,25,-8.93295
1.855,0,0,25,-8.92942
1.86,0,0,25,-8.92589
1.865,0,0,25,-8.92236
1.87,0,0,25,-8.91884
1.875,0,0,25,-8.91531
1.88,0,0,25,-8.91178
1.885,0,0,25,-8.90826
1.89,0,0,25,-8.90473
1.895,0,0,25,-8.90121
1.9,0,0,25,-8.89769
1.905,0,0,25,-8.89416
1.91,0,0,25,-8.89064
1.915,0,0,25,-8.88712
1.92,0,0,25,-8.8836
1.925,0,0,25,-8.88008
1.93,0,0,25,-8.87656
1.935,0,0,25,-8.87304
1.94,0,0,25,-8.86953
1.945,0,0,25,-8.86601
1.95,0,0,25,-8.86249
1.955,0,0,25,-8.85898
1.96,0,0,25,-8.85546
1.965,0,0,25,-8.85195
1.97,0,0,25,-8.84843
1.975,0,0,25,-8.84492
1.98,0,0,25,-8.84141
1.985,0,0,25,-8.83789
1.99,0,0,25,-8.83438
1.995,0,0,25,-8.83087
2,0,0,25,-8.82736
2.005,0,0,25,-8.82385
2.01,0,0,25,-8.82034
2.015,0,0,25,-8.81684
2.02,0,0,25,-8.81333
2.025,0,0,25,-8.80982
2.03,0,0,25,-8.80632
2.035,0,0,25,-8.80281
2.04,0,0,25,-8.79931
2.045,0,0,25,-8.7958
2.05,0,0,25,-8.7923
2.055,0,0,25,-8.7888
2.06,0,0,25,-8.78529
2.065,0,0,25,-8.78179
2.07,0,0,25,-8.77829
2.075,0,0,25,-8.77479
2.08,0,0,25,-8.77129
2.085,0,0,25,-8.76779
2.09,0,0,25,-8.76429
2.095,0,0,25,-8.7608
2.1,0,0,25,-8.7573
2.105,0,0,25,-8.7538
2.11,0,0,25,-8.75031
2.115,0,0,25,-8.74681
2.12,0,0,25,-8.74332
2.125,0,0,25,-8.73982
2.13,0,0,25,-8.73633
2.135,0,0,25,-8.73283
2.14,0,0,25,-8.72934
2.145,0,0,25,-8.72585
2.15,0,0,25,-8.72236
2.155,0,0,25,-8.71887
2.16,0,0,25,-8.71538
2.165,0,0,25,-8.71189
2.17,0,0,25,-8.7084
2.175,0,0,25,-8.70491
2.18,0,0,25,-8.70143
2.185,0,0,25,-8.69794
2.19,0,0,25,-8.69445
2.195,0,0,25,-8.69097
2.2,0,0,25,-8.68748
2.205,0,0,25,-8.684
2.21,0,0,25,-8.68052
2.215,0,0,25,-8.67703
2.22,0,0,25,-8.67355
2.225,0,0,25,-8.67007
2.23,0,0,25,-8.66659
2.235,0,0,25,-8.66311
2.24,0,0,25,-8.65963
2.245,0,0,25,-8.65615
2.25,0,0,25,-8.65267
2.255,0,0,25,-8.64919
2.26,0,0,25,-8.64571
2.265,0,0,25,-8.64223
2.27,0,0,25,-8.63876
2.275,0,0,25,-8.63528
2.28,0,0,25,-8.63181
2.285,0,0,25,-8.62833
2.29,0,0,25,-8.62486
2.295,0,0,25,-8.62138
2.3,0,0,25,-8.61791
2.305,0,0,25,-8.61444
2.31,0,0,25,-8.61097
2.315,0,0,25,-8.6075
2.32,0,0,25,-8.60403
2.325,0,0,25,-8.60056
2.33,0,0,25,-8.59709
2.335,0,0,25,-8.59362
2.34,0,0,25,-8.59015
2.345,0,0,25,-8.58668
2.35,0,0,25,-8.58321
2.355,0,0,25,-8.57975
2.36,0,0,25,-8.57628
2.365,0,0,25,-8.57282
2.37,0,0,25,-8.56935
2.375,0,0,25,-8.56589
2.38,0,0,25,-8.56242
2.385,0,0,25,-8.55896
2.39,0,0,25,-8.5555
2.395,0,0,25,-8.55204
2.4,0,0,25,-8.54857
2.405,0,0,25,-8.54511
2.41,0,0,25,-8.54165
2.415,0,0,25,-8.53819
2.42,0,0,25,-8.53473
2.425,0,0,25,-8.53128
2.43,0,0,25,-8.52782
2.435,0,0,25,-8.52436
2.44,0,0,25,-8.5209
2.445,0,0,25,-8.51745
2.45,0,0,25,-8.51399
2.455,0,0,25,-8.51054
2.46,0,0,25,-8.50708
2.465,0,0,25,-8.50363
2.47,0,0,25,-8.50017
2.475,0,0,25,-8.49672
2.48,0,0,25,-8.49327
2.485,0,0,25,-8.48982
2.49,0,0,25,-8.48637
2.495,0,0,25,-8.48292
2.5,0,0,25,-8.47947
2.505,0,0,25,-8.47602
2.51,0,0,25,-8.47257
2.515,0,0,25,-8.46912
2.52,0,0,25,-8.46567
2.525,0,0,25,-8.46222
2.53,0,0,25,-8.45878
2.535,0,0,25,-8.45533
2.54,0,0,25,-8.45189
2.545,0,0,25,-8.44844
2.55,0,0,25,-8.445
2.555,0,0,25,-8.44155
2.56,0,0,25,-8.43811
2.565,0,0,25,-8.43467
2.57,0,0,25,-8.43122
2.575,0,0,25,-8.42778
2.58,0,0,25,-8.42434
2.585,0,0,25,-8.4209
2.59,0,0,25,-8.41746
2.595,0,0,25,-8.41402
2.6,0,0,25,-8.41058
2.605,0,0,25,-8.40714
2.61,0,0,25,-8.40371
2.615,0,0,25,-8.40027
2.62,0,0,25,-8.39683
2.625,0,0,25,-8.3934
2.63,0,0,25,-8.38996
2.635,0,0,25,-8.38652
2.64,0,0,25,-8.38309
2.645,0,0,25,-8.37966
2.65,0,0,25,-8.37622
2.655,0,0,25,-8.37279
2.66,0,0,25,-8.36936
2.665,0,0,25,-8.36592
2.67,0,0,25,-8.36249
2.675,0,0,25,-8.35906
2.68,0,0,25,-8.35563
2.685,0,0,25,-8.3522
2.69,0,0,25,-8.34877
2.695,0,0,25,-8.34534
2.7,0,0,25,-8.34192
2.705,0,0,25,-8.33849
2.71,0,0,25,-8.33506
2.715,0,0,25,-8.33164
2.72,0,0,25,-8.32821
2.725,0,0,25,-8.32478
2.73,0,0,25,-8.32136
2.735,0,0,25,-8.31793
2.74,0,0,25,-8.31451
2.745,0,0,25,-8.31109
2.75,0,0,25,-8.30766
2.755,0,0,25,-8.30424
2.76,0,0,25,-8.30082
2.765,0,0,25,-8.2974
2.77,0,0,25,-8.29398
2.775,0,0,25,-8.29056
2.78,0,0,25,-8.28714
2.785,0,0,25,-8.28372
2.79,0,0,25,-8.2803
2.795,0,0,25,-8.27688
2.8,0,0,25,-8.27346
2.805,0,0,25,-8.27005
2.81,0,0,25,-8.26663
2.815,0,0,25,-8.26321
2.82,0,0,25,-8.2598
2.825,0,0,25,-8.25638
2.83,0,0,25,-8.25297
2.835,0,0,25,-8.24956
2.84,0,0,25,-8.24614
2.845,0,0,25,-8.24273
2.85,0,0,25,-8.23932
2.855,0,0,25,-8.2359
2.86,0,0,25,-8.23249
2.865,0,0,25,-8.22908
2.87,0,0,25,-8.22567
2.875,0,0,25,-8.22226
2.88,0,0,25,-8.21885
2.885,0,0,25,-8.21544
2.89,0,0,25,-8.21203
2.895,0,0,25,-8.20863
2.9,0,0,25,-8.20522
2.905,0,0,25,-8.20181
2.91,0,0,25,-8.19841
2.915,0,0,25,-8.195
2.92,0,0,25,-8.1916
2.925,0,0,25,-8.18819
2.93,0,0,25,-8.18479
2.935,0,0,25,-8.18138
2.94,0,0,25,-8.17798
2.945,0,0,25,-8.17458
2.95,0,0,25,-8.17117
2.955,0,0,25,-8.16777
2.96,0,0,25,-8.16437
2.965,0,0,25,-8.16097
2.97,0,0,25,-8.15757
2.975,0,0,25,-8.15417
2.98,0,0,25,-8.15077
2.985,0,0,25,-8.14737
2.99,0,0,25,-8.14397
2.995,0,0,25,-8.14057
3,0,0,25,-8.13718
3.005,0,0,25,-8.13378
3.01,0,0,25,-8.13038
3.015,0,0,25,-8.12699
3.02,0,0,25,-8.12359
3.025,0,0,25,-8.1202
3.03,0,0,25,-8.1168
3.035,0,0,25,-8.11341
3.04,0,0,25,-8.11001
3.045,0,0,25,-8.10662
3.05,0,0,25,-8.10323
3.055,0,0,25,-8.09984
3.06,0,0,25,-8.09645
3.065,0,0,25,-8.09305
3.07,0,0,25,-8.08966
3.075,0,0,25,-8.08627
3.08,0,0,25,-8.08288
3.085,0,0,25,-8.07949
3.09,0,0,25,-8.0761
3.095,0,0,25,-8.07272
3.1,0,0,25,-8.06933
3.105,0,0,25,-8.06594
3.11,0,0,25,-8.06255
3.115,0,0,25,-8.05917
3.12,0,0,25,-8.05578
3.125,0,0,25,-8.0524
3.13,0,0,25,-8.04901
3.135,0,0,25,-8.04562
3.14,0,0,25,-8.04224
3.145,0,0,25,-8.03886
3.15,0,0,25,-8.03547
3.155,0,0,25,-8.03209
3.16,0,0,25,-8.02871
3.165,0,0,25,-8.02533
3.17,0,0,25,-8.02194
3.175,0,0,25,-8.01856
3.18,0,0,25,-8.01518
3.185,0,0,25,-8.0118
3.19,0,0,25,-8.00842
3.195,0,0,25,-8.00504
3.2,0,0,25,-8.00166
3.205,0,0,25,-7.99828
3.21,0,0,25,-7.99491
3.215,0,0,25,-7.99153
3.22,0,0,25,-7.98815
3.225,0,0,25,-7.98477
3.23,0,0,25,-7.9814
3.235,0,0,25,-7.97802
3.24,0,0,25,-7.97465
3.245,0,0,25,-7.97127
3.25,0,0,25,-7.9679
3.255,0,0,25,-7.96452
3.26,0,0,25,-7.96115
3.265,0,0,25,-7.95777
3.27,0,0,25,-7.9544
3.275,0,0,25,-7.95103
3.28,0,0,25,-7.94766
3.285,0,0,25,-7.94428
3.29,0,0,25,-7.94091
3.295,0,0,25,-7.93754
3.3,0,0,25,-7.93417
3.305,0,0,25,-7.9308
3.31,0,0,25,-7.92743
3.315,0,0,25,-7.92406
3.32,0,0,25,-7.92069
3.325,0,0,25,-7.91732
3.33,0,0,25,-7.91396
3.335,0,0,25,-7.91059
3.34,0,0,25,-7.90722
3.345,0,0,25,-7.90385
3.35,0,0,25,-7.90049
3.355,0,0,25,-7.89712
3.36,0,0,25,-7.89375
3.365,0,0,25,-7.89039
3.37,0,0,25,-7.88702
3.375,0,0,25,-7.88366
3.38,0,0,25,-7.88029
3.385,0,0,25,-7.87693
3.39,0,0,25,-7.87357
3.395,0,0,25,-7.8702
3.4,0,0,25,-7.86684
3.405,0,0,25,-7.86348
3.41,0,0,25,-7.86011
3.415,0,0,25,-7.85675
3.42,0,0,25,-7.85339
3.425,0,0,25,-7.85003
3.43,0,0,25,-7.84667
3.435,0,0,25,-7.84331
3.44,0,0,25,-7.83995
3.445,0,0,25,-7.83659
3.45,0,0,25,-7.83323
3.455,0,0,25,-7.82987
3.46,0,0,25,-7.82651
3.465,0,0,25,-7.82315
3.47,0,0,25,-7.81979
3.475,0,0,25,-7.81643
3.48,0,0,25,-7.81308
3.485,0,0,25,-7.80972
3.49,0,0,25,-7.80636
3.495,0,0,25,-7.80301
3.5,0,0,25,-7.79965
3.505,0,0,25,-7.79629
3.51,0,0,25,-7.79294
3.515,0,0,25,-7.78958
3.52,0,0,25,-7.78623
3.525,0,0,25,-7.78287
3.53,0,0,25,-7.77952
3.535,0,0,25,-7.77616
3.54,0,0,25,-7.77281
3.545,0,0,25,-7.76945
3.55,0,0,25,-7.7661
3.555,0,0,25,-7.76275
3.56,0,0,25,-7.75939
3.565,0,0,25,-7.75604
3.57,0,0,25,-7.75269
3.575,0,0,25,-7.74934
3.58,0,0,25,-7.74598
3.585,0,0,25,-7.74263
3.59,0,0,25,-7.73928
3.595,0,0,25,-7.73593
3.6,0,0,25,-7.73258
3.605,0,0,25,-7.72923
3.61,0,0,25,-7.72588
3.615,0,0,25,-7.72253
3.62,0,0,25,-7.71918
3.625,0,0,25,-7.71583
3.63,0,0,25,-7.71248
3.635,0,0,25,-7.70913
3.64,0,0,25,-7.70578
3.645,0,0,25,-7.70243
3.65,0,0,25,-7.69908
3.655,0,0,25,-7.69573
3.66,0,0,25,-7.69238
3.665,0,0,25,-7.68904
3.67,0,0,25,-7.68569
3.675,0,0,25,-7.68234
3.68,0,0,25,-7.67899
3.685,0,0,25,-7.67565
3.69,0,0,25,-7.6723
3.695,0,0,25,-7.66895
3.7,0,0,25,-7.66561
3.705,0,0,25,-7.66226
3.71,0,0,25,-7.65891
3.715,0,0,25,-7.65557
3.72,0,0,25,-7.65222
3.725,0,0,25,-7.64888
3.73,0,0,25,-7.64553
3.735,0,0,25,-7.64219
3.74,0,0,25,-7.63884
3.745,0,0,25,-7.6355
3.75,0,0,25,-7.63215
3.755,0,0,25,-7.62881
3.76,0,0,25,-7.62546
3.765,0,0,25,-7.62212
3.77,0,0,25,-7.61877
3.775,0,0,25,-7.61543
3.78,0,0,25,-7.61209
3.785,0,0,25,-7.60874
3.79,0,0,25,-7.6054
3.795,0,0,25,-7.60205
3.8,0,0,25,-7.59871
3.805,0,0,25,-7.59537
3.81,0,0,25,-7.59203
3.815,0,0,25,-7.58868
3.82,0,0,25,-7.58534
3.825,0,0,25,-7.582
3.83,0,0,25,-7.57865
3.835,0,0,25,-7.57531
3.84,0,0,25,-7.57197
3.845,0,0,25,-7.56863
3.85,0,0,25,-7.56529
3.855,0,0,25,-7.56194
3.86,0,0,25,-7.5586
3.865,0,0,25,-7.55526
3.87,0,0,25,-7.55192
3.875,0,0,25,-7.54858
3.88,0,0,25,-7.54524
3.885,0,0,25,-7.5419
3.89,0,0,25,-7.53856
3.895,0,0,25,-7.53521
3.9,0,0,25,-7.53187
3.905,0,0,25,-7.52853
3.91,0,0,25,-7.52519
3.915,0,0,25,-7.52185
3.92,0,0,25,-7.51851
3.925,0,0,25,-7.51517
3.93,0,0,25,-7.51183
3.935,0,0,25,-7.50849
3.94,0,0,25,-7.50515
3.945,0,0,25,-7.50181
3.95,0,0,25,-7.49847
3.955,0,0,25,-7.49513
3.96,0,0,25,-7.4918
3.965,0,0,25,-7.48846
3.97,0,0,25,-7.48512
3.975,0,0,25,-7.48178
3.98,0,0,25,-7.47844
3.985,0,0,25,-7.4751
3.99,0,0,25,-7.47176
3.995,0,0,25,-7.46843
4,0,0,25,-7.46509
4.005,0,0,25,-7.46175
4.01,0,0,25,-7.45841
4.015,0,0,25,-7.45507
4.02,0,0,25,-7.45174
4.025,0,0,25,-7.4484
4.03,0,0,25,-7.44506
4.035,0,0,25,-7.44173
4.04,0,0,25,-7.43839
4.045,0,0,25,-7.43505
4.05,0,0,25,-7.43172
4.055,0,0,25,-7.42838
4.06,0,0,25,-7.42505
4.065,0,0,25,-7.42171
4.07,0,0,25,-7.41838
4.075,0,0,25,-7.41504
4.08,0,0,25,-7.41171
4.085,0,0,25,-7.40837
4.09,0,0,25,-7.40504
4.095,0,0,25,-7.40171
4.1,0,0,25,-7.39837
4.105,0,0,25,-7.39504
4.11,0,0,25,-7.39171
4.115,0,0,25,-7.38838
4.12,0,0,25,-7.38504
4.125,0,0,25,-7.38171
4.13,0,0,25,-7.37838
4.135,0,0,25,-7.37505
4.14,0,0,25,-7.37172
4.145,0,0,25,-7.36839
4.15,0,0,25,-7.36507
4.155,0,0,25,-7.36174
4.16,0,0,25,-7.35841
4.165,0,0,25,-7.35508
4.17,0,0,25,-7.35176
4.175,0,0,25,-7.34843
4.18,0,0,25,-7.34511
4.185,0,0,25,-7.34178
4.19,0,0,25,-7.33846
4.195,0,0,25,-7.33514
4.2,0,0,25,-7.33181
4.205,0,0,25,-7.32849
4.21,0,0,25,-7.32517
4.215,0,0,25,-7.32185
4.22,0,0,25,-7.31853
4.225,0,0,25,-7.31522
4.23,0,0,25,-7.3119
4.235,0,0,25,-7.30858
4.24,0,0,25,-7.30527
4.245,0,0,25,-7.30196
4.25,0,0,25,-7.29864
4.255,0,0,25,-7.29533
4.26,0,0,25,-7.29202
4.265,0,0,25,-7.28871
4.27,0,0,25,-7.28541
4.275,0,0,25,-7.2821
4.28,0,0,25,-7.2788
4.285,0,0,25,-7.27549
4.29,0,0,25,-7.27219
4.295,0,0,25,-7.26889
4.3,0,0,25,-7.2656
4.305,0,0,25,-7.2623
4.31,0,0,25,-7.25901
4.315,0,0,25,-7.25571
4.32,0,0,25,-7.25242
4.325,0,0,25,-7.24913
4.33,0,0,25,-7.24585
4.335,0,0,25,-7.24256
4.34,0,0,25,-7.23928
4.345,0,0,25,-7.236
4.35,0,0,25,-7.23272
4.355,0,0,25,-7.22945
4.36,0,0,25,-7.22618
4.365,0,0,25,-7.22291
4.37,0,0,25,-7.21964
4.375,0,0,25,-7.21637
4.38,0,0,25,-7.21311
4.385,0,0,25,-7.20985
4.39,0,0,25,-7.2066
4.395,0,0,25,-7.20335
4.4,0,0,25,-7.2001
4.405,0,0,25,-7.19685
4.41,0,0,25,-7.19361
4.415,0,0,25,-7.19037
4.42,0,0,25,-7.18714
4.425,0,0,25,-7.18391
4.43,0,0,25,-7.18068
4.435,0,0,25,-7.17746
4.44,0,0,25,-7.17424
4.445,0,0,25,-7.17103
4.45,0,0,25,-7.16782
4.455,0,0,25,-7.16462
4.46,0,0,25,-7.16142
4.465,0,0,25,-7.15822
4.47,0,0,25,-7.15504
4.475,0,0,25,-7.15185
4.48,0,0,25,-7.14868
4.485,0,0,25,-7.1455
4.49,0,0,25,-7.14234
4.495,0,0,25,-7.13918
4.5,0,0,25,-7.13602
4.505,0,0,25,-7.13288
4.51,0,0,25,-7.12974
4.515,0,0,25,-7.1266
4.52,0,0,25,-7.12348
4.525,0,0,25,-7.12036
4.53,0,0,25,-7.11725
4.535,0,0,25,-7.11414
4.54,0,0,25,-7.11105
4.545,0,0,25,-7.10796
4.55,0,0,25,-7.10488
4.555,0,0,25,-7.10181
4.56,0,0,25,-7.09875
4.565,0,0,25,-7.0957
4.57,0,0,25,-7.09266
4.575,0,0,25,-7.08963
4.58,0,0,25,-7.0866
4.585,0,0,25,-7.08359
4.59,0,0,25,-7.08059
4.595,0,0,25,-7.0776
4.6,0,0,25,-7.07462
4.605,0,0,25,-7.07166
4.61,0,0,25,-7.0687
4.615,0,0,25,-7.06576
4.62,0,0,25,-7.06283
4.625,0,0,25,-7.05992
4.63,0,0,25,-7.05701
4.635,0,0,25,-7.05413
4.64,0,0,25,-7.05125
4.645,0,0,25,-7.04839
4.65,0,0,25,-7.04555
4.655,0,0,25,-7.04272
4.66,0,0,25,-7.03991
4.665,0,0,25,-7.03711
4.67,0,0,25,-7.03433
4.675,0,0,25,-7.03157
4.68,0,0,25,-7.02883
4.685,0,0,25,-7.0261
4.69,0,0,25,-7.0234
4.695,0,0,25,-7.02071
4.7,0,0,25,-7.01804
4.705,0,0,25,-7.01539
4.71,0,0,25,-7.01277
4.715,0,0,25,-7.01016
4.72,0,0,25,-7.00758
4.725,0,0,25,-7.00502
4.73,0,0,25,-7.00249
4.735,0,0,25,-6.99998
4.74,0,0,25,-6.99749
4.745,0,0,25,-6.99503
4.75,0,0,25,-6.99259
4.755,0,0,25,-6.99018
4.76,0,0,25,-6.9878
4.765,0,0,25,-6.98545
4.77,0,0,25,-6.98313
4.775,0,0,25,-6.98083
4.78,0,0,25,-6.97857
4.785,0,0,25,-6.97633
4.79,0,0,25,-6.97413
4.795,0,0,25,-6.97196
4.8,0,0,25,-6.96983
4.805,0,0,25,-6.96773
4.81,0,0,25,-6.96566
4.815,0,0,25,-6.96364
4.82,0,0,25,-6.96164
4.825,0,0,25,-6.95969
4.83,0,0,25,-6.95778
4.835,0,0,25,-6.9559
4.84,0,0,25,-6.95407
4.845,0,0,25,-6.95227
4.85,0,0,25,-6.95052
4.855,0,0,25,-6.94882
4.86,0,0,25,-6.94716
4.865,0,0,25,-6.94554
4.87,0,0,25,-6.94397
4.875,0,0,25,-6.94245
4.88,0,0,25,-6.94098
4.885,0,0,25,-6.93955
4.89,0,0,25,-6.93818
4.895,0,0,25,-6.93686
4.9,0,0,25,-6.93559
4.905,0,0,25,-6.93437
4.91,0,0,25,-6.93321
4.915,0,0,25,-6.93211
4.92,0,0,25,-6.93106
4.925,0,0,25,-6.93006
4.93,0,0,25,-6.92913
4.935,0,0,25,-6.92825
4.94,0,0,25,-6.92743
4.945,0,0,25,-6.92667
4.95,0,0,25,-6.92598
4.955,0,0,25,-6.92534
4.96,0,0,25,-6.92477
4.965,0,0,25,-6.92426
4.97,0,0,25,-6.92381
4.975,0,0,25,-6.92342
4.98,0,0,25,-6.9231
4.985,0,0,25,-6.92284
4.99,0,0,25,-6.92265
4.995,0,0,25,-6.92252
5,0,0,25,-6.92246
