0,0,0,125,-15.74
0.025,0,0,125,-15.738
0.05,0,0,125,-15.7341
0.075,0,0,125,-15.7282
0.1,0,0,125,-15.7205
0.125,0,0,125,-15.7109
0.15,0,0,125,-15.6996
0.175,0,0,125,-15.6869
0.2,0,0,125,-15.6729
0.225,0,0,125,-15.6578
0.25,0,0,125,-15.6416
0.275,0,0,125,-15.6246
0.3,0,0,125,-15.6067
0.325,0,0,125,-15.5881
0.35,0,0,125,-15.5688
0.375,0,0,125,-15.5489
0.4,0,0,125,-15.5285
0.425,0,0,125,-15.5077
0.45,0,0,125,-15.4864
0.475,0,0,125,-15.4647
0.5,0,0,125,-15.4428
0.525,0,0,125,-15.4205
0.55,0,0,125,-15.398
0.575,0,0,125,-15.3753
0.6,0,0,125,-15.3524
0.625,0,0,125,-15.3293
0.65,0,0,125,-15.306
0.675,0,0,125,-15.2827
0.7,0,0,125,-15.2592
0.725,0,0,125,-15.2356
0.75,0,0,125,-15.212
0.775,0,0,125,-15.1883
0.8,0,0,125,-15.1645
0.825,0,0,125,-15.1408
0.85,0,0,125,-15.117
0.875,0,0,125,-15.0931
0.9,0,0,125,-15.0693
0.925,0,0,125,-15.0454
0.95,0,0,125,-15.0216
0.975,0,0,125,-14.9978
1,0,0,125,-14.9739
1.025,0,0,125,-14.9501
1.05,0,0,125,-14.9263
1.075,0,0,125,-14.9026
1.1,0,0,125,-14.8788
1.125,0,0,125,-14.8551
1.15,0,0,125,-14.8314
1.175,0,0,125,-14.8078
1.2,0,0,125,-14.7842
1.225,0,0,125,-14.7606
1.25,0,0,125,-14.7371
1.275,0,0,125,-14.7136
1.3,0,0,125,-14.6901
1.325,0,0,125,-14.6667
1.35,0,0,125,-14.6434
1.375,0,0,125,-14.62
1.4,0,0,125,-14.5967
1.425,0,0,125,-14.5735
1.45,0,0,125,-14.5503
1.475,0,0,125,-14.5271
1.5,0,0,125,-14.504
1.525,0,0,125,-14.481
1.55,0,0,125,-14.4579
1.575,0,0,125,-14.4349
1.6,0,0,125,-14.412
1.625,0,0,125,-14.3891
1.65,0,0,125,-14.3662
1.675,0,0,125,-14.3434
1.7,0,0,125,-14.3207
1.725,0,0,125,-14.2979
1.75,0,0,125,-14.2753
1.775,0,0,125,-14.2526
1.8,0,0,125,-14.23
1.825,0,0,125,-14.2074
1.85,0,0,125,-14.1849
1.875,0,0,125,-14.1624
1.9,0,0,125,-14.14
1.925,0,0,125,-14.1176
1.95,0,0,125,-14.0953
1.975,0,0,125,-14.0729
2,0,0,125,-14.0507
2.025,0,0,125,-14.0284
2.05,0,0,125,-14.0062
2.075,0,0,125,-13.9841
2.1,0,0,125,-13.962
2.125,0,0,125,-13.9399
2.15,0,0,125,-13.9178
2.175,0,0,125,-13.8958
2.2,0,0,125,-13.8739
2.225,0,0,125,-13.8519
2.25,0,0,125,-13.8301
2.275,0,0,125,-13.8082
2.3,0,0,125,-13.7864
2.325,0,0,125,-13.7646
2.35,0,0,125,-13.7428
2.375,0,0,125,-13.7211
2.4,0,0,125,-13.6994
2.425,0,0,125,-13.6778
2.45,0,0,125,-13.6562
2.475,0,0,125,-13.6346
2.5,0,0,125,-13.6131
2.525,0,0,125,-13.5916
2.55,0,0,125,-13.5701
2.575,0,0,125,-13.5486
2.6,0,0,125,-13.5272
2.625,0,0,125,-13.5059
2.65,0,0,125,-13.4845
2.675,0,0,125,-13.4632
2.7,0,0,125,-13.442
2.725,0,0,125,-13.4207
2.75,0,0,125,-13.3995
2.775,0,0,125,-13.3783
2.8,0,0,125,-13.3572
2.825,0,0,125,-13.3361
2.85,0,0,125,-13.315
2.875,0,0,125,-13.2939
2.9,0,0,125,-13.2729
2.925,0,0,125,-13.2519
2.95,0,0,125,-13.231
2.975,0,0,125,-13.21
3,0,0,125,-13.1891
3.025,0,0,125,-13.1682
3.05,0,0,125,-13.1474
3.075,0,0,125,-13.1266
3.1,0,0,125,-13.1058
3.125,0,0,125,-13.085
3.15,0,0,125,-13.0643
3.175,0,0,125,-13.0436
3.2,0,0,125,-13.0229
3.225,0,0,125,-13.0022
3.25,0,0,125,-12.9816
3.275,0,0,125,-12.961
3.3,0,0,125,-12.9404
3.325,0,0,125,-12.9199
3.35,0,0,125,-12.8994
3.375,0,0,125,-12.8789
3.4,0,0,125,-12.8584
3.425,0,0,125,-12.8379
3.45,0,0,125,-12.8175
3.475,0,0,125,-12.7971
3.5,0,0,125,-12.7767
3.525,0,0,125,-12.7563
3.55,0,0,125,-12.736
3.575,0,0,125,-12.7157
3.6,0,0,125,-12.6954
3.625,0,0,125,-12.6751
3.65,0,0,125,-12.6548
3.675,0,0,125,-12.6346
3.7,0,0,125,-12.6144
3.725,0,0,125,-12.5942
3.75,0,0,125,-12.574
3.775,0,0,125,-12.5539
3.8,0,0,125,-12.5337
3.825,0,0,125,-12.5136
3.85,0,0,125,-12.4935
3.875,0,0,125,-12.4735
3.9,0,0,125,-12.4534
3.925,0,0,125,-12.4334
3.95,0,0,125,-12.4134
3.975,0,0,125,-12.3935
4,0,0,125,-12.3735
4.025,0,0,125,-12.3536
4.05,0,0,125,-12.3337
4.075,0,0,125,-12.3138
4.1,0,0,125,-12.294
4.125,0,0,125,-12.2742
4.15,0,0,125,-12.2544
4.175,0,0,125,-12.2347
4.2,0,0,125,-12.215
4.225,0,0,125,-12.1954
4.25,0,0,125,-12.1759
4.275,0,0,125,-12.1564
4.3,0,0,125,-12.137
4.325,0,0,125,-12.1176
4.35,0,0,125,-12.0984
4.375,0,0,125,-12.0792
4.4,0,0,125,-12.0602
4.425,0,0,125,-12.0413
4.45,0,0,125,-12.0226
4.475,0,0,125,-12.004
4.5,0,0,125,-11.9856
4.525,0,0,125,-11.9675
4.55,0,0,125,-11.9496
4.575,0,0,125,-11.932
4.6,0,0,125,-11.9147
4.625,0,0,125,-11.8978
4.65,0,0,125,-11.8813
4.675,0,0,125,-11.8653
4.7,0,0,125,-11.8497
4.725,0,0,125,-11.8348
4.75,0,0,125,-11.8206
4.775,0,0,125,-11.8071
4.8,0,0,125,-11.7944
4.825,0,0,125,-11.7827
4.85,0,0,125,-11.7721
4.875,0,0,125,-11.7627
4.9,0,0,125,-11.7545
4.925,0,0,125,-11.7478
4.95,0,0,125,-11.7427
4.975,0,0,125,-11.7392
5,0,0,125,-11.7374
