0,0,0,125,-18.6817
0.025,0,0,125,-18.6778
0.05,0,0,125,-18.6701
0.075,0,0,125,-18.6586
0.1,0,0,125,-18.6434
0.125,0,0,125,-18.6246
0.15,0,0,125,-18.6025
0.175,0,0,125,-18.5776
0.2,0,0,125,-18.5501
0.225,0,0,125,-18.5203
0.25,0,0,125,-18.4884
0.275,0,0,125,-18.4548
0.3,0,0,125,-18.4195
0.325,0,0,125,-18.3827
0.35,0,0,125,-18.3447
0.375,0,0,125,-18.3055
0.4,0,0,125,-18.2653
0.425,0,0,125,-18.2242
0.45,0,0,125,-18.1824
0.475,0,0,125,-18.1398
0.5,0,0,125,-18.0967
0.525,0,0,125,-18.053
0.55,0,0,125,-18.009
0.575,0,0,125,-17.9645
0.6,0,0,125,-17.9198
0.625,0,0,125,-17.8748
0.65,0,0,125,-17.8295
0.675,0,0,125,-17.7842
0.7,0,0,125,-17.7387
0.725,0,0,125,-17.6931
0.75,0,0,125,-17.6475
0.775,0,0,125,-17.6018
0.8,0,0,125,-17.5561
0.825,0,0,125,-17.5105
0.85,0,0,125,-17.4649
0.875,0,0,125,-17.4193
0.9,0,0,125,-17.3738
0.925,0,0,125,-17.3284
0.95,0,0,125,-17.283
0.975,0,0,125,-17.2377
1,0,0,125,-17.1926
1.025,0,0,125,-17.1475
1.05,0,0,125,-17.1026
1.075,0,0,125,-17.0577
1.1,0,0,125,-17.0129
1.125,0,0,125,-16.9683
1.15,0,0,125,-16.9237
1.175,0,0,125,-16.8793
1.2,0,0,125,-16.835
1.225,0,0,125,-16.7907
1.25,0,0,125,-16.7465
1.275,0,0,125,-16.7025
1.3,0,0,125,-16.6585
1.325,0,0,125,-16.6146
1.35,0,0,125,-16.5707
1.375,0,0,125,-16.527
1.4,0,0,125,-16.4832
1.425,0,0,125,-16.4396
1.45,0,0,125,-16.396
1.475,0,0,125,-16.3524
1.5,0,0,125,-16.3089
1.525,0,0,125,-16.2653
1.55,0,0,125,-16.2219
1.575,0,0,125,-16.1784
1.6,0,0,125,-16.1349
1.625,0,0,125,-16.0914
1.65,0,0,125,-16.0479
1.675,0,0,125,-16.0043
1.7,0,0,125,-15.9608
1.725,0,0,125,-15.9171
1.75,0,0,125,-15.8735
1.775,0,0,125,-15.8298
1.8,0,0,125,-15.786
1.825,0,0,125,-15.7421
1.85,0,0,125,-15.6982
1.875,0,0,125,-15.6541
1.9,0,0,125,-15.61
1.925,0,0,125,-15.5657
1.95,0,0,125,-15.5213
1.975,0,0,125,-15.4768
2,0,0,125,-15.4322
2.025,0,0,125,-15.3874
2.05,0,0,125,-15.3424
2.075,0,0,125,-15.2973
2.1,0,0,125,-15.252
2.125,0,0,125,-15.2065
2.15,0,0,125,-15.1608
2.175,0,0,125,-15.1149
2.2,0,0,125,-15.0687
2.225,0,0,125,-15.0224
2.25,0,0,125,-14.9758
2.275,0,0,125,-14.929
2.3,0,0,125,-14.8819
2.325,0,0,125,-14.8345
2.35,0,0,125,-14.7869
2.375,0,0,125,-14.7389
2.4,0,0,125,-14.6907
2.425,0,0,125,-14.6421
2.45,0,0,125,-14.5933
2.475,0,0,125,-14.5441
2.5,0,0,125,-14.4945
2.525,0,0,125,-14.4446
2.55,0,0,125,-14.3943
2.575,0,0,125,-14.3437
2.6,0,0,125,-14.2926
2.625,0,0,125,-14.2412
2.65,0,0,125,-14.1894
2.675,0,0,125,-14.1371
2.7,0,0,125,-14.0844
2.725,0,0,125,-14.0312
2.75,0,0,125,-13.9775
2.775,0,0,125,-13.9234
2.8,0,0,125,-13.8688
2.825,0,0,125,-13.8137
2.85,0,0,125,-13.758
2.875,0,0,125,-13.7019
2.9,0,0,125,-13.6451
2.925,0,0,125,-13.5878
2.95,0,0,125,-13.53
2.975,0,0,125,-13.4715
3,0,0,125,-13.4124
3.025,0,0,125,-13.3527
3.05,0,0,125,-13.2923
3.075,0,0,125,-13.2313
3.1,0,0,125,-13.1696
3.125,0,0,125,-13.1072
3.15,0,0,125,-13.0441
3.175,0,0,125,-12.9802
3.2,0,0,125,-12.9156
3.225,0,0,125,-12.8502
3.25,0,0,125,-12.7841
3.275,0,0,125,-12.7171
3.3,0,0,125,-12.6493
3.325,0,0,125,-12.5807
3.35,0,0,125,-12.5112
3.375,0,0,125,-12.4408
3.4,0,0,125,-12.3695
3.425,0,0,125,-12.2973
3.45,0,0,125,-12.2242
3.475,0,0,125,-12.1501
3.5,0,0,125,-12.0751
3.525,0,0,125,-11.9991
3.55,0,0,125,-11.9221
3.575,0,0,125,-11.8441
3.6,0,0,125,-11.765
3.625,0,0,125,-11.685
3.65,0,0,125,-11.6038
3.675,0,0,125,-11.5217
3.7,0,0,125,-11.4384
3.725,0,0,125,-11.3542
3.75,0,0,125,-11.2688
3.775,0,0,125,-11.1824
3.8,0,0,125,-11.0949
3.825,0,0,125,-11.0064
3.85,0,0,125,-10.9168
3.875,0,0,125,-10.8263
3.9,0,0,125,-10.7347
3.925,0,0,125,-10.6421
3.95,0,0,125,-10.5486
3.975,0,0,125,-10.4541
4,0,0,125,-10.3588
4.025,0,0,125,-10.2627
4.05,0,0,125,-10.1658
4.075,0,0,125,-10.0681
4.1,0,0,125,-9.96986
4.125,0,0,125,-9.871
4.15,0,0,125,-9.77166
4.175,0,0,125,-9.67192
4.2,0,0,125,-9.57188
4.225,0,0,125,-9.47164
4.25,0,0,125,-9.37132
4.275,0,0,125,-9.27103
4.3,0,0,125,-9.17092
4.325,0,0,125,-9.07113
4.35,0,0,125,-8.97179
4.375,0,0,125,-8.87308
4.4,0,0,125,-8.77515
4.425,0,0,125,-8.67818
4.45,0,0,125,-8.58236
4.475,0,0,125,-8.48788
4.5,0,0,125,-8.39494
4.525,0,0,125,-8.30375
4.55,0,0,125,-8.21453
4.575,0,0,125,-8.12751
4.6,0,0,125,-8.04291
4.625,0,0,125,-7.96098
4.65,0,0,125,-7.88197
4.675,0,0,125,-7.80614
4.7,0,0,125,-7.73376
4.725,0,0,125,-7.66511
4.75,0,0,125,-7.60047
4.775,0,0,125,-7.54014
4.8,0,0,125,-7.48443
4.825,0,0,125,-7.43366
4.85,0,0,125,-7.38817
4.875,0,0,125,-7.34828
4.9,0,0,125,-7.31436
4.925,0,0,125,-7.28672
4.95,0,0,125,-7.26568
4.975,0,0,125,-7.25149
5,0,0,125,-7.24435
