0,0,0,125,-57.3659
0.025,0,0,125,-57.3631
0.05,0,0,125,-57.3576
0.075,0,0,125,-57.3492
0.1,0,0,125,-57.3381
0.125,0,0,125,-57.3243
0.15,0,0,125,-57.3078
0.175,0,0,125,-57.2887
0.2,0,0,125,-57.2671
0.225,0,0,125,-57.2431
0.25,0,0,125,-57.2167
0.275,0,0,125,-57.1879
0.3,0,0,125,-57.1568
0.325,0,0,125,-57.1234
0.35,0,0,125,-57.0878
0.375,0,0,125,-57.05
0.4,0,0,125,-57.0101
0.425,0,0,125,-56.968
0.45,0,0,125,-56.9238
0.475,0,0,125,-56.8776
0.5,0,0,125,-56.8293
0.525,0,0,125,-56.779
0.55,0,0,125,-56.7267
0.575,0,0,125,-56.6725
0.6,0,0,125,-56.6163
0.625,0,0,125,-56.5583
0.65,0,0,125,-56.4983
0.675,0,0,125,-56.4365
0.7,0,0,125,-56.3728
0.725,0,0,125,-56.3074
0.75,0,0,125,-56.2401
0.775,0,0,125,-56.1711
0.8,0,0,125,-56.1002
0.825,0,0,125,-56.0277
0.85,0,0,125,-55.9534
0.875,0,0,125,-55.8775
0.9,0,0,125,-55.7999
0.925,0,0,125,-55.7206
0.95,0,0,125,-55.6397
0.975,0,0,125,-55.5572
1,0,0,125,-55.473
1.025,0,0,125,-55.3874
1.05,0,0,125,-55.3001
1.075,0,0,125,-55.2114
1.1,0,0,125,-55.1211
1.125,0,0,125,-55.0293
1.15,0,0,125,-54.9361
1.175,0,0,125,-54.8414
1.2,0,0,125,-54.7452
1.225,0,0,125,-54.6477
1.25,0,0,125,-54.5487
1.275,0,0,125,-54.4484
1.3,0,0,125,-54.3468
1.325,0,0,125,-54.2438
1.35,0,0,125,-54.1395
1.375,0,0,125,-54.0339
1.4,0,0,125,-53.927
1.425,0,0,125,-53.8189
1.45,0,0,125,-53.7095
1.475,0,0,125,-53.5989
1.5,0,0,125,-53.4871
1.525,0,0,125,-53.3742
1.55,0,0,125,-53.2601
1.575,0,0,125,-53.1448
1.6,0,0,125,-53.0285
1.625,0,0,125,-52.911
1.65,0,0,125,-52.7925
1.675,0,0,125,-52.6729
1.7,0,0,125,-52.5523
1.725,0,0,125,-52.4307
1.75,0,0,125,-52.3081
1.775,0,0,125,-52.1845
1.8,0,0,125,-52.0599
1.825,0,0,125,-51.9344
1.85,0,0,125,-51.808
1.875,0,0,125,-51.6807
1.9,0,0,125,-51.5525
1.925,0,0,125,-51.4235
1.95,0,0,125,-51.2936
1.975,0,0,125,-51.1629
2,0,0,125,-51.0314
2.025,0,0,125,-50.8991
2.05,0,0,125,-50.7661
2.075,0,0,125,-50.6323
2.1,0,0,125,-50.4978
2.125,0,0,125,-50.3626
2.15,0,0,125,-50.2268
2.175,0,0,125,-50.0902
2.2,0,0,125,-49.953
2.225,0,0,125,-49.8152
2.25,0,0,125,-49.6768
2.275,0,0,125,-49.5379
2.3,0,0,125,-49.3983
2.325,0,0,125,-49.2582
2.35,0,0,125,-49.1176
2.375,0,0,125,-48.9765
2.4,0,0,125,-48.8349
2.425,0,0,125,-48.6929
2.45,0,0,125,-48.5504
2.475,0,0,125,-48.4075
2.5,0,0,125,-48.2642
2.525,0,0,125,-48.1205
2.55,0,0,125,-47.9765
2.575,0,0,125,-47.8321
2.6,0,0,125,-47.6874
2.625,0,0,125,-47.5424
2.65,0,0,125,-47.3972
2.675,0,0,125,-47.2517
2.7,0,0,125,-47.1059
2.725,0,0,125,-46.96
2.75,0,0,125,-46.8139
2.775,0,0,125,-46.6676
2.8,0,0,125,-46.5212
2.825,0,0,125,-46.3746
2.85,0,0,125,-46.228
2.875,0,0,125,-46.0813
2.9,0,0,125,-45.9346
2.925,0,0,125,-45.7878
2.95,0,0,125,-45.6411
2.975,0,0,125,-45.4943
3,0,0,125,-45.3476
3.025,0,0,125,-45.201
3.05,0,0,125,-45.0545
3.075,0,0,125,-44.9081
3.1,0,0,125,-44.7619
3.125,0,0,125,-44.6159
3.15,0,0,125,-44.4701
3.175,0,0,125,-44.3245
3.2,0,0,125,-44.1791
3.225,0,0,125,-44.0341
3.25,0,0,125,-43.8894
3.275,0,0,125,-43.7451
3.3,0,0,125,-43.6011
3.325,0,0,125,-43.4576
3.35,0,0,125,-43.3145
3.375,0,0,125,-43.1718
3.4,0,0,125,-43.0297
3.425,0,0,125,-42.8882
3.45,0,0,125,-42.7472
3.475,0,0,125,-42.6068
3.5,0,0,125,-42.4671
3.525,0,0,125,-42.328
3.55,0,0,125,-42.1897
3.575,0,0,125,-42.0521
3.6,0,0,125,-41.9153
3.625,0,0,125,-41.7793
3.65,0,0,125,-41.6442
3.675,0,0,125,-41.51
3.7,0,0,125,-41.3767
3.725,0,0,125,-41.2444
3.75,0,0,125,-41.1132
3.775,0,0,125,-40.983
3.8,0,0,125,-40.8539
3.825,0,0,125,-40.726
3.85,0,0,125,-40.5993
3.875,0,0,125,-40.4738
3.9,0,0,125,-40.3496
3.925,0,0,125,-40.2268
3.95,0,0,125,-40.1053
3.975,0,0,125,-39.9853
4,0,0,125,-39.8668
4.025,0,0,125,-39.7498
4.05,0,0,125,-39.6344
4.075,0,0,125,-39.5206
4.1,0,0,125,-39.4085
4.125,0,0,125,-39.2982
4.15,0,0,125,-39.1897
4.175,0,0,125,-39.083
4.2,0,0,125,-38.9783
4.225,0,0,125,-38.8755
4.25,0,0,125,-38.7748
4.275,0,0,125,-38.6761
4.3,0,0,125,-38.5797
4.325,0,0,125,-38.4854
4.35,0,0,125,-38.3935
4.375,0,0,125,-38.3039
4.4,0,0,125,-38.2167
4.425,0,0,125,-38.132
4.45,0,0,125,-38.0499
4.475,0,0,125,-37.9704
4.5,0,0,125,-37.8936
4.525,0,0,125,-37.8196
4.55,0,0,125,-37.7485
4.575,0,0,125,-37.6802
4.6,0,0,125,-37.615
4.625,0,0,125,-37.5529
4.65,0,0,125,-37.494
4.675,0,0,125,-37.4383
4.7,0,0,125,-37.386
4.725,0,0,125,-37.3371
4.75,0,0,125,-37.2917
4.775,0,0,125,-37.25
4.8,0,0,125,-37.2121
4.825,0,0,125,-37.1779
4.85,0,0,125,-37.1478
4.875,0,0,125,-37.1216
4.9,0,0,125,-37.0996
4.925,0,0,125,-37.0819
4.95,0,0,125,-37.0685
4.975,0,0,125,-37.0595
5,0,0,125,-37.055
