0,0,0,25,-8.04327
0.005,0,0,25,-8.04319
0.01,0,0,25,-8.04302
0.015,0,0,25,-8.04277
0.02,0,0,25,-8.04244
0.025,0,0,25,-8.04202
0.03,0,0,25,-8.04153
0.035,0,0,25,-8.04095
0.04,0,0,25,-8.0403
0.045,0,0,25,-8.03958
0.05,0,0,25,-8.03878
0.055,0,0,25,-8.03791
0.06,0,0,25,-8.03697
0.065,0,0,25,-8.03596
0.07,0,0,25,-8.03488
0.075,0,0,25,-8.03374
0.08,0,0,25,-8.03254
0.085,0,0,25,-8.03127
0.09,0,0,25,-8.02993
0.095,0,0,25,-8.02854
0.1,0,0,25,-8.02709
0.105,0,0,25,-8.02559
0.11,0,0,25,-8.02403
0.115,0,0,25,-8.02241
0.12,0,0,25,-8.02074
0.125,0,0,25,-8.01902
0.13,0,0,25,-8.01725
0.135,0,0,25,-8.01543
0.14,0,0,25,-8.01356
0.145,0,0,25,-8.01164
0.15,0,0,25,-8.00968
0.155,0,0,25,-8.00767
0.16,0,0,25,-8.00562
0.165,0,0,25,-8.00353
0.17,0,0,25,-8.0014
0.175,0,0,25,-7.99923
0.18,0,0,25,-7.99701
0.185,0,0,25,-7.99476
0.19,0,0,25,-7.99247
0.195,0,0,25,-7.99015
0.2,0,0,25,-7.98779
0.205,0,0,25,-7.9854
0.21,0,0,25,-7.98297
0.215,0,0,25,-7.98051
0.22,0,0,25,-7.97801
0.225,0,0,25,-7.97549
0.23,0,0,25,-7.97294
0.235,0,0,25,-7.97035
0.24,0,0,25,-7.96774
0.245,0,0,25,-7.9651
0.25,0,0,25,-7.96244
0.255,0,0,25,-7.95974
0.26,0,0,25,-7.95702
0.265,0,0,25,-7.95428
0.27,0,0,25,-7.95151
0.275,0,0,25,-7.94872
0.28,0,0,25,-7.9459
0.285,0,0,25,-7.94307
0.29,0,0,25,-7.94021
0.295,0,0,25,-7.93733
0.3,0,0,25,-7.93443
0.305,0,0,25,-7.9315
0.31,0,0,25,-7.92856
0.315,0,0,25,-7.9256
0.32,0,0,25,-7.92262
0.325,0,0,25,-7.91963
0.33,0,0,25,-7.91661
0.335,0,0,25,-7.91358
0.34,0,0,25,-7.91054
0.345,0,0,25,-7.90747
0.35,0,0,25,-7.90439
0.355,0,0,25,-7.9013
0.36,0,0,25,-7.89819
0.365,0,0,25,-7.89507
0.37,0,0,25,-7.89193
0.375,0,0,25,-7.88878
0.38,0,0,25,-7.88562
0.385,0,0,25,-7.88244
0.39,0,0,25,-7.87925
0.395,0,0,25,-7.87605
0.4,0,0,25,-7.87284
0.405,0,0,25,-7.86961
0.41,0,0,25,-7.86638
0.415,0,0,25,-7.86313
0.42,0,0,25,-7.85988
0.425,0,0,25,-7.85661
0.43,0,0,25,-7.85334
0.435,0,0,25,-7.85006
0.44,0,0,25,-7.84676
0.445,0,0,25,-7.84346
0.45,0,0,25,-7.84015
0.455,0,0,25,-7.83683
0.46,0,0,25,-7.8335
0.465,0,0,25,-7.83017
0.47,0,0,25,-7.82683
0.475,0,0,25,-7.82348
0.48,0,0,25,-7.82012
0.485,0,0,25,-7.81676
0.49,0,0,25,-7.81339
0.495,0,0,25,-7.81001
0.5,0,0,25,-7.80663
0.505,0,0,25,-7.80324
0.51,0,0,25,-7.79985
0.515,0,0,25,-7.79645
0.52,0,0,25,-7.79304
0.525,0,0,25,-7.78963
0.53,0,0,25,-7.78622
0.535,0,0,25,-7.7828
0.54,0,0,25,-7.77937
0.545,0,0,25,-7.77595
0.55,0,0,25,-7.77251
0.555,0,0,25,-7.76908
0.56,0,0,25,-7.76563
0.565,0,0,25,-7.76219
0.57,0,0,25,-7.75874
0.575,0,0,25,-7.75529
0.58,0,0,25,-7.75183
0.585,0,0,25,-7.74837
0.59,0,0,25,-7.74491
0.595,0,0,25,-7.74145
0.6,0,0,25,-7.73798
0.605,0,0,25,-7.73451
0.61,0,0,25,-7.73103
0.615,0,0,25,-7.72756
0.62,0,0,25,-7.72408
0.625,0,0,25,-7.7206
0.63,0,0,25,-7.71711
0.635,0,0,25,-7.71363
0.64,0,0,25,-7.71014
0.645,0,0,25,-7.70665
0.65,0,0,25,-7.70316
0.655,0,0,25,-7.69967
0.66,0,0,25,-7.69617
0.665,0,0,25,-7.69268
0.67,0,0,25,-7.68918
0.675,0,0,25,-7.68568
0.68,0,0,25,-7.68218
0.685,0,0,25,-7.67868
0.69,0,0,25,-7.67517
0.695,0,0,25,-7.67167
0.7,0,0,25,-7.66817
0.705,0,0,25,-7.66466
0.71,0,0,25,-7.66115
0.715,0,0,25,-7.65764
0.72,0,0,25,-7.65414
0.725,0,0,25,-7.65063
0.73,0,0,25,-7.64712
0.735,0,0,25,-7.6436
0.74,0,0,25,-7.64009
0.745,0,0,25,-7.63658
0.75,0,0,25,-7.63307
0.755,0,0,25,-7.62956
0.76,0,0,25,-7.62604
0.765,0,0,25,-7.62253
0.77,0,0,25,-7.61901
0.775,0,0,25,-7.6155
0.78,0,0,25,-7.61198
0.785,0,0,25,-7.60847
0.79,0,0,25,-7.60496
0.795,0,0,25,-7.60144
0.8,0,0,25,-7.59793
0.805,0,0,25,-7.59441
0.81,0,0,25,-7.59089
0.815,0,0,25,-7.58738
0.82,0,0,25,-7.58386
0.825,0,0,25,-7.58035
0.83,0,0,25,-7.57683
0.835,0,0,25,-7.57332
0.84,0,0,25,-7.56981
0.845,0,0,25,-7.56629
0.85,0,0,25,-7.56278
0.855,0,0,25,-7.55926
0.86,0,0,25,-7.55575
0.865,0,0,25,-7.55224
0.87,0,0,25,-7.54872
0.875,0,0,25,-7.54521
0.88,0,0,25,-7.5417
0.885,0,0,25,-7.53819
0.89,0,0,25,-7.53467
0.895,0,0,25,-7.53116
0.9,0,0,25,-7.52765
0.905,0,0,25,-7.52414
0.91,0,0,25,-7.52063
0.915,0,0,25,-7.51712
0.92,0,0,25,-7.51361
0.925,0,0,25,-7.5101
0.93,0,0,25,-7.5066
0.935,0,0,25,-7.50309
0.94,0,0,25,-7.49958
0.945,0,0,25,-7.49608
0.95,0,0,25,-7.49257
0.955,0,0,25,-7.48906
0.96,0,0,25,-7.48556
0.965,0,0,25,-7.48206
0.97,0,0,25,-7.47855
0.975,0,0,25,-7.47505
0.98,0,0,25,-7.47155
0.985,0,0,25,-7.46805
0.99,0,0,25,-7.46454
0.995,0,0,25,-7.46104
1,0,0,25,-7.45754
1.005,0,0,25,-7.45404
1.01,0,0,25,-7.45055
1.015,0,0,25,-7.44705
1.02,0,0,25,-7.44355
1.025,0,0,25,-7.44005
1.03,0,0,25,-7.43656
1.035,0,0,25,-7.43306
1.04,0,0,25,-7.42957
1.045,0,0,25,-7.42607
1.05,0,0,25,-7.42258
1.055,0,0,25,-7.41909
1.06,0,0,25,-7.41559
1.065,0,0,25,-7.4121
1.07,0,0,25,-7.40861
1.075,0,0,25,-7.40512
1.08,0,0,25,-7.40163
1.085,0,0,25,-7.39814
1.09,0,0,25,-7.39466
1.095,0,0,25,-7.39117
1.1,0,0,25,-7.38768
1.105,0,0,25,-7.3842
1.11,0,0,25,-7.38071
1.115,0,0,25,-7.37722
1.12,0,0,25,-7.37374
1.125,0,0,25,-7.37026
1.13,0,0,25,-7.36677
1.135,0,0,25,-7.36329
1.14,0,0,25,-7.35981
1.145,0,0,25,-7.35633
1.15,0,0,25,-7.35285
1.155,0,0,25,-7.34937
1.16,0,0,25,-7.34589
1.165,0,0,25,-7.34241
1.17,0,0,25,-7.33894
1.175,0,0,25,-7.33546
1.18,0,0,25,-7.33198
1.185,0,0,25,-7.32851
1.19,0,0,25,-7.32503
1.195,0,0,25,-7.32156
1.2,0,0,25,-7.31808
1.205,0,0,25,-7.31461
1.21,0,0,25,-7.31114
1.215,0,0,25,-7.30767
1.22,0,0,25,-7.3042
1.225,0,0,25,-7.30072
1.23,0,0,25,-7.29725
1.235,0,0,25,-7.29379
1.24,0,0,25,-7.29032
1.245,0,0,25,-7.28685
1.25,0,0,25,-7.28338
1.255,0,0,25,-7.27991
1.26,0,0,25,-7.27645
1.265,0,0,25,-7.27298
1.27,0,0,25,-7.26952
1.275,0,0,25,-7.26605
1.28,0,0,25,-7.26259
1.285,0,0,25,-7.25912
1.29,0,0,25,-7.25566
1.295,0,0,25,-7.2522
1.3,0,0,25,-7.24874
1.305,0,0,25,-7.24528
1.31,0,0,25,-7.24182
1.315,0,0,25,-7.23835
1.32,0,0,25,-7.2349
1.325,0,0,25,-7.23144
1.33,0,0,25,-7.22798
1.335,0,0,25,-7.22452
1.34,0,0,25,-7.22106
1.345,0,0,25,-7.2176
1.35,0,0,25,-7.21415
1.355,0,0,25,-7.21069
1.36,0,0,25,-7.20724
1.365,0,0,25,-7.20378
1.37,0,0,25,-7.20033
1.375,0,0,25,-7.19687
1.38,0,0,25,-7.19342
1.385,0,0,25,-7.18997
1.39,0,0,25,-7.18651
1.395,0,0,25,-7.18306
1.4,0,0,25,-7.17961
1.405,0,0,25,-7.17616
1.41,0,0,25,-7.17271
1.415,0,0,25,-7.16926
1.42,0,0,25,-7.16581
1.425,0,0,25,-7.16236
1.43,0,0,25,-7.15891
1.435,0,0,25,-7.15546
1.44,0,0,25,-7.15201
1.445,0,0,25,-7.14856
1.45,0,0,25,-7.14512
1.455,0,0,25,-7.14167
1.46,0,0,25,-7.13822
1.465,0,0,25,-7.13478
1.47,0,0,25,-7.13133
1.475,0,0,25,-7.12788
1.48,0,0,25,-7.12444
1.485,0,0,25,-7.12099
1.49,0,0,25,-7.11755
1.495,0,0,25,-7.11411
1.5,0,0,25,-7.11066
1.505,0,0,25,-7.10722
1.51,0,0,25,-7.10378
1.515,0,0,25,-7.10033
1.52,0,0,25,-7.09689
1.525,0,0,25,-7.09345
1.53,0,0,25,-7.09001
1.535,0,0,25,-7.08657
1.54,0,0,25,-7.08313
1.545,0,0,25,-7.07969
1.55,0,0,25,-7.07625
1.555,0,0,25,-7.07281
1.56,0,0,25,-7.06937
1.565,0,0,25,-7.06593
1.57,0,0,25,-7.06249
1.575,0,0,25,-7.05905
1.58,0,0,25,-7.05561
1.585,0,0,25,-7.05217
1.59,0,0,25,-7.04873
1.595,0,0,25,-7.0453
1.6,0,0,25,-7.04186
1.605,0,0,25,-7.03842
1.61,0,0,25,-7.03498
1.615,0,0,25,-7.03155
1.62,0,0,25,-7.02811
1.625,0,0,25,-7.02467
1.63,0,0,25,-7.02124
1.635,0,0,25,-7.0178
1.64,0,0,25,-7.01437
1.645,0,0,25,-7.01093
1.65,0,0,25,-7.0075
1.655,0,0,25,-7.00406
1.66,0,0,25,-7.00063
1.665,0,0,25,-6.99719
1.67,0,0,25,-6.99376
1.675,0,0,25,-6.99032
1.68,0,0,25,-6.98689
1.685,0,0,25,-6.98346
1.69,0,0,25,-6.98002
1.695,0,0,25,-6.97659
1.7,0,0,25,-6.97316
1.705,0,0,25,-6.96972
1.71,0,0,25,-6.96629
1.715,0,0,25,-6.96286
1.72,0,0,25,-6.95943
1.725,0,0,25,-6.95599
1.73,0,0,25,-6.95256
1.735,0,0,25,-6.94913
1.74,0,0,25,-6.9457
1.745,0,0,25,-6.94227
1.75,0,0,25,-6.93883
1.755,0,0,25,-6.9354
1.76,0,0,25,-6.93197
1.765,0,0,25,-6.92854
1.77,0,0,25,-6.92511
1.775,0,0,25,-6.92168
1.78,0,0,25,-6.91825
1.785,0,0,25,-6.91482
1.79,0,0,25,-6.91139
1.795,0,0,25,-6.90795
1.8,0,0,25,-6.90452
1.805,0,0,25,-6.90109
1.81,0,0,25,-6.89766
1.815,0,0,25,-6.89423
1.82,0,0,25,-6.8908
1.825,0,0,25,-6.88737
1.83,0,0,25,-6.88394
1.835,0,0,25,-6.88051
1.84,0,0,25,-6.87708
1.845,0,0,25,-6.87365
1.85,0,0,25,-6.87022
1.855,0,0,25,-6.86679
1.86,0,0,25,-6.86336
1.865,0,0,25,-6.85993
1.87,0,0,25,-6.8565
1.875,0,0,25,-6.85307
1.88,0,0,25,-6.84964
1.885,0,0,25,-6.84621
1.89,0,0,25,-6.84278
1.895,0,0,25,-6.83935
1.9,0,0,25,-6.83592
1.905,0,0,25,-6.83249
1.91,0,0,25,-6.82906
1.915,0,0,25,-6.82563
1.92,0,0,25,-6.8222
1.925,0,0,25,-6.81877
1.93,0,0,25,-6.81535
1.935,0,0,25,-6.81192
1.94,0,0,25,-6.80849
1.945,0,0,25,-6.80506
1.95,0,0,25,-6.80163
1.955,0,0,25,-6.7982
1.96,0,0,25,-6.79477
1.965,0,0,25,-6.79134
1.97,0,0,25,-6.78791
1.975,0,0,25,-6.78448
1.98,0,0,25,-6.78105
1.985,0,0,25,-6.77762
1.99,0,0,25,-6.77419
1.995,0,0,25,-6.77075
2,0,0,25,-6.76732
2.005,0,0,25,-6.76389
2.01,0,0,25,-6.76046
2.015,0,0,25,-6.75703
2.02,0,0,25,-6.7536
2.025,0,0,25,-6.75017
2.03,0,0,25,-6.74674
2.035,0,0,25,-6.74331
2.04,0,0,25,-6.73988
2.045,0,0,25,-6.73645
2.05,0,0,25,-6.73302
2.055,0,0,25,-6.72958
2.06,0,0,25,-6.72615
2.065,0,0,25,-6.72272
2.07,0,0,25,-6.71929
2.075,0,0,25,-6.71586
2.08,0,0,25,-6.71242
2.085,0,0,25,-6.70899
2.09,0,0,25,-6.70556
2.095,0,0,25,-6.70213
2.1,0,0,25,-6.69869
2.105,0,0,25,-6.69526
2.11,0,0,25,-6.69183
2.115,0,0,25,-6.68839
2.12,0,0,25,-6.68496
2.125,0,0,25,-6.68153
2.13,0,0,25,-6.67809
2.135,0,0,25,-6.67466
2.14,0,0,25,-6.67123
2.145,0,0,25,-6.66779
2.15,0,0,25,-6.66436
2.155,0,0,25,-6.66092
2.16,0,0,25,-6.65749
2.165,0,0,25,-6.65405
2.17,0,0,25,-6.65062
2.175,0,0,25,-6.64718
2.18,0,0,25,-6.64374
2.185,0,0,25,-6.64031
2.19,0,0,25,-6.63687
2.195,0,0,25,-6.63344
2.2,0,0,25,-6.63
2.205,0,0,25,-6.62656
2.21,0,0,25,-6.62313
2.215,0,0,25,-6.61969
2.22,0,0,25,-6.61625
2.225,0,0,25,-6.61281
2.23,0,0,25,-6.60937
2.235,0,0,25,-6.60594
2.24,0,0,25,-6.6025
2.245,0,0,25,-6.59906
2.25,0,0,25,-6.59562
2.255,0,0,25,-6.59218
2.26,0,0,25,-6.58874
2.265,0,0,25,-6.5853
2.27,0,0,25,-6.58186
2.275,0,0,25,-6.57842
2.28,0,0,25,-6.57498
2.285,0,0,25,-6.57154
2.29,0,0,25,-6.56809
2.295,0,0,25,-6.56465
2.3,0,0,25,-6.56121
2.305,0,0,25,-6.55777
2.31,0,0,25,-6.55433
2.315,0,0,25,-6.55088
2.32,0,0,25,-6.54744
2.325,0,0,25,-6.54399
2.33,0,0,25,-6.54055
2.335,0,0,25,-6.53711
2.34,0,0,25,-6.53366
2.345,0,0,25,-6.53022
2.35,0,0,25,-6.52677
2.355,0,0,25,-6.52332
2.36,0,0,25,-6.51988
2.365,0,0,25,-6.51643
2.37,0,0,25,-6.51298
2.375,0,0,25,-6.50954
2.38,0,0,25,-6.50609
2.385,0,0,25,-6.50264
2.39,0,0,25,-6.49919
2.395,0,0,25,-6.49574
2.4,0,0,25,-6.49229
2.405,0,0,25,-6.48885
2.41,0,0,25,-6.4854
2.415,0,0,25,-6.48194
2.42,0,0,25,-6.47849
2.425,0,0,25,-6.47504
2.43,0,0,25,-6.47159
2.435,0,0,25,-6.46814
2.44,0,0,25,-6.46469
2.445,0,0,25,-6.46123
2.45,0,0,25,-6.45778
2.455,0,0,25,-6.45433
2.46,0,0,25,-6.45087
2.465,0,0,25,-6.44742
2.47,0,0,25,-6.44396
2.475,0,0,25,-6.44051
2.48,0,0,25,-6.43705
2.485,0,0,25,-6.43359
2.49,0,0,25,-6.43014
2.495,0,0,25,-6.42668
2.5,0,0,25,-6.42322
2.505,0,0,25,-6.41976
2.51,0,0,25,-6.4163
2.515,0,0,25,-6.41284
2.52,0,0,25,-6.40938
2.525,0,0,25,-6.40592
2.53,0,0,25,-6.40246
2.535,0,0,25,-6.399
2.54,0,0,25,-6.39554
2.545,0,0,25,-6.39208
2.55,0,0,25,-6.38861
2.555,0,0,25,-6.38515
2.56,0,0,25,-6.38169
2.565,0,0,25,-6.37822
2.57,0,0,25,-6.37476
2.575,0,0,25,-6.37129
2.58,0,0,25,-6.36783
2.585,0,0,25,-6.36436
2.59,0,0,25,-6.36089
2.595,0,0,25,-6.35742
2.6,0,0,25,-6.35396
2.605,0,0,25,-6.35049
2.61,0,0,25,-6.34702
2.615,0,0,25,-6.34355
2.62,0,0,25,-6.34008
2.625,0,0,25,-6.33661
2.63,0,0,25,-6.33313
2.635,0,0,25,-6.32966
2.64,0,0,25,-6.32619
2.645,0,0,25,-6.32272
2.65,0,0,25,-6.31924
2.655,0,0,25,-6.31577
2.66,0,0,25,-6.31229
2.665,0,0,25,-6.30882
2.67,0,0,25,-6.30534
2.675,0,0,25,-6.30186
2.68,0,0,25,-6.29839
2.685,0,0,25,-6.29491
2.69,0,0,25,-6.29143
2.695,0,0,25,-6.28795
2.7,0,0,25,-6.28447
2.705,0,0,25,-6.28099
2.71,0,0,25,-6.27751
2.715,0,0,25,-6.27403
2.72,0,0,25,-6.27054
2.725,0,0,25,-6.26706
2.73,0,0,25,-6.26358
2.735,0,0,25,-6.26009
2.74,0,0,25,-6.25661
2.745,0,0,25,-6.25312
2.75,0,0,25,-6.24963
2.755,0,0,25,-6.24615
2.76,0,0,25,-6.24266
2.765,0,0,25,-6.23917
2.77,0,0,25,-6.23568
2.775,0,0,25,-6.23219
2.78,0,0,25,-6.2287
2.785,0,0,25,-6.22521
2.79,0,0,25,-6.22172
2.795,0,0,25,-6.21823
2.8,0,0,25,-6.21473
2.805,0,0,25,-6.21124
2.81,0,0,25,-6.20774
2.815,0,0,25,-6.20425
2.82,0,0,25,-6.20075
2.825,0,0,25,-6.19726
2.83,0,0,25,-6.19376
2.835,0,0,25,-6.19026
2.84,0,0,25,-6.18676
2.845,0,0,25,-6.18326
2.85,0,0,25,-6.17976
2.855,0,0,25,-6.17626
2.86,0,0,25,-6.17276
2.865,0,0,25,-6.16926
2.87,0,0,25,-6.16575
2.875,0,0,25,-6.16225
2.88,0,0,25,-6.15874
2.885,0,0,25,-6.15524
2.89,0,0,25,-6.15173
2.895,0,0,25,-6.14823
2.9,0,0,25,-6.14472
2.905,0,0,25,-6.14121
2.91,0,0,25,-6.1377
2.915,0,0,25,-6.13419
2.92,0,0,25,-6.13068
2.925,0,0,25,-6.12717
2.93,0,0,25,-6.12366
2.935,0,0,25,-6.12014
2.94,0,0,25,-6.11663
2.945,0,0,25,-6.11311
2.95,0,0,25,-6.1096
2.955,0,0,25,-6.10608
2.96,0,0,25,-6.10256
2.965,0,0,25,-6.09905
2.97,0,0,25,-6.09553
2.975,0,0,25,-6.09201
2.98,0,0,25,-6.08849
2.985,0,0,25,-6.08497
2.99,0,0,25,-6.08145
2.995,0,0,25,-6.07792
3,0,0,25,-6.0744
3.005,0,0,25,-6.07088
3.01,0,0,25,-6.06735
3.015,0,0,25,-6.06383
3.02,0,0,25,-6.0603
3.025,0,0,25,-6.05677
3.03,0,0,25,-6.05324
3.035,0,0,25,-6.04971
3.04,0,0,25,-6.04618
3.045,0,0,25,-6.04265
3.05,0,0,25,-6.03912
3.055,0,0,25,-6.03559
3.06,0,0,25,-6.03206
3.065,0,0,25,-6.02852
3.07,0,0,25,-6.02499
3.075,0,0,25,-6.02145
3.08,0,0,25,-6.01792
3.085,0,0,25,-6.01438
3.09,0,0,25,-6.01084
3.095,0,0,25,-6.0073
3.1,0,0,25,-6.00376
3.105,0,0,25,-6.00022
3.11,0,0,25,-5.99668
3.115,0,0,25,-5.99314
3.12,0,0,25,-5.98959
3.125,0,0,25,-5.98605
3.13,0,0,25,-5.98251
3.135,0,0,25,-5.97896
3.14,0,0,25,-5.97541
3.145,0,0,25,-5.97187
3.15,0,0,25,-5.96832
3.155,0,0,25,-5.96477
3.16,0,0,25,-5.96122
3.165,0,0,25,-5.95767
3.17,0,0,25,-5.95412
3.175,0,0,25,-5.95057
3.18,0,0,25,-5.94701
3.185,0,0,25,-5.94346
3.19,0,0,25,-5.9399
3.195,0,0,25,-5.93635
3.2,0,0,25,-5.93279
3.205,0,0,25,-5.92923
3.21,0,0,25,-5.92568
3.215,0,0,25,-5.92212
3.22,0,0,25,-5.91856
3.225,0,0,25,-5.915
3.23,0,0,25,-5.91144
3.235,0,0,25,-5.90787
3.24,0,0,25,-5.90431
3.245,0,0,25,-5.90075
3.25,0,0,25,-5.89718
3.255,0,0,25,-5.89362
3.26,0,0,25,-5.89005
3.265,0,0,25,-5.88648
3.27,0,0,25,-5.88291
3.275,0,0,25,-5.87934
3.28,0,0,25,-5.87577
3.285,0,0,25,-5.8722
3.29,0,0,25,-5.86863
3.295,0,0,25,-5.86506
3.3,0,0,25,-5.86149
3.305,0,0,25,-5.85791
3.31,0,0,25,-5.85434
3.315,0,0,25,-5.85076
3.32,0,0,25,-5.84719
3.325,0,0,25,-5.84361
3.33,0,0,25,-5.84003
3.335,0,0,25,-5.83645
3.34,0,0,25,-5.83287
3.345,0,0,25,-5.82929
3.35,0,0,25,-5.82571
3.355,0,0,25,-5.82213
3.36,0,0,25,-5.81855
3.365,0,0,25,-5.81497
3.37,0,0,25,-5.81138
3.375,0,0,25,-5.8078
3.38,0,0,25,-5.80421
3.385,0,0,25,-5.80062
3.39,0,0,25,-5.79704
3.395,0,0,25,-5.79345
3.4,0,0,25,-5.78986
3.405,0,0,25,-5.78627
3.41,0,0,25,-5.78268
3.415,0,0,25,-5.77909
3.42,0,0,25,-5.7755
3.425,0,0,25,-5.7719
3.43,0,0,25,-5.76831
3.435,0,0,25,-5.76472
3.44,0,0,25,-5.76112
3.445,0,0,25,-5.75753
3.45,0,0,25,-5.75393
3.455,0,0,25,-5.75033
3.46,0,0,25,-5.74674
3.465,0,0,25,-5.74314
3.47,0,0,25,-5.73954
3.475,0,0,25,-5.73594
3.48,0,0,25,-5.73234
3.485,0,0,25,-5.72874
3.49,0,0,25,-5.72513
3.495,0,0,25,-5.72153
3.5,0,0,25,-5.71793
3.505,0,0,25,-5.71433
3.51,0,0,25,-5.71072
3.515,0,0,25,-5.70712
3.52,0,0,25,-5.70351
3.525,0,0,25,-5.6999
3.53,0,0,25,-5.6963
3.535,0,0,25,-5.69269
3.54,0,0,25,-5.68908
3.545,0,0,25,-5.68547
3.55,0,0,25,-5.68186
3.555,0,0,25,-5.67825
3.56,0,0,25,-5.67464
3.565,0,0,25,-5.67103
3.57,0,0,25,-5.66742
3.575,0,0,25,-5.66381
3.58,0,0,25,-5.66019
3.585,0,0,25,-5.65658
3.59,0,0,25,-5.65296
3.595,0,0,25,-5.64935
3.6,0,0,25,-5.64573
3.605,0,0,25,-5.64212
3.61,0,0,25,-5.6385
3.615,0,0,25,-5.63489
3.62,0,0,25,-5.63127
3.625,0,0,25,-5.62765
3.63,0,0,25,-5.62403
3.635,0,0,25,-5.62041
3.64,0,0,25,-5.61679
3.645,0,0,25,-5.61317
3.65,0,0,25,-5.60955
3.655,0,0,25,-5.60593
3.66,0,0,25,-5.60231
3.665,0,0,25,-5.59869
3.67,0,0,25,-5.59507
3.675,0,0,25,-5.59145
3.68,0,0,25,-5.58783
3.685,0,0,25,-5.5842
3.69,0,0,25,-5.58058
3.695,0,0,25,-5.57696
3.7,0,0,25,-5.57333
3.705,0,0,25,-5.56971
3.71,0,0,25,-5.56608
3.715,0,0,25,-5.56246
3.72,0,0,25,-5.55883
3.725,0,0,25,-5.55521
3.73,0,0,25,-5.55158
3.735,0,0,25,-5.54795
3.74,0,0,25,-5.54433
3.745,0,0,25,-5.5407
3.75,0,0,25,-5.53707
3.755,0,0,25,-5.53345
3.76,0,0,25,-5.52982
3.765,0,0,25,-5.52619
3.77,0,0,25,-5.52257
3.775,0,0,25,-5.51894
3.78,0,0,25,-5.51531
3.785,0,0,25,-5.51168
3.79,0,0,25,-5.50805
3.795,0,0,25,-5.50443
3.8,0,0,25,-5.5008
3.805,0,0,25,-5.49717
3.81,0,0,25,-5.49354
3.815,0,0,25,-5.48991
3.82,0,0,25,-5.48628
3.825,0,0,25,-5.48265
3.83,0,0,25,-5.47902
3.835,0,0,25,-5.4754
3.84,0,0,25,-5.47177
3.845,0,0,25,-5.46814
3.85,0,0,25,-5.46451
3.855,0,0,25,-5.46088
3.86,0,0,25,-5.45725
3.865,0,0,25,-5.45362
3.87,0,0,25,-5.45
3.875,0,0,25,-5.44637
3.88,0,0,25,-5.44274
3.885,0,0,25,-5.43911
3.89,0,0,25,-5.43549
3.895,0,0,25,-5.43186
3.9,0,0,25,-5.42823
3.905,0,0,25,-5.4246
3.91,0,0,25,-5.42098
3.915,0,0,25,-5.41735
3.92,0,0,25,-5.41373
3.925,0,0,25,-5.4101
3.93,0,0,25,-5.40647
3.935,0,0,25,-5.40285
3.94,0,0,25,-5.39922
3.945,0,0,25,-5.3956
3.95,0,0,25,-5.39198
3.955,0,0,25,-5.38835
3.96,0,0,25,-5.38473
3.965,0,0,25,-5.38111
3.97,0,0,25,-5.37749
3.975,0,0,25,-5.37386
3.98,0,0,25,-5.37024
3.985,0,0,25,-5.36662
3.99,0,0,25,-5.363
3.995,0,0,25,-5.35939
4,0,0,25,-5.35577
4.005,0,0,25,-5.35215
4.01,0,0,25,-5.34853
4.015,0,0,25,-5.34492
4.02,0,0,25,-5.3413
4.025,0,0,25,-5.33769
4.03,0,0,25,-5.33407
4.035,0,0,25,-5.33046
4.04,0,0,25,-5.32685
4.045,0,0,25,-5.32324
4.05,0,0,25,-5.31963
4.055,0,0,25,-5.31602
4.06,0,0,25,-5.31241
4.065,0,0,25,-5.3088
4.07,0,0,25,-5.30519
4.075,0,0,25,-5.30159
4.08,0,0,25,-5.29799
4.085,0,0,25,-5.29438
4.09,0,0,25,-5.29078
4.095,0,0,25,-5.28718
4.1,0,0,25,-5.28358
4.105,0,0,25,-5.27998
4.11,0,0,25,-5.27639
4.115,0,0,25,-5.27279
4.12,0,0,25,-5.2692
4.125,0,0,25,-5.2656
4.13,0,0,25,-5.26201
4.135,0,0,25,-5.25842
4.14,0,0,25,-5.25483
4.145,0,0,25,-5.25125
4.15,0,0,25,-5.24766
4.155,0,0,25,-5.24408
4.16,0,0,25,-5.2405
4.165,0,0,25,-5.23692
4.17,0,0,25,-5.23334
4.175,0,0,25,-5.22977
4.18,0,0,25,-5.22619
4.185,0,0,25,-5.22262
4.19,0,0,25,-5.21905
4.195,0,0,25,-5.21548
4.2,0,0,25,-5.21191
4.205,0,0,25,-5.20835
4.21,0,0,25,-5.20479
4.215,0,0,25,-5.20123
4.22,0,0,25,-5.19767
4.225,0,0,25,-5.19412
4.23,0,0,25,-5.19056
4.235,0,0,25,-5.18701
4.24,0,0,25,-5.18347
4.245,0,0,25,-5.17992
4.25,0,0,25,-5.17638
4.255,0,0,25,-5.17284
4.26,0,0,25,-5.1693
4.265,0,0,25,-5.16577
4.27,0,0,25,-5.16224
4.275,0,0,25,-5.15871
4.28,0,0,25,-5.15519
4.285,0,0,25,-5.15166
4.29,0,0,25,-5.14815
4.295,0,0,25,-5.14463
4.3,0,0,25,-5.14112
4.305,0,0,25,-5.13761
4.31,0,0,25,-5.1341
4.315,0,0,25,-5.1306
4.32,0,0,25,-5.12711
4.325,0,0,25,-5.12361
4.33,0,0,25,-5.12012
4.335,0,0,25,-5.11664
4.34,0,0,25,-5.11315
4.345,0,0,25,-5.10968
4.35,0,0,25,-5.1062
4.355,0,0,25,-5.10273
4.36,0,0,25,-5.09927
4.365,0,0,25,-5.09581
4.37,0,0,25,-5.09235
4.375,0,0,25,-5.0889
4.38,0,0,25,-5.08545
4.385,0,0,25,-5.08201
4.39,0,0,25,-5.07858
4.395,0,0,25,-5.07515
4.4,0,0,25,-5.07172
4.405,0,0,25,-5.0683
4.41,0,0,25,-5.06489
4.415,0,0,25,-5.06148
4.42,0,0,25,-5.05807
4.425,0,0,25,-5.05468
4.43,0,0,25,-5.05129
4.435,0,0,25,-5.0479
4.44,0,0,25,-5.04452
4.445,0,0,25,-5.04115
4.45,0,0,25,-5.03779
4.455,0,0,25,-5.03443
4.46,0,0,25,-5.03108
4.465,0,0,25,-5.02774
4.47,0,0,25,-5.0244
4.475,0,0,25,-5.02107
4.48,0,0,25,-5.01775
4.485,0,0,25,-5.01444
4.49,0,0,25,-5.01113
4.495,0,0,25,-5.00784
4.5,0,0,25,-5.00455
4.505,0,0,25,-5.00127
4.51,0,0,25,-4.998
4.515,0,0,25,-4.99474
4.52,0,0,25,-4.99149
4.525,0,0,25,-4.98824
4.53,0,0,25,-4.98501
4.535,0,0,25,-4.98179
4.54,0,0,25,-4.97858
4.545,0,0,25,-4.97538
4.55,0,0,25,-4.97218
4.555,0,0,25,-4.969
4.56,0,0,25,-4.96584
4.565,0,0,25,-4.96268
4.57,0,0,25,-4.95953
4.575,0,0,25,-4.9564
4.58,0,0,25,-4.95328
4.585,0,0,25,-4.95017
4.59,0,0,25,-4.94708
4.595,0,0,25,-4.944
4.6,0,0,25,-4.94093
4.605,0,0,25,-4.93787
4.61,0,0,25,-4.93483
4.615,0,0,25,-4.93181
4.62,0,0,25,-4.9288
4.625,0,0,25,-4.9258
4.63,0,0,25,-4.92282
4.635,0,0,25,-4.91986
4.64,0,0,25,-4.91691
4.645,0,0,25,-4.91399
4.65,0,0,25,-4.91107
4.655,0,0,25,-4.90818
4.66,0,0,25,-4.9053
4.665,0,0,25,-4.90244
4.67,0,0,25,-4.8996
4.675,0,0,25,-4.89678
4.68,0,0,25,-4.89399
4.685,0,0,25,-4.89121
4.69,0,0,25,-4.88845
4.695,0,0,25,-4.88571
4.7,0,0,25,-4.883
4.705,0,0,25,-4.8803
4.71,0,0,25,-4.87763
4.715,0,0,25,-4.87499
4.72,0,0,25,-4.87237
4.725,0,0,25,-4.86977
4.73,0,0,25,-4.8672
4.735,0,0,25,-4.86465
4.74,0,0,25,-4.86213
4.745,0,0,25,-4.85964
4.75,0,0,25,-4.85717
4.755,0,0,25,-4.85474
4.76,0,0,25,-4.85233
4.765,0,0,25,-4.84995
4.77,0,0,25,-4.8476
4.775,0,0,25,-4.84529
4.78,0,0,25,-4.843
4.785,0,0,25,-4.84075
4.79,0,0,25,-4.83853
4.795,0,0,25,-4.83635
4.8,0,0,25,-4.8342
4.805,0,0,25,-4.83209
4.81,0,0,25,-4.83001
4.815,0,0,25,-4.82797
4.82,0,0,25,-4.82597
4.825,0,0,25,-4.82401
4.83,0,0,25,-4.82208
4.835,0,0,25,-4.8202
4.84,0,0,25,-4.81836
4.845,0,0,25,-4.81657
4.85,0,0,25,-4.81481
4.855,0,0,25,-4.8131
4.86,0,0,25,-4.81144
4.865,0,0,25,-4.80982
4.87,0,0,25,-4.80825
4.875,0,0,25,-4.80673
4.88,0,0,25,-4.80526
4.885,0,0,25,-4.80384
4.89,0,0,25,-4.80246
4.895,0,0,25,-4.80114
4.9,0,0,25,-4.79988
4.905,0,0,25,-4.79866
4.91,0,0,25,-4.7975
4.915,0,0,25,-4.7964
4.92,0,0,25,-4.79535
4.925,0,0,25,-4.79436
4.93,0,0,25,-4.79343
4.935,0,0,25,-4.79256
4.94,0,0,25,-4.79174
4.945,0,0,25,-4.79099
4.95,0,0,25,-4.7903
4.955,0,0,25,-4.78966
4.96,0,0,25,-4.78909
4.965,0,0,25,-4.78858
4.97,0,0,25,-4.78814
4.975,0,0,25,-4.78775
4.98,0,0,25,-4.78743
4.985,0,0,25,-4.78718
4.99,0,0,25,-4.78698
4.995,0,0,25,-4.78686
5,0,0,25,-4.78679
