0,0,0,125,-77.1073
0.025,0,0,125,-77.1063
0.05,0,0,125,-77.1044
0.075,0,0,125,-77.1015
0.1,0,0,125,-77.0976
0.125,0,0,125,-77.0927
0.15,0,0,125,-77.0869
0.175,0,0,125,-77.0802
0.2,0,0,125,-77.0726
0.225,0,0,125,-77.0642
0.25,0,0,125,-77.0549
0.275,0,0,125,-77.0448
0.3,0,0,125,-77.0339
0.325,0,0,125,-77.0221
0.35,0,0,125,-77.0096
0.375,0,0,125,-76.9963
0.4,0,0,125,-76.9822
0.425,0,0,125,-76.9674
0.45,0,0,125,-76.9518
0.475,0,0,125,-76.9354
0.5,0,0,125,-76.9182
0.525,0,0,125,-76.9003
0.55,0,0,125,-76.8816
0.575,0,0,125,-76.8622
0.6,0,0,125,-76.8421
0.625,0,0,125,-76.8212
0.65,0,0,125,-76.7995
0.675,0,0,125,-76.7772
0.7,0,0,125,-76.7541
0.725,0,0,125,-76.7302
0.75,0,0,125,-76.7056
0.775,0,0,125,-76.6803
0.8,0,0,125,-76.6542
0.825,0,0,125,-76.6274
0.85,0,0,125,-76.5999
0.875,0,0,125,-76.5716
0.9,0,0,125,-76.5426
0.925,0,0,125,-76.5128
0.95,0,0,125,-76.4823
0.975,0,0,125,-76.4511
1,0,0,125,-76.4191
1.025,0,0,125,-76.3863
1.05,0,0,125,-76.3528
1.075,0,0,125,-76.3186
1.1,0,0,125,-76.2836
1.125,0,0,125,-76.2478
1.15,0,0,125,-76.2113
1.175,0,0,125,-76.1741
1.2,0,0,125,-76.1361
1.225,0,0,125,-76.0973
1.25,0,0,125,-76.0578
1.275,0,0,125,-76.0176
1.3,0,0,125,-75.9765
1.325,0,0,125,-75.9348
1.35,0,0,125,-75.8923
1.375,0,0,125,-75.849
1.4,0,0,125,-75.805
1.425,0,0,125,-75.7602
1.45,0,0,125,-75.7146
1.475,0,0,125,-75.6683
1.5,0,0,125,-75.6213
1.525,0,0,125,-75.5735
1.55,0,0,125,-75.5249
1.575,0,0,125,-75.4756
1.6,0,0,125,-75.4255
1.625,0,0,125,-75.3747
1.65,0,0,125,-75.3231
1.675,0,0,125,-75.2708
1.7,0,0,125,-75.2178
1.725,0,0,125,-75.164
1.75,0,0,125,-75.1095
1.775,0,0,125,-75.0542
1.8,0,0,125,-74.9983
1.825,0,0,125,-74.9416
1.85,0,0,125,-74.8842
1.875,0,0,125,-74.826
1.9,0,0,125,-74.7671
1.925,0,0,125,-74.7076
1.95,0,0,125,-74.6473
1.975,0,0,125,-74.5863
2,0,0,125,-74.5247
2.025,0,0,125,-74.4624
2.05,0,0,125,-74.3994
2.075,0,0,125,-74.3358
2.1,0,0,125,-74.2715
2.125,0,0,125,-74.2065
2.15,0,0,125,-74.1409
2.175,0,0,125,-74.0746
2.2,0,0,125,-74.0078
2.225,0,0,125,-73.9403
2.25,0,0,125,-73.8722
2.275,0,0,125,-73.8035
2.3,0,0,125,-73.7342
2.325,0,0,125,-73.6644
2.35,0,0,125,-73.594
2.375,0,0,125,-73.523
2.4,0,0,125,-73.4515
2.425,0,0,125,-73.3795
2.45,0,0,125,-73.307
2.475,0,0,125,-73.2339
2.5,0,0,125,-73.1604
2.525,0,0,125,-73.0864
2.55,0,0,125,-73.012
2.575,0,0,125,-72.9371
2.6,0,0,125,-72.8618
2.625,0,0,125,-72.786
2.65,0,0,125,-72.7099
2.675,0,0,125,-72.6334
2.7,0,0,125,-72.5566
2.725,0,0,125,-72.4794
2.75,0,0,125,-72.4019
2.775,0,0,125,-72.3241
2.8,0,0,125,-72.246
2.825,0,0,125,-72.1676
2.85,0,0,125,-72.0891
2.875,0,0,125,-72.0102
2.9,0,0,125,-71.9312
2.925,0,0,125,-71.852
2.95,0,0,125,-71.7726
2.975,0,0,125,-71.6932
3,0,0,125,-71.6135
3.025,0,0,125,-71.5338
3.05,0,0,125,-71.4541
3.075,0,0,125,-71.3742
3.1,0,0,125,-71.2944
3.125,0,0,125,-71.2146
3.15,0,0,125,-71.1348
3.175,0,0,125,-71.055
3.2,0,0,125,-70.9753
3.225,0,0,125,-70.8957
3.25,0,0,125,-70.8163
3.275,0,0,125,-70.737
3.3,0,0,125,-70.6579
3.325,0,0,125,-70.579
3.35,0,0,125,-70.5003
3.375,0,0,125,-70.4219
3.4,0,0,125,-70.3437
3.425,0,0,125,-70.2659
3.45,0,0,125,-70.1884
3.475,0,0,125,-70.1113
3.5,0,0,125,-70.0346
3.525,0,0,125,-69.9583
3.55,0,0,125,-69.8824
3.575,0,0,125,-69.8071
3.6,0,0,125,-69.7322
3.625,0,0,125,-69.6579
3.65,0,0,125,-69.5841
3.675,0,0,125,-69.511
3.7,0,0,125,-69.4384
3.725,0,0,125,-69.3665
3.75,0,0,125,-69.2952
3.775,0,0,125,-69.2247
3.8,0,0,125,-69.1549
3.825,0,0,125,-69.0858
3.85,0,0,125,-69.0175
3.875,0,0,125,-68.9501
3.9,0,0,125,-68.8834
3.925,0,0,125,-68.8177
3.95,0,0,125,-68.7528
3.975,0,0,125,-68.6889
4,0,0,125,-68.6259
4.025,0,0,125,-68.5639
4.05,0,0,125,-68.5028
4.075,0,0,125,-68.4428
4.1,0,0,125,-68.3839
4.125,0,0,125,-68.3261
4.15,0,0,125,-68.2693
4.175,0,0,125,-68.2137
4.2,0,0,125,-68.1593
4.225,0,0,125,-68.106
4.25,0,0,125,-68.054
4.275,0,0,125,-68.0032
4.3,0,0,125,-67.9537
4.325,0,0,125,-67.9054
4.35,0,0,125,-67.8585
4.375,0,0,125,-67.8129
4.4,0,0,125,-67.7687
4.425,0,0,125,-67.7258
4.45,0,0,125,-67.6844
4.475,0,0,125,-67.6445
4.5,0,0,125,-67.606
4.525,0,0,125,-67.5691
4.55,0,0,125,-67.5336
4.575,0,0,125,-67.4998
4.6,0,0,125,-67.4675
4.625,0,0,125,-67.4368
4.65,0,0,125,-67.4078
4.675,0,0,125,-67.3805
4.7,0,0,125,-67.3549
4.725,0,0,125,-67.331
4.75,0,0,125,-67.3089
4.775,0,0,125,-67.2887
4.8,0,0,125,-67.2703
4.825,0,0,125,-67.2538
4.85,0,0,125,-67.2392
4.875,0,0,125,-67.2266
4.9,0,0,125,-67.216
4.925,0,0,125,-67.2075
4.95,0,0,125,-67.2011
4.975,0,0,125,-67.1968
5,0,0,125,-67.1946
