0,0,0,25,5.07572
0.005,0,0,25,5.0762
0.01,0,0,25,5.07717
0.015,0,0,25,5.07861
0.02,0,0,25,5.08053
0.025,0,0,25,5.08293
0.03,0,0,25,5.08581
0.035,0,0,25,5.08916
0.04,0,0,25,5.09299
0.045,0,0,25,5.09729
0.05,0,0,25,5.10206
0.055,0,0,25,5.1073
0.06,0,0,25,5.113
0.065,0,0,25,5.11917
0.07,0,0,25,5.1258
0.075,0,0,25,5.1329
0.08,0,0,25,5.14046
0.085,0,0,25,5.14847
0.09,0,0,25,5.15694
0.095,0,0,25,5.16587
0.1,0,0,25,5.17525
0.105,0,0,25,5.18508
0.11,0,0,25,5.19536
0.115,0,0,25,5.20609
0.12,0,0,25,5.21727
0.125,0,0,25,5.22889
0.13,0,0,25,5.24096
0.135,0,0,25,5.25347
0.14,0,0,25,5.26642
0.145,0,0,25,5.27981
0.15,0,0,25,5.29364
0.155,0,0,25,5.3079
0.16,0,0,25,5.3226
0.165,0,0,25,5.33774
0.17,0,0,25,5.3533
0.175,0,0,25,5.3693
0.18,0,0,25,5.38572
0.185,0,0,25,5.40257
0.19,0,0,25,5.41985
0.195,0,0,25,5.43756
0.2,0,0,25,5.45568
0.205,0,0,25,5.47423
0.21,0,0,25,5.4932
0.215,0,0,25,5.51259
0.22,0,0,25,5.5324
0.225,0,0,25,5.55262
0.23,0,0,25,5.57326
0.235,0,0,25,5.59432
0.24,0,0,25,5.61578
0.245,0,0,25,5.63766
0.25,0,0,25,5.65995
0.255,0,0,25,5.68264
0.26,0,0,25,5.70575
0.265,0,0,25,5.72926
0.27,0,0,25,5.75317
0.275,0,0,25,5.77749
0.28,0,0,25,5.80221
0.285,0,0,25,5.82734
0.29,0,0,25,5.85286
0.295,0,0,25,5.87878
0.3,0,0,25,5.9051
0.305,0,0,25,5.93181
0.31,0,0,25,5.95892
0.315,0,0,25,5.98643
0.32,0,0,25,6.01432
0.325,0,0,25,6.04261
0.33,0,0,25,6.07129
0.335,0,0,25,6.10035
0.34,0,0,25,6.12981
0.345,0,0,25,6.15965
0.35,0,0,25,6.18987
0.355,0,0,25,6.22048
0.36,0,0,25,6.25148
0.365,0,0,25,6.28285
0.37,0,0,25,6.3146
0.375,0,0,25,6.34674
0.38,0,0,25,6.37925
0.385,0,0,25,6.41214
0.39,0,0,25,6.4454
0.395,0,0,25,6.47904
0.4,0,0,25,6.51306
0.405,0,0,25,6.54744
0.41,0,0,25,6.5822
0.415,0,0,25,6.61732
0.42,0,0,25,6.65282
0.425,0,0,25,6.68868
0.43,0,0,25,6.7249
0.435,0,0,25,6.7615
0.44,0,0,25,6.79845
0.445,0,0,25,6.83577
0.45,0,0,25,6.87346
0.455,0,0,25,6.9115
0.46,0,0,25,6.9499
0.465,0,0,25,6.98866
0.47,0,0,25,7.02777
0.475,0,0,25,7.06725
0.48,0,0,25,7.10707
0.485,0,0,25,7.14725
0.49,0,0,25,7.18778
0.495,0,0,25,7.22867
0.5,0,0,25,7.2699
0.505,0,0,25,7.31148
0.51,0,0,25,7.35341
0.515,0,0,25,7.39569
0.52,0,0,25,7.43831
0.525,0,0,25,7.48128
0.53,0,0,25,7.52459
0.535,0,0,25,7.56824
0.54,0,0,25,7.61223
0.545,0,0,25,7.65657
0.55,0,0,25,7.70124
0.555,0,0,25,7.74625
0.56,0,0,25,7.79159
0.565,0,0,25,7.83727
0.57,0,0,25,7.88328
0.575,0,0,25,7.92963
0.58,0,0,25,7.97631
0.585,0,0,25,8.02332
0.59,0,0,25,8.07065
0.595,0,0,25,8.11832
0.6,0,0,25,8.16631
0.605,0,0,25,8.21463
0.61,0,0,25,8.26328
0.615,0,0,25,8.31224
0.62,0,0,25,8.36153
0.625,0,0,25,8.41115
0.63,0,0,25,8.46108
0.635,0,0,25,8.51133
0.64,0,0,25,8.5619
0.645,0,0,25,8.61279
0.65,0,0,25,8.66399
0.655,0,0,25,8.71551
0.66,0,0,25,8.76734
0.665,0,0,25,8.81948
0.67,0,0,25,8.87194
0.675,0,0,25,8.92471
0.68,0,0,25,8.97778
0.685,0,0,25,9.03116
0.69,0,0,25,9.08485
0.695,0,0,25,9.13885
0.7,0,0,25,9.19315
0.705,0,0,25,9.24775
0.71,0,0,25,9.30266
0.715,0,0,25,9.35787
0.72,0,0,25,9.41338
0.725,0,0,25,9.46919
0.73,0,0,25,9.52529
0.735,0,0,25,9.5817
0.74,0,0,25,9.6384
0.745,0,0,25,9.69539
0.75,0,0,25,9.75268
0.755,0,0,25,9.81026
0.76,0,0,25,9.86814
0.765,0,0,25,9.9263
0.77,0,0,25,9.98476
0.775,0,0,25,10.0435
0.78,0,0,25,10.1025
0.785,0,0,25,10.1618
0.79,0,0,25,10.2215
0.795,0,0,25,10.2813
0.8,0,0,25,10.3415
0.805,0,0,25,10.402
0.81,0,0,25,10.4627
0.815,0,0,25,10.5237
0.82,0,0,25,10.585
0.825,0,0,25,10.6466
0.83,0,0,25,10.7084
0.835,0,0,25,10.7706
0.84,0,0,25,10.833
0.845,0,0,25,10.8956
0.85,0,0,25,10.9586
0.855,0,0,25,11.0218
0.86,0,0,25,11.0853
0.865,0,0,25,11.149
0.87,0,0,25,11.2131
0.875,0,0,25,11.2774
0.88,0,0,25,11.3419
0.885,0,0,25,11.4068
0.89,0,0,25,11.4719
0.895,0,0,25,11.5372
0.9,0,0,25,11.6029
0.905,0,0,25,11.6687
0.91,0,0,25,11.7349
0.915,0,0,25,11.8013
0.92,0,0,25,11.868
0.925,0,0,25,11.9349
0.93,0,0,25,12.0021
0.935,0,0,25,12.0695
0.94,0,0,25,12.1372
0.945,0,0,25,12.2052
0.95,0,0,25,12.2734
0.955,0,0,25,12.3418
0.96,0,0,25,12.4105
0.965,0,0,25,12.4795
0.97,0,0,25,12.5487
0.975,0,0,25,12.6181
0.98,0,0,25,12.6879
0.985,0,0,25,12.7578
0.99,0,0,25,12.828
0.995,0,0,25,12.8984
1,0,0,25,12.9691
1.005,0,0,25,13.0401
1.01,0,0,25,13.1112
1.015,0,0,25,13.1827
1.02,0,0,25,13.2543
1.025,0,0,25,13.3262
1.03,0,0,25,13.3984
1.035,0,0,25,13.4707
1.04,0,0,25,13.5433
1.045,0,0,25,13.6162
1.05,0,0,25,13.6893
1.055,0,0,25,13.7626
1.06,0,0,25,13.8361
1.065,0,0,25,13.9099
1.07,0,0,25,13.9839
1.075,0,0,25,14.0582
1.08,0,0,25,14.1327
1.085,0,0,25,14.2074
1.09,0,0,25,14.2823
1.095,0,0,25,14.3575
1.1,0,0,25,14.4329
1.105,0,0,25,14.5085
1.11,0,0,25,14.5843
1.115,0,0,25,14.6604
1.12,0,0,25,14.7367
1.125,0,0,25,14.8132
1.13,0,0,25,14.8899
1.135,0,0,25,14.9669
1.14,0,0,25,15.0441
1.145,0,0,25,15.1215
1.15,0,0,25,15.1991
1.155,0,0,25,15.2769
1.16,0,0,25,15.355
1.165,0,0,25,15.4332
1.17,0,0,25,15.5117
1.175,0,0,25,15.5904
1.18,0,0,25,15.6693
1.185,0,0,25,15.7484
1.19,0,0,25,15.8278
1.195,0,0,25,15.9073
1.2,0,0,25,15.9871
1.205,0,0,25,16.067
1.21,0,0,25,16.1472
1.215,0,0,25,16.2276
1.22,0,0,25,16.3082
1.225,0,0,25,16.389
1.23,0,0,25,16.47
1.235,0,0,25,16.5512
1.24,0,0,25,16.6326
1.245,0,0,25,16.7142
1.25,0,0,25,16.796
1.255,0,0,25,16.878
1.26,0,0,25,16.9602
1.265,0,0,25,17.0427
1.27,0,0,25,17.1253
1.275,0,0,25,17.2081
1.28,0,0,25,17.2911
1.285,0,0,25,17.3743
1.29,0,0,25,17.4577
1.295,0,0,25,17.5413
1.3,0,0,25,17.6251
1.305,0,0,25,17.7091
1.31,0,0,25,17.7932
1.315,0,0,25,17.8776
1.32,0,0,25,17.9621
1.325,0,0,25,18.0469
1.33,0,0,25,18.1318
1.335,0,0,25,18.2169
1.34,0,0,25,18.3022
1.345,0,0,25,18.3877
1.35,0,0,25,18.4734
1.355,0,0,25,18.5593
1.36,0,0,25,18.6453
1.365,0,0,25,18.7315
1.37,0,0,25,18.8179
1.375,0,0,25,18.9045
1.38,0,0,25,18.9913
1.385,0,0,25,19.0782
1.39,0,0,25,19.1654
1.395,0,0,25,19.2527
1.4,0,0,25,19.3401
1.405,0,0,25,19.4278
1.41,0,0,25,19.5156
1.415,0,0,25,19.6036
1.42,0,0,25,19.6918
1.425,0,0,25,19.7801
1.43,0,0,25,19.8686
1.435,0,0,25,19.9573
1.44,0,0,25,20.0461
1.445,0,0,25,20.1351
1.45,0,0,25,20.2243
1.455,0,0,25,20.3137
1.46,0,0,25,20.4032
1.465,0,0,25,20.4928
1.47,0,0,25,20.5827
1.475,0,0,25,20.6726
1.48,0,0,25,20.7628
1.485,0,0,25,20.8531
1.49,0,0,25,20.9435
1.495,0,0,25,21.0341
1.5,0,0,25,21.1249
1.505,0,0,25,21.2158
1.51,0,0,25,21.3069
1.515,0,0,25,21.3981
1.52,0,0,25,21.4895
1.525,0,0,25,21.581
1.53,0,0,25,21.6727
1.535,0,0,25,21.7645
1.54,0,0,25,21.8564
1.545,0,0,25,21.9485
1.55,0,0,25,22.0407
1.555,0,0,25,22.1331
1.56,0,0,25,22.2256
1.565,0,0,25,22.3183
1.57,0,0,25,22.411
1.575,0,0,25,22.5039
1.58,0,0,25,22.597
1.585,0,0,25,22.6902
1.59,0,0,25,22.7835
1.595,0,0,25,22.8769
1.6,0,0,25,22.9704
1.605,0,0,25,23.0641
1.61,0,0,25,23.1579
1.615,0,0,25,23.2518
1.62,0,0,25,23.3459
1.625,0,0,25,23.44
1.63,0,0,25,23.5343
1.635,0,0,25,23.6287
1.64,0,0,25,23.7232
1.645,0,0,25,23.8178
1.65,0,0,25,23.9125
1.655,0,0,25,24.0073
1.66,0,0,25,24.1022
1.665,0,0,25,24.1972
1.67,0,0,25,24.2924
1.675,0,0,25,24.3876
1.68,0,0,25,24.4829
1.685,0,0,25,24.5783
1.69,0,0,25,24.6738
1.695,0,0,25,24.7693
1.7,0,0,25,24.865
1.705,0,0,25,24.9608
1.71,0,0,25,25.0566
1.715,0,0,25,25.1525
1.72,0,0,25,25.2485
1.725,0,0,25,25.3445
1.73,0,0,25,25.4406
1.735,0,0,25,25.5368
1.74,0,0,25,25.6331
1.745,0,0,25,25.7294
1.75,0,0,25,25.8258
1.755,0,0,25,25.9222
1.76,0,0,25,26.0187
1.765,0,0,25,26.1152
1.77,0,0,25,26.2118
1.775,0,0,25,26.3085
1.78,0,0,25,26.4051
1.785,0,0,25,26.5018
1.79,0,0,25,26.5986
1.795,0,0,25,26.6954
1.8,0,0,25,26.7922
1.805,0,0,25,26.889
1.81,0,0,25,26.9859
1.815,0,0,25,27.0827
1.82,0,0,25,27.1796
1.825,0,0,25,27.2765
1.83,0,0,25,27.3734
1.835,0,0,25,27.4703
1.84,0,0,25,27.5672
1.845,0,0,25,27.6641
1.85,0,0,25,27.761
1.855,0,0,25,27.8579
1.86,0,0,25,27.9548
1.865,0,0,25,28.0516
1.87,0,0,25,28.1484
1.875,0,0,25,28.2452
1.88,0,0,25,28.342
1.885,0,0,25,28.4387
1.89,0,0,25,28.5354
1.895,0,0,25,28.632
1.9,0,0,25,28.7286
1.905,0,0,25,28.8251
1.91,0,0,25,28.9216
1.915,0,0,25,29.018
1.92,0,0,25,29.1143
1.925,0,0,25,29.2105
1.93,0,0,25,29.3067
1.935,0,0,25,29.4027
1.94,0,0,25,29.4987
1.945,0,0,25,29.5946
1.95,0,0,25,29.6904
1.955,0,0,25,29.786
1.96,0,0,25,29.8816
1.965,0,0,25,29.977
1.97,0,0,25,30.0723
1.975,0,0,25,30.1675
1.98,0,0,25,30.2625
1.985,0,0,25,30.3574
1.99,0,0,25,30.4522
1.995,0,0,25,30.5468
2,0,0,25,30.6412
2.005,0,0,25,30.7354
2.01,0,0,25,30.8295
2.015,0,0,25,30.9234
2.02,0,0,25,31.0171
2.025,0,0,25,31.1106
2.03,0,0,25,31.204
2.035,0,0,25,31.2971
2.04,0,0,25,31.3899
2.045,0,0,25,31.4826
2.05,0,0,25,31.575
2.055,0,0,25,31.6672
2.06,0,0,25,31.7592
2.065,0,0,25,31.8509
2.07,0,0,25,31.9423
2.075,0,0,25,32.0335
2.08,0,0,25,32.1244
2.085,0,0,25,32.215
2.09,0,0,25,32.3054
2.095,0,0,25,32.3954
2.1,0,0,25,32.4851
2.105,0,0,25,32.5745
2.11,0,0,25,32.6636
2.115,0,0,25,32.7524
2.12,0,0,25,32.8409
2.125,0,0,25,32.9289
2.13,0,0,25,33.0167
2.135,0,0,25,33.1041
2.14,0,0,25,33.1911
2.145,0,0,25,33.2777
2.15,0,0,25,33.3639
2.155,0,0,25,33.4498
2.16,0,0,25,33.5353
2.165,0,0,25,33.6203
2.17,0,0,25,33.7049
2.175,0,0,25,33.7891
2.18,0,0,25,33.8729
2.185,0,0,25,33.9562
2.19,0,0,25,34.0391
2.195,0,0,25,34.1215
2.2,0,0,25,34.2034
2.205,0,0,25,34.2849
2.21,0,0,25,34.3658
2.215,0,0,25,34.4463
2.22,0,0,25,34.5263
2.225,0,0,25,34.6057
2.23,0,0,25,34.6847
2.235,0,0,25,34.7631
2.24,0,0,25,34.841
2.245,0,0,25,34.9183
2.25,0,0,25,34.9951
2.255,0,0,25,35.0713
2.26,0,0,25,35.1469
2.265,0,0,25,35.222
2.27,0,0,25,35.2965
2.275,0,0,25,35.3703
2.28,0,0,25,35.4436
2.285,0,0,25,35.5163
2.29,0,0,25,35.5883
2.295,0,0,25,35.6597
2.3,0,0,25,35.7305
2.305,0,0,25,35.8007
2.31,0,0,25,35.8701
2.315,0,0,25,35.939
2.32,0,0,25,36.0071
2.325,0,0,25,36.0746
2.33,0,0,25,36.1414
2.335,0,0,25,36.2075
2.34,0,0,25,36.2729
2.345,0,0,25,36.3376
2.35,0,0,25,36.4016
2.355,0,0,25,36.4648
2.36,0,0,25,36.5274
2.365,0,0,25,36.5892
2.37,0,0,25,36.6502
2.375,0,0,25,36.7105
2.38,0,0,25,36.7701
2.385,0,0,25,36.8289
2.39,0,0,25,36.8869
2.395,0,0,25,36.9441
2.4,0,0,25,37.0006
2.405,0,0,25,37.0562
2.41,0,0,25,37.1111
2.415,0,0,25,37.1651
2.42,0,0,25,37.2183
2.425,0,0,25,37.2708
2.43,0,0,25,37.3223
2.435,0,0,25,37.3731
2.44,0,0,25,37.423
2.445,0,0,25,37.472
2.45,0,0,25,37.5202
2.455,0,0,25,37.5675
2.46,0,0,25,37.6139
2.465,0,0,25,37.6594
2.47,0,0,25,37.7041
2.475,0,0,25,37.7478
2.48,0,0,25,37.7906
2.485,0,0,25,37.8325
2.49,0,0,25,37.8734
2.495,0,0,25,37.9133
2.5,0,0,25,37.9523
2.505,0,0,25,37.9903
2.51,0,0,25,38.0273
2.515,0,0,25,38.0632
2.52,0,0,25,38.0981
2.525,0,0,25,38.132
2.53,0,0,25,38.1647
2.535,0,0,25,38.1963
2.54,0,0,25,38.2268
2.545,0,0,25,38.2562
2.55,0,0,25,38.2843
2.555,0,0,25,38.3111
2.56,0,0,25,38.3367
2.565,0,0,25,38.3609
2.57,0,0,25,38.3838
2.575,0,0,25,38.4052
2.58,0,0,25,38.4252
2.585,0,0,25,38.4436
2.59,0,0,25,38.4603
2.595,0,0,25,38.4753
2.6,0,0,25,38.4886
2.605,0,0,25,38.4999
2.61,0,0,25,38.5092
2.615,0,0,25,38.5163
2.62,0,0,25,38.5212
2.625,0,0,25,38.5237
2.63,0,0,25,38.5235
2.635,0,0,25,38.5205
2.64,0,0,25,38.5145
2.645,0,0,25,38.5052
2.65,0,0,25,38.4924
2.655,0,0,25,38.4758
2.66,0,0,25,38.4549
2.665,0,0,25,38.4295
2.67,0,0,25,38.399
2.675,0,0,25,38.363
2.68,0,0,25,38.3208
2.685,0,0,25,38.272
2.69,0,0,25,38.2156
2.695,0,0,25,38.151
2.7,0,0,25,38.0771
2.705,0,0,25,37.993
2.71,0,0,25,37.8972
2.715,0,0,25,37.7885
2.72,0,0,25,37.6652
2.725,0,0,25,37.5255
2.73,0,0,25,37.3672
2.735,0,0,25,37.1878
2.74,0,0,25,36.9846
2.745,0,0,25,36.7542
2.75,0,0,25,36.4929
2.755,0,0,25,36.1963
2.76,0,0,25,35.8592
2.765,0,0,25,35.4757
2.77,0,0,25,35.0391
2.775,0,0,25,34.5414
2.78,0,0,25,33.9734
2.785,0,0,25,33.3245
2.79,0,0,25,32.5827
2.795,0,0,25,31.7341
2.8,0,0,25,30.763
2.805,0,0,25,29.6521
2.81,0,0,25,28.3821
2.815,0,0,25,26.9328
2.82,0,0,25,25.2829
2.825,0,0,25,23.4118
2.83,0,0,25,21.3007
2.835,0,0,25,18.9349
2.84,0,0,25,16.306
2.845,0,0,25,13.4146
2.85,0,0,25,10.2727
2.855,0,0,25,6.90464
2.86,0,0,25,3.34694
2.865,0,0,25,-0.353733
2.87,0,0,25,-4.14459
2.875,0,0,25,-7.97139
2.88,0,0,25,-11.7829
2.885,0,0,25,-15.5344
2.89,0,0,25,-19.1891
2.895,0,0,25,-22.7188
2.9,0,0,25,-26.1031
2.905,0,0,25,-29.3285
2.91,0,0,25,-32.3873
2.915,0,0,25,-35.2762
2.92,0,0,25,-37.9953
2.925,0,0,25,-40.5474
2.93,0,0,25,-42.9372
2.935,0,0,25,-45.1706
2.94,0,0,25,-47.2544
2.945,0,0,25,-49.1959
2.95,0,0,25,-51.0028
2.955,0,0,25,-52.6828
2.96,0,0,25,-54.2435
2.965,0,0,25,-55.6923
2.97,0,0,25,-57.0364
2.975,0,0,25,-58.2827
2.98,0,0,25,-59.4377
2.985,0,0,25,-60.5079
2.99,0,0,25,-61.4989
2.995,0,0,25,-62.4165
3,0,0,25,-63.2658
3.005,0,0,25,-64.0518
3.01,0,0,25,-64.7789
3.015,0,0,25,-65.4514
3.02,0,0,25,-66.0735
3.025,0,0,25,-66.6487
3.03,0,0,25,-67.1805
3.035,0,0,25,-67.6722
3.04,0,0,25,-68.1266
3.045,0,0,25,-68.5467
3.05,0,0,25,-68.9349
3.055,0,0,25,-69.2936
3.06,0,0,25,-69.6252
3.065,0,0,25,-69.9315
3.07,0,0,25,-70.2145
3.075,0,0,25,-70.476
3.08,0,0,25,-70.7175
3.085,0,0,25,-70.9407
3.09,0,0,25,-71.1468
3.095,0,0,25,-71.3372
3.1,0,0,25,-71.5131
3.105,0,0,25,-71.6756
3.11,0,0,25,-71.8256
3.115,0,0,25,-71.9642
3.12,0,0,25,-72.0922
3.125,0,0,25,-72.2104
3.13,0,0,25,-72.3196
3.135,0,0,25,-72.4204
3.14,0,0,25,-72.5135
3.145,0,0,25,-72.5995
3.15,0,0,25,-72.6789
3.155,0,0,25,-72.7523
3.16,0,0,25,-72.82
3.165,0,0,25,-72.8825
3.17,0,0,25,-72.9403
3.175,0,0,25,-72.9936
3.18,0,0,25,-73.0428
3.185,0,0,25,-73.0883
3.19,0,0,25,-73.1303
3.195,0,0,25,-73.1691
3.2,0,0,25,-73.2049
3.205,0,0,25,-73.2379
3.21,0,0,25,-73.2685
3.215,0,0,25,-73.2966
3.22,0,0,25,-73.3227
3.225,0,0,25,-73.3467
3.23,0,0,25,-73.3689
3.235,0,0,25,-73.3894
3.24,0,0,25,-73.4083
3.245,0,0,25,-73.4258
3.25,0,0,25,-73.4419
3.255,0,0,25,-73.4568
3.26,0,0,25,-73.4705
3.265,0,0,25,-73.4832
3.27,0,0,25,-73.495
3.275,0,0,25,-73.5058
3.28,0,0,25,-73.5158
3.285,0,0,25,-73.525
3.29,0,0,25,-73.5335
3.295,0,0,25,-73.5414
3.3,0,0,25,-73.5487
3.305,0,0,25,-73.5554
3.31,0,0,25,-73.5616
3.315,0,0,25,-73.5673
3.32,0,0,25,-73.5726
3.325,0,0,25,-73.5774
3.33,0,0,25,-73.5819
3.335,0,0,25,-73.5861
3.34,0,0,25,-73.5899
3.345,0,0,25,-73.5935
3.35,0,0,25,-73.5967
3.355,0,0,25,-73.5998
3.36,0,0,25,-73.6026
3.365,0,0,25,-73.6051
3.37,0,0,25,-73.6075
3.375,0,0,25,-73.6097
3.38,0,0,25,-73.6117
3.385,0,0,25,-73.6136
3.39,0,0,25,-73.6153
3.395,0,0,25,-73.6169
3.4,0,0,25,-73.6184
3.405,0,0,25,-73.6198
3.41,0,0,25,-73.621
3.415,0,0,25,-73.6222
3.42,0,0,25,-73.6232
3.425,0,0,25,-73.6242
3.43,0,0,25,-73.6251
3.435,0,0,25,-73.626
3.44,0,0,25,-73.6268
3.445,0,0,25,-73.6275
3.45,0,0,25,-73.6281
3.455,0,0,25,-73.6288
3.46,0,0,25,-73.6293
3.465,0,0,25,-73.6298
3.47,0,0,25,-73.6303
3.475,0,0,25,-73.6308
3.48,0,0,25,-73.6312
3.485,0,0,25,-73.6316
3.49,0,0,25,-73.6319
3.495,0,0,25,-73.6322
3.5,0,0,25,-73.6325
3.505,0,0,25,-73.6328
3.51,0,0,25,-73.6331
3.515,0,0,25,-73.6333
3.52,0,0,25,-73.6335
3.525,0,0,25,-73.6337
3.53,0,0,25,-73.6339
3.535,0,0,25,-73.6341
3.54,0,0,25,-73.6342
3.545,0,0,25,-73.6344
3.55,0,0,25,-73.6345
3.555,0,0,25,-73.6346
3.56,0,0,25,-73.6348
3.565,0,0,25,-73.6349
3.57,0,0,25,-73.635
3.575,0,0,25,-73.6351
3.58,0,0,25,-73.6351
3.585,0,0,25,-73.6352
3.59,0,0,25,-73.6353
3.595,0,0,25,-73.6353
3.6,0,0,25,-73.6354
3.605,0,0,25,-73.6355
3.61,0,0,25,-73.6355
3.615,0,0,25,-73.6356
3.62,0,0,25,-73.6356
3.625,0,0,25,-73.6356
3.63,0,0,25,-73.6357
3.635,0,0,25,-73.6357
3.64,0,0,25,-73.6357
3.645,0,0,25,-73.6358
3.65,0,0,25,-73.6358
3.655,0,0,25,-73.6358
3.66,0,0,25,-73.6359
3.665,0,0,25,-73.6359
3.67,0,0,25,-73.6359
3.675,0,0,25,-73.6359
3.68,0,0,25,-73.6359
3.685,0,0,25,-73.6359
3.69,0,0,25,-73.636
3.695,0,0,25,-73.636
3.7,0,0,25,-73.636
3.705,0,0,25,-73.636
3.71,0,0,25,-73.636
3.715,0,0,25,-73.636
3.72,0,0,25,-73.636
3.725,0,0,25,-73.636
3.73,0,0,25,-73.636
3.735,0,0,25,-73.6361
3.74,0,0,25,-73.6361
3.745,0,0,25,-73.6361
3.75,0,0,25,-73.6361
3.755,0,0,25,-73.6361
3.76,0,0,25,-73.6361
3.765,0,0,25,-73.6361
3.77,0,0,25,-73.6361
3.775,0,0,25,-73.6361
3.78,0,0,25,-73.6361
3.785,0,0,25,-73.6361
3.79,0,0,25,-73.6361
3.795,0,0,25,-73.6361
3.8,0,0,25,-73.6361
3.805,0,0,25,-73.6361
3.81,0,0,25,-73.6361
3.815,0,0,25,-73.6361
3.82,0,0,25,-73.6361
3.825,0,0,25,-73.6361
3.83,0,0,25,-73.6361
3.835,0,0,25,-73.6361
3.84,0,0,25,-73.6361
3.845,0,0,25,-73.6361
3.85,0,0,25,-73.6361
3.855,0,0,25,-73.6361
3.86,0,0,25,-73.6361
3.865,0,0,25,-73.6361
3.87,0,0,25,-73.6361
3.875,0,0,25,-73.6361
3.88,0,0,25,-73.6361
3.885,0,0,25,-73.6361
3.89,0,0,25,-73.6361
3.895,0,0,25,-73.6361
3.9,0,0,25,-73.6361
3.905,0,0,25,-73.6361
3.91,0,0,25,-73.6361
3.915,0,0,25,-73.6361
3.92,0,0,25,-73.6361
3.925,0,0,25,-73.6361
3.93,0,0,25,-73.6361
3.935,0,0,25,-73.6361
3.94,0,0,25,-73.6361
3.945,0,0,25,-73.6361
3.95,0,0,25,-73.6361
3.955,0,0,25,-73.6361
3.96,0,0,25,-73.6361
3.965,0,0,25,-73.6361
3.97,0,0,25,-73.6361
3.975,0,0,25,-73.6361
3.98,0,0,25,-73.6361
3.985,0,0,25,-73.6361
3.99,0,0,25,-73.6361
3.995,0,0,25,-73.6361
4,0,0,25,-73.6361
4.005,0,0,25,-73.6361
4.01,0,0,25,-73.6361
4.015,0,0,25,-73.6361
4.02,0,0,25,-73.6361
4.025,0,0,25,-73.6361
4.03,0,0,25,-73.6361
4.035,0,0,25,-73.6361
4.04,0,0,25,-73.6361
4.045,0,0,25,-73.6361
4.05,0,0,25,-73.6361
4.055,0,0,25,-73.6361
4.06,0,0,25,-73.6361
4.065,0,0,25,-73.6361
4.07,0,0,25,-73.6361
4.075,0,0,25,-73.6361
4.08,0,0,25,-73.6361
4.085,0,0,25,-73.6361
4.09,0,0,25,-73.6361
4.095,0,0,25,-73.6361
4.1,0,0,25,-73.6361
4.105,0,0,25,-73.6361
4.11,0,0,25,-73.6361
4.115,0,0,25,-73.6361
4.12,0,0,25,-73.6361
4.125,0,0,25,-73.6361
4.13,0,0,25,-73.6361
4.135,0,0,25,-73.6361
4.14,0,0,25,-73.6361
4.145,0,0,25,-73.6361
4.15,0,0,25,-73.6361
4.155,0,0,25,-73.6361
4.16,0,0,25,-73.6361
4.165,0,0,25,-73.6361
4.17,0,0,25,-73.6361
4.175,0,0,25,-73.6361
4.18,0,0,25,-73.6361
4.185,0,0,25,-73.6361
4.19,0,0,25,-73.6361
4.195,0,0,25,-73.6361
4.2,0,0,25,-73.6361
4.205,0,0,25,-73.6361
4.21,0,0,25,-73.6361
4.215,0,0,25,-73.6361
4.22,0,0,25,-73.6361
4.225,0,0,25,-73.6361
4.23,0,0,25,-73.6361
4.235,0,0,25,-73.6361
4.24,0,0,25,-73.6361
4.245,0,0,25,-73.6361
4.25,0,0,25,-73.6361
4.255,0,0,25,-73.6361
4.26,0,0,25,-73.6361
4.265,0,0,25,-73.6361
4.27,0,0,25,-73.6361
4.275,0,0,25,-73.6361
4.28,0,0,25,-73.6361
4.285,0,0,25,-73.6361
4.29,0,0,25,-73.6361
4.295,0,0,25,-73.6361
4.3,0,0,25,-73.6361
4.305,0,0,25,-73.6361
4.31,0,0,25,-73.6361
4.315,0,0,25,-73.6361
4.32,0,0,25,-73.6361
4.325,0,0,25,-73.6361
4.33,0,0,25,-73.6361
4.335,0,0,25,-73.6361
4.34,0,0,25,-73.6361
4.345,0,0,25,-73.6361
4.35,0,0,25,-73.6361
4.355,0,0,25,-73.6361
4.36,0,0,25,-73.6361
4.365,0,0,25,-73.6361
4.37,0,0,25,-73.6361
4.375,0,0,25,-73.6361
4.38,0,0,25,-73.6361
4.385,0,0,25,-73.6361
4.39,0,0,25,-73.6361
4.395,0,0,25,-73.6361
4.4,0,0,25,-73.6361
4.405,0,0,25,-73.6361
4.41,0,0,25,-73.6361
4.415,0,0,25,-73.6361
4.42,0,0,25,-73.6361
4.425,0,0,25,-73.6361
4.43,0,0,25,-73.6361
4.435,0,0,25,-73.6361
4.44,0,0,25,-73.6361
4.445,0,0,25,-73.6361
4.45,0,0,25,-73.6361
4.455,0,0,25,-73.6361
4.46,0,0,25,-73.6361
4.465,0,0,25,-73.6361
4.47,0,0,25,-73.6361
4.475,0,0,25,-73.6361
4.48,0,0,25,-73.6361
4.485,0,0,25,-73.6361
4.49,0,0,25,-73.6361
4.495,0,0,25,-73.6361
4.5,0,0,25,-73.6361
4.505,0,0,25,-73.6361
4.51,0,0,25,-73.6361
4.515,0,0,25,-73.6361
4.52,0,0,25,-73.6361
4.525,0,0,25,-73.6361
4.53,0,0,25,-73.6361
4.535,0,0,25,-73.6361
4.54,0,0,25,-73.6361
4.545,0,0,25,-73.6361
4.55,0,0,25,-73.6361
4.555,0,0,25,-73.6361
4.56,0,0,25,-73.6361
4.565,0,0,25,-73.6361
4.57,0,0,25,-73.6361
4.575,0,0,25,-73.6361
4.58,0,0,25,-73.6361
4.585,0,0,25,-73.6361
4.59,0,0,25,-73.6361
4.595,0,0,25,-73.6361
4.6,0,0,25,-73.6361
4.605,0,0,25,-73.6361
4.61,0,0,25,-73.6361
4.615,0,0,25,-73.6361
4.62,0,0,25,-73.6361
4.625,0,0,25,-73.6361
4.63,0,0,25,-73.6361
4.635,0,0,25,-73.6361
4.64,0,0,25,-73.6361
4.645,0,0,25,-73.6361
4.65,0,0,25,-73.6361
4.655,0,0,25,-73.6361
4.66,0,0,25,-73.6361
4.665,0,0,25,-73.6361
4.67,0,0,25,-73.6361
4.675,0,0,25,-73.6361
4.68,0,0,25,-73.6361
4.685,0,0,25,-73.6361
4.69,0,0,25,-73.6361
4.695,0,0,25,-73.6361
4.7,0,0,25,-73.6361
4.705,0,0,25,-73.6361
4.71,0,0,25,-73.6361
4.715,0,0,25,-73.6361
4.72,0,0,25,-73.6361
4.725,0,0,25,-73.6361
4.73,0,0,25,-73.6361
4.735,0,0,25,-73.6361
4.74,0,0,25,-73.6361
4.745,0,0,25,-73.6361
4.75,0,0,25,-73.6361
4.755,0,0,25,-73.6361
4.76,0,0,25,-73.6361
4.765,0,0,25,-73.6361
4.77,0,0,25,-73.6361
4.775,0,0,25,-73.6361
4.78,0,0,25,-73.6361
4.785,0,0,25,-73.6361
4.79,0,0,25,-73.6361
4.795,0,0,25,-73.6361
4.8,0,0,25,-73.6361
4.805,0,0,25,-73.6361
4.81,0,0,25,-73.6361
4.815,0,0,25,-73.6361
4.82,0,0,25,-73.6361
4.825,0,0,25,-73.6361
4.83,0,0,25,-73.6361
4.835,0,0,25,-73.6361
4.84,0,0,25,-73.6361
4.845,0,0,25,-73.6361
4.85,0,0,25,-73.6361
4.855,0,0,25,-73.6361
4.86,0,0,25,-73.6361
4.865,0,0,25,-73.6361
4.87,0,0,25,-73.6361
4.875,0,0,25,-73.6361
4.88,0,0,25,-73.6361
4.885,0,0,25,-73.6361
4.89,0,0,25,-73.6361
4.895,0,0,25,-73.6361
4.9,0,0,25,-73.6361
4.905,0,0,25,-73.6361
4.91,0,0,25,-73.6361
4.915,0,0,25,-73.6361
4.92,0,0,25,-73.6361
4.925,0,0,25,-73.6361
4.93,0,0,25,-73.6361
4.935,0,0,25,-73.6361
4.94,0,0,25,-73.6361
4.945,0,0,25,-73.6361
4.95,0,0,25,-73.6361
4.955,0,0,25,-73.6361
4.96,0,0,25,-73.6361
4.965,0,0,25,-73.6361
4.97,0,0,25,-73.6361
4.975,0,0,25,-73.6361
4.98,0,0,25,-73.6361
4.985,0,0,25,-73.6361
4.99,0,0,25,-73.6361
4.995,0,0,25,-73.6361
5,0,0,25,-73.6361
