0,0,0,125,-17.1893
0.025,0,0,125,-17.1855
0.05,0,0,125,-17.1778
0.075,0,0,125,-17.1663
0.1,0,0,125,-17.1511
0.125,0,0,125,-17.1324
0.15,0,0,125,-17.1104
0.175,0,0,125,-17.0855
0.2,0,0,125,-17.058
0.225,0,0,125,-17.0283
0.25,0,0,125,-16.9965
0.275,0,0,125,-16.963
0.3,0,0,125,-16.9278
0.325,0,0,125,-16.8911
0.35,0,0,125,-16.8531
0.375,0,0,125,-16.8139
0.4,0,0,125,-16.7737
0.425,0,0,125,-16.7326
0.45,0,0,125,-16.6906
0.475,0,0,125,-16.6479
0.5,0,0,125,-16.6045
0.525,0,0,125,-16.5606
0.55,0,0,125,-16.5161
0.575,0,0,125,-16.4712
0.6,0,0,125,-16.4259
0.625,0,0,125,-16.3802
0.65,0,0,125,-16.3342
0.675,0,0,125,-16.2879
0.7,0,0,125,-16.2414
0.725,0,0,125,-16.1947
0.75,0,0,125,-16.1477
0.775,0,0,125,-16.1007
0.8,0,0,125,-16.0534
0.825,0,0,125,-16.0061
0.85,0,0,125,-15.9586
0.875,0,0,125,-15.911
0.9,0,0,125,-15.8633
0.925,0,0,125,-15.8155
0.95,0,0,125,-15.7676
0.975,0,0,125,-15.7196
1,0,0,125,-15.6716
1.025,0,0,125,-15.6234
1.05,0,0,125,-15.5752
1.075,0,0,125,-15.5269
1.1,0,0,125,-15.4786
1.125,0,0,125,-15.4301
1.15,0,0,125,-15.3815
1.175,0,0,125,-15.3329
1.2,0,0,125,-15.2841
1.225,0,0,125,-15.2353
1.25,0,0,125,-15.1863
1.275,0,0,125,-15.1372
1.3,0,0,125,-15.088
1.325,0,0,125,-15.0387
1.35,0,0,125,-14.9892
1.375,0,0,125,-14.9396
1.4,0,0,125,-14.8898
1.425,0,0,125,-14.8398
1.45,0,0,125,-14.7897
1.475,0,0,125,-14.7394
1.5,0,0,125,-14.6889
1.525,0,0,125,-14.6381
1.55,0,0,125,-14.5872
1.575,0,0,125,-14.536
1.6,0,0,125,-14.4846
1.625,0,0,125,-14.433
1.65,0,0,125,-14.3811
1.675,0,0,125,-14.3289
1.7,0,0,125,-14.2764
1.725,0,0,125,-14.2237
1.75,0,0,125,-14.1706
1.775,0,0,125,-14.1172
1.8,0,0,125,-14.0635
1.825,0,0,125,-14.0094
1.85,0,0,125,-13.9549
1.875,0,0,125,-13.9001
1.9,0,0,125,-13.8449
1.925,0,0,125,-13.7892
1.95,0,0,125,-13.7332
1.975,0,0,125,-13.6767
2,0,0,125,-13.6198
2.025,0,0,125,-13.5624
2.05,0,0,125,-13.5045
2.075,0,0,125,-13.4461
2.1,0,0,125,-13.3872
2.125,0,0,125,-13.3278
2.15,0,0,125,-13.2678
2.175,0,0,125,-13.2073
2.2,0,0,125,-13.1461
2.225,0,0,125,-13.0844
2.25,0,0,125,-13.022
2.275,0,0,125,-12.959
2.3,0,0,125,-12.8954
2.325,0,0,125,-12.831
2.35,0,0,125,-12.766
2.375,0,0,125,-12.7002
2.4,0,0,125,-12.6337
2.425,0,0,125,-12.5664
2.45,0,0,125,-12.4983
2.475,0,0,125,-12.4294
2.5,0,0,125,-12.3597
2.525,0,0,125,-12.2891
2.55,0,0,125,-12.2176
2.575,0,0,125,-12.1453
2.6,0,0,125,-12.072
2.625,0,0,125,-11.9977
2.65,0,0,125,-11.9224
2.675,0,0,125,-11.8461
2.7,0,0,125,-11.7688
2.725,0,0,125,-11.6903
2.75,0,0,125,-11.6108
2.775,0,0,125,-11.5301
2.8,0,0,125,-11.4482
2.825,0,0,125,-11.3652
2.85,0,0,125,-11.2809
2.875,0,0,125,-11.1953
2.9,0,0,125,-11.1083
2.925,0,0,125,-11.0201
2.95,0,0,125,-10.9304
2.975,0,0,125,-10.8393
3,0,0,125,-10.7466
3.025,0,0,125,-10.6525
3.05,0,0,125,-10.5568
3.075,0,0,125,-10.4595
3.1,0,0,125,-10.3605
3.125,0,0,125,-10.2598
3.15,0,0,125,-10.1574
3.175,0,0,125,-10.0531
3.2,0,0,125,-9.94692
3.225,0,0,125,-9.83883
3.25,0,0,125,-9.72875
3.275,0,0,125,-9.61662
3.3,0,0,125,-9.50238
3.325,0,0,125,-9.38596
3.35,0,0,125,-9.2673
3.375,0,0,125,-9.14633
3.4,0,0,125,-9.02299
3.425,0,0,125,-8.8972
3.45,0,0,125,-8.76888
3.475,0,0,125,-8.63795
3.5,0,0,125,-8.50435
3.525,0,0,125,-8.36798
3.55,0,0,125,-8.22876
3.575,0,0,125,-8.0866
3.6,0,0,125,-7.94141
3.625,0,0,125,-7.79311
3.65,0,0,125,-7.6416
3.675,0,0,125,-7.48677
3.7,0,0,125,-7.32854
3.725,0,0,125,-7.16679
3.75,0,0,125,-7.00144
3.775,0,0,125,-6.83237
3.8,0,0,125,-6.65948
3.825,0,0,125,-6.48268
3.85,0,0,125,-6.30185
3.875,0,0,125,-6.11689
3.9,0,0,125,-5.92771
3.925,0,0,125,-5.7342
3.95,0,0,125,-5.53627
3.975,0,0,125,-5.33383
4,0,0,125,-5.12681
4.025,0,0,125,-4.91513
4.05,0,0,125,-4.69873
4.075,0,0,125,-4.47758
4.1,0,0,125,-4.25162
4.125,0,0,125,-4.02087
4.15,0,0,125,-3.78531
4.175,0,0,125,-3.54499
4.2,0,0,125,-3.29998
4.225,0,0,125,-3.05036
4.25,0,0,125,-2.79627
4.275,0,0,125,-2.53789
4.3,0,0,125,-2.27543
4.325,0,0,125,-2.00918
4.35,0,0,125,-1.73945
4.375,0,0,125,-1.46665
4.4,0,0,125,-1.19122
4.425,0,0,125,-0.913689
4.45,0,0,125,-0.634663
4.475,0,0,125,-0.354818
4.5,0,0,125,-0.0749144
4.525,0,0,125,0.204204
4.55,0,0,125,0.481609
4.575,0,0,125,0.756288
4.6,0,0,125,1.02715
4.625,0,0,125,1.29301
4.65,0,0,125,1.55262
4.675,0,0,125,1.80466
4.7,0,0,125,2.04774
4.725,0,0,125,2.28045
4.75,0,0,125,2.50129
4.775,0,0,125,2.70877
4.8,0,0,125,2.90137
4.825,0,0,125,3.0776
4.85,0,0,125,3.23597
4.875,0,0,125,3.37505
4.9,0,0,125,3.49346
4.925,0,0,125,3.58995
4.95,0,0,125,3.66342
4.975,0,0,125,3.71294
5,0,0,125,3.73787
