0,0,0,25,-7.36832
0.005,0,0,25,-7.36823
0.01,0,0,25,-7.36807
0.015,0,0,25,-7.36782
0.02,0,0,25,-7.36749
0.025,0,0,25,-7.36707
0.03,0,0,25,-7.36658
0.035,0,0,25,-7.36601
0.04,0,0,25,-7.36537
0.045,0,0,25,-7.36465
0.05,0,0,25,-7.36385
0.055,0,0,25,-7.36299
0.06,0,0,25,-7.36205
0.065,0,0,25,-7.36105
0.07,0,0,25,-7.35998
0.075,0,0,25,-7.35885
0.08,0,0,25,-7.35765
0.085,0,0,25,-7.35639
0.09,0,0,25,-7.35506
0.095,0,0,25,-7.35368
0.1,0,0,25,-7.35224
0.105,0,0,25,-7.35074
0.11,0,0,25,-7.34919
0.115,0,0,25,-7.34759
0.12,0,0,25,-7.34593
0.125,0,0,25,-7.34422
0.13,0,0,25,-7.34245
0.135,0,0,25,-7.34065
0.14,0,0,25,-7.33879
0.145,0,0,25,-7.33688
0.15,0,0,25,-7.33493
0.155,0,0,25,-7.33294
0.16,0,0,25,-7.3309
0.165,0,0,25,-7.32883
0.17,0,0,25,-7.32671
0.175,0,0,25,-7.32455
0.18,0,0,25,-7.32235
0.185,0,0,25,-7.32011
0.19,0,0,25,-7.31783
0.195,0,0,25,-7.31552
0.2,0,0,25,-7.31318
0.205,0,0,25,-7.3108
0.21,0,0,25,-7.30839
0.215,0,0,25,-7.30594
0.22,0,0,25,-7.30346
0.225,0,0,25,-7.30095
0.23,0,0,25,-7.29842
0.235,0,0,25,-7.29585
0.24,0,0,25,-7.29325
0.245,0,0,25,-7.29063
0.25,0,0,25,-7.28798
0.255,0,0,25,-7.2853
0.26,0,0,25,-7.28259
0.265,0,0,25,-7.27987
0.27,0,0,25,-7.27711
0.275,0,0,25,-7.27434
0.28,0,0,25,-7.27154
0.285,0,0,25,-7.26872
0.29,0,0,25,-7.26587
0.295,0,0,25,-7.26301
0.3,0,0,25,-7.26012
0.305,0,0,25,-7.25721
0.31,0,0,25,-7.25429
0.315,0,0,25,-7.25134
0.32,0,0,25,-7.24838
0.325,0,0,25,-7.2454
0.33,0,0,25,-7.2424
0.335,0,0,25,-7.23939
0.34,0,0,25,-7.23635
0.345,0,0,25,-7.2333
0.35,0,0,25,-7.23024
0.355,0,0,25,-7.22716
0.36,0,0,25,-7.22407
0.365,0,0,25,-7.22096
0.37,0,0,25,-7.21783
0.375,0,0,25,-7.2147
0.38,0,0,25,-7.21155
0.385,0,0,25,-7.20839
0.39,0,0,25,-7.20521
0.395,0,0,25,-7.20202
0.4,0,0,25,-7.19882
0.405,0,0,25,-7.19561
0.41,0,0,25,-7.19239
0.415,0,0,25,-7.18916
0.42,0,0,25,-7.18592
0.425,0,0,25,-7.18266
0.43,0,0,25,-7.1794
0.435,0,0,25,-7.17613
0.44,0,0,25,-7.17285
0.445,0,0,25,-7.16955
0.45,0,0,25,-7.16625
0.455,0,0,25,-7.16295
0.46,0,0,25,-7.15963
0.465,0,0,25,-7.15631
0.47,0,0,25,-7.15297
0.475,0,0,25,-7.14963
0.48,0,0,25,-7.14629
0.485,0,0,25,-7.14293
0.49,0,0,25,-7.13957
0.495,0,0,25,-7.1362
0.5,0,0,25,-7.13283
0.505,0,0,25,-7.12945
0.51,0,0,25,-7.12606
0.515,0,0,25,-7.12267
0.52,0,0,25,-7.11927
0.525,0,0,25,-7.11587
0.53,0,0,25,-7.11246
0.535,0,0,25,-7.10904
0.54,0,0,25,-7.10562
0.545,0,0,25,-7.1022
0.55,0,0,25,-7.09877
0.555,0,0,25,-7.09534
0.56,0,0,25,-7.0919
0.565,0,0,25,-7.08846
0.57,0,0,25,-7.08501
0.575,0,0,25,-7.08156
0.58,0,0,25,-7.07811
0.585,0,0,25,-7.07465
0.59,0,0,25,-7.07119
0.595,0,0,25,-7.06773
0.6,0,0,25,-7.06426
0.605,0,0,25,-7.06079
0.61,0,0,25,-7.05731
0.615,0,0,25,-7.05384
0.62,0,0,25,-7.05036
0.625,0,0,25,-7.04687
0.63,0,0,25,-7.04339
0.635,0,0,25,-7.0399
0.64,0,0,25,-7.03641
0.645,0,0,25,-7.03292
0.65,0,0,25,-7.02942
0.655,0,0,25,-7.02592
0.66,0,0,25,-7.02242
0.665,0,0,25,-7.01892
0.67,0,0,25,-7.01542
0.675,0,0,25,-7.01191
0.68,0,0,25,-7.0084
0.685,0,0,25,-7.00489
0.69,0,0,25,-7.00138
0.695,0,0,25,-6.99787
0.7,0,0,25,-6.99435
0.705,0,0,25,-6.99084
0.71,0,0,25,-6.98732
0.715,0,0,25,-6.9838
0.72,0,0,25,-6.98028
0.725,0,0,25,-6.97676
0.73,0,0,25,-6.97324
0.735,0,0,25,-6.96971
0.74,0,0,25,-6.96619
0.745,0,0,25,-6.96266
0.75,0,0,25,-6.95913
0.755,0,0,25,-6.95561
0.76,0,0,25,-6.95208
0.765,0,0,25,-6.94855
0.77,0,0,25,-6.94502
0.775,0,0,25,-6.94148
0.78,0,0,25,-6.93795
0.785,0,0,25,-6.93442
0.79,0,0,25,-6.93088
0.795,0,0,25,-6.92735
0.8,0,0,25,-6.92381
0.805,0,0,25,-6.92028
0.81,0,0,25,-6.91674
0.815,0,0,25,-6.9132
0.82,0,0,25,-6.90966
0.825,0,0,25,-6.90613
0.83,0,0,25,-6.90259
0.835,0,0,25,-6.89905
0.84,0,0,25,-6.89551
0.845,0,0,25,-6.89197
0.85,0,0,25,-6.88843
0.855,0,0,25,-6.88489
0.86,0,0,25,-6.88134
0.865,0,0,25,-6.8778
0.87,0,0,25,-6.87426
0.875,0,0,25,-6.87072
0.88,0,0,25,-6.86717
0.885,0,0,25,-6.86363
0.89,0,0,25,-6.86009
0.895,0,0,25,-6.85654
0.9,0,0,25,-6.853
0.905,0,0,25,-6.84946
0.91,0,0,25,-6.84591
0.915,0,0,25,-6.84237
0.92,0,0,25,-6.83882
0.925,0,0,25,-6.83528
0.93,0,0,25,-6.83173
0.935,0,0,25,-6.82819
0.94,0,0,25,-6.82464
0.945,0,0,25,-6.8211
0.95,0,0,25,-6.81755
0.955,0,0,25,-6.81401
0.96,0,0,25,-6.81046
0.965,0,0,25,-6.80691
0.97,0,0,25,-6.80337
0.975,0,0,25,-6.79982
0.98,0,0,25,-6.79627
0.985,0,0,25,-6.79273
0.99,0,0,25,-6.78918
0.995,0,0,25,-6.78564
1,0,0,25,-6.78209
1.005,0,0,25,-6.77854
1.01,0,0,25,-6.775
1.015,0,0,25,-6.77145
1.02,0,0,25,-6.7679
1.025,0,0,25,-6.76435
1.03,0,0,25,-6.76081
1.035,0,0,25,-6.75726
1.04,0,0,25,-6.75371
1.045,0,0,25,-6.75016
1.05,0,0,25,-6.74662
1.055,0,0,25,-6.74307
1.06,0,0,25,-6.73952
1.065,0,0,25,-6.73597
1.07,0,0,25,-6.73243
1.075,0,0,25,-6.72888
1.08,0,0,25,-6.72533
1.085,0,0,25,-6.72178
1.09,0,0,25,-6.71823
1.095,0,0,25,-6.71468
1.1,0,0,25,-6.71114
1.105,0,0,25,-6.70759
1.11,0,0,25,-6.70404
1.115,0,0,25,-6.70049
1.12,0,0,25,-6.69694
1.125,0,0,25,-6.69339
1.13,0,0,25,-6.68984
1.135,0,0,25,-6.68629
1.14,0,0,25,-6.68274
1.145,0,0,25,-6.67919
1.15,0,0,25,-6.67564
1.155,0,0,25,-6.67209
1.16,0,0,25,-6.66854
1.165,0,0,25,-6.66499
1.17,0,0,25,-6.66144
1.175,0,0,25,-6.65789
1.18,0,0,25,-6.65434
1.185,0,0,25,-6.65079
1.19,0,0,25,-6.64724
1.195,0,0,25,-6.64369
1.2,0,0,25,-6.64013
1.205,0,0,25,-6.63658
1.21,0,0,25,-6.63303
1.215,0,0,25,-6.62948
1.22,0,0,25,-6.62593
1.225,0,0,25,-6.62237
1.23,0,0,25,-6.61882
1.235,0,0,25,-6.61527
1.24,0,0,25,-6.61171
1.245,0,0,25,-6.60816
1.25,0,0,25,-6.60461
1.255,0,0,25,-6.60105
1.26,0,0,25,-6.5975
1.265,0,0,25,-6.59394
1.27,0,0,25,-6.59039
1.275,0,0,25,-6.58683
1.28,0,0,25,-6.58327
1.285,0,0,25,-6.57972
1.29,0,0,25,-6.57616
1.295,0,0,25,-6.5726
1.3,0,0,25,-6.56905
1.305,0,0,25,-6.56549
1.31,0,0,25,-6.56193
1.315,0,0,25,-6.55837
1.32,0,0,25,-6.55481
1.325,0,0,25,-6.55126
1.33,0,0,25,-6.5477
1.335,0,0,25,-6.54414
1.34,0,0,25,-6.54058
1.345,0,0,25,-6.53701
1.35,0,0,25,-6.53345
1.355,0,0,25,-6.52989
1.36,0,0,25,-6.52633
1.365,0,0,25,-6.52277
1.37,0,0,25,-6.5192
1.375,0,0,25,-6.51564
1.38,0,0,25,-6.51208
1.385,0,0,25,-6.50851
1.39,0,0,25,-6.50495
1.395,0,0,25,-6.50138
1.4,0,0,25,-6.49782
1.405,0,0,25,-6.49425
1.41,0,0,25,-6.49068
1.415,0,0,25,-6.48711
1.42,0,0,25,-6.48355
1.425,0,0,25,-6.47998
1.43,0,0,25,-6.47641
1.435,0,0,25,-6.47284
1.44,0,0,25,-6.46927
1.445,0,0,25,-6.46569
1.45,0,0,25,-6.46212
1.455,0,0,25,-6.45855
1.46,0,0,25,-6.45498
1.465,0,0,25,-6.4514
1.47,0,0,25,-6.44783
1.475,0,0,25,-6.44425
1.48,0,0,25,-6.44068
1.485,0,0,25,-6.4371
1.49,0,0,25,-6.43352
1.495,0,0,25,-6.42995
1.5,0,0,25,-6.42637
1.505,0,0,25,-6.42279
1.51,0,0,25,-6.41921
1.515,0,0,25,-6.41563
1.52,0,0,25,-6.41205
1.525,0,0,25,-6.40847
1.53,0,0,25,-6.40488
1.535,0,0,25,-6.4013
1.54,0,0,25,-6.39771
1.545,0,0,25,-6.39413
1.55,0,0,25,-6.39054
1.555,0,0,25,-6.38696
1.56,0,0,25,-6.38337
1.565,0,0,25,-6.37978
1.57,0,0,25,-6.37619
1.575,0,0,25,-6.3726
1.58,0,0,25,-6.36901
1.585,0,0,25,-6.36542
1.59,0,0,25,-6.36183
1.595,0,0,25,-6.35823
1.6,0,0,25,-6.35464
1.605,0,0,25,-6.35104
1.61,0,0,25,-6.34745
1.615,0,0,25,-6.34385
1.62,0,0,25,-6.34025
1.625,0,0,25,-6.33665
1.63,0,0,25,-6.33305
1.635,0,0,25,-6.32945
1.64,0,0,25,-6.32585
1.645,0,0,25,-6.32225
1.65,0,0,25,-6.31864
1.655,0,0,25,-6.31504
1.66,0,0,25,-6.31143
1.665,0,0,25,-6.30782
1.67,0,0,25,-6.30422
1.675,0,0,25,-6.30061
1.68,0,0,25,-6.297
1.685,0,0,25,-6.29339
1.69,0,0,25,-6.28977
1.695,0,0,25,-6.28616
1.7,0,0,25,-6.28255
1.705,0,0,25,-6.27893
1.71,0,0,25,-6.27531
1.715,0,0,25,-6.2717
1.72,0,0,25,-6.26808
1.725,0,0,25,-6.26446
1.73,0,0,25,-6.26084
1.735,0,0,25,-6.25721
1.74,0,0,25,-6.25359
1.745,0,0,25,-6.24997
1.75,0,0,25,-6.24634
1.755,0,0,25,-6.24271
1.76,0,0,25,-6.23909
1.765,0,0,25,-6.23546
1.77,0,0,25,-6.23183
1.775,0,0,25,-6.22819
1.78,0,0,25,-6.22456
1.785,0,0,25,-6.22093
1.79,0,0,25,-6.21729
1.795,0,0,25,-6.21365
1.8,0,0,25,-6.21002
1.805,0,0,25,-6.20638
1.81,0,0,25,-6.20274
1.815,0,0,25,-6.19909
1.82,0,0,25,-6.19545
1.825,0,0,25,-6.19181
1.83,0,0,25,-6.18816
1.835,0,0,25,-6.18451
1.84,0,0,25,-6.18086
1.845,0,0,25,-6.17721
1.85,0,0,25,-6.17356
1.855,0,0,25,-6.16991
1.86,0,0,25,-6.16625
1.865,0,0,25,-6.1626
1.87,0,0,25,-6.15894
1.875,0,0,25,-6.15528
1.88,0,0,25,-6.15162
1.885,0,0,25,-6.14796
1.89,0,0,25,-6.1443
1.895,0,0,25,-6.14063
1.9,0,0,25,-6.13697
1.905,0,0,25,-6.1333
1.91,0,0,25,-6.12963
1.915,0,0,25,-6.12596
1.92,0,0,25,-6.12229
1.925,0,0,25,-6.11861
1.93,0,0,25,-6.11494
1.935,0,0,25,-6.11126
1.94,0,0,25,-6.10758
1.945,0,0,25,-6.1039
1.95,0,0,25,-6.10022
1.955,0,0,25,-6.09654
1.96,0,0,25,-6.09285
1.965,0,0,25,-6.08916
1.97,0,0,25,-6.08548
1.975,0,0,25,-6.08179
1.98,0,0,25,-6.07809
1.985,0,0,25,-6.0744
1.99,0,0,25,-6.0707
1.995,0,0,25,-6.06701
2,0,0,25,-6.06331
2.005,0,0,25,-6.05961
2.01,0,0,25,-6.05591
2.015,0,0,25,-6.0522
2.02,0,0,25,-6.0485
2.025,0,0,25,-6.04479
2.03,0,0,25,-6.04108
2.035,0,0,25,-6.03737
2.04,0,0,25,-6.03366
2.045,0,0,25,-6.02994
2.05,0,0,25,-6.02623
2.055,0,0,25,-6.02251
2.06,0,0,25,-6.01879
2.065,0,0,25,-6.01507
2.07,0,0,25,-6.01134
2.075,0,0,25,-6.00762
2.08,0,0,25,-6.00389
2.085,0,0,25,-6.00016
2.09,0,0,25,-5.99643
2.095,0,0,25,-5.99269
2.1,0,0,25,-5.98896
2.105,0,0,25,-5.98522
2.11,0,0,25,-5.98148
2.115,0,0,25,-5.97774
2.12,0,0,25,-5.97399
2.125,0,0,25,-5.97025
2.13,0,0,25,-5.9665
2.135,0,0,25,-5.96275
2.14,0,0,25,-5.959
2.145,0,0,25,-5.95525
2.15,0,0,25,-5.95149
2.155,0,0,25,-5.94773
2.16,0,0,25,-5.94397
2.165,0,0,25,-5.94021
2.17,0,0,25,-5.93644
2.175,0,0,25,-5.93268
2.18,0,0,25,-5.92891
2.185,0,0,25,-5.92514
2.19,0,0,25,-5.92136
2.195,0,0,25,-5.91759
2.2,0,0,25,-5.91381
2.205,0,0,25,-5.91003
2.21,0,0,25,-5.90625
2.215,0,0,25,-5.90246
2.22,0,0,25,-5.89868
2.225,0,0,25,-5.89489
2.23,0,0,25,-5.8911
2.235,0,0,25,-5.8873
2.24,0,0,25,-5.88351
2.245,0,0,25,-5.87971
2.25,0,0,25,-5.87591
2.255,0,0,25,-5.87211
2.26,0,0,25,-5.8683
2.265,0,0,25,-5.86449
2.27,0,0,25,-5.86068
2.275,0,0,25,-5.85687
2.28,0,0,25,-5.85305
2.285,0,0,25,-5.84924
2.29,0,0,25,-5.84542
2.295,0,0,25,-5.84159
2.3,0,0,25,-5.83777
2.305,0,0,25,-5.83394
2.31,0,0,25,-5.83011
2.315,0,0,25,-5.82628
2.32,0,0,25,-5.82244
2.325,0,0,25,-5.8186
2.33,0,0,25,-5.81476
2.335,0,0,25,-5.81092
2.34,0,0,25,-5.80707
2.345,0,0,25,-5.80322
2.35,0,0,25,-5.79937
2.355,0,0,25,-5.79552
2.36,0,0,25,-5.79166
2.365,0,0,25,-5.7878
2.37,0,0,25,-5.78394
2.375,0,0,25,-5.78008
2.38,0,0,25,-5.77621
2.385,0,0,25,-5.77234
2.39,0,0,25,-5.76847
2.395,0,0,25,-5.76459
2.4,0,0,25,-5.76071
2.405,0,0,25,-5.75683
2.41,0,0,25,-5.75295
2.415,0,0,25,-5.74906
2.42,0,0,25,-5.74517
2.425,0,0,25,-5.74128
2.43,0,0,25,-5.73738
2.435,0,0,25,-5.73348
2.44,0,0,25,-5.72958
2.445,0,0,25,-5.72567
2.45,0,0,25,-5.72177
2.455,0,0,25,-5.71786
2.46,0,0,25,-5.71394
2.465,0,0,25,-5.71003
2.47,0,0,25,-5.70611
2.475,0,0,25,-5.70218
2.48,0,0,25,-5.69826
2.485,0,0,25,-5.69433
2.49,0,0,25,-5.6904
2.495,0,0,25,-5.68646
2.5,0,0,25,-5.68252
2.505,0,0,25,-5.67858
2.51,0,0,25,-5.67464
2.515,0,0,25,-5.67069
2.52,0,0,25,-5.66674
2.525,0,0,25,-5.66278
2.53,0,0,25,-5.65883
2.535,0,0,25,-5.65487
2.54,0,0,25,-5.6509
2.545,0,0,25,-5.64693
2.55,0,0,25,-5.64296
2.555,0,0,25,-5.63899
2.56,0,0,25,-5.63501
2.565,0,0,25,-5.63103
2.57,0,0,25,-5.62705
2.575,0,0,25,-5.62306
2.58,0,0,25,-5.61907
2.585,0,0,25,-5.61507
2.59,0,0,25,-5.61108
2.595,0,0,25,-5.60708
2.6,0,0,25,-5.60307
2.605,0,0,25,-5.59906
2.61,0,0,25,-5.59505
2.615,0,0,25,-5.59104
2.62,0,0,25,-5.58702
2.625,0,0,25,-5.58299
2.63,0,0,25,-5.57897
2.635,0,0,25,-5.57494
2.64,0,0,25,-5.5709
2.645,0,0,25,-5.56687
2.65,0,0,25,-5.56283
2.655,0,0,25,-5.55878
2.66,0,0,25,-5.55473
2.665,0,0,25,-5.55068
2.67,0,0,25,-5.54663
2.675,0,0,25,-5.54257
2.68,0,0,25,-5.53851
2.685,0,0,25,-5.53444
2.69,0,0,25,-5.53037
2.695,0,0,25,-5.52629
2.7,0,0,25,-5.52221
2.705,0,0,25,-5.51813
2.71,0,0,25,-5.51405
2.715,0,0,25,-5.50996
2.72,0,0,25,-5.50586
2.725,0,0,25,-5.50176
2.73,0,0,25,-5.49766
2.735,0,0,25,-5.49356
2.74,0,0,25,-5.48945
2.745,0,0,25,-5.48533
2.75,0,0,25,-5.48122
2.755,0,0,25,-5.47709
2.76,0,0,25,-5.47297
2.765,0,0,25,-5.46884
2.77,0,0,25,-5.4647
2.775,0,0,25,-5.46056
2.78,0,0,25,-5.45642
2.785,0,0,25,-5.45227
2.79,0,0,25,-5.44812
2.795,0,0,25,-5.44397
2.8,0,0,25,-5.43981
2.805,0,0,25,-5.43565
2.81,0,0,25,-5.43148
2.815,0,0,25,-5.42731
2.82,0,0,25,-5.42313
2.825,0,0,25,-5.41895
2.83,0,0,25,-5.41476
2.835,0,0,25,-5.41057
2.84,0,0,25,-5.40638
2.845,0,0,25,-5.40218
2.85,0,0,25,-5.39798
2.855,0,0,25,-5.39377
2.86,0,0,25,-5.38956
2.865,0,0,25,-5.38534
2.87,0,0,25,-5.38112
2.875,0,0,25,-5.3769
2.88,0,0,25,-5.37267
2.885,0,0,25,-5.36843
2.89,0,0,25,-5.36419
2.895,0,0,25,-5.35995
2.9,0,0,25,-5.3557
2.905,0,0,25,-5.35145
2.91,0,0,25,-5.34719
2.915,0,0,25,-5.34293
2.92,0,0,25,-5.33866
2.925,0,0,25,-5.33439
2.93,0,0,25,-5.33011
2.935,0,0,25,-5.32583
2.94,0,0,25,-5.32155
2.945,0,0,25,-5.31726
2.95,0,0,25,-5.31296
2.955,0,0,25,-5.30866
2.96,0,0,25,-5.30436
2.965,0,0,25,-5.30005
2.97,0,0,25,-5.29573
2.975,0,0,25,-5.29141
2.98,0,0,25,-5.28709
2.985,0,0,25,-5.28276
2.99,0,0,25,-5.27842
2.995,0,0,25,-5.27408
3,0,0,25,-5.26974
3.005,0,0,25,-5.26539
3.01,0,0,25,-5.26104
3.015,0,0,25,-5.25668
3.02,0,0,25,-5.25231
3.025,0,0,25,-5.24794
3.03,0,0,25,-5.24357
3.035,0,0,25,-5.23919
3.04,0,0,25,-5.2348
3.045,0,0,25,-5.23041
3.05,0,0,25,-5.22602
3.055,0,0,25,-5.22162
3.06,0,0,25,-5.21721
3.065,0,0,25,-5.2128
3.07,0,0,25,-5.20839
3.075,0,0,25,-5.20396
3.08,0,0,25,-5.19954
3.085,0,0,25,-5.19511
3.09,0,0,25,-5.19067
3.095,0,0,25,-5.18623
3.1,0,0,25,-5.18178
3.105,0,0,25,-5.17733
3.11,0,0,25,-5.17287
3.115,0,0,25,-5.1684
3.12,0,0,25,-5.16393
3.125,0,0,25,-5.15946
3.13,0,0,25,-5.15498
3.135,0,0,25,-5.15049
3.14,0,0,25,-5.146
3.145,0,0,25,-5.14151
3.15,0,0,25,-5.13701
3.155,0,0,25,-5.1325
3.16,0,0,25,-5.12799
3.165,0,0,25,-5.12347
3.17,0,0,25,-5.11894
3.175,0,0,25,-5.11441
3.18,0,0,25,-5.10988
3.185,0,0,25,-5.10534
3.19,0,0,25,-5.10079
3.195,0,0,25,-5.09624
3.2,0,0,25,-5.09168
3.205,0,0,25,-5.08712
3.21,0,0,25,-5.08255
3.215,0,0,25,-5.07798
3.22,0,0,25,-5.0734
3.225,0,0,25,-5.06881
3.23,0,0,25,-5.06422
3.235,0,0,25,-5.05962
3.24,0,0,25,-5.05502
3.245,0,0,25,-5.05041
3.25,0,0,25,-5.0458
3.255,0,0,25,-5.04118
3.26,0,0,25,-5.03655
3.265,0,0,25,-5.03192
3.27,0,0,25,-5.02729
3.275,0,0,25,-5.02264
3.28,0,0,25,-5.018
3.285,0,0,25,-5.01334
3.29,0,0,25,-5.00868
3.295,0,0,25,-5.00402
3.3,0,0,25,-4.99934
3.305,0,0,25,-4.99467
3.31,0,0,25,-4.98998
3.315,0,0,25,-4.98529
3.32,0,0,25,-4.9806
3.325,0,0,25,-4.9759
3.33,0,0,25,-4.97119
3.335,0,0,25,-4.96648
3.34,0,0,25,-4.96176
3.345,0,0,25,-4.95704
3.35,0,0,25,-4.95231
3.355,0,0,25,-4.94757
3.36,0,0,25,-4.94283
3.365,0,0,25,-4.93809
3.37,0,0,25,-4.93333
3.375,0,0,25,-4.92857
3.38,0,0,25,-4.92381
3.385,0,0,25,-4.91904
3.39,0,0,25,-4.91426
3.395,0,0,25,-4.90948
3.4,0,0,25,-4.90469
3.405,0,0,25,-4.8999
3.41,0,0,25,-4.8951
3.415,0,0,25,-4.89029
3.42,0,0,25,-4.88548
3.425,0,0,25,-4.88066
3.43,0,0,25,-4.87584
3.435,0,0,25,-4.87101
3.44,0,0,25,-4.86618
3.445,0,0,25,-4.86133
3.45,0,0,25,-4.85649
3.455,0,0,25,-4.85164
3.46,0,0,25,-4.84678
3.465,0,0,25,-4.84191
3.47,0,0,25,-4.83704
3.475,0,0,25,-4.83217
3.48,0,0,25,-4.82729
3.485,0,0,25,-4.8224
3.49,0,0,25,-4.81751
3.495,0,0,25,-4.81261
3.5,0,0,25,-4.80771
3.505,0,0,25,-4.8028
3.51,0,0,25,-4.79788
3.515,0,0,25,-4.79296
3.52,0,0,25,-4.78803
3.525,0,0,25,-4.7831
3.53,0,0,25,-4.77816
3.535,0,0,25,-4.77322
3.54,0,0,25,-4.76827
3.545,0,0,25,-4.76331
3.55,0,0,25,-4.75835
3.555,0,0,25,-4.75339
3.56,0,0,25,-4.74842
3.565,0,0,25,-4.74344
3.57,0,0,25,-4.73846
3.575,0,0,25,-4.73347
3.58,0,0,25,-4.72847
3.585,0,0,25,-4.72347
3.59,0,0,25,-4.71847
3.595,0,0,25,-4.71346
3.6,0,0,25,-4.70845
3.605,0,0,25,-4.70342
3.61,0,0,25,-4.6984
3.615,0,0,25,-4.69337
3.62,0,0,25,-4.68833
3.625,0,0,25,-4.68329
3.63,0,0,25,-4.67824
3.635,0,0,25,-4.67319
3.64,0,0,25,-4.66813
3.645,0,0,25,-4.66307
3.65,0,0,25,-4.658
3.655,0,0,25,-4.65293
3.66,0,0,25,-4.64785
3.665,0,0,25,-4.64277
3.67,0,0,25,-4.63768
3.675,0,0,25,-4.63259
3.68,0,0,25,-4.62749
3.685,0,0,25,-4.62239
3.69,0,0,25,-4.61729
3.695,0,0,25,-4.61217
3.7,0,0,25,-4.60706
3.705,0,0,25,-4.60194
3.71,0,0,25,-4.59681
3.715,0,0,25,-4.59168
3.72,0,0,25,-4.58655
3.725,0,0,25,-4.58141
3.73,0,0,25,-4.57626
3.735,0,0,25,-4.57111
3.74,0,0,25,-4.56596
3.745,0,0,25,-4.56081
3.75,0,0,25,-4.55564
3.755,0,0,25,-4.55048
3.76,0,0,25,-4.54531
3.765,0,0,25,-4.54013
3.77,0,0,25,-4.53496
3.775,0,0,25,-4.52978
3.78,0,0,25,-4.52459
3.785,0,0,25,-4.5194
3.79,0,0,25,-4.51421
3.795,0,0,25,-4.50901
3.8,0,0,25,-4.50381
3.805,0,0,25,-4.4986
3.81,0,0,25,-4.49339
3.815,0,0,25,-4.48818
3.82,0,0,25,-4.48297
3.825,0,0,25,-4.47775
3.83,0,0,25,-4.47252
3.835,0,0,25,-4.4673
3.84,0,0,25,-4.46207
3.845,0,0,25,-4.45684
3.85,0,0,25,-4.4516
3.855,0,0,25,-4.44636
3.86,0,0,25,-4.44112
3.865,0,0,25,-4.43588
3.87,0,0,25,-4.43063
3.875,0,0,25,-4.42538
3.88,0,0,25,-4.42013
3.885,0,0,25,-4.41487
3.89,0,0,25,-4.40961
3.895,0,0,25,-4.40435
3.9,0,0,25,-4.39909
3.905,0,0,25,-4.39383
3.91,0,0,25,-4.38856
3.915,0,0,25,-4.38329
3.92,0,0,25,-4.37802
3.925,0,0,25,-4.37274
3.93,0,0,25,-4.36747
3.935,0,0,25,-4.36219
3.94,0,0,25,-4.35691
3.945,0,0,25,-4.35163
3.95,0,0,25,-4.34635
3.955,0,0,25,-4.34106
3.96,0,0,25,-4.33578
3.965,0,0,25,-4.33049
3.97,0,0,25,-4.32521
3.975,0,0,25,-4.31992
3.98,0,0,25,-4.31463
3.985,0,0,25,-4.30934
3.99,0,0,25,-4.30404
3.995,0,0,25,-4.29875
4,0,0,25,-4.29346
4.005,0,0,25,-4.28817
4.01,0,0,25,-4.28287
4.015,0,0,25,-4.27758
4.02,0,0,25,-4.27228
4.025,0,0,25,-4.26699
4.03,0,0,25,-4.2617
4.035,0,0,25,-4.2564
4.04,0,0,25,-4.25111
4.045,0,0,25,-4.24581
4.05,0,0,25,-4.24052
4.055,0,0,25,-4.23523
4.06,0,0,25,-4.22994
4.065,0,0,25,-4.22465
4.07,0,0,25,-4.21936
4.075,0,0,25,-4.21407
4.08,0,0,25,-4.20878
4.085,0,0,25,-4.20349
4.09,0,0,25,-4.19821
4.095,0,0,25,-4.19292
4.1,0,0,25,-4.18764
4.105,0,0,25,-4.18236
4.11,0,0,25,-4.17708
4.115,0,0,25,-4.17181
4.12,0,0,25,-4.16653
4.125,0,0,25,-4.16126
4.13,0,0,25,-4.15599
4.135,0,0,25,-4.15072
4.14,0,0,25,-4.14546
4.145,0,0,25,-4.1402
4.15,0,0,25,-4.13494
4.155,0,0,25,-4.12968
4.16,0,0,25,-4.12443
4.165,0,0,25,-4.11918
4.17,0,0,25,-4.11394
4.175,0,0,25,-4.1087
4.18,0,0,25,-4.10346
4.185,0,0,25,-4.09822
4.19,0,0,25,-4.09299
4.195,0,0,25,-4.08777
4.2,0,0,25,-4.08255
4.205,0,0,25,-4.07733
4.21,0,0,25,-4.07212
4.215,0,0,25,-4.06691
4.22,0,0,25,-4.06171
4.225,0,0,25,-4.05652
4.23,0,0,25,-4.05133
4.235,0,0,25,-4.04614
4.24,0,0,25,-4.04096
4.245,0,0,25,-4.03579
4.25,0,0,25,-4.03062
4.255,0,0,25,-4.02546
4.26,0,0,25,-4.0203
4.265,0,0,25,-4.01516
4.27,0,0,25,-4.01002
4.275,0,0,25,-4.00488
4.28,0,0,25,-3.99975
4.285,0,0,25,-3.99463
4.29,0,0,25,-3.98952
4.295,0,0,25,-3.98442
4.3,0,0,25,-3.97932
4.305,0,0,25,-3.97423
4.31,0,0,25,-3.96915
4.315,0,0,25,-3.96408
4.32,0,0,25,-3.95901
4.325,0,0,25,-3.95396
4.33,0,0,25,-3.94891
4.335,0,0,25,-3.94388
4.34,0,0,25,-3.93885
4.345,0,0,25,-3.93383
4.35,0,0,25,-3.92883
4.355,0,0,25,-3.92383
4.36,0,0,25,-3.91884
4.365,0,0,25,-3.91386
4.37,0,0,25,-3.9089
4.375,0,0,25,-3.90394
4.38,0,0,25,-3.899
4.385,0,0,25,-3.89407
4.39,0,0,25,-3.88915
4.395,0,0,25,-3.88424
4.4,0,0,25,-3.87934
4.405,0,0,25,-3.87446
4.41,0,0,25,-3.86959
4.415,0,0,25,-3.86473
4.42,0,0,25,-3.85989
4.425,0,0,25,-3.85505
4.43,0,0,25,-3.85024
4.435,0,0,25,-3.84543
4.44,0,0,25,-3.84064
4.445,0,0,25,-3.83587
4.45,0,0,25,-3.8311
4.455,0,0,25,-3.82636
4.46,0,0,25,-3.82163
4.465,0,0,25,-3.81691
4.47,0,0,25,-3.81221
4.475,0,0,25,-3.80753
4.48,0,0,25,-3.80286
4.485,0,0,25,-3.79821
4.49,0,0,25,-3.79358
4.495,0,0,25,-3.78896
4.5,0,0,25,-3.78436
4.505,0,0,25,-3.77978
4.51,0,0,25,-3.77522
4.515,0,0,25,-3.77067
4.52,0,0,25,-3.76615
4.525,0,0,25,-3.76164
4.53,0,0,25,-3.75716
4.535,0,0,25,-3.75269
4.54,0,0,25,-3.74824
4.545,0,0,25,-3.74382
4.55,0,0,25,-3.73941
4.555,0,0,25,-3.73503
4.56,0,0,25,-3.73067
4.565,0,0,25,-3.72633
4.57,0,0,25,-3.72201
4.575,0,0,25,-3.71771
4.58,0,0,25,-3.71344
4.585,0,0,25,-3.70919
4.59,0,0,25,-3.70497
4.595,0,0,25,-3.70077
4.6,0,0,25,-3.69659
4.605,0,0,25,-3.69244
4.61,0,0,25,-3.68832
4.615,0,0,25,-3.68422
4.62,0,0,25,-3.68015
4.625,0,0,25,-3.6761
4.63,0,0,25,-3.67208
4.635,0,0,25,-3.66809
4.64,0,0,25,-3.66413
4.645,0,0,25,-3.6602
4.65,0,0,25,-3.6563
4.655,0,0,25,-3.65242
4.66,0,0,25,-3.64858
4.665,0,0,25,-3.64477
4.67,0,0,25,-3.64099
4.675,0,0,25,-3.63724
4.68,0,0,25,-3.63352
4.685,0,0,25,-3.62984
4.69,0,0,25,-3.62619
4.695,0,0,25,-3.62257
4.7,0,0,25,-3.61899
4.705,0,0,25,-3.61545
4.71,0,0,25,-3.61194
4.715,0,0,25,-3.60847
4.72,0,0,25,-3.60503
4.725,0,0,25,-3.60163
4.73,0,0,25,-3.59827
4.735,0,0,25,-3.59495
4.74,0,0,25,-3.59167
4.745,0,0,25,-3.58843
4.75,0,0,25,-3.58524
4.755,0,0,25,-3.58208
4.76,0,0,25,-3.57897
4.765,0,0,25,-3.5759
4.77,0,0,25,-3.57287
4.775,0,0,25,-3.56989
4.78,0,0,25,-3.56695
4.785,0,0,25,-3.56406
4.79,0,0,25,-3.56122
4.795,0,0,25,-3.55843
4.8,0,0,25,-3.55569
4.805,0,0,25,-3.55299
4.81,0,0,25,-3.55035
4.815,0,0,25,-3.54776
4.82,0,0,25,-3.54522
4.825,0,0,25,-3.54273
4.83,0,0,25,-3.5403
4.835,0,0,25,-3.53792
4.84,0,0,25,-3.5356
4.845,0,0,25,-3.53334
4.85,0,0,25,-3.53113
4.855,0,0,25,-3.52898
4.86,0,0,25,-3.5269
4.865,0,0,25,-3.52487
4.87,0,0,25,-3.5229
4.875,0,0,25,-3.521
4.88,0,0,25,-3.51916
4.885,0,0,25,-3.51739
4.89,0,0,25,-3.51568
4.895,0,0,25,-3.51404
4.9,0,0,25,-3.51247
4.905,0,0,25,-3.51096
4.91,0,0,25,-3.50952
4.915,0,0,25,-3.50815
4.92,0,0,25,-3.50686
4.925,0,0,25,-3.50563
4.93,0,0,25,-3.50448
4.935,0,0,25,-3.5034
4.94,0,0,25,-3.5024
4.945,0,0,25,-3.50147
4.95,0,0,25,-3.50061
4.955,0,0,25,-3.49983
4.96,0,0,25,-3.49913
4.965,0,0,25,-3.4985
4.97,0,0,25,-3.49795
4.975,0,0,25,-3.49748
4.98,0,0,25,-3.49709
4.985,0,0,25,-3.49677
4.99,0,0,25,-3.49654
4.995,0,0,25,-3.49638
5,0,0,25,-3.4963
