0,0,0,125,26.5577
0.025,0,0,125,26.6131
0.05,0,0,125,26.7241
0.075,0,0,125,26.8905
0.1,0,0,125,27.1123
0.125,0,0,125,27.3883
0.15,0,0,125,27.7162
0.175,0,0,125,28.0904
0.2,0,0,125,28.5059
0.225,0,0,125,28.9571
0.25,0,0,125,29.4386
0.275,0,0,125,29.9447
0.3,0,0,125,30.4699
0.325,0,0,125,31.0086
0.35,0,0,125,31.5554
0.375,0,0,125,32.1049
0.4,0,0,125,32.6523
0.425,0,0,125,33.1927
0.45,0,0,125,33.7219
0.475,0,0,125,34.2359
0.5,0,0,125,34.7311
0.525,0,0,125,35.2041
0.55,0,0,125,35.6523
0.575,0,0,125,36.0733
0.6,0,0,125,36.4647
0.625,0,0,125,36.8249
0.65,0,0,125,37.1519
0.675,0,0,125,37.4439
0.7,0,0,125,37.6982
0.725,0,0,125,37.9111
0.75,0,0,125,38.0768
0.775,0,0,125,38.1847
0.8,0,0,125,38.2166
0.825,0,0,125,38.1391
0.85,0,0,125,37.8893
0.875,0,0,125,37.3454
0.9,0,0,125,36.2607
0.925,0,0,125,34.1173
0.95,0,0,125,29.8051
0.975,0,0,125,21.103
1,0,0,125,5.20441
1.025,0,0,125,-15.6331
1.05,0,0,125,-34.2055
1.075,0,0,125,-48.1379
1.1,0,0,125,-57.9871
1.125,0,0,125,-64.7967
1.15,0,0,125,-69.4588
1.175,0,0,125,-72.6338
1.2,0,0,125,-74.7886
1.225,0,0,125,-76.2467
1.25,0,0,125,-77.2302
1.275,0,0,125,-77.891
1.3,0,0,125,-78.3326
1.325,0,0,125,-78.6252
1.35,0,0,125,-78.8166
1.375,0,0,125,-78.9394
1.4,0,0,125,-79.0154
1.425,0,0,125,-79.0596
1.45,0,0,125,-79.0822
1.475,0,0,125,-79.0899
1.5,0,0,125,-79.0874
1.525,0,0,125,-79.0779
1.55,0,0,125,-79.0635
1.575,0,0,125,-79.0457
1.6,0,0,125,-79.0254
1.625,0,0,125,-79.0033
1.65,0,0,125,-78.9798
1.675,0,0,125,-78.9553
1.7,0,0,125,-78.9299
1.725,0,0,125,-78.9039
1.75,0,0,125,-78.8772
1.775,0,0,125,-78.85
1.8,0,0,125,-78.8223
1.825,0,0,125,-78.7942
1.85,0,0,125,-78.7656
1.875,0,0,125,-78.7365
1.9,0,0,125,-78.7071
1.925,0,0,125,-78.6772
1.95,0,0,125,-78.6469
1.975,0,0,125,-78.6162
2,0,0,125,-78.585
2.025,0,0,125,-78.5535
2.05,0,0,125,-78.5215
2.075,0,0,125,-78.4892
2.1,0,0,125,-78.4564
2.125,0,0,125,-78.4233
2.15,0,0,125,-78.3898
2.175,0,0,125,-78.3559
2.2,0,0,125,-78.3216
2.225,0,0,125,-78.287
2.25,0,0,125,-78.2519
2.275,0,0,125,-78.2165
2.3,0,0,125,-78.1808
2.325,0,0,125,-78.1446
2.35,0,0,125,-78.1081
2.375,0,0,125,-78.0713
2.4,0,0,125,-78.0341
2.425,0,0,125,-77.9966
2.45,0,0,125,-77.9587
2.475,0,0,125,-77.9206
2.5,0,0,125,-77.8821
2.525,0,0,125,-77.8433
2.55,0,0,125,-77.8042
2.575,0,0,125,-77.7648
2.6,0,0,125,-77.7251
2.625,0,0,125,-77.6852
2.65,0,0,125,-77.645
2.675,0,0,125,-77.6045
2.7,0,0,125,-77.5637
2.725,0,0,125,-77.5227
2.75,0,0,125,-77.4815
2.775,0,0,125,-77.4401
2.8,0,0,125,-77.3985
2.825,0,0,125,-77.3566
2.85,0,0,125,-77.3146
2.875,0,0,125,-77.2723
2.9,0,0,125,-77.2299
2.925,0,0,125,-77.1874
2.95,0,0,125,-77.1446
2.975,0,0,125,-77.1018
3,0,0,125,-77.0588
3.025,0,0,125,-77.0158
3.05,0,0,125,-76.9726
3.075,0,0,125,-76.9294
3.1,0,0,125,-76.886
3.125,0,0,125,-76.8426
3.15,0,0,125,-76.7992
3.175,0,0,125,-76.7558
3.2,0,0,125,-76.7123
3.225,0,0,125,-76.6689
3.25,0,0,125,-76.6254
3.275,0,0,125,-76.582
3.3,0,0,125,-76.5387
3.325,0,0,125,-76.4954
3.35,0,0,125,-76.4522
3.375,0,0,125,-76.409
3.4,0,0,125,-76.366
3.425,0,0,125,-76.3231
3.45,0,0,125,-76.2803
3.475,0,0,125,-76.2377
3.5,0,0,125,-76.1953
3.525,0,0,125,-76.153
3.55,0,0,125,-76.111
3.575,0,0,125,-76.0692
3.6,0,0,125,-76.0276
3.625,0,0,125,-75.9863
3.65,0,0,125,-75.9452
3.675,0,0,125,-75.9045
3.7,0,0,125,-75.864
3.725,0,0,125,-75.8239
3.75,0,0,125,-75.7841
3.775,0,0,125,-75.7446
3.8,0,0,125,-75.7056
3.825,0,0,125,-75.6669
3.85,0,0,125,-75.6286
3.875,0,0,125,-75.5908
3.9,0,0,125,-75.5533
3.925,0,0,125,-75.5164
3.95,0,0,125,-75.4799
3.975,0,0,125,-75.4439
4,0,0,125,-75.4084
4.025,0,0,125,-75.3734
4.05,0,0,125,-75.339
4.075,0,0,125,-75.3051
4.1,0,0,125,-75.2718
4.125,0,0,125,-75.2391
4.15,0,0,125,-75.2069
4.175,0,0,125,-75.1754
4.2,0,0,125,-75.1445
4.225,0,0,125,-75.1143
4.25,0,0,125,-75.0848
4.275,0,0,125,-75.0559
4.3,0,0,125,-75.0277
4.325,0,0,125,-75.0002
4.35,0,0,125,-74.9735
4.375,0,0,125,-74.9475
4.4,0,0,125,-74.9223
4.425,0,0,125,-74.8978
4.45,0,0,125,-74.8741
4.475,0,0,125,-74.8513
4.5,0,0,125,-74.8292
4.525,0,0,125,-74.808
4.55,0,0,125,-74.7877
4.575,0,0,125,-74.7682
4.6,0,0,125,-74.7497
4.625,0,0,125,-74.732
4.65,0,0,125,-74.7153
4.675,0,0,125,-74.6995
4.7,0,0,125,-74.6847
4.725,0,0,125,-74.6709
4.75,0,0,125,-74.6581
4.775,0,0,125,-74.6463
4.8,0,0,125,-74.6356
4.825,0,0,125,-74.626
4.85,0,0,125,-74.6175
4.875,0,0,125,-74.6102
4.9,0,0,125,-74.604
4.925,0,0,125,-74.599
4.95,0,0,125,-74.5952
4.975,0,0,125,-74.5927
5,0,0,125,-74.5914
