0,0,0,125,-19.172
0.025,0,0,125,-19.1698
0.05,0,0,125,-19.1654
0.075,0,0,125,-19.1588
0.1,0,0,125,-19.1501
0.125,0,0,125,-19.1393
0.15,0,0,125,-19.1266
0.175,0,0,125,-19.1122
0.2,0,0,125,-19.0963
0.225,0,0,125,-19.0789
0.25,0,0,125,-19.0603
0.275,0,0,125,-19.0405
0.3,0,0,125,-19.0196
0.325,0,0,125,-18.9978
0.35,0,0,125,-18.9751
0.375,0,0,125,-18.9515
0.4,0,0,125,-18.9272
0.425,0,0,125,-18.9023
0.45,0,0,125,-18.8767
0.475,0,0,125,-18.8505
0.5,0,0,125,-18.8239
0.525,0,0,125,-18.7967
0.55,0,0,125,-18.7692
0.575,0,0,125,-18.7413
0.6,0,0,125,-18.713
0.625,0,0,125,-18.6844
0.65,0,0,125,-18.6556
0.675,0,0,125,-18.6265
0.7,0,0,125,-18.5972
0.725,0,0,125,-18.5677
0.75,0,0,125,-18.538
0.775,0,0,125,-18.5082
0.8,0,0,125,-18.4782
0.825,0,0,125,-18.4481
0.85,0,0,125,-18.418
0.875,0,0,125,-18.3877
0.9,0,0,125,-18.3574
0.925,0,0,125,-18.327
0.95,0,0,125,-18.2966
0.975,0,0,125,-18.2662
1,0,0,125,-18.2357
1.025,0,0,125,-18.2052
1.05,0,0,125,-18.1747
1.075,0,0,125,-18.1443
1.1,0,0,125,-18.1138
1.125,0,0,125,-18.0834
1.15,0,0,125,-18.053
1.175,0,0,125,-18.0226
1.2,0,0,125,-17.9922
1.225,0,0,125,-17.9619
1.25,0,0,125,-17.9317
1.275,0,0,125,-17.9015
1.3,0,0,125,-17.8713
1.325,0,0,125,-17.8412
1.35,0,0,125,-17.8112
1.375,0,0,125,-17.7812
1.4,0,0,125,-17.7513
1.425,0,0,125,-17.7214
1.45,0,0,125,-17.6916
1.475,0,0,125,-17.6619
1.5,0,0,125,-17.6323
1.525,0,0,125,-17.6027
1.55,0,0,125,-17.5732
1.575,0,0,125,-17.5438
1.6,0,0,125,-17.5144
1.625,0,0,125,-17.4851
1.65,0,0,125,-17.4559
1.675,0,0,125,-17.4267
1.7,0,0,125,-17.3977
1.725,0,0,125,-17.3687
1.75,0,0,125,-17.3398
1.775,0,0,125,-17.3109
1.8,0,0,125,-17.2822
1.825,0,0,125,-17.2535
1.85,0,0,125,-17.2249
1.875,0,0,125,-17.1964
1.9,0,0,125,-17.168
1.925,0,0,125,-17.1396
1.95,0,0,125,-17.1113
1.975,0,0,125,-17.0831
2,0,0,125,-17.055
2.025,0,0,125,-17.0269
2.05,0,0,125,-16.999
2.075,0,0,125,-16.9711
2.1,0,0,125,-16.9433
2.125,0,0,125,-16.9155
2.15,0,0,125,-16.8878
2.175,0,0,125,-16.8602
2.2,0,0,125,-16.8327
2.225,0,0,125,-16.8053
2.25,0,0,125,-16.7779
2.275,0,0,125,-16.7506
2.3,0,0,125,-16.7233
2.325,0,0,125,-16.6962
2.35,0,0,125,-16.6691
2.375,0,0,125,-16.6421
2.4,0,0,125,-16.6151
2.425,0,0,125,-16.5882
2.45,0,0,125,-16.5614
2.475,0,0,125,-16.5347
2.5,0,0,125,-16.508
2.525,0,0,125,-16.4814
2.55,0,0,125,-16.4548
2.575,0,0,125,-16.4284
2.6,0,0,125,-16.402
2.625,0,0,125,-16.3757
2.65,0,0,125,-16.3494
2.675,0,0,125,-16.3232
2.7,0,0,125,-16.2971
2.725,0,0,125,-16.271
2.75,0,0,125,-16.245
2.775,0,0,125,-16.219
2.8,0,0,125,-16.1932
2.825,0,0,125,-16.1673
2.85,0,0,125,-16.1416
2.875,0,0,125,-16.1159
2.9,0,0,125,-16.0902
2.925,0,0,125,-16.0647
2.95,0,0,125,-16.0391
2.975,0,0,125,-16.0137
3,0,0,125,-15.9883
3.025,0,0,125,-15.9629
3.05,0,0,125,-15.9376
3.075,0,0,125,-15.9124
3.1,0,0,125,-15.8873
3.125,0,0,125,-15.8621
3.15,0,0,125,-15.8371
3.175,0,0,125,-15.8121
3.2,0,0,125,-15.7871
3.225,0,0,125,-15.7623
3.25,0,0,125,-15.7374
3.275,0,0,125,-15.7126
3.3,0,0,125,-15.6879
3.325,0,0,125,-15.6632
3.35,0,0,125,-15.6386
3.375,0,0,125,-15.614
3.4,0,0,125,-15.5895
3.425,0,0,125,-15.5651
3.45,0,0,125,-15.5407
3.475,0,0,125,-15.5163
3.5,0,0,125,-15.492
3.525,0,0,125,-15.4677
3.55,0,0,125,-15.4435
3.575,0,0,125,-15.4194
3.6,0,0,125,-15.3952
3.625,0,0,125,-15.3712
3.65,0,0,125,-15.3472
3.675,0,0,125,-15.3232
3.7,0,0,125,-15.2993
3.725,0,0,125,-15.2754
3.75,0,0,125,-15.2516
3.775,0,0,125,-15.2279
3.8,0,0,125,-15.2041
3.825,0,0,125,-15.1805
3.85,0,0,125,-15.1569
3.875,0,0,125,-15.1333
3.9,0,0,125,-15.1098
3.925,0,0,125,-15.0864
3.95,0,0,125,-15.063
3.975,0,0,125,-15.0397
4,0,0,125,-15.0164
4.025,0,0,125,-14.9932
4.05,0,0,125,-14.9701
4.075,0,0,125,-14.9471
4.1,0,0,125,-14.9241
4.125,0,0,125,-14.9012
4.15,0,0,125,-14.8784
4.175,0,0,125,-14.8556
4.2,0,0,125,-14.833
4.225,0,0,125,-14.8105
4.25,0,0,125,-14.7881
4.275,0,0,125,-14.7658
4.3,0,0,125,-14.7436
4.325,0,0,125,-14.7216
4.35,0,0,125,-14.6997
4.375,0,0,125,-14.678
4.4,0,0,125,-14.6565
4.425,0,0,125,-14.6352
4.45,0,0,125,-14.6141
4.475,0,0,125,-14.5933
4.5,0,0,125,-14.5727
4.525,0,0,125,-14.5525
4.55,0,0,125,-14.5326
4.575,0,0,125,-14.513
4.6,0,0,125,-14.4939
4.625,0,0,125,-14.4753
4.65,0,0,125,-14.4571
4.675,0,0,125,-14.4395
4.7,0,0,125,-14.4226
4.725,0,0,125,-14.4064
4.75,0,0,125,-14.3909
4.775,0,0,125,-14.3763
4.8,0,0,125,-14.3627
4.825,0,0,125,-14.3501
4.85,0,0,125,-14.3387
4.875,0,0,125,-14.3286
4.9,0,0,125,-14.32
4.925,0,0,125,-14.3128
4.95,0,0,125,-14.3074
4.975,0,0,125,-14.3037
5,0,0,125,-14.3018
