0,0,0,125,-16.4759
0.025,0,0,125,-16.4739
0.05,0,0,125,-16.4699
0.075,0,0,125,-16.4639
0.1,0,0,125,-16.4559
0.125,0,0,125,-16.4462
0.15,0,0,125,-16.4346
0.175,0,0,125,-16.4216
0.2,0,0,125,-16.4073
0.225,0,0,125,-16.3918
0.25,0,0,125,-16.3752
0.275,0,0,125,-16.3576
0.3,0,0,125,-16.3392
0.325,0,0,125,-16.32
0.35,0,0,125,-16.3001
0.375,0,0,125,-16.2796
0.4,0,0,125,-16.2585
0.425,0,0,125,-16.2369
0.45,0,0,125,-16.2149
0.475,0,0,125,-16.1924
0.5,0,0,125,-16.1696
0.525,0,0,125,-16.1465
0.55,0,0,125,-16.1231
0.575,0,0,125,-16.0995
0.6,0,0,125,-16.0756
0.625,0,0,125,-16.0515
0.65,0,0,125,-16.0273
0.675,0,0,125,-16.0029
0.7,0,0,125,-15.9784
0.725,0,0,125,-15.9538
0.75,0,0,125,-15.9291
0.775,0,0,125,-15.9044
0.8,0,0,125,-15.8795
0.825,0,0,125,-15.8546
0.85,0,0,125,-15.8297
0.875,0,0,125,-15.8048
0.9,0,0,125,-15.7798
0.925,0,0,125,-15.7548
0.95,0,0,125,-15.7298
0.975,0,0,125,-15.7048
1,0,0,125,-15.6798
1.025,0,0,125,-15.6549
1.05,0,0,125,-15.6299
1.075,0,0,125,-15.605
1.1,0,0,125,-15.5801
1.125,0,0,125,-15.5552
1.15,0,0,125,-15.5304
1.175,0,0,125,-15.5056
1.2,0,0,125,-15.4808
1.225,0,0,125,-15.4561
1.25,0,0,125,-15.4314
1.275,0,0,125,-15.4067
1.3,0,0,125,-15.3821
1.325,0,0,125,-15.3575
1.35,0,0,125,-15.333
1.375,0,0,125,-15.3085
1.4,0,0,125,-15.2841
1.425,0,0,125,-15.2597
1.45,0,0,125,-15.2354
1.475,0,0,125,-15.2111
1.5,0,0,125,-15.1868
1.525,0,0,125,-15.1627
1.55,0,0,125,-15.1385
1.575,0,0,125,-15.1144
1.6,0,0,125,-15.0904
1.625,0,0,125,-15.0664
1.65,0,0,125,-15.0424
1.675,0,0,125,-15.0185
1.7,0,0,125,-14.9947
1.725,0,0,125,-14.9709
1.75,0,0,125,-14.9471
1.775,0,0,125,-14.9234
1.8,0,0,125,-14.8997
1.825,0,0,125,-14.8761
1.85,0,0,125,-14.8525
1.875,0,0,125,-14.829
1.9,0,0,125,-14.8055
1.925,0,0,125,-14.7821
1.95,0,0,125,-14.7587
1.975,0,0,125,-14.7354
2,0,0,125,-14.7121
2.025,0,0,125,-14.6889
2.05,0,0,125,-14.6657
2.075,0,0,125,-14.6425
2.1,0,0,125,-14.6194
2.125,0,0,125,-14.5964
2.15,0,0,125,-14.5733
2.175,0,0,125,-14.5504
2.2,0,0,125,-14.5274
2.225,0,0,125,-14.5045
2.25,0,0,125,-14.4817
2.275,0,0,125,-14.4589
2.3,0,0,125,-14.4361
2.325,0,0,125,-14.4134
2.35,0,0,125,-14.3907
2.375,0,0,125,-14.3681
2.4,0,0,125,-14.3454
2.425,0,0,125,-14.3229
2.45,0,0,125,-14.3004
2.475,0,0,125,-14.2779
2.5,0,0,125,-14.2554
2.525,0,0,125,-14.233
2.55,0,0,125,-14.2107
2.575,0,0,125,-14.1884
2.6,0,0,125,-14.1661
2.625,0,0,125,-14.1439
2.65,0,0,125,-14.1217
2.675,0,0,125,-14.0995
2.7,0,0,125,-14.0774
2.725,0,0,125,-14.0553
2.75,0,0,125,-14.0332
2.775,0,0,125,-14.0112
2.8,0,0,125,-13.9892
2.825,0,0,125,-13.9673
2.85,0,0,125,-13.9453
2.875,0,0,125,-13.9235
2.9,0,0,125,-13.9016
2.925,0,0,125,-13.8798
2.95,0,0,125,-13.858
2.975,0,0,125,-13.8363
3,0,0,125,-13.8146
3.025,0,0,125,-13.7929
3.05,0,0,125,-13.7713
3.075,0,0,125,-13.7497
3.1,0,0,125,-13.7281
3.125,0,0,125,-13.7066
3.15,0,0,125,-13.6851
3.175,0,0,125,-13.6636
3.2,0,0,125,-13.6422
3.225,0,0,125,-13.6208
3.25,0,0,125,-13.5994
3.275,0,0,125,-13.578
3.3,0,0,125,-13.5567
3.325,0,0,125,-13.5354
3.35,0,0,125,-13.5142
3.375,0,0,125,-13.4929
3.4,0,0,125,-13.4717
3.425,0,0,125,-13.4506
3.45,0,0,125,-13.4294
3.475,0,0,125,-13.4083
3.5,0,0,125,-13.3872
3.525,0,0,125,-13.3662
3.55,0,0,125,-13.3451
3.575,0,0,125,-13.3241
3.6,0,0,125,-13.3031
3.625,0,0,125,-13.2822
3.65,0,0,125,-13.2612
3.675,0,0,125,-13.2403
3.7,0,0,125,-13.2195
3.725,0,0,125,-13.1986
3.75,0,0,125,-13.1778
3.775,0,0,125,-13.157
3.8,0,0,125,-13.1362
3.825,0,0,125,-13.1154
3.85,0,0,125,-13.0947
3.875,0,0,125,-13.074
3.9,0,0,125,-13.0533
3.925,0,0,125,-13.0327
3.95,0,0,125,-13.0121
3.975,0,0,125,-12.9915
4,0,0,125,-12.9709
4.025,0,0,125,-12.9504
4.05,0,0,125,-12.9299
4.075,0,0,125,-12.9094
4.1,0,0,125,-12.889
4.125,0,0,125,-12.8686
4.15,0,0,125,-12.8483
4.175,0,0,125,-12.828
4.2,0,0,125,-12.8078
4.225,0,0,125,-12.7877
4.25,0,0,125,-12.7676
4.275,0,0,125,-12.7475
4.3,0,0,125,-12.7276
4.325,0,0,125,-12.7078
4.35,0,0,125,-12.688
4.375,0,0,125,-12.6684
4.4,0,0,125,-12.6489
4.425,0,0,125,-12.6296
4.45,0,0,125,-12.6104
4.475,0,0,125,-12.5914
4.5,0,0,125,-12.5726
4.525,0,0,125,-12.5541
4.55,0,0,125,-12.5358
4.575,0,0,125,-12.5178
4.6,0,0,125,-12.5002
4.625,0,0,125,-12.483
4.65,0,0,125,-12.4661
4.675,0,0,125,-12.4498
4.7,0,0,125,-12.434
4.725,0,0,125,-12.4189
4.75,0,0,125,-12.4044
4.775,0,0,125,-12.3907
4.8,0,0,125,-12.3778
4.825,0,0,125,-12.366
4.85,0,0,125,-12.3552
4.875,0,0,125,-12.3456
4.9,0,0,125,-12.3374
4.925,0,0,125,-12.3306
4.95,0,0,125,-12.3254
4.975,0,0,125,-12.3219
5,0,0,125,-12.3201
