0,0,0,125,-29.6053
0.025,0,0,125,-29.602
0.05,0,0,125,-29.5953
0.075,0,0,125,-29.5853
0.1,0,0,125,-29.572
0.125,0,0,125,-29.5555
0.15,0,0,125,-29.536
0.175,0,0,125,-29.5136
0.2,0,0,125,-29.4884
0.225,0,0,125,-29.4607
0.25,0,0,125,-29.4304
0.275,0,0,125,-29.3978
0.3,0,0,125,-29.3629
0.325,0,0,125,-29.3259
0.35,0,0,125,-29.2869
0.375,0,0,125,-29.2458
0.4,0,0,125,-29.203
0.425,0,0,125,-29.1583
0.45,0,0,125,-29.1119
0.475,0,0,125,-29.0639
0.5,0,0,125,-29.0144
0.525,0,0,125,-28.9634
0.55,0,0,125,-28.911
0.575,0,0,125,-28.8573
0.6,0,0,125,-28.8024
0.625,0,0,125,-28.7462
0.65,0,0,125,-28.689
0.675,0,0,125,-28.6307
0.7,0,0,125,-28.5714
0.725,0,0,125,-28.5111
0.75,0,0,125,-28.45
0.775,0,0,125,-28.388
0.8,0,0,125,-28.3253
0.825,0,0,125,-28.2618
0.85,0,0,125,-28.1977
0.875,0,0,125,-28.1329
0.9,0,0,125,-28.0675
0.925,0,0,125,-28.0016
0.95,0,0,125,-27.9352
0.975,0,0,125,-27.8684
1,0,0,125,-27.8011
1.025,0,0,125,-27.7335
1.05,0,0,125,-27.6655
1.075,0,0,125,-27.5973
1.1,0,0,125,-27.5287
1.125,0,0,125,-27.46
1.15,0,0,125,-27.391
1.175,0,0,125,-27.3218
1.2,0,0,125,-27.2526
1.225,0,0,125,-27.1832
1.25,0,0,125,-27.1137
1.275,0,0,125,-27.0441
1.3,0,0,125,-26.9746
1.325,0,0,125,-26.905
1.35,0,0,125,-26.8354
1.375,0,0,125,-26.7659
1.4,0,0,125,-26.6964
1.425,0,0,125,-26.627
1.45,0,0,125,-26.5577
1.475,0,0,125,-26.4885
1.5,0,0,125,-26.4194
1.525,0,0,125,-26.3505
1.55,0,0,125,-26.2817
1.575,0,0,125,-26.2131
1.6,0,0,125,-26.1447
1.625,0,0,125,-26.0765
1.65,0,0,125,-26.0085
1.675,0,0,125,-25.9407
1.7,0,0,125,-25.8732
1.725,0,0,125,-25.8058
1.75,0,0,125,-25.7388
1.775,0,0,125,-25.672
1.8,0,0,125,-25.6055
1.825,0,0,125,-25.5393
1.85,0,0,125,-25.4733
1.875,0,0,125,-25.4076
1.9,0,0,125,-25.3423
1.925,0,0,125,-25.2772
1.95,0,0,125,-25.2125
1.975,0,0,125,-25.148
2,0,0,125,-25.0839
2.025,0,0,125,-25.0201
2.05,0,0,125,-24.9566
2.075,0,0,125,-24.8935
2.1,0,0,125,-24.8306
2.125,0,0,125,-24.7681
2.15,0,0,125,-24.706
2.175,0,0,125,-24.6442
2.2,0,0,125,-24.5827
2.225,0,0,125,-24.5215
2.25,0,0,125,-24.4607
2.275,0,0,125,-24.4002
2.3,0,0,125,-24.3401
2.325,0,0,125,-24.2803
2.35,0,0,125,-24.2208
2.375,0,0,125,-24.1617
2.4,0,0,125,-24.1029
2.425,0,0,125,-24.0445
2.45,0,0,125,-23.9864
2.475,0,0,125,-23.9286
2.5,0,0,125,-23.8712
2.525,0,0,125,-23.8141
2.55,0,0,125,-23.7573
2.575,0,0,125,-23.7009
2.6,0,0,125,-23.6448
2.625,0,0,125,-23.589
2.65,0,0,125,-23.5336
2.675,0,0,125,-23.4784
2.7,0,0,125,-23.4236
2.725,0,0,125,-23.3692
2.75,0,0,125,-23.315
2.775,0,0,125,-23.2612
2.8,0,0,125,-23.2076
2.825,0,0,125,-23.1544
2.85,0,0,125,-23.1015
2.875,0,0,125,-23.049
2.9,0,0,125,-22.9967
2.925,0,0,125,-22.9447
2.95,0,0,125,-22.8931
2.975,0,0,125,-22.8417
3,0,0,125,-22.7906
3.025,0,0,125,-22.7399
3.05,0,0,125,-22.6894
3.075,0,0,125,-22.6393
3.1,0,0,125,-22.5894
3.125,0,0,125,-22.5398
3.15,0,0,125,-22.4905
3.175,0,0,125,-22.4415
3.2,0,0,125,-22.3928
3.225,0,0,125,-22.3444
3.25,0,0,125,-22.2962
3.275,0,0,125,-22.2484
3.3,0,0,125,-22.2008
3.325,0,0,125,-22.1535
3.35,0,0,125,-22.1065
3.375,0,0,125,-22.0597
3.4,0,0,125,-22.0133
3.425,0,0,125,-21.9671
3.45,0,0,125,-21.9211
3.475,0,0,125,-21.8755
3.5,0,0,125,-21.8301
3.525,0,0,125,-21.785
3.55,0,0,125,-21.7402
3.575,0,0,125,-21.6957
3.6,0,0,125,-21.6514
3.625,0,0,125,-21.6074
3.65,0,0,125,-21.5637
3.675,0,0,125,-21.5203
3.7,0,0,125,-21.4771
3.725,0,0,125,-21.4342
3.75,0,0,125,-21.3916
3.775,0,0,125,-21.3493
3.8,0,0,125,-21.3073
3.825,0,0,125,-21.2655
3.85,0,0,125,-21.2241
3.875,0,0,125,-21.1829
3.9,0,0,125,-21.142
3.925,0,0,125,-21.1015
3.95,0,0,125,-21.0612
3.975,0,0,125,-21.0213
4,0,0,125,-20.9817
4.025,0,0,125,-20.9424
4.05,0,0,125,-20.9034
4.075,0,0,125,-20.8648
4.1,0,0,125,-20.8266
4.125,0,0,125,-20.7887
4.15,0,0,125,-20.7512
4.175,0,0,125,-20.714
4.2,0,0,125,-20.6773
4.225,0,0,125,-20.641
4.25,0,0,125,-20.605
4.275,0,0,125,-20.5696
4.3,0,0,125,-20.5346
4.325,0,0,125,-20.5001
4.35,0,0,125,-20.466
4.375,0,0,125,-20.4326
4.4,0,0,125,-20.3996
4.425,0,0,125,-20.3672
4.45,0,0,125,-20.3355
4.475,0,0,125,-20.3044
4.5,0,0,125,-20.274
4.525,0,0,125,-20.2442
4.55,0,0,125,-20.2153
4.575,0,0,125,-20.1872
4.6,0,0,125,-20.1599
4.625,0,0,125,-20.1335
4.65,0,0,125,-20.1081
4.675,0,0,125,-20.0837
4.7,0,0,125,-20.0605
4.725,0,0,125,-20.0384
4.75,0,0,125,-20.0176
4.775,0,0,125,-19.9982
4.8,0,0,125,-19.9802
4.825,0,0,125,-19.9638
4.85,0,0,125,-19.9491
4.875,0,0,125,-19.9361
4.9,0,0,125,-19.9251
4.925,0,0,125,-19.916
4.95,0,0,125,-19.9092
4.975,0,0,125,-19.9045
5,0,0,125,-19.9022
