0,0,0,125,-41.3215
0.025,0,0,125,-41.3161
0.05,0,0,125,-41.3053
0.075,0,0,125,-41.289
0.1,0,0,125,-41.2675
0.125,0,0,125,-41.2408
0.15,0,0,125,-41.2091
0.175,0,0,125,-41.1726
0.2,0,0,125,-41.1317
0.225,0,0,125,-41.0864
0.25,0,0,125,-41.0371
0.275,0,0,125,-40.9838
0.3,0,0,125,-40.9267
0.325,0,0,125,-40.866
0.35,0,0,125,-40.8019
0.375,0,0,125,-40.7344
0.4,0,0,125,-40.6638
0.425,0,0,125,-40.5901
0.45,0,0,125,-40.5135
0.475,0,0,125,-40.4341
0.5,0,0,125,-40.352
0.525,0,0,125,-40.2673
0.55,0,0,125,-40.1802
0.575,0,0,125,-40.0908
0.6,0,0,125,-39.9992
0.625,0,0,125,-39.9054
0.65,0,0,125,-39.8096
0.675,0,0,125,-39.7119
0.7,0,0,125,-39.6124
0.725,0,0,125,-39.5111
0.75,0,0,125,-39.4082
0.775,0,0,125,-39.3038
0.8,0,0,125,-39.1979
0.825,0,0,125,-39.0906
0.85,0,0,125,-38.9821
0.875,0,0,125,-38.8723
0.9,0,0,125,-38.7615
0.925,0,0,125,-38.6496
0.95,0,0,125,-38.5367
0.975,0,0,125,-38.423
1,0,0,125,-38.3085
1.025,0,0,125,-38.1932
1.05,0,0,125,-38.0772
1.075,0,0,125,-37.9607
1.1,0,0,125,-37.8436
1.125,0,0,125,-37.726
1.15,0,0,125,-37.6081
1.175,0,0,125,-37.4898
1.2,0,0,125,-37.3712
1.225,0,0,125,-37.2524
1.25,0,0,125,-37.1334
1.275,0,0,125,-37.0143
1.3,0,0,125,-36.8951
1.325,0,0,125,-36.776
1.35,0,0,125,-36.6568
1.375,0,0,125,-36.5378
1.4,0,0,125,-36.4188
1.425,0,0,125,-36.3
1.45,0,0,125,-36.1815
1.475,0,0,125,-36.0632
1.5,0,0,125,-35.9451
1.525,0,0,125,-35.8274
1.55,0,0,125,-35.71
1.575,0,0,125,-35.5931
1.6,0,0,125,-35.4765
1.625,0,0,125,-35.3604
1.65,0,0,125,-35.2447
1.675,0,0,125,-35.1295
1.7,0,0,125,-35.0149
1.725,0,0,125,-34.9007
1.75,0,0,125,-34.7872
1.775,0,0,125,-34.6742
1.8,0,0,125,-34.5618
1.825,0,0,125,-34.4499
1.85,0,0,125,-34.3387
1.875,0,0,125,-34.2282
1.9,0,0,125,-34.1183
1.925,0,0,125,-34.009
1.95,0,0,125,-33.9004
1.975,0,0,125,-33.7924
2,0,0,125,-33.6851
2.025,0,0,125,-33.5785
2.05,0,0,125,-33.4725
2.075,0,0,125,-33.3673
2.1,0,0,125,-33.2627
2.125,0,0,125,-33.1588
2.15,0,0,125,-33.0555
2.175,0,0,125,-32.953
2.2,0,0,125,-32.8511
2.225,0,0,125,-32.7499
2.25,0,0,125,-32.6493
2.275,0,0,125,-32.5495
2.3,0,0,125,-32.4502
2.325,0,0,125,-32.3516
2.35,0,0,125,-32.2537
2.375,0,0,125,-32.1563
2.4,0,0,125,-32.0596
2.425,0,0,125,-31.9635
2.45,0,0,125,-31.868
2.475,0,0,125,-31.7731
2.5,0,0,125,-31.6788
2.525,0,0,125,-31.5851
2.55,0,0,125,-31.4919
2.575,0,0,125,-31.3993
2.6,0,0,125,-31.3072
2.625,0,0,125,-31.2156
2.65,0,0,125,-31.1246
2.675,0,0,125,-31.0341
2.7,0,0,125,-30.944
2.725,0,0,125,-30.8545
2.75,0,0,125,-30.7654
2.775,0,0,125,-30.6767
2.8,0,0,125,-30.5885
2.825,0,0,125,-30.5007
2.85,0,0,125,-30.4134
2.875,0,0,125,-30.3264
2.9,0,0,125,-30.2398
2.925,0,0,125,-30.1536
2.95,0,0,125,-30.0677
2.975,0,0,125,-29.9822
3,0,0,125,-29.897
3.025,0,0,125,-29.8122
3.05,0,0,125,-29.7276
3.075,0,0,125,-29.6434
3.1,0,0,125,-29.5594
3.125,0,0,125,-29.4757
3.15,0,0,125,-29.3923
3.175,0,0,125,-29.3091
3.2,0,0,125,-29.2262
3.225,0,0,125,-29.1434
3.25,0,0,125,-29.0609
3.275,0,0,125,-28.9786
3.3,0,0,125,-28.8965
3.325,0,0,125,-28.8146
3.35,0,0,125,-28.7328
3.375,0,0,125,-28.6513
3.4,0,0,125,-28.5699
3.425,0,0,125,-28.4886
3.45,0,0,125,-28.4075
3.475,0,0,125,-28.3266
3.5,0,0,125,-28.2457
3.525,0,0,125,-28.1651
3.55,0,0,125,-28.0845
3.575,0,0,125,-28.0041
3.6,0,0,125,-27.9238
3.625,0,0,125,-27.8437
3.65,0,0,125,-27.7636
3.675,0,0,125,-27.6837
3.7,0,0,125,-27.604
3.725,0,0,125,-27.5243
3.75,0,0,125,-27.4448
3.775,0,0,125,-27.3654
3.8,0,0,125,-27.2862
3.825,0,0,125,-27.2071
3.85,0,0,125,-27.1282
3.875,0,0,125,-27.0495
3.9,0,0,125,-26.971
3.925,0,0,125,-26.8926
3.95,0,0,125,-26.8145
3.975,0,0,125,-26.7366
4,0,0,125,-26.659
4.025,0,0,125,-26.5817
4.05,0,0,125,-26.5046
4.075,0,0,125,-26.4279
4.1,0,0,125,-26.3515
4.125,0,0,125,-26.2755
4.15,0,0,125,-26.2
4.175,0,0,125,-26.1249
4.2,0,0,125,-26.0503
4.225,0,0,125,-25.9762
4.25,0,0,125,-25.9028
4.275,0,0,125,-25.83
4.3,0,0,125,-25.7578
4.325,0,0,125,-25.6864
4.35,0,0,125,-25.6159
4.375,0,0,125,-25.5462
4.4,0,0,125,-25.4775
4.425,0,0,125,-25.4097
4.45,0,0,125,-25.3431
4.475,0,0,125,-25.2777
4.5,0,0,125,-25.2136
4.525,0,0,125,-25.1509
4.55,0,0,125,-25.0897
4.575,0,0,125,-25.0301
4.6,0,0,125,-24.9722
4.625,0,0,125,-24.9163
4.65,0,0,125,-24.8623
4.675,0,0,125,-24.8105
4.7,0,0,125,-24.761
4.725,0,0,125,-24.7141
4.75,0,0,125,-24.6698
4.775,0,0,125,-24.6285
4.8,0,0,125,-24.5902
4.825,0,0,125,-24.5553
4.85,0,0,125,-24.5239
4.875,0,0,125,-24.4964
4.9,0,0,125,-24.4729
4.925,0,0,125,-24.4538
4.95,0,0,125,-24.4392
4.975,0,0,125,-24.4293
5,0,0,125,-24.4243
