0,0,0,125,-34.0488
0.025,0,0,125,-34.0451
0.05,0,0,125,-34.0377
0.075,0,0,125,-34.0267
0.1,0,0,125,-34.012
0.125,0,0,125,-33.9938
0.15,0,0,125,-33.9721
0.175,0,0,125,-33.9472
0.2,0,0,125,-33.9191
0.225,0,0,125,-33.888
0.25,0,0,125,-33.8541
0.275,0,0,125,-33.8173
0.3,0,0,125,-33.7779
0.325,0,0,125,-33.7358
0.35,0,0,125,-33.6913
0.375,0,0,125,-33.6444
0.4,0,0,125,-33.5952
0.425,0,0,125,-33.5437
0.45,0,0,125,-33.4901
0.475,0,0,125,-33.4344
0.5,0,0,125,-33.3768
0.525,0,0,125,-33.3172
0.55,0,0,125,-33.2558
0.575,0,0,125,-33.1926
0.6,0,0,125,-33.1278
0.625,0,0,125,-33.0613
0.65,0,0,125,-32.9932
0.675,0,0,125,-32.9237
0.7,0,0,125,-32.8527
0.725,0,0,125,-32.7804
0.75,0,0,125,-32.7068
0.775,0,0,125,-32.6319
0.8,0,0,125,-32.5559
0.825,0,0,125,-32.4787
0.85,0,0,125,-32.4005
0.875,0,0,125,-32.3213
0.9,0,0,125,-32.2411
0.925,0,0,125,-32.1601
0.95,0,0,125,-32.0781
0.975,0,0,125,-31.9954
1,0,0,125,-31.912
1.025,0,0,125,-31.8278
1.05,0,0,125,-31.743
1.075,0,0,125,-31.6576
1.1,0,0,125,-31.5717
1.125,0,0,125,-31.4852
1.15,0,0,125,-31.3983
1.175,0,0,125,-31.3109
1.2,0,0,125,-31.2232
1.225,0,0,125,-31.1351
1.25,0,0,125,-31.0467
1.275,0,0,125,-30.9581
1.3,0,0,125,-30.8692
1.325,0,0,125,-30.7801
1.35,0,0,125,-30.6908
1.375,0,0,125,-30.6014
1.4,0,0,125,-30.5119
1.425,0,0,125,-30.4224
1.45,0,0,125,-30.3328
1.475,0,0,125,-30.2432
1.5,0,0,125,-30.1536
1.525,0,0,125,-30.0641
1.55,0,0,125,-29.9746
1.575,0,0,125,-29.8852
1.6,0,0,125,-29.796
1.625,0,0,125,-29.7069
1.65,0,0,125,-29.6179
1.675,0,0,125,-29.5291
1.7,0,0,125,-29.4406
1.725,0,0,125,-29.3522
1.75,0,0,125,-29.2641
1.775,0,0,125,-29.1763
1.8,0,0,125,-29.0887
1.825,0,0,125,-29.0014
1.85,0,0,125,-28.9144
1.875,0,0,125,-28.8277
1.9,0,0,125,-28.7414
1.925,0,0,125,-28.6554
1.95,0,0,125,-28.5698
1.975,0,0,125,-28.4845
2,0,0,125,-28.3996
2.025,0,0,125,-28.3151
2.05,0,0,125,-28.231
2.075,0,0,125,-28.1473
2.1,0,0,125,-28.064
2.125,0,0,125,-27.9811
2.15,0,0,125,-27.8986
2.175,0,0,125,-27.8166
2.2,0,0,125,-27.735
2.225,0,0,125,-27.6539
2.25,0,0,125,-27.5732
2.275,0,0,125,-27.4929
2.3,0,0,125,-27.4131
2.325,0,0,125,-27.3338
2.35,0,0,125,-27.2549
2.375,0,0,125,-27.1765
2.4,0,0,125,-27.0986
2.425,0,0,125,-27.0211
2.45,0,0,125,-26.9441
2.475,0,0,125,-26.8676
2.5,0,0,125,-26.7915
2.525,0,0,125,-26.716
2.55,0,0,125,-26.6408
2.575,0,0,125,-26.5662
2.6,0,0,125,-26.4921
2.625,0,0,125,-26.4184
2.65,0,0,125,-26.3452
2.675,0,0,125,-26.2725
2.7,0,0,125,-26.2002
2.725,0,0,125,-26.1284
2.75,0,0,125,-26.0571
2.775,0,0,125,-25.9863
2.8,0,0,125,-25.9159
2.825,0,0,125,-25.846
2.85,0,0,125,-25.7765
2.875,0,0,125,-25.7076
2.9,0,0,125,-25.6391
2.925,0,0,125,-25.571
2.95,0,0,125,-25.5034
2.975,0,0,125,-25.4363
3,0,0,125,-25.3696
3.025,0,0,125,-25.3034
3.05,0,0,125,-25.2376
3.075,0,0,125,-25.1723
3.1,0,0,125,-25.1074
3.125,0,0,125,-25.043
3.15,0,0,125,-24.979
3.175,0,0,125,-24.9154
3.2,0,0,125,-24.8523
3.225,0,0,125,-24.7897
3.25,0,0,125,-24.7275
3.275,0,0,125,-24.6657
3.3,0,0,125,-24.6043
3.325,0,0,125,-24.5434
3.35,0,0,125,-24.4829
3.375,0,0,125,-24.4229
3.4,0,0,125,-24.3633
3.425,0,0,125,-24.3041
3.45,0,0,125,-24.2453
3.475,0,0,125,-24.187
3.5,0,0,125,-24.1291
3.525,0,0,125,-24.0716
3.55,0,0,125,-24.0146
3.575,0,0,125,-23.958
3.6,0,0,125,-23.9018
3.625,0,0,125,-23.8461
3.65,0,0,125,-23.7908
3.675,0,0,125,-23.7359
3.7,0,0,125,-23.6814
3.725,0,0,125,-23.6274
3.75,0,0,125,-23.5739
3.775,0,0,125,-23.5207
3.8,0,0,125,-23.4681
3.825,0,0,125,-23.4158
3.85,0,0,125,-23.3641
3.875,0,0,125,-23.3128
3.9,0,0,125,-23.2619
3.925,0,0,125,-23.2115
3.95,0,0,125,-23.1617
3.975,0,0,125,-23.1122
4,0,0,125,-23.0633
4.025,0,0,125,-23.0149
4.05,0,0,125,-22.967
4.075,0,0,125,-22.9196
4.1,0,0,125,-22.8728
4.125,0,0,125,-22.8264
4.15,0,0,125,-22.7807
4.175,0,0,125,-22.7355
4.2,0,0,125,-22.6909
4.225,0,0,125,-22.6469
4.25,0,0,125,-22.6036
4.275,0,0,125,-22.5608
4.3,0,0,125,-22.5188
4.325,0,0,125,-22.4774
4.35,0,0,125,-22.4367
4.375,0,0,125,-22.3968
4.4,0,0,125,-22.3577
4.425,0,0,125,-22.3193
4.45,0,0,125,-22.2818
4.475,0,0,125,-22.2451
4.5,0,0,125,-22.2094
4.525,0,0,125,-22.1746
4.55,0,0,125,-22.1408
4.575,0,0,125,-22.108
4.6,0,0,125,-22.0764
4.625,0,0,125,-22.0459
4.65,0,0,125,-22.0166
4.675,0,0,125,-21.9886
4.7,0,0,125,-21.962
4.725,0,0,125,-21.9369
4.75,0,0,125,-21.9132
4.775,0,0,125,-21.8912
4.8,0,0,125,-21.8709
4.825,0,0,125,-21.8524
4.85,0,0,125,-21.8359
4.875,0,0,125,-21.8214
4.9,0,0,125,-21.8091
4.925,0,0,125,-21.799
4.95,0,0,125,-21.7914
4.975,0,0,125,-21.7863
5,0,0,125,-21.7837
