0,0,0,125,-15.6213
0.025,0,0,125,-15.6193
0.05,0,0,125,-15.6154
0.075,0,0,125,-15.6096
0.1,0,0,125,-15.6018
0.125,0,0,125,-15.5923
0.15,0,0,125,-15.5811
0.175,0,0,125,-15.5684
0.2,0,0,125,-15.5545
0.225,0,0,125,-15.5394
0.25,0,0,125,-15.5233
0.275,0,0,125,-15.5063
0.3,0,0,125,-15.4885
0.325,0,0,125,-15.47
0.35,0,0,125,-15.4508
0.375,0,0,125,-15.431
0.4,0,0,125,-15.4107
0.425,0,0,125,-15.39
0.45,0,0,125,-15.3688
0.475,0,0,125,-15.3473
0.5,0,0,125,-15.3255
0.525,0,0,125,-15.3033
0.55,0,0,125,-15.281
0.575,0,0,125,-15.2584
0.6,0,0,125,-15.2356
0.625,0,0,125,-15.2126
0.65,0,0,125,-15.1895
0.675,0,0,125,-15.1663
0.7,0,0,125,-15.143
0.725,0,0,125,-15.1196
0.75,0,0,125,-15.0961
0.775,0,0,125,-15.0726
0.8,0,0,125,-15.049
0.825,0,0,125,-15.0254
0.85,0,0,125,-15.0018
0.875,0,0,125,-14.9781
0.9,0,0,125,-14.9544
0.925,0,0,125,-14.9308
0.95,0,0,125,-14.9071
0.975,0,0,125,-14.8834
1,0,0,125,-14.8598
1.025,0,0,125,-14.8361
1.05,0,0,125,-14.8125
1.075,0,0,125,-14.7889
1.1,0,0,125,-14.7654
1.125,0,0,125,-14.7418
1.15,0,0,125,-14.7183
1.175,0,0,125,-14.6948
1.2,0,0,125,-14.6714
1.225,0,0,125,-14.648
1.25,0,0,125,-14.6247
1.275,0,0,125,-14.6013
1.3,0,0,125,-14.5781
1.325,0,0,125,-14.5548
1.35,0,0,125,-14.5316
1.375,0,0,125,-14.5085
1.4,0,0,125,-14.4854
1.425,0,0,125,-14.4623
1.45,0,0,125,-14.4393
1.475,0,0,125,-14.4163
1.5,0,0,125,-14.3933
1.525,0,0,125,-14.3704
1.55,0,0,125,-14.3476
1.575,0,0,125,-14.3247
1.6,0,0,125,-14.302
1.625,0,0,125,-14.2792
1.65,0,0,125,-14.2565
1.675,0,0,125,-14.2339
1.7,0,0,125,-14.2113
1.725,0,0,125,-14.1887
1.75,0,0,125,-14.1662
1.775,0,0,125,-14.1437
1.8,0,0,125,-14.1213
1.825,0,0,125,-14.0989
1.85,0,0,125,-14.0765
1.875,0,0,125,-14.0542
1.9,0,0,125,-14.0319
1.925,0,0,125,-14.0097
1.95,0,0,125,-13.9875
1.975,0,0,125,-13.9653
2,0,0,125,-13.9432
2.025,0,0,125,-13.9211
2.05,0,0,125,-13.8991
2.075,0,0,125,-13.8771
2.1,0,0,125,-13.8551
2.125,0,0,125,-13.8332
2.15,0,0,125,-13.8113
2.175,0,0,125,-13.7894
2.2,0,0,125,-13.7676
2.225,0,0,125,-13.7458
2.25,0,0,125,-13.724
2.275,0,0,125,-13.7023
2.3,0,0,125,-13.6807
2.325,0,0,125,-13.659
2.35,0,0,125,-13.6374
2.375,0,0,125,-13.6158
2.4,0,0,125,-13.5943
2.425,0,0,125,-13.5728
2.45,0,0,125,-13.5513
2.475,0,0,125,-13.5299
2.5,0,0,125,-13.5084
2.525,0,0,125,-13.4871
2.55,0,0,125,-13.4657
2.575,0,0,125,-13.4444
2.6,0,0,125,-13.4232
2.625,0,0,125,-13.4019
2.65,0,0,125,-13.3807
2.675,0,0,125,-13.3596
2.7,0,0,125,-13.3384
2.725,0,0,125,-13.3173
2.75,0,0,125,-13.2962
2.775,0,0,125,-13.2752
2.8,0,0,125,-13.2542
2.825,0,0,125,-13.2332
2.85,0,0,125,-13.2122
2.875,0,0,125,-13.1913
2.9,0,0,125,-13.1704
2.925,0,0,125,-13.1495
2.95,0,0,125,-13.1286
2.975,0,0,125,-13.1078
3,0,0,125,-13.087
3.025,0,0,125,-13.0663
3.05,0,0,125,-13.0456
3.075,0,0,125,-13.0248
3.1,0,0,125,-13.0042
3.125,0,0,125,-12.9835
3.15,0,0,125,-12.9629
3.175,0,0,125,-12.9423
3.2,0,0,125,-12.9218
3.225,0,0,125,-12.9012
3.25,0,0,125,-12.8807
3.275,0,0,125,-12.8602
3.3,0,0,125,-12.8398
3.325,0,0,125,-12.8193
3.35,0,0,125,-12.7989
3.375,0,0,125,-12.7785
3.4,0,0,125,-12.7582
3.425,0,0,125,-12.7378
3.45,0,0,125,-12.7175
3.475,0,0,125,-12.6972
3.5,0,0,125,-12.6769
3.525,0,0,125,-12.6566
3.55,0,0,125,-12.6364
3.575,0,0,125,-12.6162
3.6,0,0,125,-12.596
3.625,0,0,125,-12.5758
3.65,0,0,125,-12.5557
3.675,0,0,125,-12.5355
3.7,0,0,125,-12.5154
3.725,0,0,125,-12.4954
3.75,0,0,125,-12.4753
3.775,0,0,125,-12.4552
3.8,0,0,125,-12.4352
3.825,0,0,125,-12.4152
3.85,0,0,125,-12.3952
3.875,0,0,125,-12.3752
3.9,0,0,125,-12.3553
3.925,0,0,125,-12.3354
3.95,0,0,125,-12.3155
3.975,0,0,125,-12.2956
4,0,0,125,-12.2757
4.025,0,0,125,-12.2559
4.05,0,0,125,-12.2361
4.075,0,0,125,-12.2163
4.1,0,0,125,-12.1966
4.125,0,0,125,-12.1769
4.15,0,0,125,-12.1572
4.175,0,0,125,-12.1376
4.2,0,0,125,-12.118
4.225,0,0,125,-12.0984
4.25,0,0,125,-12.079
4.275,0,0,125,-12.0596
4.3,0,0,125,-12.0402
4.325,0,0,125,-12.0209
4.35,0,0,125,-12.0018
4.375,0,0,125,-11.9827
4.4,0,0,125,-11.9638
4.425,0,0,125,-11.9449
4.45,0,0,125,-11.9263
4.475,0,0,125,-11.9078
4.5,0,0,125,-11.8895
4.525,0,0,125,-11.8714
4.55,0,0,125,-11.8536
4.575,0,0,125,-11.836
4.6,0,0,125,-11.8188
4.625,0,0,125,-11.8019
4.65,0,0,125,-11.7854
4.675,0,0,125,-11.7694
4.7,0,0,125,-11.754
4.725,0,0,125,-11.7391
4.75,0,0,125,-11.7249
4.775,0,0,125,-11.7114
4.8,0,0,125,-11.6988
4.825,0,0,125,-11.6871
4.85,0,0,125,-11.6765
4.875,0,0,125,-11.6671
4.9,0,0,125,-11.659
4.925,0,0,125,-11.6523
4.95,0,0,125,-11.6471
4.975,0,0,125,-11.6437
5,0,0,125,-11.6419
