0,0,0,125,34.4188
0.025,0,0,125,32.4234
0.05,0,0,125,27.8581
0.075,0,0,125,19.5905
0.1,0,0,125,6.36215
0.125,0,0,125,-11.5885
0.15,0,0,125,-31.5276
0.175,0,0,125,-46.2542
0.2,0,0,125,-56.6195
0.225,0,0,125,-63.812
0.25,0,0,125,-68.7717
0.275,0,0,125,-72.1683
0.3,0,0,125,-74.471
0.325,0,0,125,-76.011
0.35,0,0,125,-77.024
0.375,0,0,125,-77.6771
0.4,0,0,125,-78.0887
0.425,0,0,125,-78.3411
0.45,0,0,125,-78.4907
0.475,0,0,125,-78.5752
0.5,0,0,125,-78.6194
0.525,0,0,125,-78.6391
0.55,0,0,125,-78.6442
0.575,0,0,125,-78.6407
0.6,0,0,125,-78.6321
0.625,0,0,125,-78.6205
0.65,0,0,125,-78.607
0.675,0,0,125,-78.5923
0.7,0,0,125,-78.5768
0.725,0,0,125,-78.5605
0.75,0,0,125,-78.5437
0.775,0,0,125,-78.5263
0.8,0,0,125,-78.5084
0.825,0,0,125,-78.4899
0.85,0,0,125,-78.471
0.875,0,0,125,-78.4515
0.9,0,0,125,-78.4315
0.925,0,0,125,-78.411
0.95,0,0,125,-78.3899
0.975,0,0,125,-78.3684
1,0,0,125,-78.3463
1.025,0,0,125,-78.3236
1.05,0,0,125,-78.3005
1.075,0,0,125,-78.2768
1.1,0,0,125,-78.2526
1.125,0,0,125,-78.2279
1.15,0,0,125,-78.2026
1.175,0,0,125,-78.1768
1.2,0,0,125,-78.1505
1.225,0,0,125,-78.1235
1.25,0,0,125,-78.0961
1.275,0,0,125,-78.0681
1.3,0,0,125,-78.0395
1.325,0,0,125,-78.0104
1.35,0,0,125,-77.9807
1.375,0,0,125,-77.9505
1.4,0,0,125,-77.9197
1.425,0,0,125,-77.8884
1.45,0,0,125,-77.8565
1.475,0,0,125,-77.8241
1.5,0,0,125,-77.791
1.525,0,0,125,-77.7575
1.55,0,0,125,-77.7234
1.575,0,0,125,-77.6887
1.6,0,0,125,-77.6534
1.625,0,0,125,-77.6176
1.65,0,0,125,-77.5813
1.675,0,0,125,-77.5443
1.7,0,0,125,-77.5069
1.725,0,0,125,-77.4688
1.75,0,0,125,-77.4302
1.775,0,0,125,-77.3911
1.8,0,0,125,-77.3513
1.825,0,0,125,-77.311
1.85,0,0,125,-77.2702
1.875,0,0,125,-77.2288
1.9,0,0,125,-77.1868
1.925,0,0,125,-77.1443
1.95,0,0,125,-77.1012
1.975,0,0,125,-77.0576
2,0,0,125,-77.0135
2.025,0,0,125,-76.9688
2.05,0,0,125,-76.9236
2.075,0,0,125,-76.8778
2.1,0,0,125,-76.8316
2.125,0,0,125,-76.7848
2.15,0,0,125,-76.7375
2.175,0,0,125,-76.6897
2.2,0,0,125,-76.6413
2.225,0,0,125,-76.5925
2.25,0,0,125,-76.5432
2.275,0,0,125,-76.4934
2.3,0,0,125,-76.4432
2.325,0,0,125,-76.3924
2.35,0,0,125,-76.3412
2.375,0,0,125,-76.2896
2.4,0,0,125,-76.2375
2.425,0,0,125,-76.1849
2.45,0,0,125,-76.132
2.475,0,0,125,-76.0786
2.5,0,0,125,-76.0248
2.525,0,0,125,-75.9706
2.55,0,0,125,-75.916
2.575,0,0,125,-75.861
2.6,0,0,125,-75.8056
2.625,0,0,125,-75.7499
2.65,0,0,125,-75.6939
2.675,0,0,125,-75.6375
2.7,0,0,125,-75.5808
2.725,0,0,125,-75.5238
2.75,0,0,125,-75.4666
2.775,0,0,125,-75.409
2.8,0,0,125,-75.3512
2.825,0,0,125,-75.2931
2.85,0,0,125,-75.2347
2.875,0,0,125,-75.1762
2.9,0,0,125,-75.1175
2.925,0,0,125,-75.0585
2.95,0,0,125,-74.9994
2.975,0,0,125,-74.9401
3,0,0,125,-74.8807
3.025,0,0,125,-74.8212
3.05,0,0,125,-74.7616
3.075,0,0,125,-74.7019
3.1,0,0,125,-74.6421
3.125,0,0,125,-74.5823
3.15,0,0,125,-74.5224
3.175,0,0,125,-74.4626
3.2,0,0,125,-74.4027
3.225,0,0,125,-74.3429
3.25,0,0,125,-74.2831
3.275,0,0,125,-74.2234
3.3,0,0,125,-74.1638
3.325,0,0,125,-74.1043
3.35,0,0,125,-74.045
3.375,0,0,125,-73.9858
3.4,0,0,125,-73.9267
3.425,0,0,125,-73.8679
3.45,0,0,125,-73.8093
3.475,0,0,125,-73.7509
3.5,0,0,125,-73.6928
3.525,0,0,125,-73.635
3.55,0,0,125,-73.5774
3.575,0,0,125,-73.5203
3.6,0,0,125,-73.4634
3.625,0,0,125,-73.407
3.65,0,0,125,-73.3509
3.675,0,0,125,-73.2952
3.7,0,0,125,-73.24
3.725,0,0,125,-73.1852
3.75,0,0,125,-73.1309
3.775,0,0,125,-73.0772
3.8,0,0,125,-73.0239
3.825,0,0,125,-72.9712
3.85,0,0,125,-72.9191
3.875,0,0,125,-72.8676
3.9,0,0,125,-72.8167
3.925,0,0,125,-72.7664
3.95,0,0,125,-72.7168
3.975,0,0,125,-72.6678
4,0,0,125,-72.6196
4.025,0,0,125,-72.5721
4.05,0,0,125,-72.5254
4.075,0,0,125,-72.4794
4.1,0,0,125,-72.4342
4.125,0,0,125,-72.3899
4.15,0,0,125,-72.3463
4.175,0,0,125,-72.3036
4.2,0,0,125,-72.2618
4.225,0,0,125,-72.2209
4.25,0,0,125,-72.181
4.275,0,0,125,-72.1419
4.3,0,0,125,-72.1038
4.325,0,0,125,-72.0667
4.35,0,0,125,-72.0306
4.375,0,0,125,-71.9955
4.4,0,0,125,-71.9615
4.425,0,0,125,-71.9285
4.45,0,0,125,-71.8966
4.475,0,0,125,-71.8659
4.5,0,0,125,-71.8362
4.525,0,0,125,-71.8077
4.55,0,0,125,-71.7804
4.575,0,0,125,-71.7542
4.6,0,0,125,-71.7293
4.625,0,0,125,-71.7056
4.65,0,0,125,-71.6832
4.675,0,0,125,-71.6621
4.7,0,0,125,-71.6423
4.725,0,0,125,-71.6238
4.75,0,0,125,-71.6067
4.775,0,0,125,-71.591
4.8,0,0,125,-71.5768
4.825,0,0,125,-71.564
4.85,0,0,125,-71.5527
4.875,0,0,125,-71.5429
4.9,0,0,125,-71.5347
4.925,0,0,125,-71.5281
4.95,0,0,125,-71.5231
4.975,0,0,125,-71.5197
5,0,0,125,-71.5181
