0,0,0,125,-18.854
0.025,0,0,125,-18.8518
0.05,0,0,125,-18.8475
0.075,0,0,125,-18.841
0.1,0,0,125,-18.8324
0.125,0,0,125,-18.8217
0.15,0,0,125,-18.8092
0.175,0,0,125,-18.7949
0.2,0,0,125,-18.7792
0.225,0,0,125,-18.7621
0.25,0,0,125,-18.7438
0.275,0,0,125,-18.7243
0.3,0,0,125,-18.7037
0.325,0,0,125,-18.6823
0.35,0,0,125,-18.6599
0.375,0,0,125,-18.6368
0.4,0,0,125,-18.6129
0.425,0,0,125,-18.5884
0.45,0,0,125,-18.5633
0.475,0,0,125,-18.5377
0.5,0,0,125,-18.5115
0.525,0,0,125,-18.4849
0.55,0,0,125,-18.458
0.575,0,0,125,-18.4306
0.6,0,0,125,-18.403
0.625,0,0,125,-18.375
0.65,0,0,125,-18.3468
0.675,0,0,125,-18.3183
0.7,0,0,125,-18.2897
0.725,0,0,125,-18.2608
0.75,0,0,125,-18.2318
0.775,0,0,125,-18.2027
0.8,0,0,125,-18.1734
0.825,0,0,125,-18.1441
0.85,0,0,125,-18.1146
0.875,0,0,125,-18.0851
0.9,0,0,125,-18.0555
0.925,0,0,125,-18.0259
0.95,0,0,125,-17.9962
0.975,0,0,125,-17.9665
1,0,0,125,-17.9368
1.025,0,0,125,-17.9071
1.05,0,0,125,-17.8774
1.075,0,0,125,-17.8477
1.1,0,0,125,-17.818
1.125,0,0,125,-17.7883
1.15,0,0,125,-17.7587
1.175,0,0,125,-17.7291
1.2,0,0,125,-17.6995
1.225,0,0,125,-17.67
1.25,0,0,125,-17.6405
1.275,0,0,125,-17.6111
1.3,0,0,125,-17.5817
1.325,0,0,125,-17.5523
1.35,0,0,125,-17.523
1.375,0,0,125,-17.4938
1.4,0,0,125,-17.4646
1.425,0,0,125,-17.4355
1.45,0,0,125,-17.4065
1.475,0,0,125,-17.3775
1.5,0,0,125,-17.3486
1.525,0,0,125,-17.3198
1.55,0,0,125,-17.2911
1.575,0,0,125,-17.2624
1.6,0,0,125,-17.2337
1.625,0,0,125,-17.2052
1.65,0,0,125,-17.1767
1.675,0,0,125,-17.1483
1.7,0,0,125,-17.12
1.725,0,0,125,-17.0917
1.75,0,0,125,-17.0635
1.775,0,0,125,-17.0354
1.8,0,0,125,-17.0073
1.825,0,0,125,-16.9794
1.85,0,0,125,-16.9515
1.875,0,0,125,-16.9236
1.9,0,0,125,-16.8959
1.925,0,0,125,-16.8682
1.95,0,0,125,-16.8406
1.975,0,0,125,-16.8131
2,0,0,125,-16.7856
2.025,0,0,125,-16.7582
2.05,0,0,125,-16.7309
2.075,0,0,125,-16.7037
2.1,0,0,125,-16.6765
2.125,0,0,125,-16.6494
2.15,0,0,125,-16.6223
2.175,0,0,125,-16.5954
2.2,0,0,125,-16.5685
2.225,0,0,125,-16.5417
2.25,0,0,125,-16.5149
2.275,0,0,125,-16.4882
2.3,0,0,125,-16.4616
2.325,0,0,125,-16.435
2.35,0,0,125,-16.4086
2.375,0,0,125,-16.3821
2.4,0,0,125,-16.3558
2.425,0,0,125,-16.3295
2.45,0,0,125,-16.3033
2.475,0,0,125,-16.2772
2.5,0,0,125,-16.2511
2.525,0,0,125,-16.2251
2.55,0,0,125,-16.1991
2.575,0,0,125,-16.1732
2.6,0,0,125,-16.1474
2.625,0,0,125,-16.1216
2.65,0,0,125,-16.0959
2.675,0,0,125,-16.0702
2.7,0,0,125,-16.0446
2.725,0,0,125,-16.0191
2.75,0,0,125,-15.9936
2.775,0,0,125,-15.9682
2.8,0,0,125,-15.9429
2.825,0,0,125,-15.9176
2.85,0,0,125,-15.8923
2.875,0,0,125,-15.8672
2.9,0,0,125,-15.842
2.925,0,0,125,-15.817
2.95,0,0,125,-15.792
2.975,0,0,125,-15.767
3,0,0,125,-15.7421
3.025,0,0,125,-15.7173
3.05,0,0,125,-15.6925
3.075,0,0,125,-15.6678
3.1,0,0,125,-15.6431
3.125,0,0,125,-15.6184
3.15,0,0,125,-15.5939
3.175,0,0,125,-15.5693
3.2,0,0,125,-15.5449
3.225,0,0,125,-15.5205
3.25,0,0,125,-15.4961
3.275,0,0,125,-15.4718
3.3,0,0,125,-15.4475
3.325,0,0,125,-15.4233
3.35,0,0,125,-15.3991
3.375,0,0,125,-15.375
3.4,0,0,125,-15.3509
3.425,0,0,125,-15.3269
3.45,0,0,125,-15.3029
3.475,0,0,125,-15.279
3.5,0,0,125,-15.2551
3.525,0,0,125,-15.2313
3.55,0,0,125,-15.2075
3.575,0,0,125,-15.1838
3.6,0,0,125,-15.1601
3.625,0,0,125,-15.1364
3.65,0,0,125,-15.1128
3.675,0,0,125,-15.0893
3.7,0,0,125,-15.0658
3.725,0,0,125,-15.0423
3.75,0,0,125,-15.0189
3.775,0,0,125,-14.9955
3.8,0,0,125,-14.9722
3.825,0,0,125,-14.9489
3.85,0,0,125,-14.9257
3.875,0,0,125,-14.9025
3.9,0,0,125,-14.8794
3.925,0,0,125,-14.8564
3.95,0,0,125,-14.8333
3.975,0,0,125,-14.8104
4,0,0,125,-14.7875
4.025,0,0,125,-14.7646
4.05,0,0,125,-14.7419
4.075,0,0,125,-14.7192
4.1,0,0,125,-14.6965
4.125,0,0,125,-14.674
4.15,0,0,125,-14.6515
4.175,0,0,125,-14.6291
4.2,0,0,125,-14.6067
4.225,0,0,125,-14.5845
4.25,0,0,125,-14.5624
4.275,0,0,125,-14.5404
4.3,0,0,125,-14.5185
4.325,0,0,125,-14.4968
4.35,0,0,125,-14.4752
4.375,0,0,125,-14.4538
4.4,0,0,125,-14.4325
4.425,0,0,125,-14.4115
4.45,0,0,125,-14.3907
4.475,0,0,125,-14.3701
4.5,0,0,125,-14.3497
4.525,0,0,125,-14.3297
4.55,0,0,125,-14.31
4.575,0,0,125,-14.2907
4.6,0,0,125,-14.2718
4.625,0,0,125,-14.2533
4.65,0,0,125,-14.2353
4.675,0,0,125,-14.2179
4.7,0,0,125,-14.2011
4.725,0,0,125,-14.185
4.75,0,0,125,-14.1697
4.775,0,0,125,-14.1552
4.8,0,0,125,-14.1417
4.825,0,0,125,-14.1292
4.85,0,0,125,-14.1179
4.875,0,0,125,-14.1079
4.9,0,0,125,-14.0992
4.925,0,0,125,-14.0922
4.95,0,0,125,-14.0867
4.975,0,0,125,-14.083
5,0,0,125,-14.0812
