0,0,0,25,-8.21148
0.005,0,0,25,-8.21139
0.01,0,0,25,-8.21123
0.015,0,0,25,-8.21097
0.02,0,0,25,-8.21064
0.025,0,0,25,-8.21023
0.03,0,0,25,-8.20973
0.035,0,0,25,-8.20916
0.04,0,0,25,-8.2085
0.045,0,0,25,-8.20778
0.05,0,0,25,-8.20698
0.055,0,0,25,-8.20611
0.06,0,0,25,-8.20516
0.065,0,0,25,-8.20415
0.07,0,0,25,-8.20307
0.075,0,0,25,-8.20193
0.08,0,0,25,-8.20072
0.085,0,0,25,-8.19945
0.09,0,0,25,-8.19811
0.095,0,0,25,-8.19672
0.1,0,0,25,-8.19527
0.105,0,0,25,-8.19376
0.11,0,0,25,-8.19219
0.115,0,0,25,-8.19057
0.12,0,0,25,-8.1889
0.125,0,0,25,-8.18717
0.13,0,0,25,-8.1854
0.135,0,0,25,-8.18357
0.14,0,0,25,-8.1817
0.145,0,0,25,-8.17978
0.15,0,0,25,-8.17781
0.155,0,0,25,-8.1758
0.16,0,0,25,-8.17374
0.165,0,0,25,-8.17165
0.17,0,0,25,-8.16951
0.175,0,0,25,-8.16733
0.18,0,0,25,-8.16511
0.185,0,0,25,-8.16286
0.19,0,0,25,-8.16056
0.195,0,0,25,-8.15823
0.2,0,0,25,-8.15587
0.205,0,0,25,-8.15347
0.21,0,0,25,-8.15103
0.215,0,0,25,-8.14856
0.22,0,0,25,-8.14607
0.225,0,0,25,-8.14354
0.23,0,0,25,-8.14098
0.235,0,0,25,-8.13839
0.24,0,0,25,-8.13577
0.245,0,0,25,-8.13312
0.25,0,0,25,-8.13045
0.255,0,0,25,-8.12775
0.26,0,0,25,-8.12502
0.265,0,0,25,-8.12227
0.27,0,0,25,-8.11949
0.275,0,0,25,-8.11669
0.28,0,0,25,-8.11387
0.285,0,0,25,-8.11103
0.29,0,0,25,-8.10816
0.295,0,0,25,-8.10527
0.3,0,0,25,-8.10236
0.305,0,0,25,-8.09943
0.31,0,0,25,-8.09648
0.315,0,0,25,-8.09352
0.32,0,0,25,-8.09053
0.325,0,0,25,-8.08752
0.33,0,0,25,-8.0845
0.335,0,0,25,-8.08146
0.34,0,0,25,-8.07841
0.345,0,0,25,-8.07533
0.35,0,0,25,-8.07225
0.355,0,0,25,-8.06914
0.36,0,0,25,-8.06603
0.365,0,0,25,-8.0629
0.37,0,0,25,-8.05975
0.375,0,0,25,-8.05659
0.38,0,0,25,-8.05342
0.385,0,0,25,-8.05023
0.39,0,0,25,-8.04704
0.395,0,0,25,-8.04383
0.4,0,0,25,-8.04061
0.405,0,0,25,-8.03737
0.41,0,0,25,-8.03413
0.415,0,0,25,-8.03088
0.42,0,0,25,-8.02761
0.425,0,0,25,-8.02434
0.43,0,0,25,-8.02105
0.435,0,0,25,-8.01776
0.44,0,0,25,-8.01446
0.445,0,0,25,-8.01115
0.45,0,0,25,-8.00783
0.455,0,0,25,-8.0045
0.46,0,0,25,-8.00116
0.465,0,0,25,-7.99782
0.47,0,0,25,-7.99447
0.475,0,0,25,-7.99111
0.48,0,0,25,-7.98774
0.485,0,0,25,-7.98437
0.49,0,0,25,-7.98099
0.495,0,0,25,-7.97761
0.5,0,0,25,-7.97422
0.505,0,0,25,-7.97082
0.51,0,0,25,-7.96742
0.515,0,0,25,-7.96401
0.52,0,0,25,-7.96059
0.525,0,0,25,-7.95718
0.53,0,0,25,-7.95375
0.535,0,0,25,-7.95032
0.54,0,0,25,-7.94689
0.545,0,0,25,-7.94345
0.55,0,0,25,-7.94001
0.555,0,0,25,-7.93656
0.56,0,0,25,-7.93311
0.565,0,0,25,-7.92966
0.57,0,0,25,-7.9262
0.575,0,0,25,-7.92274
0.58,0,0,25,-7.91928
0.585,0,0,25,-7.91581
0.59,0,0,25,-7.91234
0.595,0,0,25,-7.90886
0.6,0,0,25,-7.90539
0.605,0,0,25,-7.90191
0.61,0,0,25,-7.89842
0.615,0,0,25,-7.89494
0.62,0,0,25,-7.89145
0.625,0,0,25,-7.88796
0.63,0,0,25,-7.88447
0.635,0,0,25,-7.88098
0.64,0,0,25,-7.87748
0.645,0,0,25,-7.87398
0.65,0,0,25,-7.87048
0.655,0,0,25,-7.86698
0.66,0,0,25,-7.86348
0.665,0,0,25,-7.85997
0.67,0,0,25,-7.85647
0.675,0,0,25,-7.85296
0.68,0,0,25,-7.84945
0.685,0,0,25,-7.84594
0.69,0,0,25,-7.84243
0.695,0,0,25,-7.83892
0.7,0,0,25,-7.8354
0.705,0,0,25,-7.83189
0.71,0,0,25,-7.82837
0.715,0,0,25,-7.82486
0.72,0,0,25,-7.82134
0.725,0,0,25,-7.81782
0.73,0,0,25,-7.8143
0.735,0,0,25,-7.81078
0.74,0,0,25,-7.80726
0.745,0,0,25,-7.80374
0.75,0,0,25,-7.80022
0.755,0,0,25,-7.7967
0.76,0,0,25,-7.79318
0.765,0,0,25,-7.78966
0.77,0,0,25,-7.78614
0.775,0,0,25,-7.78262
0.78,0,0,25,-7.7791
0.785,0,0,25,-7.77557
0.79,0,0,25,-7.77205
0.795,0,0,25,-7.76853
0.8,0,0,25,-7.76501
0.805,0,0,25,-7.76148
0.81,0,0,25,-7.75796
0.815,0,0,25,-7.75444
0.82,0,0,25,-7.75092
0.825,0,0,25,-7.7474
0.83,0,0,25,-7.74387
0.835,0,0,25,-7.74035
0.84,0,0,25,-7.73683
0.845,0,0,25,-7.73331
0.85,0,0,25,-7.72979
0.855,0,0,25,-7.72627
0.86,0,0,25,-7.72275
0.865,0,0,25,-7.71923
0.87,0,0,25,-7.71571
0.875,0,0,25,-7.71219
0.88,0,0,25,-7.70867
0.885,0,0,25,-7.70515
0.89,0,0,25,-7.70164
0.895,0,0,25,-7.69812
0.9,0,0,25,-7.6946
0.905,0,0,25,-7.69109
0.91,0,0,25,-7.68757
0.915,0,0,25,-7.68405
0.92,0,0,25,-7.68054
0.925,0,0,25,-7.67703
0.93,0,0,25,-7.67351
0.935,0,0,25,-7.67
0.94,0,0,25,-7.66649
0.945,0,0,25,-7.66297
0.95,0,0,25,-7.65946
0.955,0,0,25,-7.65595
0.96,0,0,25,-7.65244
0.965,0,0,25,-7.64893
0.97,0,0,25,-7.64543
0.975,0,0,25,-7.64192
0.98,0,0,25,-7.63841
0.985,0,0,25,-7.6349
0.99,0,0,25,-7.6314
0.995,0,0,25,-7.62789
1,0,0,25,-7.62439
1.005,0,0,25,-7.62088
1.01,0,0,25,-7.61738
1.015,0,0,25,-7.61388
1.02,0,0,25,-7.61038
1.025,0,0,25,-7.60688
1.03,0,0,25,-7.60338
1.035,0,0,25,-7.59988
1.04,0,0,25,-7.59638
1.045,0,0,25,-7.59288
1.05,0,0,25,-7.58938
1.055,0,0,25,-7.58589
1.06,0,0,25,-7.58239
1.065,0,0,25,-7.5789
1.07,0,0,25,-7.5754
1.075,0,0,25,-7.57191
1.08,0,0,25,-7.56842
1.085,0,0,25,-7.56492
1.09,0,0,25,-7.56143
1.095,0,0,25,-7.55794
1.1,0,0,25,-7.55445
1.105,0,0,25,-7.55096
1.11,0,0,25,-7.54748
1.115,0,0,25,-7.54399
1.12,0,0,25,-7.5405
1.125,0,0,25,-7.53702
1.13,0,0,25,-7.53353
1.135,0,0,25,-7.53005
1.14,0,0,25,-7.52656
1.145,0,0,25,-7.52308
1.15,0,0,25,-7.5196
1.155,0,0,25,-7.51612
1.16,0,0,25,-7.51263
1.165,0,0,25,-7.50915
1.17,0,0,25,-7.50568
1.175,0,0,25,-7.5022
1.18,0,0,25,-7.49872
1.185,0,0,25,-7.49524
1.19,0,0,25,-7.49177
1.195,0,0,25,-7.48829
1.2,0,0,25,-7.48482
1.205,0,0,25,-7.48134
1.21,0,0,25,-7.47787
1.215,0,0,25,-7.4744
1.22,0,0,25,-7.47092
1.225,0,0,25,-7.46745
1.23,0,0,25,-7.46398
1.235,0,0,25,-7.46051
1.24,0,0,25,-7.45704
1.245,0,0,25,-7.45358
1.25,0,0,25,-7.45011
1.255,0,0,25,-7.44664
1.26,0,0,25,-7.44317
1.265,0,0,25,-7.43971
1.27,0,0,25,-7.43624
1.275,0,0,25,-7.43278
1.28,0,0,25,-7.42932
1.285,0,0,25,-7.42585
1.29,0,0,25,-7.42239
1.295,0,0,25,-7.41893
1.3,0,0,25,-7.41547
1.305,0,0,25,-7.41201
1.31,0,0,25,-7.40855
1.315,0,0,25,-7.40509
1.32,0,0,25,-7.40163
1.325,0,0,25,-7.39817
1.33,0,0,25,-7.39472
1.335,0,0,25,-7.39126
1.34,0,0,25,-7.3878
1.345,0,0,25,-7.38435
1.35,0,0,25,-7.38089
1.355,0,0,25,-7.37744
1.36,0,0,25,-7.37399
1.365,0,0,25,-7.37053
1.37,0,0,25,-7.36708
1.375,0,0,25,-7.36363
1.38,0,0,25,-7.36018
1.385,0,0,25,-7.35673
1.39,0,0,25,-7.35328
1.395,0,0,25,-7.34983
1.4,0,0,25,-7.34638
1.405,0,0,25,-7.34293
1.41,0,0,25,-7.33948
1.415,0,0,25,-7.33604
1.42,0,0,25,-7.33259
1.425,0,0,25,-7.32914
1.43,0,0,25,-7.3257
1.435,0,0,25,-7.32225
1.44,0,0,25,-7.31881
1.445,0,0,25,-7.31537
1.45,0,0,25,-7.31192
1.455,0,0,25,-7.30848
1.46,0,0,25,-7.30504
1.465,0,0,25,-7.30159
1.47,0,0,25,-7.29815
1.475,0,0,25,-7.29471
1.48,0,0,25,-7.29127
1.485,0,0,25,-7.28783
1.49,0,0,25,-7.28439
1.495,0,0,25,-7.28095
1.5,0,0,25,-7.27752
1.505,0,0,25,-7.27408
1.51,0,0,25,-7.27064
1.515,0,0,25,-7.2672
1.52,0,0,25,-7.26377
1.525,0,0,25,-7.26033
1.53,0,0,25,-7.2569
1.535,0,0,25,-7.25346
1.54,0,0,25,-7.25003
1.545,0,0,25,-7.24659
1.55,0,0,25,-7.24316
1.555,0,0,25,-7.23972
1.56,0,0,25,-7.23629
1.565,0,0,25,-7.23286
1.57,0,0,25,-7.22943
1.575,0,0,25,-7.226
1.58,0,0,25,-7.22256
1.585,0,0,25,-7.21913
1.59,0,0,25,-7.2157
1.595,0,0,25,-7.21227
1.6,0,0,25,-7.20884
1.605,0,0,25,-7.20541
1.61,0,0,25,-7.20199
1.615,0,0,25,-7.19856
1.62,0,0,25,-7.19513
1.625,0,0,25,-7.1917
1.63,0,0,25,-7.18827
1.635,0,0,25,-7.18485
1.64,0,0,25,-7.18142
1.645,0,0,25,-7.17799
1.65,0,0,25,-7.17457
1.655,0,0,25,-7.17114
1.66,0,0,25,-7.16772
1.665,0,0,25,-7.16429
1.67,0,0,25,-7.16087
1.675,0,0,25,-7.15744
1.68,0,0,25,-7.15402
1.685,0,0,25,-7.1506
1.69,0,0,25,-7.14717
1.695,0,0,25,-7.14375
1.7,0,0,25,-7.14033
1.705,0,0,25,-7.1369
1.71,0,0,25,-7.13348
1.715,0,0,25,-7.13006
1.72,0,0,25,-7.12664
1.725,0,0,25,-7.12322
1.73,0,0,25,-7.1198
1.735,0,0,25,-7.11638
1.74,0,0,25,-7.11296
1.745,0,0,25,-7.10954
1.75,0,0,25,-7.10612
1.755,0,0,25,-7.1027
1.76,0,0,25,-7.09928
1.765,0,0,25,-7.09586
1.77,0,0,25,-7.09244
1.775,0,0,25,-7.08902
1.78,0,0,25,-7.08561
1.785,0,0,25,-7.08219
1.79,0,0,25,-7.07877
1.795,0,0,25,-7.07535
1.8,0,0,25,-7.07194
1.805,0,0,25,-7.06852
1.81,0,0,25,-7.0651
1.815,0,0,25,-7.06169
1.82,0,0,25,-7.05827
1.825,0,0,25,-7.05485
1.83,0,0,25,-7.05144
1.835,0,0,25,-7.04802
1.84,0,0,25,-7.04461
1.845,0,0,25,-7.04119
1.85,0,0,25,-7.03778
1.855,0,0,25,-7.03436
1.86,0,0,25,-7.03095
1.865,0,0,25,-7.02753
1.87,0,0,25,-7.02412
1.875,0,0,25,-7.02071
1.88,0,0,25,-7.01729
1.885,0,0,25,-7.01388
1.89,0,0,25,-7.01046
1.895,0,0,25,-7.00705
1.9,0,0,25,-7.00364
1.905,0,0,25,-7.00023
1.91,0,0,25,-6.99681
1.915,0,0,25,-6.9934
1.92,0,0,25,-6.98999
1.925,0,0,25,-6.98658
1.93,0,0,25,-6.98316
1.935,0,0,25,-6.97975
1.94,0,0,25,-6.97634
1.945,0,0,25,-6.97293
1.95,0,0,25,-6.96952
1.955,0,0,25,-6.96611
1.96,0,0,25,-6.96269
1.965,0,0,25,-6.95928
1.97,0,0,25,-6.95587
1.975,0,0,25,-6.95246
1.98,0,0,25,-6.94905
1.985,0,0,25,-6.94564
1.99,0,0,25,-6.94223
1.995,0,0,25,-6.93882
2,0,0,25,-6.93541
2.005,0,0,25,-6.932
2.01,0,0,25,-6.92859
2.015,0,0,25,-6.92518
2.02,0,0,25,-6.92177
2.025,0,0,25,-6.91836
2.03,0,0,25,-6.91495
2.035,0,0,25,-6.91154
2.04,0,0,25,-6.90813
2.045,0,0,25,-6.90472
2.05,0,0,25,-6.90131
2.055,0,0,25,-6.8979
2.06,0,0,25,-6.89449
2.065,0,0,25,-6.89108
2.07,0,0,25,-6.88767
2.075,0,0,25,-6.88426
2.08,0,0,25,-6.88085
2.085,0,0,25,-6.87745
2.09,0,0,25,-6.87404
2.095,0,0,25,-6.87063
2.1,0,0,25,-6.86722
2.105,0,0,25,-6.86381
2.11,0,0,25,-6.8604
2.115,0,0,25,-6.85699
2.12,0,0,25,-6.85358
2.125,0,0,25,-6.85017
2.13,0,0,25,-6.84677
2.135,0,0,25,-6.84336
2.14,0,0,25,-6.83995
2.145,0,0,25,-6.83654
2.15,0,0,25,-6.83313
2.155,0,0,25,-6.82972
2.16,0,0,25,-6.82631
2.165,0,0,25,-6.82291
2.17,0,0,25,-6.8195
2.175,0,0,25,-6.81609
2.18,0,0,25,-6.81268
2.185,0,0,25,-6.80927
2.19,0,0,25,-6.80586
2.195,0,0,25,-6.80245
2.2,0,0,25,-6.79905
2.205,0,0,25,-6.79564
2.21,0,0,25,-6.79223
2.215,0,0,25,-6.78882
2.22,0,0,25,-6.78541
2.225,0,0,25,-6.782
2.23,0,0,25,-6.77859
2.235,0,0,25,-6.77518
2.24,0,0,25,-6.77178
2.245,0,0,25,-6.76837
2.25,0,0,25,-6.76496
2.255,0,0,25,-6.76155
2.26,0,0,25,-6.75814
2.265,0,0,25,-6.75473
2.27,0,0,25,-6.75132
2.275,0,0,25,-6.74791
2.28,0,0,25,-6.7445
2.285,0,0,25,-6.74109
2.29,0,0,25,-6.73768
2.295,0,0,25,-6.73428
2.3,0,0,25,-6.73087
2.305,0,0,25,-6.72746
2.31,0,0,25,-6.72405
2.315,0,0,25,-6.72064
2.32,0,0,25,-6.71723
2.325,0,0,25,-6.71382
2.33,0,0,25,-6.71041
2.335,0,0,25,-6.707
2.34,0,0,25,-6.70359
2.345,0,0,25,-6.70018
2.35,0,0,25,-6.69677
2.355,0,0,25,-6.69336
2.36,0,0,25,-6.68995
2.365,0,0,25,-6.68653
2.37,0,0,25,-6.68312
2.375,0,0,25,-6.67971
2.38,0,0,25,-6.6763
2.385,0,0,25,-6.67289
2.39,0,0,25,-6.66948
2.395,0,0,25,-6.66607
2.4,0,0,25,-6.66266
2.405,0,0,25,-6.65924
2.41,0,0,25,-6.65583
2.415,0,0,25,-6.65242
2.42,0,0,25,-6.64901
2.425,0,0,25,-6.6456
2.43,0,0,25,-6.64218
2.435,0,0,25,-6.63877
2.44,0,0,25,-6.63536
2.445,0,0,25,-6.63195
2.45,0,0,25,-6.62853
2.455,0,0,25,-6.62512
2.46,0,0,25,-6.62171
2.465,0,0,25,-6.61829
2.47,0,0,25,-6.61488
2.475,0,0,25,-6.61146
2.48,0,0,25,-6.60805
2.485,0,0,25,-6.60464
2.49,0,0,25,-6.60122
2.495,0,0,25,-6.59781
2.5,0,0,25,-6.59439
2.505,0,0,25,-6.59098
2.51,0,0,25,-6.58756
2.515,0,0,25,-6.58415
2.52,0,0,25,-6.58073
2.525,0,0,25,-6.57732
2.53,0,0,25,-6.5739
2.535,0,0,25,-6.57048
2.54,0,0,25,-6.56707
2.545,0,0,25,-6.56365
2.55,0,0,25,-6.56023
2.555,0,0,25,-6.55682
2.56,0,0,25,-6.5534
2.565,0,0,25,-6.54998
2.57,0,0,25,-6.54656
2.575,0,0,25,-6.54315
2.58,0,0,25,-6.53973
2.585,0,0,25,-6.53631
2.59,0,0,25,-6.53289
2.595,0,0,25,-6.52947
2.6,0,0,25,-6.52605
2.605,0,0,25,-6.52263
2.61,0,0,25,-6.51921
2.615,0,0,25,-6.51579
2.62,0,0,25,-6.51237
2.625,0,0,25,-6.50895
2.63,0,0,25,-6.50553
2.635,0,0,25,-6.50211
2.64,0,0,25,-6.49869
2.645,0,0,25,-6.49527
2.65,0,0,25,-6.49185
2.655,0,0,25,-6.48843
2.66,0,0,25,-6.485
2.665,0,0,25,-6.48158
2.67,0,0,25,-6.47816
2.675,0,0,25,-6.47474
2.68,0,0,25,-6.47131
2.685,0,0,25,-6.46789
2.69,0,0,25,-6.46447
2.695,0,0,25,-6.46104
2.7,0,0,25,-6.45762
2.705,0,0,25,-6.45419
2.71,0,0,25,-6.45077
2.715,0,0,25,-6.44734
2.72,0,0,25,-6.44392
2.725,0,0,25,-6.44049
2.73,0,0,25,-6.43706
2.735,0,0,25,-6.43364
2.74,0,0,25,-6.43021
2.745,0,0,25,-6.42678
2.75,0,0,25,-6.42336
2.755,0,0,25,-6.41993
2.76,0,0,25,-6.4165
2.765,0,0,25,-6.41307
2.77,0,0,25,-6.40964
2.775,0,0,25,-6.40621
2.78,0,0,25,-6.40278
2.785,0,0,25,-6.39935
2.79,0,0,25,-6.39592
2.795,0,0,25,-6.39249
2.8,0,0,25,-6.38906
2.805,0,0,25,-6.38563
2.81,0,0,25,-6.3822
2.815,0,0,25,-6.37877
2.82,0,0,25,-6.37534
2.825,0,0,25,-6.3719
2.83,0,0,25,-6.36847
2.835,0,0,25,-6.36504
2.84,0,0,25,-6.3616
2.845,0,0,25,-6.35817
2.85,0,0,25,-6.35474
2.855,0,0,25,-6.3513
2.86,0,0,25,-6.34787
2.865,0,0,25,-6.34443
2.87,0,0,25,-6.341
2.875,0,0,25,-6.33756
2.88,0,0,25,-6.33412
2.885,0,0,25,-6.33069
2.89,0,0,25,-6.32725
2.895,0,0,25,-6.32381
2.9,0,0,25,-6.32037
2.905,0,0,25,-6.31694
2.91,0,0,25,-6.3135
2.915,0,0,25,-6.31006
2.92,0,0,25,-6.30662
2.925,0,0,25,-6.30318
2.93,0,0,25,-6.29974
2.935,0,0,25,-6.2963
2.94,0,0,25,-6.29286
2.945,0,0,25,-6.28942
2.95,0,0,25,-6.28598
2.955,0,0,25,-6.28253
2.96,0,0,25,-6.27909
2.965,0,0,25,-6.27565
2.97,0,0,25,-6.2722
2.975,0,0,25,-6.26876
2.98,0,0,25,-6.26532
2.985,0,0,25,-6.26187
2.99,0,0,25,-6.25843
2.995,0,0,25,-6.25498
3,0,0,25,-6.25154
3.005,0,0,25,-6.24809
3.01,0,0,25,-6.24464
3.015,0,0,25,-6.2412
3.02,0,0,25,-6.23775
3.025,0,0,25,-6.2343
3.03,0,0,25,-6.23085
3.035,0,0,25,-6.22741
3.04,0,0,25,-6.22396
3.045,0,0,25,-6.22051
3.05,0,0,25,-6.21706
3.055,0,0,25,-6.21361
3.06,0,0,25,-6.21016
3.065,0,0,25,-6.20671
3.07,0,0,25,-6.20326
3.075,0,0,25,-6.1998
3.08,0,0,25,-6.19635
3.085,0,0,25,-6.1929
3.09,0,0,25,-6.18945
3.095,0,0,25,-6.18599
3.1,0,0,25,-6.18254
3.105,0,0,25,-6.17909
3.11,0,0,25,-6.17563
3.115,0,0,25,-6.17218
3.12,0,0,25,-6.16872
3.125,0,0,25,-6.16526
3.13,0,0,25,-6.16181
3.135,0,0,25,-6.15835
3.14,0,0,25,-6.15489
3.145,0,0,25,-6.15144
3.15,0,0,25,-6.14798
3.155,0,0,25,-6.14452
3.16,0,0,25,-6.14106
3.165,0,0,25,-6.1376
3.17,0,0,25,-6.13414
3.175,0,0,25,-6.13068
3.18,0,0,25,-6.12722
3.185,0,0,25,-6.12376
3.19,0,0,25,-6.1203
3.195,0,0,25,-6.11684
3.2,0,0,25,-6.11338
3.205,0,0,25,-6.10991
3.21,0,0,25,-6.10645
3.215,0,0,25,-6.10299
3.22,0,0,25,-6.09952
3.225,0,0,25,-6.09606
3.23,0,0,25,-6.09259
3.235,0,0,25,-6.08913
3.24,0,0,25,-6.08566
3.245,0,0,25,-6.0822
3.25,0,0,25,-6.07873
3.255,0,0,25,-6.07527
3.26,0,0,25,-6.0718
3.265,0,0,25,-6.06833
3.27,0,0,25,-6.06486
3.275,0,0,25,-6.06139
3.28,0,0,25,-6.05793
3.285,0,0,25,-6.05446
3.29,0,0,25,-6.05099
3.295,0,0,25,-6.04752
3.3,0,0,25,-6.04405
3.305,0,0,25,-6.04058
3.31,0,0,25,-6.03711
3.315,0,0,25,-6.03363
3.32,0,0,25,-6.03016
3.325,0,0,25,-6.02669
3.33,0,0,25,-6.02322
3.335,0,0,25,-6.01974
3.34,0,0,25,-6.01627
3.345,0,0,25,-6.0128
3.35,0,0,25,-6.00932
3.355,0,0,25,-6.00585
3.36,0,0,25,-6.00237
3.365,0,0,25,-5.9989
3.37,0,0,25,-5.99542
3.375,0,0,25,-5.99195
3.38,0,0,25,-5.98847
3.385,0,0,25,-5.98499
3.39,0,0,25,-5.98152
3.395,0,0,25,-5.97804
3.4,0,0,25,-5.97456
3.405,0,0,25,-5.97108
3.41,0,0,25,-5.9676
3.415,0,0,25,-5.96413
3.42,0,0,25,-5.96065
3.425,0,0,25,-5.95717
3.43,0,0,25,-5.95369
3.435,0,0,25,-5.95021
3.44,0,0,25,-5.94673
3.445,0,0,25,-5.94324
3.45,0,0,25,-5.93976
3.455,0,0,25,-5.93628
3.46,0,0,25,-5.9328
3.465,0,0,25,-5.92932
3.47,0,0,25,-5.92583
3.475,0,0,25,-5.92235
3.48,0,0,25,-5.91887
3.485,0,0,25,-5.91538
3.49,0,0,25,-5.9119
3.495,0,0,25,-5.90842
3.5,0,0,25,-5.90493
3.505,0,0,25,-5.90145
3.51,0,0,25,-5.89796
3.515,0,0,25,-5.89448
3.52,0,0,25,-5.89099
3.525,0,0,25,-5.8875
3.53,0,0,25,-5.88402
3.535,0,0,25,-5.88053
3.54,0,0,25,-5.87705
3.545,0,0,25,-5.87356
3.55,0,0,25,-5.87007
3.555,0,0,25,-5.86658
3.56,0,0,25,-5.8631
3.565,0,0,25,-5.85961
3.57,0,0,25,-5.85612
3.575,0,0,25,-5.85263
3.58,0,0,25,-5.84914
3.585,0,0,25,-5.84565
3.59,0,0,25,-5.84216
3.595,0,0,25,-5.83868
3.6,0,0,25,-5.83519
3.605,0,0,25,-5.8317
3.61,0,0,25,-5.82821
3.615,0,0,25,-5.82472
3.62,0,0,25,-5.82123
3.625,0,0,25,-5.81774
3.63,0,0,25,-5.81424
3.635,0,0,25,-5.81075
3.64,0,0,25,-5.80726
3.645,0,0,25,-5.80377
3.65,0,0,25,-5.80028
3.655,0,0,25,-5.79679
3.66,0,0,25,-5.7933
3.665,0,0,25,-5.78981
3.67,0,0,25,-5.78631
3.675,0,0,25,-5.78282
3.68,0,0,25,-5.77933
3.685,0,0,25,-5.77584
3.69,0,0,25,-5.77234
3.695,0,0,25,-5.76885
3.7,0,0,25,-5.76536
3.705,0,0,25,-5.76187
3.71,0,0,25,-5.75837
3.715,0,0,25,-5.75488
3.72,0,0,25,-5.75139
3.725,0,0,25,-5.7479
3.73,0,0,25,-5.7444
3.735,0,0,25,-5.74091
3.74,0,0,25,-5.73742
3.745,0,0,25,-5.73392
3.75,0,0,25,-5.73043
3.755,0,0,25,-5.72694
3.76,0,0,25,-5.72345
3.765,0,0,25,-5.71995
3.77,0,0,25,-5.71646
3.775,0,0,25,-5.71297
3.78,0,0,25,-5.70947
3.785,0,0,25,-5.70598
3.79,0,0,25,-5.70249
3.795,0,0,25,-5.69899
3.8,0,0,25,-5.6955
3.805,0,0,25,-5.69201
3.81,0,0,25,-5.68852
3.815,0,0,25,-5.68502
3.82,0,0,25,-5.68153
3.825,0,0,25,-5.67804
3.83,0,0,25,-5.67455
3.835,0,0,25,-5.67106
3.84,0,0,25,-5.66756
3.845,0,0,25,-5.66407
3.85,0,0,25,-5.66058
3.855,0,0,25,-5.65709
3.86,0,0,25,-5.6536
3.865,0,0,25,-5.65011
3.87,0,0,25,-5.64662
3.875,0,0,25,-5.64313
3.88,0,0,25,-5.63964
3.885,0,0,25,-5.63615
3.89,0,0,25,-5.63266
3.895,0,0,25,-5.62917
3.9,0,0,25,-5.62568
3.905,0,0,25,-5.62219
3.91,0,0,25,-5.6187
3.915,0,0,25,-5.61521
3.92,0,0,25,-5.61172
3.925,0,0,25,-5.60824
3.93,0,0,25,-5.60475
3.935,0,0,25,-5.60126
3.94,0,0,25,-5.59778
3.945,0,0,25,-5.59429
3.95,0,0,25,-5.59081
3.955,0,0,25,-5.58732
3.96,0,0,25,-5.58384
3.965,0,0,25,-5.58035
3.97,0,0,25,-5.57687
3.975,0,0,25,-5.57339
3.98,0,0,25,-5.5699
3.985,0,0,25,-5.56642
3.99,0,0,25,-5.56294
3.995,0,0,25,-5.55946
4,0,0,25,-5.55598
4.005,0,0,25,-5.5525
4.01,0,0,25,-5.54902
4.015,0,0,25,-5.54554
4.02,0,0,25,-5.54206
4.025,0,0,25,-5.53859
4.03,0,0,25,-5.53511
4.035,0,0,25,-5.53163
4.04,0,0,25,-5.52816
4.045,0,0,25,-5.52468
4.05,0,0,25,-5.52121
4.055,0,0,25,-5.51774
4.06,0,0,25,-5.51427
4.065,0,0,25,-5.5108
4.07,0,0,25,-5.50733
4.075,0,0,25,-5.50386
4.08,0,0,25,-5.50039
4.085,0,0,25,-5.49692
4.09,0,0,25,-5.49345
4.095,0,0,25,-5.48999
4.1,0,0,25,-5.48653
4.105,0,0,25,-5.48306
4.11,0,0,25,-5.4796
4.115,0,0,25,-5.47614
4.12,0,0,25,-5.47268
4.125,0,0,25,-5.46922
4.13,0,0,25,-5.46576
4.135,0,0,25,-5.46231
4.14,0,0,25,-5.45885
4.145,0,0,25,-5.4554
4.15,0,0,25,-5.45195
4.155,0,0,25,-5.4485
4.16,0,0,25,-5.44505
4.165,0,0,25,-5.4416
4.17,0,0,25,-5.43815
4.175,0,0,25,-5.43471
4.18,0,0,25,-5.43126
4.185,0,0,25,-5.42782
4.19,0,0,25,-5.42438
4.195,0,0,25,-5.42094
4.2,0,0,25,-5.41751
4.205,0,0,25,-5.41407
4.21,0,0,25,-5.41064
4.215,0,0,25,-5.40721
4.22,0,0,25,-5.40378
4.225,0,0,25,-5.40035
4.23,0,0,25,-5.39692
4.235,0,0,25,-5.3935
4.24,0,0,25,-5.39008
4.245,0,0,25,-5.38666
4.25,0,0,25,-5.38324
4.255,0,0,25,-5.37983
4.26,0,0,25,-5.37642
4.265,0,0,25,-5.37301
4.27,0,0,25,-5.3696
4.275,0,0,25,-5.36619
4.28,0,0,25,-5.36279
4.285,0,0,25,-5.35939
4.29,0,0,25,-5.356
4.295,0,0,25,-5.3526
4.3,0,0,25,-5.34921
4.305,0,0,25,-5.34582
4.31,0,0,25,-5.34244
4.315,0,0,25,-5.33905
4.32,0,0,25,-5.33567
4.325,0,0,25,-5.3323
4.33,0,0,25,-5.32893
4.335,0,0,25,-5.32556
4.34,0,0,25,-5.32219
4.345,0,0,25,-5.31883
4.35,0,0,25,-5.31547
4.355,0,0,25,-5.31211
4.36,0,0,25,-5.30876
4.365,0,0,25,-5.30542
4.37,0,0,25,-5.30207
4.375,0,0,25,-5.29873
4.38,0,0,25,-5.2954
4.385,0,0,25,-5.29207
4.39,0,0,25,-5.28874
4.395,0,0,25,-5.28542
4.4,0,0,25,-5.2821
4.405,0,0,25,-5.27879
4.41,0,0,25,-5.27548
4.415,0,0,25,-5.27218
4.42,0,0,25,-5.26889
4.425,0,0,25,-5.26559
4.43,0,0,25,-5.26231
4.435,0,0,25,-5.25903
4.44,0,0,25,-5.25575
4.445,0,0,25,-5.25248
4.45,0,0,25,-5.24922
4.455,0,0,25,-5.24596
4.46,0,0,25,-5.24271
4.465,0,0,25,-5.23947
4.47,0,0,25,-5.23623
4.475,0,0,25,-5.233
4.48,0,0,25,-5.22978
4.485,0,0,25,-5.22656
4.49,0,0,25,-5.22335
4.495,0,0,25,-5.22015
4.5,0,0,25,-5.21695
4.505,0,0,25,-5.21377
4.51,0,0,25,-5.21059
4.515,0,0,25,-5.20742
4.52,0,0,25,-5.20426
4.525,0,0,25,-5.2011
4.53,0,0,25,-5.19796
4.535,0,0,25,-5.19483
4.54,0,0,25,-5.1917
4.545,0,0,25,-5.18859
4.55,0,0,25,-5.18548
4.555,0,0,25,-5.18239
4.56,0,0,25,-5.1793
4.565,0,0,25,-5.17623
4.57,0,0,25,-5.17316
4.575,0,0,25,-5.17011
4.58,0,0,25,-5.16707
4.585,0,0,25,-5.16404
4.59,0,0,25,-5.16102
4.595,0,0,25,-5.15802
4.6,0,0,25,-5.15503
4.605,0,0,25,-5.15205
4.61,0,0,25,-5.14909
4.615,0,0,25,-5.14613
4.62,0,0,25,-5.1432
4.625,0,0,25,-5.14027
4.63,0,0,25,-5.13737
4.635,0,0,25,-5.13447
4.64,0,0,25,-5.1316
4.645,0,0,25,-5.12873
4.65,0,0,25,-5.12589
4.655,0,0,25,-5.12306
4.66,0,0,25,-5.12025
4.665,0,0,25,-5.11746
4.67,0,0,25,-5.11468
4.675,0,0,25,-5.11192
4.68,0,0,25,-5.10918
4.685,0,0,25,-5.10647
4.69,0,0,25,-5.10377
4.695,0,0,25,-5.10109
4.7,0,0,25,-5.09843
4.705,0,0,25,-5.09579
4.71,0,0,25,-5.09318
4.715,0,0,25,-5.09059
4.72,0,0,25,-5.08802
4.725,0,0,25,-5.08548
4.73,0,0,25,-5.08296
4.735,0,0,25,-5.08046
4.74,0,0,25,-5.07799
4.745,0,0,25,-5.07555
4.75,0,0,25,-5.07313
4.755,0,0,25,-5.07074
4.76,0,0,25,-5.06838
4.765,0,0,25,-5.06604
4.77,0,0,25,-5.06374
4.775,0,0,25,-5.06147
4.78,0,0,25,-5.05922
4.785,0,0,25,-5.05701
4.79,0,0,25,-5.05483
4.795,0,0,25,-5.05269
4.8,0,0,25,-5.05058
4.805,0,0,25,-5.0485
4.81,0,0,25,-5.04646
4.815,0,0,25,-5.04446
4.82,0,0,25,-5.04249
4.825,0,0,25,-5.04056
4.83,0,0,25,-5.03867
4.835,0,0,25,-5.03682
4.84,0,0,25,-5.03501
4.845,0,0,25,-5.03324
4.85,0,0,25,-5.03152
4.855,0,0,25,-5.02983
4.86,0,0,25,-5.0282
4.865,0,0,25,-5.02661
4.87,0,0,25,-5.02506
4.875,0,0,25,-5.02356
4.88,0,0,25,-5.02211
4.885,0,0,25,-5.02071
4.89,0,0,25,-5.01936
4.895,0,0,25,-5.01806
4.9,0,0,25,-5.01681
4.905,0,0,25,-5.01561
4.91,0,0,25,-5.01447
4.915,0,0,25,-5.01338
4.92,0,0,25,-5.01235
4.925,0,0,25,-5.01138
4.93,0,0,25,-5.01046
4.935,0,0,25,-5.0096
4.94,0,0,25,-5.00879
4.945,0,0,25,-5.00805
4.95,0,0,25,-5.00736
4.955,0,0,25,-5.00674
4.96,0,0,25,-5.00618
4.965,0,0,25,-5.00568
4.97,0,0,25,-5.00524
4.975,0,0,25,-5.00486
4.98,0,0,25,-5.00454
4.985,0,0,25,-5.00429
4.99,0,0,25,-5.0041
4.995,0,0,25,-5.00397
5,0,0,25,-5.00391
