0,0,0,25,-8.88843
0.005,0,0,25,-8.88834
0.01,0,0,25,-8.88818
0.015,0,0,25,-8.88792
0.02,0,0,25,-8.88758
0.025,0,0,25,-8.88717
0.03,0,0,25,-8.88667
0.035,0,0,25,-8.88609
0.04,0,0,25,-8.88543
0.045,0,0,25,-8.8847
0.05,0,0,25,-8.88389
0.055,0,0,25,-8.88301
0.06,0,0,25,-8.88206
0.065,0,0,25,-8.88104
0.07,0,0,25,-8.87995
0.075,0,0,25,-8.87879
0.08,0,0,25,-8.87757
0.085,0,0,25,-8.87629
0.09,0,0,25,-8.87494
0.095,0,0,25,-8.87353
0.1,0,0,25,-8.87206
0.105,0,0,25,-8.87054
0.11,0,0,25,-8.86896
0.115,0,0,25,-8.86732
0.12,0,0,25,-8.86563
0.125,0,0,25,-8.86389
0.13,0,0,25,-8.86209
0.135,0,0,25,-8.86025
0.14,0,0,25,-8.85835
0.145,0,0,25,-8.85641
0.15,0,0,25,-8.85442
0.155,0,0,25,-8.85239
0.16,0,0,25,-8.85032
0.165,0,0,25,-8.8482
0.17,0,0,25,-8.84603
0.175,0,0,25,-8.84383
0.18,0,0,25,-8.84159
0.185,0,0,25,-8.8393
0.19,0,0,25,-8.83698
0.195,0,0,25,-8.83463
0.2,0,0,25,-8.83223
0.205,0,0,25,-8.82981
0.21,0,0,25,-8.82734
0.215,0,0,25,-8.82485
0.22,0,0,25,-8.82232
0.225,0,0,25,-8.81976
0.23,0,0,25,-8.81717
0.235,0,0,25,-8.81455
0.24,0,0,25,-8.8119
0.245,0,0,25,-8.80922
0.25,0,0,25,-8.80651
0.255,0,0,25,-8.80378
0.26,0,0,25,-8.80102
0.265,0,0,25,-8.79824
0.27,0,0,25,-8.79543
0.275,0,0,25,-8.79259
0.28,0,0,25,-8.78973
0.285,0,0,25,-8.78685
0.29,0,0,25,-8.78395
0.295,0,0,25,-8.78102
0.3,0,0,25,-8.77808
0.305,0,0,25,-8.77511
0.31,0,0,25,-8.77212
0.315,0,0,25,-8.76912
0.32,0,0,25,-8.76609
0.325,0,0,25,-8.76305
0.33,0,0,25,-8.75999
0.335,0,0,25,-8.75691
0.34,0,0,25,-8.75381
0.345,0,0,25,-8.7507
0.35,0,0,25,-8.74757
0.355,0,0,25,-8.74443
0.36,0,0,25,-8.74127
0.365,0,0,25,-8.7381
0.37,0,0,25,-8.73491
0.375,0,0,25,-8.73171
0.38,0,0,25,-8.72849
0.385,0,0,25,-8.72526
0.39,0,0,25,-8.72202
0.395,0,0,25,-8.71877
0.4,0,0,25,-8.7155
0.405,0,0,25,-8.71223
0.41,0,0,25,-8.70894
0.415,0,0,25,-8.70564
0.42,0,0,25,-8.70233
0.425,0,0,25,-8.69901
0.43,0,0,25,-8.69568
0.435,0,0,25,-8.69234
0.44,0,0,25,-8.689
0.445,0,0,25,-8.68564
0.45,0,0,25,-8.68227
0.455,0,0,25,-8.6789
0.46,0,0,25,-8.67551
0.465,0,0,25,-8.67212
0.47,0,0,25,-8.66873
0.475,0,0,25,-8.66532
0.48,0,0,25,-8.66191
0.485,0,0,25,-8.65849
0.49,0,0,25,-8.65506
0.495,0,0,25,-8.65163
0.5,0,0,25,-8.64819
0.505,0,0,25,-8.64474
0.51,0,0,25,-8.64129
0.515,0,0,25,-8.63783
0.52,0,0,25,-8.63437
0.525,0,0,25,-8.6309
0.53,0,0,25,-8.62743
0.535,0,0,25,-8.62395
0.54,0,0,25,-8.62047
0.545,0,0,25,-8.61698
0.55,0,0,25,-8.61349
0.555,0,0,25,-8.60999
0.56,0,0,25,-8.60649
0.565,0,0,25,-8.60299
0.57,0,0,25,-8.59948
0.575,0,0,25,-8.59597
0.58,0,0,25,-8.59246
0.585,0,0,25,-8.58894
0.59,0,0,25,-8.58542
0.595,0,0,25,-8.58189
0.6,0,0,25,-8.57837
0.605,0,0,25,-8.57484
0.61,0,0,25,-8.5713
0.615,0,0,25,-8.56777
0.62,0,0,25,-8.56423
0.625,0,0,25,-8.56069
0.63,0,0,25,-8.55715
0.635,0,0,25,-8.5536
0.64,0,0,25,-8.55006
0.645,0,0,25,-8.54651
0.65,0,0,25,-8.54296
0.655,0,0,25,-8.53941
0.66,0,0,25,-8.53585
0.665,0,0,25,-8.5323
0.67,0,0,25,-8.52874
0.675,0,0,25,-8.52518
0.68,0,0,25,-8.52162
0.685,0,0,25,-8.51806
0.69,0,0,25,-8.5145
0.695,0,0,25,-8.51094
0.7,0,0,25,-8.50737
0.705,0,0,25,-8.50381
0.71,0,0,25,-8.50024
0.715,0,0,25,-8.49667
0.72,0,0,25,-8.49311
0.725,0,0,25,-8.48954
0.73,0,0,25,-8.48597
0.735,0,0,25,-8.4824
0.74,0,0,25,-8.47883
0.745,0,0,25,-8.47526
0.75,0,0,25,-8.47169
0.755,0,0,25,-8.46812
0.76,0,0,25,-8.46455
0.765,0,0,25,-8.46098
0.77,0,0,25,-8.4574
0.775,0,0,25,-8.45383
0.78,0,0,25,-8.45026
0.785,0,0,25,-8.44669
0.79,0,0,25,-8.44312
0.795,0,0,25,-8.43954
0.8,0,0,25,-8.43597
0.805,0,0,25,-8.4324
0.81,0,0,25,-8.42883
0.815,0,0,25,-8.42526
0.82,0,0,25,-8.42169
0.825,0,0,25,-8.41811
0.83,0,0,25,-8.41454
0.835,0,0,25,-8.41097
0.84,0,0,25,-8.4074
0.845,0,0,25,-8.40383
0.85,0,0,25,-8.40026
0.855,0,0,25,-8.39669
0.86,0,0,25,-8.39312
0.865,0,0,25,-8.38956
0.87,0,0,25,-8.38599
0.875,0,0,25,-8.38242
0.88,0,0,25,-8.37885
0.885,0,0,25,-8.37529
0.89,0,0,25,-8.37172
0.895,0,0,25,-8.36816
0.9,0,0,25,-8.36459
0.905,0,0,25,-8.36103
0.91,0,0,25,-8.35746
0.915,0,0,25,-8.3539
0.92,0,0,25,-8.35034
0.925,0,0,25,-8.34678
0.93,0,0,25,-8.34322
0.935,0,0,25,-8.33966
0.94,0,0,25,-8.3361
0.945,0,0,25,-8.33254
0.95,0,0,25,-8.32898
0.955,0,0,25,-8.32543
0.96,0,0,25,-8.32187
0.965,0,0,25,-8.31831
0.97,0,0,25,-8.31476
0.975,0,0,25,-8.31121
0.98,0,0,25,-8.30765
0.985,0,0,25,-8.3041
0.99,0,0,25,-8.30055
0.995,0,0,25,-8.297
1,0,0,25,-8.29345
1.005,0,0,25,-8.2899
1.01,0,0,25,-8.28635
1.015,0,0,25,-8.28281
1.02,0,0,25,-8.27926
1.025,0,0,25,-8.27571
1.03,0,0,25,-8.27217
1.035,0,0,25,-8.26863
1.04,0,0,25,-8.26508
1.045,0,0,25,-8.26154
1.05,0,0,25,-8.258
1.055,0,0,25,-8.25446
1.06,0,0,25,-8.25092
1.065,0,0,25,-8.24738
1.07,0,0,25,-8.24385
1.075,0,0,25,-8.24031
1.08,0,0,25,-8.23678
1.085,0,0,25,-8.23324
1.09,0,0,25,-8.22971
1.095,0,0,25,-8.22617
1.1,0,0,25,-8.22264
1.105,0,0,25,-8.21911
1.11,0,0,25,-8.21558
1.115,0,0,25,-8.21205
1.12,0,0,25,-8.20853
1.125,0,0,25,-8.205
1.13,0,0,25,-8.20147
1.135,0,0,25,-8.19795
1.14,0,0,25,-8.19442
1.145,0,0,25,-8.1909
1.15,0,0,25,-8.18738
1.155,0,0,25,-8.18386
1.16,0,0,25,-8.18034
1.165,0,0,25,-8.17682
1.17,0,0,25,-8.1733
1.175,0,0,25,-8.16978
1.18,0,0,25,-8.16626
1.185,0,0,25,-8.16275
1.19,0,0,25,-8.15923
1.195,0,0,25,-8.15572
1.2,0,0,25,-8.1522
1.205,0,0,25,-8.14869
1.21,0,0,25,-8.14518
1.215,0,0,25,-8.14167
1.22,0,0,25,-8.13816
1.225,0,0,25,-8.13465
1.23,0,0,25,-8.13114
1.235,0,0,25,-8.12764
1.24,0,0,25,-8.12413
1.245,0,0,25,-8.12063
1.25,0,0,25,-8.11712
1.255,0,0,25,-8.11362
1.26,0,0,25,-8.11012
1.265,0,0,25,-8.10662
1.27,0,0,25,-8.10312
1.275,0,0,25,-8.09962
1.28,0,0,25,-8.09612
1.285,0,0,25,-8.09262
1.29,0,0,25,-8.08912
1.295,0,0,25,-8.08563
1.3,0,0,25,-8.08213
1.305,0,0,25,-8.07864
1.31,0,0,25,-8.07514
1.315,0,0,25,-8.07165
1.32,0,0,25,-8.06816
1.325,0,0,25,-8.06467
1.33,0,0,25,-8.06118
1.335,0,0,25,-8.05769
1.34,0,0,25,-8.0542
1.345,0,0,25,-8.05071
1.35,0,0,25,-8.04723
1.355,0,0,25,-8.04374
1.36,0,0,25,-8.04026
1.365,0,0,25,-8.03677
1.37,0,0,25,-8.03329
1.375,0,0,25,-8.02981
1.38,0,0,25,-8.02632
1.385,0,0,25,-8.02284
1.39,0,0,25,-8.01936
1.395,0,0,25,-8.01588
1.4,0,0,25,-8.0124
1.405,0,0,25,-8.00893
1.41,0,0,25,-8.00545
1.415,0,0,25,-8.00197
1.42,0,0,25,-7.9985
1.425,0,0,25,-7.99502
1.43,0,0,25,-7.99155
1.435,0,0,25,-7.98808
1.44,0,0,25,-7.9846
1.445,0,0,25,-7.98113
1.45,0,0,25,-7.97766
1.455,0,0,25,-7.97419
1.46,0,0,25,-7.97072
1.465,0,0,25,-7.96726
1.47,0,0,25,-7.96379
1.475,0,0,25,-7.96032
1.48,0,0,25,-7.95685
1.485,0,0,25,-7.95339
1.49,0,0,25,-7.94992
1.495,0,0,25,-7.94646
1.5,0,0,25,-7.943
1.505,0,0,25,-7.93953
1.51,0,0,25,-7.93607
1.515,0,0,25,-7.93261
1.52,0,0,25,-7.92915
1.525,0,0,25,-7.92569
1.53,0,0,25,-7.92223
1.535,0,0,25,-7.91877
1.54,0,0,25,-7.91532
1.545,0,0,25,-7.91186
1.55,0,0,25,-7.9084
1.555,0,0,25,-7.90495
1.56,0,0,25,-7.90149
1.565,0,0,25,-7.89804
1.57,0,0,25,-7.89458
1.575,0,0,25,-7.89113
1.58,0,0,25,-7.88768
1.585,0,0,25,-7.88423
1.59,0,0,25,-7.88078
1.595,0,0,25,-7.87733
1.6,0,0,25,-7.87388
1.605,0,0,25,-7.87043
1.61,0,0,25,-7.86698
1.615,0,0,25,-7.86353
1.62,0,0,25,-7.86009
1.625,0,0,25,-7.85664
1.63,0,0,25,-7.85319
1.635,0,0,25,-7.84975
1.64,0,0,25,-7.84631
1.645,0,0,25,-7.84286
1.65,0,0,25,-7.83942
1.655,0,0,25,-7.83598
1.66,0,0,25,-7.83253
1.665,0,0,25,-7.82909
1.67,0,0,25,-7.82565
1.675,0,0,25,-7.82221
1.68,0,0,25,-7.81877
1.685,0,0,25,-7.81533
1.69,0,0,25,-7.8119
1.695,0,0,25,-7.80846
1.7,0,0,25,-7.80502
1.705,0,0,25,-7.80159
1.71,0,0,25,-7.79815
1.715,0,0,25,-7.79472
1.72,0,0,25,-7.79128
1.725,0,0,25,-7.78785
1.73,0,0,25,-7.78441
1.735,0,0,25,-7.78098
1.74,0,0,25,-7.77755
1.745,0,0,25,-7.77412
1.75,0,0,25,-7.77069
1.755,0,0,25,-7.76726
1.76,0,0,25,-7.76383
1.765,0,0,25,-7.7604
1.77,0,0,25,-7.75697
1.775,0,0,25,-7.75354
1.78,0,0,25,-7.75011
1.785,0,0,25,-7.74669
1.79,0,0,25,-7.74326
1.795,0,0,25,-7.73983
1.8,0,0,25,-7.73641
1.805,0,0,25,-7.73298
1.81,0,0,25,-7.72956
1.815,0,0,25,-7.72614
1.82,0,0,25,-7.72271
1.825,0,0,25,-7.71929
1.83,0,0,25,-7.71587
1.835,0,0,25,-7.71245
1.84,0,0,25,-7.70903
1.845,0,0,25,-7.7056
1.85,0,0,25,-7.70218
1.855,0,0,25,-7.69877
1.86,0,0,25,-7.69535
1.865,0,0,25,-7.69193
1.87,0,0,25,-7.68851
1.875,0,0,25,-7.68509
1.88,0,0,25,-7.68168
1.885,0,0,25,-7.67826
1.89,0,0,25,-7.67484
1.895,0,0,25,-7.67143
1.9,0,0,25,-7.66801
1.905,0,0,25,-7.6646
1.91,0,0,25,-7.66119
1.915,0,0,25,-7.65777
1.92,0,0,25,-7.65436
1.925,0,0,25,-7.65095
1.93,0,0,25,-7.64754
1.935,0,0,25,-7.64413
1.94,0,0,25,-7.64071
1.945,0,0,25,-7.6373
1.95,0,0,25,-7.63389
1.955,0,0,25,-7.63049
1.96,0,0,25,-7.62708
1.965,0,0,25,-7.62367
1.97,0,0,25,-7.62026
1.975,0,0,25,-7.61685
1.98,0,0,25,-7.61345
1.985,0,0,25,-7.61004
1.99,0,0,25,-7.60663
1.995,0,0,25,-7.60323
2,0,0,25,-7.59982
2.005,0,0,25,-7.59642
2.01,0,0,25,-7.59301
2.015,0,0,25,-7.58961
2.02,0,0,25,-7.58621
2.025,0,0,25,-7.58281
2.03,0,0,25,-7.5794
2.035,0,0,25,-7.576
2.04,0,0,25,-7.5726
2.045,0,0,25,-7.5692
2.05,0,0,25,-7.5658
2.055,0,0,25,-7.5624
2.06,0,0,25,-7.559
2.065,0,0,25,-7.5556
2.07,0,0,25,-7.5522
2.075,0,0,25,-7.5488
2.08,0,0,25,-7.54541
2.085,0,0,25,-7.54201
2.09,0,0,25,-7.53861
2.095,0,0,25,-7.53522
2.1,0,0,25,-7.53182
2.105,0,0,25,-7.52843
2.11,0,0,25,-7.52503
2.115,0,0,25,-7.52164
2.12,0,0,25,-7.51824
2.125,0,0,25,-7.51485
2.13,0,0,25,-7.51146
2.135,0,0,25,-7.50806
2.14,0,0,25,-7.50467
2.145,0,0,25,-7.50128
2.15,0,0,25,-7.49789
2.155,0,0,25,-7.4945
2.16,0,0,25,-7.4911
2.165,0,0,25,-7.48771
2.17,0,0,25,-7.48432
2.175,0,0,25,-7.48094
2.18,0,0,25,-7.47755
2.185,0,0,25,-7.47416
2.19,0,0,25,-7.47077
2.195,0,0,25,-7.46738
2.2,0,0,25,-7.46399
2.205,0,0,25,-7.46061
2.21,0,0,25,-7.45722
2.215,0,0,25,-7.45384
2.22,0,0,25,-7.45045
2.225,0,0,25,-7.44706
2.23,0,0,25,-7.44368
2.235,0,0,25,-7.44029
2.24,0,0,25,-7.43691
2.245,0,0,25,-7.43353
2.25,0,0,25,-7.43014
2.255,0,0,25,-7.42676
2.26,0,0,25,-7.42338
2.265,0,0,25,-7.42
2.27,0,0,25,-7.41662
2.275,0,0,25,-7.41323
2.28,0,0,25,-7.40985
2.285,0,0,25,-7.40647
2.29,0,0,25,-7.40309
2.295,0,0,25,-7.39971
2.3,0,0,25,-7.39633
2.305,0,0,25,-7.39295
2.31,0,0,25,-7.38958
2.315,0,0,25,-7.3862
2.32,0,0,25,-7.38282
2.325,0,0,25,-7.37944
2.33,0,0,25,-7.37607
2.335,0,0,25,-7.37269
2.34,0,0,25,-7.36931
2.345,0,0,25,-7.36594
2.35,0,0,25,-7.36256
2.355,0,0,25,-7.35919
2.36,0,0,25,-7.35581
2.365,0,0,25,-7.35244
2.37,0,0,25,-7.34907
2.375,0,0,25,-7.34569
2.38,0,0,25,-7.34232
2.385,0,0,25,-7.33895
2.39,0,0,25,-7.33557
2.395,0,0,25,-7.3322
2.4,0,0,25,-7.32883
2.405,0,0,25,-7.32546
2.41,0,0,25,-7.32209
2.415,0,0,25,-7.31872
2.42,0,0,25,-7.31535
2.425,0,0,25,-7.31198
2.43,0,0,25,-7.30861
2.435,0,0,25,-7.30524
2.44,0,0,25,-7.30187
2.445,0,0,25,-7.2985
2.45,0,0,25,-7.29513
2.455,0,0,25,-7.29177
2.46,0,0,25,-7.2884
2.465,0,0,25,-7.28503
2.47,0,0,25,-7.28167
2.475,0,0,25,-7.2783
2.48,0,0,25,-7.27493
2.485,0,0,25,-7.27157
2.49,0,0,25,-7.2682
2.495,0,0,25,-7.26484
2.5,0,0,25,-7.26147
2.505,0,0,25,-7.25811
2.51,0,0,25,-7.25475
2.515,0,0,25,-7.25138
2.52,0,0,25,-7.24802
2.525,0,0,25,-7.24466
2.53,0,0,25,-7.24129
2.535,0,0,25,-7.23793
2.54,0,0,25,-7.23457
2.545,0,0,25,-7.23121
2.55,0,0,25,-7.22785
2.555,0,0,25,-7.22449
2.56,0,0,25,-7.22113
2.565,0,0,25,-7.21777
2.57,0,0,25,-7.21441
2.575,0,0,25,-7.21105
2.58,0,0,25,-7.20769
2.585,0,0,25,-7.20433
2.59,0,0,25,-7.20097
2.595,0,0,25,-7.19762
2.6,0,0,25,-7.19426
2.605,0,0,25,-7.1909
2.61,0,0,25,-7.18755
2.615,0,0,25,-7.18419
2.62,0,0,25,-7.18083
2.625,0,0,25,-7.17748
2.63,0,0,25,-7.17412
2.635,0,0,25,-7.17077
2.64,0,0,25,-7.16741
2.645,0,0,25,-7.16406
2.65,0,0,25,-7.1607
2.655,0,0,25,-7.15735
2.66,0,0,25,-7.154
2.665,0,0,25,-7.15064
2.67,0,0,25,-7.14729
2.675,0,0,25,-7.14394
2.68,0,0,25,-7.14059
2.685,0,0,25,-7.13723
2.69,0,0,25,-7.13388
2.695,0,0,25,-7.13053
2.7,0,0,25,-7.12718
2.705,0,0,25,-7.12383
2.71,0,0,25,-7.12048
2.715,0,0,25,-7.11713
2.72,0,0,25,-7.11378
2.725,0,0,25,-7.11043
2.73,0,0,25,-7.10708
2.735,0,0,25,-7.10373
2.74,0,0,25,-7.10039
2.745,0,0,25,-7.09704
2.75,0,0,25,-7.09369
2.755,0,0,25,-7.09034
2.76,0,0,25,-7.087
2.765,0,0,25,-7.08365
2.77,0,0,25,-7.0803
2.775,0,0,25,-7.07696
2.78,0,0,25,-7.07361
2.785,0,0,25,-7.07027
2.79,0,0,25,-7.06692
2.795,0,0,25,-7.06358
2.8,0,0,25,-7.06023
2.805,0,0,25,-7.05689
2.81,0,0,25,-7.05354
2.815,0,0,25,-7.0502
2.82,0,0,25,-7.04686
2.825,0,0,25,-7.04351
2.83,0,0,25,-7.04017
2.835,0,0,25,-7.03683
2.84,0,0,25,-7.03349
2.845,0,0,25,-7.03014
2.85,0,0,25,-7.0268
2.855,0,0,25,-7.02346
2.86,0,0,25,-7.02012
2.865,0,0,25,-7.01678
2.87,0,0,25,-7.01344
2.875,0,0,25,-7.0101
2.88,0,0,25,-7.00676
2.885,0,0,25,-7.00342
2.89,0,0,25,-7.00008
2.895,0,0,25,-6.99674
2.9,0,0,25,-6.99341
2.905,0,0,25,-6.99007
2.91,0,0,25,-6.98673
2.915,0,0,25,-6.98339
2.92,0,0,25,-6.98006
2.925,0,0,25,-6.97672
2.93,0,0,25,-6.97338
2.935,0,0,25,-6.97005
2.94,0,0,25,-6.96671
2.945,0,0,25,-6.96337
2.95,0,0,25,-6.96004
2.955,0,0,25,-6.9567
2.96,0,0,25,-6.95337
2.965,0,0,25,-6.95003
2.97,0,0,25,-6.9467
2.975,0,0,25,-6.94337
2.98,0,0,25,-6.94003
2.985,0,0,25,-6.9367
2.99,0,0,25,-6.93337
2.995,0,0,25,-6.93003
3,0,0,25,-6.9267
3.005,0,0,25,-6.92337
3.01,0,0,25,-6.92004
3.015,0,0,25,-6.9167
3.02,0,0,25,-6.91337
3.025,0,0,25,-6.91004
3.03,0,0,25,-6.90671
3.035,0,0,25,-6.90338
3.04,0,0,25,-6.90005
3.045,0,0,25,-6.89672
3.05,0,0,25,-6.89339
3.055,0,0,25,-6.89006
3.06,0,0,25,-6.88673
3.065,0,0,25,-6.8834
3.07,0,0,25,-6.88008
3.075,0,0,25,-6.87675
3.08,0,0,25,-6.87342
3.085,0,0,25,-6.87009
3.09,0,0,25,-6.86676
3.095,0,0,25,-6.86344
3.1,0,0,25,-6.86011
3.105,0,0,25,-6.85678
3.11,0,0,25,-6.85346
3.115,0,0,25,-6.85013
3.12,0,0,25,-6.84681
3.125,0,0,25,-6.84348
3.13,0,0,25,-6.84016
3.135,0,0,25,-6.83683
3.14,0,0,25,-6.83351
3.145,0,0,25,-6.83018
3.15,0,0,25,-6.82686
3.155,0,0,25,-6.82353
3.16,0,0,25,-6.82021
3.165,0,0,25,-6.81689
3.17,0,0,25,-6.81356
3.175,0,0,25,-6.81024
3.18,0,0,25,-6.80692
3.185,0,0,25,-6.8036
3.19,0,0,25,-6.80027
3.195,0,0,25,-6.79695
3.2,0,0,25,-6.79363
3.205,0,0,25,-6.79031
3.21,0,0,25,-6.78699
3.215,0,0,25,-6.78367
3.22,0,0,25,-6.78035
3.225,0,0,25,-6.77703
3.23,0,0,25,-6.77371
3.235,0,0,25,-6.77039
3.24,0,0,25,-6.76707
3.245,0,0,25,-6.76375
3.25,0,0,25,-6.76043
3.255,0,0,25,-6.75711
3.26,0,0,25,-6.7538
3.265,0,0,25,-6.75048
3.27,0,0,25,-6.74716
3.275,0,0,25,-6.74384
3.28,0,0,25,-6.74053
3.285,0,0,25,-6.73721
3.29,0,0,25,-6.73389
3.295,0,0,25,-6.73058
3.3,0,0,25,-6.72726
3.305,0,0,25,-6.72394
3.31,0,0,25,-6.72063
3.315,0,0,25,-6.71731
3.32,0,0,25,-6.714
3.325,0,0,25,-6.71068
3.33,0,0,25,-6.70737
3.335,0,0,25,-6.70405
3.34,0,0,25,-6.70074
3.345,0,0,25,-6.69743
3.35,0,0,25,-6.69411
3.355,0,0,25,-6.6908
3.36,0,0,25,-6.68749
3.365,0,0,25,-6.68417
3.37,0,0,25,-6.68086
3.375,0,0,25,-6.67755
3.38,0,0,25,-6.67424
3.385,0,0,25,-6.67093
3.39,0,0,25,-6.66761
3.395,0,0,25,-6.6643
3.4,0,0,25,-6.66099
3.405,0,0,25,-6.65768
3.41,0,0,25,-6.65437
3.415,0,0,25,-6.65106
3.42,0,0,25,-6.64775
3.425,0,0,25,-6.64444
3.43,0,0,25,-6.64113
3.435,0,0,25,-6.63782
3.44,0,0,25,-6.63451
3.445,0,0,25,-6.6312
3.45,0,0,25,-6.62789
3.455,0,0,25,-6.62458
3.46,0,0,25,-6.62128
3.465,0,0,25,-6.61797
3.47,0,0,25,-6.61466
3.475,0,0,25,-6.61135
3.48,0,0,25,-6.60805
3.485,0,0,25,-6.60474
3.49,0,0,25,-6.60143
3.495,0,0,25,-6.59812
3.5,0,0,25,-6.59482
3.505,0,0,25,-6.59151
3.51,0,0,25,-6.58821
3.515,0,0,25,-6.5849
3.52,0,0,25,-6.58159
3.525,0,0,25,-6.57829
3.53,0,0,25,-6.57498
3.535,0,0,25,-6.57168
3.54,0,0,25,-6.56837
3.545,0,0,25,-6.56507
3.55,0,0,25,-6.56177
3.555,0,0,25,-6.55846
3.56,0,0,25,-6.55516
3.565,0,0,25,-6.55185
3.57,0,0,25,-6.54855
3.575,0,0,25,-6.54525
3.58,0,0,25,-6.54194
3.585,0,0,25,-6.53864
3.59,0,0,25,-6.53534
3.595,0,0,25,-6.53204
3.6,0,0,25,-6.52874
3.605,0,0,25,-6.52543
3.61,0,0,25,-6.52213
3.615,0,0,25,-6.51883
3.62,0,0,25,-6.51553
3.625,0,0,25,-6.51223
3.63,0,0,25,-6.50893
3.635,0,0,25,-6.50563
3.64,0,0,25,-6.50233
3.645,0,0,25,-6.49903
3.65,0,0,25,-6.49573
3.655,0,0,25,-6.49243
3.66,0,0,25,-6.48913
3.665,0,0,25,-6.48583
3.67,0,0,25,-6.48253
3.675,0,0,25,-6.47923
3.68,0,0,25,-6.47593
3.685,0,0,25,-6.47263
3.69,0,0,25,-6.46933
3.695,0,0,25,-6.46603
3.7,0,0,25,-6.46274
3.705,0,0,25,-6.45944
3.71,0,0,25,-6.45614
3.715,0,0,25,-6.45284
3.72,0,0,25,-6.44955
3.725,0,0,25,-6.44625
3.73,0,0,25,-6.44295
3.735,0,0,25,-6.43966
3.74,0,0,25,-6.43636
3.745,0,0,25,-6.43306
3.75,0,0,25,-6.42977
3.755,0,0,25,-6.42647
3.76,0,0,25,-6.42318
3.765,0,0,25,-6.41988
3.77,0,0,25,-6.41658
3.775,0,0,25,-6.41329
3.78,0,0,25,-6.40999
3.785,0,0,25,-6.4067
3.79,0,0,25,-6.40341
3.795,0,0,25,-6.40011
3.8,0,0,25,-6.39682
3.805,0,0,25,-6.39352
3.81,0,0,25,-6.39023
3.815,0,0,25,-6.38694
3.82,0,0,25,-6.38364
3.825,0,0,25,-6.38035
3.83,0,0,25,-6.37706
3.835,0,0,25,-6.37376
3.84,0,0,25,-6.37047
3.845,0,0,25,-6.36718
3.85,0,0,25,-6.36389
3.855,0,0,25,-6.36059
3.86,0,0,25,-6.3573
3.865,0,0,25,-6.35401
3.87,0,0,25,-6.35072
3.875,0,0,25,-6.34743
3.88,0,0,25,-6.34414
3.885,0,0,25,-6.34085
3.89,0,0,25,-6.33756
3.895,0,0,25,-6.33427
3.9,0,0,25,-6.33098
3.905,0,0,25,-6.32769
3.91,0,0,25,-6.3244
3.915,0,0,25,-6.32111
3.92,0,0,25,-6.31782
3.925,0,0,25,-6.31453
3.93,0,0,25,-6.31124
3.935,0,0,25,-6.30795
3.94,0,0,25,-6.30466
3.945,0,0,25,-6.30137
3.95,0,0,25,-6.29809
3.955,0,0,25,-6.2948
3.96,0,0,25,-6.29151
3.965,0,0,25,-6.28823
3.97,0,0,25,-6.28494
3.975,0,0,25,-6.28165
3.98,0,0,25,-6.27837
3.985,0,0,25,-6.27508
3.99,0,0,25,-6.27179
3.995,0,0,25,-6.26851
4,0,0,25,-6.26522
4.005,0,0,25,-6.26194
4.01,0,0,25,-6.25866
4.015,0,0,25,-6.25537
4.02,0,0,25,-6.25209
4.025,0,0,25,-6.24881
4.03,0,0,25,-6.24552
4.035,0,0,25,-6.24224
4.04,0,0,25,-6.23896
4.045,0,0,25,-6.23568
4.05,0,0,25,-6.23239
4.055,0,0,25,-6.22911
4.06,0,0,25,-6.22583
4.065,0,0,25,-6.22255
4.07,0,0,25,-6.21927
4.075,0,0,25,-6.21599
4.08,0,0,25,-6.21272
4.085,0,0,25,-6.20944
4.09,0,0,25,-6.20616
4.095,0,0,25,-6.20288
4.1,0,0,25,-6.19961
4.105,0,0,25,-6.19633
4.11,0,0,25,-6.19305
4.115,0,0,25,-6.18978
4.12,0,0,25,-6.18651
4.125,0,0,25,-6.18323
4.13,0,0,25,-6.17996
4.135,0,0,25,-6.17669
4.14,0,0,25,-6.17341
4.145,0,0,25,-6.17014
4.15,0,0,25,-6.16687
4.155,0,0,25,-6.1636
4.16,0,0,25,-6.16033
4.165,0,0,25,-6.15707
4.17,0,0,25,-6.1538
4.175,0,0,25,-6.15053
4.18,0,0,25,-6.14727
4.185,0,0,25,-6.144
4.19,0,0,25,-6.14074
4.195,0,0,25,-6.13748
4.2,0,0,25,-6.13422
4.205,0,0,25,-6.13095
4.21,0,0,25,-6.1277
4.215,0,0,25,-6.12444
4.22,0,0,25,-6.12118
4.225,0,0,25,-6.11792
4.23,0,0,25,-6.11467
4.235,0,0,25,-6.11141
4.24,0,0,25,-6.10816
4.245,0,0,25,-6.10491
4.25,0,0,25,-6.10166
4.255,0,0,25,-6.09841
4.26,0,0,25,-6.09517
4.265,0,0,25,-6.09192
4.27,0,0,25,-6.08868
4.275,0,0,25,-6.08544
4.28,0,0,25,-6.08219
4.285,0,0,25,-6.07896
4.29,0,0,25,-6.07572
4.295,0,0,25,-6.07248
4.3,0,0,25,-6.06925
4.305,0,0,25,-6.06602
4.31,0,0,25,-6.06279
4.315,0,0,25,-6.05956
4.32,0,0,25,-6.05634
4.325,0,0,25,-6.05311
4.33,0,0,25,-6.04989
4.335,0,0,25,-6.04668
4.34,0,0,25,-6.04346
4.345,0,0,25,-6.04025
4.35,0,0,25,-6.03704
4.355,0,0,25,-6.03383
4.36,0,0,25,-6.03062
4.365,0,0,25,-6.02742
4.37,0,0,25,-6.02422
4.375,0,0,25,-6.02102
4.38,0,0,25,-6.01783
4.385,0,0,25,-6.01464
4.39,0,0,25,-6.01145
4.395,0,0,25,-6.00827
4.4,0,0,25,-6.00509
4.405,0,0,25,-6.00191
4.41,0,0,25,-5.99874
4.415,0,0,25,-5.99557
4.42,0,0,25,-5.99241
4.425,0,0,25,-5.98925
4.43,0,0,25,-5.98609
4.435,0,0,25,-5.98294
4.44,0,0,25,-5.97979
4.445,0,0,25,-5.97665
4.45,0,0,25,-5.97351
4.455,0,0,25,-5.97037
4.46,0,0,25,-5.96725
4.465,0,0,25,-5.96412
4.47,0,0,25,-5.96101
4.475,0,0,25,-5.95789
4.48,0,0,25,-5.95479
4.485,0,0,25,-5.95169
4.49,0,0,25,-5.94859
4.495,0,0,25,-5.9455
4.5,0,0,25,-5.94242
4.505,0,0,25,-5.93935
4.51,0,0,25,-5.93628
4.515,0,0,25,-5.93322
4.52,0,0,25,-5.93016
4.525,0,0,25,-5.92711
4.53,0,0,25,-5.92407
4.535,0,0,25,-5.92104
4.54,0,0,25,-5.91802
4.545,0,0,25,-5.915
4.55,0,0,25,-5.912
4.555,0,0,25,-5.909
4.56,0,0,25,-5.90601
4.565,0,0,25,-5.90303
4.57,0,0,25,-5.90006
4.575,0,0,25,-5.8971
4.58,0,0,25,-5.89415
4.585,0,0,25,-5.89121
4.59,0,0,25,-5.88828
4.595,0,0,25,-5.88537
4.6,0,0,25,-5.88246
4.605,0,0,25,-5.87957
4.61,0,0,25,-5.87668
4.615,0,0,25,-5.87381
4.62,0,0,25,-5.87095
4.625,0,0,25,-5.86811
4.63,0,0,25,-5.86528
4.635,0,0,25,-5.86246
4.64,0,0,25,-5.85966
4.645,0,0,25,-5.85687
4.65,0,0,25,-5.8541
4.655,0,0,25,-5.85134
4.66,0,0,25,-5.84859
4.665,0,0,25,-5.84587
4.67,0,0,25,-5.84316
4.675,0,0,25,-5.84047
4.68,0,0,25,-5.83779
4.685,0,0,25,-5.83513
4.69,0,0,25,-5.8325
4.695,0,0,25,-5.82988
4.7,0,0,25,-5.82728
4.705,0,0,25,-5.8247
4.71,0,0,25,-5.82214
4.715,0,0,25,-5.8196
4.72,0,0,25,-5.81709
4.725,0,0,25,-5.81459
4.73,0,0,25,-5.81212
4.735,0,0,25,-5.80968
4.74,0,0,25,-5.80725
4.745,0,0,25,-5.80485
4.75,0,0,25,-5.80248
4.755,0,0,25,-5.80014
4.76,0,0,25,-5.79782
4.765,0,0,25,-5.79552
4.77,0,0,25,-5.79326
4.775,0,0,25,-5.79103
4.78,0,0,25,-5.78882
4.785,0,0,25,-5.78665
4.79,0,0,25,-5.7845
4.795,0,0,25,-5.78239
4.8,0,0,25,-5.78031
4.805,0,0,25,-5.77827
4.81,0,0,25,-5.77626
4.815,0,0,25,-5.77428
4.82,0,0,25,-5.77235
4.825,0,0,25,-5.77044
4.83,0,0,25,-5.76858
4.835,0,0,25,-5.76676
4.84,0,0,25,-5.76497
4.845,0,0,25,-5.76323
4.85,0,0,25,-5.76152
4.855,0,0,25,-5.75986
4.86,0,0,25,-5.75824
4.865,0,0,25,-5.75667
4.87,0,0,25,-5.75515
4.875,0,0,25,-5.75366
4.88,0,0,25,-5.75223
4.885,0,0,25,-5.75085
4.89,0,0,25,-5.74951
4.895,0,0,25,-5.74822
4.9,0,0,25,-5.74699
4.905,0,0,25,-5.74581
4.91,0,0,25,-5.74468
4.915,0,0,25,-5.7436
4.92,0,0,25,-5.74258
4.925,0,0,25,-5.74161
4.93,0,0,25,-5.7407
4.935,0,0,25,-5.73985
4.94,0,0,25,-5.73905
4.945,0,0,25,-5.73832
4.95,0,0,25,-5.73764
4.955,0,0,25,-5.73702
4.96,0,0,25,-5.73646
4.965,0,0,25,-5.73596
4.97,0,0,25,-5.73553
4.975,0,0,25,-5.73515
4.98,0,0,25,-5.73484
4.985,0,0,25,-5.73459
4.99,0,0,25,-5.7344
4.995,0,0,25,-5.73428
5,0,0,25,-5.73422
