0,0,0,125,-23.8571
0.025,0,0,125,-23.8544
0.05,0,0,125,-23.849
0.075,0,0,125,-23.8409
0.1,0,0,125,-23.8302
0.125,0,0,125,-23.817
0.15,0,0,125,-23.8014
0.175,0,0,125,-23.7835
0.2,0,0,125,-23.7636
0.225,0,0,125,-23.7418
0.25,0,0,125,-23.7182
0.275,0,0,125,-23.693
0.3,0,0,125,-23.6662
0.325,0,0,125,-23.6379
0.35,0,0,125,-23.6082
0.375,0,0,125,-23.5773
0.4,0,0,125,-23.5451
0.425,0,0,125,-23.5119
0.45,0,0,125,-23.4776
0.475,0,0,125,-23.4423
0.5,0,0,125,-23.4061
0.525,0,0,125,-23.3691
0.55,0,0,125,-23.3312
0.575,0,0,125,-23.2927
0.6,0,0,125,-23.2534
0.625,0,0,125,-23.2135
0.65,0,0,125,-23.1731
0.675,0,0,125,-23.1321
0.7,0,0,125,-23.0906
0.725,0,0,125,-23.0486
0.75,0,0,125,-23.0063
0.775,0,0,125,-22.9635
0.8,0,0,125,-22.9204
0.825,0,0,125,-22.877
0.85,0,0,125,-22.8333
0.875,0,0,125,-22.7894
0.9,0,0,125,-22.7452
0.925,0,0,125,-22.7009
0.95,0,0,125,-22.6563
0.975,0,0,125,-22.6116
1,0,0,125,-22.5668
1.025,0,0,125,-22.5219
1.05,0,0,125,-22.4769
1.075,0,0,125,-22.4318
1.1,0,0,125,-22.3867
1.125,0,0,125,-22.3415
1.15,0,0,125,-22.2963
1.175,0,0,125,-22.2511
1.2,0,0,125,-22.2059
1.225,0,0,125,-22.1608
1.25,0,0,125,-22.1156
1.275,0,0,125,-22.0706
1.3,0,0,125,-22.0255
1.325,0,0,125,-21.9806
1.35,0,0,125,-21.9357
1.375,0,0,125,-21.8909
1.4,0,0,125,-21.8462
1.425,0,0,125,-21.8015
1.45,0,0,125,-21.757
1.475,0,0,125,-21.7126
1.5,0,0,125,-21.6684
1.525,0,0,125,-21.6242
1.55,0,0,125,-21.5802
1.575,0,0,125,-21.5363
1.6,0,0,125,-21.4925
1.625,0,0,125,-21.4489
1.65,0,0,125,-21.4055
1.675,0,0,125,-21.3622
1.7,0,0,125,-21.319
1.725,0,0,125,-21.276
1.75,0,0,125,-21.2332
1.775,0,0,125,-21.1905
1.8,0,0,125,-21.148
1.825,0,0,125,-21.1056
1.85,0,0,125,-21.0634
1.875,0,0,125,-21.0214
1.9,0,0,125,-20.9795
1.925,0,0,125,-20.9378
1.95,0,0,125,-20.8963
1.975,0,0,125,-20.855
2,0,0,125,-20.8138
2.025,0,0,125,-20.7728
2.05,0,0,125,-20.7319
2.075,0,0,125,-20.6913
2.1,0,0,125,-20.6508
2.125,0,0,125,-20.6105
2.15,0,0,125,-20.5703
2.175,0,0,125,-20.5303
2.2,0,0,125,-20.4905
2.225,0,0,125,-20.4509
2.25,0,0,125,-20.4114
2.275,0,0,125,-20.3721
2.3,0,0,125,-20.333
2.325,0,0,125,-20.294
2.35,0,0,125,-20.2552
2.375,0,0,125,-20.2166
2.4,0,0,125,-20.1781
2.425,0,0,125,-20.1398
2.45,0,0,125,-20.1016
2.475,0,0,125,-20.0637
2.5,0,0,125,-20.0258
2.525,0,0,125,-19.9882
2.55,0,0,125,-19.9506
2.575,0,0,125,-19.9133
2.6,0,0,125,-19.8761
2.625,0,0,125,-19.839
2.65,0,0,125,-19.8022
2.675,0,0,125,-19.7654
2.7,0,0,125,-19.7289
2.725,0,0,125,-19.6924
2.75,0,0,125,-19.6562
2.775,0,0,125,-19.62
2.8,0,0,125,-19.584
2.825,0,0,125,-19.5482
2.85,0,0,125,-19.5125
2.875,0,0,125,-19.477
2.9,0,0,125,-19.4416
2.925,0,0,125,-19.4063
2.95,0,0,125,-19.3712
2.975,0,0,125,-19.3362
3,0,0,125,-19.3014
3.025,0,0,125,-19.2667
3.05,0,0,125,-19.2321
3.075,0,0,125,-19.1977
3.1,0,0,125,-19.1634
3.125,0,0,125,-19.1292
3.15,0,0,125,-19.0952
3.175,0,0,125,-19.0613
3.2,0,0,125,-19.0275
3.225,0,0,125,-18.9938
3.25,0,0,125,-18.9603
3.275,0,0,125,-18.9269
3.3,0,0,125,-18.8937
3.325,0,0,125,-18.8606
3.35,0,0,125,-18.8276
3.375,0,0,125,-18.7947
3.4,0,0,125,-18.762
3.425,0,0,125,-18.7294
3.45,0,0,125,-18.6969
3.475,0,0,125,-18.6645
3.5,0,0,125,-18.6323
3.525,0,0,125,-18.6001
3.55,0,0,125,-18.5681
3.575,0,0,125,-18.5363
3.6,0,0,125,-18.5045
3.625,0,0,125,-18.4729
3.65,0,0,125,-18.4414
3.675,0,0,125,-18.41
3.7,0,0,125,-18.3787
3.725,0,0,125,-18.3476
3.75,0,0,125,-18.3166
3.775,0,0,125,-18.2858
3.8,0,0,125,-18.255
3.825,0,0,125,-18.2244
3.85,0,0,125,-18.194
3.875,0,0,125,-18.1636
3.9,0,0,125,-18.1334
3.925,0,0,125,-18.1034
3.95,0,0,125,-18.0735
3.975,0,0,125,-18.0437
4,0,0,125,-18.0141
4.025,0,0,125,-17.9846
4.05,0,0,125,-17.9553
4.075,0,0,125,-17.9262
4.1,0,0,125,-17.8973
4.125,0,0,125,-17.8685
4.15,0,0,125,-17.8399
4.175,0,0,125,-17.8115
4.2,0,0,125,-17.7833
4.225,0,0,125,-17.7553
4.25,0,0,125,-17.7276
4.275,0,0,125,-17.7001
4.3,0,0,125,-17.6728
4.325,0,0,125,-17.6459
4.35,0,0,125,-17.6191
4.375,0,0,125,-17.5928
4.4,0,0,125,-17.5667
4.425,0,0,125,-17.541
4.45,0,0,125,-17.5156
4.475,0,0,125,-17.4907
4.5,0,0,125,-17.4661
4.525,0,0,125,-17.4421
4.55,0,0,125,-17.4185
4.575,0,0,125,-17.3956
4.6,0,0,125,-17.3731
4.625,0,0,125,-17.3514
4.65,0,0,125,-17.3303
4.675,0,0,125,-17.31
4.7,0,0,125,-17.2905
4.725,0,0,125,-17.2719
4.75,0,0,125,-17.2543
4.775,0,0,125,-17.2378
4.8,0,0,125,-17.2224
4.825,0,0,125,-17.2083
4.85,0,0,125,-17.1955
4.875,0,0,125,-17.1843
4.9,0,0,125,-17.1747
4.925,0,0,125,-17.1668
4.95,0,0,125,-17.1608
4.975,0,0,125,-17.1567
5,0,0,125,-17.1546
