0,0,0,125,3.87067
0.025,0,0,125,3.89613
0.05,0,0,125,3.94703
0.075,0,0,125,4.02329
0.1,0,0,125,4.12478
0.125,0,0,125,4.25125
0.15,0,0,125,4.40227
0.175,0,0,125,4.57724
0.2,0,0,125,4.7756
0.225,0,0,125,4.99689
0.25,0,0,125,5.24066
0.275,0,0,125,5.50645
0.3,0,0,125,5.79384
0.325,0,0,125,6.10239
0.35,0,0,125,6.43167
0.375,0,0,125,6.78123
0.4,0,0,125,7.15062
0.425,0,0,125,7.5394
0.45,0,0,125,7.9471
0.475,0,0,125,8.37325
0.5,0,0,125,8.81737
0.525,0,0,125,9.27897
0.55,0,0,125,9.75756
0.575,0,0,125,10.2526
0.6,0,0,125,10.7637
0.625,0,0,125,11.2901
0.65,0,0,125,11.8315
0.675,0,0,125,12.3872
0.7,0,0,125,12.9567
0.725,0,0,125,13.5394
0.75,0,0,125,14.1348
0.775,0,0,125,14.7423
0.8,0,0,125,15.3613
0.825,0,0,125,15.9911
0.85,0,0,125,16.6312
0.875,0,0,125,17.2809
0.9,0,0,125,17.9395
0.925,0,0,125,18.6063
0.95,0,0,125,19.2807
0.975,0,0,125,19.9619
1,0,0,125,20.649
1.025,0,0,125,21.3413
1.05,0,0,125,22.0379
1.075,0,0,125,22.7378
1.1,0,0,125,23.44
1.125,0,0,125,24.1436
1.15,0,0,125,24.8473
1.175,0,0,125,25.55
1.2,0,0,125,26.2504
1.225,0,0,125,26.9471
1.25,0,0,125,27.6388
1.275,0,0,125,28.3237
1.3,0,0,125,29.0005
1.325,0,0,125,29.6673
1.35,0,0,125,30.3226
1.375,0,0,125,30.9643
1.4,0,0,125,31.5908
1.425,0,0,125,32.2002
1.45,0,0,125,32.7907
1.475,0,0,125,33.3603
1.5,0,0,125,33.9074
1.525,0,0,125,34.4302
1.55,0,0,125,34.9271
1.575,0,0,125,35.3967
1.6,0,0,125,35.8375
1.625,0,0,125,36.2484
1.65,0,0,125,36.6282
1.675,0,0,125,36.9758
1.7,0,0,125,37.2901
1.725,0,0,125,37.5694
1.75,0,0,125,37.8117
1.775,0,0,125,38.0132
1.8,0,0,125,38.168
1.825,0,0,125,38.2652
1.85,0,0,125,38.2857
1.875,0,0,125,38.1936
1.9,0,0,125,37.9215
1.925,0,0,125,37.3362
1.95,0,0,125,36.1657
1.975,0,0,125,33.8321
2,0,0,125,29.0891
2.025,0,0,125,19.4914
2.05,0,0,125,2.39024
2.075,0,0,125,-18.6699
2.1,0,0,125,-36.7157
2.125,0,0,125,-50.0532
2.15,0,0,125,-59.4241
2.175,0,0,125,-65.8824
2.2,0,0,125,-70.2943
2.225,0,0,125,-73.2935
2.25,0,0,125,-75.3252
2.275,0,0,125,-76.6972
2.3,0,0,125,-77.6205
2.325,0,0,125,-78.2391
2.35,0,0,125,-78.6507
2.375,0,0,125,-78.9221
2.4,0,0,125,-79.0982
2.425,0,0,125,-79.2098
2.45,0,0,125,-79.2776
2.475,0,0,125,-79.3157
2.5,0,0,125,-79.3336
2.525,0,0,125,-79.3377
2.55,0,0,125,-79.3324
2.575,0,0,125,-79.3208
2.6,0,0,125,-79.3047
2.625,0,0,125,-79.2856
2.65,0,0,125,-79.2644
2.675,0,0,125,-79.2416
2.7,0,0,125,-79.2179
2.725,0,0,125,-79.1934
2.75,0,0,125,-79.1683
2.775,0,0,125,-79.1428
2.8,0,0,125,-79.1169
2.825,0,0,125,-79.0908
2.85,0,0,125,-79.0645
2.875,0,0,125,-79.038
2.9,0,0,125,-79.0113
2.925,0,0,125,-78.9845
2.95,0,0,125,-78.9576
2.975,0,0,125,-78.9306
3,0,0,125,-78.9035
3.025,0,0,125,-78.8763
3.05,0,0,125,-78.849
3.075,0,0,125,-78.8217
3.1,0,0,125,-78.7943
3.125,0,0,125,-78.7669
3.15,0,0,125,-78.7394
3.175,0,0,125,-78.7119
3.2,0,0,125,-78.6844
3.225,0,0,125,-78.6568
3.25,0,0,125,-78.6293
3.275,0,0,125,-78.6018
3.3,0,0,125,-78.5743
3.325,0,0,125,-78.5469
3.35,0,0,125,-78.5195
3.375,0,0,125,-78.4921
3.4,0,0,125,-78.4648
3.425,0,0,125,-78.4376
3.45,0,0,125,-78.4104
3.475,0,0,125,-78.3834
3.5,0,0,125,-78.3564
3.525,0,0,125,-78.3296
3.55,0,0,125,-78.3029
3.575,0,0,125,-78.2763
3.6,0,0,125,-78.2499
3.625,0,0,125,-78.2236
3.65,0,0,125,-78.1975
3.675,0,0,125,-78.1716
3.7,0,0,125,-78.1458
3.725,0,0,125,-78.1202
3.75,0,0,125,-78.0949
3.775,0,0,125,-78.0698
3.8,0,0,125,-78.0449
3.825,0,0,125,-78.0202
3.85,0,0,125,-77.9958
3.875,0,0,125,-77.9717
3.9,0,0,125,-77.9478
3.925,0,0,125,-77.9242
3.95,0,0,125,-77.9009
3.975,0,0,125,-77.8779
4,0,0,125,-77.8552
4.025,0,0,125,-77.8329
4.05,0,0,125,-77.8109
4.075,0,0,125,-77.7891
4.1,0,0,125,-77.7678
4.125,0,0,125,-77.7469
4.15,0,0,125,-77.7263
4.175,0,0,125,-77.7061
4.2,0,0,125,-77.6862
4.225,0,0,125,-77.6668
4.25,0,0,125,-77.6478
4.275,0,0,125,-77.6293
4.3,0,0,125,-77.6111
4.325,0,0,125,-77.5934
4.35,0,0,125,-77.5762
4.375,0,0,125,-77.5594
4.4,0,0,125,-77.5431
4.425,0,0,125,-77.5273
4.45,0,0,125,-77.512
4.475,0,0,125,-77.4972
4.5,0,0,125,-77.4829
4.525,0,0,125,-77.4691
4.55,0,0,125,-77.4559
4.575,0,0,125,-77.4432
4.6,0,0,125,-77.4311
4.625,0,0,125,-77.4196
4.65,0,0,125,-77.4086
4.675,0,0,125,-77.3983
4.7,0,0,125,-77.3885
4.725,0,0,125,-77.3794
4.75,0,0,125,-77.371
4.775,0,0,125,-77.3632
4.8,0,0,125,-77.3561
4.825,0,0,125,-77.3497
4.85,0,0,125,-77.3441
4.875,0,0,125,-77.3392
4.9,0,0,125,-77.3351
4.925,0,0,125,-77.3317
4.95,0,0,125,-77.3292
4.975,0,0,125,-77.3275
5,0,0,125,-77.3266
