0,0,0,25,31.2408
0.005,0,0,25,31.2431
0.01,0,0,25,31.2476
0.015,0,0,25,31.2544
0.02,0,0,25,31.2634
0.025,0,0,25,31.2747
0.03,0,0,25,31.2882
0.035,0,0,25,31.3038
0.04,0,0,25,31.3215
0.045,0,0,25,31.3414
0.05,0,0,25,31.3633
0.055,0,0,25,31.3873
0.06,0,0,25,31.4132
0.065,0,0,25,31.4411
0.07,0,0,25,31.4709
0.075,0,0,25,31.5026
0.08,0,0,25,31.5361
0.085,0,0,25,31.5715
0.09,0,0,25,31.6086
0.095,0,0,25,31.6474
0.1,0,0,25,31.6878
0.105,0,0,25,31.73
0.11,0,0,25,31.7737
0.115,0,0,25,31.8189
0.12,0,0,25,31.8657
0.125,0,0,25,31.9139
0.13,0,0,25,31.9635
0.135,0,0,25,32.0146
0.14,0,0,25,32.0669
0.145,0,0,25,32.1206
0.15,0,0,25,32.1755
0.155,0,0,25,32.2316
0.16,0,0,25,32.2888
0.165,0,0,25,32.3472
0.17,0,0,25,32.4067
0.175,0,0,25,32.4672
0.18,0,0,25,32.5287
0.185,0,0,25,32.5911
0.19,0,0,25,32.6545
0.195,0,0,25,32.7187
0.2,0,0,25,32.7837
0.205,0,0,25,32.8496
0.21,0,0,25,32.9162
0.215,0,0,25,32.9834
0.22,0,0,25,33.0514
0.225,0,0,25,33.12
0.23,0,0,25,33.1891
0.235,0,0,25,33.2588
0.24,0,0,25,33.3291
0.245,0,0,25,33.3998
0.25,0,0,25,33.4709
0.255,0,0,25,33.5425
0.26,0,0,25,33.6144
0.265,0,0,25,33.6866
0.27,0,0,25,33.7592
0.275,0,0,25,33.832
0.28,0,0,25,33.905
0.285,0,0,25,33.9782
0.29,0,0,25,34.0516
0.295,0,0,25,34.1251
0.3,0,0,25,34.1987
0.305,0,0,25,34.2724
0.31,0,0,25,34.3461
0.315,0,0,25,34.4198
0.32,0,0,25,34.4935
0.325,0,0,25,34.5672
0.33,0,0,25,34.6407
0.335,0,0,25,34.7142
0.34,0,0,25,34.7875
0.345,0,0,25,34.8607
0.35,0,0,25,34.9336
0.355,0,0,25,35.0064
0.36,0,0,25,35.0789
0.365,0,0,25,35.1512
0.37,0,0,25,35.2232
0.375,0,0,25,35.2949
0.38,0,0,25,35.3662
0.385,0,0,25,35.4372
0.39,0,0,25,35.5079
0.395,0,0,25,35.5781
0.4,0,0,25,35.6479
0.405,0,0,25,35.7173
0.41,0,0,25,35.7862
0.415,0,0,25,35.8547
0.42,0,0,25,35.9227
0.425,0,0,25,35.9902
0.43,0,0,25,36.0571
0.435,0,0,25,36.1235
0.44,0,0,25,36.1894
0.445,0,0,25,36.2546
0.45,0,0,25,36.3193
0.455,0,0,25,36.3834
0.46,0,0,25,36.4469
0.465,0,0,25,36.5098
0.47,0,0,25,36.572
0.475,0,0,25,36.6335
0.48,0,0,25,36.6944
0.485,0,0,25,36.7546
0.49,0,0,25,36.8141
0.495,0,0,25,36.8729
0.5,0,0,25,36.931
0.505,0,0,25,36.9883
0.51,0,0,25,37.045
0.515,0,0,25,37.1008
0.52,0,0,25,37.156
0.525,0,0,25,37.2103
0.53,0,0,25,37.2639
0.535,0,0,25,37.3166
0.54,0,0,25,37.3686
0.545,0,0,25,37.4198
0.55,0,0,25,37.4702
0.555,0,0,25,37.5197
0.56,0,0,25,37.5684
0.565,0,0,25,37.6162
0.57,0,0,25,37.6632
0.575,0,0,25,37.7094
0.58,0,0,25,37.7546
0.585,0,0,25,37.799
0.59,0,0,25,37.8425
0.595,0,0,25,37.8851
0.6,0,0,25,37.9267
0.605,0,0,25,37.9674
0.61,0,0,25,38.0072
0.615,0,0,25,38.046
0.62,0,0,25,38.0839
0.625,0,0,25,38.1208
0.63,0,0,25,38.1566
0.635,0,0,25,38.1915
0.64,0,0,25,38.2252
0.645,0,0,25,38.258
0.65,0,0,25,38.2896
0.655,0,0,25,38.3201
0.66,0,0,25,38.3495
0.665,0,0,25,38.3777
0.67,0,0,25,38.4047
0.675,0,0,25,38.4305
0.68,0,0,25,38.4549
0.685,0,0,25,38.478
0.69,0,0,25,38.4998
0.695,0,0,25,38.52
0.7,0,0,25,38.5388
0.705,0,0,25,38.556
0.71,0,0,25,38.5715
0.715,0,0,25,38.5853
0.72,0,0,25,38.5972
0.725,0,0,25,38.6072
0.73,0,0,25,38.6151
0.735,0,0,25,38.6207
0.74,0,0,25,38.624
0.745,0,0,25,38.6248
0.75,0,0,25,38.6227
0.755,0,0,25,38.6178
0.76,0,0,25,38.6096
0.765,0,0,25,38.5979
0.77,0,0,25,38.5824
0.775,0,0,25,38.5628
0.78,0,0,25,38.5386
0.785,0,0,25,38.5093
0.79,0,0,25,38.4746
0.795,0,0,25,38.4337
0.8,0,0,25,38.386
0.805,0,0,25,38.3307
0.81,0,0,25,38.267
0.815,0,0,25,38.1938
0.82,0,0,25,38.1101
0.825,0,0,25,38.0144
0.83,0,0,25,37.9054
0.835,0,0,25,37.7811
0.84,0,0,25,37.6396
0.845,0,0,25,37.4787
0.85,0,0,25,37.2955
0.855,0,0,25,37.0869
0.86,0,0,25,36.8494
0.865,0,0,25,36.5787
0.87,0,0,25,36.2698
0.875,0,0,25,35.9172
0.88,0,0,25,35.514
0.885,0,0,25,35.0525
0.89,0,0,25,34.5238
0.895,0,0,25,33.9173
0.9,0,0,25,33.221
0.905,0,0,25,32.4209
0.91,0,0,25,31.5013
0.915,0,0,25,30.4442
0.92,0,0,25,29.2299
0.925,0,0,25,27.8369
0.93,0,0,25,26.2426
0.935,0,0,25,24.4244
0.94,0,0,25,22.3608
0.945,0,0,25,20.0342
0.95,0,0,25,17.4327
0.955,0,0,25,14.5535
0.96,0,0,25,11.4054
0.965,0,0,25,8.01038
0.97,0,0,25,4.40436
0.975,0,0,25,0.634763
0.98,0,0,25,-3.24309
0.985,0,0,25,-7.17123
0.99,0,0,25,-11.0941
0.995,0,0,25,-14.9627
1,0,0,25,-18.7365
1.005,0,0,25,-22.3842
1.01,0,0,25,-25.8832
1.015,0,0,25,-29.2187
1.02,0,0,25,-32.3817
1.025,0,0,25,-35.3685
1.03,0,0,25,-38.179
1.035,0,0,25,-40.816
1.04,0,0,25,-43.2844
1.045,0,0,25,-45.5904
1.05,0,0,25,-47.741
1.055,0,0,25,-49.7441
1.06,0,0,25,-51.6077
1.065,0,0,25,-53.3396
1.07,0,0,25,-54.948
1.075,0,0,25,-56.4405
1.08,0,0,25,-57.8248
1.085,0,0,25,-59.108
1.09,0,0,25,-60.2969
1.095,0,0,25,-61.3981
1.1,0,0,25,-62.4177
1.105,0,0,25,-63.3614
1.11,0,0,25,-64.2347
1.115,0,0,25,-65.0427
1.12,0,0,25,-65.7901
1.125,0,0,25,-66.4813
1.13,0,0,25,-67.1204
1.135,0,0,25,-67.7113
1.14,0,0,25,-68.2576
1.145,0,0,25,-68.7625
1.15,0,0,25,-69.2292
1.155,0,0,25,-69.6605
1.16,0,0,25,-70.059
1.165,0,0,25,-70.4273
1.17,0,0,25,-70.7676
1.175,0,0,25,-71.082
1.18,0,0,25,-71.3724
1.185,0,0,25,-71.6407
1.19,0,0,25,-71.8886
1.195,0,0,25,-72.1176
1.2,0,0,25,-72.3291
1.205,0,0,25,-72.5245
1.21,0,0,25,-72.7049
1.215,0,0,25,-72.8716
1.22,0,0,25,-73.0255
1.225,0,0,25,-73.1677
1.23,0,0,25,-73.299
1.235,0,0,25,-73.4203
1.24,0,0,25,-73.5323
1.245,0,0,25,-73.6358
1.25,0,0,25,-73.7313
1.255,0,0,25,-73.8196
1.26,0,0,25,-73.9011
1.265,0,0,25,-73.9763
1.27,0,0,25,-74.0459
1.275,0,0,25,-74.1101
1.28,0,0,25,-74.1694
1.285,0,0,25,-74.2241
1.29,0,0,25,-74.2747
1.295,0,0,25,-74.3214
1.3,0,0,25,-74.3645
1.305,0,0,25,-74.4044
1.31,0,0,25,-74.4412
1.315,0,0,25,-74.4752
1.32,0,0,25,-74.5066
1.325,0,0,25,-74.5356
1.33,0,0,25,-74.5623
1.335,0,0,25,-74.5871
1.34,0,0,25,-74.6099
1.345,0,0,25,-74.631
1.35,0,0,25,-74.6505
1.355,0,0,25,-74.6685
1.36,0,0,25,-74.6851
1.365,0,0,25,-74.7005
1.37,0,0,25,-74.7147
1.375,0,0,25,-74.7278
1.38,0,0,25,-74.7399
1.385,0,0,25,-74.7511
1.39,0,0,25,-74.7615
1.395,0,0,25,-74.771
1.4,0,0,25,-74.7798
1.405,0,0,25,-74.788
1.41,0,0,25,-74.7955
1.415,0,0,25,-74.8025
1.42,0,0,25,-74.8089
1.425,0,0,25,-74.8148
1.43,0,0,25,-74.8203
1.435,0,0,25,-74.8254
1.44,0,0,25,-74.8301
1.445,0,0,25,-74.8344
1.45,0,0,25,-74.8384
1.455,0,0,25,-74.8421
1.46,0,0,25,-74.8456
1.465,0,0,25,-74.8487
1.47,0,0,25,-74.8516
1.475,0,0,25,-74.8543
1.48,0,0,25,-74.8568
1.485,0,0,25,-74.8592
1.49,0,0,25,-74.8613
1.495,0,0,25,-74.8633
1.5,0,0,25,-74.8651
1.505,0,0,25,-74.8668
1.51,0,0,25,-74.8683
1.515,0,0,25,-74.8698
1.52,0,0,25,-74.8711
1.525,0,0,25,-74.8723
1.53,0,0,25,-74.8735
1.535,0,0,25,-74.8745
1.54,0,0,25,-74.8755
1.545,0,0,25,-74.8764
1.55,0,0,25,-74.8772
1.555,0,0,25,-74.878
1.56,0,0,25,-74.8787
1.565,0,0,25,-74.8794
1.57,0,0,25,-74.88
1.575,0,0,25,-74.8806
1.58,0,0,25,-74.8811
1.585,0,0,25,-74.8816
1.59,0,0,25,-74.882
1.595,0,0,25,-74.8824
1.6,0,0,25,-74.8828
1.605,0,0,25,-74.8832
1.61,0,0,25,-74.8835
1.615,0,0,25,-74.8838
1.62,0,0,25,-74.8841
1.625,0,0,25,-74.8844
1.63,0,0,25,-74.8846
1.635,0,0,25,-74.8848
1.64,0,0,25,-74.885
1.645,0,0,25,-74.8852
1.65,0,0,25,-74.8854
1.655,0,0,25,-74.8856
1.66,0,0,25,-74.8857
1.665,0,0,25,-74.8859
1.67,0,0,25,-74.886
1.675,0,0,25,-74.8861
1.68,0,0,25,-74.8862
1.685,0,0,25,-74.8863
1.69,0,0,25,-74.8864
1.695,0,0,25,-74.8865
1.7,0,0,25,-74.8866
1.705,0,0,25,-74.8867
1.71,0,0,25,-74.8867
1.715,0,0,25,-74.8868
1.72,0,0,25,-74.8869
1.725,0,0,25,-74.8869
1.73,0,0,25,-74.887
1.735,0,0,25,-74.887
1.74,0,0,25,-74.8871
1.745,0,0,25,-74.8871
1.75,0,0,25,-74.8871
1.755,0,0,25,-74.8872
1.76,0,0,25,-74.8872
1.765,0,0,25,-74.8872
1.77,0,0,25,-74.8873
1.775,0,0,25,-74.8873
1.78,0,0,25,-74.8873
1.785,0,0,25,-74.8874
1.79,0,0,25,-74.8874
1.795,0,0,25,-74.8874
1.8,0,0,25,-74.8874
1.805,0,0,25,-74.8874
1.81,0,0,25,-74.8874
1.815,0,0,25,-74.8875
1.82,0,0,25,-74.8875
1.825,0,0,25,-74.8875
1.83,0,0,25,-74.8875
1.835,0,0,25,-74.8875
1.84,0,0,25,-74.8875
1.845,0,0,25,-74.8875
1.85,0,0,25,-74.8875
1.855,0,0,25,-74.8875
1.86,0,0,25,-74.8876
1.865,0,0,25,-74.8876
1.87,0,0,25,-74.8876
1.875,0,0,25,-74.8876
1.88,0,0,25,-74.8876
1.885,0,0,25,-74.8876
1.89,0,0,25,-74.8876
1.895,0,0,25,-74.8876
1.9,0,0,25,-74.8876
1.905,0,0,25,-74.8876
1.91,0,0,25,-74.8876
1.915,0,0,25,-74.8876
1.92,0,0,25,-74.8876
1.925,0,0,25,-74.8876
1.93,0,0,25,-74.8876
1.935,0,0,25,-74.8876
1.94,0,0,25,-74.8876
1.945,0,0,25,-74.8876
1.95,0,0,25,-74.8876
1.955,0,0,25,-74.8876
1.96,0,0,25,-74.8876
1.965,0,0,25,-74.8876
1.97,0,0,25,-74.8876
1.975,0,0,25,-74.8876
1.98,0,0,25,-74.8876
1.985,0,0,25,-74.8876
1.99,0,0,25,-74.8876
1.995,0,0,25,-74.8876
2,0,0,25,-74.8876
2.005,0,0,25,-74.8876
2.01,0,0,25,-74.8876
2.015,0,0,25,-74.8876
2.02,0,0,25,-74.8876
2.025,0,0,25,-74.8876
2.03,0,0,25,-74.8876
2.035,0,0,25,-74.8876
2.04,0,0,25,-74.8876
2.045,0,0,25,-74.8876
2.05,0,0,25,-74.8876
2.055,0,0,25,-74.8876
2.06,0,0,25,-74.8876
2.065,0,0,25,-74.8876
2.07,0,0,25,-74.8876
2.075,0,0,25,-74.8876
2.08,0,0,25,-74.8876
2.085,0,0,25,-74.8876
2.09,0,0,25,-74.8876
2.095,0,0,25,-74.8876
2.1,0,0,25,-74.8876
2.105,0,0,25,-74.8876
2.11,0,0,25,-74.8876
2.115,0,0,25,-74.8876
2.12,0,0,25,-74.8876
2.125,0,0,25,-74.8876
2.13,0,0,25,-74.8876
2.135,0,0,25,-74.8876
2.14,0,0,25,-74.8876
2.145,0,0,25,-74.8876
2.15,0,0,25,-74.8876
2.155,0,0,25,-74.8876
2.16,0,0,25,-74.8876
2.165,0,0,25,-74.8876
2.17,0,0,25,-74.8876
2.175,0,0,25,-74.8876
2.18,0,0,25,-74.8876
2.185,0,0,25,-74.8876
2.19,0,0,25,-74.8876
2.195,0,0,25,-74.8876
2.2,0,0,25,-74.8876
2.205,0,0,25,-74.8876
2.21,0,0,25,-74.8876
2.215,0,0,25,-74.8876
2.22,0,0,25,-74.8876
2.225,0,0,25,-74.8876
2.23,0,0,25,-74.8876
2.235,0,0,25,-74.8876
2.24,0,0,25,-74.8876
2.245,0,0,25,-74.8876
2.25,0,0,25,-74.8876
2.255,0,0,25,-74.8876
2.26,0,0,25,-74.8876
2.265,0,0,25,-74.8876
2.27,0,0,25,-74.8876
2.275,0,0,25,-74.8876
2.28,0,0,25,-74.8876
2.285,0,0,25,-74.8876
2.29,0,0,25,-74.8876
2.295,0,0,25,-74.8876
2.3,0,0,25,-74.8876
2.305,0,0,25,-74.8876
2.31,0,0,25,-74.8876
2.315,0,0,25,-74.8876
2.32,0,0,25,-74.8876
2.325,0,0,25,-74.8876
2.33,0,0,25,-74.8876
2.335,0,0,25,-74.8876
2.34,0,0,25,-74.8876
2.345,0,0,25,-74.8876
2.35,0,0,25,-74.8876
2.355,0,0,25,-74.8876
2.36,0,0,25,-74.8876
2.365,0,0,25,-74.8876
2.37,0,0,25,-74.8876
2.375,0,0,25,-74.8876
2.38,0,0,25,-74.8876
2.385,0,0,25,-74.8876
2.39,0,0,25,-74.8876
2.395,0,0,25,-74.8876
2.4,0,0,25,-74.8876
2.405,0,0,25,-74.8876
2.41,0,0,25,-74.8876
2.415,0,0,25,-74.8876
2.42,0,0,25,-74.8876
2.425,0,0,25,-74.8876
2.43,0,0,25,-74.8876
2.435,0,0,25,-74.8876
2.44,0,0,25,-74.8876
2.445,0,0,25,-74.8876
2.45,0,0,25,-74.8876
2.455,0,0,25,-74.8876
2.46,0,0,25,-74.8876
2.465,0,0,25,-74.8876
2.47,0,0,25,-74.8876
2.475,0,0,25,-74.8876
2.48,0,0,25,-74.8876
2.485,0,0,25,-74.8876
2.49,0,0,25,-74.8876
2.495,0,0,25,-74.8876
2.5,0,0,25,-74.8876
2.505,0,0,25,-74.8876
2.51,0,0,25,-74.8876
2.515,0,0,25,-74.8876
2.52,0,0,25,-74.8876
2.525,0,0,25,-74.8876
2.53,0,0,25,-74.8876
2.535,0,0,25,-74.8876
2.54,0,0,25,-74.8876
2.545,0,0,25,-74.8876
2.55,0,0,25,-74.8876
2.555,0,0,25,-74.8876
2.56,0,0,25,-74.8876
2.565,0,0,25,-74.8876
2.57,0,0,25,-74.8876
2.575,0,0,25,-74.8876
2.58,0,0,25,-74.8876
2.585,0,0,25,-74.8876
2.59,0,0,25,-74.8876
2.595,0,0,25,-74.8876
2.6,0,0,25,-74.8876
2.605,0,0,25,-74.8876
2.61,0,0,25,-74.8876
2.615,0,0,25,-74.8876
2.62,0,0,25,-74.8876
2.625,0,0,25,-74.8876
2.63,0,0,25,-74.8876
2.635,0,0,25,-74.8876
2.64,0,0,25,-74.8876
2.645,0,0,25,-74.8876
2.65,0,0,25,-74.8876
2.655,0,0,25,-74.8876
2.66,0,0,25,-74.8876
2.665,0,0,25,-74.8876
2.67,0,0,25,-74.8876
2.675,0,0,25,-74.8876
2.68,0,0,25,-74.8876
2.685,0,0,25,-74.8876
2.69,0,0,25,-74.8876
2.695,0,0,25,-74.8876
2.7,0,0,25,-74.8876
2.705,0,0,25,-74.8876
2.71,0,0,25,-74.8876
2.715,0,0,25,-74.8876
2.72,0,0,25,-74.8876
2.725,0,0,25,-74.8876
2.73,0,0,25,-74.8876
2.735,0,0,25,-74.8876
2.74,0,0,25,-74.8876
2.745,0,0,25,-74.8876
2.75,0,0,25,-74.8876
2.755,0,0,25,-74.8876
2.76,0,0,25,-74.8876
2.765,0,0,25,-74.8876
2.77,0,0,25,-74.8876
2.775,0,0,25,-74.8876
2.78,0,0,25,-74.8876
2.785,0,0,25,-74.8876
2.79,0,0,25,-74.8876
2.795,0,0,25,-74.8876
2.8,0,0,25,-74.8876
2.805,0,0,25,-74.8876
2.81,0,0,25,-74.8876
2.815,0,0,25,-74.8876
2.82,0,0,25,-74.8876
2.825,0,0,25,-74.8876
2.83,0,0,25,-74.8876
2.835,0,0,25,-74.8876
2.84,0,0,25,-74.8876
2.845,0,0,25,-74.8876
2.85,0,0,25,-74.8876
2.855,0,0,25,-74.8876
2.86,0,0,25,-74.8876
2.865,0,0,25,-74.8876
2.87,0,0,25,-74.8876
2.875,0,0,25,-74.8876
2.88,0,0,25,-74.8876
2.885,0,0,25,-74.8876
2.89,0,0,25,-74.8876
2.895,0,0,25,-74.8876
2.9,0,0,25,-74.8876
2.905,0,0,25,-74.8876
2.91,0,0,25,-74.8876
2.915,0,0,25,-74.8876
2.92,0,0,25,-74.8876
2.925,0,0,25,-74.8876
2.93,0,0,25,-74.8876
2.935,0,0,25,-74.8876
2.94,0,0,25,-74.8876
2.945,0,0,25,-74.8876
2.95,0,0,25,-74.8876
2.955,0,0,25,-74.8876
2.96,0,0,25,-74.8876
2.965,0,0,25,-74.8876
2.97,0,0,25,-74.8876
2.975,0,0,25,-74.8876
2.98,0,0,25,-74.8876
2.985,0,0,25,-74.8876
2.99,0,0,25,-74.8876
2.995,0,0,25,-74.8876
3,0,0,25,-74.8876
3.005,0,0,25,-74.8876
3.01,0,0,25,-74.8876
3.015,0,0,25,-74.8876
3.02,0,0,25,-74.8876
3.025,0,0,25,-74.8876
3.03,0,0,25,-74.8876
3.035,0,0,25,-74.8876
3.04,0,0,25,-74.8876
3.045,0,0,25,-74.8876
3.05,0,0,25,-74.8876
3.055,0,0,25,-74.8876
3.06,0,0,25,-74.8876
3.065,0,0,25,-74.8876
3.07,0,0,25,-74.8876
3.075,0,0,25,-74.8876
3.08,0,0,25,-74.8876
3.085,0,0,25,-74.8876
3.09,0,0,25,-74.8876
3.095,0,0,25,-74.8876
3.1,0,0,25,-74.8876
3.105,0,0,25,-74.8876
3.11,0,0,25,-74.8876
3.115,0,0,25,-74.8876
3.12,0,0,25,-74.8876
3.125,0,0,25,-74.8876
3.13,0,0,25,-74.8876
3.135,0,0,25,-74.8876
3.14,0,0,25,-74.8876
3.145,0,0,25,-74.8876
3.15,0,0,25,-74.8876
3.155,0,0,25,-74.8876
3.16,0,0,25,-74.8876
3.165,0,0,25,-74.8876
3.17,0,0,25,-74.8876
3.175,0,0,25,-74.8876
3.18,0,0,25,-74.8876
3.185,0,0,25,-74.8876
3.19,0,0,25,-74.8876
3.195,0,0,25,-74.8876
3.2,0,0,25,-74.8876
3.205,0,0,25,-74.8876
3.21,0,0,25,-74.8876
3.215,0,0,25,-74.8876
3.22,0,0,25,-74.8876
3.225,0,0,25,-74.8876
3.23,0,0,25,-74.8876
3.235,0,0,25,-74.8876
3.24,0,0,25,-74.8876
3.245,0,0,25,-74.8876
3.25,0,0,25,-74.8876
3.255,0,0,25,-74.8876
3.26,0,0,25,-74.8876
3.265,0,0,25,-74.8876
3.27,0,0,25,-74.8876
3.275,0,0,25,-74.8876
3.28,0,0,25,-74.8876
3.285,0,0,25,-74.8876
3.29,0,0,25,-74.8876
3.295,0,0,25,-74.8876
3.3,0,0,25,-74.8876
3.305,0,0,25,-74.8876
3.31,0,0,25,-74.8876
3.315,0,0,25,-74.8876
3.32,0,0,25,-74.8876
3.325,0,0,25,-74.8876
3.33,0,0,25,-74.8876
3.335,0,0,25,-74.8876
3.34,0,0,25,-74.8876
3.345,0,0,25,-74.8876
3.35,0,0,25,-74.8876
3.355,0,0,25,-74.8876
3.36,0,0,25,-74.8876
3.365,0,0,25,-74.8876
3.37,0,0,25,-74.8876
3.375,0,0,25,-74.8876
3.38,0,0,25,-74.8876
3.385,0,0,25,-74.8876
3.39,0,0,25,-74.8876
3.395,0,0,25,-74.8876
3.4,0,0,25,-74.8876
3.405,0,0,25,-74.8876
3.41,0,0,25,-74.8876
3.415,0,0,25,-74.8876
3.42,0,0,25,-74.8876
3.425,0,0,25,-74.8876
3.43,0,0,25,-74.8876
3.435,0,0,25,-74.8876
3.44,0,0,25,-74.8876
3.445,0,0,25,-74.8876
3.45,0,0,25,-74.8876
3.455,0,0,25,-74.8876
3.46,0,0,25,-74.8876
3.465,0,0,25,-74.8876
3.47,0,0,25,-74.8876
3.475,0,0,25,-74.8876
3.48,0,0,25,-74.8876
3.485,0,0,25,-74.8876
3.49,0,0,25,-74.8876
3.495,0,0,25,-74.8876
3.5,0,0,25,-74.8876
3.505,0,0,25,-74.8876
3.51,0,0,25,-74.8876
3.515,0,0,25,-74.8876
3.52,0,0,25,-74.8876
3.525,0,0,25,-74.8876
3.53,0,0,25,-74.8876
3.535,0,0,25,-74.8876
3.54,0,0,25,-74.8876
3.545,0,0,25,-74.8876
3.55,0,0,25,-74.8876
3.555,0,0,25,-74.8876
3.56,0,0,25,-74.8876
3.565,0,0,25,-74.8876
3.57,0,0,25,-74.8876
3.575,0,0,25,-74.8876
3.58,0,0,25,-74.8876
3.585,0,0,25,-74.8876
3.59,0,0,25,-74.8876
3.595,0,0,25,-74.8876
3.6,0,0,25,-74.8876
3.605,0,0,25,-74.8876
3.61,0,0,25,-74.8876
3.615,0,0,25,-74.8876
3.62,0,0,25,-74.8876
3.625,0,0,25,-74.8876
3.63,0,0,25,-74.8876
3.635,0,0,25,-74.8876
3.64,0,0,25,-74.8876
3.645,0,0,25,-74.8876
3.65,0,0,25,-74.8876
3.655,0,0,25,-74.8876
3.66,0,0,25,-74.8876
3.665,0,0,25,-74.8876
3.67,0,0,25,-74.8876
3.675,0,0,25,-74.8876
3.68,0,0,25,-74.8876
3.685,0,0,25,-74.8876
3.69,0,0,25,-74.8876
3.695,0,0,25,-74.8876
3.7,0,0,25,-74.8876
3.705,0,0,25,-74.8876
3.71,0,0,25,-74.8876
3.715,0,0,25,-74.8876
3.72,0,0,25,-74.8876
3.725,0,0,25,-74.8876
3.73,0,0,25,-74.8876
3.735,0,0,25,-74.8876
3.74,0,0,25,-74.8876
3.745,0,0,25,-74.8876
3.75,0,0,25,-74.8876
3.755,0,0,25,-74.8876
3.76,0,0,25,-74.8876
3.765,0,0,25,-74.8876
3.77,0,0,25,-74.8876
3.775,0,0,25,-74.8876
3.78,0,0,25,-74.8876
3.785,0,0,25,-74.8876
3.79,0,0,25,-74.8876
3.795,0,0,25,-74.8876
3.8,0,0,25,-74.8876
3.805,0,0,25,-74.8876
3.81,0,0,25,-74.8876
3.815,0,0,25,-74.8876
3.82,0,0,25,-74.8876
3.825,0,0,25,-74.8876
3.83,0,0,25,-74.8876
3.835,0,0,25,-74.8876
3.84,0,0,25,-74.8876
3.845,0,0,25,-74.8876
3.85,0,0,25,-74.8876
3.855,0,0,25,-74.8876
3.86,0,0,25,-74.8876
3.865,0,0,25,-74.8876
3.87,0,0,25,-74.8876
3.875,0,0,25,-74.8876
3.88,0,0,25,-74.8876
3.885,0,0,25,-74.8876
3.89,0,0,25,-74.8876
3.895,0,0,25,-74.8876
3.9,0,0,25,-74.8876
3.905,0,0,25,-74.8876
3.91,0,0,25,-74.8876
3.915,0,0,25,-74.8876
3.92,0,0,25,-74.8876
3.925,0,0,25,-74.8876
3.93,0,0,25,-74.8876
3.935,0,0,25,-74.8876
3.94,0,0,25,-74.8876
3.945,0,0,25,-74.8876
3.95,0,0,25,-74.8876
3.955,0,0,25,-74.8876
3.96,0,0,25,-74.8876
3.965,0,0,25,-74.8876
3.97,0,0,25,-74.8876
3.975,0,0,25,-74.8876
3.98,0,0,25,-74.8876
3.985,0,0,25,-74.8876
3.99,0,0,25,-74.8876
3.995,0,0,25,-74.8876
4,0,0,25,-74.8876
4.005,0,0,25,-74.8876
4.01,0,0,25,-74.8876
4.015,0,0,25,-74.8876
4.02,0,0,25,-74.8876
4.025,0,0,25,-74.8876
4.03,0,0,25,-74.8876
4.035,0,0,25,-74.8876
4.04,0,0,25,-74.8876
4.045,0,0,25,-74.8876
4.05,0,0,25,-74.8876
4.055,0,0,25,-74.8876
4.06,0,0,25,-74.8876
4.065,0,0,25,-74.8876
4.07,0,0,25,-74.8876
4.075,0,0,25,-74.8876
4.08,0,0,25,-74.8876
4.085,0,0,25,-74.8876
4.09,0,0,25,-74.8876
4.095,0,0,25,-74.8876
4.1,0,0,25,-74.8876
4.105,0,0,25,-74.8876
4.11,0,0,25,-74.8876
4.115,0,0,25,-74.8876
4.12,0,0,25,-74.8876
4.125,0,0,25,-74.8876
4.13,0,0,25,-74.8876
4.135,0,0,25,-74.8876
4.14,0,0,25,-74.8876
4.145,0,0,25,-74.8876
4.15,0,0,25,-74.8876
4.155,0,0,25,-74.8876
4.16,0,0,25,-74.8876
4.165,0,0,25,-74.8876
4.17,0,0,25,-74.8876
4.175,0,0,25,-74.8876
4.18,0,0,25,-74.8876
4.185,0,0,25,-74.8876
4.19,0,0,25,-74.8876
4.195,0,0,25,-74.8876
4.2,0,0,25,-74.8876
4.205,0,0,25,-74.8876
4.21,0,0,25,-74.8876
4.215,0,0,25,-74.8876
4.22,0,0,25,-74.8876
4.225,0,0,25,-74.8876
4.23,0,0,25,-74.8876
4.235,0,0,25,-74.8876
4.24,0,0,25,-74.8876
4.245,0,0,25,-74.8876
4.25,0,0,25,-74.8876
4.255,0,0,25,-74.8876
4.26,0,0,25,-74.8876
4.265,0,0,25,-74.8876
4.27,0,0,25,-74.8876
4.275,0,0,25,-74.8876
4.28,0,0,25,-74.8876
4.285,0,0,25,-74.8876
4.29,0,0,25,-74.8876
4.295,0,0,25,-74.8876
4.3,0,0,25,-74.8876
4.305,0,0,25,-74.8876
4.31,0,0,25,-74.8876
4.315,0,0,25,-74.8876
4.32,0,0,25,-74.8876
4.325,0,0,25,-74.8876
4.33,0,0,25,-74.8876
4.335,0,0,25,-74.8876
4.34,0,0,25,-74.8876
4.345,0,0,25,-74.8876
4.35,0,0,25,-74.8876
4.355,0,0,25,-74.8876
4.36,0,0,25,-74.8876
4.365,0,0,25,-74.8876
4.37,0,0,25,-74.8876
4.375,0,0,25,-74.8876
4.38,0,0,25,-74.8876
4.385,0,0,25,-74.8876
4.39,0,0,25,-74.8876
4.395,0,0,25,-74.8876
4.4,0,0,25,-74.8876
4.405,0,0,25,-74.8876
4.41,0,0,25,-74.8876
4.415,0,0,25,-74.8876
4.42,0,0,25,-74.8876
4.425,0,0,25,-74.8876
4.43,0,0,25,-74.8876
4.435,0,0,25,-74.8876
4.44,0,0,25,-74.8876
4.445,0,0,25,-74.8876
4.45,0,0,25,-74.8876
4.455,0,0,25,-74.8876
4.46,0,0,25,-74.8876
4.465,0,0,25,-74.8876
4.47,0,0,25,-74.8876
4.475,0,0,25,-74.8876
4.48,0,0,25,-74.8876
4.485,0,0,25,-74.8876
4.49,0,0,25,-74.8876
4.495,0,0,25,-74.8876
4.5,0,0,25,-74.8876
4.505,0,0,25,-74.8876
4.51,0,0,25,-74.8876
4.515,0,0,25,-74.8876
4.52,0,0,25,-74.8876
4.525,0,0,25,-74.8876
4.53,0,0,25,-74.8876
4.535,0,0,25,-74.8876
4.54,0,0,25,-74.8876
4.545,0,0,25,-74.8876
4.55,0,0,25,-74.8876
4.555,0,0,25,-74.8876
4.56,0,0,25,-74.8876
4.565,0,0,25,-74.8876
4.57,0,0,25,-74.8876
4.575,0,0,25,-74.8876
4.58,0,0,25,-74.8876
4.585,0,0,25,-74.8876
4.59,0,0,25,-74.8876
4.595,0,0,25,-74.8876
4.6,0,0,25,-74.8876
4.605,0,0,25,-74.8876
4.61,0,0,25,-74.8876
4.615,0,0,25,-74.8876
4.62,0,0,25,-74.8876
4.625,0,0,25,-74.8876
4.63,0,0,25,-74.8876
4.635,0,0,25,-74.8876
4.64,0,0,25,-74.8876
4.645,0,0,25,-74.8876
4.65,0,0,25,-74.8876
4.655,0,0,25,-74.8876
4.66,0,0,25,-74.8876
4.665,0,0,25,-74.8876
4.67,0,0,25,-74.8876
4.675,0,0,25,-74.8876
4.68,0,0,25,-74.8876
4.685,0,0,25,-74.8876
4.69,0,0,25,-74.8876
4.695,0,0,25,-74.8876
4.7,0,0,25,-74.8876
4.705,0,0,25,-74.8876
4.71,0,0,25,-74.8876
4.715,0,0,25,-74.8876
4.72,0,0,25,-74.8876
4.725,0,0,25,-74.8876
4.73,0,0,25,-74.8876
4.735,0,0,25,-74.8876
4.74,0,0,25,-74.8876
4.745,0,0,25,-74.8876
4.75,0,0,25,-74.8876
4.755,0,0,25,-74.8876
4.76,0,0,25,-74.8876
4.765,0,0,25,-74.8876
4.77,0,0,25,-74.8876
4.775,0,0,25,-74.8876
4.78,0,0,25,-74.8876
4.785,0,0,25,-74.8876
4.79,0,0,25,-74.8876
4.795,0,0,25,-74.8876
4.8,0,0,25,-74.8876
4.805,0,0,25,-74.8876
4.81,0,0,25,-74.8876
4.815,0,0,25,-74.8876
4.82,0,0,25,-74.8876
4.825,0,0,25,-74.8876
4.83,0,0,25,-74.8876
4.835,0,0,25,-74.8876
4.84,0,0,25,-74.8876
4.845,0,0,25,-74.8876
4.85,0,0,25,-74.8876
4.855,0,0,25,-74.8876
4.86,0,0,25,-74.8876
4.865,0,0,25,-74.8876
4.87,0,0,25,-74.8876
4.875,0,0,25,-74.8876
4.88,0,0,25,-74.8876
4.885,0,0,25,-74.8876
4.89,0,0,25,-74.8876
4.895,0,0,25,-74.8876
4.9,0,0,25,-74.8876
4.905,0,0,25,-74.8876
4.91,0,0,25,-74.8876
4.915,0,0,25,-74.8876
4.92,0,0,25,-74.8876
4.925,0,0,25,-74.8876
4.93,0,0,25,-74.8876
4.935,0,0,25,-74.8876
4.94,0,0,25,-74.8876
4.945,0,0,25,-74.8876
4.95,0,0,25,-74.8876
4.955,0,0,25,-74.8876
4.96,0,0,25,-74.8876
4.965,0,0,25,-74.8876
4.97,0,0,25,-74.8876
4.975,0,0,25,-74.8876
4.98,0,0,25,-74.8876
4.985,0,0,25,-74.8876
4.99,0,0,25,-74.8876
4.995,0,0,25,-74.8876
5,0,0,25,-74.8876
