0,0,0,125,-58.3755
0.025,0,0,125,-58.3718
0.05,0,0,125,-58.3645
0.075,0,0,125,-58.3536
0.1,0,0,125,-58.3391
0.125,0,0,125,-58.321
0.15,0,0,125,-58.2995
0.175,0,0,125,-58.2748
0.2,0,0,125,-58.2469
0.225,0,0,125,-58.2161
0.25,0,0,125,-58.1823
0.275,0,0,125,-58.1458
0.3,0,0,125,-58.1065
0.325,0,0,125,-58.0646
0.35,0,0,125,-58.0201
0.375,0,0,125,-57.9732
0.4,0,0,125,-57.9239
0.425,0,0,125,-57.8722
0.45,0,0,125,-57.8182
0.475,0,0,125,-57.762
0.5,0,0,125,-57.7036
0.525,0,0,125,-57.6431
0.55,0,0,125,-57.5806
0.575,0,0,125,-57.516
0.6,0,0,125,-57.4495
0.625,0,0,125,-57.381
0.65,0,0,125,-57.3107
0.675,0,0,125,-57.2385
0.7,0,0,125,-57.1646
0.725,0,0,125,-57.0889
0.75,0,0,125,-57.0114
0.775,0,0,125,-56.9324
0.8,0,0,125,-56.8516
0.825,0,0,125,-56.7693
0.85,0,0,125,-56.6854
0.875,0,0,125,-56.6
0.9,0,0,125,-56.513
0.925,0,0,125,-56.4246
0.95,0,0,125,-56.3348
0.975,0,0,125,-56.2436
1,0,0,125,-56.1511
1.025,0,0,125,-56.0572
1.05,0,0,125,-55.962
1.075,0,0,125,-55.8655
1.1,0,0,125,-55.7678
1.125,0,0,125,-55.6689
1.15,0,0,125,-55.5689
1.175,0,0,125,-55.4676
1.2,0,0,125,-55.3653
1.225,0,0,125,-55.2619
1.25,0,0,125,-55.1574
1.275,0,0,125,-55.0519
1.3,0,0,125,-54.9454
1.325,0,0,125,-54.838
1.35,0,0,125,-54.7296
1.375,0,0,125,-54.6203
1.4,0,0,125,-54.5101
1.425,0,0,125,-54.399
1.45,0,0,125,-54.2871
1.475,0,0,125,-54.1744
1.5,0,0,125,-54.0609
1.525,0,0,125,-53.9466
1.55,0,0,125,-53.8316
1.575,0,0,125,-53.7158
1.6,0,0,125,-53.5994
1.625,0,0,125,-53.4823
1.65,0,0,125,-53.3646
1.675,0,0,125,-53.2462
1.7,0,0,125,-53.1272
1.725,0,0,125,-53.0077
1.75,0,0,125,-52.8875
1.775,0,0,125,-52.7669
1.8,0,0,125,-52.6457
1.825,0,0,125,-52.524
1.85,0,0,125,-52.4018
1.875,0,0,125,-52.2791
1.9,0,0,125,-52.156
1.925,0,0,125,-52.0324
1.95,0,0,125,-51.9084
1.975,0,0,125,-51.784
2,0,0,125,-51.6592
2.025,0,0,125,-51.534
2.05,0,0,125,-51.4085
2.075,0,0,125,-51.2826
2.1,0,0,125,-51.1563
2.125,0,0,125,-51.0297
2.15,0,0,125,-50.9028
2.175,0,0,125,-50.7756
2.2,0,0,125,-50.6481
2.225,0,0,125,-50.5203
2.25,0,0,125,-50.3922
2.275,0,0,125,-50.2639
2.3,0,0,125,-50.1353
2.325,0,0,125,-50.0064
2.35,0,0,125,-49.8773
2.375,0,0,125,-49.7479
2.4,0,0,125,-49.6183
2.425,0,0,125,-49.4885
2.45,0,0,125,-49.3584
2.475,0,0,125,-49.2281
2.5,0,0,125,-49.0976
2.525,0,0,125,-48.9669
2.55,0,0,125,-48.836
2.575,0,0,125,-48.7049
2.6,0,0,125,-48.5735
2.625,0,0,125,-48.442
2.65,0,0,125,-48.3103
2.675,0,0,125,-48.1783
2.7,0,0,125,-48.0462
2.725,0,0,125,-47.9139
2.75,0,0,125,-47.7814
2.775,0,0,125,-47.6487
2.8,0,0,125,-47.5159
2.825,0,0,125,-47.3828
2.85,0,0,125,-47.2495
2.875,0,0,125,-47.1161
2.9,0,0,125,-46.9825
2.925,0,0,125,-46.8487
2.95,0,0,125,-46.7148
2.975,0,0,125,-46.5806
3,0,0,125,-46.4463
3.025,0,0,125,-46.3118
3.05,0,0,125,-46.1771
3.075,0,0,125,-46.0423
3.1,0,0,125,-45.9072
3.125,0,0,125,-45.7721
3.15,0,0,125,-45.6367
3.175,0,0,125,-45.5012
3.2,0,0,125,-45.3656
3.225,0,0,125,-45.2298
3.25,0,0,125,-45.0939
3.275,0,0,125,-44.9578
3.3,0,0,125,-44.8217
3.325,0,0,125,-44.6854
3.35,0,0,125,-44.549
3.375,0,0,125,-44.4126
3.4,0,0,125,-44.2761
3.425,0,0,125,-44.1395
3.45,0,0,125,-44.0028
3.475,0,0,125,-43.8662
3.5,0,0,125,-43.7295
3.525,0,0,125,-43.5928
3.55,0,0,125,-43.4562
3.575,0,0,125,-43.3196
3.6,0,0,125,-43.1831
3.625,0,0,125,-43.0467
3.65,0,0,125,-42.9105
3.675,0,0,125,-42.7744
3.7,0,0,125,-42.6385
3.725,0,0,125,-42.5028
3.75,0,0,125,-42.3674
3.775,0,0,125,-42.2323
3.8,0,0,125,-42.0975
3.825,0,0,125,-41.9631
3.85,0,0,125,-41.8292
3.875,0,0,125,-41.6957
3.9,0,0,125,-41.5628
3.925,0,0,125,-41.4304
3.95,0,0,125,-41.2987
3.975,0,0,125,-41.1676
4,0,0,125,-41.0374
4.025,0,0,125,-40.9079
4.05,0,0,125,-40.7794
4.075,0,0,125,-40.6518
4.1,0,0,125,-40.5252
4.125,0,0,125,-40.3998
4.15,0,0,125,-40.2755
4.175,0,0,125,-40.1525
4.2,0,0,125,-40.0309
4.225,0,0,125,-39.9108
4.25,0,0,125,-39.7922
4.275,0,0,125,-39.6752
4.3,0,0,125,-39.56
4.325,0,0,125,-39.4467
4.35,0,0,125,-39.3353
4.375,0,0,125,-39.226
4.4,0,0,125,-39.1189
4.425,0,0,125,-39.0142
4.45,0,0,125,-38.9118
4.475,0,0,125,-38.8121
4.5,0,0,125,-38.715
4.525,0,0,125,-38.6209
4.55,0,0,125,-38.5297
4.575,0,0,125,-38.4417
4.6,0,0,125,-38.3569
4.625,0,0,125,-38.2757
4.65,0,0,125,-38.198
4.675,0,0,125,-38.1242
4.7,0,0,125,-38.0543
4.725,0,0,125,-37.9886
4.75,0,0,125,-37.9273
4.775,0,0,125,-37.8705
4.8,0,0,125,-37.8185
4.825,0,0,125,-37.7714
4.85,0,0,125,-37.7295
4.875,0,0,125,-37.6931
4.9,0,0,125,-37.6622
4.925,0,0,125,-37.6373
4.95,0,0,125,-37.6183
4.975,0,0,125,-37.6056
5,0,0,125,-37.5992
