0,0,0,125,-38.5409
0.025,0,0,125,-38.5354
0.05,0,0,125,-38.5244
0.075,0,0,125,-38.5078
0.1,0,0,125,-38.4859
0.125,0,0,125,-38.4587
0.15,0,0,125,-38.4264
0.175,0,0,125,-38.3893
0.2,0,0,125,-38.3477
0.225,0,0,125,-38.3018
0.25,0,0,125,-38.2518
0.275,0,0,125,-38.1979
0.3,0,0,125,-38.1403
0.325,0,0,125,-38.079
0.35,0,0,125,-38.0144
0.375,0,0,125,-37.9465
0.4,0,0,125,-37.8756
0.425,0,0,125,-37.8017
0.45,0,0,125,-37.725
0.475,0,0,125,-37.6456
0.5,0,0,125,-37.5637
0.525,0,0,125,-37.4794
0.55,0,0,125,-37.3928
0.575,0,0,125,-37.3041
0.6,0,0,125,-37.2133
0.625,0,0,125,-37.1205
0.65,0,0,125,-37.026
0.675,0,0,125,-36.9297
0.7,0,0,125,-36.8318
0.725,0,0,125,-36.7324
0.75,0,0,125,-36.6317
0.775,0,0,125,-36.5296
0.8,0,0,125,-36.4263
0.825,0,0,125,-36.3218
0.85,0,0,125,-36.2164
0.875,0,0,125,-36.1099
0.9,0,0,125,-36.0027
0.925,0,0,125,-35.8946
0.95,0,0,125,-35.7858
0.975,0,0,125,-35.6765
1,0,0,125,-35.5665
1.025,0,0,125,-35.4561
1.05,0,0,125,-35.3453
1.075,0,0,125,-35.2341
1.1,0,0,125,-35.1227
1.125,0,0,125,-35.0111
1.15,0,0,125,-34.8993
1.175,0,0,125,-34.7874
1.2,0,0,125,-34.6755
1.225,0,0,125,-34.5636
1.25,0,0,125,-34.4518
1.275,0,0,125,-34.3401
1.3,0,0,125,-34.2285
1.325,0,0,125,-34.1172
1.35,0,0,125,-34.0061
1.375,0,0,125,-33.8954
1.4,0,0,125,-33.7849
1.425,0,0,125,-33.6749
1.45,0,0,125,-33.5652
1.475,0,0,125,-33.456
1.5,0,0,125,-33.3472
1.525,0,0,125,-33.239
1.55,0,0,125,-33.1313
1.575,0,0,125,-33.0241
1.6,0,0,125,-32.9175
1.625,0,0,125,-32.8115
1.65,0,0,125,-32.7061
1.675,0,0,125,-32.6014
1.7,0,0,125,-32.4972
1.725,0,0,125,-32.3938
1.75,0,0,125,-32.291
1.775,0,0,125,-32.1889
1.8,0,0,125,-32.0874
1.825,0,0,125,-31.9867
1.85,0,0,125,-31.8867
1.875,0,0,125,-31.7874
1.9,0,0,125,-31.6888
1.925,0,0,125,-31.5909
1.95,0,0,125,-31.4938
1.975,0,0,125,-31.3973
2,0,0,125,-31.3016
2.025,0,0,125,-31.2066
2.05,0,0,125,-31.1123
2.075,0,0,125,-31.0187
2.1,0,0,125,-30.9259
2.125,0,0,125,-30.8337
2.15,0,0,125,-30.7422
2.175,0,0,125,-30.6515
2.2,0,0,125,-30.5614
2.225,0,0,125,-30.472
2.25,0,0,125,-30.3832
2.275,0,0,125,-30.2951
2.3,0,0,125,-30.2077
2.325,0,0,125,-30.1209
2.35,0,0,125,-30.0347
2.375,0,0,125,-29.9492
2.4,0,0,125,-29.8642
2.425,0,0,125,-29.7798
2.45,0,0,125,-29.6961
2.475,0,0,125,-29.6129
2.5,0,0,125,-29.5302
2.525,0,0,125,-29.4481
2.55,0,0,125,-29.3666
2.575,0,0,125,-29.2856
2.6,0,0,125,-29.205
2.625,0,0,125,-29.125
2.65,0,0,125,-29.0454
2.675,0,0,125,-28.9664
2.7,0,0,125,-28.8877
2.725,0,0,125,-28.8096
2.75,0,0,125,-28.7318
2.775,0,0,125,-28.6545
2.8,0,0,125,-28.5775
2.825,0,0,125,-28.501
2.85,0,0,125,-28.4248
2.875,0,0,125,-28.349
2.9,0,0,125,-28.2735
2.925,0,0,125,-28.1984
2.95,0,0,125,-28.1235
2.975,0,0,125,-28.049
3,0,0,125,-27.9748
3.025,0,0,125,-27.9009
3.05,0,0,125,-27.8272
3.075,0,0,125,-27.7538
3.1,0,0,125,-27.6806
3.125,0,0,125,-27.6077
3.15,0,0,125,-27.5349
3.175,0,0,125,-27.4624
3.2,0,0,125,-27.3901
3.225,0,0,125,-27.318
3.25,0,0,125,-27.246
3.275,0,0,125,-27.1742
3.3,0,0,125,-27.1025
3.325,0,0,125,-27.031
3.35,0,0,125,-26.9597
3.375,0,0,125,-26.8884
3.4,0,0,125,-26.8173
3.425,0,0,125,-26.7463
3.45,0,0,125,-26.6754
3.475,0,0,125,-26.6046
3.5,0,0,125,-26.5338
3.525,0,0,125,-26.4632
3.55,0,0,125,-26.3927
3.575,0,0,125,-26.3222
3.6,0,0,125,-26.2518
3.625,0,0,125,-26.1815
3.65,0,0,125,-26.1112
3.675,0,0,125,-26.041
3.7,0,0,125,-25.9709
3.725,0,0,125,-25.9009
3.75,0,0,125,-25.8309
3.775,0,0,125,-25.761
3.8,0,0,125,-25.6911
3.825,0,0,125,-25.6214
3.85,0,0,125,-25.5517
3.875,0,0,125,-25.4821
3.9,0,0,125,-25.4127
3.925,0,0,125,-25.3433
3.95,0,0,125,-25.2741
3.975,0,0,125,-25.205
4,0,0,125,-25.136
4.025,0,0,125,-25.0673
4.05,0,0,125,-24.9987
4.075,0,0,125,-24.9303
4.1,0,0,125,-24.8622
4.125,0,0,125,-24.7943
4.15,0,0,125,-24.7267
4.175,0,0,125,-24.6595
4.2,0,0,125,-24.5926
4.225,0,0,125,-24.5261
4.25,0,0,125,-24.46
4.275,0,0,125,-24.3944
4.3,0,0,125,-24.3294
4.325,0,0,125,-24.2649
4.35,0,0,125,-24.2011
4.375,0,0,125,-24.1379
4.4,0,0,125,-24.0755
4.425,0,0,125,-24.014
4.45,0,0,125,-23.9533
4.475,0,0,125,-23.8936
4.5,0,0,125,-23.835
4.525,0,0,125,-23.7776
4.55,0,0,125,-23.7214
4.575,0,0,125,-23.6667
4.6,0,0,125,-23.6134
4.625,0,0,125,-23.5617
4.65,0,0,125,-23.5119
4.675,0,0,125,-23.4639
4.7,0,0,125,-23.418
4.725,0,0,125,-23.3743
4.75,0,0,125,-23.333
4.775,0,0,125,-23.2944
4.8,0,0,125,-23.2586
4.825,0,0,125,-23.2259
4.85,0,0,125,-23.1964
4.875,0,0,125,-23.1705
4.9,0,0,125,-23.1484
4.925,0,0,125,-23.1303
4.95,0,0,125,-23.1165
4.975,0,0,125,-23.1072
5,0,0,125,-23.1025
