0,0,0,25,-1.96157
0.005,0,0,25,-1.96138
0.01,0,0,25,-1.961
0.015,0,0,25,-1.96043
0.02,0,0,25,-1.95967
0.025,0,0,25,-1.95872
0.03,0,0,25,-1.95758
0.035,0,0,25,-1.95626
0.04,0,0,25,-1.95476
0.045,0,0,25,-1.95307
0.05,0,0,25,-1.95121
0.055,0,0,25,-1.94916
0.06,0,0,25,-1.94694
0.065,0,0,25,-1.94454
0.07,0,0,25,-1.94196
0.075,0,0,25,-1.93921
0.08,0,0,25,-1.93629
0.085,0,0,25,-1.9332
0.09,0,0,25,-1.92994
0.095,0,0,25,-1.92652
0.1,0,0,25,-1.92292
0.105,0,0,25,-1.91916
0.11,0,0,25,-1.91524
0.115,0,0,25,-1.91116
0.12,0,0,25,-1.90691
0.125,0,0,25,-1.9025
0.13,0,0,25,-1.89794
0.135,0,0,25,-1.89321
0.14,0,0,25,-1.88833
0.145,0,0,25,-1.8833
0.15,0,0,25,-1.87811
0.155,0,0,25,-1.87276
0.16,0,0,25,-1.86727
0.165,0,0,25,-1.86162
0.17,0,0,25,-1.85582
0.175,0,0,25,-1.84988
0.18,0,0,25,-1.84378
0.185,0,0,25,-1.83754
0.19,0,0,25,-1.83114
0.195,0,0,25,-1.82461
0.2,0,0,25,-1.81793
0.205,0,0,25,-1.8111
0.21,0,0,25,-1.80413
0.215,0,0,25,-1.79702
0.22,0,0,25,-1.78976
0.225,0,0,25,-1.78237
0.23,0,0,25,-1.77483
0.235,0,0,25,-1.76716
0.24,0,0,25,-1.75934
0.245,0,0,25,-1.75139
0.25,0,0,25,-1.7433
0.255,0,0,25,-1.73507
0.26,0,0,25,-1.7267
0.265,0,0,25,-1.7182
0.27,0,0,25,-1.70957
0.275,0,0,25,-1.70079
0.28,0,0,25,-1.69189
0.285,0,0,25,-1.68285
0.29,0,0,25,-1.67368
0.295,0,0,25,-1.66437
0.3,0,0,25,-1.65493
0.305,0,0,25,-1.64536
0.31,0,0,25,-1.63566
0.315,0,0,25,-1.62583
0.32,0,0,25,-1.61587
0.325,0,0,25,-1.60577
0.33,0,0,25,-1.59555
0.335,0,0,25,-1.5852
0.34,0,0,25,-1.57472
0.345,0,0,25,-1.56411
0.35,0,0,25,-1.55337
0.355,0,0,25,-1.54251
0.36,0,0,25,-1.53151
0.365,0,0,25,-1.52039
0.37,0,0,25,-1.50914
0.375,0,0,25,-1.49777
0.38,0,0,25,-1.48627
0.385,0,0,25,-1.47464
0.39,0,0,25,-1.46289
0.395,0,0,25,-1.45101
0.4,0,0,25,-1.43901
0.405,0,0,25,-1.42688
0.41,0,0,25,-1.41463
0.415,0,0,25,-1.40225
0.42,0,0,25,-1.38975
0.425,0,0,25,-1.37712
0.43,0,0,25,-1.36437
0.435,0,0,25,-1.3515
0.44,0,0,25,-1.3385
0.445,0,0,25,-1.32538
0.45,0,0,25,-1.31213
0.455,0,0,25,-1.29876
0.46,0,0,25,-1.28527
0.465,0,0,25,-1.27166
0.47,0,0,25,-1.25792
0.475,0,0,25,-1.24406
0.48,0,0,25,-1.23008
0.485,0,0,25,-1.21597
0.49,0,0,25,-1.20174
0.495,0,0,25,-1.18739
0.5,0,0,25,-1.17292
0.505,0,0,25,-1.15833
0.51,0,0,25,-1.14361
0.515,0,0,25,-1.12877
0.52,0,0,25,-1.11381
0.525,0,0,25,-1.09873
0.53,0,0,25,-1.08352
0.535,0,0,25,-1.0682
0.54,0,0,25,-1.05275
0.545,0,0,25,-1.03718
0.55,0,0,25,-1.02149
0.555,0,0,25,-1.00567
0.56,0,0,25,-0.989739
0.565,0,0,25,-0.973682
0.57,0,0,25,-0.957503
0.575,0,0,25,-0.941202
0.58,0,0,25,-0.92478
0.585,0,0,25,-0.908236
0.59,0,0,25,-0.89157
0.595,0,0,25,-0.874783
0.6,0,0,25,-0.857873
0.605,0,0,25,-0.840841
0.61,0,0,25,-0.823688
0.615,0,0,25,-0.806412
0.62,0,0,25,-0.789015
0.625,0,0,25,-0.771495
0.63,0,0,25,-0.753853
0.635,0,0,25,-0.736089
0.64,0,0,25,-0.718203
0.645,0,0,25,-0.700194
0.65,0,0,25,-0.682063
0.655,0,0,25,-0.663809
0.66,0,0,25,-0.645433
0.665,0,0,25,-0.626934
0.67,0,0,25,-0.608312
0.675,0,0,25,-0.589567
0.68,0,0,25,-0.570699
0.685,0,0,25,-0.551708
0.69,0,0,25,-0.532593
0.695,0,0,25,-0.513355
0.7,0,0,25,-0.493994
0.705,0,0,25,-0.474509
0.71,0,0,25,-0.454901
0.715,0,0,25,-0.435168
0.72,0,0,25,-0.415312
0.725,0,0,25,-0.395331
0.73,0,0,25,-0.375226
0.735,0,0,25,-0.354997
0.74,0,0,25,-0.334643
0.745,0,0,25,-0.314164
0.75,0,0,25,-0.293561
0.755,0,0,25,-0.272832
0.76,0,0,25,-0.251978
0.765,0,0,25,-0.230999
0.77,0,0,25,-0.209894
0.775,0,0,25,-0.188664
0.78,0,0,25,-0.167307
0.785,0,0,25,-0.145825
0.79,0,0,25,-0.124216
0.795,0,0,25,-0.10248
0.8,0,0,25,-0.0806185
0.805,0,0,25,-0.0586297
0.81,0,0,25,-0.0365139
0.815,0,0,25,-0.0142709
0.82,0,0,25,0.00809966
0.825,0,0,25,0.0305978
0.83,0,0,25,0.0532238
0.835,0,0,25,0.0759779
0.84,0,0,25,0.0988603
0.845,0,0,25,0.121871
0.85,0,0,25,0.145011
0.855,0,0,25,0.168279
0.86,0,0,25,0.191677
0.865,0,0,25,0.215204
0.87,0,0,25,0.238861
0.875,0,0,25,0.262648
0.88,0,0,25,0.286564
0.885,0,0,25,0.310611
0.89,0,0,25,0.334789
0.895,0,0,25,0.359098
0.9,0,0,25,0.383537
0.905,0,0,25,0.408108
0.91,0,0,25,0.432811
0.915,0,0,25,0.457645
0.92,0,0,25,0.482611
0.925,0,0,25,0.50771
0.93,0,0,25,0.532942
0.935,0,0,25,0.558306
0.94,0,0,25,0.583804
0.945,0,0,25,0.609435
0.95,0,0,25,0.635199
0.955,0,0,25,0.661098
0.96,0,0,25,0.687131
0.965,0,0,25,0.713298
0.97,0,0,25,0.739601
0.975,0,0,25,0.766038
0.98,0,0,25,0.792611
0.985,0,0,25,0.81932
0.99,0,0,25,0.846164
0.995,0,0,25,0.873145
1,0,0,25,0.900262
1.005,0,0,25,0.927517
1.01,0,0,25,0.954908
1.015,0,0,25,0.982437
1.02,0,0,25,1.0101
1.025,0,0,25,1.03791
1.03,0,0,25,1.06585
1.035,0,0,25,1.09393
1.04,0,0,25,1.12216
1.045,0,0,25,1.15052
1.05,0,0,25,1.17902
1.055,0,0,25,1.20766
1.06,0,0,25,1.23644
1.065,0,0,25,1.26536
1.07,0,0,25,1.29442
1.075,0,0,25,1.32362
1.08,0,0,25,1.35297
1.085,0,0,25,1.38246
1.09,0,0,25,1.41208
1.095,0,0,25,1.44186
1.1,0,0,25,1.47177
1.105,0,0,25,1.50183
1.11,0,0,25,1.53203
1.115,0,0,25,1.56238
1.12,0,0,25,1.59287
1.125,0,0,25,1.6235
1.13,0,0,25,1.65428
1.135,0,0,25,1.68521
1.14,0,0,25,1.71628
1.145,0,0,25,1.7475
1.15,0,0,25,1.77886
1.155,0,0,25,1.81037
1.16,0,0,25,1.84203
1.165,0,0,25,1.87383
1.17,0,0,25,1.90579
1.175,0,0,25,1.93789
1.18,0,0,25,1.97014
1.185,0,0,25,2.00254
1.19,0,0,25,2.03509
1.195,0,0,25,2.06778
1.2,0,0,25,2.10063
1.205,0,0,25,2.13363
1.21,0,0,25,2.16678
1.215,0,0,25,2.20008
1.22,0,0,25,2.23353
1.225,0,0,25,2.26714
1.23,0,0,25,2.30089
1.235,0,0,25,2.3348
1.24,0,0,25,2.36886
1.245,0,0,25,2.40308
1.25,0,0,25,2.43745
1.255,0,0,25,2.47197
1.26,0,0,25,2.50665
1.265,0,0,25,2.54148
1.27,0,0,25,2.57647
1.275,0,0,25,2.61162
1.28,0,0,25,2.64692
1.285,0,0,25,2.68237
1.29,0,0,25,2.71799
1.295,0,0,25,2.75376
1.3,0,0,25,2.78969
1.305,0,0,25,2.82577
1.31,0,0,25,2.86202
1.315,0,0,25,2.89842
1.32,0,0,25,2.93498
1.325,0,0,25,2.97171
1.33,0,0,25,3.00859
1.335,0,0,25,3.04563
1.34,0,0,25,3.08283
1.345,0,0,25,3.1202
1.35,0,0,25,3.15773
1.355,0,0,25,3.19541
1.36,0,0,25,3.23326
1.365,0,0,25,3.27128
1.37,0,0,25,3.30945
1.375,0,0,25,3.34779
1.38,0,0,25,3.3863
1.385,0,0,25,3.42497
1.39,0,0,25,3.4638
1.395,0,0,25,3.5028
1.4,0,0,25,3.54196
1.405,0,0,25,3.58129
1.41,0,0,25,3.62078
1.415,0,0,25,3.66045
1.42,0,0,25,3.70027
1.425,0,0,25,3.74027
1.43,0,0,25,3.78044
1.435,0,0,25,3.82077
1.44,0,0,25,3.86127
1.445,0,0,25,3.90194
1.45,0,0,25,3.94278
1.455,0,0,25,3.98379
1.46,0,0,25,4.02497
1.465,0,0,25,4.06631
1.47,0,0,25,4.10783
1.475,0,0,25,4.14953
1.48,0,0,25,4.19139
1.485,0,0,25,4.23342
1.49,0,0,25,4.27563
1.495,0,0,25,4.31801
1.5,0,0,25,4.36057
1.505,0,0,25,4.40329
1.51,0,0,25,4.4462
1.515,0,0,25,4.48927
1.52,0,0,25,4.53252
1.525,0,0,25,4.57595
1.53,0,0,25,4.61955
1.535,0,0,25,4.66332
1.54,0,0,25,4.70728
1.545,0,0,25,4.7514
1.55,0,0,25,4.79571
1.555,0,0,25,4.84019
1.56,0,0,25,4.88485
1.565,0,0,25,4.92969
1.57,0,0,25,4.97471
1.575,0,0,25,5.01991
1.58,0,0,25,5.06528
1.585,0,0,25,5.11084
1.59,0,0,25,5.15657
1.595,0,0,25,5.20249
1.6,0,0,25,5.24858
1.605,0,0,25,5.29486
1.61,0,0,25,5.34131
1.615,0,0,25,5.38795
1.62,0,0,25,5.43477
1.625,0,0,25,5.48178
1.63,0,0,25,5.52896
1.635,0,0,25,5.57633
1.64,0,0,25,5.62388
1.645,0,0,25,5.67162
1.65,0,0,25,5.71953
1.655,0,0,25,5.76764
1.66,0,0,25,5.81593
1.665,0,0,25,5.8644
1.67,0,0,25,5.91306
1.675,0,0,25,5.9619
1.68,0,0,25,6.01093
1.685,0,0,25,6.06014
1.69,0,0,25,6.10955
1.695,0,0,25,6.15914
1.7,0,0,25,6.20891
1.705,0,0,25,6.25887
1.71,0,0,25,6.30903
1.715,0,0,25,6.35936
1.72,0,0,25,6.40989
1.725,0,0,25,6.46061
1.73,0,0,25,6.51151
1.735,0,0,25,6.56261
1.74,0,0,25,6.61389
1.745,0,0,25,6.66536
1.75,0,0,25,6.71703
1.755,0,0,25,6.76888
1.76,0,0,25,6.82092
1.765,0,0,25,6.87316
1.77,0,0,25,6.92559
1.775,0,0,25,6.9782
1.78,0,0,25,7.03101
1.785,0,0,25,7.08401
1.79,0,0,25,7.13721
1.795,0,0,25,7.19059
1.8,0,0,25,7.24417
1.805,0,0,25,7.29794
1.81,0,0,25,7.35191
1.815,0,0,25,7.40606
1.82,0,0,25,7.46041
1.825,0,0,25,7.51496
1.83,0,0,25,7.5697
1.835,0,0,25,7.62463
1.84,0,0,25,7.67976
1.845,0,0,25,7.73508
1.85,0,0,25,7.7906
1.855,0,0,25,7.84631
1.86,0,0,25,7.90222
1.865,0,0,25,7.95832
1.87,0,0,25,8.01462
1.875,0,0,25,8.07112
1.88,0,0,25,8.12781
1.885,0,0,25,8.1847
1.89,0,0,25,8.24178
1.895,0,0,25,8.29906
1.9,0,0,25,8.35654
1.905,0,0,25,8.41422
1.91,0,0,25,8.47209
1.915,0,0,25,8.53016
1.92,0,0,25,8.58842
1.925,0,0,25,8.64689
1.93,0,0,25,8.70555
1.935,0,0,25,8.76441
1.94,0,0,25,8.82347
1.945,0,0,25,8.88273
1.95,0,0,25,8.94218
1.955,0,0,25,9.00184
1.96,0,0,25,9.06169
1.965,0,0,25,9.12174
1.97,0,0,25,9.18199
1.975,0,0,25,9.24244
1.98,0,0,25,9.30309
1.985,0,0,25,9.36393
1.99,0,0,25,9.42498
1.995,0,0,25,9.48623
2,0,0,25,9.54767
2.005,0,0,25,9.60932
2.01,0,0,25,9.67116
2.015,0,0,25,9.7332
2.02,0,0,25,9.79545
2.025,0,0,25,9.85789
2.03,0,0,25,9.92054
2.035,0,0,25,9.98338
2.04,0,0,25,10.0464
2.045,0,0,25,10.1097
2.05,0,0,25,10.1731
2.055,0,0,25,10.2368
2.06,0,0,25,10.3006
2.065,0,0,25,10.3646
2.07,0,0,25,10.4289
2.075,0,0,25,10.4933
2.08,0,0,25,10.558
2.085,0,0,25,10.6228
2.09,0,0,25,10.6879
2.095,0,0,25,10.7531
2.1,0,0,25,10.8186
2.105,0,0,25,10.8842
2.11,0,0,25,10.9501
2.115,0,0,25,11.0161
2.12,0,0,25,11.0824
2.125,0,0,25,11.1488
2.13,0,0,25,11.2155
2.135,0,0,25,11.2823
2.14,0,0,25,11.3493
2.145,0,0,25,11.4166
2.15,0,0,25,11.484
2.155,0,0,25,11.5517
2.16,0,0,25,11.6195
2.165,0,0,25,11.6876
2.17,0,0,25,11.7558
2.175,0,0,25,11.8243
2.18,0,0,25,11.8929
2.185,0,0,25,11.9618
2.19,0,0,25,12.0308
2.195,0,0,25,12.1001
2.2,0,0,25,12.1695
2.205,0,0,25,12.2392
2.21,0,0,25,12.309
2.215,0,0,25,12.3791
2.22,0,0,25,12.4493
2.225,0,0,25,12.5197
2.23,0,0,25,12.5904
2.235,0,0,25,12.6612
2.24,0,0,25,12.7323
2.245,0,0,25,12.8035
2.25,0,0,25,12.8749
2.255,0,0,25,12.9465
2.26,0,0,25,13.0184
2.265,0,0,25,13.0904
2.27,0,0,25,13.1626
2.275,0,0,25,13.235
2.28,0,0,25,13.3077
2.285,0,0,25,13.3805
2.29,0,0,25,13.4535
2.295,0,0,25,13.5267
2.3,0,0,25,13.6001
2.305,0,0,25,13.6737
2.31,0,0,25,13.7475
2.315,0,0,25,13.8215
2.32,0,0,25,13.8957
2.325,0,0,25,13.9701
2.33,0,0,25,14.0446
2.335,0,0,25,14.1194
2.34,0,0,25,14.1944
2.345,0,0,25,14.2695
2.35,0,0,25,14.3449
2.355,0,0,25,14.4204
2.36,0,0,25,14.4962
2.365,0,0,25,14.5721
2.37,0,0,25,14.6482
2.375,0,0,25,14.7246
2.38,0,0,25,14.8011
2.385,0,0,25,14.8778
2.39,0,0,25,14.9547
2.395,0,0,25,15.0318
2.4,0,0,25,15.109
2.405,0,0,25,15.1865
2.41,0,0,25,15.2642
2.415,0,0,25,15.342
2.42,0,0,25,15.4201
2.425,0,0,25,15.4983
2.43,0,0,25,15.5767
2.435,0,0,25,15.6553
2.44,0,0,25,15.7341
2.445,0,0,25,15.8131
2.45,0,0,25,15.8923
2.455,0,0,25,15.9716
2.46,0,0,25,16.0512
2.465,0,0,25,16.1309
2.47,0,0,25,16.2108
2.475,0,0,25,16.2909
2.48,0,0,25,16.3712
2.485,0,0,25,16.4517
2.49,0,0,25,16.5323
2.495,0,0,25,16.6132
2.5,0,0,25,16.6942
2.505,0,0,25,16.7754
2.51,0,0,25,16.8568
2.515,0,0,25,16.9384
2.52,0,0,25,17.0202
2.525,0,0,25,17.1021
2.53,0,0,25,17.1842
2.535,0,0,25,17.2665
2.54,0,0,25,17.349
2.545,0,0,25,17.4316
2.55,0,0,25,17.5145
2.555,0,0,25,17.5975
2.56,0,0,25,17.6807
2.565,0,0,25,17.7641
2.57,0,0,25,17.8476
2.575,0,0,25,17.9313
2.58,0,0,25,18.0152
2.585,0,0,25,18.0993
2.59,0,0,25,18.1835
2.595,0,0,25,18.268
2.6,0,0,25,18.3526
2.605,0,0,25,18.4373
2.61,0,0,25,18.5223
2.615,0,0,25,18.6074
2.62,0,0,25,18.6927
2.625,0,0,25,18.7781
2.63,0,0,25,18.8637
2.635,0,0,25,18.9495
2.64,0,0,25,19.0355
2.645,0,0,25,19.1216
2.65,0,0,25,19.2079
2.655,0,0,25,19.2943
2.66,0,0,25,19.381
2.665,0,0,25,19.4677
2.67,0,0,25,19.5547
2.675,0,0,25,19.6418
2.68,0,0,25,19.7291
2.685,0,0,25,19.8165
2.69,0,0,25,19.9041
2.695,0,0,25,19.9919
2.7,0,0,25,20.0798
2.705,0,0,25,20.1678
2.71,0,0,25,20.2561
2.715,0,0,25,20.3444
2.72,0,0,25,20.433
2.725,0,0,25,20.5217
2.73,0,0,25,20.6105
2.735,0,0,25,20.6995
2.74,0,0,25,20.7886
2.745,0,0,25,20.8779
2.75,0,0,25,20.9674
2.755,0,0,25,21.057
2.76,0,0,25,21.1467
2.765,0,0,25,21.2366
2.77,0,0,25,21.3266
2.775,0,0,25,21.4168
2.78,0,0,25,21.5071
2.785,0,0,25,21.5976
2.79,0,0,25,21.6882
2.795,0,0,25,21.7789
2.8,0,0,25,21.8698
2.805,0,0,25,21.9608
2.81,0,0,25,22.052
2.815,0,0,25,22.1433
2.82,0,0,25,22.2347
2.825,0,0,25,22.3262
2.83,0,0,25,22.4179
2.835,0,0,25,22.5097
2.84,0,0,25,22.6016
2.845,0,0,25,22.6937
2.85,0,0,25,22.7859
2.855,0,0,25,22.8782
2.86,0,0,25,22.9706
2.865,0,0,25,23.0632
2.87,0,0,25,23.1558
2.875,0,0,25,23.2486
2.88,0,0,25,23.3415
2.885,0,0,25,23.4345
2.89,0,0,25,23.5276
2.895,0,0,25,23.6209
2.9,0,0,25,23.7142
2.905,0,0,25,23.8077
2.91,0,0,25,23.9012
2.915,0,0,25,23.9949
2.92,0,0,25,24.0886
2.925,0,0,25,24.1825
2.93,0,0,25,24.2764
2.935,0,0,25,24.3705
2.94,0,0,25,24.4646
2.945,0,0,25,24.5589
2.95,0,0,25,24.6532
2.955,0,0,25,24.7476
2.96,0,0,25,24.8421
2.965,0,0,25,24.9367
2.97,0,0,25,25.0313
2.975,0,0,25,25.126
2.98,0,0,25,25.2209
2.985,0,0,25,25.3157
2.99,0,0,25,25.4107
2.995,0,0,25,25.5057
3,0,0,25,25.6008
3.005,0,0,25,25.6959
3.01,0,0,25,25.7911
3.015,0,0,25,25.8864
3.02,0,0,25,25.9817
3.025,0,0,25,26.0771
3.03,0,0,25,26.1725
3.035,0,0,25,26.268
3.04,0,0,25,26.3635
3.045,0,0,25,26.459
3.05,0,0,25,26.5546
3.055,0,0,25,26.6502
3.06,0,0,25,26.7459
3.065,0,0,25,26.8416
3.07,0,0,25,26.9373
3.075,0,0,25,27.033
3.08,0,0,25,27.1287
3.085,0,0,25,27.2245
3.09,0,0,25,27.3202
3.095,0,0,25,27.416
3.1,0,0,25,27.5118
3.105,0,0,25,27.6076
3.11,0,0,25,27.7033
3.115,0,0,25,27.7991
3.12,0,0,25,27.8948
3.125,0,0,25,27.9906
3.13,0,0,25,28.0863
3.135,0,0,25,28.182
3.14,0,0,25,28.2776
3.145,0,0,25,28.3732
3.15,0,0,25,28.4688
3.155,0,0,25,28.5644
3.16,0,0,25,28.6599
3.165,0,0,25,28.7553
3.17,0,0,25,28.8507
3.175,0,0,25,28.946
3.18,0,0,25,29.0413
3.185,0,0,25,29.1365
3.19,0,0,25,29.2316
3.195,0,0,25,29.3267
3.2,0,0,25,29.4216
3.205,0,0,25,29.5165
3.21,0,0,25,29.6113
3.215,0,0,25,29.7059
3.22,0,0,25,29.8005
3.225,0,0,25,29.8949
3.23,0,0,25,29.9893
3.235,0,0,25,30.0835
3.24,0,0,25,30.1776
3.245,0,0,25,30.2715
3.25,0,0,25,30.3653
3.255,0,0,25,30.459
3.26,0,0,25,30.5525
3.265,0,0,25,30.6458
3.27,0,0,25,30.739
3.275,0,0,25,30.832
3.28,0,0,25,30.9249
3.285,0,0,25,31.0175
3.29,0,0,25,31.11
3.295,0,0,25,31.2023
3.3,0,0,25,31.2943
3.305,0,0,25,31.3862
3.31,0,0,25,31.4778
3.315,0,0,25,31.5692
3.32,0,0,25,31.6604
3.325,0,0,25,31.7514
3.33,0,0,25,31.842
3.335,0,0,25,31.9325
3.34,0,0,25,32.0227
3.345,0,0,25,32.1126
3.35,0,0,25,32.2022
3.355,0,0,25,32.2916
3.36,0,0,25,32.3807
3.365,0,0,25,32.4695
3.37,0,0,25,32.5579
3.375,0,0,25,32.6461
3.38,0,0,25,32.7339
3.385,0,0,25,32.8214
3.39,0,0,25,32.9086
3.395,0,0,25,32.9954
3.4,0,0,25,33.0819
3.405,0,0,25,33.168
3.41,0,0,25,33.2538
3.415,0,0,25,33.3391
3.42,0,0,25,33.4241
3.425,0,0,25,33.5087
3.43,0,0,25,33.5929
3.435,0,0,25,33.6767
3.44,0,0,25,33.7601
3.445,0,0,25,33.843
3.45,0,0,25,33.9255
3.455,0,0,25,34.0076
3.46,0,0,25,34.0892
3.465,0,0,25,34.1704
3.47,0,0,25,34.2511
3.475,0,0,25,34.3313
3.48,0,0,25,34.411
3.485,0,0,25,34.4903
3.49,0,0,25,34.569
3.495,0,0,25,34.6472
3.5,0,0,25,34.7249
3.505,0,0,25,34.8021
3.51,0,0,25,34.8787
3.515,0,0,25,34.9548
3.52,0,0,25,35.0304
3.525,0,0,25,35.1054
3.53,0,0,25,35.1798
3.535,0,0,25,35.2536
3.54,0,0,25,35.3269
3.545,0,0,25,35.3995
3.55,0,0,25,35.4716
3.555,0,0,25,35.543
3.56,0,0,25,35.6139
3.565,0,0,25,35.6841
3.57,0,0,25,35.7536
3.575,0,0,25,35.8225
3.58,0,0,25,35.8908
3.585,0,0,25,35.9584
3.59,0,0,25,36.0254
3.595,0,0,25,36.0916
3.6,0,0,25,36.1572
3.605,0,0,25,36.2221
3.61,0,0,25,36.2863
3.615,0,0,25,36.3498
3.62,0,0,25,36.4126
3.625,0,0,25,36.4746
3.63,0,0,25,36.5359
3.635,0,0,25,36.5965
3.64,0,0,25,36.6563
3.645,0,0,25,36.7154
3.65,0,0,25,36.7737
3.655,0,0,25,36.8313
3.66,0,0,25,36.888
3.665,0,0,25,36.944
3.67,0,0,25,36.9992
3.675,0,0,25,37.0536
3.68,0,0,25,37.1072
3.685,0,0,25,37.1599
3.69,0,0,25,37.2119
3.695,0,0,25,37.263
3.7,0,0,25,37.3132
3.705,0,0,25,37.3626
3.71,0,0,25,37.4111
3.715,0,0,25,37.4588
3.72,0,0,25,37.5056
3.725,0,0,25,37.5515
3.73,0,0,25,37.5964
3.735,0,0,25,37.6405
3.74,0,0,25,37.6836
3.745,0,0,25,37.7258
3.75,0,0,25,37.767
3.755,0,0,25,37.8072
3.76,0,0,25,37.8465
3.765,0,0,25,37.8847
3.77,0,0,25,37.9219
3.775,0,0,25,37.9581
3.78,0,0,25,37.9932
3.785,0,0,25,38.0272
3.79,0,0,25,38.0601
3.795,0,0,25,38.0918
3.8,0,0,25,38.1224
3.805,0,0,25,38.1518
3.81,0,0,25,38.1799
3.815,0,0,25,38.2068
3.82,0,0,25,38.2323
3.825,0,0,25,38.2564
3.83,0,0,25,38.2792
3.835,0,0,25,38.3004
3.84,0,0,25,38.3201
3.845,0,0,25,38.3382
3.85,0,0,25,38.3546
3.855,0,0,25,38.3693
3.86,0,0,25,38.3821
3.865,0,0,25,38.3929
3.87,0,0,25,38.4016
3.875,0,0,25,38.4082
3.88,0,0,25,38.4123
3.885,0,0,25,38.414
3.89,0,0,25,38.4131
3.895,0,0,25,38.4092
3.9,0,0,25,38.4023
3.905,0,0,25,38.392
3.91,0,0,25,38.3782
3.915,0,0,25,38.3604
3.92,0,0,25,38.3384
3.925,0,0,25,38.3118
3.93,0,0,25,38.2802
3.935,0,0,25,38.243
3.94,0,0,25,38.1997
3.945,0,0,25,38.1498
3.95,0,0,25,38.0925
3.955,0,0,25,38.027
3.96,0,0,25,37.9524
3.965,0,0,25,37.8677
3.97,0,0,25,37.7719
3.975,0,0,25,37.6634
3.98,0,0,25,37.5409
3.985,0,0,25,37.4027
3.99,0,0,25,37.2467
3.995,0,0,25,37.0706
4,0,0,25,36.872
4.005,0,0,25,36.6479
4.01,0,0,25,36.3947
4.015,0,0,25,36.1086
4.02,0,0,25,35.785
4.025,0,0,25,35.4185
4.03,0,0,25,35.0033
4.035,0,0,25,34.5321
4.04,0,0,25,33.997
4.045,0,0,25,33.3886
4.05,0,0,25,32.6963
4.055,0,0,25,31.9079
4.06,0,0,25,31.0098
4.065,0,0,25,29.9864
4.07,0,0,25,28.8209
4.075,0,0,25,27.4948
4.08,0,0,25,25.9888
4.085,0,0,25,24.2834
4.09,0,0,25,22.3598
4.095,0,0,25,20.202
4.1,0,0,25,17.798
4.105,0,0,25,15.143
4.11,0,0,25,12.2409
4.115,0,0,25,9.10645
4.12,0,0,25,5.76595
4.125,0,0,25,2.25662
4.13,0,0,25,-1.37594
4.135,0,0,25,-5.08145
4.14,0,0,25,-8.8093
4.145,0,0,25,-12.5124
4.15,0,0,25,-16.15
4.155,0,0,25,-19.6888
4.16,0,0,25,-23.1034
4.165,0,0,25,-26.3756
4.17,0,0,25,-29.4935
4.175,0,0,25,-32.4502
4.18,0,0,25,-35.2429
4.185,0,0,25,-37.8721
4.19,0,0,25,-40.3405
4.195,0,0,25,-42.6527
4.2,0,0,25,-44.8143
4.205,0,0,25,-46.8319
4.21,0,0,25,-48.7125
4.215,0,0,25,-50.4634
4.22,0,0,25,-52.0919
4.225,0,0,25,-53.6053
4.23,0,0,25,-55.0107
4.235,0,0,25,-56.315
4.24,0,0,25,-57.5248
4.245,0,0,25,-58.6464
4.25,0,0,25,-59.6858
4.255,0,0,25,-60.6487
4.26,0,0,25,-61.5405
4.265,0,0,25,-62.3661
4.27,0,0,25,-63.1304
4.275,0,0,25,-63.8376
4.28,0,0,25,-64.4919
4.285,0,0,25,-65.0972
4.29,0,0,25,-65.6571
4.295,0,0,25,-66.1749
4.3,0,0,25,-66.6536
4.305,0,0,25,-67.0963
4.31,0,0,25,-67.5055
4.315,0,0,25,-67.8838
4.32,0,0,25,-68.2334
4.325,0,0,25,-68.5565
4.33,0,0,25,-68.8552
4.335,0,0,25,-69.1312
4.34,0,0,25,-69.3862
4.345,0,0,25,-69.6218
4.35,0,0,25,-69.8395
4.355,0,0,25,-70.0407
4.36,0,0,25,-70.2265
4.365,0,0,25,-70.3982
4.37,0,0,25,-70.5568
4.375,0,0,25,-70.7034
4.38,0,0,25,-70.8387
4.385,0,0,25,-70.9637
4.39,0,0,25,-71.0792
4.395,0,0,25,-71.1859
4.4,0,0,25,-71.2845
4.405,0,0,25,-71.3755
4.41,0,0,25,-71.4595
4.415,0,0,25,-71.5372
4.42,0,0,25,-71.6089
4.425,0,0,25,-71.6751
4.43,0,0,25,-71.7363
4.435,0,0,25,-71.7928
4.44,0,0,25,-71.845
4.445,0,0,25,-71.8932
4.45,0,0,25,-71.9377
4.455,0,0,25,-71.9788
4.46,0,0,25,-72.0167
4.465,0,0,25,-72.0518
4.47,0,0,25,-72.0842
4.475,0,0,25,-72.1141
4.48,0,0,25,-72.1417
4.485,0,0,25,-72.1672
4.49,0,0,25,-72.1907
4.495,0,0,25,-72.2125
4.5,0,0,25,-72.2326
4.505,0,0,25,-72.2511
4.51,0,0,25,-72.2682
4.515,0,0,25,-72.284
4.52,0,0,25,-72.2986
4.525,0,0,25,-72.3121
4.53,0,0,25,-72.3246
4.535,0,0,25,-72.3361
4.54,0,0,25,-72.3467
4.545,0,0,25,-72.3565
4.55,0,0,25,-72.3656
4.555,0,0,25,-72.3739
4.56,0,0,25,-72.3817
4.565,0,0,25,-72.3888
4.57,0,0,25,-72.3954
4.575,0,0,25,-72.4015
4.58,0,0,25,-72.4071
4.585,0,0,25,-72.4123
4.59,0,0,25,-72.4171
4.595,0,0,25,-72.4215
4.6,0,0,25,-72.4256
4.605,0,0,25,-72.4294
4.61,0,0,25,-72.4328
4.615,0,0,25,-72.4361
4.62,0,0,25,-72.439
4.625,0,0,25,-72.4418
4.63,0,0,25,-72.4443
4.635,0,0,25,-72.4466
4.64,0,0,25,-72.4488
4.645,0,0,25,-72.4508
4.65,0,0,25,-72.4526
4.655,0,0,25,-72.4543
4.66,0,0,25,-72.4559
4.665,0,0,25,-72.4574
4.67,0,0,25,-72.4587
4.675,0,0,25,-72.4599
4.68,0,0,25,-72.4611
4.685,0,0,25,-72.4621
4.69,0,0,25,-72.4631
4.695,0,0,25,-72.464
4.7,0,0,25,-72.4648
4.705,0,0,25,-72.4656
4.71,0,0,25,-72.4663
4.715,0,0,25,-72.467
4.72,0,0,25,-72.4676
4.725,0,0,25,-72.4681
4.73,0,0,25,-72.4686
4.735,0,0,25,-72.4691
4.74,0,0,25,-72.4695
4.745,0,0,25,-72.47
4.75,0,0,25,-72.4703
4.755,0,0,25,-72.4707
4.76,0,0,25,-72.471
4.765,0,0,25,-72.4713
4.77,0,0,25,-72.4716
4.775,0,0,25,-72.4718
4.78,0,0,25,-72.472
4.785,0,0,25,-72.4723
4.79,0,0,25,-72.4725
4.795,0,0,25,-72.4726
4.8,0,0,25,-72.4728
4.805,0,0,25,-72.473
4.81,0,0,25,-72.4731
4.815,0,0,25,-72.4732
4.82,0,0,25,-72.4734
4.825,0,0,25,-72.4735
4.83,0,0,25,-72.4736
4.835,0,0,25,-72.4737
4.84,0,0,25,-72.4738
4.845,0,0,25,-72.4738
4.85,0,0,25,-72.4739
4.855,0,0,25,-72.474
4.86,0,0,25,-72.4741
4.865,0,0,25,-72.4741
4.87,0,0,25,-72.4742
4.875,0,0,25,-72.4742
4.88,0,0,25,-72.4743
4.885,0,0,25,-72.4743
4.89,0,0,25,-72.4744
4.895,0,0,25,-72.4744
4.9,0,0,25,-72.4744
4.905,0,0,25,-72.4745
4.91,0,0,25,-72.4745
4.915,0,0,25,-72.4745
4.92,0,0,25,-72.4745
4.925,0,0,25,-72.4746
4.93,0,0,25,-72.4746
4.935,0,0,25,-72.4746
4.94,0,0,25,-72.4746
4.945,0,0,25,-72.4746
4.95,0,0,25,-72.4746
4.955,0,0,25,-72.4746
4.96,0,0,25,-72.4747
4.965,0,0,25,-72.4747
4.97,0,0,25,-72.4747
4.975,0,0,25,-72.4747
4.98,0,0,25,-72.4747
4.985,0,0,25,-72.4747
4.99,0,0,25,-72.4747
4.995,0,0,25,-72.4747
5,0,0,25,-72.4747
