0,0,0,125,-50.0432
0.025,0,0,125,-50.0386
0.05,0,0,125,-50.0294
0.075,0,0,125,-50.0155
0.1,0,0,125,-49.9972
0.125,0,0,125,-49.9743
0.15,0,0,125,-49.9472
0.175,0,0,125,-49.916
0.2,0,0,125,-49.8808
0.225,0,0,125,-49.8419
0.25,0,0,125,-49.7994
0.275,0,0,125,-49.7534
0.3,0,0,125,-49.704
0.325,0,0,125,-49.6513
0.35,0,0,125,-49.5955
0.375,0,0,125,-49.5366
0.4,0,0,125,-49.4747
0.425,0,0,125,-49.41
0.45,0,0,125,-49.3425
0.475,0,0,125,-49.2723
0.5,0,0,125,-49.1995
0.525,0,0,125,-49.1241
0.55,0,0,125,-49.0463
0.575,0,0,125,-48.9661
0.6,0,0,125,-48.8836
0.625,0,0,125,-48.7989
0.65,0,0,125,-48.712
0.675,0,0,125,-48.6229
0.7,0,0,125,-48.5318
0.725,0,0,125,-48.4388
0.75,0,0,125,-48.3438
0.775,0,0,125,-48.247
0.8,0,0,125,-48.1483
0.825,0,0,125,-48.048
0.85,0,0,125,-47.9459
0.875,0,0,125,-47.8422
0.9,0,0,125,-47.737
0.925,0,0,125,-47.6302
0.95,0,0,125,-47.522
0.975,0,0,125,-47.4124
1,0,0,125,-47.3014
1.025,0,0,125,-47.1891
1.05,0,0,125,-47.0756
1.075,0,0,125,-46.9609
1.1,0,0,125,-46.8451
1.125,0,0,125,-46.7282
1.15,0,0,125,-46.6102
1.175,0,0,125,-46.4912
1.2,0,0,125,-46.3713
1.225,0,0,125,-46.2504
1.25,0,0,125,-46.1287
1.275,0,0,125,-46.0062
1.3,0,0,125,-45.8829
1.325,0,0,125,-45.759
1.35,0,0,125,-45.6343
1.375,0,0,125,-45.509
1.4,0,0,125,-45.3831
1.425,0,0,125,-45.2566
1.45,0,0,125,-45.1297
1.475,0,0,125,-45.0022
1.5,0,0,125,-44.8743
1.525,0,0,125,-44.746
1.55,0,0,125,-44.6174
1.575,0,0,125,-44.4884
1.6,0,0,125,-44.3591
1.625,0,0,125,-44.2296
1.65,0,0,125,-44.0998
1.675,0,0,125,-43.9699
1.7,0,0,125,-43.8397
1.725,0,0,125,-43.7095
1.75,0,0,125,-43.5791
1.775,0,0,125,-43.4486
1.8,0,0,125,-43.3181
1.825,0,0,125,-43.1876
1.85,0,0,125,-43.057
1.875,0,0,125,-42.9265
1.9,0,0,125,-42.796
1.925,0,0,125,-42.6655
1.95,0,0,125,-42.5352
1.975,0,0,125,-42.4049
2,0,0,125,-42.2748
2.025,0,0,125,-42.1448
2.05,0,0,125,-42.015
2.075,0,0,125,-41.8853
2.1,0,0,125,-41.7558
2.125,0,0,125,-41.6265
2.15,0,0,125,-41.4974
2.175,0,0,125,-41.3685
2.2,0,0,125,-41.2399
2.225,0,0,125,-41.1115
2.25,0,0,125,-40.9833
2.275,0,0,125,-40.8554
2.3,0,0,125,-40.7278
2.325,0,0,125,-40.6004
2.35,0,0,125,-40.4733
2.375,0,0,125,-40.3465
2.4,0,0,125,-40.22
2.425,0,0,125,-40.0938
2.45,0,0,125,-39.9678
2.475,0,0,125,-39.8422
2.5,0,0,125,-39.7168
2.525,0,0,125,-39.5917
2.55,0,0,125,-39.467
2.575,0,0,125,-39.3425
2.6,0,0,125,-39.2183
2.625,0,0,125,-39.0944
2.65,0,0,125,-38.9708
2.675,0,0,125,-38.8474
2.7,0,0,125,-38.7244
2.725,0,0,125,-38.6016
2.75,0,0,125,-38.4791
2.775,0,0,125,-38.3569
2.8,0,0,125,-38.2349
2.825,0,0,125,-38.1132
2.85,0,0,125,-37.9918
2.875,0,0,125,-37.8706
2.9,0,0,125,-37.7496
2.925,0,0,125,-37.6289
2.95,0,0,125,-37.5084
2.975,0,0,125,-37.3882
3,0,0,125,-37.2681
3.025,0,0,125,-37.1483
3.05,0,0,125,-37.0287
3.075,0,0,125,-36.9093
3.1,0,0,125,-36.7901
3.125,0,0,125,-36.6711
3.15,0,0,125,-36.5523
3.175,0,0,125,-36.4337
3.2,0,0,125,-36.3152
3.225,0,0,125,-36.197
3.25,0,0,125,-36.0789
3.275,0,0,125,-35.961
3.3,0,0,125,-35.8432
3.325,0,0,125,-35.7257
3.35,0,0,125,-35.6083
3.375,0,0,125,-35.491
3.4,0,0,125,-35.374
3.425,0,0,125,-35.2571
3.45,0,0,125,-35.1404
3.475,0,0,125,-35.0239
3.5,0,0,125,-34.9076
3.525,0,0,125,-34.7915
3.55,0,0,125,-34.6756
3.575,0,0,125,-34.5599
3.6,0,0,125,-34.4444
3.625,0,0,125,-34.3291
3.65,0,0,125,-34.2141
3.675,0,0,125,-34.0993
3.7,0,0,125,-33.9848
3.725,0,0,125,-33.8706
3.75,0,0,125,-33.7567
3.775,0,0,125,-33.6431
3.8,0,0,125,-33.5299
3.825,0,0,125,-33.417
3.85,0,0,125,-33.3046
3.875,0,0,125,-33.1925
3.9,0,0,125,-33.0809
3.925,0,0,125,-32.9698
3.95,0,0,125,-32.8592
3.975,0,0,125,-32.7492
4,0,0,125,-32.6398
4.025,0,0,125,-32.531
4.05,0,0,125,-32.4229
4.075,0,0,125,-32.3156
4.1,0,0,125,-32.209
4.125,0,0,125,-32.1033
4.15,0,0,125,-31.9984
4.175,0,0,125,-31.8946
4.2,0,0,125,-31.7917
4.225,0,0,125,-31.6899
4.25,0,0,125,-31.5893
4.275,0,0,125,-31.49
4.3,0,0,125,-31.3919
4.325,0,0,125,-31.2952
4.35,0,0,125,-31.2001
4.375,0,0,125,-31.1065
4.4,0,0,125,-31.0145
4.425,0,0,125,-30.9244
4.45,0,0,125,-30.8361
4.475,0,0,125,-30.7498
4.5,0,0,125,-30.6657
4.525,0,0,125,-30.5837
4.55,0,0,125,-30.5041
4.575,0,0,125,-30.4271
4.6,0,0,125,-30.3526
4.625,0,0,125,-30.281
4.65,0,0,125,-30.2123
4.675,0,0,125,-30.1468
4.7,0,0,125,-30.0846
4.725,0,0,125,-30.0258
4.75,0,0,125,-29.9707
4.775,0,0,125,-29.9196
4.8,0,0,125,-29.8725
4.825,0,0,125,-29.8298
4.85,0,0,125,-29.7916
4.875,0,0,125,-29.7583
4.9,0,0,125,-29.73
4.925,0,0,125,-29.7071
4.95,0,0,125,-29.6896
4.975,0,0,125,-29.6779
5,0,0,125,-29.6719
