0,0,0,125,-13.95
0.025,0,0,125,-13.9481
0.05,0,0,125,-13.9444
0.075,0,0,125,-13.9388
0.1,0,0,125,-13.9314
0.125,0,0,125,-13.9222
0.15,0,0,125,-13.9115
0.175,0,0,125,-13.8993
0.2,0,0,125,-13.886
0.225,0,0,125,-13.8717
0.25,0,0,125,-13.8564
0.275,0,0,125,-13.8403
0.3,0,0,125,-13.8235
0.325,0,0,125,-13.806
0.35,0,0,125,-13.788
0.375,0,0,125,-13.7694
0.4,0,0,125,-13.7504
0.425,0,0,125,-13.731
0.45,0,0,125,-13.7113
0.475,0,0,125,-13.6912
0.5,0,0,125,-13.6709
0.525,0,0,125,-13.6504
0.55,0,0,125,-13.6297
0.575,0,0,125,-13.6088
0.6,0,0,125,-13.5878
0.625,0,0,125,-13.5666
0.65,0,0,125,-13.5453
0.675,0,0,125,-13.524
0.7,0,0,125,-13.5026
0.725,0,0,125,-13.4811
0.75,0,0,125,-13.4596
0.775,0,0,125,-13.438
0.8,0,0,125,-13.4165
0.825,0,0,125,-13.3949
0.85,0,0,125,-13.3733
0.875,0,0,125,-13.3517
0.9,0,0,125,-13.33
0.925,0,0,125,-13.3085
0.95,0,0,125,-13.2869
0.975,0,0,125,-13.2653
1,0,0,125,-13.2438
1.025,0,0,125,-13.2222
1.05,0,0,125,-13.2007
1.075,0,0,125,-13.1793
1.1,0,0,125,-13.1578
1.125,0,0,125,-13.1364
1.15,0,0,125,-13.115
1.175,0,0,125,-13.0937
1.2,0,0,125,-13.0724
1.225,0,0,125,-13.0511
1.25,0,0,125,-13.0299
1.275,0,0,125,-13.0086
1.3,0,0,125,-12.9875
1.325,0,0,125,-12.9663
1.35,0,0,125,-12.9452
1.375,0,0,125,-12.9242
1.4,0,0,125,-12.9031
1.425,0,0,125,-12.8821
1.45,0,0,125,-12.8612
1.475,0,0,125,-12.8402
1.5,0,0,125,-12.8193
1.525,0,0,125,-12.7985
1.55,0,0,125,-12.7776
1.575,0,0,125,-12.7568
1.6,0,0,125,-12.7361
1.625,0,0,125,-12.7154
1.65,0,0,125,-12.6947
1.675,0,0,125,-12.674
1.7,0,0,125,-12.6534
1.725,0,0,125,-12.6328
1.75,0,0,125,-12.6122
1.775,0,0,125,-12.5917
1.8,0,0,125,-12.5712
1.825,0,0,125,-12.5507
1.85,0,0,125,-12.5303
1.875,0,0,125,-12.5099
1.9,0,0,125,-12.4895
1.925,0,0,125,-12.4691
1.95,0,0,125,-12.4488
1.975,0,0,125,-12.4285
2,0,0,125,-12.4082
2.025,0,0,125,-12.388
2.05,0,0,125,-12.3678
2.075,0,0,125,-12.3476
2.1,0,0,125,-12.3274
2.125,0,0,125,-12.3073
2.15,0,0,125,-12.2872
2.175,0,0,125,-12.2671
2.2,0,0,125,-12.247
2.225,0,0,125,-12.227
2.25,0,0,125,-12.207
2.275,0,0,125,-12.1871
2.3,0,0,125,-12.1671
2.325,0,0,125,-12.1472
2.35,0,0,125,-12.1273
2.375,0,0,125,-12.1075
2.4,0,0,125,-12.0876
2.425,0,0,125,-12.0678
2.45,0,0,125,-12.048
2.475,0,0,125,-12.0283
2.5,0,0,125,-12.0085
2.525,0,0,125,-11.9888
2.55,0,0,125,-11.9691
2.575,0,0,125,-11.9494
2.6,0,0,125,-11.9298
2.625,0,0,125,-11.9101
2.65,0,0,125,-11.8905
2.675,0,0,125,-11.8709
2.7,0,0,125,-11.8514
2.725,0,0,125,-11.8318
2.75,0,0,125,-11.8123
2.775,0,0,125,-11.7928
2.8,0,0,125,-11.7734
2.825,0,0,125,-11.7539
2.85,0,0,125,-11.7345
2.875,0,0,125,-11.7151
2.9,0,0,125,-11.6957
2.925,0,0,125,-11.6763
2.95,0,0,125,-11.657
2.975,0,0,125,-11.6377
3,0,0,125,-11.6184
3.025,0,0,125,-11.5991
3.05,0,0,125,-11.5798
3.075,0,0,125,-11.5606
3.1,0,0,125,-11.5414
3.125,0,0,125,-11.5222
3.15,0,0,125,-11.503
3.175,0,0,125,-11.4839
3.2,0,0,125,-11.4647
3.225,0,0,125,-11.4456
3.25,0,0,125,-11.4265
3.275,0,0,125,-11.4074
3.3,0,0,125,-11.3884
3.325,0,0,125,-11.3693
3.35,0,0,125,-11.3503
3.375,0,0,125,-11.3313
3.4,0,0,125,-11.3123
3.425,0,0,125,-11.2933
3.45,0,0,125,-11.2743
3.475,0,0,125,-11.2554
3.5,0,0,125,-11.2364
3.525,0,0,125,-11.2175
3.55,0,0,125,-11.1986
3.575,0,0,125,-11.1797
3.6,0,0,125,-11.1608
3.625,0,0,125,-11.142
3.65,0,0,125,-11.1231
3.675,0,0,125,-11.1043
3.7,0,0,125,-11.0855
3.725,0,0,125,-11.0667
3.75,0,0,125,-11.0479
3.775,0,0,125,-11.0291
3.8,0,0,125,-11.0103
3.825,0,0,125,-10.9915
3.85,0,0,125,-10.9728
3.875,0,0,125,-10.954
3.9,0,0,125,-10.9353
3.925,0,0,125,-10.9166
3.95,0,0,125,-10.8979
3.975,0,0,125,-10.8791
4,0,0,125,-10.8605
4.025,0,0,125,-10.8418
4.05,0,0,125,-10.8231
4.075,0,0,125,-10.8045
4.1,0,0,125,-10.7859
4.125,0,0,125,-10.7673
4.15,0,0,125,-10.7487
4.175,0,0,125,-10.7302
4.2,0,0,125,-10.7117
4.225,0,0,125,-10.6932
4.25,0,0,125,-10.6747
4.275,0,0,125,-10.6563
4.3,0,0,125,-10.638
4.325,0,0,125,-10.6197
4.35,0,0,125,-10.6015
4.375,0,0,125,-10.5834
4.4,0,0,125,-10.5654
4.425,0,0,125,-10.5475
4.45,0,0,125,-10.5297
4.475,0,0,125,-10.512
4.5,0,0,125,-10.4945
4.525,0,0,125,-10.4773
4.55,0,0,125,-10.4602
4.575,0,0,125,-10.4434
4.6,0,0,125,-10.4268
4.625,0,0,125,-10.4106
4.65,0,0,125,-10.3948
4.675,0,0,125,-10.3794
4.7,0,0,125,-10.3645
4.725,0,0,125,-10.3501
4.75,0,0,125,-10.3364
4.775,0,0,125,-10.3234
4.8,0,0,125,-10.3112
4.825,0,0,125,-10.2998
4.85,0,0,125,-10.2895
4.875,0,0,125,-10.2804
4.9,0,0,125,-10.2724
4.925,0,0,125,-10.2659
4.95,0,0,125,-10.2609
4.975,0,0,125,-10.2575
5,0,0,125,-10.2558
