0,0,0,125,-35.781
0.025,0,0,125,-35.7772
0.05,0,0,125,-35.7697
0.075,0,0,125,-35.7584
0.1,0,0,125,-35.7434
0.125,0,0,125,-35.7248
0.15,0,0,125,-35.7026
0.175,0,0,125,-35.6771
0.2,0,0,125,-35.6483
0.225,0,0,125,-35.6164
0.25,0,0,125,-35.5815
0.275,0,0,125,-35.5438
0.3,0,0,125,-35.5032
0.325,0,0,125,-35.4599
0.35,0,0,125,-35.414
0.375,0,0,125,-35.3655
0.4,0,0,125,-35.3146
0.425,0,0,125,-35.2614
0.45,0,0,125,-35.2058
0.475,0,0,125,-35.148
0.5,0,0,125,-35.0882
0.525,0,0,125,-35.0262
0.55,0,0,125,-34.9623
0.575,0,0,125,-34.8964
0.6,0,0,125,-34.8288
0.625,0,0,125,-34.7593
0.65,0,0,125,-34.6881
0.675,0,0,125,-34.6153
0.7,0,0,125,-34.5409
0.725,0,0,125,-34.465
0.75,0,0,125,-34.3877
0.775,0,0,125,-34.3089
0.8,0,0,125,-34.2289
0.825,0,0,125,-34.1475
0.85,0,0,125,-34.0649
0.875,0,0,125,-33.9812
0.9,0,0,125,-33.8964
0.925,0,0,125,-33.8105
0.95,0,0,125,-33.7237
0.975,0,0,125,-33.6359
1,0,0,125,-33.5472
1.025,0,0,125,-33.4577
1.05,0,0,125,-33.3674
1.075,0,0,125,-33.2763
1.1,0,0,125,-33.1846
1.125,0,0,125,-33.0922
1.15,0,0,125,-32.9992
1.175,0,0,125,-32.9057
1.2,0,0,125,-32.8117
1.225,0,0,125,-32.7172
1.25,0,0,125,-32.6223
1.275,0,0,125,-32.527
1.3,0,0,125,-32.4313
1.325,0,0,125,-32.3354
1.35,0,0,125,-32.2392
1.375,0,0,125,-32.1427
1.4,0,0,125,-32.0461
1.425,0,0,125,-31.9493
1.45,0,0,125,-31.8524
1.475,0,0,125,-31.7554
1.5,0,0,125,-31.6583
1.525,0,0,125,-31.5612
1.55,0,0,125,-31.4641
1.575,0,0,125,-31.367
1.6,0,0,125,-31.27
1.625,0,0,125,-31.173
1.65,0,0,125,-31.0762
1.675,0,0,125,-30.9795
1.7,0,0,125,-30.8829
1.725,0,0,125,-30.7865
1.75,0,0,125,-30.6903
1.775,0,0,125,-30.5944
1.8,0,0,125,-30.4986
1.825,0,0,125,-30.4032
1.85,0,0,125,-30.308
1.875,0,0,125,-30.2131
1.9,0,0,125,-30.1185
1.925,0,0,125,-30.0243
1.95,0,0,125,-29.9304
1.975,0,0,125,-29.8368
2,0,0,125,-29.7436
2.025,0,0,125,-29.6508
2.05,0,0,125,-29.5584
2.075,0,0,125,-29.4664
2.1,0,0,125,-29.3749
2.125,0,0,125,-29.2837
2.15,0,0,125,-29.193
2.175,0,0,125,-29.1027
2.2,0,0,125,-29.0129
2.225,0,0,125,-28.9235
2.25,0,0,125,-28.8346
2.275,0,0,125,-28.7462
2.3,0,0,125,-28.6583
2.325,0,0,125,-28.5709
2.35,0,0,125,-28.4839
2.375,0,0,125,-28.3974
2.4,0,0,125,-28.3115
2.425,0,0,125,-28.226
2.45,0,0,125,-28.1411
2.475,0,0,125,-28.0567
2.5,0,0,125,-27.9728
2.525,0,0,125,-27.8894
2.55,0,0,125,-27.8065
2.575,0,0,125,-27.7241
2.6,0,0,125,-27.6423
2.625,0,0,125,-27.561
2.65,0,0,125,-27.4802
2.675,0,0,125,-27.3999
2.7,0,0,125,-27.3202
2.725,0,0,125,-27.241
2.75,0,0,125,-27.1623
2.775,0,0,125,-27.0841
2.8,0,0,125,-27.0065
2.825,0,0,125,-26.9293
2.85,0,0,125,-26.8527
2.875,0,0,125,-26.7767
2.9,0,0,125,-26.7011
2.925,0,0,125,-26.6261
2.95,0,0,125,-26.5516
2.975,0,0,125,-26.4776
3,0,0,125,-26.4041
3.025,0,0,125,-26.3312
3.05,0,0,125,-26.2587
3.075,0,0,125,-26.1868
3.1,0,0,125,-26.1153
3.125,0,0,125,-26.0444
3.15,0,0,125,-25.974
3.175,0,0,125,-25.9041
3.2,0,0,125,-25.8347
3.225,0,0,125,-25.7658
3.25,0,0,125,-25.6974
3.275,0,0,125,-25.6295
3.3,0,0,125,-25.5622
3.325,0,0,125,-25.4953
3.35,0,0,125,-25.4289
3.375,0,0,125,-25.363
3.4,0,0,125,-25.2976
3.425,0,0,125,-25.2327
3.45,0,0,125,-25.1683
3.475,0,0,125,-25.1044
3.5,0,0,125,-25.041
3.525,0,0,125,-24.978
3.55,0,0,125,-24.9156
3.575,0,0,125,-24.8537
3.6,0,0,125,-24.7923
3.625,0,0,125,-24.7314
3.65,0,0,125,-24.671
3.675,0,0,125,-24.611
3.7,0,0,125,-24.5516
3.725,0,0,125,-24.4927
3.75,0,0,125,-24.4343
3.775,0,0,125,-24.3765
3.8,0,0,125,-24.3191
3.825,0,0,125,-24.2623
3.85,0,0,125,-24.206
3.875,0,0,125,-24.1502
3.9,0,0,125,-24.095
3.925,0,0,125,-24.0403
3.95,0,0,125,-23.9862
3.975,0,0,125,-23.9326
4,0,0,125,-23.8796
4.025,0,0,125,-23.8272
4.05,0,0,125,-23.7754
4.075,0,0,125,-23.7242
4.1,0,0,125,-23.6735
4.125,0,0,125,-23.6236
4.15,0,0,125,-23.5742
4.175,0,0,125,-23.5255
4.2,0,0,125,-23.4775
4.225,0,0,125,-23.4302
4.25,0,0,125,-23.3836
4.275,0,0,125,-23.3377
4.3,0,0,125,-23.2925
4.325,0,0,125,-23.2482
4.35,0,0,125,-23.2046
4.375,0,0,125,-23.1619
4.4,0,0,125,-23.1201
4.425,0,0,125,-23.0791
4.45,0,0,125,-23.0391
4.475,0,0,125,-23
4.5,0,0,125,-22.962
4.525,0,0,125,-22.925
4.55,0,0,125,-22.8891
4.575,0,0,125,-22.8543
4.6,0,0,125,-22.8208
4.625,0,0,125,-22.7885
4.65,0,0,125,-22.7576
4.675,0,0,125,-22.7281
4.7,0,0,125,-22.7
4.725,0,0,125,-22.6735
4.75,0,0,125,-22.6486
4.775,0,0,125,-22.6255
4.8,0,0,125,-22.6042
4.825,0,0,125,-22.5848
4.85,0,0,125,-22.5675
4.875,0,0,125,-22.5524
4.9,0,0,125,-22.5395
4.925,0,0,125,-22.529
4.95,0,0,125,-22.5211
4.975,0,0,125,-22.5157
5,0,0,125,-22.513
