0,0,0,125,-71.2232
0.025,0,0,125,-71.2215
0.05,0,0,125,-71.2181
0.075,0,0,125,-71.2129
0.1,0,0,125,-71.206
0.125,0,0,125,-71.1974
0.15,0,0,125,-71.1872
0.175,0,0,125,-71.1754
0.2,0,0,125,-71.162
0.225,0,0,125,-71.147
0.25,0,0,125,-71.1306
0.275,0,0,125,-71.1126
0.3,0,0,125,-71.0932
0.325,0,0,125,-71.0723
0.35,0,0,125,-71.0501
0.375,0,0,125,-71.0264
0.4,0,0,125,-71.0013
0.425,0,0,125,-70.9748
0.45,0,0,125,-70.947
0.475,0,0,125,-70.9178
0.5,0,0,125,-70.8873
0.525,0,0,125,-70.8555
0.55,0,0,125,-70.8223
0.575,0,0,125,-70.7878
0.6,0,0,125,-70.752
0.625,0,0,125,-70.715
0.65,0,0,125,-70.6766
0.675,0,0,125,-70.637
0.7,0,0,125,-70.5962
0.725,0,0,125,-70.554
0.75,0,0,125,-70.5106
0.775,0,0,125,-70.466
0.8,0,0,125,-70.4202
0.825,0,0,125,-70.3731
0.85,0,0,125,-70.3248
0.875,0,0,125,-70.2753
0.9,0,0,125,-70.2245
0.925,0,0,125,-70.1726
0.95,0,0,125,-70.1194
0.975,0,0,125,-70.0651
1,0,0,125,-70.0096
1.025,0,0,125,-69.953
1.05,0,0,125,-69.8951
1.075,0,0,125,-69.8361
1.1,0,0,125,-69.7759
1.125,0,0,125,-69.7145
1.15,0,0,125,-69.6521
1.175,0,0,125,-69.5885
1.2,0,0,125,-69.5237
1.225,0,0,125,-69.4579
1.25,0,0,125,-69.3909
1.275,0,0,125,-69.3228
1.3,0,0,125,-69.2536
1.325,0,0,125,-69.1833
1.35,0,0,125,-69.112
1.375,0,0,125,-69.0396
1.4,0,0,125,-68.9661
1.425,0,0,125,-68.8915
1.45,0,0,125,-68.8159
1.475,0,0,125,-68.7392
1.5,0,0,125,-68.6615
1.525,0,0,125,-68.5828
1.55,0,0,125,-68.5031
1.575,0,0,125,-68.4224
1.6,0,0,125,-68.3407
1.625,0,0,125,-68.258
1.65,0,0,125,-68.1744
1.675,0,0,125,-68.0897
1.7,0,0,125,-68.0042
1.725,0,0,125,-67.9177
1.75,0,0,125,-67.8302
1.775,0,0,125,-67.7419
1.8,0,0,125,-67.6526
1.825,0,0,125,-67.5625
1.85,0,0,125,-67.4715
1.875,0,0,125,-67.3796
1.9,0,0,125,-67.2868
1.925,0,0,125,-67.1933
1.95,0,0,125,-67.0989
1.975,0,0,125,-67.0037
2,0,0,125,-66.9077
2.025,0,0,125,-66.8109
2.05,0,0,125,-66.7133
2.075,0,0,125,-66.615
2.1,0,0,125,-66.516
2.125,0,0,125,-66.4163
2.15,0,0,125,-66.3158
2.175,0,0,125,-66.2147
2.2,0,0,125,-66.1129
2.225,0,0,125,-66.0104
2.25,0,0,125,-65.9072
2.275,0,0,125,-65.8035
2.3,0,0,125,-65.6991
2.325,0,0,125,-65.5942
2.35,0,0,125,-65.4887
2.375,0,0,125,-65.3825
2.4,0,0,125,-65.2759
2.425,0,0,125,-65.1688
2.45,0,0,125,-65.0611
2.475,0,0,125,-64.953
2.5,0,0,125,-64.8444
2.525,0,0,125,-64.7354
2.55,0,0,125,-64.626
2.575,0,0,125,-64.5161
2.6,0,0,125,-64.4059
2.625,0,0,125,-64.2953
2.65,0,0,125,-64.1844
2.675,0,0,125,-64.0731
2.7,0,0,125,-63.9615
2.725,0,0,125,-63.8497
2.75,0,0,125,-63.7376
2.775,0,0,125,-63.6252
2.8,0,0,125,-63.5127
2.825,0,0,125,-63.3999
2.85,0,0,125,-63.287
2.875,0,0,125,-63.1739
2.9,0,0,125,-63.0608
2.925,0,0,125,-62.9475
2.95,0,0,125,-62.8341
2.975,0,0,125,-62.7207
3,0,0,125,-62.6073
3.025,0,0,125,-62.4938
3.05,0,0,125,-62.3804
3.075,0,0,125,-62.267
3.1,0,0,125,-62.1537
3.125,0,0,125,-62.0405
3.15,0,0,125,-61.9274
3.175,0,0,125,-61.8145
3.2,0,0,125,-61.7018
3.225,0,0,125,-61.5892
3.25,0,0,125,-61.4769
3.275,0,0,125,-61.3649
3.3,0,0,125,-61.2532
3.325,0,0,125,-61.1418
3.35,0,0,125,-61.0307
3.375,0,0,125,-60.92
3.4,0,0,125,-60.8098
3.425,0,0,125,-60.7
3.45,0,0,125,-60.5906
3.475,0,0,125,-60.4818
3.5,0,0,125,-60.3735
3.525,0,0,125,-60.2658
3.55,0,0,125,-60.1586
3.575,0,0,125,-60.0521
3.6,0,0,125,-59.9463
3.625,0,0,125,-59.8412
3.65,0,0,125,-59.7368
3.675,0,0,125,-59.6332
3.7,0,0,125,-59.5304
3.725,0,0,125,-59.4285
3.75,0,0,125,-59.3274
3.775,0,0,125,-59.2272
3.8,0,0,125,-59.128
3.825,0,0,125,-59.0298
3.85,0,0,125,-58.9326
3.875,0,0,125,-58.8365
3.9,0,0,125,-58.7415
3.925,0,0,125,-58.6476
3.95,0,0,125,-58.5549
3.975,0,0,125,-58.4635
4,0,0,125,-58.3733
4.025,0,0,125,-58.2843
4.05,0,0,125,-58.1968
4.075,0,0,125,-58.1106
4.1,0,0,125,-58.0258
4.125,0,0,125,-57.9425
4.15,0,0,125,-57.8607
4.175,0,0,125,-57.7804
4.2,0,0,125,-57.7017
4.225,0,0,125,-57.6246
4.25,0,0,125,-57.5493
4.275,0,0,125,-57.4756
4.3,0,0,125,-57.4037
4.325,0,0,125,-57.3336
4.35,0,0,125,-57.2653
4.375,0,0,125,-57.1989
4.4,0,0,125,-57.1344
4.425,0,0,125,-57.0719
4.45,0,0,125,-57.0115
4.475,0,0,125,-56.9531
4.5,0,0,125,-56.8968
4.525,0,0,125,-56.8426
4.55,0,0,125,-56.7907
4.575,0,0,125,-56.741
4.6,0,0,125,-56.6936
4.625,0,0,125,-56.6486
4.65,0,0,125,-56.6059
4.675,0,0,125,-56.5657
4.7,0,0,125,-56.528
4.725,0,0,125,-56.4929
4.75,0,0,125,-56.4603
4.775,0,0,125,-56.4305
4.8,0,0,125,-56.4033
4.825,0,0,125,-56.379
4.85,0,0,125,-56.3575
4.875,0,0,125,-56.3389
4.9,0,0,125,-56.3233
4.925,0,0,125,-56.3107
4.95,0,0,125,-56.3012
4.975,0,0,125,-56.2949
5,0,0,125,-56.2917
