0,0,0,125,-37.0011
0.025,0,0,125,-36.9973
0.05,0,0,125,-36.9897
0.075,0,0,125,-36.9783
0.1,0,0,125,-36.9631
0.125,0,0,125,-36.9443
0.15,0,0,125,-36.9219
0.175,0,0,125,-36.8961
0.2,0,0,125,-36.867
0.225,0,0,125,-36.8347
0.25,0,0,125,-36.7994
0.275,0,0,125,-36.7611
0.3,0,0,125,-36.7199
0.325,0,0,125,-36.676
0.35,0,0,125,-36.6293
0.375,0,0,125,-36.5801
0.4,0,0,125,-36.5283
0.425,0,0,125,-36.4741
0.45,0,0,125,-36.4175
0.475,0,0,125,-36.3586
0.5,0,0,125,-36.2976
0.525,0,0,125,-36.2343
0.55,0,0,125,-36.169
0.575,0,0,125,-36.1017
0.6,0,0,125,-36.0324
0.625,0,0,125,-35.9613
0.65,0,0,125,-35.8883
0.675,0,0,125,-35.8137
0.7,0,0,125,-35.7373
0.725,0,0,125,-35.6593
0.75,0,0,125,-35.5798
0.775,0,0,125,-35.4988
0.8,0,0,125,-35.4163
0.825,0,0,125,-35.3325
0.85,0,0,125,-35.2474
0.875,0,0,125,-35.161
0.9,0,0,125,-35.0734
0.925,0,0,125,-34.9846
0.95,0,0,125,-34.8947
0.975,0,0,125,-34.8039
1,0,0,125,-34.712
1.025,0,0,125,-34.6192
1.05,0,0,125,-34.5255
1.075,0,0,125,-34.4309
1.1,0,0,125,-34.3356
1.125,0,0,125,-34.2395
1.15,0,0,125,-34.1428
1.175,0,0,125,-34.0453
1.2,0,0,125,-33.9473
1.225,0,0,125,-33.8488
1.25,0,0,125,-33.7497
1.275,0,0,125,-33.6502
1.3,0,0,125,-33.5502
1.325,0,0,125,-33.4498
1.35,0,0,125,-33.3491
1.375,0,0,125,-33.2481
1.4,0,0,125,-33.1468
1.425,0,0,125,-33.0453
1.45,0,0,125,-32.9436
1.475,0,0,125,-32.8417
1.5,0,0,125,-32.7397
1.525,0,0,125,-32.6376
1.55,0,0,125,-32.5354
1.575,0,0,125,-32.4332
1.6,0,0,125,-32.3309
1.625,0,0,125,-32.2288
1.65,0,0,125,-32.1266
1.675,0,0,125,-32.0246
1.7,0,0,125,-31.9226
1.725,0,0,125,-31.8208
1.75,0,0,125,-31.7191
1.775,0,0,125,-31.6176
1.8,0,0,125,-31.5164
1.825,0,0,125,-31.4153
1.85,0,0,125,-31.3145
1.875,0,0,125,-31.2139
1.9,0,0,125,-31.1137
1.925,0,0,125,-31.0137
1.95,0,0,125,-30.9141
1.975,0,0,125,-30.8148
2,0,0,125,-30.7158
2.025,0,0,125,-30.6172
2.05,0,0,125,-30.519
2.075,0,0,125,-30.4212
2.1,0,0,125,-30.3238
2.125,0,0,125,-30.2269
2.15,0,0,125,-30.1303
2.175,0,0,125,-30.0342
2.2,0,0,125,-29.9386
2.225,0,0,125,-29.8434
2.25,0,0,125,-29.7487
2.275,0,0,125,-29.6545
2.3,0,0,125,-29.5608
2.325,0,0,125,-29.4675
2.35,0,0,125,-29.3748
2.375,0,0,125,-29.2826
2.4,0,0,125,-29.1909
2.425,0,0,125,-29.0997
2.45,0,0,125,-29.0091
2.475,0,0,125,-28.9189
2.5,0,0,125,-28.8293
2.525,0,0,125,-28.7403
2.55,0,0,125,-28.6518
2.575,0,0,125,-28.5638
2.6,0,0,125,-28.4764
2.625,0,0,125,-28.3896
2.65,0,0,125,-28.3032
2.675,0,0,125,-28.2175
2.7,0,0,125,-28.1323
2.725,0,0,125,-28.0476
2.75,0,0,125,-27.9636
2.775,0,0,125,-27.88
2.8,0,0,125,-27.7971
2.825,0,0,125,-27.7147
2.85,0,0,125,-27.6328
2.875,0,0,125,-27.5515
2.9,0,0,125,-27.4708
2.925,0,0,125,-27.3906
2.95,0,0,125,-27.311
2.975,0,0,125,-27.232
3,0,0,125,-27.1535
3.025,0,0,125,-27.0755
3.05,0,0,125,-26.9981
3.075,0,0,125,-26.9213
3.1,0,0,125,-26.845
3.125,0,0,125,-26.7693
3.15,0,0,125,-26.6942
3.175,0,0,125,-26.6195
3.2,0,0,125,-26.5455
3.225,0,0,125,-26.4719
3.25,0,0,125,-26.399
3.275,0,0,125,-26.3265
3.3,0,0,125,-26.2546
3.325,0,0,125,-26.1833
3.35,0,0,125,-26.1125
3.375,0,0,125,-26.0423
3.4,0,0,125,-25.9726
3.425,0,0,125,-25.9034
3.45,0,0,125,-25.8348
3.475,0,0,125,-25.7667
3.5,0,0,125,-25.6992
3.525,0,0,125,-25.6322
3.55,0,0,125,-25.5658
3.575,0,0,125,-25.4999
3.6,0,0,125,-25.4346
3.625,0,0,125,-25.3698
3.65,0,0,125,-25.3056
3.675,0,0,125,-25.2419
3.7,0,0,125,-25.1788
3.725,0,0,125,-25.1162
3.75,0,0,125,-25.0542
3.775,0,0,125,-24.9928
3.8,0,0,125,-24.932
3.825,0,0,125,-24.8717
3.85,0,0,125,-24.812
3.875,0,0,125,-24.7529
3.9,0,0,125,-24.6944
3.925,0,0,125,-24.6365
3.95,0,0,125,-24.5792
3.975,0,0,125,-24.5225
4,0,0,125,-24.4665
4.025,0,0,125,-24.4111
4.05,0,0,125,-24.3563
4.075,0,0,125,-24.3022
4.1,0,0,125,-24.2488
4.125,0,0,125,-24.1961
4.15,0,0,125,-24.144
4.175,0,0,125,-24.0927
4.2,0,0,125,-24.0422
4.225,0,0,125,-23.9923
4.25,0,0,125,-23.9433
4.275,0,0,125,-23.8951
4.3,0,0,125,-23.8476
4.325,0,0,125,-23.8011
4.35,0,0,125,-23.7554
4.375,0,0,125,-23.7106
4.4,0,0,125,-23.6667
4.425,0,0,125,-23.6238
4.45,0,0,125,-23.5819
4.475,0,0,125,-23.541
4.5,0,0,125,-23.5013
4.525,0,0,125,-23.4626
4.55,0,0,125,-23.4252
4.575,0,0,125,-23.389
4.6,0,0,125,-23.354
4.625,0,0,125,-23.3204
4.65,0,0,125,-23.2883
4.675,0,0,125,-23.2576
4.7,0,0,125,-23.2284
4.725,0,0,125,-23.2009
4.75,0,0,125,-23.1751
4.775,0,0,125,-23.1512
4.8,0,0,125,-23.1291
4.825,0,0,125,-23.1091
4.85,0,0,125,-23.0912
4.875,0,0,125,-23.0756
4.9,0,0,125,-23.0623
4.925,0,0,125,-23.0515
4.95,0,0,125,-23.0433
4.975,0,0,125,-23.0378
5,0,0,125,-23.035
