0,0,0,25,-6.06922
0.005,0,0,25,-6.06914
0.01,0,0,25,-6.06896
0.015,0,0,25,-6.0687
0.02,0,0,25,-6.06836
0.025,0,0,25,-6.06793
0.03,0,0,25,-6.06742
0.035,0,0,25,-6.06683
0.04,0,0,25,-6.06615
0.045,0,0,25,-6.0654
0.05,0,0,25,-6.06458
0.055,0,0,25,-6.06367
0.06,0,0,25,-6.0627
0.065,0,0,25,-6.06165
0.07,0,0,25,-6.06053
0.075,0,0,25,-6.05934
0.08,0,0,25,-6.05809
0.085,0,0,25,-6.05677
0.09,0,0,25,-6.05538
0.095,0,0,25,-6.05393
0.1,0,0,25,-6.05242
0.105,0,0,25,-6.05085
0.11,0,0,25,-6.04922
0.115,0,0,25,-6.04753
0.12,0,0,25,-6.04579
0.125,0,0,25,-6.04398
0.13,0,0,25,-6.04213
0.135,0,0,25,-6.04022
0.14,0,0,25,-6.03826
0.145,0,0,25,-6.03625
0.15,0,0,25,-6.03419
0.155,0,0,25,-6.03208
0.16,0,0,25,-6.02993
0.165,0,0,25,-6.02773
0.17,0,0,25,-6.02548
0.175,0,0,25,-6.02319
0.18,0,0,25,-6.02085
0.185,0,0,25,-6.01848
0.19,0,0,25,-6.01606
0.195,0,0,25,-6.0136
0.2,0,0,25,-6.0111
0.205,0,0,25,-6.00857
0.21,0,0,25,-6.00599
0.215,0,0,25,-6.00338
0.22,0,0,25,-6.00073
0.225,0,0,25,-5.99805
0.23,0,0,25,-5.99533
0.235,0,0,25,-5.99258
0.24,0,0,25,-5.98979
0.245,0,0,25,-5.98697
0.25,0,0,25,-5.98413
0.255,0,0,25,-5.98124
0.26,0,0,25,-5.97833
0.265,0,0,25,-5.97539
0.27,0,0,25,-5.97242
0.275,0,0,25,-5.96943
0.28,0,0,25,-5.9664
0.285,0,0,25,-5.96335
0.29,0,0,25,-5.96027
0.295,0,0,25,-5.95716
0.3,0,0,25,-5.95403
0.305,0,0,25,-5.95087
0.31,0,0,25,-5.94769
0.315,0,0,25,-5.94449
0.32,0,0,25,-5.94126
0.325,0,0,25,-5.93801
0.33,0,0,25,-5.93474
0.335,0,0,25,-5.93144
0.34,0,0,25,-5.92812
0.345,0,0,25,-5.92478
0.35,0,0,25,-5.92142
0.355,0,0,25,-5.91804
0.36,0,0,25,-5.91464
0.365,0,0,25,-5.91122
0.37,0,0,25,-5.90778
0.375,0,0,25,-5.90433
0.38,0,0,25,-5.90085
0.385,0,0,25,-5.89736
0.39,0,0,25,-5.89384
0.395,0,0,25,-5.89031
0.4,0,0,25,-5.88677
0.405,0,0,25,-5.8832
0.41,0,0,25,-5.87962
0.415,0,0,25,-5.87603
0.42,0,0,25,-5.87242
0.425,0,0,25,-5.86879
0.43,0,0,25,-5.86515
0.435,0,0,25,-5.86149
0.44,0,0,25,-5.85782
0.445,0,0,25,-5.85413
0.45,0,0,25,-5.85043
0.455,0,0,25,-5.84671
0.46,0,0,25,-5.84298
0.465,0,0,25,-5.83924
0.47,0,0,25,-5.83548
0.475,0,0,25,-5.83171
0.48,0,0,25,-5.82793
0.485,0,0,25,-5.82414
0.49,0,0,25,-5.82033
0.495,0,0,25,-5.81651
0.5,0,0,25,-5.81268
0.505,0,0,25,-5.80883
0.51,0,0,25,-5.80497
0.515,0,0,25,-5.80111
0.52,0,0,25,-5.79723
0.525,0,0,25,-5.79334
0.53,0,0,25,-5.78944
0.535,0,0,25,-5.78552
0.54,0,0,25,-5.7816
0.545,0,0,25,-5.77767
0.55,0,0,25,-5.77372
0.555,0,0,25,-5.76977
0.56,0,0,25,-5.7658
0.565,0,0,25,-5.76182
0.57,0,0,25,-5.75784
0.575,0,0,25,-5.75384
0.58,0,0,25,-5.74984
0.585,0,0,25,-5.74582
0.59,0,0,25,-5.7418
0.595,0,0,25,-5.73776
0.6,0,0,25,-5.73372
0.605,0,0,25,-5.72967
0.61,0,0,25,-5.7256
0.615,0,0,25,-5.72153
0.62,0,0,25,-5.71745
0.625,0,0,25,-5.71336
0.63,0,0,25,-5.70926
0.635,0,0,25,-5.70516
0.64,0,0,25,-5.70104
0.645,0,0,25,-5.69691
0.65,0,0,25,-5.69278
0.655,0,0,25,-5.68864
0.66,0,0,25,-5.68449
0.665,0,0,25,-5.68033
0.67,0,0,25,-5.67616
0.675,0,0,25,-5.67199
0.68,0,0,25,-5.6678
0.685,0,0,25,-5.66361
0.69,0,0,25,-5.65941
0.695,0,0,25,-5.6552
0.7,0,0,25,-5.65099
0.705,0,0,25,-5.64676
0.71,0,0,25,-5.64253
0.715,0,0,25,-5.63829
0.72,0,0,25,-5.63404
0.725,0,0,25,-5.62979
0.73,0,0,25,-5.62552
0.735,0,0,25,-5.62125
0.74,0,0,25,-5.61697
0.745,0,0,25,-5.61269
0.75,0,0,25,-5.60839
0.755,0,0,25,-5.60409
0.76,0,0,25,-5.59978
0.765,0,0,25,-5.59546
0.77,0,0,25,-5.59114
0.775,0,0,25,-5.5868
0.78,0,0,25,-5.58246
0.785,0,0,25,-5.57811
0.79,0,0,25,-5.57376
0.795,0,0,25,-5.5694
0.8,0,0,25,-5.56502
0.805,0,0,25,-5.56065
0.81,0,0,25,-5.55626
0.815,0,0,25,-5.55187
0.82,0,0,25,-5.54747
0.825,0,0,25,-5.54306
0.83,0,0,25,-5.53864
0.835,0,0,25,-5.53422
0.84,0,0,25,-5.52979
0.845,0,0,25,-5.52535
0.85,0,0,25,-5.52091
0.855,0,0,25,-5.51645
0.86,0,0,25,-5.51199
0.865,0,0,25,-5.50752
0.87,0,0,25,-5.50305
0.875,0,0,25,-5.49857
0.88,0,0,25,-5.49407
0.885,0,0,25,-5.48958
0.89,0,0,25,-5.48507
0.895,0,0,25,-5.48056
0.9,0,0,25,-5.47604
0.905,0,0,25,-5.47151
0.91,0,0,25,-5.46697
0.915,0,0,25,-5.46243
0.92,0,0,25,-5.45788
0.925,0,0,25,-5.45332
0.93,0,0,25,-5.44875
0.935,0,0,25,-5.44418
0.94,0,0,25,-5.4396
0.945,0,0,25,-5.43501
0.95,0,0,25,-5.43041
0.955,0,0,25,-5.42581
0.96,0,0,25,-5.4212
0.965,0,0,25,-5.41658
0.97,0,0,25,-5.41195
0.975,0,0,25,-5.40731
0.98,0,0,25,-5.40267
0.985,0,0,25,-5.39802
0.99,0,0,25,-5.39336
0.995,0,0,25,-5.38869
1,0,0,25,-5.38402
1.005,0,0,25,-5.37934
1.01,0,0,25,-5.37464
1.015,0,0,25,-5.36995
1.02,0,0,25,-5.36524
1.025,0,0,25,-5.36053
1.03,0,0,25,-5.3558
1.035,0,0,25,-5.35107
1.04,0,0,25,-5.34633
1.045,0,0,25,-5.34159
1.05,0,0,25,-5.33683
1.055,0,0,25,-5.33207
1.06,0,0,25,-5.3273
1.065,0,0,25,-5.32252
1.07,0,0,25,-5.31773
1.075,0,0,25,-5.31293
1.08,0,0,25,-5.30813
1.085,0,0,25,-5.30332
1.09,0,0,25,-5.2985
1.095,0,0,25,-5.29367
1.1,0,0,25,-5.28883
1.105,0,0,25,-5.28398
1.11,0,0,25,-5.27913
1.115,0,0,25,-5.27426
1.12,0,0,25,-5.26939
1.125,0,0,25,-5.26451
1.13,0,0,25,-5.25962
1.135,0,0,25,-5.25472
1.14,0,0,25,-5.24981
1.145,0,0,25,-5.2449
1.15,0,0,25,-5.23997
1.155,0,0,25,-5.23504
1.16,0,0,25,-5.2301
1.165,0,0,25,-5.22515
1.17,0,0,25,-5.22019
1.175,0,0,25,-5.21522
1.18,0,0,25,-5.21024
1.185,0,0,25,-5.20525
1.19,0,0,25,-5.20025
1.195,0,0,25,-5.19525
1.2,0,0,25,-5.19023
1.205,0,0,25,-5.18521
1.21,0,0,25,-5.18018
1.215,0,0,25,-5.17513
1.22,0,0,25,-5.17008
1.225,0,0,25,-5.16502
1.23,0,0,25,-5.15995
1.235,0,0,25,-5.15487
1.24,0,0,25,-5.14978
1.245,0,0,25,-5.14468
1.25,0,0,25,-5.13957
1.255,0,0,25,-5.13445
1.26,0,0,25,-5.12932
1.265,0,0,25,-5.12419
1.27,0,0,25,-5.11904
1.275,0,0,25,-5.11388
1.28,0,0,25,-5.10871
1.285,0,0,25,-5.10354
1.29,0,0,25,-5.09835
1.295,0,0,25,-5.09315
1.3,0,0,25,-5.08794
1.305,0,0,25,-5.08273
1.31,0,0,25,-5.0775
1.315,0,0,25,-5.07226
1.32,0,0,25,-5.06701
1.325,0,0,25,-5.06175
1.33,0,0,25,-5.05648
1.335,0,0,25,-5.0512
1.34,0,0,25,-5.04591
1.345,0,0,25,-5.04061
1.35,0,0,25,-5.0353
1.355,0,0,25,-5.02998
1.36,0,0,25,-5.02465
1.365,0,0,25,-5.0193
1.37,0,0,25,-5.01395
1.375,0,0,25,-5.00859
1.38,0,0,25,-5.00321
1.385,0,0,25,-4.99782
1.39,0,0,25,-4.99243
1.395,0,0,25,-4.98702
1.4,0,0,25,-4.9816
1.405,0,0,25,-4.97617
1.41,0,0,25,-4.97073
1.415,0,0,25,-4.96528
1.42,0,0,25,-4.95981
1.425,0,0,25,-4.95434
1.43,0,0,25,-4.94885
1.435,0,0,25,-4.94335
1.44,0,0,25,-4.93784
1.445,0,0,25,-4.93232
1.45,0,0,25,-4.92679
1.455,0,0,25,-4.92124
1.46,0,0,25,-4.91569
1.465,0,0,25,-4.91012
1.47,0,0,25,-4.90454
1.475,0,0,25,-4.89895
1.48,0,0,25,-4.89334
1.485,0,0,25,-4.88773
1.49,0,0,25,-4.8821
1.495,0,0,25,-4.87646
1.5,0,0,25,-4.87081
1.505,0,0,25,-4.86514
1.51,0,0,25,-4.85946
1.515,0,0,25,-4.85378
1.52,0,0,25,-4.84807
1.525,0,0,25,-4.84236
1.53,0,0,25,-4.83663
1.535,0,0,25,-4.83089
1.54,0,0,25,-4.82514
1.545,0,0,25,-4.81938
1.55,0,0,25,-4.8136
1.555,0,0,25,-4.80781
1.56,0,0,25,-4.80201
1.565,0,0,25,-4.79619
1.57,0,0,25,-4.79036
1.575,0,0,25,-4.78452
1.58,0,0,25,-4.77866
1.585,0,0,25,-4.7728
1.59,0,0,25,-4.76691
1.595,0,0,25,-4.76102
1.6,0,0,25,-4.75511
1.605,0,0,25,-4.74919
1.61,0,0,25,-4.74325
1.615,0,0,25,-4.7373
1.62,0,0,25,-4.73134
1.625,0,0,25,-4.72536
1.63,0,0,25,-4.71937
1.635,0,0,25,-4.71337
1.64,0,0,25,-4.70735
1.645,0,0,25,-4.70132
1.65,0,0,25,-4.69527
1.655,0,0,25,-4.68921
1.66,0,0,25,-4.68313
1.665,0,0,25,-4.67704
1.67,0,0,25,-4.67094
1.675,0,0,25,-4.66482
1.68,0,0,25,-4.65869
1.685,0,0,25,-4.65254
1.69,0,0,25,-4.64638
1.695,0,0,25,-4.6402
1.7,0,0,25,-4.63401
1.705,0,0,25,-4.6278
1.71,0,0,25,-4.62158
1.715,0,0,25,-4.61535
1.72,0,0,25,-4.60909
1.725,0,0,25,-4.60283
1.73,0,0,25,-4.59655
1.735,0,0,25,-4.59025
1.74,0,0,25,-4.58394
1.745,0,0,25,-4.57761
1.75,0,0,25,-4.57126
1.755,0,0,25,-4.5649
1.76,0,0,25,-4.55853
1.765,0,0,25,-4.55214
1.77,0,0,25,-4.54573
1.775,0,0,25,-4.53931
1.78,0,0,25,-4.53287
1.785,0,0,25,-4.52641
1.79,0,0,25,-4.51994
1.795,0,0,25,-4.51345
1.8,0,0,25,-4.50695
1.805,0,0,25,-4.50043
1.81,0,0,25,-4.49389
1.815,0,0,25,-4.48734
1.82,0,0,25,-4.48077
1.825,0,0,25,-4.47418
1.83,0,0,25,-4.46758
1.835,0,0,25,-4.46096
1.84,0,0,25,-4.45432
1.845,0,0,25,-4.44766
1.85,0,0,25,-4.44099
1.855,0,0,25,-4.4343
1.86,0,0,25,-4.4276
1.865,0,0,25,-4.42087
1.87,0,0,25,-4.41413
1.875,0,0,25,-4.40737
1.88,0,0,25,-4.40059
1.885,0,0,25,-4.3938
1.89,0,0,25,-4.38699
1.895,0,0,25,-4.38016
1.9,0,0,25,-4.37331
1.905,0,0,25,-4.36644
1.91,0,0,25,-4.35956
1.915,0,0,25,-4.35265
1.92,0,0,25,-4.34573
1.925,0,0,25,-4.33879
1.93,0,0,25,-4.33183
1.935,0,0,25,-4.32485
1.94,0,0,25,-4.31786
1.945,0,0,25,-4.31084
1.95,0,0,25,-4.30381
1.955,0,0,25,-4.29675
1.96,0,0,25,-4.28968
1.965,0,0,25,-4.28259
1.97,0,0,25,-4.27548
1.975,0,0,25,-4.26834
1.98,0,0,25,-4.26119
1.985,0,0,25,-4.25402
1.99,0,0,25,-4.24683
1.995,0,0,25,-4.23962
2,0,0,25,-4.23239
2.005,0,0,25,-4.22514
2.01,0,0,25,-4.21787
2.015,0,0,25,-4.21058
2.02,0,0,25,-4.20327
2.025,0,0,25,-4.19594
2.03,0,0,25,-4.18859
2.035,0,0,25,-4.18122
2.04,0,0,25,-4.17382
2.045,0,0,25,-4.16641
2.05,0,0,25,-4.15898
2.055,0,0,25,-4.15152
2.06,0,0,25,-4.14404
2.065,0,0,25,-4.13654
2.07,0,0,25,-4.12902
2.075,0,0,25,-4.12148
2.08,0,0,25,-4.11392
2.085,0,0,25,-4.10633
2.09,0,0,25,-4.09873
2.095,0,0,25,-4.0911
2.1,0,0,25,-4.08345
2.105,0,0,25,-4.07577
2.11,0,0,25,-4.06808
2.115,0,0,25,-4.06036
2.12,0,0,25,-4.05262
2.125,0,0,25,-4.04486
2.13,0,0,25,-4.03707
2.135,0,0,25,-4.02926
2.14,0,0,25,-4.02143
2.145,0,0,25,-4.01358
2.15,0,0,25,-4.0057
2.155,0,0,25,-3.9978
2.16,0,0,25,-3.98987
2.165,0,0,25,-3.98193
2.17,0,0,25,-3.97395
2.175,0,0,25,-3.96596
2.18,0,0,25,-3.95794
2.185,0,0,25,-3.9499
2.19,0,0,25,-3.94183
2.195,0,0,25,-3.93374
2.2,0,0,25,-3.92562
2.205,0,0,25,-3.91748
2.21,0,0,25,-3.90931
2.215,0,0,25,-3.90112
2.22,0,0,25,-3.89291
2.225,0,0,25,-3.88467
2.23,0,0,25,-3.8764
2.235,0,0,25,-3.86811
2.24,0,0,25,-3.8598
2.245,0,0,25,-3.85145
2.25,0,0,25,-3.84309
2.255,0,0,25,-3.83469
2.26,0,0,25,-3.82628
2.265,0,0,25,-3.81783
2.27,0,0,25,-3.80936
2.275,0,0,25,-3.80086
2.28,0,0,25,-3.79234
2.285,0,0,25,-3.78379
2.29,0,0,25,-3.77521
2.295,0,0,25,-3.76661
2.3,0,0,25,-3.75798
2.305,0,0,25,-3.74932
2.31,0,0,25,-3.74063
2.315,0,0,25,-3.73192
2.32,0,0,25,-3.72318
2.325,0,0,25,-3.71441
2.33,0,0,25,-3.70562
2.335,0,0,25,-3.69679
2.34,0,0,25,-3.68794
2.345,0,0,25,-3.67906
2.35,0,0,25,-3.67016
2.355,0,0,25,-3.66122
2.36,0,0,25,-3.65225
2.365,0,0,25,-3.64326
2.37,0,0,25,-3.63424
2.375,0,0,25,-3.62518
2.38,0,0,25,-3.6161
2.385,0,0,25,-3.60699
2.39,0,0,25,-3.59785
2.395,0,0,25,-3.58868
2.4,0,0,25,-3.57948
2.405,0,0,25,-3.57025
2.41,0,0,25,-3.56099
2.415,0,0,25,-3.5517
2.42,0,0,25,-3.54238
2.425,0,0,25,-3.53303
2.43,0,0,25,-3.52365
2.435,0,0,25,-3.51424
2.44,0,0,25,-3.50479
2.445,0,0,25,-3.49532
2.45,0,0,25,-3.48581
2.455,0,0,25,-3.47627
2.46,0,0,25,-3.46671
2.465,0,0,25,-3.4571
2.47,0,0,25,-3.44747
2.475,0,0,25,-3.43781
2.48,0,0,25,-3.42811
2.485,0,0,25,-3.41838
2.49,0,0,25,-3.40862
2.495,0,0,25,-3.39882
2.5,0,0,25,-3.38899
2.505,0,0,25,-3.37913
2.51,0,0,25,-3.36923
2.515,0,0,25,-3.35931
2.52,0,0,25,-3.34934
2.525,0,0,25,-3.33935
2.53,0,0,25,-3.32932
2.535,0,0,25,-3.31925
2.54,0,0,25,-3.30916
2.545,0,0,25,-3.29902
2.55,0,0,25,-3.28886
2.555,0,0,25,-3.27865
2.56,0,0,25,-3.26842
2.565,0,0,25,-3.25815
2.57,0,0,25,-3.24784
2.575,0,0,25,-3.23749
2.58,0,0,25,-3.22712
2.585,0,0,25,-3.2167
2.59,0,0,25,-3.20625
2.595,0,0,25,-3.19576
2.6,0,0,25,-3.18524
2.605,0,0,25,-3.17468
2.61,0,0,25,-3.16408
2.615,0,0,25,-3.15345
2.62,0,0,25,-3.14278
2.625,0,0,25,-3.13207
2.63,0,0,25,-3.12132
2.635,0,0,25,-3.11054
2.64,0,0,25,-3.09972
2.645,0,0,25,-3.08886
2.65,0,0,25,-3.07796
2.655,0,0,25,-3.06702
2.66,0,0,25,-3.05605
2.665,0,0,25,-3.04503
2.67,0,0,25,-3.03398
2.675,0,0,25,-3.02289
2.68,0,0,25,-3.01176
2.685,0,0,25,-3.00059
2.69,0,0,25,-2.98938
2.695,0,0,25,-2.97812
2.7,0,0,25,-2.96683
2.705,0,0,25,-2.9555
2.71,0,0,25,-2.94413
2.715,0,0,25,-2.93272
2.72,0,0,25,-2.92126
2.725,0,0,25,-2.90977
2.73,0,0,25,-2.89823
2.735,0,0,25,-2.88665
2.74,0,0,25,-2.87503
2.745,0,0,25,-2.86337
2.75,0,0,25,-2.85166
2.755,0,0,25,-2.83991
2.76,0,0,25,-2.82812
2.765,0,0,25,-2.81629
2.77,0,0,25,-2.80441
2.775,0,0,25,-2.7925
2.78,0,0,25,-2.78053
2.785,0,0,25,-2.76853
2.79,0,0,25,-2.75647
2.795,0,0,25,-2.74438
2.8,0,0,25,-2.73224
2.805,0,0,25,-2.72006
2.81,0,0,25,-2.70783
2.815,0,0,25,-2.69555
2.82,0,0,25,-2.68323
2.825,0,0,25,-2.67087
2.83,0,0,25,-2.65846
2.835,0,0,25,-2.646
2.84,0,0,25,-2.6335
2.845,0,0,25,-2.62095
2.85,0,0,25,-2.60835
2.855,0,0,25,-2.59571
2.86,0,0,25,-2.58302
2.865,0,0,25,-2.57028
2.87,0,0,25,-2.5575
2.875,0,0,25,-2.54467
2.88,0,0,25,-2.53179
2.885,0,0,25,-2.51886
2.89,0,0,25,-2.50588
2.895,0,0,25,-2.49285
2.9,0,0,25,-2.47978
2.905,0,0,25,-2.46665
2.91,0,0,25,-2.45348
2.915,0,0,25,-2.44025
2.92,0,0,25,-2.42698
2.925,0,0,25,-2.41366
2.93,0,0,25,-2.40028
2.935,0,0,25,-2.38686
2.94,0,0,25,-2.37338
2.945,0,0,25,-2.35985
2.95,0,0,25,-2.34627
2.955,0,0,25,-2.33264
2.96,0,0,25,-2.31896
2.965,0,0,25,-2.30522
2.97,0,0,25,-2.29144
2.975,0,0,25,-2.2776
2.98,0,0,25,-2.2637
2.985,0,0,25,-2.24976
2.99,0,0,25,-2.23576
2.995,0,0,25,-2.2217
3,0,0,25,-2.2076
3.005,0,0,25,-2.19343
3.01,0,0,25,-2.17922
3.015,0,0,25,-2.16495
3.02,0,0,25,-2.15062
3.025,0,0,25,-2.13624
3.03,0,0,25,-2.1218
3.035,0,0,25,-2.10731
3.04,0,0,25,-2.09276
3.045,0,0,25,-2.07815
3.05,0,0,25,-2.06349
3.055,0,0,25,-2.04877
3.06,0,0,25,-2.03399
3.065,0,0,25,-2.01916
3.07,0,0,25,-2.00426
3.075,0,0,25,-1.98931
3.08,0,0,25,-1.9743
3.085,0,0,25,-1.95924
3.09,0,0,25,-1.94411
3.095,0,0,25,-1.92893
3.1,0,0,25,-1.91368
3.105,0,0,25,-1.89838
3.11,0,0,25,-1.88301
3.115,0,0,25,-1.86758
3.12,0,0,25,-1.8521
3.125,0,0,25,-1.83655
3.13,0,0,25,-1.82094
3.135,0,0,25,-1.80527
3.14,0,0,25,-1.78954
3.145,0,0,25,-1.77375
3.15,0,0,25,-1.75789
3.155,0,0,25,-1.74197
3.16,0,0,25,-1.72599
3.165,0,0,25,-1.70994
3.17,0,0,25,-1.69384
3.175,0,0,25,-1.67766
3.18,0,0,25,-1.66143
3.185,0,0,25,-1.64512
3.19,0,0,25,-1.62876
3.195,0,0,25,-1.61233
3.2,0,0,25,-1.59583
3.205,0,0,25,-1.57927
3.21,0,0,25,-1.56264
3.215,0,0,25,-1.54594
3.22,0,0,25,-1.52918
3.225,0,0,25,-1.51235
3.23,0,0,25,-1.49546
3.235,0,0,25,-1.47849
3.24,0,0,25,-1.46146
3.245,0,0,25,-1.44436
3.25,0,0,25,-1.42719
3.255,0,0,25,-1.40995
3.26,0,0,25,-1.39265
3.265,0,0,25,-1.37527
3.27,0,0,25,-1.35783
3.275,0,0,25,-1.34031
3.28,0,0,25,-1.32272
3.285,0,0,25,-1.30506
3.29,0,0,25,-1.28734
3.295,0,0,25,-1.26954
3.3,0,0,25,-1.25166
3.305,0,0,25,-1.23372
3.31,0,0,25,-1.2157
3.315,0,0,25,-1.19761
3.32,0,0,25,-1.17945
3.325,0,0,25,-1.16121
3.33,0,0,25,-1.1429
3.335,0,0,25,-1.12452
3.34,0,0,25,-1.10606
3.345,0,0,25,-1.08753
3.35,0,0,25,-1.06892
3.355,0,0,25,-1.05024
3.36,0,0,25,-1.03148
3.365,0,0,25,-1.01264
3.37,0,0,25,-0.993728
3.375,0,0,25,-0.974738
3.38,0,0,25,-0.955672
3.385,0,0,25,-0.936528
3.39,0,0,25,-0.917306
3.395,0,0,25,-0.898006
3.4,0,0,25,-0.878627
3.405,0,0,25,-0.859169
3.41,0,0,25,-0.839632
3.415,0,0,25,-0.820016
3.42,0,0,25,-0.800319
3.425,0,0,25,-0.780542
3.43,0,0,25,-0.760685
3.435,0,0,25,-0.740746
3.44,0,0,25,-0.720727
3.445,0,0,25,-0.700625
3.45,0,0,25,-0.680442
3.455,0,0,25,-0.660176
3.46,0,0,25,-0.639827
3.465,0,0,25,-0.619396
3.47,0,0,25,-0.59888
3.475,0,0,25,-0.578281
3.48,0,0,25,-0.557598
3.485,0,0,25,-0.536831
3.49,0,0,25,-0.515978
3.495,0,0,25,-0.495041
3.5,0,0,25,-0.474018
3.505,0,0,25,-0.452909
3.51,0,0,25,-0.431713
3.515,0,0,25,-0.410431
3.52,0,0,25,-0.389063
3.525,0,0,25,-0.367606
3.53,0,0,25,-0.346063
3.535,0,0,25,-0.324431
3.54,0,0,25,-0.302711
3.545,0,0,25,-0.280902
3.55,0,0,25,-0.259004
3.555,0,0,25,-0.237017
3.56,0,0,25,-0.21494
3.565,0,0,25,-0.192774
3.57,0,0,25,-0.170516
3.575,0,0,25,-0.148168
3.58,0,0,25,-0.125729
3.585,0,0,25,-0.103198
3.59,0,0,25,-0.080576
3.595,0,0,25,-0.0578616
3.6,0,0,25,-0.0350547
3.605,0,0,25,-0.0121551
3.61,0,0,25,0.0108377
3.615,0,0,25,0.0339238
3.62,0,0,25,0.0571038
3.625,0,0,25,0.0803778
3.63,0,0,25,0.103746
3.635,0,0,25,0.127209
3.64,0,0,25,0.150768
3.645,0,0,25,0.174421
3.65,0,0,25,0.198171
3.655,0,0,25,0.222016
3.66,0,0,25,0.245958
3.665,0,0,25,0.269996
3.67,0,0,25,0.294131
3.675,0,0,25,0.318363
3.68,0,0,25,0.342693
3.685,0,0,25,0.367121
3.69,0,0,25,0.391647
3.695,0,0,25,0.416271
3.7,0,0,25,0.440994
3.705,0,0,25,0.465816
3.71,0,0,25,0.490738
3.715,0,0,25,0.515758
3.72,0,0,25,0.540879
3.725,0,0,25,0.5661
3.73,0,0,25,0.591421
3.735,0,0,25,0.616842
3.74,0,0,25,0.642364
3.745,0,0,25,0.667988
3.75,0,0,25,0.693713
3.755,0,0,25,0.719539
3.76,0,0,25,0.745467
3.765,0,0,25,0.771497
3.77,0,0,25,0.797629
3.775,0,0,25,0.823864
3.78,0,0,25,0.850201
3.785,0,0,25,0.876641
3.79,0,0,25,0.903184
3.795,0,0,25,0.92983
3.8,0,0,25,0.95658
3.805,0,0,25,0.983433
3.81,0,0,25,1.01039
3.815,0,0,25,1.03745
3.82,0,0,25,1.06462
3.825,0,0,25,1.09188
3.83,0,0,25,1.11926
3.835,0,0,25,1.14673
3.84,0,0,25,1.17432
3.845,0,0,25,1.202
3.85,0,0,25,1.22979
3.855,0,0,25,1.25769
3.86,0,0,25,1.28569
3.865,0,0,25,1.3138
3.87,0,0,25,1.34201
3.875,0,0,25,1.37032
3.88,0,0,25,1.39874
3.885,0,0,25,1.42727
3.89,0,0,25,1.4559
3.895,0,0,25,1.48463
3.9,0,0,25,1.51347
3.905,0,0,25,1.54242
3.91,0,0,25,1.57147
3.915,0,0,25,1.60062
3.92,0,0,25,1.62988
3.925,0,0,25,1.65925
3.93,0,0,25,1.68872
3.935,0,0,25,1.71829
3.94,0,0,25,1.74797
3.945,0,0,25,1.77775
3.95,0,0,25,1.80763
3.955,0,0,25,1.83762
3.96,0,0,25,1.86772
3.965,0,0,25,1.89791
3.97,0,0,25,1.92821
3.975,0,0,25,1.95861
3.98,0,0,25,1.98912
3.985,0,0,25,2.01973
3.99,0,0,25,2.05043
3.995,0,0,25,2.08124
4,0,0,25,2.11216
4.005,0,0,25,2.14317
4.01,0,0,25,2.17428
4.015,0,0,25,2.20549
4.02,0,0,25,2.23681
4.025,0,0,25,2.26822
4.03,0,0,25,2.29973
4.035,0,0,25,2.33134
4.04,0,0,25,2.36305
4.045,0,0,25,2.39485
4.05,0,0,25,2.42675
4.055,0,0,25,2.45875
4.06,0,0,25,2.49084
4.065,0,0,25,2.52302
4.07,0,0,25,2.5553
4.075,0,0,25,2.58768
4.08,0,0,25,2.62014
4.085,0,0,25,2.6527
4.09,0,0,25,2.68535
4.095,0,0,25,2.71809
4.1,0,0,25,2.75092
4.105,0,0,25,2.78384
4.11,0,0,25,2.81684
4.115,0,0,25,2.84993
4.12,0,0,25,2.88311
4.125,0,0,25,2.91637
4.13,0,0,25,2.94972
4.135,0,0,25,2.98314
4.14,0,0,25,3.01665
4.145,0,0,25,3.05024
4.15,0,0,25,3.08391
4.155,0,0,25,3.11766
4.16,0,0,25,3.15148
4.165,0,0,25,3.18538
4.17,0,0,25,3.21936
4.175,0,0,25,3.2534
4.18,0,0,25,3.28752
4.185,0,0,25,3.32171
4.19,0,0,25,3.35597
4.195,0,0,25,3.39029
4.2,0,0,25,3.42468
4.205,0,0,25,3.45914
4.21,0,0,25,3.49366
4.215,0,0,25,3.52823
4.22,0,0,25,3.56287
4.225,0,0,25,3.59757
4.23,0,0,25,3.63232
4.235,0,0,25,3.66712
4.24,0,0,25,3.70198
4.245,0,0,25,3.73689
4.25,0,0,25,3.77184
4.255,0,0,25,3.80685
4.26,0,0,25,3.84189
4.265,0,0,25,3.87698
4.27,0,0,25,3.91211
4.275,0,0,25,3.94728
4.28,0,0,25,3.98248
4.285,0,0,25,4.01772
4.29,0,0,25,4.05299
4.295,0,0,25,4.08828
4.3,0,0,25,4.12361
4.305,0,0,25,4.15896
4.31,0,0,25,4.19433
4.315,0,0,25,4.22972
4.32,0,0,25,4.26513
4.325,0,0,25,4.30055
4.33,0,0,25,4.33598
4.335,0,0,25,4.37143
4.34,0,0,25,4.40687
4.345,0,0,25,4.44233
4.35,0,0,25,4.47778
4.355,0,0,25,4.51323
4.36,0,0,25,4.54868
4.365,0,0,25,4.58411
4.37,0,0,25,4.61954
4.375,0,0,25,4.65495
4.38,0,0,25,4.69035
4.385,0,0,25,4.72572
4.39,0,0,25,4.76108
4.395,0,0,25,4.7964
4.4,0,0,25,4.83169
4.405,0,0,25,4.86696
4.41,0,0,25,4.90218
4.415,0,0,25,4.93736
4.42,0,0,25,4.9725
4.425,0,0,25,5.0076
4.43,0,0,25,5.04264
4.435,0,0,25,5.07763
4.44,0,0,25,5.11256
4.445,0,0,25,5.14742
4.45,0,0,25,5.18223
4.455,0,0,25,5.21696
4.46,0,0,25,5.25162
4.465,0,0,25,5.2862
4.47,0,0,25,5.3207
4.475,0,0,25,5.35512
4.48,0,0,25,5.38945
4.485,0,0,25,5.42368
4.49,0,0,25,5.45782
4.495,0,0,25,5.49186
4.5,0,0,25,5.52579
4.505,0,0,25,5.55961
4.51,0,0,25,5.59332
4.515,0,0,25,5.62691
4.52,0,0,25,5.66037
4.525,0,0,25,5.69371
4.53,0,0,25,5.72692
4.535,0,0,25,5.75999
4.54,0,0,25,5.79292
4.545,0,0,25,5.82571
4.55,0,0,25,5.85835
4.555,0,0,25,5.89083
4.56,0,0,25,5.92316
4.565,0,0,25,5.95532
4.57,0,0,25,5.98732
4.575,0,0,25,6.01914
4.58,0,0,25,6.05079
4.585,0,0,25,6.08225
4.59,0,0,25,6.11353
4.595,0,0,25,6.14462
4.6,0,0,25,6.17551
4.605,0,0,25,6.2062
4.61,0,0,25,6.23668
4.615,0,0,25,6.26695
4.62,0,0,25,6.29701
4.625,0,0,25,6.32685
4.63,0,0,25,6.35646
4.635,0,0,25,6.38584
4.64,0,0,25,6.41498
4.645,0,0,25,6.44389
4.65,0,0,25,6.47255
4.655,0,0,25,6.50096
4.66,0,0,25,6.52912
4.665,0,0,25,6.55701
4.67,0,0,25,6.58464
4.675,0,0,25,6.612
4.68,0,0,25,6.63909
4.685,0,0,25,6.66589
4.69,0,0,25,6.69242
4.695,0,0,25,6.71865
4.7,0,0,25,6.74458
4.705,0,0,25,6.77022
4.71,0,0,25,6.79555
4.715,0,0,25,6.82057
4.72,0,0,25,6.84528
4.725,0,0,25,6.86967
4.73,0,0,25,6.89373
4.735,0,0,25,6.91746
4.74,0,0,25,6.94086
4.745,0,0,25,6.96392
4.75,0,0,25,6.98664
4.755,0,0,25,7.00901
4.76,0,0,25,7.03102
4.765,0,0,25,7.05268
4.77,0,0,25,7.07397
4.775,0,0,25,7.0949
4.78,0,0,25,7.11545
4.785,0,0,25,7.13563
4.79,0,0,25,7.15542
4.795,0,0,25,7.17483
4.8,0,0,25,7.19385
4.805,0,0,25,7.21247
4.81,0,0,25,7.2307
4.815,0,0,25,7.24852
4.82,0,0,25,7.26593
4.825,0,0,25,7.28293
4.83,0,0,25,7.29952
4.835,0,0,25,7.31568
4.84,0,0,25,7.33142
4.845,0,0,25,7.34673
4.85,0,0,25,7.36161
4.855,0,0,25,7.37605
4.86,0,0,25,7.39005
4.865,0,0,25,7.4036
4.87,0,0,25,7.41671
4.875,0,0,25,7.42936
4.88,0,0,25,7.44156
4.885,0,0,25,7.45331
4.89,0,0,25,7.46459
4.895,0,0,25,7.4754
4.9,0,0,25,7.48575
4.905,0,0,25,7.49562
4.91,0,0,25,7.50502
4.915,0,0,25,7.51394
4.92,0,0,25,7.52239
4.925,0,0,25,7.53035
4.93,0,0,25,7.53782
4.935,0,0,25,7.54481
4.94,0,0,25,7.55131
4.945,0,0,25,7.55732
4.95,0,0,25,7.56283
4.955,0,0,25,7.56785
4.96,0,0,25,7.57237
4.965,0,0,25,7.57639
4.97,0,0,25,7.57991
4.975,0,0,25,7.58293
4.98,0,0,25,7.58545
4.985,0,0,25,7.58747
4.99,0,0,25,7.58898
4.995,0,0,25,7.58999
5,0,0,25,7.59049
