0,0,0,125,-60.5131
0.025,0,0,125,-60.5105
0.05,0,0,125,-60.5054
0.075,0,0,125,-60.4977
0.1,0,0,125,-60.4875
0.125,0,0,125,-60.4749
0.15,0,0,125,-60.4597
0.175,0,0,125,-60.4422
0.2,0,0,125,-60.4224
0.225,0,0,125,-60.4003
0.25,0,0,125,-60.376
0.275,0,0,125,-60.3495
0.3,0,0,125,-60.3209
0.325,0,0,125,-60.2902
0.35,0,0,125,-60.2575
0.375,0,0,125,-60.2227
0.4,0,0,125,-60.1859
0.425,0,0,125,-60.1472
0.45,0,0,125,-60.1065
0.475,0,0,125,-60.0639
0.5,0,0,125,-60.0195
0.525,0,0,125,-59.9731
0.55,0,0,125,-59.9249
0.575,0,0,125,-59.8749
0.6,0,0,125,-59.8231
0.625,0,0,125,-59.7695
0.65,0,0,125,-59.7142
0.675,0,0,125,-59.6571
0.7,0,0,125,-59.5983
0.725,0,0,125,-59.5378
0.75,0,0,125,-59.4756
0.775,0,0,125,-59.4117
0.8,0,0,125,-59.3462
0.825,0,0,125,-59.2791
0.85,0,0,125,-59.2103
0.875,0,0,125,-59.14
0.9,0,0,125,-59.0681
0.925,0,0,125,-58.9946
0.95,0,0,125,-58.9196
0.975,0,0,125,-58.8431
1,0,0,125,-58.765
1.025,0,0,125,-58.6855
1.05,0,0,125,-58.6045
1.075,0,0,125,-58.522
1.1,0,0,125,-58.4381
1.125,0,0,125,-58.3528
1.15,0,0,125,-58.266
1.175,0,0,125,-58.1779
1.2,0,0,125,-58.0884
1.225,0,0,125,-57.9975
1.25,0,0,125,-57.9053
1.275,0,0,125,-57.8118
1.3,0,0,125,-57.717
1.325,0,0,125,-57.6209
1.35,0,0,125,-57.5235
1.375,0,0,125,-57.4249
1.4,0,0,125,-57.325
1.425,0,0,125,-57.2239
1.45,0,0,125,-57.1216
1.475,0,0,125,-57.0182
1.5,0,0,125,-56.9135
1.525,0,0,125,-56.8077
1.55,0,0,125,-56.7008
1.575,0,0,125,-56.5927
1.6,0,0,125,-56.4835
1.625,0,0,125,-56.3733
1.65,0,0,125,-56.262
1.675,0,0,125,-56.1496
1.7,0,0,125,-56.0362
1.725,0,0,125,-55.9218
1.75,0,0,125,-55.8064
1.775,0,0,125,-55.69
1.8,0,0,125,-55.5726
1.825,0,0,125,-55.4543
1.85,0,0,125,-55.3351
1.875,0,0,125,-55.2149
1.9,0,0,125,-55.0939
1.925,0,0,125,-54.972
1.95,0,0,125,-54.8492
1.975,0,0,125,-54.7255
2,0,0,125,-54.6011
2.025,0,0,125,-54.4758
2.05,0,0,125,-54.3497
2.075,0,0,125,-54.2229
2.1,0,0,125,-54.0952
2.125,0,0,125,-53.9669
2.15,0,0,125,-53.8378
2.175,0,0,125,-53.708
2.2,0,0,125,-53.5775
2.225,0,0,125,-53.4463
2.25,0,0,125,-53.3145
2.275,0,0,125,-53.182
2.3,0,0,125,-53.0489
2.325,0,0,125,-52.9152
2.35,0,0,125,-52.7809
2.375,0,0,125,-52.646
2.4,0,0,125,-52.5106
2.425,0,0,125,-52.3746
2.45,0,0,125,-52.2382
2.475,0,0,125,-52.1012
2.5,0,0,125,-51.9637
2.525,0,0,125,-51.8257
2.55,0,0,125,-51.6873
2.575,0,0,125,-51.5485
2.6,0,0,125,-51.4093
2.625,0,0,125,-51.2696
2.65,0,0,125,-51.1296
2.675,0,0,125,-50.9893
2.7,0,0,125,-50.8486
2.725,0,0,125,-50.7076
2.75,0,0,125,-50.5662
2.775,0,0,125,-50.4247
2.8,0,0,125,-50.2828
2.825,0,0,125,-50.1407
2.85,0,0,125,-49.9985
2.875,0,0,125,-49.856
2.9,0,0,125,-49.7133
2.925,0,0,125,-49.5705
2.95,0,0,125,-49.4276
2.975,0,0,125,-49.2846
3,0,0,125,-49.1415
3.025,0,0,125,-48.9984
3.05,0,0,125,-48.8552
3.075,0,0,125,-48.712
3.1,0,0,125,-48.5689
3.125,0,0,125,-48.4258
3.15,0,0,125,-48.2827
3.175,0,0,125,-48.1398
3.2,0,0,125,-47.997
3.225,0,0,125,-47.8544
3.25,0,0,125,-47.7119
3.275,0,0,125,-47.5697
3.3,0,0,125,-47.4277
3.325,0,0,125,-47.286
3.35,0,0,125,-47.1446
3.375,0,0,125,-47.0035
3.4,0,0,125,-46.8628
3.425,0,0,125,-46.7226
3.45,0,0,125,-46.5827
3.475,0,0,125,-46.4434
3.5,0,0,125,-46.3046
3.525,0,0,125,-46.1663
3.55,0,0,125,-46.0286
3.575,0,0,125,-45.8916
3.6,0,0,125,-45.7552
3.625,0,0,125,-45.6196
3.65,0,0,125,-45.4847
3.675,0,0,125,-45.3506
3.7,0,0,125,-45.2173
3.725,0,0,125,-45.0849
3.75,0,0,125,-44.9535
3.775,0,0,125,-44.823
3.8,0,0,125,-44.6935
3.825,0,0,125,-44.5652
3.85,0,0,125,-44.4379
3.875,0,0,125,-44.3118
3.9,0,0,125,-44.187
3.925,0,0,125,-44.0634
3.95,0,0,125,-43.9412
3.975,0,0,125,-43.8203
4,0,0,125,-43.7009
4.025,0,0,125,-43.583
4.05,0,0,125,-43.4666
4.075,0,0,125,-43.3519
4.1,0,0,125,-43.2388
4.125,0,0,125,-43.1274
4.15,0,0,125,-43.0179
4.175,0,0,125,-42.9102
4.2,0,0,125,-42.8044
4.225,0,0,125,-42.7006
4.25,0,0,125,-42.5988
4.275,0,0,125,-42.4991
4.3,0,0,125,-42.4017
4.325,0,0,125,-42.3064
4.35,0,0,125,-42.2135
4.375,0,0,125,-42.123
4.4,0,0,125,-42.0349
4.425,0,0,125,-41.9494
4.45,0,0,125,-41.8664
4.475,0,0,125,-41.7862
4.5,0,0,125,-41.7087
4.525,0,0,125,-41.634
4.55,0,0,125,-41.5622
4.575,0,0,125,-41.4934
4.6,0,0,125,-41.4277
4.625,0,0,125,-41.3651
4.65,0,0,125,-41.3058
4.675,0,0,125,-41.2497
4.7,0,0,125,-41.1971
4.725,0,0,125,-41.148
4.75,0,0,125,-41.1024
4.775,0,0,125,-41.0606
4.8,0,0,125,-41.0225
4.825,0,0,125,-40.9883
4.85,0,0,125,-40.9581
4.875,0,0,125,-40.9319
4.9,0,0,125,-40.9099
4.925,0,0,125,-40.8921
4.95,0,0,125,-40.8787
4.975,0,0,125,-40.8698
5,0,0,125,-40.8653
