0,0,0,125,-19.6688
0.025,0,0,125,-19.6665
0.05,0,0,125,-19.662
0.075,0,0,125,-19.6553
0.1,0,0,125,-19.6464
0.125,0,0,125,-19.6354
0.15,0,0,125,-19.6225
0.175,0,0,125,-19.6077
0.2,0,0,125,-19.5914
0.225,0,0,125,-19.5737
0.25,0,0,125,-19.5546
0.275,0,0,125,-19.5343
0.3,0,0,125,-19.5129
0.325,0,0,125,-19.4905
0.35,0,0,125,-19.4671
0.375,0,0,125,-19.4429
0.4,0,0,125,-19.4179
0.425,0,0,125,-19.3922
0.45,0,0,125,-19.3658
0.475,0,0,125,-19.3389
0.5,0,0,125,-19.3114
0.525,0,0,125,-19.2833
0.55,0,0,125,-19.2549
0.575,0,0,125,-19.226
0.6,0,0,125,-19.1968
0.625,0,0,125,-19.1672
0.65,0,0,125,-19.1373
0.675,0,0,125,-19.1072
0.7,0,0,125,-19.0768
0.725,0,0,125,-19.0462
0.75,0,0,125,-19.0154
0.775,0,0,125,-18.9844
0.8,0,0,125,-18.9533
0.825,0,0,125,-18.9221
0.85,0,0,125,-18.8907
0.875,0,0,125,-18.8593
0.9,0,0,125,-18.8277
0.925,0,0,125,-18.7962
0.95,0,0,125,-18.7645
0.975,0,0,125,-18.7329
1,0,0,125,-18.7012
1.025,0,0,125,-18.6694
1.05,0,0,125,-18.6377
1.075,0,0,125,-18.606
1.1,0,0,125,-18.5743
1.125,0,0,125,-18.5426
1.15,0,0,125,-18.5109
1.175,0,0,125,-18.4793
1.2,0,0,125,-18.4477
1.225,0,0,125,-18.4161
1.25,0,0,125,-18.3846
1.275,0,0,125,-18.3531
1.3,0,0,125,-18.3217
1.325,0,0,125,-18.2903
1.35,0,0,125,-18.259
1.375,0,0,125,-18.2277
1.4,0,0,125,-18.1966
1.425,0,0,125,-18.1655
1.45,0,0,125,-18.1344
1.475,0,0,125,-18.1035
1.5,0,0,125,-18.0726
1.525,0,0,125,-18.0418
1.55,0,0,125,-18.011
1.575,0,0,125,-17.9804
1.6,0,0,125,-17.9498
1.625,0,0,125,-17.9193
1.65,0,0,125,-17.8889
1.675,0,0,125,-17.8586
1.7,0,0,125,-17.8283
1.725,0,0,125,-17.7982
1.75,0,0,125,-17.7681
1.775,0,0,125,-17.7381
1.8,0,0,125,-17.7082
1.825,0,0,125,-17.6784
1.85,0,0,125,-17.6486
1.875,0,0,125,-17.619
1.9,0,0,125,-17.5894
1.925,0,0,125,-17.5599
1.95,0,0,125,-17.5305
1.975,0,0,125,-17.5012
2,0,0,125,-17.472
2.025,0,0,125,-17.4428
2.05,0,0,125,-17.4137
2.075,0,0,125,-17.3848
2.1,0,0,125,-17.3559
2.125,0,0,125,-17.327
2.15,0,0,125,-17.2983
2.175,0,0,125,-17.2697
2.2,0,0,125,-17.2411
2.225,0,0,125,-17.2126
2.25,0,0,125,-17.1842
2.275,0,0,125,-17.1559
2.3,0,0,125,-17.1276
2.325,0,0,125,-17.0995
2.35,0,0,125,-17.0714
2.375,0,0,125,-17.0434
2.4,0,0,125,-17.0155
2.425,0,0,125,-16.9876
2.45,0,0,125,-16.9599
2.475,0,0,125,-16.9322
2.5,0,0,125,-16.9046
2.525,0,0,125,-16.877
2.55,0,0,125,-16.8495
2.575,0,0,125,-16.8221
2.6,0,0,125,-16.7948
2.625,0,0,125,-16.7676
2.65,0,0,125,-16.7404
2.675,0,0,125,-16.7133
2.7,0,0,125,-16.6862
2.725,0,0,125,-16.6593
2.75,0,0,125,-16.6324
2.775,0,0,125,-16.6055
2.8,0,0,125,-16.5788
2.825,0,0,125,-16.5521
2.85,0,0,125,-16.5254
2.875,0,0,125,-16.4989
2.9,0,0,125,-16.4724
2.925,0,0,125,-16.446
2.95,0,0,125,-16.4196
2.975,0,0,125,-16.3934
3,0,0,125,-16.3672
3.025,0,0,125,-16.341
3.05,0,0,125,-16.3149
3.075,0,0,125,-16.2889
3.1,0,0,125,-16.2629
3.125,0,0,125,-16.237
3.15,0,0,125,-16.2112
3.175,0,0,125,-16.1854
3.2,0,0,125,-16.1597
3.225,0,0,125,-16.1341
3.25,0,0,125,-16.1085
3.275,0,0,125,-16.0829
3.3,0,0,125,-16.0574
3.325,0,0,125,-16.032
3.35,0,0,125,-16.0066
3.375,0,0,125,-15.9813
3.4,0,0,125,-15.9561
3.425,0,0,125,-15.9309
3.45,0,0,125,-15.9058
3.475,0,0,125,-15.8807
3.5,0,0,125,-15.8557
3.525,0,0,125,-15.8307
3.55,0,0,125,-15.8058
3.575,0,0,125,-15.781
3.6,0,0,125,-15.7562
3.625,0,0,125,-15.7314
3.65,0,0,125,-15.7068
3.675,0,0,125,-15.6821
3.7,0,0,125,-15.6576
3.725,0,0,125,-15.633
3.75,0,0,125,-15.6086
3.775,0,0,125,-15.5842
3.8,0,0,125,-15.5598
3.825,0,0,125,-15.5356
3.85,0,0,125,-15.5113
3.875,0,0,125,-15.4872
3.9,0,0,125,-15.4631
3.925,0,0,125,-15.439
3.95,0,0,125,-15.4151
3.975,0,0,125,-15.3911
4,0,0,125,-15.3673
4.025,0,0,125,-15.3435
4.05,0,0,125,-15.3199
4.075,0,0,125,-15.2962
4.1,0,0,125,-15.2727
4.125,0,0,125,-15.2493
4.15,0,0,125,-15.2259
4.175,0,0,125,-15.2027
4.2,0,0,125,-15.1795
4.225,0,0,125,-15.1565
4.25,0,0,125,-15.1336
4.275,0,0,125,-15.1108
4.3,0,0,125,-15.0882
4.325,0,0,125,-15.0657
4.35,0,0,125,-15.0434
4.375,0,0,125,-15.0212
4.4,0,0,125,-14.9993
4.425,0,0,125,-14.9776
4.45,0,0,125,-14.9561
4.475,0,0,125,-14.9349
4.5,0,0,125,-14.914
4.525,0,0,125,-14.8933
4.55,0,0,125,-14.8731
4.575,0,0,125,-14.8532
4.6,0,0,125,-14.8338
4.625,0,0,125,-14.8149
4.65,0,0,125,-14.7964
4.675,0,0,125,-14.7786
4.7,0,0,125,-14.7614
4.725,0,0,125,-14.745
4.75,0,0,125,-14.7293
4.775,0,0,125,-14.7145
4.8,0,0,125,-14.7007
4.825,0,0,125,-14.688
4.85,0,0,125,-14.6765
4.875,0,0,125,-14.6663
4.9,0,0,125,-14.6576
4.925,0,0,125,-14.6504
4.95,0,0,125,-14.6448
4.975,0,0,125,-14.6411
5,0,0,125,-14.6392
