0,0,0,125,-24.3959
0.025,0,0,125,-24.3932
0.05,0,0,125,-24.3877
0.075,0,0,125,-24.3794
0.1,0,0,125,-24.3685
0.125,0,0,125,-24.3549
0.15,0,0,125,-24.3389
0.175,0,0,125,-24.3206
0.2,0,0,125,-24.3002
0.225,0,0,125,-24.2778
0.25,0,0,125,-24.2536
0.275,0,0,125,-24.2277
0.3,0,0,125,-24.2001
0.325,0,0,125,-24.1709
0.35,0,0,125,-24.1404
0.375,0,0,125,-24.1085
0.4,0,0,125,-24.0753
0.425,0,0,125,-24.041
0.45,0,0,125,-24.0055
0.475,0,0,125,-23.969
0.5,0,0,125,-23.9316
0.525,0,0,125,-23.8932
0.55,0,0,125,-23.8541
0.575,0,0,125,-23.8141
0.6,0,0,125,-23.7734
0.625,0,0,125,-23.732
0.65,0,0,125,-23.69
0.675,0,0,125,-23.6474
0.7,0,0,125,-23.6043
0.725,0,0,125,-23.5607
0.75,0,0,125,-23.5166
0.775,0,0,125,-23.4721
0.8,0,0,125,-23.4272
0.825,0,0,125,-23.382
0.85,0,0,125,-23.3365
0.875,0,0,125,-23.2907
0.9,0,0,125,-23.2446
0.925,0,0,125,-23.1984
0.95,0,0,125,-23.1519
0.975,0,0,125,-23.1052
1,0,0,125,-23.0585
1.025,0,0,125,-23.0115
1.05,0,0,125,-22.9645
1.075,0,0,125,-22.9174
1.1,0,0,125,-22.8702
1.125,0,0,125,-22.823
1.15,0,0,125,-22.7758
1.175,0,0,125,-22.7285
1.2,0,0,125,-22.6812
1.225,0,0,125,-22.634
1.25,0,0,125,-22.5868
1.275,0,0,125,-22.5396
1.3,0,0,125,-22.4925
1.325,0,0,125,-22.4454
1.35,0,0,125,-22.3985
1.375,0,0,125,-22.3516
1.4,0,0,125,-22.3048
1.425,0,0,125,-22.2581
1.45,0,0,125,-22.2115
1.475,0,0,125,-22.165
1.5,0,0,125,-22.1187
1.525,0,0,125,-22.0724
1.55,0,0,125,-22.0264
1.575,0,0,125,-21.9804
1.6,0,0,125,-21.9346
1.625,0,0,125,-21.889
1.65,0,0,125,-21.8435
1.675,0,0,125,-21.7981
1.7,0,0,125,-21.753
1.725,0,0,125,-21.708
1.75,0,0,125,-21.6631
1.775,0,0,125,-21.6185
1.8,0,0,125,-21.574
1.825,0,0,125,-21.5297
1.85,0,0,125,-21.4855
1.875,0,0,125,-21.4416
1.9,0,0,125,-21.3978
1.925,0,0,125,-21.3542
1.95,0,0,125,-21.3108
1.975,0,0,125,-21.2676
2,0,0,125,-21.2245
2.025,0,0,125,-21.1817
2.05,0,0,125,-21.139
2.075,0,0,125,-21.0965
2.1,0,0,125,-21.0542
2.125,0,0,125,-21.0121
2.15,0,0,125,-20.9701
2.175,0,0,125,-20.9284
2.2,0,0,125,-20.8868
2.225,0,0,125,-20.8454
2.25,0,0,125,-20.8042
2.275,0,0,125,-20.7632
2.3,0,0,125,-20.7224
2.325,0,0,125,-20.6817
2.35,0,0,125,-20.6413
2.375,0,0,125,-20.601
2.4,0,0,125,-20.5609
2.425,0,0,125,-20.5209
2.45,0,0,125,-20.4812
2.475,0,0,125,-20.4416
2.5,0,0,125,-20.4022
2.525,0,0,125,-20.363
2.55,0,0,125,-20.3239
2.575,0,0,125,-20.285
2.6,0,0,125,-20.2463
2.625,0,0,125,-20.2077
2.65,0,0,125,-20.1693
2.675,0,0,125,-20.1311
2.7,0,0,125,-20.0931
2.725,0,0,125,-20.0552
2.75,0,0,125,-20.0175
2.775,0,0,125,-19.9799
2.8,0,0,125,-19.9425
2.825,0,0,125,-19.9052
2.85,0,0,125,-19.8682
2.875,0,0,125,-19.8312
2.9,0,0,125,-19.7944
2.925,0,0,125,-19.7578
2.95,0,0,125,-19.7214
2.975,0,0,125,-19.6851
3,0,0,125,-19.6489
3.025,0,0,125,-19.6129
3.05,0,0,125,-19.577
3.075,0,0,125,-19.5413
3.1,0,0,125,-19.5058
3.125,0,0,125,-19.4703
3.15,0,0,125,-19.4351
3.175,0,0,125,-19.3999
3.2,0,0,125,-19.3649
3.225,0,0,125,-19.3301
3.25,0,0,125,-19.2954
3.275,0,0,125,-19.2608
3.3,0,0,125,-19.2264
3.325,0,0,125,-19.1921
3.35,0,0,125,-19.158
3.375,0,0,125,-19.124
3.4,0,0,125,-19.0901
3.425,0,0,125,-19.0564
3.45,0,0,125,-19.0228
3.475,0,0,125,-18.9893
3.5,0,0,125,-18.956
3.525,0,0,125,-18.9228
3.55,0,0,125,-18.8897
3.575,0,0,125,-18.8568
3.6,0,0,125,-18.824
3.625,0,0,125,-18.7913
3.65,0,0,125,-18.7588
3.675,0,0,125,-18.7264
3.7,0,0,125,-18.6942
3.725,0,0,125,-18.6621
3.75,0,0,125,-18.6301
3.775,0,0,125,-18.5983
3.8,0,0,125,-18.5666
3.825,0,0,125,-18.5351
3.85,0,0,125,-18.5037
3.875,0,0,125,-18.4725
3.9,0,0,125,-18.4414
3.925,0,0,125,-18.4104
3.95,0,0,125,-18.3796
3.975,0,0,125,-18.349
4,0,0,125,-18.3186
4.025,0,0,125,-18.2883
4.05,0,0,125,-18.2582
4.075,0,0,125,-18.2283
4.1,0,0,125,-18.1985
4.125,0,0,125,-18.169
4.15,0,0,125,-18.1396
4.175,0,0,125,-18.1105
4.2,0,0,125,-18.0815
4.225,0,0,125,-18.0529
4.25,0,0,125,-18.0244
4.275,0,0,125,-17.9962
4.3,0,0,125,-17.9683
4.325,0,0,125,-17.9407
4.35,0,0,125,-17.9134
4.375,0,0,125,-17.8863
4.4,0,0,125,-17.8597
4.425,0,0,125,-17.8334
4.45,0,0,125,-17.8075
4.475,0,0,125,-17.782
4.5,0,0,125,-17.757
4.525,0,0,125,-17.7324
4.55,0,0,125,-17.7084
4.575,0,0,125,-17.685
4.6,0,0,125,-17.6622
4.625,0,0,125,-17.64
4.65,0,0,125,-17.6186
4.675,0,0,125,-17.5979
4.7,0,0,125,-17.5781
4.725,0,0,125,-17.5592
4.75,0,0,125,-17.5413
4.775,0,0,125,-17.5245
4.8,0,0,125,-17.5089
4.825,0,0,125,-17.4946
4.85,0,0,125,-17.4817
4.875,0,0,125,-17.4703
4.9,0,0,125,-17.4605
4.925,0,0,125,-17.4526
4.95,0,0,125,-17.4465
4.975,0,0,125,-17.4423
5,0,0,125,-17.4403
