0,0,0,125,-8.89789
0.025,0,0,125,-8.89018
0.05,0,0,125,-8.87477
0.075,0,0,125,-8.85169
0.1,0,0,125,-8.82101
0.125,0,0,125,-8.78287
0.15,0,0,125,-8.73754
0.175,0,0,125,-8.68545
0.2,0,0,125,-8.62693
0.225,0,0,125,-8.56224
0.25,0,0,125,-8.49158
0.275,0,0,125,-8.41515
0.3,0,0,125,-8.33311
0.325,0,0,125,-8.24558
0.35,0,0,125,-8.15269
0.375,0,0,125,-8.05454
0.4,0,0,125,-7.95121
0.425,0,0,125,-7.84277
0.45,0,0,125,-7.72927
0.475,0,0,125,-7.61077
0.5,0,0,125,-7.48728
0.525,0,0,125,-7.35884
0.55,0,0,125,-7.22545
0.575,0,0,125,-7.08712
0.6,0,0,125,-6.94385
0.625,0,0,125,-6.7956
0.65,0,0,125,-6.64237
0.675,0,0,125,-6.48412
0.7,0,0,125,-6.3208
0.725,0,0,125,-6.15238
0.75,0,0,125,-5.97879
0.775,0,0,125,-5.79999
0.8,0,0,125,-5.61588
0.825,0,0,125,-5.42641
0.85,0,0,125,-5.23148
0.875,0,0,125,-5.03102
0.9,0,0,125,-4.82491
0.925,0,0,125,-4.61306
0.95,0,0,125,-4.39536
0.975,0,0,125,-4.17169
1,0,0,125,-3.94194
1.025,0,0,125,-3.70598
1.05,0,0,125,-3.46367
1.075,0,0,125,-3.21488
1.1,0,0,125,-2.95946
1.125,0,0,125,-2.69728
1.15,0,0,125,-2.42818
1.175,0,0,125,-2.15201
1.2,0,0,125,-1.86862
1.225,0,0,125,-1.57784
1.25,0,0,125,-1.27951
1.275,0,0,125,-0.973478
1.3,0,0,125,-0.659576
1.325,0,0,125,-0.33764
1.35,0,0,125,-0.00750731
1.375,0,0,125,0.330985
1.4,0,0,125,0.677996
1.425,0,0,125,1.03369
1.45,0,0,125,1.39821
1.475,0,0,125,1.77171
1.5,0,0,125,2.15434
1.525,0,0,125,2.54623
1.55,0,0,125,2.94752
1.575,0,0,125,3.35834
1.6,0,0,125,3.7788
1.625,0,0,125,4.209
1.65,0,0,125,4.64905
1.675,0,0,125,5.09902
1.7,0,0,125,5.559
1.725,0,0,125,6.02904
1.75,0,0,125,6.5092
1.775,0,0,125,6.9995
1.8,0,0,125,7.49996
1.825,0,0,125,8.01059
1.85,0,0,125,8.53138
1.875,0,0,125,9.06229
1.9,0,0,125,9.60328
1.925,0,0,125,10.1543
1.95,0,0,125,10.7152
1.975,0,0,125,11.286
2,0,0,125,11.8664
2.025,0,0,125,12.4564
2.05,0,0,125,13.0558
2.075,0,0,125,13.6644
2.1,0,0,125,14.2819
2.125,0,0,125,14.9082
2.15,0,0,125,15.5429
2.175,0,0,125,16.1857
2.2,0,0,125,16.8364
2.225,0,0,125,17.4944
2.25,0,0,125,18.1595
2.275,0,0,125,18.831
2.3,0,0,125,19.5086
2.325,0,0,125,20.1917
2.35,0,0,125,20.8796
2.375,0,0,125,21.5717
2.4,0,0,125,22.2672
2.425,0,0,125,22.9653
2.45,0,0,125,23.6651
2.475,0,0,125,24.3657
2.5,0,0,125,25.066
2.525,0,0,125,25.7648
2.55,0,0,125,26.461
2.575,0,0,125,27.1533
2.6,0,0,125,27.8401
2.625,0,0,125,28.5201
2.65,0,0,125,29.1916
2.675,0,0,125,29.853
2.7,0,0,125,30.5025
2.725,0,0,125,31.1384
2.75,0,0,125,31.7588
2.775,0,0,125,32.3619
2.8,0,0,125,32.9459
2.825,0,0,125,33.5088
2.85,0,0,125,34.049
2.875,0,0,125,34.5649
2.9,0,0,125,35.0546
2.925,0,0,125,35.517
2.95,0,0,125,35.9505
2.975,0,0,125,36.354
3,0,0,125,36.7265
3.025,0,0,125,37.0667
3.05,0,0,125,37.3736
3.075,0,0,125,37.6456
3.1,0,0,125,37.8804
3.125,0,0,125,38.0741
3.15,0,0,125,38.2203
3.175,0,0,125,38.3072
3.2,0,0,125,38.3137
3.225,0,0,125,38.2002
3.25,0,0,125,37.8911
3.275,0,0,125,37.2356
3.3,0,0,125,35.9216
3.325,0,0,125,33.2781
3.35,0,0,125,27.8562
3.375,0,0,125,16.9295
3.4,0,0,125,-1.65371
3.425,0,0,125,-22.6724
3.45,0,0,125,-39.9089
3.475,0,0,125,-52.4529
3.5,0,0,125,-61.2159
3.525,0,0,125,-67.2414
3.55,0,0,125,-71.3543
3.575,0,0,125,-74.1504
3.6,0,0,125,-76.046
3.625,0,0,125,-77.3283
3.65,0,0,125,-78.1938
3.675,0,0,125,-78.7763
3.7,0,0,125,-79.167
3.725,0,0,125,-79.4278
3.75,0,0,125,-79.6005
3.775,0,0,125,-79.7136
3.8,0,0,125,-79.7863
3.825,0,0,125,-79.8318
3.85,0,0,125,-79.8589
3.875,0,0,125,-79.8735
3.9,0,0,125,-79.8797
3.925,0,0,125,-79.8804
3.95,0,0,125,-79.8772
3.975,0,0,125,-79.8716
4,0,0,125,-79.8642
4.025,0,0,125,-79.8559
4.05,0,0,125,-79.8468
4.075,0,0,125,-79.8374
4.1,0,0,125,-79.8278
4.125,0,0,125,-79.818
4.15,0,0,125,-79.8083
4.175,0,0,125,-79.7986
4.2,0,0,125,-79.789
4.225,0,0,125,-79.7796
4.25,0,0,125,-79.7703
4.275,0,0,125,-79.7611
4.3,0,0,125,-79.7522
4.325,0,0,125,-79.7434
4.35,0,0,125,-79.7349
4.375,0,0,125,-79.7265
4.4,0,0,125,-79.7184
4.425,0,0,125,-79.7104
4.45,0,0,125,-79.7028
4.475,0,0,125,-79.6953
4.5,0,0,125,-79.688
4.525,0,0,125,-79.681
4.55,0,0,125,-79.6743
4.575,0,0,125,-79.6678
4.6,0,0,125,-79.6616
4.625,0,0,125,-79.6556
4.65,0,0,125,-79.65
4.675,0,0,125,-79.6446
4.7,0,0,125,-79.6395
4.725,0,0,125,-79.6347
4.75,0,0,125,-79.6302
4.775,0,0,125,-79.6261
4.8,0,0,125,-79.6223
4.825,0,0,125,-79.6189
4.85,0,0,125,-79.6158
4.875,0,0,125,-79.6131
4.9,0,0,125,-79.6109
4.925,0,0,125,-79.609
4.95,0,0,125,-79.6076
4.975,0,0,125,-79.6067
5,0,0,125,-79.6062
