0,0,0,125,-34.6126
0.025,0,0,125,-34.6089
0.05,0,0,125,-34.6015
0.075,0,0,125,-34.5903
0.1,0,0,125,-34.5755
0.125,0,0,125,-34.5572
0.15,0,0,125,-34.5353
0.175,0,0,125,-34.5102
0.2,0,0,125,-34.4818
0.225,0,0,125,-34.4505
0.25,0,0,125,-34.4162
0.275,0,0,125,-34.379
0.3,0,0,125,-34.3392
0.325,0,0,125,-34.2967
0.35,0,0,125,-34.2517
0.375,0,0,125,-34.2042
0.4,0,0,125,-34.1544
0.425,0,0,125,-34.1023
0.45,0,0,125,-34.048
0.475,0,0,125,-33.9916
0.5,0,0,125,-33.9331
0.525,0,0,125,-33.8727
0.55,0,0,125,-33.8104
0.575,0,0,125,-33.7463
0.6,0,0,125,-33.6804
0.625,0,0,125,-33.6129
0.65,0,0,125,-33.5438
0.675,0,0,125,-33.4731
0.7,0,0,125,-33.4009
0.725,0,0,125,-33.3274
0.75,0,0,125,-33.2525
0.775,0,0,125,-33.1762
0.8,0,0,125,-33.0988
0.825,0,0,125,-33.0202
0.85,0,0,125,-32.9405
0.875,0,0,125,-32.8597
0.9,0,0,125,-32.7779
0.925,0,0,125,-32.6952
0.95,0,0,125,-32.6116
0.975,0,0,125,-32.5272
1,0,0,125,-32.4419
1.025,0,0,125,-32.356
1.05,0,0,125,-32.2693
1.075,0,0,125,-32.182
1.1,0,0,125,-32.0941
1.125,0,0,125,-32.0056
1.15,0,0,125,-31.9166
1.175,0,0,125,-31.8272
1.2,0,0,125,-31.7373
1.225,0,0,125,-31.6471
1.25,0,0,125,-31.5565
1.275,0,0,125,-31.4656
1.3,0,0,125,-31.3744
1.325,0,0,125,-31.283
1.35,0,0,125,-31.1915
1.375,0,0,125,-31.0997
1.4,0,0,125,-31.0078
1.425,0,0,125,-30.9159
1.45,0,0,125,-30.8238
1.475,0,0,125,-30.7318
1.5,0,0,125,-30.6397
1.525,0,0,125,-30.5476
1.55,0,0,125,-30.4556
1.575,0,0,125,-30.3637
1.6,0,0,125,-30.2719
1.625,0,0,125,-30.1802
1.65,0,0,125,-30.0886
1.675,0,0,125,-29.9972
1.7,0,0,125,-29.906
1.725,0,0,125,-29.815
1.75,0,0,125,-29.7243
1.775,0,0,125,-29.6337
1.8,0,0,125,-29.5435
1.825,0,0,125,-29.4535
1.85,0,0,125,-29.3638
1.875,0,0,125,-29.2745
1.9,0,0,125,-29.1854
1.925,0,0,125,-29.0968
1.95,0,0,125,-29.0084
1.975,0,0,125,-28.9205
2,0,0,125,-28.8329
2.025,0,0,125,-28.7457
2.05,0,0,125,-28.6588
2.075,0,0,125,-28.5724
2.1,0,0,125,-28.4864
2.125,0,0,125,-28.4009
2.15,0,0,125,-28.3157
2.175,0,0,125,-28.231
2.2,0,0,125,-28.1468
2.225,0,0,125,-28.063
2.25,0,0,125,-27.9796
2.275,0,0,125,-27.8967
2.3,0,0,125,-27.8143
2.325,0,0,125,-27.7324
2.35,0,0,125,-27.6509
2.375,0,0,125,-27.5699
2.4,0,0,125,-27.4894
2.425,0,0,125,-27.4093
2.45,0,0,125,-27.3298
2.475,0,0,125,-27.2507
2.5,0,0,125,-27.1721
2.525,0,0,125,-27.094
2.55,0,0,125,-27.0164
2.575,0,0,125,-26.9393
2.6,0,0,125,-26.8627
2.625,0,0,125,-26.7865
2.65,0,0,125,-26.7109
2.675,0,0,125,-26.6357
2.7,0,0,125,-26.5611
2.725,0,0,125,-26.4869
2.75,0,0,125,-26.4133
2.775,0,0,125,-26.3401
2.8,0,0,125,-26.2674
2.825,0,0,125,-26.1952
2.85,0,0,125,-26.1234
2.875,0,0,125,-26.0522
2.9,0,0,125,-25.9814
2.925,0,0,125,-25.9111
2.95,0,0,125,-25.8413
2.975,0,0,125,-25.772
3,0,0,125,-25.7032
3.025,0,0,125,-25.6348
3.05,0,0,125,-25.5669
3.075,0,0,125,-25.4995
3.1,0,0,125,-25.4325
3.125,0,0,125,-25.366
3.15,0,0,125,-25.3
3.175,0,0,125,-25.2344
3.2,0,0,125,-25.1693
3.225,0,0,125,-25.1046
3.25,0,0,125,-25.0405
3.275,0,0,125,-24.9767
3.3,0,0,125,-24.9135
3.325,0,0,125,-24.8507
3.35,0,0,125,-24.7883
3.375,0,0,125,-24.7264
3.4,0,0,125,-24.6649
3.425,0,0,125,-24.6039
3.45,0,0,125,-24.5434
3.475,0,0,125,-24.4833
3.5,0,0,125,-24.4236
3.525,0,0,125,-24.3644
3.55,0,0,125,-24.3057
3.575,0,0,125,-24.2474
3.6,0,0,125,-24.1895
3.625,0,0,125,-24.1321
3.65,0,0,125,-24.0752
3.675,0,0,125,-24.0187
3.7,0,0,125,-23.9627
3.725,0,0,125,-23.9071
3.75,0,0,125,-23.852
3.775,0,0,125,-23.7974
3.8,0,0,125,-23.7432
3.825,0,0,125,-23.6896
3.85,0,0,125,-23.6363
3.875,0,0,125,-23.5836
3.9,0,0,125,-23.5314
3.925,0,0,125,-23.4796
3.95,0,0,125,-23.4284
3.975,0,0,125,-23.3777
4,0,0,125,-23.3274
4.025,0,0,125,-23.2778
4.05,0,0,125,-23.2286
4.075,0,0,125,-23.18
4.1,0,0,125,-23.1319
4.125,0,0,125,-23.0845
4.15,0,0,125,-23.0376
4.175,0,0,125,-22.9913
4.2,0,0,125,-22.9456
4.225,0,0,125,-22.9005
4.25,0,0,125,-22.8561
4.275,0,0,125,-22.8124
4.3,0,0,125,-22.7694
4.325,0,0,125,-22.727
4.35,0,0,125,-22.6855
4.375,0,0,125,-22.6447
4.4,0,0,125,-22.6046
4.425,0,0,125,-22.5654
4.45,0,0,125,-22.5271
4.475,0,0,125,-22.4897
4.5,0,0,125,-22.4532
4.525,0,0,125,-22.4177
4.55,0,0,125,-22.3832
4.575,0,0,125,-22.3499
4.6,0,0,125,-22.3176
4.625,0,0,125,-22.2866
4.65,0,0,125,-22.2568
4.675,0,0,125,-22.2283
4.7,0,0,125,-22.2012
4.725,0,0,125,-22.1756
4.75,0,0,125,-22.1516
4.775,0,0,125,-22.1292
4.8,0,0,125,-22.1086
4.825,0,0,125,-22.0898
4.85,0,0,125,-22.073
4.875,0,0,125,-22.0583
4.9,0,0,125,-22.0458
4.925,0,0,125,-22.0357
4.95,0,0,125,-22.0279
4.975,0,0,125,-22.0227
5,0,0,125,-22.0201
