0,0,0,125,-42.9894
0.025,0,0,125,-42.9856
0.05,0,0,125,-42.9781
0.075,0,0,125,-42.9668
0.1,0,0,125,-42.9519
0.125,0,0,125,-42.9332
0.15,0,0,125,-42.9111
0.175,0,0,125,-42.8855
0.2,0,0,125,-42.8565
0.225,0,0,125,-42.8244
0.25,0,0,125,-42.7891
0.275,0,0,125,-42.7507
0.3,0,0,125,-42.7094
0.325,0,0,125,-42.6651
0.35,0,0,125,-42.618
0.375,0,0,125,-42.5682
0.4,0,0,125,-42.5156
0.425,0,0,125,-42.4605
0.45,0,0,125,-42.4027
0.475,0,0,125,-42.3424
0.5,0,0,125,-42.2797
0.525,0,0,125,-42.2146
0.55,0,0,125,-42.1471
0.575,0,0,125,-42.0773
0.6,0,0,125,-42.0053
0.625,0,0,125,-41.9312
0.65,0,0,125,-41.8549
0.675,0,0,125,-41.7765
0.7,0,0,125,-41.6961
0.725,0,0,125,-41.6138
0.75,0,0,125,-41.5295
0.775,0,0,125,-41.4434
0.8,0,0,125,-41.3554
0.825,0,0,125,-41.2657
0.85,0,0,125,-41.1742
0.875,0,0,125,-41.0811
0.9,0,0,125,-40.9863
0.925,0,0,125,-40.89
0.95,0,0,125,-40.7922
0.975,0,0,125,-40.6928
1,0,0,125,-40.592
1.025,0,0,125,-40.4899
1.05,0,0,125,-40.3864
1.075,0,0,125,-40.2816
1.1,0,0,125,-40.1755
1.125,0,0,125,-40.0683
1.15,0,0,125,-39.9599
1.175,0,0,125,-39.8504
1.2,0,0,125,-39.7398
1.225,0,0,125,-39.6282
1.25,0,0,125,-39.5156
1.275,0,0,125,-39.4021
1.3,0,0,125,-39.2877
1.325,0,0,125,-39.1724
1.35,0,0,125,-39.0564
1.375,0,0,125,-38.9395
1.4,0,0,125,-38.822
1.425,0,0,125,-38.7037
1.45,0,0,125,-38.5848
1.475,0,0,125,-38.4653
1.5,0,0,125,-38.3453
1.525,0,0,125,-38.2247
1.55,0,0,125,-38.1036
1.575,0,0,125,-37.9821
1.6,0,0,125,-37.8601
1.625,0,0,125,-37.7378
1.65,0,0,125,-37.6151
1.675,0,0,125,-37.4922
1.7,0,0,125,-37.3689
1.725,0,0,125,-37.2454
1.75,0,0,125,-37.1218
1.775,0,0,125,-36.9979
1.8,0,0,125,-36.8739
1.825,0,0,125,-36.7498
1.85,0,0,125,-36.6256
1.875,0,0,125,-36.5014
1.9,0,0,125,-36.3772
1.925,0,0,125,-36.253
1.95,0,0,125,-36.1288
1.975,0,0,125,-36.0047
2,0,0,125,-35.8807
2.025,0,0,125,-35.7568
2.05,0,0,125,-35.633
2.075,0,0,125,-35.5095
2.1,0,0,125,-35.3861
2.125,0,0,125,-35.263
2.15,0,0,125,-35.1401
2.175,0,0,125,-35.0174
2.2,0,0,125,-34.8951
2.225,0,0,125,-34.773
2.25,0,0,125,-34.6513
2.275,0,0,125,-34.53
2.3,0,0,125,-34.409
2.325,0,0,125,-34.2884
2.35,0,0,125,-34.1682
2.375,0,0,125,-34.0484
2.4,0,0,125,-33.929
2.425,0,0,125,-33.8101
2.45,0,0,125,-33.6917
2.475,0,0,125,-33.5738
2.5,0,0,125,-33.4563
2.525,0,0,125,-33.3394
2.55,0,0,125,-33.223
2.575,0,0,125,-33.1071
2.6,0,0,125,-32.9918
2.625,0,0,125,-32.8771
2.65,0,0,125,-32.7629
2.675,0,0,125,-32.6493
2.7,0,0,125,-32.5363
2.725,0,0,125,-32.4239
2.75,0,0,125,-32.3121
2.775,0,0,125,-32.2009
2.8,0,0,125,-32.0904
2.825,0,0,125,-31.9805
2.85,0,0,125,-31.8712
2.875,0,0,125,-31.7626
2.9,0,0,125,-31.6547
2.925,0,0,125,-31.5474
2.95,0,0,125,-31.4408
2.975,0,0,125,-31.3349
3,0,0,125,-31.2296
3.025,0,0,125,-31.1251
3.05,0,0,125,-31.0212
3.075,0,0,125,-30.9181
3.1,0,0,125,-30.8156
3.125,0,0,125,-30.7139
3.15,0,0,125,-30.6129
3.175,0,0,125,-30.5126
3.2,0,0,125,-30.413
3.225,0,0,125,-30.3142
3.25,0,0,125,-30.2161
3.275,0,0,125,-30.1187
3.3,0,0,125,-30.0221
3.325,0,0,125,-29.9262
3.35,0,0,125,-29.8311
3.375,0,0,125,-29.7367
3.4,0,0,125,-29.6431
3.425,0,0,125,-29.5503
3.45,0,0,125,-29.4582
3.475,0,0,125,-29.3669
3.5,0,0,125,-29.2764
3.525,0,0,125,-29.1866
3.55,0,0,125,-29.0977
3.575,0,0,125,-29.0096
3.6,0,0,125,-28.9222
3.625,0,0,125,-28.8357
3.65,0,0,125,-28.7499
3.675,0,0,125,-28.665
3.7,0,0,125,-28.5809
3.725,0,0,125,-28.4977
3.75,0,0,125,-28.4153
3.775,0,0,125,-28.3337
3.8,0,0,125,-28.253
3.825,0,0,125,-28.1732
3.85,0,0,125,-28.0942
3.875,0,0,125,-28.0162
3.9,0,0,125,-27.939
3.925,0,0,125,-27.8628
3.95,0,0,125,-27.7874
3.975,0,0,125,-27.7131
4,0,0,125,-27.6396
4.025,0,0,125,-27.5672
4.05,0,0,125,-27.4957
4.075,0,0,125,-27.4252
4.1,0,0,125,-27.3557
4.125,0,0,125,-27.2873
4.15,0,0,125,-27.2199
4.175,0,0,125,-27.1536
4.2,0,0,125,-27.0885
4.225,0,0,125,-27.0244
4.25,0,0,125,-26.9615
4.275,0,0,125,-26.8998
4.3,0,0,125,-26.8392
4.325,0,0,125,-26.78
4.35,0,0,125,-26.722
4.375,0,0,125,-26.6653
4.4,0,0,125,-26.6099
4.425,0,0,125,-26.556
4.45,0,0,125,-26.5034
4.475,0,0,125,-26.4524
4.5,0,0,125,-26.4028
4.525,0,0,125,-26.3548
4.55,0,0,125,-26.3085
4.575,0,0,125,-26.2638
4.6,0,0,125,-26.2209
4.625,0,0,125,-26.1798
4.65,0,0,125,-26.1405
4.675,0,0,125,-26.1033
4.7,0,0,125,-26.068
4.725,0,0,125,-26.0348
4.75,0,0,125,-26.0039
4.775,0,0,125,-25.9752
4.8,0,0,125,-25.9489
4.825,0,0,125,-25.9252
4.85,0,0,125,-25.904
4.875,0,0,125,-25.8856
4.9,0,0,125,-25.87
4.925,0,0,125,-25.8573
4.95,0,0,125,-25.8477
4.975,0,0,125,-25.8413
5,0,0,125,-25.838
