0,0,0,125,-56.0727
0.025,0,0,125,-56.0698
0.05,0,0,125,-56.064
0.075,0,0,125,-56.0554
0.1,0,0,125,-56.0439
0.125,0,0,125,-56.0296
0.15,0,0,125,-56.0125
0.175,0,0,125,-55.9928
0.2,0,0,125,-55.9704
0.225,0,0,125,-55.9456
0.25,0,0,125,-55.9182
0.275,0,0,125,-55.8884
0.3,0,0,125,-55.8562
0.325,0,0,125,-55.8217
0.35,0,0,125,-55.7849
0.375,0,0,125,-55.7458
0.4,0,0,125,-55.7045
0.425,0,0,125,-55.661
0.45,0,0,125,-55.6154
0.475,0,0,125,-55.5676
0.5,0,0,125,-55.5177
0.525,0,0,125,-55.4657
0.55,0,0,125,-55.4117
0.575,0,0,125,-55.3556
0.6,0,0,125,-55.2976
0.625,0,0,125,-55.2377
0.65,0,0,125,-55.1757
0.675,0,0,125,-55.1119
0.7,0,0,125,-55.0462
0.725,0,0,125,-54.9786
0.75,0,0,125,-54.9092
0.775,0,0,125,-54.838
0.8,0,0,125,-54.7649
0.825,0,0,125,-54.6901
0.85,0,0,125,-54.6135
0.875,0,0,125,-54.5352
0.9,0,0,125,-54.4552
0.925,0,0,125,-54.3735
0.95,0,0,125,-54.2901
0.975,0,0,125,-54.2051
1,0,0,125,-54.1185
1.025,0,0,125,-54.0303
1.05,0,0,125,-53.9404
1.075,0,0,125,-53.8491
1.1,0,0,125,-53.7561
1.125,0,0,125,-53.6617
1.15,0,0,125,-53.5658
1.175,0,0,125,-53.4684
1.2,0,0,125,-53.3696
1.225,0,0,125,-53.2693
1.25,0,0,125,-53.1676
1.275,0,0,125,-53.0645
1.3,0,0,125,-52.9601
1.325,0,0,125,-52.8543
1.35,0,0,125,-52.7472
1.375,0,0,125,-52.6388
1.4,0,0,125,-52.5291
1.425,0,0,125,-52.4182
1.45,0,0,125,-52.306
1.475,0,0,125,-52.1926
1.5,0,0,125,-52.0781
1.525,0,0,125,-51.9623
1.55,0,0,125,-51.8454
1.575,0,0,125,-51.7274
1.6,0,0,125,-51.6083
1.625,0,0,125,-51.488
1.65,0,0,125,-51.3667
1.675,0,0,125,-51.2444
1.7,0,0,125,-51.1211
1.725,0,0,125,-50.9967
1.75,0,0,125,-50.8714
1.775,0,0,125,-50.7451
1.8,0,0,125,-50.6179
1.825,0,0,125,-50.4897
1.85,0,0,125,-50.3607
1.875,0,0,125,-50.2308
1.9,0,0,125,-50.1001
1.925,0,0,125,-49.9685
1.95,0,0,125,-49.8361
1.975,0,0,125,-49.7029
2,0,0,125,-49.5689
2.025,0,0,125,-49.4342
2.05,0,0,125,-49.2988
2.075,0,0,125,-49.1627
2.1,0,0,125,-49.0259
2.125,0,0,125,-48.8884
2.15,0,0,125,-48.7503
2.175,0,0,125,-48.6116
2.2,0,0,125,-48.4723
2.225,0,0,125,-48.3324
2.25,0,0,125,-48.192
2.275,0,0,125,-48.051
2.3,0,0,125,-47.9095
2.325,0,0,125,-47.7675
2.35,0,0,125,-47.6251
2.375,0,0,125,-47.4822
2.4,0,0,125,-47.3389
2.425,0,0,125,-47.1951
2.45,0,0,125,-47.051
2.475,0,0,125,-46.9066
2.5,0,0,125,-46.7618
2.525,0,0,125,-46.6167
2.55,0,0,125,-46.4713
2.575,0,0,125,-46.3256
2.6,0,0,125,-46.1797
2.625,0,0,125,-46.0335
2.65,0,0,125,-45.8872
2.675,0,0,125,-45.7407
2.7,0,0,125,-45.594
2.725,0,0,125,-45.4471
2.75,0,0,125,-45.3002
2.775,0,0,125,-45.1532
2.8,0,0,125,-45.0061
2.825,0,0,125,-44.8589
2.85,0,0,125,-44.7118
2.875,0,0,125,-44.5646
2.9,0,0,125,-44.4175
2.925,0,0,125,-44.2705
2.95,0,0,125,-44.1235
2.975,0,0,125,-43.9766
3,0,0,125,-43.8299
3.025,0,0,125,-43.6833
3.05,0,0,125,-43.5369
3.075,0,0,125,-43.3907
3.1,0,0,125,-43.2447
3.125,0,0,125,-43.099
3.15,0,0,125,-42.9535
3.175,0,0,125,-42.8084
3.2,0,0,125,-42.6636
3.225,0,0,125,-42.5192
3.25,0,0,125,-42.3752
3.275,0,0,125,-42.2316
3.3,0,0,125,-42.0885
3.325,0,0,125,-41.9459
3.35,0,0,125,-41.8038
3.375,0,0,125,-41.6622
3.4,0,0,125,-41.5212
3.425,0,0,125,-41.3808
3.45,0,0,125,-41.241
3.475,0,0,125,-41.102
3.5,0,0,125,-40.9636
3.525,0,0,125,-40.8259
3.55,0,0,125,-40.6891
3.575,0,0,125,-40.553
3.6,0,0,125,-40.4178
3.625,0,0,125,-40.2834
3.65,0,0,125,-40.15
3.675,0,0,125,-40.0175
3.7,0,0,125,-39.886
3.725,0,0,125,-39.7555
3.75,0,0,125,-39.6261
3.775,0,0,125,-39.4978
3.8,0,0,125,-39.3707
3.825,0,0,125,-39.2447
3.85,0,0,125,-39.1199
3.875,0,0,125,-38.9964
3.9,0,0,125,-38.8742
3.925,0,0,125,-38.7534
3.95,0,0,125,-38.634
3.975,0,0,125,-38.516
4,0,0,125,-38.3995
4.025,0,0,125,-38.2845
4.05,0,0,125,-38.1711
4.075,0,0,125,-38.0593
4.1,0,0,125,-37.9493
4.125,0,0,125,-37.841
4.15,0,0,125,-37.7344
4.175,0,0,125,-37.6297
4.2,0,0,125,-37.5269
4.225,0,0,125,-37.4261
4.25,0,0,125,-37.3272
4.275,0,0,125,-37.2304
4.3,0,0,125,-37.1358
4.325,0,0,125,-37.0433
4.35,0,0,125,-36.953
4.375,0,0,125,-36.8651
4.4,0,0,125,-36.7796
4.425,0,0,125,-36.6964
4.45,0,0,125,-36.6158
4.475,0,0,125,-36.5378
4.5,0,0,125,-36.4624
4.525,0,0,125,-36.3897
4.55,0,0,125,-36.3198
4.575,0,0,125,-36.2528
4.6,0,0,125,-36.1887
4.625,0,0,125,-36.1277
4.65,0,0,125,-36.0697
4.675,0,0,125,-36.015
4.7,0,0,125,-35.9635
4.725,0,0,125,-35.9154
4.75,0,0,125,-35.8707
4.775,0,0,125,-35.8297
4.8,0,0,125,-35.7923
4.825,0,0,125,-35.7586
4.85,0,0,125,-35.7289
4.875,0,0,125,-35.7031
4.9,0,0,125,-35.6814
4.925,0,0,125,-35.6639
4.95,0,0,125,-35.6507
4.975,0,0,125,-35.6418
5,0,0,125,-35.6374
