0,0,0,125,9.24697
0.025,0,0,125,9.28083
0.05,0,0,125,9.3485
0.075,0,0,125,9.44982
0.1,0,0,125,9.58455
0.125,0,0,125,9.75226
0.15,0,0,125,9.95232
0.175,0,0,125,10.1838
0.2,0,0,125,10.4458
0.225,0,0,125,10.7375
0.25,0,0,125,11.058
0.275,0,0,125,11.4065
0.3,0,0,125,11.782
0.325,0,0,125,12.1837
0.35,0,0,125,12.6105
0.375,0,0,125,13.0615
0.4,0,0,125,13.5356
0.425,0,0,125,14.0319
0.45,0,0,125,14.5492
0.475,0,0,125,15.0866
0.5,0,0,125,15.6429
0.525,0,0,125,16.217
0.55,0,0,125,16.8078
0.575,0,0,125,17.4142
0.6,0,0,125,18.0351
0.625,0,0,125,18.6692
0.65,0,0,125,19.3155
0.675,0,0,125,19.9727
0.7,0,0,125,20.6397
0.725,0,0,125,21.3151
0.75,0,0,125,21.9979
0.775,0,0,125,22.6867
0.8,0,0,125,23.3801
0.825,0,0,125,24.0769
0.85,0,0,125,24.7757
0.875,0,0,125,25.475
0.9,0,0,125,26.1733
0.925,0,0,125,26.869
0.95,0,0,125,27.5606
0.975,0,0,125,28.2464
1,0,0,125,28.9246
1.025,0,0,125,29.5935
1.05,0,0,125,30.2511
1.075,0,0,125,30.8957
1.1,0,0,125,31.5253
1.125,0,0,125,32.1379
1.15,0,0,125,32.7318
1.175,0,0,125,33.3049
1.2,0,0,125,33.8555
1.225,0,0,125,34.3819
1.25,0,0,125,34.8823
1.275,0,0,125,35.3554
1.3,0,0,125,35.7996
1.325,0,0,125,36.2137
1.35,0,0,125,36.5967
1.375,0,0,125,36.9473
1.4,0,0,125,37.2644
1.425,0,0,125,37.5464
1.45,0,0,125,37.7911
1.475,0,0,125,37.9951
1.5,0,0,125,38.1523
1.525,0,0,125,38.2521
1.55,0,0,125,38.2756
1.575,0,0,125,38.1878
1.6,0,0,125,37.9225
1.625,0,0,125,37.3499
1.65,0,0,125,36.2051
1.675,0,0,125,33.9266
1.7,0,0,125,29.3047
1.725,0,0,125,19.9502
1.75,0,0,125,3.15294
1.775,0,0,125,-17.8807
1.8,0,0,125,-36.0787
1.825,0,0,125,-49.5758
1.85,0,0,125,-59.0716
1.875,0,0,125,-65.6202
1.9,0,0,125,-70.0955
1.925,0,0,125,-73.1386
1.95,0,0,125,-75.2006
1.975,0,0,125,-76.5934
2,0,0,125,-77.5309
2.025,0,0,125,-78.159
2.05,0,0,125,-78.5772
2.075,0,0,125,-78.8529
2.1,0,0,125,-79.0319
2.125,0,0,125,-79.1453
2.15,0,0,125,-79.2142
2.175,0,0,125,-79.2528
2.2,0,0,125,-79.2709
2.225,0,0,125,-79.2748
2.25,0,0,125,-79.2692
2.275,0,0,125,-79.257
2.3,0,0,125,-79.2402
2.325,0,0,125,-79.2203
2.35,0,0,125,-79.1981
2.375,0,0,125,-79.1743
2.4,0,0,125,-79.1494
2.425,0,0,125,-79.1236
2.45,0,0,125,-79.0972
2.475,0,0,125,-79.0702
2.5,0,0,125,-79.0428
2.525,0,0,125,-79.0151
2.55,0,0,125,-78.987
2.575,0,0,125,-78.9587
2.6,0,0,125,-78.9301
2.625,0,0,125,-78.9012
2.65,0,0,125,-78.8722
2.675,0,0,125,-78.8429
2.7,0,0,125,-78.8134
2.725,0,0,125,-78.7837
2.75,0,0,125,-78.7539
2.775,0,0,125,-78.7238
2.8,0,0,125,-78.6936
2.825,0,0,125,-78.6633
2.85,0,0,125,-78.6327
2.875,0,0,125,-78.6021
2.9,0,0,125,-78.5713
2.925,0,0,125,-78.5404
2.95,0,0,125,-78.5094
2.975,0,0,125,-78.4783
3,0,0,125,-78.447
3.025,0,0,125,-78.4157
3.05,0,0,125,-78.3844
3.075,0,0,125,-78.3529
3.1,0,0,125,-78.3214
3.125,0,0,125,-78.2898
3.15,0,0,125,-78.2582
3.175,0,0,125,-78.2266
3.2,0,0,125,-78.195
3.225,0,0,125,-78.1633
3.25,0,0,125,-78.1317
3.275,0,0,125,-78.1001
3.3,0,0,125,-78.0685
3.325,0,0,125,-78.0369
3.35,0,0,125,-78.0054
3.375,0,0,125,-77.9739
3.4,0,0,125,-77.9425
3.425,0,0,125,-77.9112
3.45,0,0,125,-77.88
3.475,0,0,125,-77.8489
3.5,0,0,125,-77.818
3.525,0,0,125,-77.7872
3.55,0,0,125,-77.7564
3.575,0,0,125,-77.7259
3.6,0,0,125,-77.6955
3.625,0,0,125,-77.6654
3.65,0,0,125,-77.6353
3.675,0,0,125,-77.6055
3.7,0,0,125,-77.576
3.725,0,0,125,-77.5466
3.75,0,0,125,-77.5175
3.775,0,0,125,-77.4887
3.8,0,0,125,-77.4601
3.825,0,0,125,-77.4318
3.85,0,0,125,-77.4037
3.875,0,0,125,-77.376
3.9,0,0,125,-77.3486
3.925,0,0,125,-77.3215
3.95,0,0,125,-77.2948
3.975,0,0,125,-77.2684
4,0,0,125,-77.2423
4.025,0,0,125,-77.2167
4.05,0,0,125,-77.1914
4.075,0,0,125,-77.1665
4.1,0,0,125,-77.1421
4.125,0,0,125,-77.118
4.15,0,0,125,-77.0944
4.175,0,0,125,-77.0713
4.2,0,0,125,-77.0486
4.225,0,0,125,-77.0263
4.25,0,0,125,-77.0046
4.275,0,0,125,-76.9833
4.3,0,0,125,-76.9625
4.325,0,0,125,-76.9423
4.35,0,0,125,-76.9225
4.375,0,0,125,-76.9033
4.4,0,0,125,-76.8847
4.425,0,0,125,-76.8666
4.45,0,0,125,-76.8491
4.475,0,0,125,-76.8322
4.5,0,0,125,-76.8159
4.525,0,0,125,-76.8002
4.55,0,0,125,-76.7851
4.575,0,0,125,-76.7706
4.6,0,0,125,-76.7568
4.625,0,0,125,-76.7437
4.65,0,0,125,-76.7312
4.675,0,0,125,-76.7194
4.7,0,0,125,-76.7084
4.725,0,0,125,-76.6981
4.75,0,0,125,-76.6885
4.775,0,0,125,-76.6797
4.8,0,0,125,-76.6716
4.825,0,0,125,-76.6644
4.85,0,0,125,-76.658
4.875,0,0,125,-76.6525
4.9,0,0,125,-76.6478
4.925,0,0,125,-76.644
4.95,0,0,125,-76.6412
4.975,0,0,125,-76.6392
5,0,0,125,-76.6383
