0,0,0,125,-37.6292
0.025,0,0,125,-37.6254
0.05,0,0,125,-37.6178
0.075,0,0,125,-37.6064
0.1,0,0,125,-37.5912
0.125,0,0,125,-37.5723
0.15,0,0,125,-37.5498
0.175,0,0,125,-37.5239
0.2,0,0,125,-37.4947
0.225,0,0,125,-37.4622
0.25,0,0,125,-37.4267
0.275,0,0,125,-37.3882
0.3,0,0,125,-37.3468
0.325,0,0,125,-37.3026
0.35,0,0,125,-37.2557
0.375,0,0,125,-37.2062
0.4,0,0,125,-37.154
0.425,0,0,125,-37.0994
0.45,0,0,125,-37.0424
0.475,0,0,125,-36.9831
0.5,0,0,125,-36.9215
0.525,0,0,125,-36.8577
0.55,0,0,125,-36.7918
0.575,0,0,125,-36.7238
0.6,0,0,125,-36.6539
0.625,0,0,125,-36.5821
0.65,0,0,125,-36.5084
0.675,0,0,125,-36.4329
0.7,0,0,125,-36.3556
0.725,0,0,125,-36.2768
0.75,0,0,125,-36.1963
0.775,0,0,125,-36.1142
0.8,0,0,125,-36.0307
0.825,0,0,125,-35.9458
0.85,0,0,125,-35.8595
0.875,0,0,125,-35.7719
0.9,0,0,125,-35.683
0.925,0,0,125,-35.5929
0.95,0,0,125,-35.5017
0.975,0,0,125,-35.4094
1,0,0,125,-35.316
1.025,0,0,125,-35.2217
1.05,0,0,125,-35.1264
1.075,0,0,125,-35.0302
1.1,0,0,125,-34.9332
1.125,0,0,125,-34.8354
1.15,0,0,125,-34.7369
1.175,0,0,125,-34.6376
1.2,0,0,125,-34.5377
1.225,0,0,125,-34.4372
1.25,0,0,125,-34.3362
1.275,0,0,125,-34.2346
1.3,0,0,125,-34.1326
1.325,0,0,125,-34.0301
1.35,0,0,125,-33.9272
1.375,0,0,125,-33.824
1.4,0,0,125,-33.7205
1.425,0,0,125,-33.6167
1.45,0,0,125,-33.5126
1.475,0,0,125,-33.4084
1.5,0,0,125,-33.3039
1.525,0,0,125,-33.1994
1.55,0,0,125,-33.0947
1.575,0,0,125,-32.99
1.6,0,0,125,-32.8852
1.625,0,0,125,-32.7804
1.65,0,0,125,-32.6757
1.675,0,0,125,-32.571
1.7,0,0,125,-32.4663
1.725,0,0,125,-32.3618
1.75,0,0,125,-32.2574
1.775,0,0,125,-32.1532
1.8,0,0,125,-32.0491
1.825,0,0,125,-31.9453
1.85,0,0,125,-31.8416
1.875,0,0,125,-31.7383
1.9,0,0,125,-31.6351
1.925,0,0,125,-31.5323
1.95,0,0,125,-31.4298
1.975,0,0,125,-31.3275
2,0,0,125,-31.2257
2.025,0,0,125,-31.1242
2.05,0,0,125,-31.023
2.075,0,0,125,-30.9222
2.1,0,0,125,-30.8219
2.125,0,0,125,-30.7219
2.15,0,0,125,-30.6224
2.175,0,0,125,-30.5234
2.2,0,0,125,-30.4247
2.225,0,0,125,-30.3266
2.25,0,0,125,-30.2289
2.275,0,0,125,-30.1317
2.3,0,0,125,-30.035
2.325,0,0,125,-29.9387
2.35,0,0,125,-29.843
2.375,0,0,125,-29.7478
2.4,0,0,125,-29.6531
2.425,0,0,125,-29.559
2.45,0,0,125,-29.4654
2.475,0,0,125,-29.3723
2.5,0,0,125,-29.2797
2.525,0,0,125,-29.1878
2.55,0,0,125,-29.0963
2.575,0,0,125,-29.0054
2.6,0,0,125,-28.9151
2.625,0,0,125,-28.8254
2.65,0,0,125,-28.7362
2.675,0,0,125,-28.6475
2.7,0,0,125,-28.5595
2.725,0,0,125,-28.472
2.75,0,0,125,-28.3851
2.775,0,0,125,-28.2987
2.8,0,0,125,-28.2129
2.825,0,0,125,-28.1278
2.85,0,0,125,-28.0431
2.875,0,0,125,-27.9591
2.9,0,0,125,-27.8756
2.925,0,0,125,-27.7928
2.95,0,0,125,-27.7105
2.975,0,0,125,-27.6287
3,0,0,125,-27.5476
3.025,0,0,125,-27.467
3.05,0,0,125,-27.387
3.075,0,0,125,-27.3076
3.1,0,0,125,-27.2288
3.125,0,0,125,-27.1505
3.15,0,0,125,-27.0728
3.175,0,0,125,-26.9956
3.2,0,0,125,-26.9191
3.225,0,0,125,-26.8431
3.25,0,0,125,-26.7677
3.275,0,0,125,-26.6928
3.3,0,0,125,-26.6186
3.325,0,0,125,-26.5449
3.35,0,0,125,-26.4717
3.375,0,0,125,-26.3992
3.4,0,0,125,-26.3272
3.425,0,0,125,-26.2558
3.45,0,0,125,-26.1849
3.475,0,0,125,-26.1146
3.5,0,0,125,-26.0449
3.525,0,0,125,-25.9758
3.55,0,0,125,-25.9072
3.575,0,0,125,-25.8392
3.6,0,0,125,-25.7718
3.625,0,0,125,-25.7049
3.65,0,0,125,-25.6387
3.675,0,0,125,-25.573
3.7,0,0,125,-25.5079
3.725,0,0,125,-25.4434
3.75,0,0,125,-25.3795
3.775,0,0,125,-25.3161
3.8,0,0,125,-25.2534
3.825,0,0,125,-25.1913
3.85,0,0,125,-25.1298
3.875,0,0,125,-25.0689
3.9,0,0,125,-25.0087
3.925,0,0,125,-24.949
3.95,0,0,125,-24.8901
3.975,0,0,125,-24.8317
4,0,0,125,-24.7741
4.025,0,0,125,-24.717
4.05,0,0,125,-24.6607
4.075,0,0,125,-24.6051
4.1,0,0,125,-24.5502
4.125,0,0,125,-24.496
4.15,0,0,125,-24.4425
4.175,0,0,125,-24.3898
4.2,0,0,125,-24.3378
4.225,0,0,125,-24.2867
4.25,0,0,125,-24.2364
4.275,0,0,125,-24.1868
4.3,0,0,125,-24.1382
4.325,0,0,125,-24.0904
4.35,0,0,125,-24.0436
4.375,0,0,125,-23.9977
4.4,0,0,125,-23.9527
4.425,0,0,125,-23.9088
4.45,0,0,125,-23.8659
4.475,0,0,125,-23.8241
4.5,0,0,125,-23.7834
4.525,0,0,125,-23.7439
4.55,0,0,125,-23.7056
4.575,0,0,125,-23.6686
4.6,0,0,125,-23.6329
4.625,0,0,125,-23.5986
4.65,0,0,125,-23.5658
4.675,0,0,125,-23.5345
4.7,0,0,125,-23.5047
4.725,0,0,125,-23.4767
4.75,0,0,125,-23.4505
4.775,0,0,125,-23.4261
4.8,0,0,125,-23.4036
4.825,0,0,125,-23.3832
4.85,0,0,125,-23.365
4.875,0,0,125,-23.3491
4.9,0,0,125,-23.3356
4.925,0,0,125,-23.3247
4.95,0,0,125,-23.3163
4.975,0,0,125,-23.3107
5,0,0,125,-23.3079
