0,0,0,125,-59.8932
0.025,0,0,125,-59.8906
0.05,0,0,125,-59.8854
0.075,0,0,125,-59.8776
0.1,0,0,125,-59.8672
0.125,0,0,125,-59.8543
0.15,0,0,125,-59.8389
0.175,0,0,125,-59.8211
0.2,0,0,125,-59.8009
0.225,0,0,125,-59.7785
0.25,0,0,125,-59.7537
0.275,0,0,125,-59.7268
0.3,0,0,125,-59.6978
0.325,0,0,125,-59.6666
0.35,0,0,125,-59.6333
0.375,0,0,125,-59.5979
0.4,0,0,125,-59.5605
0.425,0,0,125,-59.5211
0.45,0,0,125,-59.4798
0.475,0,0,125,-59.4365
0.5,0,0,125,-59.3913
0.525,0,0,125,-59.3442
0.55,0,0,125,-59.2952
0.575,0,0,125,-59.2444
0.6,0,0,125,-59.1917
0.625,0,0,125,-59.1373
0.65,0,0,125,-59.081
0.675,0,0,125,-59.023
0.7,0,0,125,-58.9633
0.725,0,0,125,-58.9018
0.75,0,0,125,-58.8387
0.775,0,0,125,-58.7738
0.8,0,0,125,-58.7073
0.825,0,0,125,-58.6391
0.85,0,0,125,-58.5693
0.875,0,0,125,-58.4979
0.9,0,0,125,-58.4249
0.925,0,0,125,-58.3503
0.95,0,0,125,-58.2741
0.975,0,0,125,-58.1964
1,0,0,125,-58.1172
1.025,0,0,125,-58.0364
1.05,0,0,125,-57.9542
1.075,0,0,125,-57.8705
1.1,0,0,125,-57.7854
1.125,0,0,125,-57.6988
1.15,0,0,125,-57.6108
1.175,0,0,125,-57.5214
1.2,0,0,125,-57.4306
1.225,0,0,125,-57.3384
1.25,0,0,125,-57.2449
1.275,0,0,125,-57.1501
1.3,0,0,125,-57.0539
1.325,0,0,125,-56.9565
1.35,0,0,125,-56.8577
1.375,0,0,125,-56.7577
1.4,0,0,125,-56.6565
1.425,0,0,125,-56.554
1.45,0,0,125,-56.4503
1.475,0,0,125,-56.3454
1.5,0,0,125,-56.2394
1.525,0,0,125,-56.1321
1.55,0,0,125,-56.0238
1.575,0,0,125,-55.9143
1.6,0,0,125,-55.8037
1.625,0,0,125,-55.692
1.65,0,0,125,-55.5792
1.675,0,0,125,-55.4654
1.7,0,0,125,-55.3506
1.725,0,0,125,-55.2347
1.75,0,0,125,-55.1178
1.775,0,0,125,-55
1.8,0,0,125,-54.8812
1.825,0,0,125,-54.7614
1.85,0,0,125,-54.6407
1.875,0,0,125,-54.5191
1.9,0,0,125,-54.3966
1.925,0,0,125,-54.2732
1.95,0,0,125,-54.1489
1.975,0,0,125,-54.0238
2,0,0,125,-53.8979
2.025,0,0,125,-53.7712
2.05,0,0,125,-53.6436
2.075,0,0,125,-53.5153
2.1,0,0,125,-53.3863
2.125,0,0,125,-53.2565
2.15,0,0,125,-53.1259
2.175,0,0,125,-52.9947
2.2,0,0,125,-52.8628
2.225,0,0,125,-52.7302
2.25,0,0,125,-52.5969
2.275,0,0,125,-52.463
2.3,0,0,125,-52.3285
2.325,0,0,125,-52.1934
2.35,0,0,125,-52.0577
2.375,0,0,125,-51.9215
2.4,0,0,125,-51.7847
2.425,0,0,125,-51.6473
2.45,0,0,125,-51.5095
2.475,0,0,125,-51.3712
2.5,0,0,125,-51.2323
2.525,0,0,125,-51.0931
2.55,0,0,125,-50.9534
2.575,0,0,125,-50.8132
2.6,0,0,125,-50.6727
2.625,0,0,125,-50.5318
2.65,0,0,125,-50.3905
2.675,0,0,125,-50.2489
2.7,0,0,125,-50.107
2.725,0,0,125,-49.9647
2.75,0,0,125,-49.8222
2.775,0,0,125,-49.6794
2.8,0,0,125,-49.5364
2.825,0,0,125,-49.3932
2.85,0,0,125,-49.2497
2.875,0,0,125,-49.1062
2.9,0,0,125,-48.9624
2.925,0,0,125,-48.8185
2.95,0,0,125,-48.6745
2.975,0,0,125,-48.5305
3,0,0,125,-48.3863
3.025,0,0,125,-48.2421
3.05,0,0,125,-48.098
3.075,0,0,125,-47.9538
3.1,0,0,125,-47.8097
3.125,0,0,125,-47.6656
3.15,0,0,125,-47.5216
3.175,0,0,125,-47.3778
3.2,0,0,125,-47.2341
3.225,0,0,125,-47.0906
3.25,0,0,125,-46.9473
3.275,0,0,125,-46.8042
3.3,0,0,125,-46.6615
3.325,0,0,125,-46.519
3.35,0,0,125,-46.3768
3.375,0,0,125,-46.235
3.4,0,0,125,-46.0936
3.425,0,0,125,-45.9526
3.45,0,0,125,-45.8121
3.475,0,0,125,-45.6721
3.5,0,0,125,-45.5327
3.525,0,0,125,-45.3938
3.55,0,0,125,-45.2555
3.575,0,0,125,-45.1179
3.6,0,0,125,-44.981
3.625,0,0,125,-44.8448
3.65,0,0,125,-44.7094
3.675,0,0,125,-44.5747
3.7,0,0,125,-44.441
3.725,0,0,125,-44.3082
3.75,0,0,125,-44.1763
3.775,0,0,125,-44.0454
3.8,0,0,125,-43.9155
3.825,0,0,125,-43.7868
3.85,0,0,125,-43.6592
3.875,0,0,125,-43.5327
3.9,0,0,125,-43.4075
3.925,0,0,125,-43.2836
3.95,0,0,125,-43.161
3.975,0,0,125,-43.0399
4,0,0,125,-42.9201
4.025,0,0,125,-42.8019
4.05,0,0,125,-42.6853
4.075,0,0,125,-42.5703
4.1,0,0,125,-42.4569
4.125,0,0,125,-42.3453
4.15,0,0,125,-42.2355
4.175,0,0,125,-42.1276
4.2,0,0,125,-42.0215
4.225,0,0,125,-41.9175
4.25,0,0,125,-41.8155
4.275,0,0,125,-41.7157
4.3,0,0,125,-41.618
4.325,0,0,125,-41.5226
4.35,0,0,125,-41.4295
4.375,0,0,125,-41.3387
4.4,0,0,125,-41.2505
4.425,0,0,125,-41.1647
4.45,0,0,125,-41.0816
4.475,0,0,125,-41.0012
4.5,0,0,125,-40.9235
4.525,0,0,125,-40.8486
4.55,0,0,125,-40.7767
4.575,0,0,125,-40.7077
4.6,0,0,125,-40.6418
4.625,0,0,125,-40.5791
4.65,0,0,125,-40.5195
4.675,0,0,125,-40.4633
4.7,0,0,125,-40.4106
4.725,0,0,125,-40.3613
4.75,0,0,125,-40.3156
4.775,0,0,125,-40.2736
4.8,0,0,125,-40.2353
4.825,0,0,125,-40.201
4.85,0,0,125,-40.1707
4.875,0,0,125,-40.1444
4.9,0,0,125,-40.1223
4.925,0,0,125,-40.1045
4.95,0,0,125,-40.0911
4.975,0,0,125,-40.0821
5,0,0,125,-40.0776
