0,0,0,125,-10.2784
0.025,0,0,125,-10.2719
0.05,0,0,125,-10.259
0.075,0,0,125,-10.2396
0.1,0,0,125,-10.2138
0.125,0,0,125,-10.1818
0.15,0,0,125,-10.1439
0.175,0,0,125,-10.1004
0.2,0,0,125,-10.0517
0.225,0,0,125,-9.9981
0.25,0,0,125,-9.93976
0.275,0,0,125,-9.8769
0.3,0,0,125,-9.80966
0.325,0,0,125,-9.73821
0.35,0,0,125,-9.66265
0.375,0,0,125,-9.58311
0.4,0,0,125,-9.49967
0.425,0,0,125,-9.4124
0.45,0,0,125,-9.32139
0.475,0,0,125,-9.22668
0.5,0,0,125,-9.12832
0.525,0,0,125,-9.02635
0.55,0,0,125,-8.92079
0.575,0,0,125,-8.81165
0.6,0,0,125,-8.69896
0.625,0,0,125,-8.58271
0.65,0,0,125,-8.46289
0.675,0,0,125,-8.33951
0.7,0,0,125,-8.21253
0.725,0,0,125,-8.08194
0.75,0,0,125,-7.94771
0.775,0,0,125,-7.8098
0.8,0,0,125,-7.66817
0.825,0,0,125,-7.52278
0.85,0,0,125,-7.37355
0.875,0,0,125,-7.22045
0.9,0,0,125,-7.0634
0.925,0,0,125,-6.90234
0.95,0,0,125,-6.73718
0.975,0,0,125,-6.56785
1,0,0,125,-6.39425
1.025,0,0,125,-6.21631
1.05,0,0,125,-6.03391
1.075,0,0,125,-5.84696
1.1,0,0,125,-5.65534
1.125,0,0,125,-5.45895
1.15,0,0,125,-5.25767
1.175,0,0,125,-5.05136
1.2,0,0,125,-4.8399
1.225,0,0,125,-4.62317
1.25,0,0,125,-4.40102
1.275,0,0,125,-4.1733
1.3,0,0,125,-3.93988
1.325,0,0,125,-3.7006
1.35,0,0,125,-3.4553
1.375,0,0,125,-3.20382
1.4,0,0,125,-2.946
1.425,0,0,125,-2.68168
1.45,0,0,125,-2.41069
1.475,0,0,125,-2.13284
1.5,0,0,125,-1.84798
1.525,0,0,125,-1.55592
1.55,0,0,125,-1.25649
1.575,0,0,125,-0.949502
1.6,0,0,125,-0.63479
1.625,0,0,125,-0.312172
1.65,0,0,125,0.0185267
1.675,0,0,125,0.35748
1.7,0,0,125,0.704859
1.725,0,0,125,1.06083
1.75,0,0,125,1.42556
1.775,0,0,125,1.79921
1.8,0,0,125,2.18193
1.825,0,0,125,2.57387
1.85,0,0,125,2.97517
1.875,0,0,125,3.38596
1.9,0,0,125,3.80636
1.925,0,0,125,4.23648
1.95,0,0,125,4.67644
1.975,0,0,125,5.12631
2,0,0,125,5.58619
2.025,0,0,125,6.05613
2.05,0,0,125,6.53619
2.075,0,0,125,7.0264
2.1,0,0,125,7.52679
2.125,0,0,125,8.03737
2.15,0,0,125,8.55812
2.175,0,0,125,9.08902
2.2,0,0,125,9.63002
2.225,0,0,125,10.1811
2.25,0,0,125,10.7421
2.275,0,0,125,11.3129
2.3,0,0,125,11.8935
2.325,0,0,125,12.4837
2.35,0,0,125,13.0833
2.375,0,0,125,13.6922
2.4,0,0,125,14.31
2.425,0,0,125,14.9366
2.45,0,0,125,15.5717
2.475,0,0,125,16.215
2.5,0,0,125,16.866
2.525,0,0,125,17.5245
2.55,0,0,125,18.1901
2.575,0,0,125,18.8622
2.6,0,0,125,19.5403
2.625,0,0,125,20.224
2.65,0,0,125,20.9124
2.675,0,0,125,21.6051
2.7,0,0,125,22.3012
2.725,0,0,125,22.9999
2.75,0,0,125,23.7003
2.775,0,0,125,24.4014
2.8,0,0,125,25.1023
2.825,0,0,125,25.8016
2.85,0,0,125,26.4983
2.875,0,0,125,27.191
2.9,0,0,125,27.8782
2.925,0,0,125,28.5584
2.95,0,0,125,29.2301
2.975,0,0,125,29.8916
3,0,0,125,30.5412
3.025,0,0,125,31.1769
3.05,0,0,125,31.7971
3.075,0,0,125,32.3999
3.1,0,0,125,32.9833
3.125,0,0,125,33.5456
3.15,0,0,125,34.0851
3.175,0,0,125,34.6
3.2,0,0,125,35.0887
3.225,0,0,125,35.5498
3.25,0,0,125,35.982
3.275,0,0,125,36.3842
3.3,0,0,125,36.7552
3.325,0,0,125,37.0939
3.35,0,0,125,37.3993
3.375,0,0,125,37.6697
3.4,0,0,125,37.9028
3.425,0,0,125,38.095
3.45,0,0,125,38.2394
3.475,0,0,125,38.3244
3.5,0,0,125,38.3283
3.525,0,0,125,38.211
3.55,0,0,125,37.8947
3.575,0,0,125,37.2245
3.6,0,0,125,35.878
3.625,0,0,125,33.1595
3.65,0,0,125,27.5648
3.675,0,0,125,16.2948
3.7,0,0,125,-2.64403
3.725,0,0,125,-23.6401
3.75,0,0,125,-40.6927
3.775,0,0,125,-53.059
3.8,0,0,125,-61.6857
3.825,0,0,125,-67.6138
3.85,0,0,125,-71.6592
3.875,0,0,125,-74.4094
3.9,0,0,125,-76.2744
3.925,0,0,125,-77.5366
3.95,0,0,125,-78.3894
3.975,0,0,125,-78.9643
4,0,0,125,-79.3508
4.025,0,0,125,-79.6098
4.05,0,0,125,-79.7824
4.075,0,0,125,-79.8964
4.1,0,0,125,-79.971
4.125,0,0,125,-80.0187
4.15,0,0,125,-80.0485
4.175,0,0,125,-80.066
4.2,0,0,125,-80.0754
4.225,0,0,125,-80.0793
4.25,0,0,125,-80.0794
4.275,0,0,125,-80.0772
4.3,0,0,125,-80.0733
4.325,0,0,125,-80.0685
4.35,0,0,125,-80.063
4.375,0,0,125,-80.0571
4.4,0,0,125,-80.051
4.425,0,0,125,-80.0449
4.45,0,0,125,-80.0388
4.475,0,0,125,-80.0327
4.5,0,0,125,-80.0268
4.525,0,0,125,-80.021
4.55,0,0,125,-80.0153
4.575,0,0,125,-80.0099
4.6,0,0,125,-80.0046
4.625,0,0,125,-79.9996
4.65,0,0,125,-79.9948
4.675,0,0,125,-79.9902
4.7,0,0,125,-79.9859
4.725,0,0,125,-79.9818
4.75,0,0,125,-79.9779
4.775,0,0,125,-79.9744
4.8,0,0,125,-79.9711
4.825,0,0,125,-79.9682
4.85,0,0,125,-79.9655
4.875,0,0,125,-79.9632
4.9,0,0,125,-79.9612
4.925,0,0,125,-79.9597
4.95,0,0,125,-79.9584
4.975,0,0,125,-79.9576
5,0,0,125,-79.9572
