0,0,0,125,-19.8401
0.025,0,0,125,-19.8378
0.05,0,0,125,-19.8333
0.075,0,0,125,-19.8265
0.1,0,0,125,-19.8175
0.125,0,0,125,-19.8065
0.15,0,0,125,-19.7934
0.175,0,0,125,-19.7786
0.2,0,0,125,-19.7621
0.225,0,0,125,-19.7442
0.25,0,0,125,-19.725
0.275,0,0,125,-19.7046
0.3,0,0,125,-19.683
0.325,0,0,125,-19.6603
0.35,0,0,125,-19.6367
0.375,0,0,125,-19.6123
0.4,0,0,125,-19.5871
0.425,0,0,125,-19.5611
0.45,0,0,125,-19.5344
0.475,0,0,125,-19.5072
0.5,0,0,125,-19.4793
0.525,0,0,125,-19.451
0.55,0,0,125,-19.4222
0.575,0,0,125,-19.393
0.6,0,0,125,-19.3634
0.625,0,0,125,-19.3335
0.65,0,0,125,-19.3032
0.675,0,0,125,-19.2727
0.7,0,0,125,-19.2419
0.725,0,0,125,-19.2109
0.75,0,0,125,-19.1798
0.775,0,0,125,-19.1484
0.8,0,0,125,-19.1169
0.825,0,0,125,-19.0852
0.85,0,0,125,-19.0534
0.875,0,0,125,-19.0216
0.9,0,0,125,-18.9896
0.925,0,0,125,-18.9576
0.95,0,0,125,-18.9255
0.975,0,0,125,-18.8934
1,0,0,125,-18.8613
1.025,0,0,125,-18.8291
1.05,0,0,125,-18.7969
1.075,0,0,125,-18.7648
1.1,0,0,125,-18.7326
1.125,0,0,125,-18.7004
1.15,0,0,125,-18.6683
1.175,0,0,125,-18.6362
1.2,0,0,125,-18.6042
1.225,0,0,125,-18.5721
1.25,0,0,125,-18.5401
1.275,0,0,125,-18.5082
1.3,0,0,125,-18.4763
1.325,0,0,125,-18.4445
1.35,0,0,125,-18.4128
1.375,0,0,125,-18.3811
1.4,0,0,125,-18.3494
1.425,0,0,125,-18.3179
1.45,0,0,125,-18.2864
1.475,0,0,125,-18.255
1.5,0,0,125,-18.2237
1.525,0,0,125,-18.1924
1.55,0,0,125,-18.1612
1.575,0,0,125,-18.1301
1.6,0,0,125,-18.0991
1.625,0,0,125,-18.0682
1.65,0,0,125,-18.0374
1.675,0,0,125,-18.0066
1.7,0,0,125,-17.976
1.725,0,0,125,-17.9454
1.75,0,0,125,-17.9149
1.775,0,0,125,-17.8845
1.8,0,0,125,-17.8541
1.825,0,0,125,-17.8239
1.85,0,0,125,-17.7937
1.875,0,0,125,-17.7637
1.9,0,0,125,-17.7337
1.925,0,0,125,-17.7038
1.95,0,0,125,-17.674
1.975,0,0,125,-17.6443
2,0,0,125,-17.6147
2.025,0,0,125,-17.5851
2.05,0,0,125,-17.5557
2.075,0,0,125,-17.5263
2.1,0,0,125,-17.497
2.125,0,0,125,-17.4678
2.15,0,0,125,-17.4387
2.175,0,0,125,-17.4097
2.2,0,0,125,-17.3808
2.225,0,0,125,-17.3519
2.25,0,0,125,-17.3231
2.275,0,0,125,-17.2944
2.3,0,0,125,-17.2658
2.325,0,0,125,-17.2373
2.35,0,0,125,-17.2089
2.375,0,0,125,-17.1805
2.4,0,0,125,-17.1522
2.425,0,0,125,-17.124
2.45,0,0,125,-17.0959
2.475,0,0,125,-17.0678
2.5,0,0,125,-17.0399
2.525,0,0,125,-17.012
2.55,0,0,125,-16.9842
2.575,0,0,125,-16.9565
2.6,0,0,125,-16.9288
2.625,0,0,125,-16.9013
2.65,0,0,125,-16.8738
2.675,0,0,125,-16.8463
2.7,0,0,125,-16.819
2.725,0,0,125,-16.7917
2.75,0,0,125,-16.7645
2.775,0,0,125,-16.7373
2.8,0,0,125,-16.7103
2.825,0,0,125,-16.6833
2.85,0,0,125,-16.6563
2.875,0,0,125,-16.6295
2.9,0,0,125,-16.6027
2.925,0,0,125,-16.5759
2.95,0,0,125,-16.5493
2.975,0,0,125,-16.5227
3,0,0,125,-16.4962
3.025,0,0,125,-16.4697
3.05,0,0,125,-16.4434
3.075,0,0,125,-16.4171
3.1,0,0,125,-16.3908
3.125,0,0,125,-16.3646
3.15,0,0,125,-16.3385
3.175,0,0,125,-16.3125
3.2,0,0,125,-16.2865
3.225,0,0,125,-16.2606
3.25,0,0,125,-16.2347
3.275,0,0,125,-16.2089
3.3,0,0,125,-16.1831
3.325,0,0,125,-16.1575
3.35,0,0,125,-16.1318
3.375,0,0,125,-16.1063
3.4,0,0,125,-16.0808
3.425,0,0,125,-16.0553
3.45,0,0,125,-16.0299
3.475,0,0,125,-16.0046
3.5,0,0,125,-15.9793
3.525,0,0,125,-15.9541
3.55,0,0,125,-15.9289
3.575,0,0,125,-15.9039
3.6,0,0,125,-15.8788
3.625,0,0,125,-15.8538
3.65,0,0,125,-15.8289
3.675,0,0,125,-15.8041
3.7,0,0,125,-15.7793
3.725,0,0,125,-15.7545
3.75,0,0,125,-15.7298
3.775,0,0,125,-15.7052
3.8,0,0,125,-15.6806
3.825,0,0,125,-15.6561
3.85,0,0,125,-15.6317
3.875,0,0,125,-15.6073
3.9,0,0,125,-15.583
3.925,0,0,125,-15.5587
3.95,0,0,125,-15.5345
3.975,0,0,125,-15.5104
4,0,0,125,-15.4864
4.025,0,0,125,-15.4624
4.05,0,0,125,-15.4385
4.075,0,0,125,-15.4147
4.1,0,0,125,-15.391
4.125,0,0,125,-15.3674
4.15,0,0,125,-15.3438
4.175,0,0,125,-15.3204
4.2,0,0,125,-15.2971
4.225,0,0,125,-15.2739
4.25,0,0,125,-15.2508
4.275,0,0,125,-15.2278
4.3,0,0,125,-15.205
4.325,0,0,125,-15.1824
4.35,0,0,125,-15.1599
4.375,0,0,125,-15.1376
4.4,0,0,125,-15.1155
4.425,0,0,125,-15.0936
4.45,0,0,125,-15.072
4.475,0,0,125,-15.0507
4.5,0,0,125,-15.0296
4.525,0,0,125,-15.0089
4.55,0,0,125,-14.9885
4.575,0,0,125,-14.9685
4.6,0,0,125,-14.949
4.625,0,0,125,-14.93
4.65,0,0,125,-14.9114
4.675,0,0,125,-14.8935
4.7,0,0,125,-14.8763
4.725,0,0,125,-14.8597
4.75,0,0,125,-14.844
4.775,0,0,125,-14.8291
4.8,0,0,125,-14.8153
4.825,0,0,125,-14.8025
4.85,0,0,125,-14.791
4.875,0,0,125,-14.7807
4.9,0,0,125,-14.7719
4.925,0,0,125,-14.7647
4.95,0,0,125,-14.7592
4.975,0,0,125,-14.7554
5,0,0,125,-14.7535
