0,0,0,25,-7.70685
0.005,0,0,25,-7.70677
0.01,0,0,25,-7.7066
0.015,0,0,25,-7.70635
0.02,0,0,25,-7.70602
0.025,0,0,25,-7.70561
0.03,0,0,25,-7.70511
0.035,0,0,25,-7.70454
0.04,0,0,25,-7.7039
0.045,0,0,25,-7.70318
0.05,0,0,25,-7.70238
0.055,0,0,25,-7.70151
0.06,0,0,25,-7.70058
0.065,0,0,25,-7.69957
0.07,0,0,25,-7.6985
0.075,0,0,25,-7.69736
0.08,0,0,25,-7.69616
0.085,0,0,25,-7.69489
0.09,0,0,25,-7.69357
0.095,0,0,25,-7.69218
0.1,0,0,25,-7.69074
0.105,0,0,25,-7.68924
0.11,0,0,25,-7.68768
0.115,0,0,25,-7.68607
0.12,0,0,25,-7.68441
0.125,0,0,25,-7.6827
0.13,0,0,25,-7.68093
0.135,0,0,25,-7.67912
0.14,0,0,25,-7.67726
0.145,0,0,25,-7.67535
0.15,0,0,25,-7.67339
0.155,0,0,25,-7.6714
0.16,0,0,25,-7.66935
0.165,0,0,25,-7.66727
0.17,0,0,25,-7.66515
0.175,0,0,25,-7.66298
0.18,0,0,25,-7.66078
0.185,0,0,25,-7.65854
0.19,0,0,25,-7.65626
0.195,0,0,25,-7.65394
0.2,0,0,25,-7.65159
0.205,0,0,25,-7.64921
0.21,0,0,25,-7.64679
0.215,0,0,25,-7.64434
0.22,0,0,25,-7.64186
0.225,0,0,25,-7.63935
0.23,0,0,25,-7.6368
0.235,0,0,25,-7.63423
0.24,0,0,25,-7.63163
0.245,0,0,25,-7.629
0.25,0,0,25,-7.62635
0.255,0,0,25,-7.62366
0.26,0,0,25,-7.62096
0.265,0,0,25,-7.61822
0.27,0,0,25,-7.61547
0.275,0,0,25,-7.61269
0.28,0,0,25,-7.60988
0.285,0,0,25,-7.60706
0.29,0,0,25,-7.60421
0.295,0,0,25,-7.60134
0.3,0,0,25,-7.59845
0.305,0,0,25,-7.59554
0.31,0,0,25,-7.59261
0.315,0,0,25,-7.58967
0.32,0,0,25,-7.5867
0.325,0,0,25,-7.58372
0.33,0,0,25,-7.58071
0.335,0,0,25,-7.57769
0.34,0,0,25,-7.57466
0.345,0,0,25,-7.57161
0.35,0,0,25,-7.56854
0.355,0,0,25,-7.56546
0.36,0,0,25,-7.56236
0.365,0,0,25,-7.55925
0.37,0,0,25,-7.55613
0.375,0,0,25,-7.55299
0.38,0,0,25,-7.54984
0.385,0,0,25,-7.54668
0.39,0,0,25,-7.5435
0.395,0,0,25,-7.54031
0.4,0,0,25,-7.53711
0.405,0,0,25,-7.5339
0.41,0,0,25,-7.53068
0.415,0,0,25,-7.52745
0.42,0,0,25,-7.5242
0.425,0,0,25,-7.52095
0.43,0,0,25,-7.51769
0.435,0,0,25,-7.51441
0.44,0,0,25,-7.51113
0.445,0,0,25,-7.50784
0.45,0,0,25,-7.50455
0.455,0,0,25,-7.50124
0.46,0,0,25,-7.49792
0.465,0,0,25,-7.4946
0.47,0,0,25,-7.49127
0.475,0,0,25,-7.48793
0.48,0,0,25,-7.48459
0.485,0,0,25,-7.48124
0.49,0,0,25,-7.47788
0.495,0,0,25,-7.47451
0.5,0,0,25,-7.47114
0.505,0,0,25,-7.46777
0.51,0,0,25,-7.46438
0.515,0,0,25,-7.461
0.52,0,0,25,-7.4576
0.525,0,0,25,-7.4542
0.53,0,0,25,-7.4508
0.535,0,0,25,-7.44739
0.54,0,0,25,-7.44398
0.545,0,0,25,-7.44056
0.55,0,0,25,-7.43714
0.555,0,0,25,-7.43371
0.56,0,0,25,-7.43028
0.565,0,0,25,-7.42684
0.57,0,0,25,-7.42341
0.575,0,0,25,-7.41996
0.58,0,0,25,-7.41652
0.585,0,0,25,-7.41307
0.59,0,0,25,-7.40962
0.595,0,0,25,-7.40616
0.6,0,0,25,-7.4027
0.605,0,0,25,-7.39924
0.61,0,0,25,-7.39578
0.615,0,0,25,-7.39231
0.62,0,0,25,-7.38884
0.625,0,0,25,-7.38537
0.63,0,0,25,-7.38189
0.635,0,0,25,-7.37842
0.64,0,0,25,-7.37494
0.645,0,0,25,-7.37146
0.65,0,0,25,-7.36797
0.655,0,0,25,-7.36449
0.66,0,0,25,-7.361
0.665,0,0,25,-7.35751
0.67,0,0,25,-7.35402
0.675,0,0,25,-7.35053
0.68,0,0,25,-7.34704
0.685,0,0,25,-7.34354
0.69,0,0,25,-7.34005
0.695,0,0,25,-7.33655
0.7,0,0,25,-7.33305
0.705,0,0,25,-7.32955
0.71,0,0,25,-7.32605
0.715,0,0,25,-7.32255
0.72,0,0,25,-7.31904
0.725,0,0,25,-7.31554
0.73,0,0,25,-7.31203
0.735,0,0,25,-7.30853
0.74,0,0,25,-7.30502
0.745,0,0,25,-7.30152
0.75,0,0,25,-7.29801
0.755,0,0,25,-7.2945
0.76,0,0,25,-7.29099
0.765,0,0,25,-7.28748
0.77,0,0,25,-7.28397
0.775,0,0,25,-7.28046
0.78,0,0,25,-7.27695
0.785,0,0,25,-7.27344
0.79,0,0,25,-7.26993
0.795,0,0,25,-7.26641
0.8,0,0,25,-7.2629
0.805,0,0,25,-7.25939
0.81,0,0,25,-7.25588
0.815,0,0,25,-7.25236
0.82,0,0,25,-7.24885
0.825,0,0,25,-7.24534
0.83,0,0,25,-7.24182
0.835,0,0,25,-7.23831
0.84,0,0,25,-7.2348
0.845,0,0,25,-7.23128
0.85,0,0,25,-7.22777
0.855,0,0,25,-7.22426
0.86,0,0,25,-7.22074
0.865,0,0,25,-7.21723
0.87,0,0,25,-7.21372
0.875,0,0,25,-7.2102
0.88,0,0,25,-7.20669
0.885,0,0,25,-7.20318
0.89,0,0,25,-7.19966
0.895,0,0,25,-7.19615
0.9,0,0,25,-7.19264
0.905,0,0,25,-7.18913
0.91,0,0,25,-7.18562
0.915,0,0,25,-7.1821
0.92,0,0,25,-7.17859
0.925,0,0,25,-7.17508
0.93,0,0,25,-7.17157
0.935,0,0,25,-7.16806
0.94,0,0,25,-7.16455
0.945,0,0,25,-7.16104
0.95,0,0,25,-7.15753
0.955,0,0,25,-7.15402
0.96,0,0,25,-7.15051
0.965,0,0,25,-7.147
0.97,0,0,25,-7.14349
0.975,0,0,25,-7.13999
0.98,0,0,25,-7.13648
0.985,0,0,25,-7.13297
0.99,0,0,25,-7.12946
0.995,0,0,25,-7.12596
1,0,0,25,-7.12245
1.005,0,0,25,-7.11895
1.01,0,0,25,-7.11544
1.015,0,0,25,-7.11193
1.02,0,0,25,-7.10843
1.025,0,0,25,-7.10493
1.03,0,0,25,-7.10142
1.035,0,0,25,-7.09792
1.04,0,0,25,-7.09441
1.045,0,0,25,-7.09091
1.05,0,0,25,-7.08741
1.055,0,0,25,-7.08391
1.06,0,0,25,-7.08041
1.065,0,0,25,-7.0769
1.07,0,0,25,-7.0734
1.075,0,0,25,-7.0699
1.08,0,0,25,-7.0664
1.085,0,0,25,-7.0629
1.09,0,0,25,-7.0594
1.095,0,0,25,-7.05591
1.1,0,0,25,-7.05241
1.105,0,0,25,-7.04891
1.11,0,0,25,-7.04541
1.115,0,0,25,-7.04191
1.12,0,0,25,-7.03842
1.125,0,0,25,-7.03492
1.13,0,0,25,-7.03143
1.135,0,0,25,-7.02793
1.14,0,0,25,-7.02443
1.145,0,0,25,-7.02094
1.15,0,0,25,-7.01744
1.155,0,0,25,-7.01395
1.16,0,0,25,-7.01046
1.165,0,0,25,-7.00696
1.17,0,0,25,-7.00347
1.175,0,0,25,-6.99998
1.18,0,0,25,-6.99649
1.185,0,0,25,-6.99299
1.19,0,0,25,-6.9895
1.195,0,0,25,-6.98601
1.2,0,0,25,-6.98252
1.205,0,0,25,-6.97903
1.21,0,0,25,-6.97554
1.215,0,0,25,-6.97205
1.22,0,0,25,-6.96856
1.225,0,0,25,-6.96507
1.23,0,0,25,-6.96158
1.235,0,0,25,-6.95809
1.24,0,0,25,-6.9546
1.245,0,0,25,-6.95111
1.25,0,0,25,-6.94763
1.255,0,0,25,-6.94414
1.26,0,0,25,-6.94065
1.265,0,0,25,-6.93716
1.27,0,0,25,-6.93368
1.275,0,0,25,-6.93019
1.28,0,0,25,-6.9267
1.285,0,0,25,-6.92322
1.29,0,0,25,-6.91973
1.295,0,0,25,-6.91625
1.3,0,0,25,-6.91276
1.305,0,0,25,-6.90928
1.31,0,0,25,-6.90579
1.315,0,0,25,-6.90231
1.32,0,0,25,-6.89882
1.325,0,0,25,-6.89534
1.33,0,0,25,-6.89185
1.335,0,0,25,-6.88837
1.34,0,0,25,-6.88489
1.345,0,0,25,-6.8814
1.35,0,0,25,-6.87792
1.355,0,0,25,-6.87444
1.36,0,0,25,-6.87095
1.365,0,0,25,-6.86747
1.37,0,0,25,-6.86399
1.375,0,0,25,-6.86051
1.38,0,0,25,-6.85702
1.385,0,0,25,-6.85354
1.39,0,0,25,-6.85006
1.395,0,0,25,-6.84658
1.4,0,0,25,-6.8431
1.405,0,0,25,-6.83961
1.41,0,0,25,-6.83613
1.415,0,0,25,-6.83265
1.42,0,0,25,-6.82917
1.425,0,0,25,-6.82569
1.43,0,0,25,-6.82221
1.435,0,0,25,-6.81872
1.44,0,0,25,-6.81524
1.445,0,0,25,-6.81176
1.45,0,0,25,-6.80828
1.455,0,0,25,-6.8048
1.46,0,0,25,-6.80132
1.465,0,0,25,-6.79784
1.47,0,0,25,-6.79436
1.475,0,0,25,-6.79088
1.48,0,0,25,-6.78739
1.485,0,0,25,-6.78391
1.49,0,0,25,-6.78043
1.495,0,0,25,-6.77695
1.5,0,0,25,-6.77347
1.505,0,0,25,-6.76999
1.51,0,0,25,-6.76651
1.515,0,0,25,-6.76303
1.52,0,0,25,-6.75955
1.525,0,0,25,-6.75606
1.53,0,0,25,-6.75258
1.535,0,0,25,-6.7491
1.54,0,0,25,-6.74562
1.545,0,0,25,-6.74214
1.55,0,0,25,-6.73866
1.555,0,0,25,-6.73518
1.56,0,0,25,-6.73169
1.565,0,0,25,-6.72821
1.57,0,0,25,-6.72473
1.575,0,0,25,-6.72125
1.58,0,0,25,-6.71777
1.585,0,0,25,-6.71428
1.59,0,0,25,-6.7108
1.595,0,0,25,-6.70732
1.6,0,0,25,-6.70384
1.605,0,0,25,-6.70035
1.61,0,0,25,-6.69687
1.615,0,0,25,-6.69339
1.62,0,0,25,-6.6899
1.625,0,0,25,-6.68642
1.63,0,0,25,-6.68294
1.635,0,0,25,-6.67945
1.64,0,0,25,-6.67597
1.645,0,0,25,-6.67249
1.65,0,0,25,-6.669
1.655,0,0,25,-6.66552
1.66,0,0,25,-6.66203
1.665,0,0,25,-6.65855
1.67,0,0,25,-6.65506
1.675,0,0,25,-6.65157
1.68,0,0,25,-6.64809
1.685,0,0,25,-6.6446
1.69,0,0,25,-6.64112
1.695,0,0,25,-6.63763
1.7,0,0,25,-6.63414
1.705,0,0,25,-6.63066
1.71,0,0,25,-6.62717
1.715,0,0,25,-6.62368
1.72,0,0,25,-6.62019
1.725,0,0,25,-6.6167
1.73,0,0,25,-6.61322
1.735,0,0,25,-6.60973
1.74,0,0,25,-6.60624
1.745,0,0,25,-6.60275
1.75,0,0,25,-6.59926
1.755,0,0,25,-6.59577
1.76,0,0,25,-6.59228
1.765,0,0,25,-6.58879
1.77,0,0,25,-6.58529
1.775,0,0,25,-6.5818
1.78,0,0,25,-6.57831
1.785,0,0,25,-6.57482
1.79,0,0,25,-6.57133
1.795,0,0,25,-6.56783
1.8,0,0,25,-6.56434
1.805,0,0,25,-6.56084
1.81,0,0,25,-6.55735
1.815,0,0,25,-6.55386
1.82,0,0,25,-6.55036
1.825,0,0,25,-6.54686
1.83,0,0,25,-6.54337
1.835,0,0,25,-6.53987
1.84,0,0,25,-6.53637
1.845,0,0,25,-6.53288
1.85,0,0,25,-6.52938
1.855,0,0,25,-6.52588
1.86,0,0,25,-6.52238
1.865,0,0,25,-6.51888
1.87,0,0,25,-6.51538
1.875,0,0,25,-6.51188
1.88,0,0,25,-6.50838
1.885,0,0,25,-6.50488
1.89,0,0,25,-6.50138
1.895,0,0,25,-6.49788
1.9,0,0,25,-6.49437
1.905,0,0,25,-6.49087
1.91,0,0,25,-6.48737
1.915,0,0,25,-6.48386
1.92,0,0,25,-6.48036
1.925,0,0,25,-6.47685
1.93,0,0,25,-6.47334
1.935,0,0,25,-6.46984
1.94,0,0,25,-6.46633
1.945,0,0,25,-6.46282
1.95,0,0,25,-6.45931
1.955,0,0,25,-6.4558
1.96,0,0,25,-6.45229
1.965,0,0,25,-6.44878
1.97,0,0,25,-6.44527
1.975,0,0,25,-6.44176
1.98,0,0,25,-6.43825
1.985,0,0,25,-6.43474
1.99,0,0,25,-6.43122
1.995,0,0,25,-6.42771
2,0,0,25,-6.42419
2.005,0,0,25,-6.42068
2.01,0,0,25,-6.41716
2.015,0,0,25,-6.41365
2.02,0,0,25,-6.41013
2.025,0,0,25,-6.40661
2.03,0,0,25,-6.40309
2.035,0,0,25,-6.39957
2.04,0,0,25,-6.39605
2.045,0,0,25,-6.39253
2.05,0,0,25,-6.38901
2.055,0,0,25,-6.38549
2.06,0,0,25,-6.38196
2.065,0,0,25,-6.37844
2.07,0,0,25,-6.37491
2.075,0,0,25,-6.37139
2.08,0,0,25,-6.36786
2.085,0,0,25,-6.36434
2.09,0,0,25,-6.36081
2.095,0,0,25,-6.35728
2.1,0,0,25,-6.35375
2.105,0,0,25,-6.35022
2.11,0,0,25,-6.34669
2.115,0,0,25,-6.34316
2.12,0,0,25,-6.33962
2.125,0,0,25,-6.33609
2.13,0,0,25,-6.33256
2.135,0,0,25,-6.32902
2.14,0,0,25,-6.32548
2.145,0,0,25,-6.32195
2.15,0,0,25,-6.31841
2.155,0,0,25,-6.31487
2.16,0,0,25,-6.31133
2.165,0,0,25,-6.30779
2.17,0,0,25,-6.30425
2.175,0,0,25,-6.30071
2.18,0,0,25,-6.29717
2.185,0,0,25,-6.29362
2.19,0,0,25,-6.29008
2.195,0,0,25,-6.28653
2.2,0,0,25,-6.28298
2.205,0,0,25,-6.27944
2.21,0,0,25,-6.27589
2.215,0,0,25,-6.27234
2.22,0,0,25,-6.26879
2.225,0,0,25,-6.26524
2.23,0,0,25,-6.26168
2.235,0,0,25,-6.25813
2.24,0,0,25,-6.25458
2.245,0,0,25,-6.25102
2.25,0,0,25,-6.24746
2.255,0,0,25,-6.24391
2.26,0,0,25,-6.24035
2.265,0,0,25,-6.23679
2.27,0,0,25,-6.23323
2.275,0,0,25,-6.22967
2.28,0,0,25,-6.22611
2.285,0,0,25,-6.22254
2.29,0,0,25,-6.21898
2.295,0,0,25,-6.21541
2.3,0,0,25,-6.21184
2.305,0,0,25,-6.20828
2.31,0,0,25,-6.20471
2.315,0,0,25,-6.20114
2.32,0,0,25,-6.19757
2.325,0,0,25,-6.19399
2.33,0,0,25,-6.19042
2.335,0,0,25,-6.18684
2.34,0,0,25,-6.18327
2.345,0,0,25,-6.17969
2.35,0,0,25,-6.17611
2.355,0,0,25,-6.17253
2.36,0,0,25,-6.16895
2.365,0,0,25,-6.16537
2.37,0,0,25,-6.16179
2.375,0,0,25,-6.15821
2.38,0,0,25,-6.15462
2.385,0,0,25,-6.15103
2.39,0,0,25,-6.14745
2.395,0,0,25,-6.14386
2.4,0,0,25,-6.14027
2.405,0,0,25,-6.13668
2.41,0,0,25,-6.13308
2.415,0,0,25,-6.12949
2.42,0,0,25,-6.12589
2.425,0,0,25,-6.1223
2.43,0,0,25,-6.1187
2.435,0,0,25,-6.1151
2.44,0,0,25,-6.1115
2.445,0,0,25,-6.1079
2.45,0,0,25,-6.10429
2.455,0,0,25,-6.10069
2.46,0,0,25,-6.09708
2.465,0,0,25,-6.09348
2.47,0,0,25,-6.08987
2.475,0,0,25,-6.08626
2.48,0,0,25,-6.08265
2.485,0,0,25,-6.07904
2.49,0,0,25,-6.07542
2.495,0,0,25,-6.07181
2.5,0,0,25,-6.06819
2.505,0,0,25,-6.06457
2.51,0,0,25,-6.06095
2.515,0,0,25,-6.05733
2.52,0,0,25,-6.05371
2.525,0,0,25,-6.05009
2.53,0,0,25,-6.04646
2.535,0,0,25,-6.04283
2.54,0,0,25,-6.03921
2.545,0,0,25,-6.03558
2.55,0,0,25,-6.03195
2.555,0,0,25,-6.02831
2.56,0,0,25,-6.02468
2.565,0,0,25,-6.02104
2.57,0,0,25,-6.01741
2.575,0,0,25,-6.01377
2.58,0,0,25,-6.01013
2.585,0,0,25,-6.00649
2.59,0,0,25,-6.00284
2.595,0,0,25,-5.9992
2.6,0,0,25,-5.99555
2.605,0,0,25,-5.9919
2.61,0,0,25,-5.98825
2.615,0,0,25,-5.9846
2.62,0,0,25,-5.98095
2.625,0,0,25,-5.9773
2.63,0,0,25,-5.97364
2.635,0,0,25,-5.96998
2.64,0,0,25,-5.96632
2.645,0,0,25,-5.96266
2.65,0,0,25,-5.959
2.655,0,0,25,-5.95534
2.66,0,0,25,-5.95167
2.665,0,0,25,-5.948
2.67,0,0,25,-5.94433
2.675,0,0,25,-5.94066
2.68,0,0,25,-5.93699
2.685,0,0,25,-5.93331
2.69,0,0,25,-5.92964
2.695,0,0,25,-5.92596
2.7,0,0,25,-5.92228
2.705,0,0,25,-5.9186
2.71,0,0,25,-5.91492
2.715,0,0,25,-5.91123
2.72,0,0,25,-5.90755
2.725,0,0,25,-5.90386
2.73,0,0,25,-5.90017
2.735,0,0,25,-5.89647
2.74,0,0,25,-5.89278
2.745,0,0,25,-5.88909
2.75,0,0,25,-5.88539
2.755,0,0,25,-5.88169
2.76,0,0,25,-5.87799
2.765,0,0,25,-5.87429
2.77,0,0,25,-5.87058
2.775,0,0,25,-5.86687
2.78,0,0,25,-5.86317
2.785,0,0,25,-5.85945
2.79,0,0,25,-5.85574
2.795,0,0,25,-5.85203
2.8,0,0,25,-5.84831
2.805,0,0,25,-5.84459
2.81,0,0,25,-5.84087
2.815,0,0,25,-5.83715
2.82,0,0,25,-5.83343
2.825,0,0,25,-5.8297
2.83,0,0,25,-5.82598
2.835,0,0,25,-5.82225
2.84,0,0,25,-5.81851
2.845,0,0,25,-5.81478
2.85,0,0,25,-5.81105
2.855,0,0,25,-5.80731
2.86,0,0,25,-5.80357
2.865,0,0,25,-5.79983
2.87,0,0,25,-5.79608
2.875,0,0,25,-5.79234
2.88,0,0,25,-5.78859
2.885,0,0,25,-5.78484
2.89,0,0,25,-5.78109
2.895,0,0,25,-5.77734
2.9,0,0,25,-5.77358
2.905,0,0,25,-5.76982
2.91,0,0,25,-5.76606
2.915,0,0,25,-5.7623
2.92,0,0,25,-5.75854
2.925,0,0,25,-5.75477
2.93,0,0,25,-5.751
2.935,0,0,25,-5.74723
2.94,0,0,25,-5.74346
2.945,0,0,25,-5.73969
2.95,0,0,25,-5.73591
2.955,0,0,25,-5.73213
2.96,0,0,25,-5.72835
2.965,0,0,25,-5.72457
2.97,0,0,25,-5.72078
2.975,0,0,25,-5.71699
2.98,0,0,25,-5.7132
2.985,0,0,25,-5.70941
2.99,0,0,25,-5.70562
2.995,0,0,25,-5.70182
3,0,0,25,-5.69802
3.005,0,0,25,-5.69422
3.01,0,0,25,-5.69042
3.015,0,0,25,-5.68662
3.02,0,0,25,-5.68281
3.025,0,0,25,-5.679
3.03,0,0,25,-5.67519
3.035,0,0,25,-5.67137
3.04,0,0,25,-5.66756
3.045,0,0,25,-5.66374
3.05,0,0,25,-5.65992
3.055,0,0,25,-5.65609
3.06,0,0,25,-5.65227
3.065,0,0,25,-5.64844
3.07,0,0,25,-5.64461
3.075,0,0,25,-5.64078
3.08,0,0,25,-5.63695
3.085,0,0,25,-5.63311
3.09,0,0,25,-5.62927
3.095,0,0,25,-5.62543
3.1,0,0,25,-5.62159
3.105,0,0,25,-5.61774
3.11,0,0,25,-5.61389
3.115,0,0,25,-5.61004
3.12,0,0,25,-5.60619
3.125,0,0,25,-5.60233
3.13,0,0,25,-5.59848
3.135,0,0,25,-5.59462
3.14,0,0,25,-5.59075
3.145,0,0,25,-5.58689
3.15,0,0,25,-5.58302
3.155,0,0,25,-5.57915
3.16,0,0,25,-5.57528
3.165,0,0,25,-5.57141
3.17,0,0,25,-5.56753
3.175,0,0,25,-5.56365
3.18,0,0,25,-5.55977
3.185,0,0,25,-5.55589
3.19,0,0,25,-5.552
3.195,0,0,25,-5.54812
3.2,0,0,25,-5.54423
3.205,0,0,25,-5.54033
3.21,0,0,25,-5.53644
3.215,0,0,25,-5.53254
3.22,0,0,25,-5.52864
3.225,0,0,25,-5.52474
3.23,0,0,25,-5.52083
3.235,0,0,25,-5.51693
3.24,0,0,25,-5.51302
3.245,0,0,25,-5.50911
3.25,0,0,25,-5.50519
3.255,0,0,25,-5.50127
3.26,0,0,25,-5.49736
3.265,0,0,25,-5.49343
3.27,0,0,25,-5.48951
3.275,0,0,25,-5.48558
3.28,0,0,25,-5.48166
3.285,0,0,25,-5.47773
3.29,0,0,25,-5.47379
3.295,0,0,25,-5.46986
3.3,0,0,25,-5.46592
3.305,0,0,25,-5.46198
3.31,0,0,25,-5.45804
3.315,0,0,25,-5.45409
3.32,0,0,25,-5.45014
3.325,0,0,25,-5.44619
3.33,0,0,25,-5.44224
3.335,0,0,25,-5.43829
3.34,0,0,25,-5.43433
3.345,0,0,25,-5.43037
3.35,0,0,25,-5.42641
3.355,0,0,25,-5.42244
3.36,0,0,25,-5.41848
3.365,0,0,25,-5.41451
3.37,0,0,25,-5.41054
3.375,0,0,25,-5.40656
3.38,0,0,25,-5.40259
3.385,0,0,25,-5.39861
3.39,0,0,25,-5.39463
3.395,0,0,25,-5.39065
3.4,0,0,25,-5.38666
3.405,0,0,25,-5.38267
3.41,0,0,25,-5.37868
3.415,0,0,25,-5.37469
3.42,0,0,25,-5.3707
3.425,0,0,25,-5.3667
3.43,0,0,25,-5.3627
3.435,0,0,25,-5.3587
3.44,0,0,25,-5.3547
3.445,0,0,25,-5.35069
3.45,0,0,25,-5.34668
3.455,0,0,25,-5.34267
3.46,0,0,25,-5.33866
3.465,0,0,25,-5.33465
3.47,0,0,25,-5.33063
3.475,0,0,25,-5.32661
3.48,0,0,25,-5.32259
3.485,0,0,25,-5.31857
3.49,0,0,25,-5.31454
3.495,0,0,25,-5.31051
3.5,0,0,25,-5.30648
3.505,0,0,25,-5.30245
3.51,0,0,25,-5.29842
3.515,0,0,25,-5.29438
3.52,0,0,25,-5.29034
3.525,0,0,25,-5.2863
3.53,0,0,25,-5.28226
3.535,0,0,25,-5.27821
3.54,0,0,25,-5.27417
3.545,0,0,25,-5.27012
3.55,0,0,25,-5.26606
3.555,0,0,25,-5.26201
3.56,0,0,25,-5.25796
3.565,0,0,25,-5.2539
3.57,0,0,25,-5.24984
3.575,0,0,25,-5.24578
3.58,0,0,25,-5.24172
3.585,0,0,25,-5.23765
3.59,0,0,25,-5.23358
3.595,0,0,25,-5.22951
3.6,0,0,25,-5.22544
3.605,0,0,25,-5.22137
3.61,0,0,25,-5.2173
3.615,0,0,25,-5.21322
3.62,0,0,25,-5.20914
3.625,0,0,25,-5.20506
3.63,0,0,25,-5.20098
3.635,0,0,25,-5.1969
3.64,0,0,25,-5.19281
3.645,0,0,25,-5.18872
3.65,0,0,25,-5.18463
3.655,0,0,25,-5.18054
3.66,0,0,25,-5.17645
3.665,0,0,25,-5.17236
3.67,0,0,25,-5.16826
3.675,0,0,25,-5.16416
3.68,0,0,25,-5.16006
3.685,0,0,25,-5.15596
3.69,0,0,25,-5.15186
3.695,0,0,25,-5.14776
3.7,0,0,25,-5.14365
3.705,0,0,25,-5.13955
3.71,0,0,25,-5.13544
3.715,0,0,25,-5.13133
3.72,0,0,25,-5.12722
3.725,0,0,25,-5.12311
3.73,0,0,25,-5.11899
3.735,0,0,25,-5.11488
3.74,0,0,25,-5.11076
3.745,0,0,25,-5.10664
3.75,0,0,25,-5.10252
3.755,0,0,25,-5.0984
3.76,0,0,25,-5.09428
3.765,0,0,25,-5.09016
3.77,0,0,25,-5.08603
3.775,0,0,25,-5.08191
3.78,0,0,25,-5.07778
3.785,0,0,25,-5.07366
3.79,0,0,25,-5.06953
3.795,0,0,25,-5.0654
3.8,0,0,25,-5.06127
3.805,0,0,25,-5.05714
3.81,0,0,25,-5.053
3.815,0,0,25,-5.04887
3.82,0,0,25,-5.04474
3.825,0,0,25,-5.0406
3.83,0,0,25,-5.03647
3.835,0,0,25,-5.03233
3.84,0,0,25,-5.02819
3.845,0,0,25,-5.02405
3.85,0,0,25,-5.01992
3.855,0,0,25,-5.01578
3.86,0,0,25,-5.01164
3.865,0,0,25,-5.0075
3.87,0,0,25,-5.00336
3.875,0,0,25,-4.99921
3.88,0,0,25,-4.99507
3.885,0,0,25,-4.99093
3.89,0,0,25,-4.98679
3.895,0,0,25,-4.98264
3.9,0,0,25,-4.9785
3.905,0,0,25,-4.97436
3.91,0,0,25,-4.97021
3.915,0,0,25,-4.96607
3.92,0,0,25,-4.96192
3.925,0,0,25,-4.95778
3.93,0,0,25,-4.95364
3.935,0,0,25,-4.94949
3.94,0,0,25,-4.94535
3.945,0,0,25,-4.9412
3.95,0,0,25,-4.93706
3.955,0,0,25,-4.93291
3.96,0,0,25,-4.92877
3.965,0,0,25,-4.92463
3.97,0,0,25,-4.92048
3.975,0,0,25,-4.91634
3.98,0,0,25,-4.9122
3.985,0,0,25,-4.90806
3.99,0,0,25,-4.90391
3.995,0,0,25,-4.89977
4,0,0,25,-4.89563
4.005,0,0,25,-4.89149
4.01,0,0,25,-4.88735
4.015,0,0,25,-4.88321
4.02,0,0,25,-4.87908
4.025,0,0,25,-4.87494
4.03,0,0,25,-4.8708
4.035,0,0,25,-4.86667
4.04,0,0,25,-4.86253
4.045,0,0,25,-4.8584
4.05,0,0,25,-4.85427
4.055,0,0,25,-4.85014
4.06,0,0,25,-4.84601
4.065,0,0,25,-4.84188
4.07,0,0,25,-4.83775
4.075,0,0,25,-4.83363
4.08,0,0,25,-4.8295
4.085,0,0,25,-4.82538
4.09,0,0,25,-4.82126
4.095,0,0,25,-4.81714
4.1,0,0,25,-4.81302
4.105,0,0,25,-4.8089
4.11,0,0,25,-4.80479
4.115,0,0,25,-4.80068
4.12,0,0,25,-4.79657
4.125,0,0,25,-4.79246
4.13,0,0,25,-4.78835
4.135,0,0,25,-4.78425
4.14,0,0,25,-4.78015
4.145,0,0,25,-4.77605
4.15,0,0,25,-4.77195
4.155,0,0,25,-4.76785
4.16,0,0,25,-4.76376
4.165,0,0,25,-4.75967
4.17,0,0,25,-4.75558
4.175,0,0,25,-4.7515
4.18,0,0,25,-4.74742
4.185,0,0,25,-4.74334
4.19,0,0,25,-4.73926
4.195,0,0,25,-4.73519
4.2,0,0,25,-4.73112
4.205,0,0,25,-4.72705
4.21,0,0,25,-4.72299
4.215,0,0,25,-4.71893
4.22,0,0,25,-4.71488
4.225,0,0,25,-4.71082
4.23,0,0,25,-4.70677
4.235,0,0,25,-4.70273
4.24,0,0,25,-4.69869
4.245,0,0,25,-4.69465
4.25,0,0,25,-4.69061
4.255,0,0,25,-4.68659
4.26,0,0,25,-4.68256
4.265,0,0,25,-4.67854
4.27,0,0,25,-4.67452
4.275,0,0,25,-4.67051
4.28,0,0,25,-4.6665
4.285,0,0,25,-4.6625
4.29,0,0,25,-4.6585
4.295,0,0,25,-4.65451
4.3,0,0,25,-4.65052
4.305,0,0,25,-4.64654
4.31,0,0,25,-4.64256
4.315,0,0,25,-4.63859
4.32,0,0,25,-4.63462
4.325,0,0,25,-4.63066
4.33,0,0,25,-4.6267
4.335,0,0,25,-4.62275
4.34,0,0,25,-4.61881
4.345,0,0,25,-4.61487
4.35,0,0,25,-4.61094
4.355,0,0,25,-4.60701
4.36,0,0,25,-4.60309
4.365,0,0,25,-4.59918
4.37,0,0,25,-4.59528
4.375,0,0,25,-4.59138
4.38,0,0,25,-4.58749
4.385,0,0,25,-4.5836
4.39,0,0,25,-4.57973
4.395,0,0,25,-4.57586
4.4,0,0,25,-4.572
4.405,0,0,25,-4.56814
4.41,0,0,25,-4.5643
4.415,0,0,25,-4.56046
4.42,0,0,25,-4.55663
4.425,0,0,25,-4.55281
4.43,0,0,25,-4.54899
4.435,0,0,25,-4.54519
4.44,0,0,25,-4.5414
4.445,0,0,25,-4.53761
4.45,0,0,25,-4.53383
4.455,0,0,25,-4.53007
4.46,0,0,25,-4.52631
4.465,0,0,25,-4.52256
4.47,0,0,25,-4.51883
4.475,0,0,25,-4.5151
4.48,0,0,25,-4.51138
4.485,0,0,25,-4.50768
4.49,0,0,25,-4.50398
4.495,0,0,25,-4.5003
4.5,0,0,25,-4.49663
4.505,0,0,25,-4.49297
4.51,0,0,25,-4.48932
4.515,0,0,25,-4.48569
4.52,0,0,25,-4.48206
4.525,0,0,25,-4.47845
4.53,0,0,25,-4.47485
4.535,0,0,25,-4.47127
4.54,0,0,25,-4.4677
4.545,0,0,25,-4.46414
4.55,0,0,25,-4.46059
4.555,0,0,25,-4.45706
4.56,0,0,25,-4.45355
4.565,0,0,25,-4.45005
4.57,0,0,25,-4.44656
4.575,0,0,25,-4.44309
4.58,0,0,25,-4.43964
4.585,0,0,25,-4.4362
4.59,0,0,25,-4.43278
4.595,0,0,25,-4.42937
4.6,0,0,25,-4.42599
4.605,0,0,25,-4.42262
4.61,0,0,25,-4.41926
4.615,0,0,25,-4.41593
4.62,0,0,25,-4.41261
4.625,0,0,25,-4.40931
4.63,0,0,25,-4.40604
4.635,0,0,25,-4.40278
4.64,0,0,25,-4.39954
4.645,0,0,25,-4.39632
4.65,0,0,25,-4.39313
4.655,0,0,25,-4.38995
4.66,0,0,25,-4.3868
4.665,0,0,25,-4.38367
4.67,0,0,25,-4.38056
4.675,0,0,25,-4.37747
4.68,0,0,25,-4.37441
4.685,0,0,25,-4.37137
4.69,0,0,25,-4.36836
4.695,0,0,25,-4.36537
4.7,0,0,25,-4.36241
4.705,0,0,25,-4.35948
4.71,0,0,25,-4.35657
4.715,0,0,25,-4.35369
4.72,0,0,25,-4.35083
4.725,0,0,25,-4.34801
4.73,0,0,25,-4.34521
4.735,0,0,25,-4.34245
4.74,0,0,25,-4.33971
4.745,0,0,25,-4.33701
4.75,0,0,25,-4.33434
4.755,0,0,25,-4.3317
4.76,0,0,25,-4.32909
4.765,0,0,25,-4.32652
4.77,0,0,25,-4.32398
4.775,0,0,25,-4.32148
4.78,0,0,25,-4.31901
4.785,0,0,25,-4.31658
4.79,0,0,25,-4.31418
4.795,0,0,25,-4.31183
4.8,0,0,25,-4.30951
4.805,0,0,25,-4.30724
4.81,0,0,25,-4.305
4.815,0,0,25,-4.30281
4.82,0,0,25,-4.30065
4.825,0,0,25,-4.29855
4.83,0,0,25,-4.29648
4.835,0,0,25,-4.29446
4.84,0,0,25,-4.29249
4.845,0,0,25,-4.29056
4.85,0,0,25,-4.28868
4.855,0,0,25,-4.28685
4.86,0,0,25,-4.28507
4.865,0,0,25,-4.28334
4.87,0,0,25,-4.28166
4.875,0,0,25,-4.28003
4.88,0,0,25,-4.27846
4.885,0,0,25,-4.27694
4.89,0,0,25,-4.27547
4.895,0,0,25,-4.27406
4.9,0,0,25,-4.27271
4.905,0,0,25,-4.27141
4.91,0,0,25,-4.27018
4.915,0,0,25,-4.269
4.92,0,0,25,-4.26789
4.925,0,0,25,-4.26683
4.93,0,0,25,-4.26584
4.935,0,0,25,-4.26491
4.94,0,0,25,-4.26404
4.945,0,0,25,-4.26324
4.95,0,0,25,-4.2625
4.955,0,0,25,-4.26183
4.96,0,0,25,-4.26122
4.965,0,0,25,-4.26068
4.97,0,0,25,-4.2602
4.975,0,0,25,-4.2598
4.98,0,0,25,-4.25946
4.985,0,0,25,-4.25918
4.99,0,0,25,-4.25898
4.995,0,0,25,-4.25884
5,0,0,25,-4.25877
