0,0,0,125,-68.6547
0.025,0,0,125,-68.6528
0.05,0,0,125,-68.6488
0.075,0,0,125,-68.6429
0.1,0,0,125,-68.6351
0.125,0,0,125,-68.6253
0.15,0,0,125,-68.6137
0.175,0,0,125,-68.6002
0.2,0,0,125,-68.585
0.225,0,0,125,-68.568
0.25,0,0,125,-68.5493
0.275,0,0,125,-68.5289
0.3,0,0,125,-68.5068
0.325,0,0,125,-68.4831
0.35,0,0,125,-68.4578
0.375,0,0,125,-68.4309
0.4,0,0,125,-68.4024
0.425,0,0,125,-68.3724
0.45,0,0,125,-68.3408
0.475,0,0,125,-68.3078
0.5,0,0,125,-68.2732
0.525,0,0,125,-68.2371
0.55,0,0,125,-68.1996
0.575,0,0,125,-68.1606
0.6,0,0,125,-68.1201
0.625,0,0,125,-68.0782
0.65,0,0,125,-68.0349
0.675,0,0,125,-67.9902
0.7,0,0,125,-67.944
0.725,0,0,125,-67.8965
0.75,0,0,125,-67.8476
0.775,0,0,125,-67.7973
0.8,0,0,125,-67.7457
0.825,0,0,125,-67.6927
0.85,0,0,125,-67.6383
0.875,0,0,125,-67.5827
0.9,0,0,125,-67.5257
0.925,0,0,125,-67.4674
0.95,0,0,125,-67.4078
0.975,0,0,125,-67.347
1,0,0,125,-67.2848
1.025,0,0,125,-67.2214
1.05,0,0,125,-67.1567
1.075,0,0,125,-67.0907
1.1,0,0,125,-67.0235
1.125,0,0,125,-66.9551
1.15,0,0,125,-66.8855
1.175,0,0,125,-66.8146
1.2,0,0,125,-66.7425
1.225,0,0,125,-66.6693
1.25,0,0,125,-66.5949
1.275,0,0,125,-66.5192
1.3,0,0,125,-66.4425
1.325,0,0,125,-66.3646
1.35,0,0,125,-66.2855
1.375,0,0,125,-66.2053
1.4,0,0,125,-66.124
1.425,0,0,125,-66.0416
1.45,0,0,125,-65.9581
1.475,0,0,125,-65.8736
1.5,0,0,125,-65.788
1.525,0,0,125,-65.7013
1.55,0,0,125,-65.6135
1.575,0,0,125,-65.5248
1.6,0,0,125,-65.435
1.625,0,0,125,-65.3442
1.65,0,0,125,-65.2524
1.675,0,0,125,-65.1597
1.7,0,0,125,-65.0659
1.725,0,0,125,-64.9713
1.75,0,0,125,-64.8757
1.775,0,0,125,-64.7791
1.8,0,0,125,-64.6817
1.825,0,0,125,-64.5833
1.85,0,0,125,-64.4841
1.875,0,0,125,-64.384
1.9,0,0,125,-64.283
1.925,0,0,125,-64.1813
1.95,0,0,125,-64.0787
1.975,0,0,125,-63.9752
2,0,0,125,-63.871
2.025,0,0,125,-63.766
2.05,0,0,125,-63.6603
2.075,0,0,125,-63.5537
2.1,0,0,125,-63.4465
2.125,0,0,125,-63.3386
2.15,0,0,125,-63.2299
2.175,0,0,125,-63.1206
2.2,0,0,125,-63.0106
2.225,0,0,125,-62.8999
2.25,0,0,125,-62.7886
2.275,0,0,125,-62.6767
2.3,0,0,125,-62.5642
2.325,0,0,125,-62.4511
2.35,0,0,125,-62.3374
2.375,0,0,125,-62.2232
2.4,0,0,125,-62.1085
2.425,0,0,125,-61.9932
2.45,0,0,125,-61.8774
2.475,0,0,125,-61.7612
2.5,0,0,125,-61.6445
2.525,0,0,125,-61.5274
2.55,0,0,125,-61.4098
2.575,0,0,125,-61.2918
2.6,0,0,125,-61.1734
2.625,0,0,125,-61.0547
2.65,0,0,125,-60.9356
2.675,0,0,125,-60.8162
2.7,0,0,125,-60.6965
2.725,0,0,125,-60.5765
2.75,0,0,125,-60.4562
2.775,0,0,125,-60.3356
2.8,0,0,125,-60.2149
2.825,0,0,125,-60.0939
2.85,0,0,125,-59.9727
2.875,0,0,125,-59.8514
2.9,0,0,125,-59.7299
2.925,0,0,125,-59.6083
2.95,0,0,125,-59.4866
2.975,0,0,125,-59.3648
3,0,0,125,-59.243
3.025,0,0,125,-59.1211
3.05,0,0,125,-58.9992
3.075,0,0,125,-58.8773
3.1,0,0,125,-58.7555
3.125,0,0,125,-58.6338
3.15,0,0,125,-58.5121
3.175,0,0,125,-58.3905
3.2,0,0,125,-58.2691
3.225,0,0,125,-58.1479
3.25,0,0,125,-58.0268
3.275,0,0,125,-57.906
3.3,0,0,125,-57.7855
3.325,0,0,125,-57.6652
3.35,0,0,125,-57.5452
3.375,0,0,125,-57.4256
3.4,0,0,125,-57.3064
3.425,0,0,125,-57.1875
3.45,0,0,125,-57.0691
3.475,0,0,125,-56.9512
3.5,0,0,125,-56.8337
3.525,0,0,125,-56.7168
3.55,0,0,125,-56.6005
3.575,0,0,125,-56.4848
3.6,0,0,125,-56.3697
3.625,0,0,125,-56.2553
3.65,0,0,125,-56.1416
3.675,0,0,125,-56.0287
3.7,0,0,125,-55.9165
3.725,0,0,125,-55.8052
3.75,0,0,125,-55.6947
3.775,0,0,125,-55.5852
3.8,0,0,125,-55.4766
3.825,0,0,125,-55.3689
3.85,0,0,125,-55.2624
3.875,0,0,125,-55.1569
3.9,0,0,125,-55.0525
3.925,0,0,125,-54.9492
3.95,0,0,125,-54.8472
3.975,0,0,125,-54.7465
4,0,0,125,-54.647
4.025,0,0,125,-54.5489
4.05,0,0,125,-54.4522
4.075,0,0,125,-54.3569
4.1,0,0,125,-54.2631
4.125,0,0,125,-54.1709
4.15,0,0,125,-54.0802
4.175,0,0,125,-53.9912
4.2,0,0,125,-53.9038
4.225,0,0,125,-53.8182
4.25,0,0,125,-53.7344
4.275,0,0,125,-53.6524
4.3,0,0,125,-53.5723
4.325,0,0,125,-53.4941
4.35,0,0,125,-53.418
4.375,0,0,125,-53.3438
4.4,0,0,125,-53.2718
4.425,0,0,125,-53.202
4.45,0,0,125,-53.1344
4.475,0,0,125,-53.069
4.5,0,0,125,-53.0059
4.525,0,0,125,-52.9453
4.55,0,0,125,-52.887
4.575,0,0,125,-52.8313
4.6,0,0,125,-52.7781
4.625,0,0,125,-52.7275
4.65,0,0,125,-52.6796
4.675,0,0,125,-52.6344
4.7,0,0,125,-52.592
4.725,0,0,125,-52.5525
4.75,0,0,125,-52.5158
4.775,0,0,125,-52.4822
4.8,0,0,125,-52.4517
4.825,0,0,125,-52.4243
4.85,0,0,125,-52.4
4.875,0,0,125,-52.3791
4.9,0,0,125,-52.3615
4.925,0,0,125,-52.3473
4.95,0,0,125,-52.3366
4.975,0,0,125,-52.3295
5,0,0,125,-52.3259
