0,0,0,125,-16.2258
0.025,0,0,125,-16.2238
0.05,0,0,125,-16.2198
0.075,0,0,125,-16.2139
0.1,0,0,125,-16.206
0.125,0,0,125,-16.1963
0.15,0,0,125,-16.1849
0.175,0,0,125,-16.172
0.2,0,0,125,-16.1578
0.225,0,0,125,-16.1424
0.25,0,0,125,-16.1259
0.275,0,0,125,-16.1085
0.3,0,0,125,-16.0903
0.325,0,0,125,-16.0713
0.35,0,0,125,-16.0516
0.375,0,0,125,-16.0314
0.4,0,0,125,-16.0105
0.425,0,0,125,-15.9892
0.45,0,0,125,-15.9674
0.475,0,0,125,-15.9452
0.5,0,0,125,-15.9227
0.525,0,0,125,-15.8999
0.55,0,0,125,-15.8768
0.575,0,0,125,-15.8535
0.6,0,0,125,-15.83
0.625,0,0,125,-15.8063
0.65,0,0,125,-15.7824
0.675,0,0,125,-15.7584
0.7,0,0,125,-15.7342
0.725,0,0,125,-15.71
0.75,0,0,125,-15.6857
0.775,0,0,125,-15.6613
0.8,0,0,125,-15.6368
0.825,0,0,125,-15.6123
0.85,0,0,125,-15.5878
0.875,0,0,125,-15.5632
0.9,0,0,125,-15.5387
0.925,0,0,125,-15.5141
0.95,0,0,125,-15.4895
0.975,0,0,125,-15.4649
1,0,0,125,-15.4403
1.025,0,0,125,-15.4158
1.05,0,0,125,-15.3913
1.075,0,0,125,-15.3667
1.1,0,0,125,-15.3422
1.125,0,0,125,-15.3178
1.15,0,0,125,-15.2933
1.175,0,0,125,-15.2689
1.2,0,0,125,-15.2446
1.225,0,0,125,-15.2203
1.25,0,0,125,-15.196
1.275,0,0,125,-15.1717
1.3,0,0,125,-15.1475
1.325,0,0,125,-15.1234
1.35,0,0,125,-15.0992
1.375,0,0,125,-15.0752
1.4,0,0,125,-15.0511
1.425,0,0,125,-15.0271
1.45,0,0,125,-15.0032
1.475,0,0,125,-14.9793
1.5,0,0,125,-14.9555
1.525,0,0,125,-14.9317
1.55,0,0,125,-14.9079
1.575,0,0,125,-14.8842
1.6,0,0,125,-14.8606
1.625,0,0,125,-14.8369
1.65,0,0,125,-14.8134
1.675,0,0,125,-14.7899
1.7,0,0,125,-14.7664
1.725,0,0,125,-14.743
1.75,0,0,125,-14.7196
1.775,0,0,125,-14.6963
1.8,0,0,125,-14.673
1.825,0,0,125,-14.6498
1.85,0,0,125,-14.6266
1.875,0,0,125,-14.6034
1.9,0,0,125,-14.5803
1.925,0,0,125,-14.5573
1.95,0,0,125,-14.5342
1.975,0,0,125,-14.5113
2,0,0,125,-14.4883
2.025,0,0,125,-14.4655
2.05,0,0,125,-14.4426
2.075,0,0,125,-14.4198
2.1,0,0,125,-14.397
2.125,0,0,125,-14.3743
2.15,0,0,125,-14.3516
2.175,0,0,125,-14.329
2.2,0,0,125,-14.3064
2.225,0,0,125,-14.2838
2.25,0,0,125,-14.2613
2.275,0,0,125,-14.2389
2.3,0,0,125,-14.2164
2.325,0,0,125,-14.194
2.35,0,0,125,-14.1717
2.375,0,0,125,-14.1494
2.4,0,0,125,-14.1271
2.425,0,0,125,-14.1049
2.45,0,0,125,-14.0827
2.475,0,0,125,-14.0605
2.5,0,0,125,-14.0384
2.525,0,0,125,-14.0163
2.55,0,0,125,-13.9943
2.575,0,0,125,-13.9723
2.6,0,0,125,-13.9503
2.625,0,0,125,-13.9283
2.65,0,0,125,-13.9064
2.675,0,0,125,-13.8846
2.7,0,0,125,-13.8628
2.725,0,0,125,-13.841
2.75,0,0,125,-13.8192
2.775,0,0,125,-13.7975
2.8,0,0,125,-13.7758
2.825,0,0,125,-13.7541
2.85,0,0,125,-13.7325
2.875,0,0,125,-13.7109
2.9,0,0,125,-13.6894
2.925,0,0,125,-13.6678
2.95,0,0,125,-13.6464
2.975,0,0,125,-13.6249
3,0,0,125,-13.6035
3.025,0,0,125,-13.5821
3.05,0,0,125,-13.5607
3.075,0,0,125,-13.5394
3.1,0,0,125,-13.5181
3.125,0,0,125,-13.4969
3.15,0,0,125,-13.4756
3.175,0,0,125,-13.4544
3.2,0,0,125,-13.4332
3.225,0,0,125,-13.4121
3.25,0,0,125,-13.391
3.275,0,0,125,-13.3699
3.3,0,0,125,-13.3488
3.325,0,0,125,-13.3278
3.35,0,0,125,-13.3068
3.375,0,0,125,-13.2858
3.4,0,0,125,-13.2649
3.425,0,0,125,-13.244
3.45,0,0,125,-13.2231
3.475,0,0,125,-13.2022
3.5,0,0,125,-13.1814
3.525,0,0,125,-13.1606
3.55,0,0,125,-13.1398
3.575,0,0,125,-13.119
3.6,0,0,125,-13.0983
3.625,0,0,125,-13.0776
3.65,0,0,125,-13.0569
3.675,0,0,125,-13.0362
3.7,0,0,125,-13.0156
3.725,0,0,125,-12.9949
3.75,0,0,125,-12.9743
3.775,0,0,125,-12.9538
3.8,0,0,125,-12.9332
3.825,0,0,125,-12.9127
3.85,0,0,125,-12.8922
3.875,0,0,125,-12.8717
3.9,0,0,125,-12.8512
3.925,0,0,125,-12.8308
3.95,0,0,125,-12.8104
3.975,0,0,125,-12.79
4,0,0,125,-12.7696
4.025,0,0,125,-12.7493
4.05,0,0,125,-12.7291
4.075,0,0,125,-12.7088
4.1,0,0,125,-12.6886
4.125,0,0,125,-12.6684
4.15,0,0,125,-12.6483
4.175,0,0,125,-12.6282
4.2,0,0,125,-12.6082
4.225,0,0,125,-12.5882
4.25,0,0,125,-12.5683
4.275,0,0,125,-12.5485
4.3,0,0,125,-12.5287
4.325,0,0,125,-12.509
4.35,0,0,125,-12.4895
4.375,0,0,125,-12.47
4.4,0,0,125,-12.4507
4.425,0,0,125,-12.4315
4.45,0,0,125,-12.4125
4.475,0,0,125,-12.3937
4.5,0,0,125,-12.375
4.525,0,0,125,-12.3566
4.55,0,0,125,-12.3385
4.575,0,0,125,-12.3206
4.6,0,0,125,-12.3031
4.625,0,0,125,-12.286
4.65,0,0,125,-12.2693
4.675,0,0,125,-12.253
4.7,0,0,125,-12.2373
4.725,0,0,125,-12.2223
4.75,0,0,125,-12.2079
4.775,0,0,125,-12.1942
4.8,0,0,125,-12.1815
4.825,0,0,125,-12.1697
4.85,0,0,125,-12.1589
4.875,0,0,125,-12.1494
4.9,0,0,125,-12.1412
4.925,0,0,125,-12.1344
4.95,0,0,125,-12.1292
4.975,0,0,125,-12.1257
5,0,0,125,-12.1239
