0,0,0,125,-17.2588
0.025,0,0,125,-17.2567
0.05,0,0,125,-17.2526
0.075,0,0,125,-17.2465
0.1,0,0,125,-17.2384
0.125,0,0,125,-17.2283
0.15,0,0,125,-17.2165
0.175,0,0,125,-17.2031
0.2,0,0,125,-17.1884
0.225,0,0,125,-17.1724
0.25,0,0,125,-17.1553
0.275,0,0,125,-17.1371
0.3,0,0,125,-17.1181
0.325,0,0,125,-17.0982
0.35,0,0,125,-17.0776
0.375,0,0,125,-17.0563
0.4,0,0,125,-17.0344
0.425,0,0,125,-17.0119
0.45,0,0,125,-16.989
0.475,0,0,125,-16.9656
0.5,0,0,125,-16.9418
0.525,0,0,125,-16.9177
0.55,0,0,125,-16.8932
0.575,0,0,125,-16.8685
0.6,0,0,125,-16.8435
0.625,0,0,125,-16.8183
0.65,0,0,125,-16.7929
0.675,0,0,125,-16.7673
0.7,0,0,125,-16.7416
0.725,0,0,125,-16.7157
0.75,0,0,125,-16.6898
0.775,0,0,125,-16.6637
0.8,0,0,125,-16.6376
0.825,0,0,125,-16.6114
0.85,0,0,125,-16.5851
0.875,0,0,125,-16.5588
0.9,0,0,125,-16.5325
0.925,0,0,125,-16.5062
0.95,0,0,125,-16.4798
0.975,0,0,125,-16.4534
1,0,0,125,-16.4271
1.025,0,0,125,-16.4007
1.05,0,0,125,-16.3744
1.075,0,0,125,-16.3481
1.1,0,0,125,-16.3218
1.125,0,0,125,-16.2955
1.15,0,0,125,-16.2693
1.175,0,0,125,-16.243
1.2,0,0,125,-16.2169
1.225,0,0,125,-16.1907
1.25,0,0,125,-16.1646
1.275,0,0,125,-16.1386
1.3,0,0,125,-16.1126
1.325,0,0,125,-16.0866
1.35,0,0,125,-16.0607
1.375,0,0,125,-16.0349
1.4,0,0,125,-16.0091
1.425,0,0,125,-15.9833
1.45,0,0,125,-15.9576
1.475,0,0,125,-15.932
1.5,0,0,125,-15.9064
1.525,0,0,125,-15.8808
1.55,0,0,125,-15.8553
1.575,0,0,125,-15.8299
1.6,0,0,125,-15.8045
1.625,0,0,125,-15.7792
1.65,0,0,125,-15.7539
1.675,0,0,125,-15.7287
1.7,0,0,125,-15.7036
1.725,0,0,125,-15.6784
1.75,0,0,125,-15.6534
1.775,0,0,125,-15.6284
1.8,0,0,125,-15.6035
1.825,0,0,125,-15.5786
1.85,0,0,125,-15.5538
1.875,0,0,125,-15.529
1.9,0,0,125,-15.5043
1.925,0,0,125,-15.4796
1.95,0,0,125,-15.455
1.975,0,0,125,-15.4304
2,0,0,125,-15.4059
2.025,0,0,125,-15.3815
2.05,0,0,125,-15.3571
2.075,0,0,125,-15.3327
2.1,0,0,125,-15.3084
2.125,0,0,125,-15.2842
2.15,0,0,125,-15.26
2.175,0,0,125,-15.2359
2.2,0,0,125,-15.2118
2.225,0,0,125,-15.1877
2.25,0,0,125,-15.1638
2.275,0,0,125,-15.1398
2.3,0,0,125,-15.1159
2.325,0,0,125,-15.0921
2.35,0,0,125,-15.0683
2.375,0,0,125,-15.0445
2.4,0,0,125,-15.0208
2.425,0,0,125,-14.9972
2.45,0,0,125,-14.9736
2.475,0,0,125,-14.95
2.5,0,0,125,-14.9265
2.525,0,0,125,-14.903
2.55,0,0,125,-14.8796
2.575,0,0,125,-14.8562
2.6,0,0,125,-14.8329
2.625,0,0,125,-14.8096
2.65,0,0,125,-14.7864
2.675,0,0,125,-14.7632
2.7,0,0,125,-14.7401
2.725,0,0,125,-14.717
2.75,0,0,125,-14.6939
2.775,0,0,125,-14.6709
2.8,0,0,125,-14.6479
2.825,0,0,125,-14.625
2.85,0,0,125,-14.6021
2.875,0,0,125,-14.5792
2.9,0,0,125,-14.5564
2.925,0,0,125,-14.5336
2.95,0,0,125,-14.5109
2.975,0,0,125,-14.4882
3,0,0,125,-14.4656
3.025,0,0,125,-14.4429
3.05,0,0,125,-14.4204
3.075,0,0,125,-14.3979
3.1,0,0,125,-14.3754
3.125,0,0,125,-14.3529
3.15,0,0,125,-14.3305
3.175,0,0,125,-14.3081
3.2,0,0,125,-14.2858
3.225,0,0,125,-14.2635
3.25,0,0,125,-14.2412
3.275,0,0,125,-14.219
3.3,0,0,125,-14.1968
3.325,0,0,125,-14.1746
3.35,0,0,125,-14.1525
3.375,0,0,125,-14.1304
3.4,0,0,125,-14.1083
3.425,0,0,125,-14.0863
3.45,0,0,125,-14.0643
3.475,0,0,125,-14.0424
3.5,0,0,125,-14.0205
3.525,0,0,125,-13.9986
3.55,0,0,125,-13.9767
3.575,0,0,125,-13.9549
3.6,0,0,125,-13.9331
3.625,0,0,125,-13.9114
3.65,0,0,125,-13.8896
3.675,0,0,125,-13.8679
3.7,0,0,125,-13.8463
3.725,0,0,125,-13.8246
3.75,0,0,125,-13.803
3.775,0,0,125,-13.7814
3.8,0,0,125,-13.7599
3.825,0,0,125,-13.7384
3.85,0,0,125,-13.7169
3.875,0,0,125,-13.6955
3.9,0,0,125,-13.6741
3.925,0,0,125,-13.6527
3.95,0,0,125,-13.6313
3.975,0,0,125,-13.61
4,0,0,125,-13.5888
4.025,0,0,125,-13.5676
4.05,0,0,125,-13.5464
4.075,0,0,125,-13.5252
4.1,0,0,125,-13.5042
4.125,0,0,125,-13.4831
4.15,0,0,125,-13.4621
4.175,0,0,125,-13.4412
4.2,0,0,125,-13.4204
4.225,0,0,125,-13.3996
4.25,0,0,125,-13.3789
4.275,0,0,125,-13.3583
4.3,0,0,125,-13.3377
4.325,0,0,125,-13.3173
4.35,0,0,125,-13.297
4.375,0,0,125,-13.2768
4.4,0,0,125,-13.2568
4.425,0,0,125,-13.2369
4.45,0,0,125,-13.2173
4.475,0,0,125,-13.1978
4.5,0,0,125,-13.1785
4.525,0,0,125,-13.1595
4.55,0,0,125,-13.1408
4.575,0,0,125,-13.1224
4.6,0,0,125,-13.1044
4.625,0,0,125,-13.0868
4.65,0,0,125,-13.0696
4.675,0,0,125,-13.0529
4.7,0,0,125,-13.0369
4.725,0,0,125,-13.0214
4.75,0,0,125,-13.0067
4.775,0,0,125,-12.9927
4.8,0,0,125,-12.9797
4.825,0,0,125,-12.9676
4.85,0,0,125,-12.9567
4.875,0,0,125,-12.947
4.9,0,0,125,-12.9386
4.925,0,0,125,-12.9317
4.95,0,0,125,-12.9264
4.975,0,0,125,-12.9229
5,0,0,125,-12.9211
