0,0,0,125,-57.7089
0.025,0,0,125,-57.7051
0.05,0,0,125,-57.6977
0.075,0,0,125,-57.6865
0.1,0,0,125,-57.6717
0.125,0,0,125,-57.6533
0.15,0,0,125,-57.6313
0.175,0,0,125,-57.6061
0.2,0,0,125,-57.5777
0.225,0,0,125,-57.5462
0.25,0,0,125,-57.5118
0.275,0,0,125,-57.4745
0.3,0,0,125,-57.4344
0.325,0,0,125,-57.3917
0.35,0,0,125,-57.3464
0.375,0,0,125,-57.2985
0.4,0,0,125,-57.2482
0.425,0,0,125,-57.1955
0.45,0,0,125,-57.1405
0.475,0,0,125,-57.0832
0.5,0,0,125,-57.0237
0.525,0,0,125,-56.962
0.55,0,0,125,-56.8983
0.575,0,0,125,-56.8325
0.6,0,0,125,-56.7647
0.625,0,0,125,-56.6949
0.65,0,0,125,-56.6232
0.675,0,0,125,-56.5497
0.7,0,0,125,-56.4744
0.725,0,0,125,-56.3972
0.75,0,0,125,-56.3184
0.775,0,0,125,-56.2378
0.8,0,0,125,-56.1556
0.825,0,0,125,-56.0718
0.85,0,0,125,-55.9864
0.875,0,0,125,-55.8994
0.9,0,0,125,-55.811
0.925,0,0,125,-55.721
0.95,0,0,125,-55.6296
0.975,0,0,125,-55.5368
1,0,0,125,-55.4427
1.025,0,0,125,-55.3472
1.05,0,0,125,-55.2504
1.075,0,0,125,-55.1523
1.1,0,0,125,-55.053
1.125,0,0,125,-54.9525
1.15,0,0,125,-54.8508
1.175,0,0,125,-54.7479
1.2,0,0,125,-54.644
1.225,0,0,125,-54.5389
1.25,0,0,125,-54.4328
1.275,0,0,125,-54.3257
1.3,0,0,125,-54.2176
1.325,0,0,125,-54.1085
1.35,0,0,125,-53.9985
1.375,0,0,125,-53.8876
1.4,0,0,125,-53.7758
1.425,0,0,125,-53.6631
1.45,0,0,125,-53.5496
1.475,0,0,125,-53.4353
1.5,0,0,125,-53.3203
1.525,0,0,125,-53.2045
1.55,0,0,125,-53.0879
1.575,0,0,125,-52.9707
1.6,0,0,125,-52.8528
1.625,0,0,125,-52.7342
1.65,0,0,125,-52.615
1.675,0,0,125,-52.4952
1.7,0,0,125,-52.3748
1.725,0,0,125,-52.2538
1.75,0,0,125,-52.1323
1.775,0,0,125,-52.0103
1.8,0,0,125,-51.8878
1.825,0,0,125,-51.7647
1.85,0,0,125,-51.6412
1.875,0,0,125,-51.5173
1.9,0,0,125,-51.3929
1.925,0,0,125,-51.2681
1.95,0,0,125,-51.1429
1.975,0,0,125,-51.0173
2,0,0,125,-50.8914
2.025,0,0,125,-50.7651
2.05,0,0,125,-50.6384
2.075,0,0,125,-50.5115
2.1,0,0,125,-50.3842
2.125,0,0,125,-50.2566
2.15,0,0,125,-50.1287
2.175,0,0,125,-50.0005
2.2,0,0,125,-49.8721
2.225,0,0,125,-49.7434
2.25,0,0,125,-49.6145
2.275,0,0,125,-49.4853
2.3,0,0,125,-49.3558
2.325,0,0,125,-49.2262
2.35,0,0,125,-49.0963
2.375,0,0,125,-48.9662
2.4,0,0,125,-48.8359
2.425,0,0,125,-48.7054
2.45,0,0,125,-48.5748
2.475,0,0,125,-48.4439
2.5,0,0,125,-48.3128
2.525,0,0,125,-48.1816
2.55,0,0,125,-48.0501
2.575,0,0,125,-47.9185
2.6,0,0,125,-47.7868
2.625,0,0,125,-47.6548
2.65,0,0,125,-47.5227
2.675,0,0,125,-47.3904
2.7,0,0,125,-47.258
2.725,0,0,125,-47.1254
2.75,0,0,125,-46.9926
2.775,0,0,125,-46.8596
2.8,0,0,125,-46.7265
2.825,0,0,125,-46.5933
2.85,0,0,125,-46.4599
2.875,0,0,125,-46.3263
2.9,0,0,125,-46.1926
2.925,0,0,125,-46.0588
2.95,0,0,125,-45.9248
2.975,0,0,125,-45.7906
3,0,0,125,-45.6563
3.025,0,0,125,-45.5218
3.05,0,0,125,-45.3872
3.075,0,0,125,-45.2524
3.1,0,0,125,-45.1175
3.125,0,0,125,-44.9825
3.15,0,0,125,-44.8473
3.175,0,0,125,-44.712
3.2,0,0,125,-44.5765
3.225,0,0,125,-44.441
3.25,0,0,125,-44.3053
3.275,0,0,125,-44.1695
3.3,0,0,125,-44.0337
3.325,0,0,125,-43.8977
3.35,0,0,125,-43.7617
3.375,0,0,125,-43.6255
3.4,0,0,125,-43.4894
3.425,0,0,125,-43.3532
3.45,0,0,125,-43.2169
3.475,0,0,125,-43.0807
3.5,0,0,125,-42.9444
3.525,0,0,125,-42.8082
3.55,0,0,125,-42.672
3.575,0,0,125,-42.5359
3.6,0,0,125,-42.3999
3.625,0,0,125,-42.264
3.65,0,0,125,-42.1282
3.675,0,0,125,-41.9926
3.7,0,0,125,-41.8572
3.725,0,0,125,-41.7221
3.75,0,0,125,-41.5872
3.775,0,0,125,-41.4526
3.8,0,0,125,-41.3183
3.825,0,0,125,-41.1845
3.85,0,0,125,-41.0511
3.875,0,0,125,-40.9181
3.9,0,0,125,-40.7857
3.925,0,0,125,-40.6539
3.95,0,0,125,-40.5227
3.975,0,0,125,-40.3922
4,0,0,125,-40.2624
4.025,0,0,125,-40.1335
4.05,0,0,125,-40.0054
4.075,0,0,125,-39.8783
4.1,0,0,125,-39.7522
4.125,0,0,125,-39.6272
4.15,0,0,125,-39.5034
4.175,0,0,125,-39.3809
4.2,0,0,125,-39.2597
4.225,0,0,125,-39.1399
4.25,0,0,125,-39.0217
4.275,0,0,125,-38.9051
4.3,0,0,125,-38.7903
4.325,0,0,125,-38.6773
4.35,0,0,125,-38.5662
4.375,0,0,125,-38.4572
4.4,0,0,125,-38.3504
4.425,0,0,125,-38.2459
4.45,0,0,125,-38.1438
4.475,0,0,125,-38.0443
4.5,0,0,125,-37.9474
4.525,0,0,125,-37.8534
4.55,0,0,125,-37.7624
4.575,0,0,125,-37.6745
4.6,0,0,125,-37.5898
4.625,0,0,125,-37.5086
4.65,0,0,125,-37.4311
4.675,0,0,125,-37.3573
4.7,0,0,125,-37.2874
4.725,0,0,125,-37.2217
4.75,0,0,125,-37.1604
4.775,0,0,125,-37.1036
4.8,0,0,125,-37.0515
4.825,0,0,125,-37.0044
4.85,0,0,125,-36.9625
4.875,0,0,125,-36.926
4.9,0,0,125,-36.8952
4.925,0,0,125,-36.8702
4.95,0,0,125,-36.8512
4.975,0,0,125,-36.8385
5,0,0,125,-36.8321
