0,0,0,125,-31.8575
0.025,0,0,125,-31.8522
0.05,0,0,125,-31.8415
0.075,0,0,125,-31.8256
0.1,0,0,125,-31.8044
0.125,0,0,125,-31.7783
0.15,0,0,125,-31.7472
0.175,0,0,125,-31.7118
0.2,0,0,125,-31.6721
0.225,0,0,125,-31.6286
0.25,0,0,125,-31.5813
0.275,0,0,125,-31.5306
0.3,0,0,125,-31.4767
0.325,0,0,125,-31.4196
0.35,0,0,125,-31.3598
0.375,0,0,125,-31.2972
0.4,0,0,125,-31.2321
0.425,0,0,125,-31.1647
0.45,0,0,125,-31.0951
0.475,0,0,125,-31.0235
0.5,0,0,125,-30.95
0.525,0,0,125,-30.8747
0.55,0,0,125,-30.7978
0.575,0,0,125,-30.7194
0.6,0,0,125,-30.6397
0.625,0,0,125,-30.5587
0.65,0,0,125,-30.4766
0.675,0,0,125,-30.3934
0.7,0,0,125,-30.3094
0.725,0,0,125,-30.2245
0.75,0,0,125,-30.1389
0.775,0,0,125,-30.0527
0.8,0,0,125,-29.9659
0.825,0,0,125,-29.8787
0.85,0,0,125,-29.7911
0.875,0,0,125,-29.7032
0.9,0,0,125,-29.6151
0.925,0,0,125,-29.5268
0.95,0,0,125,-29.4385
0.975,0,0,125,-29.35
1,0,0,125,-29.2617
1.025,0,0,125,-29.1734
1.05,0,0,125,-29.0852
1.075,0,0,125,-28.9972
1.1,0,0,125,-28.9095
1.125,0,0,125,-28.822
1.15,0,0,125,-28.7349
1.175,0,0,125,-28.6481
1.2,0,0,125,-28.5616
1.225,0,0,125,-28.4757
1.25,0,0,125,-28.3901
1.275,0,0,125,-28.3051
1.3,0,0,125,-28.2205
1.325,0,0,125,-28.1365
1.35,0,0,125,-28.053
1.375,0,0,125,-27.9701
1.4,0,0,125,-27.8878
1.425,0,0,125,-27.8061
1.45,0,0,125,-27.725
1.475,0,0,125,-27.6446
1.5,0,0,125,-27.5648
1.525,0,0,125,-27.4856
1.55,0,0,125,-27.4071
1.575,0,0,125,-27.3292
1.6,0,0,125,-27.252
1.625,0,0,125,-27.1755
1.65,0,0,125,-27.0996
1.675,0,0,125,-27.0244
1.7,0,0,125,-26.9499
1.725,0,0,125,-26.8761
1.75,0,0,125,-26.8029
1.775,0,0,125,-26.7303
1.8,0,0,125,-26.6585
1.825,0,0,125,-26.5872
1.85,0,0,125,-26.5167
1.875,0,0,125,-26.4467
1.9,0,0,125,-26.3774
1.925,0,0,125,-26.3087
1.95,0,0,125,-26.2407
1.975,0,0,125,-26.1732
2,0,0,125,-26.1063
2.025,0,0,125,-26.0401
2.05,0,0,125,-25.9743
2.075,0,0,125,-25.9092
2.1,0,0,125,-25.8446
2.125,0,0,125,-25.7806
2.15,0,0,125,-25.7171
2.175,0,0,125,-25.6541
2.2,0,0,125,-25.5917
2.225,0,0,125,-25.5297
2.25,0,0,125,-25.4683
2.275,0,0,125,-25.4073
2.3,0,0,125,-25.3467
2.325,0,0,125,-25.2867
2.35,0,0,125,-25.227
2.375,0,0,125,-25.1678
2.4,0,0,125,-25.109
2.425,0,0,125,-25.0507
2.45,0,0,125,-24.9927
2.475,0,0,125,-24.9351
2.5,0,0,125,-24.8779
2.525,0,0,125,-24.821
2.55,0,0,125,-24.7645
2.575,0,0,125,-24.7083
2.6,0,0,125,-24.6525
2.625,0,0,125,-24.5969
2.65,0,0,125,-24.5417
2.675,0,0,125,-24.4868
2.7,0,0,125,-24.4321
2.725,0,0,125,-24.3777
2.75,0,0,125,-24.3236
2.775,0,0,125,-24.2697
2.8,0,0,125,-24.2161
2.825,0,0,125,-24.1627
2.85,0,0,125,-24.1095
2.875,0,0,125,-24.0565
2.9,0,0,125,-24.0037
2.925,0,0,125,-23.9511
2.95,0,0,125,-23.8986
2.975,0,0,125,-23.8464
3,0,0,125,-23.7943
3.025,0,0,125,-23.7423
3.05,0,0,125,-23.6905
3.075,0,0,125,-23.6387
3.1,0,0,125,-23.5872
3.125,0,0,125,-23.5357
3.15,0,0,125,-23.4843
3.175,0,0,125,-23.433
3.2,0,0,125,-23.3818
3.225,0,0,125,-23.3306
3.25,0,0,125,-23.2796
3.275,0,0,125,-23.2285
3.3,0,0,125,-23.1775
3.325,0,0,125,-23.1266
3.35,0,0,125,-23.0757
3.375,0,0,125,-23.0248
3.4,0,0,125,-22.9739
3.425,0,0,125,-22.9231
3.45,0,0,125,-22.8722
3.475,0,0,125,-22.8213
3.5,0,0,125,-22.7705
3.525,0,0,125,-22.7196
3.55,0,0,125,-22.6687
3.575,0,0,125,-22.6178
3.6,0,0,125,-22.5668
3.625,0,0,125,-22.5158
3.65,0,0,125,-22.4648
3.675,0,0,125,-22.4137
3.7,0,0,125,-22.3626
3.725,0,0,125,-22.3115
3.75,0,0,125,-22.2602
3.775,0,0,125,-22.209
3.8,0,0,125,-22.1577
3.825,0,0,125,-22.1063
3.85,0,0,125,-22.0549
3.875,0,0,125,-22.0034
3.9,0,0,125,-21.9519
3.925,0,0,125,-21.9003
3.95,0,0,125,-21.8487
3.975,0,0,125,-21.7971
4,0,0,125,-21.7454
4.025,0,0,125,-21.6938
4.05,0,0,125,-21.6421
4.075,0,0,125,-21.5904
4.1,0,0,125,-21.5388
4.125,0,0,125,-21.4872
4.15,0,0,125,-21.4356
4.175,0,0,125,-21.3841
4.2,0,0,125,-21.3328
4.225,0,0,125,-21.2815
4.25,0,0,125,-21.2304
4.275,0,0,125,-21.1795
4.3,0,0,125,-21.1288
4.325,0,0,125,-21.0783
4.35,0,0,125,-21.0282
4.375,0,0,125,-20.9784
4.4,0,0,125,-20.9289
4.425,0,0,125,-20.88
4.45,0,0,125,-20.8315
4.475,0,0,125,-20.7836
4.5,0,0,125,-20.7364
4.525,0,0,125,-20.6898
4.55,0,0,125,-20.6441
4.575,0,0,125,-20.5993
4.6,0,0,125,-20.5555
4.625,0,0,125,-20.5129
4.65,0,0,125,-20.4714
4.675,0,0,125,-20.4314
4.7,0,0,125,-20.3929
4.725,0,0,125,-20.3561
4.75,0,0,125,-20.3211
4.775,0,0,125,-20.2882
4.8,0,0,125,-20.2575
4.825,0,0,125,-20.2294
4.85,0,0,125,-20.2039
4.875,0,0,125,-20.1814
4.9,0,0,125,-20.1621
4.925,0,0,125,-20.1463
4.95,0,0,125,-20.1342
4.975,0,0,125,-20.126
5,0,0,125,-20.1219
