0,0,0,125,-42.7551
0.025,0,0,125,-42.7498
0.05,0,0,125,-42.7391
0.075,0,0,125,-42.7232
0.1,0,0,125,-42.702
0.125,0,0,125,-42.6758
0.15,0,0,125,-42.6445
0.175,0,0,125,-42.6087
0.2,0,0,125,-42.5683
0.225,0,0,125,-42.5237
0.25,0,0,125,-42.4751
0.275,0,0,125,-42.4225
0.3,0,0,125,-42.3661
0.325,0,0,125,-42.3062
0.35,0,0,125,-42.2428
0.375,0,0,125,-42.1761
0.4,0,0,125,-42.1061
0.425,0,0,125,-42.0332
0.45,0,0,125,-41.9572
0.475,0,0,125,-41.8785
0.5,0,0,125,-41.797
0.525,0,0,125,-41.7129
0.55,0,0,125,-41.6263
0.575,0,0,125,-41.5374
0.6,0,0,125,-41.4461
0.625,0,0,125,-41.3527
0.65,0,0,125,-41.2571
0.675,0,0,125,-41.1596
0.7,0,0,125,-41.0602
0.725,0,0,125,-40.9589
0.75,0,0,125,-40.8559
0.775,0,0,125,-40.7513
0.8,0,0,125,-40.6451
0.825,0,0,125,-40.5374
0.85,0,0,125,-40.4284
0.875,0,0,125,-40.318
0.9,0,0,125,-40.2064
0.925,0,0,125,-40.0936
0.95,0,0,125,-39.9798
0.975,0,0,125,-39.865
1,0,0,125,-39.7492
1.025,0,0,125,-39.6325
1.05,0,0,125,-39.5151
1.075,0,0,125,-39.397
1.1,0,0,125,-39.2781
1.125,0,0,125,-39.1587
1.15,0,0,125,-39.0387
1.175,0,0,125,-38.9183
1.2,0,0,125,-38.7975
1.225,0,0,125,-38.6763
1.25,0,0,125,-38.5548
1.275,0,0,125,-38.433
1.3,0,0,125,-38.3111
1.325,0,0,125,-38.189
1.35,0,0,125,-38.0668
1.375,0,0,125,-37.9446
1.4,0,0,125,-37.8224
1.425,0,0,125,-37.7002
1.45,0,0,125,-37.5781
1.475,0,0,125,-37.4561
1.5,0,0,125,-37.3343
1.525,0,0,125,-37.2128
1.55,0,0,125,-37.0914
1.575,0,0,125,-36.9703
1.6,0,0,125,-36.8496
1.625,0,0,125,-36.7291
1.65,0,0,125,-36.6091
1.675,0,0,125,-36.4894
1.7,0,0,125,-36.3702
1.725,0,0,125,-36.2514
1.75,0,0,125,-36.1331
1.775,0,0,125,-36.0152
1.8,0,0,125,-35.8979
1.825,0,0,125,-35.7811
1.85,0,0,125,-35.6648
1.875,0,0,125,-35.5491
1.9,0,0,125,-35.434
1.925,0,0,125,-35.3194
1.95,0,0,125,-35.2055
1.975,0,0,125,-35.0921
2,0,0,125,-34.9794
2.025,0,0,125,-34.8673
2.05,0,0,125,-34.7558
2.075,0,0,125,-34.6449
2.1,0,0,125,-34.5347
2.125,0,0,125,-34.4251
2.15,0,0,125,-34.3162
2.175,0,0,125,-34.2079
2.2,0,0,125,-34.1002
2.225,0,0,125,-33.9932
2.25,0,0,125,-33.8868
2.275,0,0,125,-33.7811
2.3,0,0,125,-33.676
2.325,0,0,125,-33.5715
2.35,0,0,125,-33.4676
2.375,0,0,125,-33.3643
2.4,0,0,125,-33.2617
2.425,0,0,125,-33.1596
2.45,0,0,125,-33.0582
2.475,0,0,125,-32.9573
2.5,0,0,125,-32.857
2.525,0,0,125,-32.7573
2.55,0,0,125,-32.6581
2.575,0,0,125,-32.5595
2.6,0,0,125,-32.4614
2.625,0,0,125,-32.3639
2.65,0,0,125,-32.2668
2.675,0,0,125,-32.1703
2.7,0,0,125,-32.0742
2.725,0,0,125,-31.9787
2.75,0,0,125,-31.8836
2.775,0,0,125,-31.789
2.8,0,0,125,-31.6948
2.825,0,0,125,-31.601
2.85,0,0,125,-31.5077
2.875,0,0,125,-31.4147
2.9,0,0,125,-31.3222
2.925,0,0,125,-31.2301
2.95,0,0,125,-31.1383
2.975,0,0,125,-31.0469
3,0,0,125,-30.9558
3.025,0,0,125,-30.865
3.05,0,0,125,-30.7746
3.075,0,0,125,-30.6845
3.1,0,0,125,-30.5947
3.125,0,0,125,-30.5051
3.15,0,0,125,-30.4159
3.175,0,0,125,-30.3269
3.2,0,0,125,-30.2381
3.225,0,0,125,-30.1496
3.25,0,0,125,-30.0613
3.275,0,0,125,-29.9732
3.3,0,0,125,-29.8854
3.325,0,0,125,-29.7977
3.35,0,0,125,-29.7103
3.375,0,0,125,-29.623
3.4,0,0,125,-29.536
3.425,0,0,125,-29.4491
3.45,0,0,125,-29.3623
3.475,0,0,125,-29.2758
3.5,0,0,125,-29.1894
3.525,0,0,125,-29.1031
3.55,0,0,125,-29.0171
3.575,0,0,125,-28.9311
3.6,0,0,125,-28.8454
3.625,0,0,125,-28.7598
3.65,0,0,125,-28.6743
3.675,0,0,125,-28.589
3.7,0,0,125,-28.5039
3.725,0,0,125,-28.4189
3.75,0,0,125,-28.3341
3.775,0,0,125,-28.2495
3.8,0,0,125,-28.165
3.825,0,0,125,-28.0808
3.85,0,0,125,-27.9968
3.875,0,0,125,-27.9129
3.9,0,0,125,-27.8294
3.925,0,0,125,-27.746
3.95,0,0,125,-27.663
3.975,0,0,125,-27.5802
4,0,0,125,-27.4977
4.025,0,0,125,-27.4156
4.05,0,0,125,-27.3339
4.075,0,0,125,-27.2525
4.1,0,0,125,-27.1716
4.125,0,0,125,-27.0911
4.15,0,0,125,-27.0111
4.175,0,0,125,-26.9316
4.2,0,0,125,-26.8528
4.225,0,0,125,-26.7745
4.25,0,0,125,-26.6969
4.275,0,0,125,-26.6201
4.3,0,0,125,-26.5441
4.325,0,0,125,-26.4689
4.35,0,0,125,-26.3946
4.375,0,0,125,-26.3213
4.4,0,0,125,-26.249
4.425,0,0,125,-26.1779
4.45,0,0,125,-26.108
4.475,0,0,125,-26.0394
4.5,0,0,125,-25.9723
4.525,0,0,125,-25.9066
4.55,0,0,125,-25.8426
4.575,0,0,125,-25.7804
4.6,0,0,125,-25.72
4.625,0,0,125,-25.6616
4.65,0,0,125,-25.6054
4.675,0,0,125,-25.5515
4.7,0,0,125,-25.5001
4.725,0,0,125,-25.4514
4.75,0,0,125,-25.4054
4.775,0,0,125,-25.3626
4.8,0,0,125,-25.323
4.825,0,0,125,-25.2868
4.85,0,0,125,-25.2544
4.875,0,0,125,-25.226
4.9,0,0,125,-25.2018
4.925,0,0,125,-25.182
4.95,0,0,125,-25.167
4.975,0,0,125,-25.1569
5,0,0,125,-25.1518
