0,0,0,125,-50.0068
0.025,0,0,125,-50.0034
0.05,0,0,125,-49.9967
0.075,0,0,125,-49.9867
0.1,0,0,125,-49.9733
0.125,0,0,125,-49.9567
0.15,0,0,125,-49.9369
0.175,0,0,125,-49.914
0.2,0,0,125,-49.8881
0.225,0,0,125,-49.8593
0.25,0,0,125,-49.8276
0.275,0,0,125,-49.7931
0.3,0,0,125,-49.7559
0.325,0,0,125,-49.7159
0.35,0,0,125,-49.6734
0.375,0,0,125,-49.6283
0.4,0,0,125,-49.5806
0.425,0,0,125,-49.5305
0.45,0,0,125,-49.4779
0.475,0,0,125,-49.4229
0.5,0,0,125,-49.3655
0.525,0,0,125,-49.3058
0.55,0,0,125,-49.2438
0.575,0,0,125,-49.1796
0.6,0,0,125,-49.1132
0.625,0,0,125,-49.0446
0.65,0,0,125,-48.9738
0.675,0,0,125,-48.901
0.7,0,0,125,-48.8261
0.725,0,0,125,-48.7491
0.75,0,0,125,-48.6701
0.775,0,0,125,-48.5892
0.8,0,0,125,-48.5064
0.825,0,0,125,-48.4216
0.85,0,0,125,-48.335
0.875,0,0,125,-48.2465
0.9,0,0,125,-48.1562
0.925,0,0,125,-48.0642
0.95,0,0,125,-47.9704
0.975,0,0,125,-47.8749
1,0,0,125,-47.7777
1.025,0,0,125,-47.6789
1.05,0,0,125,-47.5785
1.075,0,0,125,-47.4764
1.1,0,0,125,-47.3729
1.125,0,0,125,-47.2678
1.15,0,0,125,-47.1613
1.175,0,0,125,-47.0533
1.2,0,0,125,-46.9438
1.225,0,0,125,-46.833
1.25,0,0,125,-46.7208
1.275,0,0,125,-46.6073
1.3,0,0,125,-46.4925
1.325,0,0,125,-46.3765
1.35,0,0,125,-46.2592
1.375,0,0,125,-46.1407
1.4,0,0,125,-46.0211
1.425,0,0,125,-45.9003
1.45,0,0,125,-45.7783
1.475,0,0,125,-45.6554
1.5,0,0,125,-45.5314
1.525,0,0,125,-45.4063
1.55,0,0,125,-45.2803
1.575,0,0,125,-45.1534
1.6,0,0,125,-45.0255
1.625,0,0,125,-44.8968
1.65,0,0,125,-44.7672
1.675,0,0,125,-44.6367
1.7,0,0,125,-44.5055
1.725,0,0,125,-44.3735
1.75,0,0,125,-44.2408
1.775,0,0,125,-44.1073
1.8,0,0,125,-43.9732
1.825,0,0,125,-43.8385
1.85,0,0,125,-43.7032
1.875,0,0,125,-43.5672
1.9,0,0,125,-43.4307
1.925,0,0,125,-43.2937
1.95,0,0,125,-43.1562
1.975,0,0,125,-43.0182
2,0,0,125,-42.8798
2.025,0,0,125,-42.741
2.05,0,0,125,-42.6018
2.075,0,0,125,-42.4622
2.1,0,0,125,-42.3223
2.125,0,0,125,-42.1821
2.15,0,0,125,-42.0417
2.175,0,0,125,-41.901
2.2,0,0,125,-41.7601
2.225,0,0,125,-41.619
2.25,0,0,125,-41.4778
2.275,0,0,125,-41.3364
2.3,0,0,125,-41.1949
2.325,0,0,125,-41.0533
2.35,0,0,125,-40.9116
2.375,0,0,125,-40.77
2.4,0,0,125,-40.6283
2.425,0,0,125,-40.4866
2.45,0,0,125,-40.345
2.475,0,0,125,-40.2034
2.5,0,0,125,-40.062
2.525,0,0,125,-39.9206
2.55,0,0,125,-39.7794
2.575,0,0,125,-39.6383
2.6,0,0,125,-39.4975
2.625,0,0,125,-39.3568
2.65,0,0,125,-39.2164
2.675,0,0,125,-39.0762
2.7,0,0,125,-38.9363
2.725,0,0,125,-38.7967
2.75,0,0,125,-38.6574
2.775,0,0,125,-38.5185
2.8,0,0,125,-38.3799
2.825,0,0,125,-38.2417
2.85,0,0,125,-38.1039
2.875,0,0,125,-37.9665
2.9,0,0,125,-37.8296
2.925,0,0,125,-37.6931
2.95,0,0,125,-37.5571
2.975,0,0,125,-37.4217
3,0,0,125,-37.2867
3.025,0,0,125,-37.1523
3.05,0,0,125,-37.0184
3.075,0,0,125,-36.8852
3.1,0,0,125,-36.7525
3.125,0,0,125,-36.6204
3.15,0,0,125,-36.489
3.175,0,0,125,-36.3582
3.2,0,0,125,-36.2281
3.225,0,0,125,-36.0987
3.25,0,0,125,-35.97
3.275,0,0,125,-35.842
3.3,0,0,125,-35.7148
3.325,0,0,125,-35.5883
3.35,0,0,125,-35.4626
3.375,0,0,125,-35.3377
3.4,0,0,125,-35.2137
3.425,0,0,125,-35.0904
3.45,0,0,125,-34.9681
3.475,0,0,125,-34.8466
3.5,0,0,125,-34.726
3.525,0,0,125,-34.6063
3.55,0,0,125,-34.4875
3.575,0,0,125,-34.3697
3.6,0,0,125,-34.2528
3.625,0,0,125,-34.137
3.65,0,0,125,-34.0221
3.675,0,0,125,-33.9083
3.7,0,0,125,-33.7955
3.725,0,0,125,-33.6838
3.75,0,0,125,-33.5732
3.775,0,0,125,-33.4637
3.8,0,0,125,-33.3554
3.825,0,0,125,-33.2482
3.85,0,0,125,-33.1422
3.875,0,0,125,-33.0374
3.9,0,0,125,-32.9338
3.925,0,0,125,-32.8315
3.95,0,0,125,-32.7305
3.975,0,0,125,-32.6308
4,0,0,125,-32.5325
4.025,0,0,125,-32.4355
4.05,0,0,125,-32.3399
4.075,0,0,125,-32.2457
4.1,0,0,125,-32.153
4.125,0,0,125,-32.0618
4.15,0,0,125,-31.9721
4.175,0,0,125,-31.884
4.2,0,0,125,-31.7974
4.225,0,0,125,-31.7126
4.25,0,0,125,-31.6293
4.275,0,0,125,-31.5478
4.3,0,0,125,-31.4681
4.325,0,0,125,-31.3902
4.35,0,0,125,-31.3141
4.375,0,0,125,-31.2398
4.4,0,0,125,-31.1676
4.425,0,0,125,-31.0973
4.45,0,0,125,-31.0291
4.475,0,0,125,-30.9629
4.5,0,0,125,-30.8989
4.525,0,0,125,-30.8372
4.55,0,0,125,-30.7777
4.575,0,0,125,-30.7205
4.6,0,0,125,-30.6658
4.625,0,0,125,-30.6135
4.65,0,0,125,-30.5639
4.675,0,0,125,-30.5168
4.7,0,0,125,-30.4725
4.725,0,0,125,-30.431
4.75,0,0,125,-30.3924
4.775,0,0,125,-30.3568
4.8,0,0,125,-30.3242
4.825,0,0,125,-30.2949
4.85,0,0,125,-30.2689
4.875,0,0,125,-30.2464
4.9,0,0,125,-30.2273
4.925,0,0,125,-30.212
4.95,0,0,125,-30.2003
4.975,0,0,125,-30.1925
5,0,0,125,-30.1886
