0,0,0,125,-67.5651
0.025,0,0,125,-67.563
0.05,0,0,125,-67.5589
0.075,0,0,125,-67.5527
0.1,0,0,125,-67.5445
0.125,0,0,125,-67.5344
0.15,0,0,125,-67.5222
0.175,0,0,125,-67.5081
0.2,0,0,125,-67.4922
0.225,0,0,125,-67.4744
0.25,0,0,125,-67.4549
0.275,0,0,125,-67.4336
0.3,0,0,125,-67.4105
0.325,0,0,125,-67.3858
0.35,0,0,125,-67.3593
0.375,0,0,125,-67.3312
0.4,0,0,125,-67.3015
0.425,0,0,125,-67.2702
0.45,0,0,125,-67.2372
0.475,0,0,125,-67.2027
0.5,0,0,125,-67.1666
0.525,0,0,125,-67.129
0.55,0,0,125,-67.0898
0.575,0,0,125,-67.0491
0.6,0,0,125,-67.007
0.625,0,0,125,-66.9633
0.65,0,0,125,-66.9181
0.675,0,0,125,-66.8715
0.7,0,0,125,-66.8235
0.725,0,0,125,-66.7739
0.75,0,0,125,-66.723
0.775,0,0,125,-66.6707
0.8,0,0,125,-66.6169
0.825,0,0,125,-66.5618
0.85,0,0,125,-66.5053
0.875,0,0,125,-66.4474
0.9,0,0,125,-66.3881
0.925,0,0,125,-66.3275
0.95,0,0,125,-66.2656
0.975,0,0,125,-66.2023
1,0,0,125,-66.1377
1.025,0,0,125,-66.0718
1.05,0,0,125,-66.0046
1.075,0,0,125,-65.9362
1.1,0,0,125,-65.8665
1.125,0,0,125,-65.7955
1.15,0,0,125,-65.7232
1.175,0,0,125,-65.6498
1.2,0,0,125,-65.5751
1.225,0,0,125,-65.4991
1.25,0,0,125,-65.422
1.275,0,0,125,-65.3437
1.3,0,0,125,-65.2642
1.325,0,0,125,-65.1836
1.35,0,0,125,-65.1017
1.375,0,0,125,-65.0188
1.4,0,0,125,-64.9347
1.425,0,0,125,-64.8495
1.45,0,0,125,-64.7632
1.475,0,0,125,-64.6758
1.5,0,0,125,-64.5873
1.525,0,0,125,-64.4977
1.55,0,0,125,-64.4071
1.575,0,0,125,-64.3155
1.6,0,0,125,-64.2228
1.625,0,0,125,-64.1291
1.65,0,0,125,-64.0344
1.675,0,0,125,-63.9387
1.7,0,0,125,-63.8421
1.725,0,0,125,-63.7445
1.75,0,0,125,-63.646
1.775,0,0,125,-63.5465
1.8,0,0,125,-63.4461
1.825,0,0,125,-63.3448
1.85,0,0,125,-63.2426
1.875,0,0,125,-63.1396
1.9,0,0,125,-63.0357
1.925,0,0,125,-62.9309
1.95,0,0,125,-62.8253
1.975,0,0,125,-62.7189
2,0,0,125,-62.6118
2.025,0,0,125,-62.5038
2.05,0,0,125,-62.3951
2.075,0,0,125,-62.2856
2.1,0,0,125,-62.1754
2.125,0,0,125,-62.0645
2.15,0,0,125,-61.9528
2.175,0,0,125,-61.8405
2.2,0,0,125,-61.7275
2.225,0,0,125,-61.6139
2.25,0,0,125,-61.4996
2.275,0,0,125,-61.3847
2.3,0,0,125,-61.2692
2.325,0,0,125,-61.1531
2.35,0,0,125,-61.0364
2.375,0,0,125,-60.9192
2.4,0,0,125,-60.8015
2.425,0,0,125,-60.6832
2.45,0,0,125,-60.5644
2.475,0,0,125,-60.4452
2.5,0,0,125,-60.3254
2.525,0,0,125,-60.2053
2.55,0,0,125,-60.0846
2.575,0,0,125,-59.9636
2.6,0,0,125,-59.8422
2.625,0,0,125,-59.7204
2.65,0,0,125,-59.5982
2.675,0,0,125,-59.4757
2.7,0,0,125,-59.3529
2.725,0,0,125,-59.2298
2.75,0,0,125,-59.1063
2.775,0,0,125,-58.9827
2.8,0,0,125,-58.8587
2.825,0,0,125,-58.7346
2.85,0,0,125,-58.6103
2.875,0,0,125,-58.4857
2.9,0,0,125,-58.361
2.925,0,0,125,-58.2362
2.95,0,0,125,-58.1113
2.975,0,0,125,-57.9862
3,0,0,125,-57.8611
3.025,0,0,125,-57.736
3.05,0,0,125,-57.6108
3.075,0,0,125,-57.4856
3.1,0,0,125,-57.3604
3.125,0,0,125,-57.2353
3.15,0,0,125,-57.1102
3.175,0,0,125,-56.9853
3.2,0,0,125,-56.8604
3.225,0,0,125,-56.7357
3.25,0,0,125,-56.6112
3.275,0,0,125,-56.4869
3.3,0,0,125,-56.3628
3.325,0,0,125,-56.239
3.35,0,0,125,-56.1155
3.375,0,0,125,-55.9923
3.4,0,0,125,-55.8695
3.425,0,0,125,-55.747
3.45,0,0,125,-55.625
3.475,0,0,125,-55.5034
3.5,0,0,125,-55.3823
3.525,0,0,125,-55.2617
3.55,0,0,125,-55.1417
3.575,0,0,125,-55.0223
3.6,0,0,125,-54.9035
3.625,0,0,125,-54.7853
3.65,0,0,125,-54.6679
3.675,0,0,125,-54.5512
3.7,0,0,125,-54.4352
3.725,0,0,125,-54.3201
3.75,0,0,125,-54.2059
3.775,0,0,125,-54.0925
3.8,0,0,125,-53.9801
3.825,0,0,125,-53.8687
3.85,0,0,125,-53.7583
3.875,0,0,125,-53.6491
3.9,0,0,125,-53.5409
3.925,0,0,125,-53.4339
3.95,0,0,125,-53.3281
3.975,0,0,125,-53.2236
4,0,0,125,-53.1204
4.025,0,0,125,-53.0186
4.05,0,0,125,-52.9181
4.075,0,0,125,-52.8192
4.1,0,0,125,-52.7217
4.125,0,0,125,-52.6258
4.15,0,0,125,-52.5315
4.175,0,0,125,-52.4389
4.2,0,0,125,-52.3481
4.225,0,0,125,-52.259
4.25,0,0,125,-52.1717
4.275,0,0,125,-52.0863
4.3,0,0,125,-52.0029
4.325,0,0,125,-51.9215
4.35,0,0,125,-51.8421
4.375,0,0,125,-51.7648
4.4,0,0,125,-51.6898
4.425,0,0,125,-51.6169
4.45,0,0,125,-51.5463
4.475,0,0,125,-51.4781
4.5,0,0,125,-51.4123
4.525,0,0,125,-51.3489
4.55,0,0,125,-51.2881
4.575,0,0,125,-51.2299
4.6,0,0,125,-51.1743
4.625,0,0,125,-51.1214
4.65,0,0,125,-51.0713
4.675,0,0,125,-51.0241
4.7,0,0,125,-50.9798
4.725,0,0,125,-50.9384
4.75,0,0,125,-50.9001
4.775,0,0,125,-50.865
4.8,0,0,125,-50.833
4.825,0,0,125,-50.8043
4.85,0,0,125,-50.779
4.875,0,0,125,-50.7571
4.9,0,0,125,-50.7387
4.925,0,0,125,-50.7238
4.95,0,0,125,-50.7127
4.975,0,0,125,-50.7052
5,0,0,125,-50.7014
