0,0,0,125,-28.0564
0.025,0,0,125,-28.0514
0.05,0,0,125,-28.0415
0.075,0,0,125,-28.0267
0.1,0,0,125,-28.0071
0.125,0,0,125,-27.9828
0.15,0,0,125,-27.9542
0.175,0,0,125,-27.9215
0.2,0,0,125,-27.8851
0.225,0,0,125,-27.8452
0.25,0,0,125,-27.8021
0.275,0,0,125,-27.7561
0.3,0,0,125,-27.7073
0.325,0,0,125,-27.6559
0.35,0,0,125,-27.6022
0.375,0,0,125,-27.5463
0.4,0,0,125,-27.4883
0.425,0,0,125,-27.4285
0.45,0,0,125,-27.3671
0.475,0,0,125,-27.304
0.5,0,0,125,-27.2396
0.525,0,0,125,-27.1739
0.55,0,0,125,-27.1071
0.575,0,0,125,-27.0392
0.6,0,0,125,-26.9704
0.625,0,0,125,-26.9008
0.65,0,0,125,-26.8305
0.675,0,0,125,-26.7595
0.7,0,0,125,-26.6881
0.725,0,0,125,-26.6162
0.75,0,0,125,-26.5439
0.775,0,0,125,-26.4714
0.8,0,0,125,-26.3987
0.825,0,0,125,-26.3258
0.85,0,0,125,-26.2529
0.875,0,0,125,-26.1799
0.9,0,0,125,-26.107
0.925,0,0,125,-26.0342
0.95,0,0,125,-25.9615
0.975,0,0,125,-25.889
1,0,0,125,-25.8167
1.025,0,0,125,-25.7447
1.05,0,0,125,-25.6729
1.075,0,0,125,-25.6016
1.1,0,0,125,-25.5305
1.125,0,0,125,-25.4599
1.15,0,0,125,-25.3897
1.175,0,0,125,-25.3199
1.2,0,0,125,-25.2506
1.225,0,0,125,-25.1817
1.25,0,0,125,-25.1134
1.275,0,0,125,-25.0455
1.3,0,0,125,-24.9782
1.325,0,0,125,-24.9114
1.35,0,0,125,-24.8452
1.375,0,0,125,-24.7795
1.4,0,0,125,-24.7143
1.425,0,0,125,-24.6497
1.45,0,0,125,-24.5857
1.475,0,0,125,-24.5222
1.5,0,0,125,-24.4593
1.525,0,0,125,-24.397
1.55,0,0,125,-24.3352
1.575,0,0,125,-24.274
1.6,0,0,125,-24.2133
1.625,0,0,125,-24.1532
1.65,0,0,125,-24.0937
1.675,0,0,125,-24.0347
1.7,0,0,125,-23.9762
1.725,0,0,125,-23.9183
1.75,0,0,125,-23.8609
1.775,0,0,125,-23.804
1.8,0,0,125,-23.7476
1.825,0,0,125,-23.6917
1.85,0,0,125,-23.6364
1.875,0,0,125,-23.5815
1.9,0,0,125,-23.5271
1.925,0,0,125,-23.4731
1.95,0,0,125,-23.4196
1.975,0,0,125,-23.3666
2,0,0,125,-23.3139
2.025,0,0,125,-23.2618
2.05,0,0,125,-23.21
2.075,0,0,125,-23.1586
2.1,0,0,125,-23.1077
2.125,0,0,125,-23.0571
2.15,0,0,125,-23.0069
2.175,0,0,125,-22.9571
2.2,0,0,125,-22.9076
2.225,0,0,125,-22.8585
2.25,0,0,125,-22.8097
2.275,0,0,125,-22.7612
2.3,0,0,125,-22.713
2.325,0,0,125,-22.6652
2.35,0,0,125,-22.6176
2.375,0,0,125,-22.5704
2.4,0,0,125,-22.5234
2.425,0,0,125,-22.4766
2.45,0,0,125,-22.4301
2.475,0,0,125,-22.3839
2.5,0,0,125,-22.3379
2.525,0,0,125,-22.2922
2.55,0,0,125,-22.2466
2.575,0,0,125,-22.2013
2.6,0,0,125,-22.1562
2.625,0,0,125,-22.1113
2.65,0,0,125,-22.0666
2.675,0,0,125,-22.022
2.7,0,0,125,-21.9776
2.725,0,0,125,-21.9334
2.75,0,0,125,-21.8893
2.775,0,0,125,-21.8454
2.8,0,0,125,-21.8016
2.825,0,0,125,-21.758
2.85,0,0,125,-21.7144
2.875,0,0,125,-21.671
2.9,0,0,125,-21.6277
2.925,0,0,125,-21.5845
2.95,0,0,125,-21.5414
2.975,0,0,125,-21.4984
3,0,0,125,-21.4554
3.025,0,0,125,-21.4125
3.05,0,0,125,-21.3697
3.075,0,0,125,-21.327
3.1,0,0,125,-21.2843
3.125,0,0,125,-21.2416
3.15,0,0,125,-21.199
3.175,0,0,125,-21.1564
3.2,0,0,125,-21.1138
3.225,0,0,125,-21.0713
3.25,0,0,125,-21.0288
3.275,0,0,125,-20.9862
3.3,0,0,125,-20.9437
3.325,0,0,125,-20.9012
3.35,0,0,125,-20.8586
3.375,0,0,125,-20.816
3.4,0,0,125,-20.7735
3.425,0,0,125,-20.7308
3.45,0,0,125,-20.6882
3.475,0,0,125,-20.6455
3.5,0,0,125,-20.6028
3.525,0,0,125,-20.56
3.55,0,0,125,-20.5172
3.575,0,0,125,-20.4744
3.6,0,0,125,-20.4314
3.625,0,0,125,-20.3885
3.65,0,0,125,-20.3454
3.675,0,0,125,-20.3023
3.7,0,0,125,-20.2591
3.725,0,0,125,-20.2158
3.75,0,0,125,-20.1725
3.775,0,0,125,-20.1291
3.8,0,0,125,-20.0856
3.825,0,0,125,-20.042
3.85,0,0,125,-19.9983
3.875,0,0,125,-19.9546
3.9,0,0,125,-19.9107
3.925,0,0,125,-19.8668
3.95,0,0,125,-19.8228
3.975,0,0,125,-19.7787
4,0,0,125,-19.7346
4.025,0,0,125,-19.6904
4.05,0,0,125,-19.6461
4.075,0,0,125,-19.6018
4.1,0,0,125,-19.5574
4.125,0,0,125,-19.513
4.15,0,0,125,-19.4686
4.175,0,0,125,-19.4242
4.2,0,0,125,-19.3798
4.225,0,0,125,-19.3355
4.25,0,0,125,-19.2911
4.275,0,0,125,-19.2469
4.3,0,0,125,-19.2028
4.325,0,0,125,-19.1588
4.35,0,0,125,-19.1149
4.375,0,0,125,-19.0713
4.4,0,0,125,-19.0279
4.425,0,0,125,-18.9848
4.45,0,0,125,-18.9421
4.475,0,0,125,-18.8998
4.5,0,0,125,-18.8579
4.525,0,0,125,-18.8165
4.55,0,0,125,-18.7758
4.575,0,0,125,-18.7358
4.6,0,0,125,-18.6965
4.625,0,0,125,-18.6582
4.65,0,0,125,-18.6209
4.675,0,0,125,-18.5847
4.7,0,0,125,-18.5498
4.725,0,0,125,-18.5163
4.75,0,0,125,-18.4844
4.775,0,0,125,-18.4543
4.8,0,0,125,-18.4262
4.825,0,0,125,-18.4002
4.85,0,0,125,-18.3767
4.875,0,0,125,-18.3559
4.9,0,0,125,-18.338
4.925,0,0,125,-18.3233
4.95,0,0,125,-18.312
4.975,0,0,125,-18.3044
5,0,0,125,-18.3005
