0,0,0,25,-6.76082
0.005,0,0,25,-7.11797
0.01,0,0,25,-7.8293
0.015,0,0,25,-8.88872
0.02,0,0,25,-10.2868
0.025,0,0,25,-12.0107
0.03,0,0,25,-14.0436
0.035,0,0,25,-16.1472
0.04,0,0,25,-18.3011
0.045,0,0,25,-20.486
0.05,0,0,25,-22.6837
0.055,0,0,25,-24.8774
0.06,0,0,25,-27.0526
0.065,0,0,25,-29.1965
0.07,0,0,25,-31.2985
0.075,0,0,25,-33.3501
0.08,0,0,25,-35.3443
0.085,0,0,25,-37.2759
0.09,0,0,25,-39.1413
0.095,0,0,25,-40.9381
0.1,0,0,25,-42.6647
0.105,0,0,25,-44.3207
0.11,0,0,25,-45.9063
0.115,0,0,25,-47.4224
0.12,0,0,25,-48.8702
0.125,0,0,25,-50.2514
0.13,0,0,25,-51.5678
0.135,0,0,25,-52.8215
0.14,0,0,25,-54.0148
0.145,0,0,25,-55.15
0.15,0,0,25,-56.2293
0.155,0,0,25,-57.2552
0.16,0,0,25,-58.2299
0.165,0,0,25,-59.1557
0.17,0,0,25,-60.0348
0.175,0,0,25,-60.8694
0.18,0,0,25,-61.6616
0.185,0,0,25,-62.4134
0.19,0,0,25,-63.1268
0.195,0,0,25,-63.8035
0.2,0,0,25,-64.4453
0.205,0,0,25,-65.054
0.21,0,0,25,-65.6312
0.215,0,0,25,-66.1784
0.22,0,0,25,-66.6971
0.225,0,0,25,-67.1887
0.23,0,0,25,-67.6545
0.235,0,0,25,-68.0958
0.24,0,0,25,-68.5138
0.245,0,0,25,-68.9097
0.25,0,0,25,-69.2845
0.255,0,0,25,-69.6393
0.26,0,0,25,-69.9751
0.265,0,0,25,-70.2929
0.27,0,0,25,-70.5935
0.275,0,0,25,-70.8778
0.28,0,0,25,-71.1466
0.285,0,0,25,-71.4006
0.29,0,0,25,-71.6407
0.295,0,0,25,-71.8676
0.3,0,0,25,-72.0818
0.305,0,0,25,-72.2841
0.31,0,0,25,-72.475
0.315,0,0,25,-72.6551
0.32,0,0,25,-72.825
0.325,0,0,25,-72.9852
0.33,0,0,25,-73.1363
0.335,0,0,25,-73.2786
0.34,0,0,25,-73.4127
0.345,0,0,25,-73.5389
0.35,0,0,25,-73.6577
0.355,0,0,25,-73.7695
0.36,0,0,25,-73.8747
0.365,0,0,25,-73.9736
0.37,0,0,25,-74.0665
0.375,0,0,25,-74.1538
0.38,0,0,25,-74.2358
0.385,0,0,25,-74.3128
0.39,0,0,25,-74.385
0.395,0,0,25,-74.4527
0.4,0,0,25,-74.5162
0.405,0,0,25,-74.5757
0.41,0,0,25,-74.6315
0.415,0,0,25,-74.6837
0.42,0,0,25,-74.7325
0.425,0,0,25,-74.7783
0.43,0,0,25,-74.821
0.435,0,0,25,-74.8609
0.44,0,0,25,-74.8983
0.445,0,0,25,-74.9331
0.45,0,0,25,-74.9657
0.455,0,0,25,-74.996
0.46,0,0,25,-75.0243
0.465,0,0,25,-75.0507
0.47,0,0,25,-75.0753
0.475,0,0,25,-75.0982
0.48,0,0,25,-75.1195
0.485,0,0,25,-75.1393
0.49,0,0,25,-75.1578
0.495,0,0,25,-75.1749
0.5,0,0,25,-75.1908
0.505,0,0,25,-75.2056
0.51,0,0,25,-75.2193
0.515,0,0,25,-75.2321
0.52,0,0,25,-75.2439
0.525,0,0,25,-75.2548
0.53,0,0,25,-75.2649
0.535,0,0,25,-75.2743
0.54,0,0,25,-75.283
0.545,0,0,25,-75.291
0.55,0,0,25,-75.2985
0.555,0,0,25,-75.3053
0.56,0,0,25,-75.3117
0.565,0,0,25,-75.3175
0.57,0,0,25,-75.3229
0.575,0,0,25,-75.3279
0.58,0,0,25,-75.3325
0.585,0,0,25,-75.3367
0.59,0,0,25,-75.3406
0.595,0,0,25,-75.3442
0.6,0,0,25,-75.3475
0.605,0,0,25,-75.3505
0.61,0,0,25,-75.3533
0.615,0,0,25,-75.3559
0.62,0,0,25,-75.3582
0.625,0,0,25,-75.3604
0.63,0,0,25,-75.3623
0.635,0,0,25,-75.3642
0.64,0,0,25,-75.3658
0.645,0,0,25,-75.3673
0.65,0,0,25,-75.3687
0.655,0,0,25,-75.37
0.66,0,0,25,-75.3712
0.665,0,0,25,-75.3722
0.67,0,0,25,-75.3732
0.675,0,0,25,-75.3741
0.68,0,0,25,-75.3749
0.685,0,0,25,-75.3757
0.69,0,0,25,-75.3763
0.695,0,0,25,-75.3769
0.7,0,0,25,-75.3775
0.705,0,0,25,-75.378
0.71,0,0,25,-75.3785
0.715,0,0,25,-75.3789
0.72,0,0,25,-75.3793
0.725,0,0,25,-75.3796
0.73,0,0,25,-75.3799
0.735,0,0,25,-75.3802
0.74,0,0,25,-75.3805
0.745,0,0,25,-75.3807
0.75,0,0,25,-75.3809
0.755,0,0,25,-75.3811
0.76,0,0,25,-75.3813
0.765,0,0,25,-75.3815
0.77,0,0,25,-75.3816
0.775,0,0,25,-75.3817
0.78,0,0,25,-75.3819
0.785,0,0,25,-75.382
0.79,0,0,25,-75.3821
0.795,0,0,25,-75.3822
0.8,0,0,25,-75.3822
0.805,0,0,25,-75.3823
0.81,0,0,25,-75.3824
0.815,0,0,25,-75.3824
0.82,0,0,25,-75.3825
0.825,0,0,25,-75.3825
0.83,0,0,25,-75.3826
0.835,0,0,25,-75.3826
0.84,0,0,25,-75.3826
0.845,0,0,25,-75.3827
0.85,0,0,25,-75.3827
0.855,0,0,25,-75.3827
0.86,0,0,25,-75.3827
0.865,0,0,25,-75.3828
0.87,0,0,25,-75.3828
0.875,0,0,25,-75.3828
0.88,0,0,25,-75.3828
0.885,0,0,25,-75.3828
0.89,0,0,25,-75.3828
0.895,0,0,25,-75.3828
0.9,0,0,25,-75.3828
0.905,0,0,25,-75.3829
0.91,0,0,25,-75.3829
0.915,0,0,25,-75.3829
0.92,0,0,25,-75.3829
0.925,0,0,25,-75.3829
0.93,0,0,25,-75.3829
0.935,0,0,25,-75.3829
0.94,0,0,25,-75.3829
0.945,0,0,25,-75.3829
0.95,0,0,25,-75.3829
0.955,0,0,25,-75.3829
0.96,0,0,25,-75.3829
0.965,0,0,25,-75.3829
0.97,0,0,25,-75.3829
0.975,0,0,25,-75.3829
0.98,0,0,25,-75.3829
0.985,0,0,25,-75.3829
0.99,0,0,25,-75.3829
0.995,0,0,25,-75.3829
1,0,0,25,-75.3829
1.005,0,0,25,-75.3829
1.01,0,0,25,-75.3829
1.015,0,0,25,-75.3829
1.02,0,0,25,-75.3829
1.025,0,0,25,-75.3829
1.03,0,0,25,-75.3829
1.035,0,0,25,-75.3829
1.04,0,0,25,-75.3829
1.045,0,0,25,-75.3829
1.05,0,0,25,-75.3829
1.055,0,0,25,-75.3829
1.06,0,0,25,-75.3829
1.065,0,0,25,-75.3829
1.07,0,0,25,-75.3829
1.075,0,0,25,-75.3829
1.08,0,0,25,-75.3829
1.085,0,0,25,-75.3829
1.09,0,0,25,-75.3829
1.095,0,0,25,-75.3829
1.1,0,0,25,-75.3829
1.105,0,0,25,-75.3829
1.11,0,0,25,-75.3829
1.115,0,0,25,-75.3829
1.12,0,0,25,-75.3829
1.125,0,0,25,-75.3829
1.13,0,0,25,-75.3829
1.135,0,0,25,-75.3829
1.14,0,0,25,-75.3829
1.145,0,0,25,-75.3829
1.15,0,0,25,-75.3829
1.155,0,0,25,-75.3829
1.16,0,0,25,-75.3829
1.165,0,0,25,-75.3829
1.17,0,0,25,-75.3829
1.175,0,0,25,-75.3829
1.18,0,0,25,-75.3829
1.185,0,0,25,-75.3829
1.19,0,0,25,-75.3829
1.195,0,0,25,-75.3829
1.2,0,0,25,-75.3829
1.205,0,0,25,-75.3829
1.21,0,0,25,-75.3829
1.215,0,0,25,-75.3829
1.22,0,0,25,-75.3829
1.225,0,0,25,-75.3829
1.23,0,0,25,-75.3829
1.235,0,0,25,-75.3829
1.24,0,0,25,-75.3829
1.245,0,0,25,-75.3829
1.25,0,0,25,-75.3829
1.255,0,0,25,-75.3829
1.26,0,0,25,-75.3829
1.265,0,0,25,-75.3829
1.27,0,0,25,-75.3829
1.275,0,0,25,-75.3829
1.28,0,0,25,-75.3829
1.285,0,0,25,-75.3829
1.29,0,0,25,-75.3829
1.295,0,0,25,-75.3829
1.3,0,0,25,-75.3829
1.305,0,0,25,-75.3829
1.31,0,0,25,-75.3829
1.315,0,0,25,-75.3829
1.32,0,0,25,-75.3829
1.325,0,0,25,-75.3829
1.33,0,0,25,-75.3829
1.335,0,0,25,-75.3829
1.34,0,0,25,-75.3829
1.345,0,0,25,-75.3829
1.35,0,0,25,-75.3829
1.355,0,0,25,-75.3829
1.36,0,0,25,-75.3829
1.365,0,0,25,-75.3829
1.37,0,0,25,-75.3829
1.375,0,0,25,-75.3829
1.38,0,0,25,-75.3829
1.385,0,0,25,-75.3829
1.39,0,0,25,-75.3829
1.395,0,0,25,-75.3829
1.4,0,0,25,-75.3829
1.405,0,0,25,-75.3829
1.41,0,0,25,-75.3829
1.415,0,0,25,-75.3829
1.42,0,0,25,-75.3829
1.425,0,0,25,-75.3829
1.43,0,0,25,-75.3829
1.435,0,0,25,-75.3829
1.44,0,0,25,-75.3829
1.445,0,0,25,-75.3829
1.45,0,0,25,-75.3829
1.455,0,0,25,-75.3829
1.46,0,0,25,-75.3829
1.465,0,0,25,-75.3829
1.47,0,0,25,-75.3829
1.475,0,0,25,-75.3829
1.48,0,0,25,-75.3829
1.485,0,0,25,-75.3829
1.49,0,0,25,-75.3829
1.495,0,0,25,-75.3829
1.5,0,0,25,-75.3829
1.505,0,0,25,-75.3829
1.51,0,0,25,-75.3829
1.515,0,0,25,-75.3829
1.52,0,0,25,-75.3829
1.525,0,0,25,-75.3829
1.53,0,0,25,-75.3829
1.535,0,0,25,-75.3829
1.54,0,0,25,-75.3829
1.545,0,0,25,-75.3829
1.55,0,0,25,-75.3829
1.555,0,0,25,-75.3829
1.56,0,0,25,-75.3829
1.565,0,0,25,-75.3829
1.57,0,0,25,-75.3829
1.575,0,0,25,-75.3829
1.58,0,0,25,-75.3829
1.585,0,0,25,-75.3829
1.59,0,0,25,-75.3829
1.595,0,0,25,-75.3829
1.6,0,0,25,-75.3829
1.605,0,0,25,-75.3829
1.61,0,0,25,-75.3829
1.615,0,0,25,-75.3829
1.62,0,0,25,-75.3829
1.625,0,0,25,-75.3829
1.63,0,0,25,-75.3829
1.635,0,0,25,-75.3829
1.64,0,0,25,-75.3829
1.645,0,0,25,-75.3829
1.65,0,0,25,-75.3829
1.655,0,0,25,-75.3829
1.66,0,0,25,-75.3829
1.665,0,0,25,-75.3829
1.67,0,0,25,-75.3829
1.675,0,0,25,-75.3829
1.68,0,0,25,-75.3829
1.685,0,0,25,-75.3829
1.69,0,0,25,-75.3829
1.695,0,0,25,-75.3829
1.7,0,0,25,-75.3829
1.705,0,0,25,-75.3829
1.71,0,0,25,-75.3829
1.715,0,0,25,-75.3829
1.72,0,0,25,-75.3829
1.725,0,0,25,-75.3829
1.73,0,0,25,-75.3829
1.735,0,0,25,-75.3829
1.74,0,0,25,-75.3829
1.745,0,0,25,-75.3829
1.75,0,0,25,-75.3829
1.755,0,0,25,-75.3829
1.76,0,0,25,-75.3829
1.765,0,0,25,-75.3829
1.77,0,0,25,-75.3829
1.775,0,0,25,-75.3829
1.78,0,0,25,-75.3829
1.785,0,0,25,-75.3829
1.79,0,0,25,-75.3829
1.795,0,0,25,-75.3829
1.8,0,0,25,-75.3829
1.805,0,0,25,-75.3829
1.81,0,0,25,-75.3829
1.815,0,0,25,-75.3829
1.82,0,0,25,-75.3829
1.825,0,0,25,-75.3829
1.83,0,0,25,-75.3829
1.835,0,0,25,-75.3829
1.84,0,0,25,-75.3829
1.845,0,0,25,-75.3829
1.85,0,0,25,-75.3829
1.855,0,0,25,-75.3829
1.86,0,0,25,-75.3829
1.865,0,0,25,-75.3829
1.87,0,0,25,-75.3829
1.875,0,0,25,-75.3829
1.88,0,0,25,-75.3829
1.885,0,0,25,-75.3829
1.89,0,0,25,-75.3829
1.895,0,0,25,-75.3829
1.9,0,0,25,-75.3829
1.905,0,0,25,-75.3829
1.91,0,0,25,-75.3829
1.915,0,0,25,-75.3829
1.92,0,0,25,-75.3829
1.925,0,0,25,-75.3829
1.93,0,0,25,-75.3829
1.935,0,0,25,-75.3829
1.94,0,0,25,-75.3829
1.945,0,0,25,-75.3829
1.95,0,0,25,-75.3829
1.955,0,0,25,-75.3829
1.96,0,0,25,-75.3829
1.965,0,0,25,-75.3829
1.97,0,0,25,-75.3829
1.975,0,0,25,-75.3829
1.98,0,0,25,-75.3829
1.985,0,0,25,-75.3829
1.99,0,0,25,-75.3829
1.995,0,0,25,-75.3829
2,0,0,25,-75.3829
2.005,0,0,25,-75.3829
2.01,0,0,25,-75.3829
2.015,0,0,25,-75.3829
2.02,0,0,25,-75.3829
2.025,0,0,25,-75.3829
2.03,0,0,25,-75.3829
2.035,0,0,25,-75.3829
2.04,0,0,25,-75.3829
2.045,0,0,25,-75.3829
2.05,0,0,25,-75.3829
2.055,0,0,25,-75.3829
2.06,0,0,25,-75.3829
2.065,0,0,25,-75.3829
2.07,0,0,25,-75.3829
2.075,0,0,25,-75.3829
2.08,0,0,25,-75.3829
2.085,0,0,25,-75.3829
2.09,0,0,25,-75.3829
2.095,0,0,25,-75.3829
2.1,0,0,25,-75.3829
2.105,0,0,25,-75.3829
2.11,0,0,25,-75.3829
2.115,0,0,25,-75.3829
2.12,0,0,25,-75.3829
2.125,0,0,25,-75.3829
2.13,0,0,25,-75.3829
2.135,0,0,25,-75.3829
2.14,0,0,25,-75.3829
2.145,0,0,25,-75.3829
2.15,0,0,25,-75.3829
2.155,0,0,25,-75.3829
2.16,0,0,25,-75.3829
2.165,0,0,25,-75.3829
2.17,0,0,25,-75.3829
2.175,0,0,25,-75.3829
2.18,0,0,25,-75.3829
2.185,0,0,25,-75.3829
2.19,0,0,25,-75.3829
2.195,0,0,25,-75.3829
2.2,0,0,25,-75.3829
2.205,0,0,25,-75.3829
2.21,0,0,25,-75.3829
2.215,0,0,25,-75.3829
2.22,0,0,25,-75.3829
2.225,0,0,25,-75.3829
2.23,0,0,25,-75.3829
2.235,0,0,25,-75.3829
2.24,0,0,25,-75.3829
2.245,0,0,25,-75.3829
2.25,0,0,25,-75.3829
2.255,0,0,25,-75.3829
2.26,0,0,25,-75.3829
2.265,0,0,25,-75.3829
2.27,0,0,25,-75.3829
2.275,0,0,25,-75.3829
2.28,0,0,25,-75.3829
2.285,0,0,25,-75.3829
2.29,0,0,25,-75.3829
2.295,0,0,25,-75.3829
2.3,0,0,25,-75.3829
2.305,0,0,25,-75.3829
2.31,0,0,25,-75.3829
2.315,0,0,25,-75.3829
2.32,0,0,25,-75.3829
2.325,0,0,25,-75.3829
2.33,0,0,25,-75.3829
2.335,0,0,25,-75.3829
2.34,0,0,25,-75.3829
2.345,0,0,25,-75.3829
2.35,0,0,25,-75.3829
2.355,0,0,25,-75.3829
2.36,0,0,25,-75.3829
2.365,0,0,25,-75.3829
2.37,0,0,25,-75.3829
2.375,0,0,25,-75.3829
2.38,0,0,25,-75.3829
2.385,0,0,25,-75.3829
2.39,0,0,25,-75.3829
2.395,0,0,25,-75.3829
2.4,0,0,25,-75.3829
2.405,0,0,25,-75.3829
2.41,0,0,25,-75.3829
2.415,0,0,25,-75.3829
2.42,0,0,25,-75.3829
2.425,0,0,25,-75.3829
2.43,0,0,25,-75.3829
2.435,0,0,25,-75.3829
2.44,0,0,25,-75.3829
2.445,0,0,25,-75.3829
2.45,0,0,25,-75.3829
2.455,0,0,25,-75.3829
2.46,0,0,25,-75.3829
2.465,0,0,25,-75.3829
2.47,0,0,25,-75.3829
2.475,0,0,25,-75.3829
2.48,0,0,25,-75.3829
2.485,0,0,25,-75.3829
2.49,0,0,25,-75.3829
2.495,0,0,25,-75.3829
2.5,0,0,25,-75.3829
2.505,0,0,25,-75.3829
2.51,0,0,25,-75.3829
2.515,0,0,25,-75.3829
2.52,0,0,25,-75.3829
2.525,0,0,25,-75.3829
2.53,0,0,25,-75.3829
2.535,0,0,25,-75.3829
2.54,0,0,25,-75.3829
2.545,0,0,25,-75.3829
2.55,0,0,25,-75.3829
2.555,0,0,25,-75.3829
2.56,0,0,25,-75.3829
2.565,0,0,25,-75.3829
2.57,0,0,25,-75.3829
2.575,0,0,25,-75.3829
2.58,0,0,25,-75.3829
2.585,0,0,25,-75.3829
2.59,0,0,25,-75.3829
2.595,0,0,25,-75.3829
2.6,0,0,25,-75.3829
2.605,0,0,25,-75.3829
2.61,0,0,25,-75.3829
2.615,0,0,25,-75.3829
2.62,0,0,25,-75.3829
2.625,0,0,25,-75.3829
2.63,0,0,25,-75.3829
2.635,0,0,25,-75.3829
2.64,0,0,25,-75.3829
2.645,0,0,25,-75.3829
2.65,0,0,25,-75.3829
2.655,0,0,25,-75.3829
2.66,0,0,25,-75.3829
2.665,0,0,25,-75.3829
2.67,0,0,25,-75.3829
2.675,0,0,25,-75.3829
2.68,0,0,25,-75.3829
2.685,0,0,25,-75.3829
2.69,0,0,25,-75.3829
2.695,0,0,25,-75.3829
2.7,0,0,25,-75.3829
2.705,0,0,25,-75.3829
2.71,0,0,25,-75.3829
2.715,0,0,25,-75.3829
2.72,0,0,25,-75.3829
2.725,0,0,25,-75.3829
2.73,0,0,25,-75.3829
2.735,0,0,25,-75.3829
2.74,0,0,25,-75.3829
2.745,0,0,25,-75.3829
2.75,0,0,25,-75.3829
2.755,0,0,25,-75.3829
2.76,0,0,25,-75.3829
2.765,0,0,25,-75.3829
2.77,0,0,25,-75.3829
2.775,0,0,25,-75.3829
2.78,0,0,25,-75.3829
2.785,0,0,25,-75.3829
2.79,0,0,25,-75.3829
2.795,0,0,25,-75.3829
2.8,0,0,25,-75.3829
2.805,0,0,25,-75.3829
2.81,0,0,25,-75.3829
2.815,0,0,25,-75.3829
2.82,0,0,25,-75.3829
2.825,0,0,25,-75.3829
2.83,0,0,25,-75.3829
2.835,0,0,25,-75.3829
2.84,0,0,25,-75.3829
2.845,0,0,25,-75.3829
2.85,0,0,25,-75.3829
2.855,0,0,25,-75.3829
2.86,0,0,25,-75.3829
2.865,0,0,25,-75.3829
2.87,0,0,25,-75.3829
2.875,0,0,25,-75.3829
2.88,0,0,25,-75.3829
2.885,0,0,25,-75.3829
2.89,0,0,25,-75.3829
2.895,0,0,25,-75.3829
2.9,0,0,25,-75.3829
2.905,0,0,25,-75.3829
2.91,0,0,25,-75.3829
2.915,0,0,25,-75.3829
2.92,0,0,25,-75.3829
2.925,0,0,25,-75.3829
2.93,0,0,25,-75.3829
2.935,0,0,25,-75.3829
2.94,0,0,25,-75.3829
2.945,0,0,25,-75.3829
2.95,0,0,25,-75.3829
2.955,0,0,25,-75.3829
2.96,0,0,25,-75.3829
2.965,0,0,25,-75.3829
2.97,0,0,25,-75.3829
2.975,0,0,25,-75.3829
2.98,0,0,25,-75.3829
2.985,0,0,25,-75.3829
2.99,0,0,25,-75.3829
2.995,0,0,25,-75.3829
3,0,0,25,-75.3829
3.005,0,0,25,-75.3829
3.01,0,0,25,-75.3829
3.015,0,0,25,-75.3829
3.02,0,0,25,-75.3829
3.025,0,0,25,-75.3829
3.03,0,0,25,-75.3829
3.035,0,0,25,-75.3829
3.04,0,0,25,-75.3829
3.045,0,0,25,-75.3829
3.05,0,0,25,-75.3829
3.055,0,0,25,-75.3829
3.06,0,0,25,-75.3829
3.065,0,0,25,-75.3829
3.07,0,0,25,-75.3829
3.075,0,0,25,-75.3829
3.08,0,0,25,-75.3829
3.085,0,0,25,-75.3829
3.09,0,0,25,-75.3829
3.095,0,0,25,-75.3829
3.1,0,0,25,-75.3829
3.105,0,0,25,-75.3829
3.11,0,0,25,-75.3829
3.115,0,0,25,-75.3829
3.12,0,0,25,-75.3829
3.125,0,0,25,-75.3829
3.13,0,0,25,-75.3829
3.135,0,0,25,-75.3829
3.14,0,0,25,-75.3829
3.145,0,0,25,-75.3829
3.15,0,0,25,-75.3829
3.155,0,0,25,-75.3829
3.16,0,0,25,-75.3829
3.165,0,0,25,-75.3829
3.17,0,0,25,-75.3829
3.175,0,0,25,-75.3829
3.18,0,0,25,-75.3829
3.185,0,0,25,-75.3829
3.19,0,0,25,-75.3829
3.195,0,0,25,-75.3829
3.2,0,0,25,-75.3829
3.205,0,0,25,-75.3829
3.21,0,0,25,-75.3829
3.215,0,0,25,-75.3829
3.22,0,0,25,-75.3829
3.225,0,0,25,-75.3829
3.23,0,0,25,-75.3829
3.235,0,0,25,-75.3829
3.24,0,0,25,-75.3829
3.245,0,0,25,-75.3829
3.25,0,0,25,-75.3829
3.255,0,0,25,-75.3829
3.26,0,0,25,-75.3829
3.265,0,0,25,-75.3829
3.27,0,0,25,-75.3829
3.275,0,0,25,-75.3829
3.28,0,0,25,-75.3829
3.285,0,0,25,-75.3829
3.29,0,0,25,-75.3829
3.295,0,0,25,-75.3829
3.3,0,0,25,-75.3829
3.305,0,0,25,-75.3829
3.31,0,0,25,-75.3829
3.315,0,0,25,-75.3829
3.32,0,0,25,-75.3829
3.325,0,0,25,-75.3829
3.33,0,0,25,-75.3829
3.335,0,0,25,-75.3829
3.34,0,0,25,-75.3829
3.345,0,0,25,-75.3829
3.35,0,0,25,-75.3829
3.355,0,0,25,-75.3829
3.36,0,0,25,-75.3829
3.365,0,0,25,-75.3829
3.37,0,0,25,-75.3829
3.375,0,0,25,-75.3829
3.38,0,0,25,-75.3829
3.385,0,0,25,-75.3829
3.39,0,0,25,-75.3829
3.395,0,0,25,-75.3829
3.4,0,0,25,-75.3829
3.405,0,0,25,-75.3829
3.41,0,0,25,-75.3829
3.415,0,0,25,-75.3829
3.42,0,0,25,-75.3829
3.425,0,0,25,-75.3829
3.43,0,0,25,-75.3829
3.435,0,0,25,-75.3829
3.44,0,0,25,-75.3829
3.445,0,0,25,-75.3829
3.45,0,0,25,-75.3829
3.455,0,0,25,-75.3829
3.46,0,0,25,-75.3829
3.465,0,0,25,-75.3829
3.47,0,0,25,-75.3829
3.475,0,0,25,-75.3829
3.48,0,0,25,-75.3829
3.485,0,0,25,-75.3829
3.49,0,0,25,-75.3829
3.495,0,0,25,-75.3829
3.5,0,0,25,-75.3829
3.505,0,0,25,-75.3829
3.51,0,0,25,-75.3829
3.515,0,0,25,-75.3829
3.52,0,0,25,-75.3829
3.525,0,0,25,-75.3829
3.53,0,0,25,-75.3829
3.535,0,0,25,-75.3829
3.54,0,0,25,-75.3829
3.545,0,0,25,-75.3829
3.55,0,0,25,-75.3829
3.555,0,0,25,-75.3829
3.56,0,0,25,-75.3829
3.565,0,0,25,-75.3829
3.57,0,0,25,-75.3829
3.575,0,0,25,-75.3829
3.58,0,0,25,-75.3829
3.585,0,0,25,-75.3829
3.59,0,0,25,-75.3829
3.595,0,0,25,-75.3829
3.6,0,0,25,-75.3829
3.605,0,0,25,-75.3829
3.61,0,0,25,-75.3829
3.615,0,0,25,-75.3829
3.62,0,0,25,-75.3829
3.625,0,0,25,-75.3829
3.63,0,0,25,-75.3829
3.635,0,0,25,-75.3829
3.64,0,0,25,-75.3829
3.645,0,0,25,-75.3829
3.65,0,0,25,-75.3829
3.655,0,0,25,-75.3829
3.66,0,0,25,-75.3829
3.665,0,0,25,-75.3829
3.67,0,0,25,-75.3829
3.675,0,0,25,-75.3829
3.68,0,0,25,-75.3829
3.685,0,0,25,-75.3829
3.69,0,0,25,-75.3829
3.695,0,0,25,-75.3829
3.7,0,0,25,-75.3829
3.705,0,0,25,-75.3829
3.71,0,0,25,-75.3829
3.715,0,0,25,-75.3829
3.72,0,0,25,-75.3829
3.725,0,0,25,-75.3829
3.73,0,0,25,-75.3829
3.735,0,0,25,-75.3829
3.74,0,0,25,-75.3829
3.745,0,0,25,-75.3829
3.75,0,0,25,-75.3829
3.755,0,0,25,-75.3829
3.76,0,0,25,-75.3829
3.765,0,0,25,-75.3829
3.77,0,0,25,-75.3829
3.775,0,0,25,-75.3829
3.78,0,0,25,-75.3829
3.785,0,0,25,-75.3829
3.79,0,0,25,-75.3829
3.795,0,0,25,-75.3829
3.8,0,0,25,-75.3829
3.805,0,0,25,-75.3829
3.81,0,0,25,-75.3829
3.815,0,0,25,-75.3829
3.82,0,0,25,-75.3829
3.825,0,0,25,-75.3829
3.83,0,0,25,-75.3829
3.835,0,0,25,-75.3829
3.84,0,0,25,-75.3829
3.845,0,0,25,-75.3829
3.85,0,0,25,-75.3829
3.855,0,0,25,-75.3829
3.86,0,0,25,-75.3829
3.865,0,0,25,-75.3829
3.87,0,0,25,-75.3829
3.875,0,0,25,-75.3829
3.88,0,0,25,-75.3829
3.885,0,0,25,-75.3829
3.89,0,0,25,-75.3829
3.895,0,0,25,-75.3829
3.9,0,0,25,-75.3829
3.905,0,0,25,-75.3829
3.91,0,0,25,-75.3829
3.915,0,0,25,-75.3829
3.92,0,0,25,-75.3829
3.925,0,0,25,-75.3829
3.93,0,0,25,-75.3829
3.935,0,0,25,-75.3829
3.94,0,0,25,-75.3829
3.945,0,0,25,-75.3829
3.95,0,0,25,-75.3829
3.955,0,0,25,-75.3829
3.96,0,0,25,-75.3829
3.965,0,0,25,-75.3829
3.97,0,0,25,-75.3829
3.975,0,0,25,-75.3829
3.98,0,0,25,-75.3829
3.985,0,0,25,-75.3829
3.99,0,0,25,-75.3829
3.995,0,0,25,-75.3829
4,0,0,25,-75.3829
4.005,0,0,25,-75.3829
4.01,0,0,25,-75.3829
4.015,0,0,25,-75.3829
4.02,0,0,25,-75.3829
4.025,0,0,25,-75.3829
4.03,0,0,25,-75.3829
4.035,0,0,25,-75.3829
4.04,0,0,25,-75.3829
4.045,0,0,25,-75.3829
4.05,0,0,25,-75.3829
4.055,0,0,25,-75.3829
4.06,0,0,25,-75.3829
4.065,0,0,25,-75.3829
4.07,0,0,25,-75.3829
4.075,0,0,25,-75.3829
4.08,0,0,25,-75.3829
4.085,0,0,25,-75.3829
4.09,0,0,25,-75.3829
4.095,0,0,25,-75.3829
4.1,0,0,25,-75.3829
4.105,0,0,25,-75.3829
4.11,0,0,25,-75.3829
4.115,0,0,25,-75.3829
4.12,0,0,25,-75.3829
4.125,0,0,25,-75.3829
4.13,0,0,25,-75.3829
4.135,0,0,25,-75.3829
4.14,0,0,25,-75.3829
4.145,0,0,25,-75.3829
4.15,0,0,25,-75.3829
4.155,0,0,25,-75.3829
4.16,0,0,25,-75.3829
4.165,0,0,25,-75.3829
4.17,0,0,25,-75.3829
4.175,0,0,25,-75.3829
4.18,0,0,25,-75.3829
4.185,0,0,25,-75.3829
4.19,0,0,25,-75.3829
4.195,0,0,25,-75.3829
4.2,0,0,25,-75.3829
4.205,0,0,25,-75.3829
4.21,0,0,25,-75.3829
4.215,0,0,25,-75.3829
4.22,0,0,25,-75.3829
4.225,0,0,25,-75.3829
4.23,0,0,25,-75.3829
4.235,0,0,25,-75.3829
4.24,0,0,25,-75.3829
4.245,0,0,25,-75.3829
4.25,0,0,25,-75.3829
4.255,0,0,25,-75.3829
4.26,0,0,25,-75.3829
4.265,0,0,25,-75.3829
4.27,0,0,25,-75.3829
4.275,0,0,25,-75.3829
4.28,0,0,25,-75.3829
4.285,0,0,25,-75.3829
4.29,0,0,25,-75.3829
4.295,0,0,25,-75.3829
4.3,0,0,25,-75.3829
4.305,0,0,25,-75.3829
4.31,0,0,25,-75.3829
4.315,0,0,25,-75.3829
4.32,0,0,25,-75.3829
4.325,0,0,25,-75.3829
4.33,0,0,25,-75.3829
4.335,0,0,25,-75.3829
4.34,0,0,25,-75.3829
4.345,0,0,25,-75.3829
4.35,0,0,25,-75.3829
4.355,0,0,25,-75.3829
4.36,0,0,25,-75.3829
4.365,0,0,25,-75.3829
4.37,0,0,25,-75.3829
4.375,0,0,25,-75.3829
4.38,0,0,25,-75.3829
4.385,0,0,25,-75.3829
4.39,0,0,25,-75.3829
4.395,0,0,25,-75.3829
4.4,0,0,25,-75.3829
4.405,0,0,25,-75.3829
4.41,0,0,25,-75.3829
4.415,0,0,25,-75.3829
4.42,0,0,25,-75.3829
4.425,0,0,25,-75.3829
4.43,0,0,25,-75.3829
4.435,0,0,25,-75.3829
4.44,0,0,25,-75.3829
4.445,0,0,25,-75.3829
4.45,0,0,25,-75.3829
4.455,0,0,25,-75.3829
4.46,0,0,25,-75.3829
4.465,0,0,25,-75.3829
4.47,0,0,25,-75.3829
4.475,0,0,25,-75.3829
4.48,0,0,25,-75.3829
4.485,0,0,25,-75.3829
4.49,0,0,25,-75.3829
4.495,0,0,25,-75.3829
4.5,0,0,25,-75.3829
4.505,0,0,25,-75.3829
4.51,0,0,25,-75.3829
4.515,0,0,25,-75.3829
4.52,0,0,25,-75.3829
4.525,0,0,25,-75.3829
4.53,0,0,25,-75.3829
4.535,0,0,25,-75.3829
4.54,0,0,25,-75.3829
4.545,0,0,25,-75.3829
4.55,0,0,25,-75.3829
4.555,0,0,25,-75.3829
4.56,0,0,25,-75.3829
4.565,0,0,25,-75.3829
4.57,0,0,25,-75.3829
4.575,0,0,25,-75.3829
4.58,0,0,25,-75.3829
4.585,0,0,25,-75.3829
4.59,0,0,25,-75.3829
4.595,0,0,25,-75.3829
4.6,0,0,25,-75.3829
4.605,0,0,25,-75.3829
4.61,0,0,25,-75.3829
4.615,0,0,25,-75.3829
4.62,0,0,25,-75.3829
4.625,0,0,25,-75.3829
4.63,0,0,25,-75.3829
4.635,0,0,25,-75.3829
4.64,0,0,25,-75.3829
4.645,0,0,25,-75.3829
4.65,0,0,25,-75.3829
4.655,0,0,25,-75.3829
4.66,0,0,25,-75.3829
4.665,0,0,25,-75.3829
4.67,0,0,25,-75.3829
4.675,0,0,25,-75.3829
4.68,0,0,25,-75.3829
4.685,0,0,25,-75.3829
4.69,0,0,25,-75.3829
4.695,0,0,25,-75.3829
4.7,0,0,25,-75.3829
4.705,0,0,25,-75.3829
4.71,0,0,25,-75.3829
4.715,0,0,25,-75.3829
4.72,0,0,25,-75.3829
4.725,0,0,25,-75.3829
4.73,0,0,25,-75.3829
4.735,0,0,25,-75.3829
4.74,0,0,25,-75.3829
4.745,0,0,25,-75.3829
4.75,0,0,25,-75.3829
4.755,0,0,25,-75.3829
4.76,0,0,25,-75.3829
4.765,0,0,25,-75.3829
4.77,0,0,25,-75.3829
4.775,0,0,25,-75.3829
4.78,0,0,25,-75.3829
4.785,0,0,25,-75.3829
4.79,0,0,25,-75.3829
4.795,0,0,25,-75.3829
4.8,0,0,25,-75.3829
4.805,0,0,25,-75.3829
4.81,0,0,25,-75.3829
4.815,0,0,25,-75.3829
4.82,0,0,25,-75.3829
4.825,0,0,25,-75.3829
4.83,0,0,25,-75.3829
4.835,0,0,25,-75.3829
4.84,0,0,25,-75.3829
4.845,0,0,25,-75.3829
4.85,0,0,25,-75.3829
4.855,0,0,25,-75.3829
4.86,0,0,25,-75.3829
4.865,0,0,25,-75.3829
4.87,0,0,25,-75.3829
4.875,0,0,25,-75.3829
4.88,0,0,25,-75.3829
4.885,0,0,25,-75.3829
4.89,0,0,25,-75.3829
4.895,0,0,25,-75.3829
4.9,0,0,25,-75.3829
4.905,0,0,25,-75.3829
4.91,0,0,25,-75.3829
4.915,0,0,25,-75.3829
4.92,0,0,25,-75.3829
4.925,0,0,25,-75.3829
4.93,0,0,25,-75.3829
4.935,0,0,25,-75.3829
4.94,0,0,25,-75.3829
4.945,0,0,25,-75.3829
4.95,0,0,25,-75.3829
4.955,0,0,25,-75.3829
4.96,0,0,25,-75.3829
4.965,0,0,25,-75.3829
4.97,0,0,25,-75.3829
4.975,0,0,25,-75.3829
4.98,0,0,25,-75.3829
4.985,0,0,25,-75.3829
4.99,0,0,25,-75.3829
4.995,0,0,25,-75.3829
5,0,0,25,-75.3829
