0,0,0,125,-15.8598
0.025,0,0,125,-15.8578
0.05,0,0,125,-15.8538
0.075,0,0,125,-15.848
0.1,0,0,125,-15.8402
0.125,0,0,125,-15.8306
0.15,0,0,125,-15.8193
0.175,0,0,125,-15.8065
0.2,0,0,125,-15.7925
0.225,0,0,125,-15.7773
0.25,0,0,125,-15.761
0.275,0,0,125,-15.7439
0.3,0,0,125,-15.7259
0.325,0,0,125,-15.7072
0.35,0,0,125,-15.6878
0.375,0,0,125,-15.6679
0.4,0,0,125,-15.6474
0.425,0,0,125,-15.6264
0.45,0,0,125,-15.605
0.475,0,0,125,-15.5832
0.5,0,0,125,-15.5611
0.525,0,0,125,-15.5387
0.55,0,0,125,-15.5161
0.575,0,0,125,-15.4932
0.6,0,0,125,-15.4701
0.625,0,0,125,-15.4469
0.65,0,0,125,-15.4235
0.675,0,0,125,-15.4
0.7,0,0,125,-15.3764
0.725,0,0,125,-15.3526
0.75,0,0,125,-15.3288
0.775,0,0,125,-15.305
0.8,0,0,125,-15.2811
0.825,0,0,125,-15.2571
0.85,0,0,125,-15.2331
0.875,0,0,125,-15.2091
0.9,0,0,125,-15.1851
0.925,0,0,125,-15.1611
0.95,0,0,125,-15.1371
0.975,0,0,125,-15.113
1,0,0,125,-15.089
1.025,0,0,125,-15.065
1.05,0,0,125,-15.0411
1.075,0,0,125,-15.0171
1.1,0,0,125,-14.9932
1.125,0,0,125,-14.9693
1.15,0,0,125,-14.9455
1.175,0,0,125,-14.9216
1.2,0,0,125,-14.8979
1.225,0,0,125,-14.8741
1.25,0,0,125,-14.8504
1.275,0,0,125,-14.8267
1.3,0,0,125,-14.8031
1.325,0,0,125,-14.7795
1.35,0,0,125,-14.756
1.375,0,0,125,-14.7324
1.4,0,0,125,-14.709
1.425,0,0,125,-14.6856
1.45,0,0,125,-14.6622
1.475,0,0,125,-14.6388
1.5,0,0,125,-14.6156
1.525,0,0,125,-14.5923
1.55,0,0,125,-14.5691
1.575,0,0,125,-14.546
1.6,0,0,125,-14.5228
1.625,0,0,125,-14.4998
1.65,0,0,125,-14.4768
1.675,0,0,125,-14.4538
1.7,0,0,125,-14.4308
1.725,0,0,125,-14.408
1.75,0,0,125,-14.3851
1.775,0,0,125,-14.3623
1.8,0,0,125,-14.3395
1.825,0,0,125,-14.3168
1.85,0,0,125,-14.2941
1.875,0,0,125,-14.2715
1.9,0,0,125,-14.2489
1.925,0,0,125,-14.2263
1.95,0,0,125,-14.2038
1.975,0,0,125,-14.1813
2,0,0,125,-14.1589
2.025,0,0,125,-14.1365
2.05,0,0,125,-14.1142
2.075,0,0,125,-14.0918
2.1,0,0,125,-14.0696
2.125,0,0,125,-14.0473
2.15,0,0,125,-14.0251
2.175,0,0,125,-14.003
2.2,0,0,125,-13.9809
2.225,0,0,125,-13.9588
2.25,0,0,125,-13.9368
2.275,0,0,125,-13.9148
2.3,0,0,125,-13.8928
2.325,0,0,125,-13.8709
2.35,0,0,125,-13.849
2.375,0,0,125,-13.8271
2.4,0,0,125,-13.8053
2.425,0,0,125,-13.7835
2.45,0,0,125,-13.7618
2.475,0,0,125,-13.74
2.5,0,0,125,-13.7184
2.525,0,0,125,-13.6967
2.55,0,0,125,-13.6751
2.575,0,0,125,-13.6535
2.6,0,0,125,-13.632
2.625,0,0,125,-13.6105
2.65,0,0,125,-13.589
2.675,0,0,125,-13.5676
2.7,0,0,125,-13.5461
2.725,0,0,125,-13.5248
2.75,0,0,125,-13.5034
2.775,0,0,125,-13.4821
2.8,0,0,125,-13.4609
2.825,0,0,125,-13.4396
2.85,0,0,125,-13.4184
2.875,0,0,125,-13.3972
2.9,0,0,125,-13.3761
2.925,0,0,125,-13.355
2.95,0,0,125,-13.3339
2.975,0,0,125,-13.3128
3,0,0,125,-13.2918
3.025,0,0,125,-13.2708
3.05,0,0,125,-13.2498
3.075,0,0,125,-13.2289
3.1,0,0,125,-13.2079
3.125,0,0,125,-13.1871
3.15,0,0,125,-13.1662
3.175,0,0,125,-13.1454
3.2,0,0,125,-13.1246
3.225,0,0,125,-13.1038
3.25,0,0,125,-13.083
3.275,0,0,125,-13.0623
3.3,0,0,125,-13.0416
3.325,0,0,125,-13.021
3.35,0,0,125,-13.0003
3.375,0,0,125,-12.9797
3.4,0,0,125,-12.9591
3.425,0,0,125,-12.9386
3.45,0,0,125,-12.918
3.475,0,0,125,-12.8975
3.5,0,0,125,-12.877
3.525,0,0,125,-12.8566
3.55,0,0,125,-12.8361
3.575,0,0,125,-12.8157
3.6,0,0,125,-12.7953
3.625,0,0,125,-12.7749
3.65,0,0,125,-12.7545
3.675,0,0,125,-12.7342
3.7,0,0,125,-12.7139
3.725,0,0,125,-12.6936
3.75,0,0,125,-12.6733
3.775,0,0,125,-12.653
3.8,0,0,125,-12.6328
3.825,0,0,125,-12.6126
3.85,0,0,125,-12.5924
3.875,0,0,125,-12.5723
3.9,0,0,125,-12.5521
3.925,0,0,125,-12.532
3.95,0,0,125,-12.5119
3.975,0,0,125,-12.4918
4,0,0,125,-12.4718
4.025,0,0,125,-12.4518
4.05,0,0,125,-12.4318
4.075,0,0,125,-12.4118
4.1,0,0,125,-12.3919
4.125,0,0,125,-12.372
4.15,0,0,125,-12.3522
4.175,0,0,125,-12.3324
4.2,0,0,125,-12.3126
4.225,0,0,125,-12.2929
4.25,0,0,125,-12.2732
4.275,0,0,125,-12.2537
4.3,0,0,125,-12.2342
4.325,0,0,125,-12.2147
4.35,0,0,125,-12.1954
4.375,0,0,125,-12.1762
4.4,0,0,125,-12.1571
4.425,0,0,125,-12.1382
4.45,0,0,125,-12.1193
4.475,0,0,125,-12.1007
4.5,0,0,125,-12.0823
4.525,0,0,125,-12.0641
4.55,0,0,125,-12.0461
4.575,0,0,125,-12.0285
4.6,0,0,125,-12.0111
4.625,0,0,125,-11.9941
4.65,0,0,125,-11.9776
4.675,0,0,125,-11.9615
4.7,0,0,125,-11.9459
4.725,0,0,125,-11.931
4.75,0,0,125,-11.9167
4.775,0,0,125,-11.9032
4.8,0,0,125,-11.8905
4.825,0,0,125,-11.8788
4.85,0,0,125,-11.8681
4.875,0,0,125,-11.8587
4.9,0,0,125,-11.8505
4.925,0,0,125,-11.8438
4.95,0,0,125,-11.8386
4.975,0,0,125,-11.8351
5,0,0,125,-11.8334
