0,0,0,25,-9.05924
0.005,0,0,25,-9.05916
0.01,0,0,25,-9.05899
0.015,0,0,25,-9.05873
0.02,0,0,25,-9.0584
0.025,0,0,25,-9.05798
0.03,0,0,25,-9.05748
0.035,0,0,25,-9.05689
0.04,0,0,25,-9.05624
0.045,0,0,25,-9.0555
0.05,0,0,25,-9.05469
0.055,0,0,25,-9.05381
0.06,0,0,25,-9.05286
0.065,0,0,25,-9.05183
0.07,0,0,25,-9.05074
0.075,0,0,25,-9.04958
0.08,0,0,25,-9.04836
0.085,0,0,25,-9.04707
0.09,0,0,25,-9.04572
0.095,0,0,25,-9.04431
0.1,0,0,25,-9.04284
0.105,0,0,25,-9.04131
0.11,0,0,25,-9.03972
0.115,0,0,25,-9.03808
0.12,0,0,25,-9.03639
0.125,0,0,25,-9.03464
0.13,0,0,25,-9.03284
0.135,0,0,25,-9.03099
0.14,0,0,25,-9.02909
0.145,0,0,25,-9.02714
0.15,0,0,25,-9.02515
0.155,0,0,25,-9.02311
0.16,0,0,25,-9.02103
0.165,0,0,25,-9.0189
0.17,0,0,25,-9.01674
0.175,0,0,25,-9.01453
0.18,0,0,25,-9.01228
0.185,0,0,25,-9.00999
0.19,0,0,25,-9.00766
0.195,0,0,25,-9.0053
0.2,0,0,25,-9.0029
0.205,0,0,25,-9.00046
0.21,0,0,25,-8.99799
0.215,0,0,25,-8.99549
0.22,0,0,25,-8.99295
0.225,0,0,25,-8.99038
0.23,0,0,25,-8.98779
0.235,0,0,25,-8.98516
0.24,0,0,25,-8.9825
0.245,0,0,25,-8.97981
0.25,0,0,25,-8.9771
0.255,0,0,25,-8.97435
0.26,0,0,25,-8.97159
0.265,0,0,25,-8.96879
0.27,0,0,25,-8.96597
0.275,0,0,25,-8.96313
0.28,0,0,25,-8.96026
0.285,0,0,25,-8.95737
0.29,0,0,25,-8.95446
0.295,0,0,25,-8.95152
0.3,0,0,25,-8.94857
0.305,0,0,25,-8.94559
0.31,0,0,25,-8.94259
0.315,0,0,25,-8.93957
0.32,0,0,25,-8.93654
0.325,0,0,25,-8.93348
0.33,0,0,25,-8.93041
0.335,0,0,25,-8.92732
0.34,0,0,25,-8.92421
0.345,0,0,25,-8.92109
0.35,0,0,25,-8.91795
0.355,0,0,25,-8.9148
0.36,0,0,25,-8.91163
0.365,0,0,25,-8.90844
0.37,0,0,25,-8.90524
0.375,0,0,25,-8.90203
0.38,0,0,25,-8.8988
0.385,0,0,25,-8.89556
0.39,0,0,25,-8.89231
0.395,0,0,25,-8.88904
0.4,0,0,25,-8.88577
0.405,0,0,25,-8.88248
0.41,0,0,25,-8.87918
0.415,0,0,25,-8.87586
0.42,0,0,25,-8.87254
0.425,0,0,25,-8.86921
0.43,0,0,25,-8.86587
0.435,0,0,25,-8.86252
0.44,0,0,25,-8.85916
0.445,0,0,25,-8.85579
0.45,0,0,25,-8.85241
0.455,0,0,25,-8.84902
0.46,0,0,25,-8.84562
0.465,0,0,25,-8.84222
0.47,0,0,25,-8.83881
0.475,0,0,25,-8.83539
0.48,0,0,25,-8.83196
0.485,0,0,25,-8.82853
0.49,0,0,25,-8.82509
0.495,0,0,25,-8.82164
0.5,0,0,25,-8.81819
0.505,0,0,25,-8.81473
0.51,0,0,25,-8.81126
0.515,0,0,25,-8.80779
0.52,0,0,25,-8.80431
0.525,0,0,25,-8.80083
0.53,0,0,25,-8.79734
0.535,0,0,25,-8.79385
0.54,0,0,25,-8.79035
0.545,0,0,25,-8.78685
0.55,0,0,25,-8.78335
0.555,0,0,25,-8.77984
0.56,0,0,25,-8.77632
0.565,0,0,25,-8.7728
0.57,0,0,25,-8.76928
0.575,0,0,25,-8.76576
0.58,0,0,25,-8.76223
0.585,0,0,25,-8.75869
0.59,0,0,25,-8.75516
0.595,0,0,25,-8.75162
0.6,0,0,25,-8.74808
0.605,0,0,25,-8.74453
0.61,0,0,25,-8.74099
0.615,0,0,25,-8.73744
0.62,0,0,25,-8.73388
0.625,0,0,25,-8.73033
0.63,0,0,25,-8.72677
0.635,0,0,25,-8.72321
0.64,0,0,25,-8.71965
0.645,0,0,25,-8.71608
0.65,0,0,25,-8.71252
0.655,0,0,25,-8.70895
0.66,0,0,25,-8.70538
0.665,0,0,25,-8.70181
0.67,0,0,25,-8.69824
0.675,0,0,25,-8.69467
0.68,0,0,25,-8.69109
0.685,0,0,25,-8.68752
0.69,0,0,25,-8.68394
0.695,0,0,25,-8.68036
0.7,0,0,25,-8.67678
0.705,0,0,25,-8.6732
0.71,0,0,25,-8.66962
0.715,0,0,25,-8.66604
0.72,0,0,25,-8.66245
0.725,0,0,25,-8.65887
0.73,0,0,25,-8.65529
0.735,0,0,25,-8.6517
0.74,0,0,25,-8.64812
0.745,0,0,25,-8.64453
0.75,0,0,25,-8.64094
0.755,0,0,25,-8.63736
0.76,0,0,25,-8.63377
0.765,0,0,25,-8.63018
0.77,0,0,25,-8.6266
0.775,0,0,25,-8.62301
0.78,0,0,25,-8.61942
0.785,0,0,25,-8.61583
0.79,0,0,25,-8.61225
0.795,0,0,25,-8.60866
0.8,0,0,25,-8.60507
0.805,0,0,25,-8.60148
0.81,0,0,25,-8.5979
0.815,0,0,25,-8.59431
0.82,0,0,25,-8.59072
0.825,0,0,25,-8.58713
0.83,0,0,25,-8.58355
0.835,0,0,25,-8.57996
0.84,0,0,25,-8.57638
0.845,0,0,25,-8.57279
0.85,0,0,25,-8.5692
0.855,0,0,25,-8.56562
0.86,0,0,25,-8.56204
0.865,0,0,25,-8.55845
0.87,0,0,25,-8.55487
0.875,0,0,25,-8.55128
0.88,0,0,25,-8.5477
0.885,0,0,25,-8.54412
0.89,0,0,25,-8.54054
0.895,0,0,25,-8.53696
0.9,0,0,25,-8.53338
0.905,0,0,25,-8.5298
0.91,0,0,25,-8.52622
0.915,0,0,25,-8.52264
0.92,0,0,25,-8.51906
0.925,0,0,25,-8.51549
0.93,0,0,25,-8.51191
0.935,0,0,25,-8.50834
0.94,0,0,25,-8.50476
0.945,0,0,25,-8.50119
0.95,0,0,25,-8.49761
0.955,0,0,25,-8.49404
0.96,0,0,25,-8.49047
0.965,0,0,25,-8.4869
0.97,0,0,25,-8.48333
0.975,0,0,25,-8.47976
0.98,0,0,25,-8.47619
0.985,0,0,25,-8.47262
0.99,0,0,25,-8.46906
0.995,0,0,25,-8.46549
1,0,0,25,-8.46193
1.005,0,0,25,-8.45836
1.01,0,0,25,-8.4548
1.015,0,0,25,-8.45124
1.02,0,0,25,-8.44768
1.025,0,0,25,-8.44411
1.03,0,0,25,-8.44056
1.035,0,0,25,-8.437
1.04,0,0,25,-8.43344
1.045,0,0,25,-8.42988
1.05,0,0,25,-8.42633
1.055,0,0,25,-8.42277
1.06,0,0,25,-8.41922
1.065,0,0,25,-8.41566
1.07,0,0,25,-8.41211
1.075,0,0,25,-8.40856
1.08,0,0,25,-8.40501
1.085,0,0,25,-8.40146
1.09,0,0,25,-8.39791
1.095,0,0,25,-8.39436
1.1,0,0,25,-8.39082
1.105,0,0,25,-8.38727
1.11,0,0,25,-8.38373
1.115,0,0,25,-8.38018
1.12,0,0,25,-8.37664
1.125,0,0,25,-8.3731
1.13,0,0,25,-8.36956
1.135,0,0,25,-8.36602
1.14,0,0,25,-8.36248
1.145,0,0,25,-8.35894
1.15,0,0,25,-8.3554
1.155,0,0,25,-8.35187
1.16,0,0,25,-8.34833
1.165,0,0,25,-8.3448
1.17,0,0,25,-8.34126
1.175,0,0,25,-8.33773
1.18,0,0,25,-8.3342
1.185,0,0,25,-8.33067
1.19,0,0,25,-8.32714
1.195,0,0,25,-8.32361
1.2,0,0,25,-8.32008
1.205,0,0,25,-8.31656
1.21,0,0,25,-8.31303
1.215,0,0,25,-8.30951
1.22,0,0,25,-8.30598
1.225,0,0,25,-8.30246
1.23,0,0,25,-8.29894
1.235,0,0,25,-8.29542
1.24,0,0,25,-8.2919
1.245,0,0,25,-8.28838
1.25,0,0,25,-8.28486
1.255,0,0,25,-8.28134
1.26,0,0,25,-8.27782
1.265,0,0,25,-8.27431
1.27,0,0,25,-8.27079
1.275,0,0,25,-8.26728
1.28,0,0,25,-8.26377
1.285,0,0,25,-8.26026
1.29,0,0,25,-8.25674
1.295,0,0,25,-8.25323
1.3,0,0,25,-8.24972
1.305,0,0,25,-8.24622
1.31,0,0,25,-8.24271
1.315,0,0,25,-8.2392
1.32,0,0,25,-8.2357
1.325,0,0,25,-8.23219
1.33,0,0,25,-8.22869
1.335,0,0,25,-8.22518
1.34,0,0,25,-8.22168
1.345,0,0,25,-8.21818
1.35,0,0,25,-8.21468
1.355,0,0,25,-8.21118
1.36,0,0,25,-8.20768
1.365,0,0,25,-8.20418
1.37,0,0,25,-8.20069
1.375,0,0,25,-8.19719
1.38,0,0,25,-8.1937
1.385,0,0,25,-8.1902
1.39,0,0,25,-8.18671
1.395,0,0,25,-8.18321
1.4,0,0,25,-8.17972
1.405,0,0,25,-8.17623
1.41,0,0,25,-8.17274
1.415,0,0,25,-8.16925
1.42,0,0,25,-8.16576
1.425,0,0,25,-8.16227
1.43,0,0,25,-8.15879
1.435,0,0,25,-8.1553
1.44,0,0,25,-8.15181
1.445,0,0,25,-8.14833
1.45,0,0,25,-8.14485
1.455,0,0,25,-8.14136
1.46,0,0,25,-8.13788
1.465,0,0,25,-8.1344
1.47,0,0,25,-8.13092
1.475,0,0,25,-8.12744
1.48,0,0,25,-8.12396
1.485,0,0,25,-8.12048
1.49,0,0,25,-8.117
1.495,0,0,25,-8.11353
1.5,0,0,25,-8.11005
1.505,0,0,25,-8.10657
1.51,0,0,25,-8.1031
1.515,0,0,25,-8.09963
1.52,0,0,25,-8.09615
1.525,0,0,25,-8.09268
1.53,0,0,25,-8.08921
1.535,0,0,25,-8.08574
1.54,0,0,25,-8.08227
1.545,0,0,25,-8.0788
1.55,0,0,25,-8.07533
1.555,0,0,25,-8.07186
1.56,0,0,25,-8.06839
1.565,0,0,25,-8.06493
1.57,0,0,25,-8.06146
1.575,0,0,25,-8.058
1.58,0,0,25,-8.05453
1.585,0,0,25,-8.05107
1.59,0,0,25,-8.0476
1.595,0,0,25,-8.04414
1.6,0,0,25,-8.04068
1.605,0,0,25,-8.03722
1.61,0,0,25,-8.03376
1.615,0,0,25,-8.0303
1.62,0,0,25,-8.02684
1.625,0,0,25,-8.02338
1.63,0,0,25,-8.01992
1.635,0,0,25,-8.01647
1.64,0,0,25,-8.01301
1.645,0,0,25,-8.00955
1.65,0,0,25,-8.0061
1.655,0,0,25,-8.00265
1.66,0,0,25,-7.99919
1.665,0,0,25,-7.99574
1.67,0,0,25,-7.99229
1.675,0,0,25,-7.98884
1.68,0,0,25,-7.98538
1.685,0,0,25,-7.98193
1.69,0,0,25,-7.97848
1.695,0,0,25,-7.97504
1.7,0,0,25,-7.97159
1.705,0,0,25,-7.96814
1.71,0,0,25,-7.96469
1.715,0,0,25,-7.96125
1.72,0,0,25,-7.9578
1.725,0,0,25,-7.95435
1.73,0,0,25,-7.95091
1.735,0,0,25,-7.94747
1.74,0,0,25,-7.94402
1.745,0,0,25,-7.94058
1.75,0,0,25,-7.93714
1.755,0,0,25,-7.9337
1.76,0,0,25,-7.93026
1.765,0,0,25,-7.92681
1.77,0,0,25,-7.92338
1.775,0,0,25,-7.91994
1.78,0,0,25,-7.9165
1.785,0,0,25,-7.91306
1.79,0,0,25,-7.90962
1.795,0,0,25,-7.90619
1.8,0,0,25,-7.90275
1.805,0,0,25,-7.89931
1.81,0,0,25,-7.89588
1.815,0,0,25,-7.89244
1.82,0,0,25,-7.88901
1.825,0,0,25,-7.88558
1.83,0,0,25,-7.88215
1.835,0,0,25,-7.87871
1.84,0,0,25,-7.87528
1.845,0,0,25,-7.87185
1.85,0,0,25,-7.86842
1.855,0,0,25,-7.86499
1.86,0,0,25,-7.86156
1.865,0,0,25,-7.85813
1.87,0,0,25,-7.8547
1.875,0,0,25,-7.85128
1.88,0,0,25,-7.84785
1.885,0,0,25,-7.84442
1.89,0,0,25,-7.841
1.895,0,0,25,-7.83757
1.9,0,0,25,-7.83415
1.905,0,0,25,-7.83072
1.91,0,0,25,-7.8273
1.915,0,0,25,-7.82388
1.92,0,0,25,-7.82045
1.925,0,0,25,-7.81703
1.93,0,0,25,-7.81361
1.935,0,0,25,-7.81019
1.94,0,0,25,-7.80677
1.945,0,0,25,-7.80335
1.95,0,0,25,-7.79993
1.955,0,0,25,-7.79651
1.96,0,0,25,-7.79309
1.965,0,0,25,-7.78968
1.97,0,0,25,-7.78626
1.975,0,0,25,-7.78284
1.98,0,0,25,-7.77942
1.985,0,0,25,-7.77601
1.99,0,0,25,-7.77259
1.995,0,0,25,-7.76918
2,0,0,25,-7.76577
2.005,0,0,25,-7.76235
2.01,0,0,25,-7.75894
2.015,0,0,25,-7.75553
2.02,0,0,25,-7.75211
2.025,0,0,25,-7.7487
2.03,0,0,25,-7.74529
2.035,0,0,25,-7.74188
2.04,0,0,25,-7.73847
2.045,0,0,25,-7.73506
2.05,0,0,25,-7.73165
2.055,0,0,25,-7.72824
2.06,0,0,25,-7.72484
2.065,0,0,25,-7.72143
2.07,0,0,25,-7.71802
2.075,0,0,25,-7.71461
2.08,0,0,25,-7.71121
2.085,0,0,25,-7.7078
2.09,0,0,25,-7.7044
2.095,0,0,25,-7.70099
2.1,0,0,25,-7.69759
2.105,0,0,25,-7.69418
2.11,0,0,25,-7.69078
2.115,0,0,25,-7.68738
2.12,0,0,25,-7.68398
2.125,0,0,25,-7.68057
2.13,0,0,25,-7.67717
2.135,0,0,25,-7.67377
2.14,0,0,25,-7.67037
2.145,0,0,25,-7.66697
2.15,0,0,25,-7.66357
2.155,0,0,25,-7.66017
2.16,0,0,25,-7.65678
2.165,0,0,25,-7.65338
2.17,0,0,25,-7.64998
2.175,0,0,25,-7.64658
2.18,0,0,25,-7.64319
2.185,0,0,25,-7.63979
2.19,0,0,25,-7.6364
2.195,0,0,25,-7.633
2.2,0,0,25,-7.62961
2.205,0,0,25,-7.62621
2.21,0,0,25,-7.62282
2.215,0,0,25,-7.61942
2.22,0,0,25,-7.61603
2.225,0,0,25,-7.61264
2.23,0,0,25,-7.60925
2.235,0,0,25,-7.60586
2.24,0,0,25,-7.60247
2.245,0,0,25,-7.59907
2.25,0,0,25,-7.59568
2.255,0,0,25,-7.59229
2.26,0,0,25,-7.58891
2.265,0,0,25,-7.58552
2.27,0,0,25,-7.58213
2.275,0,0,25,-7.57874
2.28,0,0,25,-7.57535
2.285,0,0,25,-7.57197
2.29,0,0,25,-7.56858
2.295,0,0,25,-7.56519
2.3,0,0,25,-7.56181
2.305,0,0,25,-7.55842
2.31,0,0,25,-7.55504
2.315,0,0,25,-7.55165
2.32,0,0,25,-7.54827
2.325,0,0,25,-7.54489
2.33,0,0,25,-7.5415
2.335,0,0,25,-7.53812
2.34,0,0,25,-7.53474
2.345,0,0,25,-7.53136
2.35,0,0,25,-7.52798
2.355,0,0,25,-7.5246
2.36,0,0,25,-7.52122
2.365,0,0,25,-7.51784
2.37,0,0,25,-7.51446
2.375,0,0,25,-7.51108
2.38,0,0,25,-7.5077
2.385,0,0,25,-7.50432
2.39,0,0,25,-7.50094
2.395,0,0,25,-7.49757
2.4,0,0,25,-7.49419
2.405,0,0,25,-7.49081
2.41,0,0,25,-7.48744
2.415,0,0,25,-7.48406
2.42,0,0,25,-7.48068
2.425,0,0,25,-7.47731
2.43,0,0,25,-7.47394
2.435,0,0,25,-7.47056
2.44,0,0,25,-7.46719
2.445,0,0,25,-7.46381
2.45,0,0,25,-7.46044
2.455,0,0,25,-7.45707
2.46,0,0,25,-7.4537
2.465,0,0,25,-7.45033
2.47,0,0,25,-7.44695
2.475,0,0,25,-7.44358
2.48,0,0,25,-7.44021
2.485,0,0,25,-7.43684
2.49,0,0,25,-7.43347
2.495,0,0,25,-7.43011
2.5,0,0,25,-7.42674
2.505,0,0,25,-7.42337
2.51,0,0,25,-7.42
2.515,0,0,25,-7.41663
2.52,0,0,25,-7.41327
2.525,0,0,25,-7.4099
2.53,0,0,25,-7.40653
2.535,0,0,25,-7.40317
2.54,0,0,25,-7.3998
2.545,0,0,25,-7.39644
2.55,0,0,25,-7.39307
2.555,0,0,25,-7.38971
2.56,0,0,25,-7.38635
2.565,0,0,25,-7.38298
2.57,0,0,25,-7.37962
2.575,0,0,25,-7.37626
2.58,0,0,25,-7.3729
2.585,0,0,25,-7.36953
2.59,0,0,25,-7.36617
2.595,0,0,25,-7.36281
2.6,0,0,25,-7.35945
2.605,0,0,25,-7.35609
2.61,0,0,25,-7.35273
2.615,0,0,25,-7.34937
2.62,0,0,25,-7.34601
2.625,0,0,25,-7.34266
2.63,0,0,25,-7.3393
2.635,0,0,25,-7.33594
2.64,0,0,25,-7.33258
2.645,0,0,25,-7.32923
2.65,0,0,25,-7.32587
2.655,0,0,25,-7.32251
2.66,0,0,25,-7.31916
2.665,0,0,25,-7.3158
2.67,0,0,25,-7.31245
2.675,0,0,25,-7.30909
2.68,0,0,25,-7.30574
2.685,0,0,25,-7.30238
2.69,0,0,25,-7.29903
2.695,0,0,25,-7.29568
2.7,0,0,25,-7.29232
2.705,0,0,25,-7.28897
2.71,0,0,25,-7.28562
2.715,0,0,25,-7.28227
2.72,0,0,25,-7.27892
2.725,0,0,25,-7.27557
2.73,0,0,25,-7.27222
2.735,0,0,25,-7.26887
2.74,0,0,25,-7.26552
2.745,0,0,25,-7.26217
2.75,0,0,25,-7.25882
2.755,0,0,25,-7.25547
2.76,0,0,25,-7.25212
2.765,0,0,25,-7.24877
2.77,0,0,25,-7.24543
2.775,0,0,25,-7.24208
2.78,0,0,25,-7.23873
2.785,0,0,25,-7.23539
2.79,0,0,25,-7.23204
2.795,0,0,25,-7.2287
2.8,0,0,25,-7.22535
2.805,0,0,25,-7.22201
2.81,0,0,25,-7.21866
2.815,0,0,25,-7.21532
2.82,0,0,25,-7.21197
2.825,0,0,25,-7.20863
2.83,0,0,25,-7.20529
2.835,0,0,25,-7.20195
2.84,0,0,25,-7.1986
2.845,0,0,25,-7.19526
2.85,0,0,25,-7.19192
2.855,0,0,25,-7.18858
2.86,0,0,25,-7.18524
2.865,0,0,25,-7.1819
2.87,0,0,25,-7.17856
2.875,0,0,25,-7.17522
2.88,0,0,25,-7.17188
2.885,0,0,25,-7.16854
2.89,0,0,25,-7.1652
2.895,0,0,25,-7.16187
2.9,0,0,25,-7.15853
2.905,0,0,25,-7.15519
2.91,0,0,25,-7.15185
2.915,0,0,25,-7.14852
2.92,0,0,25,-7.14518
2.925,0,0,25,-7.14184
2.93,0,0,25,-7.13851
2.935,0,0,25,-7.13517
2.94,0,0,25,-7.13184
2.945,0,0,25,-7.1285
2.95,0,0,25,-7.12517
2.955,0,0,25,-7.12184
2.96,0,0,25,-7.1185
2.965,0,0,25,-7.11517
2.97,0,0,25,-7.11184
2.975,0,0,25,-7.1085
2.98,0,0,25,-7.10517
2.985,0,0,25,-7.10184
2.99,0,0,25,-7.09851
2.995,0,0,25,-7.09518
3,0,0,25,-7.09185
3.005,0,0,25,-7.08852
3.01,0,0,25,-7.08519
3.015,0,0,25,-7.08186
3.02,0,0,25,-7.07853
3.025,0,0,25,-7.0752
3.03,0,0,25,-7.07187
3.035,0,0,25,-7.06854
3.04,0,0,25,-7.06522
3.045,0,0,25,-7.06189
3.05,0,0,25,-7.05856
3.055,0,0,25,-7.05523
3.06,0,0,25,-7.05191
3.065,0,0,25,-7.04858
3.07,0,0,25,-7.04526
3.075,0,0,25,-7.04193
3.08,0,0,25,-7.03861
3.085,0,0,25,-7.03528
3.09,0,0,25,-7.03196
3.095,0,0,25,-7.02863
3.1,0,0,25,-7.02531
3.105,0,0,25,-7.02199
3.11,0,0,25,-7.01866
3.115,0,0,25,-7.01534
3.12,0,0,25,-7.01202
3.125,0,0,25,-7.00869
3.13,0,0,25,-7.00537
3.135,0,0,25,-7.00205
3.14,0,0,25,-6.99873
3.145,0,0,25,-6.99541
3.15,0,0,25,-6.99209
3.155,0,0,25,-6.98877
3.16,0,0,25,-6.98545
3.165,0,0,25,-6.98213
3.17,0,0,25,-6.97881
3.175,0,0,25,-6.97549
3.18,0,0,25,-6.97217
3.185,0,0,25,-6.96886
3.19,0,0,25,-6.96554
3.195,0,0,25,-6.96222
3.2,0,0,25,-6.9589
3.205,0,0,25,-6.95559
3.21,0,0,25,-6.95227
3.215,0,0,25,-6.94896
3.22,0,0,25,-6.94564
3.225,0,0,25,-6.94232
3.23,0,0,25,-6.93901
3.235,0,0,25,-6.93569
3.24,0,0,25,-6.93238
3.245,0,0,25,-6.92907
3.25,0,0,25,-6.92575
3.255,0,0,25,-6.92244
3.26,0,0,25,-6.91913
3.265,0,0,25,-6.91581
3.27,0,0,25,-6.9125
3.275,0,0,25,-6.90919
3.28,0,0,25,-6.90588
3.285,0,0,25,-6.90256
3.29,0,0,25,-6.89925
3.295,0,0,25,-6.89594
3.3,0,0,25,-6.89263
3.305,0,0,25,-6.88932
3.31,0,0,25,-6.88601
3.315,0,0,25,-6.8827
3.32,0,0,25,-6.87939
3.325,0,0,25,-6.87608
3.33,0,0,25,-6.87277
3.335,0,0,25,-6.86946
3.34,0,0,25,-6.86616
3.345,0,0,25,-6.86285
3.35,0,0,25,-6.85954
3.355,0,0,25,-6.85623
3.36,0,0,25,-6.85293
3.365,0,0,25,-6.84962
3.37,0,0,25,-6.84631
3.375,0,0,25,-6.84301
3.38,0,0,25,-6.8397
3.385,0,0,25,-6.83639
3.39,0,0,25,-6.83309
3.395,0,0,25,-6.82978
3.4,0,0,25,-6.82648
3.405,0,0,25,-6.82317
3.41,0,0,25,-6.81987
3.415,0,0,25,-6.81657
3.42,0,0,25,-6.81326
3.425,0,0,25,-6.80996
3.43,0,0,25,-6.80666
3.435,0,0,25,-6.80335
3.44,0,0,25,-6.80005
3.445,0,0,25,-6.79675
3.45,0,0,25,-6.79345
3.455,0,0,25,-6.79014
3.46,0,0,25,-6.78684
3.465,0,0,25,-6.78354
3.47,0,0,25,-6.78024
3.475,0,0,25,-6.77694
3.48,0,0,25,-6.77364
3.485,0,0,25,-6.77034
3.49,0,0,25,-6.76704
3.495,0,0,25,-6.76374
3.5,0,0,25,-6.76044
3.505,0,0,25,-6.75714
3.51,0,0,25,-6.75384
3.515,0,0,25,-6.75054
3.52,0,0,25,-6.74724
3.525,0,0,25,-6.74395
3.53,0,0,25,-6.74065
3.535,0,0,25,-6.73735
3.54,0,0,25,-6.73405
3.545,0,0,25,-6.73076
3.55,0,0,25,-6.72746
3.555,0,0,25,-6.72416
3.56,0,0,25,-6.72087
3.565,0,0,25,-6.71757
3.57,0,0,25,-6.71427
3.575,0,0,25,-6.71098
3.58,0,0,25,-6.70768
3.585,0,0,25,-6.70439
3.59,0,0,25,-6.70109
3.595,0,0,25,-6.6978
3.6,0,0,25,-6.6945
3.605,0,0,25,-6.69121
3.61,0,0,25,-6.68791
3.615,0,0,25,-6.68462
3.62,0,0,25,-6.68133
3.625,0,0,25,-6.67803
3.63,0,0,25,-6.67474
3.635,0,0,25,-6.67145
3.64,0,0,25,-6.66815
3.645,0,0,25,-6.66486
3.65,0,0,25,-6.66157
3.655,0,0,25,-6.65828
3.66,0,0,25,-6.65498
3.665,0,0,25,-6.65169
3.67,0,0,25,-6.6484
3.675,0,0,25,-6.64511
3.68,0,0,25,-6.64182
3.685,0,0,25,-6.63853
3.69,0,0,25,-6.63524
3.695,0,0,25,-6.63195
3.7,0,0,25,-6.62866
3.705,0,0,25,-6.62537
3.71,0,0,25,-6.62208
3.715,0,0,25,-6.61879
3.72,0,0,25,-6.6155
3.725,0,0,25,-6.61221
3.73,0,0,25,-6.60892
3.735,0,0,25,-6.60563
3.74,0,0,25,-6.60234
3.745,0,0,25,-6.59905
3.75,0,0,25,-6.59576
3.755,0,0,25,-6.59248
3.76,0,0,25,-6.58919
3.765,0,0,25,-6.5859
3.77,0,0,25,-6.58261
3.775,0,0,25,-6.57933
3.78,0,0,25,-6.57604
3.785,0,0,25,-6.57275
3.79,0,0,25,-6.56946
3.795,0,0,25,-6.56618
3.8,0,0,25,-6.56289
3.805,0,0,25,-6.55961
3.81,0,0,25,-6.55632
3.815,0,0,25,-6.55303
3.82,0,0,25,-6.54975
3.825,0,0,25,-6.54646
3.83,0,0,25,-6.54318
3.835,0,0,25,-6.53989
3.84,0,0,25,-6.53661
3.845,0,0,25,-6.53332
3.85,0,0,25,-6.53004
3.855,0,0,25,-6.52675
3.86,0,0,25,-6.52347
3.865,0,0,25,-6.52018
3.87,0,0,25,-6.5169
3.875,0,0,25,-6.51362
3.88,0,0,25,-6.51033
3.885,0,0,25,-6.50705
3.89,0,0,25,-6.50377
3.895,0,0,25,-6.50048
3.9,0,0,25,-6.4972
3.905,0,0,25,-6.49392
3.91,0,0,25,-6.49064
3.915,0,0,25,-6.48735
3.92,0,0,25,-6.48407
3.925,0,0,25,-6.48079
3.93,0,0,25,-6.47751
3.935,0,0,25,-6.47423
3.94,0,0,25,-6.47095
3.945,0,0,25,-6.46767
3.95,0,0,25,-6.46439
3.955,0,0,25,-6.4611
3.96,0,0,25,-6.45782
3.965,0,0,25,-6.45454
3.97,0,0,25,-6.45126
3.975,0,0,25,-6.44799
3.98,0,0,25,-6.44471
3.985,0,0,25,-6.44143
3.99,0,0,25,-6.43815
3.995,0,0,25,-6.43487
4,0,0,25,-6.43159
4.005,0,0,25,-6.42831
4.01,0,0,25,-6.42504
4.015,0,0,25,-6.42176
4.02,0,0,25,-6.41848
4.025,0,0,25,-6.4152
4.03,0,0,25,-6.41193
4.035,0,0,25,-6.40865
4.04,0,0,25,-6.40538
4.045,0,0,25,-6.4021
4.05,0,0,25,-6.39883
4.055,0,0,25,-6.39555
4.06,0,0,25,-6.39228
4.065,0,0,25,-6.389
4.07,0,0,25,-6.38573
4.075,0,0,25,-6.38246
4.08,0,0,25,-6.37918
4.085,0,0,25,-6.37591
4.09,0,0,25,-6.37264
4.095,0,0,25,-6.36937
4.1,0,0,25,-6.3661
4.105,0,0,25,-6.36283
4.11,0,0,25,-6.35956
4.115,0,0,25,-6.35629
4.12,0,0,25,-6.35302
4.125,0,0,25,-6.34975
4.13,0,0,25,-6.34648
4.135,0,0,25,-6.34321
4.14,0,0,25,-6.33995
4.145,0,0,25,-6.33668
4.15,0,0,25,-6.33342
4.155,0,0,25,-6.33015
4.16,0,0,25,-6.32689
4.165,0,0,25,-6.32362
4.17,0,0,25,-6.32036
4.175,0,0,25,-6.3171
4.18,0,0,25,-6.31384
4.185,0,0,25,-6.31058
4.19,0,0,25,-6.30732
4.195,0,0,25,-6.30406
4.2,0,0,25,-6.3008
4.205,0,0,25,-6.29755
4.21,0,0,25,-6.29429
4.215,0,0,25,-6.29104
4.22,0,0,25,-6.28778
4.225,0,0,25,-6.28453
4.23,0,0,25,-6.28128
4.235,0,0,25,-6.27803
4.24,0,0,25,-6.27478
4.245,0,0,25,-6.27153
4.25,0,0,25,-6.26829
4.255,0,0,25,-6.26504
4.26,0,0,25,-6.2618
4.265,0,0,25,-6.25856
4.27,0,0,25,-6.25532
4.275,0,0,25,-6.25208
4.28,0,0,25,-6.24884
4.285,0,0,25,-6.2456
4.29,0,0,25,-6.24237
4.295,0,0,25,-6.23914
4.3,0,0,25,-6.23591
4.305,0,0,25,-6.23268
4.31,0,0,25,-6.22945
4.315,0,0,25,-6.22622
4.32,0,0,25,-6.223
4.325,0,0,25,-6.21978
4.33,0,0,25,-6.21656
4.335,0,0,25,-6.21335
4.34,0,0,25,-6.21013
4.345,0,0,25,-6.20692
4.35,0,0,25,-6.20371
4.355,0,0,25,-6.2005
4.36,0,0,25,-6.1973
4.365,0,0,25,-6.1941
4.37,0,0,25,-6.1909
4.375,0,0,25,-6.18771
4.38,0,0,25,-6.18451
4.385,0,0,25,-6.18132
4.39,0,0,25,-6.17814
4.395,0,0,25,-6.17495
4.4,0,0,25,-6.17178
4.405,0,0,25,-6.1686
4.41,0,0,25,-6.16543
4.415,0,0,25,-6.16226
4.42,0,0,25,-6.15909
4.425,0,0,25,-6.15593
4.43,0,0,25,-6.15278
4.435,0,0,25,-6.14963
4.44,0,0,25,-6.14648
4.445,0,0,25,-6.14333
4.45,0,0,25,-6.1402
4.455,0,0,25,-6.13706
4.46,0,0,25,-6.13393
4.465,0,0,25,-6.13081
4.47,0,0,25,-6.12769
4.475,0,0,25,-6.12458
4.48,0,0,25,-6.12147
4.485,0,0,25,-6.11837
4.49,0,0,25,-6.11527
4.495,0,0,25,-6.11218
4.5,0,0,25,-6.1091
4.505,0,0,25,-6.10602
4.51,0,0,25,-6.10295
4.515,0,0,25,-6.09989
4.52,0,0,25,-6.09683
4.525,0,0,25,-6.09379
4.53,0,0,25,-6.09074
4.535,0,0,25,-6.08771
4.54,0,0,25,-6.08469
4.545,0,0,25,-6.08167
4.55,0,0,25,-6.07866
4.555,0,0,25,-6.07566
4.56,0,0,25,-6.07267
4.565,0,0,25,-6.06969
4.57,0,0,25,-6.06671
4.575,0,0,25,-6.06375
4.58,0,0,25,-6.0608
4.585,0,0,25,-6.05786
4.59,0,0,25,-6.05493
4.595,0,0,25,-6.052
4.6,0,0,25,-6.0491
4.605,0,0,25,-6.0462
4.61,0,0,25,-6.04331
4.615,0,0,25,-6.04044
4.62,0,0,25,-6.03758
4.625,0,0,25,-6.03473
4.63,0,0,25,-6.03189
4.635,0,0,25,-6.02907
4.64,0,0,25,-6.02627
4.645,0,0,25,-6.02347
4.65,0,0,25,-6.0207
4.655,0,0,25,-6.01793
4.66,0,0,25,-6.01519
4.665,0,0,25,-6.01246
4.67,0,0,25,-6.00974
4.675,0,0,25,-6.00705
4.68,0,0,25,-6.00437
4.685,0,0,25,-6.00171
4.69,0,0,25,-5.99907
4.695,0,0,25,-5.99644
4.7,0,0,25,-5.99384
4.705,0,0,25,-5.99125
4.71,0,0,25,-5.98869
4.715,0,0,25,-5.98615
4.72,0,0,25,-5.98363
4.725,0,0,25,-5.98113
4.73,0,0,25,-5.97866
4.735,0,0,25,-5.97621
4.74,0,0,25,-5.97378
4.745,0,0,25,-5.97138
4.75,0,0,25,-5.969
4.755,0,0,25,-5.96665
4.76,0,0,25,-5.96432
4.765,0,0,25,-5.96203
4.77,0,0,25,-5.95976
4.775,0,0,25,-5.95752
4.78,0,0,25,-5.95531
4.785,0,0,25,-5.95313
4.79,0,0,25,-5.95098
4.795,0,0,25,-5.94887
4.8,0,0,25,-5.94679
4.805,0,0,25,-5.94474
4.81,0,0,25,-5.94272
4.815,0,0,25,-5.94074
4.82,0,0,25,-5.9388
4.825,0,0,25,-5.93689
4.83,0,0,25,-5.93502
4.835,0,0,25,-5.9332
4.84,0,0,25,-5.93141
4.845,0,0,25,-5.92966
4.85,0,0,25,-5.92795
4.855,0,0,25,-5.92629
4.86,0,0,25,-5.92466
4.865,0,0,25,-5.92309
4.87,0,0,25,-5.92156
4.875,0,0,25,-5.92007
4.88,0,0,25,-5.91864
4.885,0,0,25,-5.91725
4.89,0,0,25,-5.91591
4.895,0,0,25,-5.91462
4.9,0,0,25,-5.91338
4.905,0,0,25,-5.91219
4.91,0,0,25,-5.91106
4.915,0,0,25,-5.90998
4.92,0,0,25,-5.90896
4.925,0,0,25,-5.90799
4.93,0,0,25,-5.90708
4.935,0,0,25,-5.90622
4.94,0,0,25,-5.90542
4.945,0,0,25,-5.90469
4.95,0,0,25,-5.90401
4.955,0,0,25,-5.90339
4.96,0,0,25,-5.90283
4.965,0,0,25,-5.90233
4.97,0,0,25,-5.90189
4.975,0,0,25,-5.90151
4.98,0,0,25,-5.9012
4.985,0,0,25,-5.90095
4.99,0,0,25,-5.90076
4.995,0,0,25,-5.90064
5,0,0,25,-5.90057
