0,0,0,125,-14.9299
0.025,0,0,125,-14.928
0.05,0,0,125,-14.9242
0.075,0,0,125,-14.9184
0.1,0,0,125,-14.9108
0.125,0,0,125,-14.9015
0.15,0,0,125,-14.8905
0.175,0,0,125,-14.878
0.2,0,0,125,-14.8644
0.225,0,0,125,-14.8496
0.25,0,0,125,-14.8339
0.275,0,0,125,-14.8173
0.3,0,0,125,-14.7999
0.325,0,0,125,-14.7819
0.35,0,0,125,-14.7632
0.375,0,0,125,-14.744
0.4,0,0,125,-14.7242
0.425,0,0,125,-14.7041
0.45,0,0,125,-14.6836
0.475,0,0,125,-14.6627
0.5,0,0,125,-14.6416
0.525,0,0,125,-14.6202
0.55,0,0,125,-14.5985
0.575,0,0,125,-14.5767
0.6,0,0,125,-14.5547
0.625,0,0,125,-14.5325
0.65,0,0,125,-14.5103
0.675,0,0,125,-14.4879
0.7,0,0,125,-14.4654
0.725,0,0,125,-14.4429
0.75,0,0,125,-14.4203
0.775,0,0,125,-14.3976
0.8,0,0,125,-14.3749
0.825,0,0,125,-14.3522
0.85,0,0,125,-14.3295
0.875,0,0,125,-14.3068
0.9,0,0,125,-14.284
0.925,0,0,125,-14.2613
0.95,0,0,125,-14.2385
0.975,0,0,125,-14.2158
1,0,0,125,-14.1931
1.025,0,0,125,-14.1704
1.05,0,0,125,-14.1478
1.075,0,0,125,-14.1251
1.1,0,0,125,-14.1025
1.125,0,0,125,-14.0799
1.15,0,0,125,-14.0574
1.175,0,0,125,-14.0349
1.2,0,0,125,-14.0124
1.225,0,0,125,-13.99
1.25,0,0,125,-13.9675
1.275,0,0,125,-13.9452
1.3,0,0,125,-13.9228
1.325,0,0,125,-13.9005
1.35,0,0,125,-13.8783
1.375,0,0,125,-13.856
1.4,0,0,125,-13.8339
1.425,0,0,125,-13.8117
1.45,0,0,125,-13.7896
1.475,0,0,125,-13.7676
1.5,0,0,125,-13.7455
1.525,0,0,125,-13.7236
1.55,0,0,125,-13.7016
1.575,0,0,125,-13.6797
1.6,0,0,125,-13.6578
1.625,0,0,125,-13.636
1.65,0,0,125,-13.6142
1.675,0,0,125,-13.5925
1.7,0,0,125,-13.5707
1.725,0,0,125,-13.5491
1.75,0,0,125,-13.5274
1.775,0,0,125,-13.5058
1.8,0,0,125,-13.4842
1.825,0,0,125,-13.4627
1.85,0,0,125,-13.4412
1.875,0,0,125,-13.4197
1.9,0,0,125,-13.3983
1.925,0,0,125,-13.3769
1.95,0,0,125,-13.3555
1.975,0,0,125,-13.3342
2,0,0,125,-13.3129
2.025,0,0,125,-13.2916
2.05,0,0,125,-13.2704
2.075,0,0,125,-13.2492
2.1,0,0,125,-13.2281
2.125,0,0,125,-13.2069
2.15,0,0,125,-13.1859
2.175,0,0,125,-13.1648
2.2,0,0,125,-13.1438
2.225,0,0,125,-13.1228
2.25,0,0,125,-13.1018
2.275,0,0,125,-13.0809
2.3,0,0,125,-13.06
2.325,0,0,125,-13.0391
2.35,0,0,125,-13.0183
2.375,0,0,125,-12.9975
2.4,0,0,125,-12.9767
2.425,0,0,125,-12.9559
2.45,0,0,125,-12.9352
2.475,0,0,125,-12.9145
2.5,0,0,125,-12.8938
2.525,0,0,125,-12.8732
2.55,0,0,125,-12.8526
2.575,0,0,125,-12.832
2.6,0,0,125,-12.8115
2.625,0,0,125,-12.7909
2.65,0,0,125,-12.7704
2.675,0,0,125,-12.75
2.7,0,0,125,-12.7295
2.725,0,0,125,-12.7091
2.75,0,0,125,-12.6887
2.775,0,0,125,-12.6684
2.8,0,0,125,-12.6481
2.825,0,0,125,-12.6278
2.85,0,0,125,-12.6075
2.875,0,0,125,-12.5873
2.9,0,0,125,-12.567
2.925,0,0,125,-12.5468
2.95,0,0,125,-12.5267
2.975,0,0,125,-12.5065
3,0,0,125,-12.4864
3.025,0,0,125,-12.4663
3.05,0,0,125,-12.4463
3.075,0,0,125,-12.4262
3.1,0,0,125,-12.4062
3.125,0,0,125,-12.3862
3.15,0,0,125,-12.3662
3.175,0,0,125,-12.3462
3.2,0,0,125,-12.3263
3.225,0,0,125,-12.3064
3.25,0,0,125,-12.2865
3.275,0,0,125,-12.2666
3.3,0,0,125,-12.2467
3.325,0,0,125,-12.2269
3.35,0,0,125,-12.2071
3.375,0,0,125,-12.1873
3.4,0,0,125,-12.1676
3.425,0,0,125,-12.1478
3.45,0,0,125,-12.1281
3.475,0,0,125,-12.1084
3.5,0,0,125,-12.0887
3.525,0,0,125,-12.0691
3.55,0,0,125,-12.0494
3.575,0,0,125,-12.0298
3.6,0,0,125,-12.0102
3.625,0,0,125,-11.9906
3.65,0,0,125,-11.971
3.675,0,0,125,-11.9514
3.7,0,0,125,-11.9319
3.725,0,0,125,-11.9124
3.75,0,0,125,-11.8929
3.775,0,0,125,-11.8734
3.8,0,0,125,-11.8539
3.825,0,0,125,-11.8344
3.85,0,0,125,-11.815
3.875,0,0,125,-11.7956
3.9,0,0,125,-11.7761
3.925,0,0,125,-11.7567
3.95,0,0,125,-11.7374
3.975,0,0,125,-11.718
4,0,0,125,-11.6987
4.025,0,0,125,-11.6793
4.05,0,0,125,-11.66
4.075,0,0,125,-11.6408
4.1,0,0,125,-11.6215
4.125,0,0,125,-11.6023
4.15,0,0,125,-11.5831
4.175,0,0,125,-11.564
4.2,0,0,125,-11.5448
4.225,0,0,125,-11.5258
4.25,0,0,125,-11.5067
4.275,0,0,125,-11.4878
4.3,0,0,125,-11.4689
4.325,0,0,125,-11.45
4.35,0,0,125,-11.4313
4.375,0,0,125,-11.4126
4.4,0,0,125,-11.3941
4.425,0,0,125,-11.3756
4.45,0,0,125,-11.3574
4.475,0,0,125,-11.3392
4.5,0,0,125,-11.3213
4.525,0,0,125,-11.3036
4.55,0,0,125,-11.286
4.575,0,0,125,-11.2688
4.6,0,0,125,-11.2519
4.625,0,0,125,-11.2353
4.65,0,0,125,-11.2191
4.675,0,0,125,-11.2034
4.7,0,0,125,-11.1881
4.725,0,0,125,-11.1735
4.75,0,0,125,-11.1595
4.775,0,0,125,-11.1462
4.8,0,0,125,-11.1338
4.825,0,0,125,-11.1222
4.85,0,0,125,-11.1118
4.875,0,0,125,-11.1024
4.9,0,0,125,-11.0944
4.925,0,0,125,-11.0878
4.95,0,0,125,-11.0827
4.975,0,0,125,-11.0792
5,0,0,125,-11.0775
