0,0,0,25,-6.84656
0.005,0,0,25,-6.84648
0.01,0,0,25,-6.84631
0.015,0,0,25,-6.84606
0.02,0,0,25,-6.84573
0.025,0,0,25,-6.84531
0.03,0,0,25,-6.84482
0.035,0,0,25,-6.84425
0.04,0,0,25,-6.8436
0.045,0,0,25,-6.84288
0.05,0,0,25,-6.84208
0.055,0,0,25,-6.84122
0.06,0,0,25,-6.84028
0.065,0,0,25,-6.83927
0.07,0,0,25,-6.8382
0.075,0,0,25,-6.83706
0.08,0,0,25,-6.83586
0.085,0,0,25,-6.83459
0.09,0,0,25,-6.83326
0.095,0,0,25,-6.83187
0.1,0,0,25,-6.83043
0.105,0,0,25,-6.82893
0.11,0,0,25,-6.82737
0.115,0,0,25,-6.82575
0.12,0,0,25,-6.82409
0.125,0,0,25,-6.82237
0.13,0,0,25,-6.8206
0.135,0,0,25,-6.81878
0.14,0,0,25,-6.81692
0.145,0,0,25,-6.815
0.15,0,0,25,-6.81304
0.155,0,0,25,-6.81104
0.16,0,0,25,-6.80899
0.165,0,0,25,-6.8069
0.17,0,0,25,-6.80477
0.175,0,0,25,-6.8026
0.18,0,0,25,-6.80038
0.185,0,0,25,-6.79813
0.19,0,0,25,-6.79584
0.195,0,0,25,-6.79352
0.2,0,0,25,-6.79116
0.205,0,0,25,-6.78876
0.21,0,0,25,-6.78633
0.215,0,0,25,-6.78387
0.22,0,0,25,-6.78137
0.225,0,0,25,-6.77885
0.23,0,0,25,-6.77629
0.235,0,0,25,-6.7737
0.24,0,0,25,-6.77109
0.245,0,0,25,-6.76844
0.25,0,0,25,-6.76577
0.255,0,0,25,-6.76307
0.26,0,0,25,-6.76034
0.265,0,0,25,-6.75759
0.27,0,0,25,-6.75481
0.275,0,0,25,-6.75201
0.28,0,0,25,-6.74918
0.285,0,0,25,-6.74634
0.29,0,0,25,-6.74346
0.295,0,0,25,-6.74057
0.3,0,0,25,-6.73766
0.305,0,0,25,-6.73472
0.31,0,0,25,-6.73176
0.315,0,0,25,-6.72879
0.32,0,0,25,-6.72579
0.325,0,0,25,-6.72278
0.33,0,0,25,-6.71975
0.335,0,0,25,-6.7167
0.34,0,0,25,-6.71363
0.345,0,0,25,-6.71054
0.35,0,0,25,-6.70744
0.355,0,0,25,-6.70433
0.36,0,0,25,-6.70119
0.365,0,0,25,-6.69804
0.37,0,0,25,-6.69488
0.375,0,0,25,-6.6917
0.38,0,0,25,-6.68851
0.385,0,0,25,-6.68531
0.39,0,0,25,-6.68209
0.395,0,0,25,-6.67885
0.4,0,0,25,-6.67561
0.405,0,0,25,-6.67235
0.41,0,0,25,-6.66908
0.415,0,0,25,-6.6658
0.42,0,0,25,-6.66251
0.425,0,0,25,-6.65921
0.43,0,0,25,-6.65589
0.435,0,0,25,-6.65257
0.44,0,0,25,-6.64923
0.445,0,0,25,-6.64589
0.45,0,0,25,-6.64253
0.455,0,0,25,-6.63917
0.46,0,0,25,-6.63579
0.465,0,0,25,-6.63241
0.47,0,0,25,-6.62902
0.475,0,0,25,-6.62562
0.48,0,0,25,-6.62221
0.485,0,0,25,-6.61879
0.49,0,0,25,-6.61537
0.495,0,0,25,-6.61194
0.5,0,0,25,-6.6085
0.505,0,0,25,-6.60505
0.51,0,0,25,-6.6016
0.515,0,0,25,-6.59814
0.52,0,0,25,-6.59467
0.525,0,0,25,-6.59119
0.53,0,0,25,-6.58771
0.535,0,0,25,-6.58423
0.54,0,0,25,-6.58073
0.545,0,0,25,-6.57723
0.55,0,0,25,-6.57373
0.555,0,0,25,-6.57022
0.56,0,0,25,-6.5667
0.565,0,0,25,-6.56318
0.57,0,0,25,-6.55966
0.575,0,0,25,-6.55612
0.58,0,0,25,-6.55259
0.585,0,0,25,-6.54905
0.59,0,0,25,-6.5455
0.595,0,0,25,-6.54195
0.6,0,0,25,-6.53839
0.605,0,0,25,-6.53484
0.61,0,0,25,-6.53127
0.615,0,0,25,-6.5277
0.62,0,0,25,-6.52413
0.625,0,0,25,-6.52056
0.63,0,0,25,-6.51698
0.635,0,0,25,-6.51339
0.64,0,0,25,-6.5098
0.645,0,0,25,-6.50621
0.65,0,0,25,-6.50262
0.655,0,0,25,-6.49902
0.66,0,0,25,-6.49542
0.665,0,0,25,-6.49182
0.67,0,0,25,-6.48821
0.675,0,0,25,-6.4846
0.68,0,0,25,-6.48098
0.685,0,0,25,-6.47737
0.69,0,0,25,-6.47375
0.695,0,0,25,-6.47012
0.7,0,0,25,-6.4665
0.705,0,0,25,-6.46287
0.71,0,0,25,-6.45924
0.715,0,0,25,-6.4556
0.72,0,0,25,-6.45197
0.725,0,0,25,-6.44833
0.73,0,0,25,-6.44469
0.735,0,0,25,-6.44104
0.74,0,0,25,-6.4374
0.745,0,0,25,-6.43375
0.75,0,0,25,-6.4301
0.755,0,0,25,-6.42644
0.76,0,0,25,-6.42279
0.765,0,0,25,-6.41913
0.77,0,0,25,-6.41547
0.775,0,0,25,-6.4118
0.78,0,0,25,-6.40814
0.785,0,0,25,-6.40447
0.79,0,0,25,-6.4008
0.795,0,0,25,-6.39713
0.8,0,0,25,-6.39346
0.805,0,0,25,-6.38979
0.81,0,0,25,-6.38611
0.815,0,0,25,-6.38243
0.82,0,0,25,-6.37875
0.825,0,0,25,-6.37507
0.83,0,0,25,-6.37138
0.835,0,0,25,-6.3677
0.84,0,0,25,-6.36401
0.845,0,0,25,-6.36032
0.85,0,0,25,-6.35663
0.855,0,0,25,-6.35293
0.86,0,0,25,-6.34924
0.865,0,0,25,-6.34554
0.87,0,0,25,-6.34184
0.875,0,0,25,-6.33814
0.88,0,0,25,-6.33444
0.885,0,0,25,-6.33074
0.89,0,0,25,-6.32703
0.895,0,0,25,-6.32332
0.9,0,0,25,-6.31962
0.905,0,0,25,-6.3159
0.91,0,0,25,-6.31219
0.915,0,0,25,-6.30848
0.92,0,0,25,-6.30476
0.925,0,0,25,-6.30105
0.93,0,0,25,-6.29733
0.935,0,0,25,-6.29361
0.94,0,0,25,-6.28988
0.945,0,0,25,-6.28616
0.95,0,0,25,-6.28244
0.955,0,0,25,-6.27871
0.96,0,0,25,-6.27498
0.965,0,0,25,-6.27125
0.97,0,0,25,-6.26752
0.975,0,0,25,-6.26378
0.98,0,0,25,-6.26005
0.985,0,0,25,-6.25631
0.99,0,0,25,-6.25257
0.995,0,0,25,-6.24883
1,0,0,25,-6.24509
1.005,0,0,25,-6.24135
1.01,0,0,25,-6.2376
1.015,0,0,25,-6.23386
1.02,0,0,25,-6.23011
1.025,0,0,25,-6.22636
1.03,0,0,25,-6.22261
1.035,0,0,25,-6.21886
1.04,0,0,25,-6.2151
1.045,0,0,25,-6.21134
1.05,0,0,25,-6.20759
1.055,0,0,25,-6.20383
1.06,0,0,25,-6.20006
1.065,0,0,25,-6.1963
1.07,0,0,25,-6.19254
1.075,0,0,25,-6.18877
1.08,0,0,25,-6.185
1.085,0,0,25,-6.18123
1.09,0,0,25,-6.17746
1.095,0,0,25,-6.17368
1.1,0,0,25,-6.16991
1.105,0,0,25,-6.16613
1.11,0,0,25,-6.16235
1.115,0,0,25,-6.15857
1.12,0,0,25,-6.15479
1.125,0,0,25,-6.15101
1.13,0,0,25,-6.14722
1.135,0,0,25,-6.14343
1.14,0,0,25,-6.13964
1.145,0,0,25,-6.13585
1.15,0,0,25,-6.13206
1.155,0,0,25,-6.12826
1.16,0,0,25,-6.12446
1.165,0,0,25,-6.12066
1.17,0,0,25,-6.11686
1.175,0,0,25,-6.11306
1.18,0,0,25,-6.10925
1.185,0,0,25,-6.10545
1.19,0,0,25,-6.10164
1.195,0,0,25,-6.09783
1.2,0,0,25,-6.09401
1.205,0,0,25,-6.0902
1.21,0,0,25,-6.08638
1.215,0,0,25,-6.08256
1.22,0,0,25,-6.07874
1.225,0,0,25,-6.07492
1.23,0,0,25,-6.07109
1.235,0,0,25,-6.06727
1.24,0,0,25,-6.06344
1.245,0,0,25,-6.05961
1.25,0,0,25,-6.05577
1.255,0,0,25,-6.05194
1.26,0,0,25,-6.0481
1.265,0,0,25,-6.04426
1.27,0,0,25,-6.04042
1.275,0,0,25,-6.03657
1.28,0,0,25,-6.03273
1.285,0,0,25,-6.02888
1.29,0,0,25,-6.02503
1.295,0,0,25,-6.02117
1.3,0,0,25,-6.01732
1.305,0,0,25,-6.01346
1.31,0,0,25,-6.0096
1.315,0,0,25,-6.00574
1.32,0,0,25,-6.00187
1.325,0,0,25,-5.998
1.33,0,0,25,-5.99413
1.335,0,0,25,-5.99026
1.34,0,0,25,-5.98639
1.345,0,0,25,-5.98251
1.35,0,0,25,-5.97863
1.355,0,0,25,-5.97475
1.36,0,0,25,-5.97087
1.365,0,0,25,-5.96698
1.37,0,0,25,-5.96309
1.375,0,0,25,-5.9592
1.38,0,0,25,-5.9553
1.385,0,0,25,-5.95141
1.39,0,0,25,-5.94751
1.395,0,0,25,-5.94361
1.4,0,0,25,-5.9397
1.405,0,0,25,-5.93579
1.41,0,0,25,-5.93188
1.415,0,0,25,-5.92797
1.42,0,0,25,-5.92406
1.425,0,0,25,-5.92014
1.43,0,0,25,-5.91622
1.435,0,0,25,-5.91229
1.44,0,0,25,-5.90837
1.445,0,0,25,-5.90444
1.45,0,0,25,-5.90051
1.455,0,0,25,-5.89657
1.46,0,0,25,-5.89264
1.465,0,0,25,-5.8887
1.47,0,0,25,-5.88475
1.475,0,0,25,-5.88081
1.48,0,0,25,-5.87686
1.485,0,0,25,-5.87291
1.49,0,0,25,-5.86895
1.495,0,0,25,-5.865
1.5,0,0,25,-5.86104
1.505,0,0,25,-5.85707
1.51,0,0,25,-5.85311
1.515,0,0,25,-5.84914
1.52,0,0,25,-5.84516
1.525,0,0,25,-5.84119
1.53,0,0,25,-5.83721
1.535,0,0,25,-5.83323
1.54,0,0,25,-5.82924
1.545,0,0,25,-5.82526
1.55,0,0,25,-5.82127
1.555,0,0,25,-5.81727
1.56,0,0,25,-5.81327
1.565,0,0,25,-5.80927
1.57,0,0,25,-5.80527
1.575,0,0,25,-5.80126
1.58,0,0,25,-5.79725
1.585,0,0,25,-5.79324
1.59,0,0,25,-5.78922
1.595,0,0,25,-5.7852
1.6,0,0,25,-5.78118
1.605,0,0,25,-5.77715
1.61,0,0,25,-5.77312
1.615,0,0,25,-5.76908
1.62,0,0,25,-5.76505
1.625,0,0,25,-5.76101
1.63,0,0,25,-5.75696
1.635,0,0,25,-5.75291
1.64,0,0,25,-5.74886
1.645,0,0,25,-5.74481
1.65,0,0,25,-5.74075
1.655,0,0,25,-5.73669
1.66,0,0,25,-5.73262
1.665,0,0,25,-5.72855
1.67,0,0,25,-5.72448
1.675,0,0,25,-5.7204
1.68,0,0,25,-5.71632
1.685,0,0,25,-5.71224
1.69,0,0,25,-5.70815
1.695,0,0,25,-5.70406
1.7,0,0,25,-5.69996
1.705,0,0,25,-5.69587
1.71,0,0,25,-5.69176
1.715,0,0,25,-5.68766
1.72,0,0,25,-5.68355
1.725,0,0,25,-5.67943
1.73,0,0,25,-5.67531
1.735,0,0,25,-5.67119
1.74,0,0,25,-5.66706
1.745,0,0,25,-5.66293
1.75,0,0,25,-5.6588
1.755,0,0,25,-5.65466
1.76,0,0,25,-5.65052
1.765,0,0,25,-5.64637
1.77,0,0,25,-5.64222
1.775,0,0,25,-5.63807
1.78,0,0,25,-5.63391
1.785,0,0,25,-5.62974
1.79,0,0,25,-5.62558
1.795,0,0,25,-5.62141
1.8,0,0,25,-5.61723
1.805,0,0,25,-5.61305
1.81,0,0,25,-5.60887
1.815,0,0,25,-5.60468
1.82,0,0,25,-5.60049
1.825,0,0,25,-5.59629
1.83,0,0,25,-5.59209
1.835,0,0,25,-5.58788
1.84,0,0,25,-5.58367
1.845,0,0,25,-5.57946
1.85,0,0,25,-5.57524
1.855,0,0,25,-5.57101
1.86,0,0,25,-5.56678
1.865,0,0,25,-5.56255
1.87,0,0,25,-5.55831
1.875,0,0,25,-5.55407
1.88,0,0,25,-5.54983
1.885,0,0,25,-5.54557
1.89,0,0,25,-5.54132
1.895,0,0,25,-5.53706
1.9,0,0,25,-5.53279
1.905,0,0,25,-5.52852
1.91,0,0,25,-5.52425
1.915,0,0,25,-5.51997
1.92,0,0,25,-5.51568
1.925,0,0,25,-5.51139
1.93,0,0,25,-5.5071
1.935,0,0,25,-5.5028
1.94,0,0,25,-5.49849
1.945,0,0,25,-5.49418
1.95,0,0,25,-5.48987
1.955,0,0,25,-5.48555
1.96,0,0,25,-5.48123
1.965,0,0,25,-5.4769
1.97,0,0,25,-5.47256
1.975,0,0,25,-5.46822
1.98,0,0,25,-5.46388
1.985,0,0,25,-5.45953
1.99,0,0,25,-5.45517
1.995,0,0,25,-5.45081
2,0,0,25,-5.44644
2.005,0,0,25,-5.44207
2.01,0,0,25,-5.4377
2.015,0,0,25,-5.43331
2.02,0,0,25,-5.42893
2.025,0,0,25,-5.42453
2.03,0,0,25,-5.42014
2.035,0,0,25,-5.41573
2.04,0,0,25,-5.41132
2.045,0,0,25,-5.40691
2.05,0,0,25,-5.40249
2.055,0,0,25,-5.39806
2.06,0,0,25,-5.39363
2.065,0,0,25,-5.38919
2.07,0,0,25,-5.38475
2.075,0,0,25,-5.3803
2.08,0,0,25,-5.37585
2.085,0,0,25,-5.37139
2.09,0,0,25,-5.36692
2.095,0,0,25,-5.36245
2.1,0,0,25,-5.35797
2.105,0,0,25,-5.35349
2.11,0,0,25,-5.349
2.115,0,0,25,-5.3445
2.12,0,0,25,-5.34
2.125,0,0,25,-5.33549
2.13,0,0,25,-5.33098
2.135,0,0,25,-5.32646
2.14,0,0,25,-5.32193
2.145,0,0,25,-5.3174
2.15,0,0,25,-5.31286
2.155,0,0,25,-5.30831
2.16,0,0,25,-5.30376
2.165,0,0,25,-5.29921
2.17,0,0,25,-5.29464
2.175,0,0,25,-5.29007
2.18,0,0,25,-5.2855
2.185,0,0,25,-5.28091
2.19,0,0,25,-5.27632
2.195,0,0,25,-5.27173
2.2,0,0,25,-5.26713
2.205,0,0,25,-5.26252
2.21,0,0,25,-5.2579
2.215,0,0,25,-5.25328
2.22,0,0,25,-5.24865
2.225,0,0,25,-5.24401
2.23,0,0,25,-5.23937
2.235,0,0,25,-5.23472
2.24,0,0,25,-5.23007
2.245,0,0,25,-5.2254
2.25,0,0,25,-5.22073
2.255,0,0,25,-5.21606
2.26,0,0,25,-5.21137
2.265,0,0,25,-5.20668
2.27,0,0,25,-5.20198
2.275,0,0,25,-5.19728
2.28,0,0,25,-5.19257
2.285,0,0,25,-5.18785
2.29,0,0,25,-5.18312
2.295,0,0,25,-5.17839
2.3,0,0,25,-5.17365
2.305,0,0,25,-5.1689
2.31,0,0,25,-5.16414
2.315,0,0,25,-5.15938
2.32,0,0,25,-5.15461
2.325,0,0,25,-5.14983
2.33,0,0,25,-5.14505
2.335,0,0,25,-5.14026
2.34,0,0,25,-5.13545
2.345,0,0,25,-5.13065
2.35,0,0,25,-5.12583
2.355,0,0,25,-5.12101
2.36,0,0,25,-5.11618
2.365,0,0,25,-5.11134
2.37,0,0,25,-5.10649
2.375,0,0,25,-5.10164
2.38,0,0,25,-5.09677
2.385,0,0,25,-5.0919
2.39,0,0,25,-5.08702
2.395,0,0,25,-5.08214
2.4,0,0,25,-5.07724
2.405,0,0,25,-5.07234
2.41,0,0,25,-5.06743
2.415,0,0,25,-5.06251
2.42,0,0,25,-5.05758
2.425,0,0,25,-5.05265
2.43,0,0,25,-5.0477
2.435,0,0,25,-5.04275
2.44,0,0,25,-5.03779
2.445,0,0,25,-5.03282
2.45,0,0,25,-5.02785
2.455,0,0,25,-5.02286
2.46,0,0,25,-5.01786
2.465,0,0,25,-5.01286
2.47,0,0,25,-5.00785
2.475,0,0,25,-5.00283
2.48,0,0,25,-4.9978
2.485,0,0,25,-4.99276
2.49,0,0,25,-4.98771
2.495,0,0,25,-4.98266
2.5,0,0,25,-4.97759
2.505,0,0,25,-4.97252
2.51,0,0,25,-4.96743
2.515,0,0,25,-4.96234
2.52,0,0,25,-4.95724
2.525,0,0,25,-4.95213
2.53,0,0,25,-4.94701
2.535,0,0,25,-4.94188
2.54,0,0,25,-4.93674
2.545,0,0,25,-4.9316
2.55,0,0,25,-4.92644
2.555,0,0,25,-4.92127
2.56,0,0,25,-4.91609
2.565,0,0,25,-4.91091
2.57,0,0,25,-4.90571
2.575,0,0,25,-4.90051
2.58,0,0,25,-4.89529
2.585,0,0,25,-4.89007
2.59,0,0,25,-4.88483
2.595,0,0,25,-4.87959
2.6,0,0,25,-4.87434
2.605,0,0,25,-4.86907
2.61,0,0,25,-4.8638
2.615,0,0,25,-4.85851
2.62,0,0,25,-4.85322
2.625,0,0,25,-4.84791
2.63,0,0,25,-4.8426
2.635,0,0,25,-4.83727
2.64,0,0,25,-4.83194
2.645,0,0,25,-4.82659
2.65,0,0,25,-4.82124
2.655,0,0,25,-4.81587
2.66,0,0,25,-4.81049
2.665,0,0,25,-4.80511
2.67,0,0,25,-4.79971
2.675,0,0,25,-4.7943
2.68,0,0,25,-4.78888
2.685,0,0,25,-4.78345
2.69,0,0,25,-4.77801
2.695,0,0,25,-4.77255
2.7,0,0,25,-4.76709
2.705,0,0,25,-4.76161
2.71,0,0,25,-4.75613
2.715,0,0,25,-4.75063
2.72,0,0,25,-4.74512
2.725,0,0,25,-4.7396
2.73,0,0,25,-4.73407
2.735,0,0,25,-4.72853
2.74,0,0,25,-4.72298
2.745,0,0,25,-4.71741
2.75,0,0,25,-4.71184
2.755,0,0,25,-4.70625
2.76,0,0,25,-4.70065
2.765,0,0,25,-4.69504
2.77,0,0,25,-4.68941
2.775,0,0,25,-4.68378
2.78,0,0,25,-4.67813
2.785,0,0,25,-4.67247
2.79,0,0,25,-4.6668
2.795,0,0,25,-4.66112
2.8,0,0,25,-4.65542
2.805,0,0,25,-4.64972
2.81,0,0,25,-4.644
2.815,0,0,25,-4.63826
2.82,0,0,25,-4.63252
2.825,0,0,25,-4.62676
2.83,0,0,25,-4.62099
2.835,0,0,25,-4.61521
2.84,0,0,25,-4.60942
2.845,0,0,25,-4.60361
2.85,0,0,25,-4.59779
2.855,0,0,25,-4.59196
2.86,0,0,25,-4.58611
2.865,0,0,25,-4.58025
2.87,0,0,25,-4.57438
2.875,0,0,25,-4.5685
2.88,0,0,25,-4.5626
2.885,0,0,25,-4.55669
2.89,0,0,25,-4.55076
2.895,0,0,25,-4.54483
2.9,0,0,25,-4.53888
2.905,0,0,25,-4.53291
2.91,0,0,25,-4.52693
2.915,0,0,25,-4.52094
2.92,0,0,25,-4.51494
2.925,0,0,25,-4.50892
2.93,0,0,25,-4.50289
2.935,0,0,25,-4.49684
2.94,0,0,25,-4.49078
2.945,0,0,25,-4.4847
2.95,0,0,25,-4.47862
2.955,0,0,25,-4.47251
2.96,0,0,25,-4.4664
2.965,0,0,25,-4.46027
2.97,0,0,25,-4.45412
2.975,0,0,25,-4.44796
2.98,0,0,25,-4.44179
2.985,0,0,25,-4.4356
2.99,0,0,25,-4.4294
2.995,0,0,25,-4.42318
3,0,0,25,-4.41695
3.005,0,0,25,-4.4107
3.01,0,0,25,-4.40444
3.015,0,0,25,-4.39816
3.02,0,0,25,-4.39187
3.025,0,0,25,-4.38556
3.03,0,0,25,-4.37924
3.035,0,0,25,-4.37291
3.04,0,0,25,-4.36655
3.045,0,0,25,-4.36019
3.05,0,0,25,-4.3538
3.055,0,0,25,-4.3474
3.06,0,0,25,-4.34099
3.065,0,0,25,-4.33456
3.07,0,0,25,-4.32812
3.075,0,0,25,-4.32166
3.08,0,0,25,-4.31518
3.085,0,0,25,-4.30869
3.09,0,0,25,-4.30218
3.095,0,0,25,-4.29565
3.1,0,0,25,-4.28911
3.105,0,0,25,-4.28256
3.11,0,0,25,-4.27598
3.115,0,0,25,-4.26939
3.12,0,0,25,-4.26279
3.125,0,0,25,-4.25617
3.13,0,0,25,-4.24953
3.135,0,0,25,-4.24287
3.14,0,0,25,-4.2362
3.145,0,0,25,-4.22951
3.15,0,0,25,-4.22281
3.155,0,0,25,-4.21609
3.16,0,0,25,-4.20935
3.165,0,0,25,-4.20259
3.17,0,0,25,-4.19582
3.175,0,0,25,-4.18903
3.18,0,0,25,-4.18222
3.185,0,0,25,-4.1754
3.19,0,0,25,-4.16856
3.195,0,0,25,-4.1617
3.2,0,0,25,-4.15482
3.205,0,0,25,-4.14793
3.21,0,0,25,-4.14102
3.215,0,0,25,-4.13409
3.22,0,0,25,-4.12714
3.225,0,0,25,-4.12018
3.23,0,0,25,-4.11319
3.235,0,0,25,-4.10619
3.24,0,0,25,-4.09917
3.245,0,0,25,-4.09214
3.25,0,0,25,-4.08508
3.255,0,0,25,-4.07801
3.26,0,0,25,-4.07092
3.265,0,0,25,-4.06381
3.27,0,0,25,-4.05668
3.275,0,0,25,-4.04954
3.28,0,0,25,-4.04237
3.285,0,0,25,-4.03519
3.29,0,0,25,-4.02799
3.295,0,0,25,-4.02077
3.3,0,0,25,-4.01353
3.305,0,0,25,-4.00627
3.31,0,0,25,-3.99899
3.315,0,0,25,-3.9917
3.32,0,0,25,-3.98438
3.325,0,0,25,-3.97705
3.33,0,0,25,-3.9697
3.335,0,0,25,-3.96232
3.34,0,0,25,-3.95493
3.345,0,0,25,-3.94752
3.35,0,0,25,-3.94009
3.355,0,0,25,-3.93264
3.36,0,0,25,-3.92517
3.365,0,0,25,-3.91768
3.37,0,0,25,-3.91018
3.375,0,0,25,-3.90265
3.38,0,0,25,-3.8951
3.385,0,0,25,-3.88753
3.39,0,0,25,-3.87995
3.395,0,0,25,-3.87234
3.4,0,0,25,-3.86471
3.405,0,0,25,-3.85707
3.41,0,0,25,-3.8494
3.415,0,0,25,-3.84171
3.42,0,0,25,-3.83401
3.425,0,0,25,-3.82628
3.43,0,0,25,-3.81853
3.435,0,0,25,-3.81076
3.44,0,0,25,-3.80298
3.445,0,0,25,-3.79517
3.45,0,0,25,-3.78734
3.455,0,0,25,-3.77949
3.46,0,0,25,-3.77162
3.465,0,0,25,-3.76373
3.47,0,0,25,-3.75582
3.475,0,0,25,-3.74789
3.48,0,0,25,-3.73994
3.485,0,0,25,-3.73197
3.49,0,0,25,-3.72398
3.495,0,0,25,-3.71596
3.5,0,0,25,-3.70793
3.505,0,0,25,-3.69987
3.51,0,0,25,-3.6918
3.515,0,0,25,-3.6837
3.52,0,0,25,-3.67558
3.525,0,0,25,-3.66745
3.53,0,0,25,-3.65929
3.535,0,0,25,-3.65111
3.54,0,0,25,-3.64291
3.545,0,0,25,-3.63469
3.55,0,0,25,-3.62644
3.555,0,0,25,-3.61818
3.56,0,0,25,-3.6099
3.565,0,0,25,-3.60159
3.57,0,0,25,-3.59326
3.575,0,0,25,-3.58492
3.58,0,0,25,-3.57655
3.585,0,0,25,-3.56816
3.59,0,0,25,-3.55975
3.595,0,0,25,-3.55132
3.6,0,0,25,-3.54286
3.605,0,0,25,-3.53439
3.61,0,0,25,-3.52589
3.615,0,0,25,-3.51738
3.62,0,0,25,-3.50884
3.625,0,0,25,-3.50028
3.63,0,0,25,-3.49171
3.635,0,0,25,-3.48311
3.64,0,0,25,-3.47449
3.645,0,0,25,-3.46584
3.65,0,0,25,-3.45718
3.655,0,0,25,-3.4485
3.66,0,0,25,-3.43979
3.665,0,0,25,-3.43107
3.67,0,0,25,-3.42232
3.675,0,0,25,-3.41356
3.68,0,0,25,-3.40477
3.685,0,0,25,-3.39596
3.69,0,0,25,-3.38713
3.695,0,0,25,-3.37828
3.7,0,0,25,-3.36941
3.705,0,0,25,-3.36052
3.71,0,0,25,-3.35161
3.715,0,0,25,-3.34268
3.72,0,0,25,-3.33373
3.725,0,0,25,-3.32476
3.73,0,0,25,-3.31576
3.735,0,0,25,-3.30675
3.74,0,0,25,-3.29772
3.745,0,0,25,-3.28867
3.75,0,0,25,-3.27959
3.755,0,0,25,-3.2705
3.76,0,0,25,-3.26139
3.765,0,0,25,-3.25225
3.77,0,0,25,-3.2431
3.775,0,0,25,-3.23393
3.78,0,0,25,-3.22474
3.785,0,0,25,-3.21553
3.79,0,0,25,-3.2063
3.795,0,0,25,-3.19705
3.8,0,0,25,-3.18778
3.805,0,0,25,-3.1785
3.81,0,0,25,-3.16919
3.815,0,0,25,-3.15987
3.82,0,0,25,-3.15052
3.825,0,0,25,-3.14116
3.83,0,0,25,-3.13178
3.835,0,0,25,-3.12238
3.84,0,0,25,-3.11296
3.845,0,0,25,-3.10353
3.85,0,0,25,-3.09408
3.855,0,0,25,-3.08461
3.86,0,0,25,-3.07512
3.865,0,0,25,-3.06561
3.87,0,0,25,-3.05609
3.875,0,0,25,-3.04655
3.88,0,0,25,-3.03699
3.885,0,0,25,-3.02742
3.89,0,0,25,-3.01783
3.895,0,0,25,-3.00822
3.9,0,0,25,-2.9986
3.905,0,0,25,-2.98896
3.91,0,0,25,-2.9793
3.915,0,0,25,-2.96963
3.92,0,0,25,-2.95994
3.925,0,0,25,-2.95024
3.93,0,0,25,-2.94053
3.935,0,0,25,-2.93079
3.94,0,0,25,-2.92105
3.945,0,0,25,-2.91129
3.95,0,0,25,-2.90151
3.955,0,0,25,-2.89172
3.96,0,0,25,-2.88192
3.965,0,0,25,-2.8721
3.97,0,0,25,-2.86227
3.975,0,0,25,-2.85242
3.98,0,0,25,-2.84257
3.985,0,0,25,-2.8327
3.99,0,0,25,-2.82282
3.995,0,0,25,-2.81292
4,0,0,25,-2.80302
4.005,0,0,25,-2.7931
4.01,0,0,25,-2.78317
4.015,0,0,25,-2.77323
4.02,0,0,25,-2.76328
4.025,0,0,25,-2.75332
4.03,0,0,25,-2.74335
4.035,0,0,25,-2.73337
4.04,0,0,25,-2.72338
4.045,0,0,25,-2.71338
4.05,0,0,25,-2.70337
4.055,0,0,25,-2.69335
4.06,0,0,25,-2.68332
4.065,0,0,25,-2.67329
4.07,0,0,25,-2.66325
4.075,0,0,25,-2.6532
4.08,0,0,25,-2.64314
4.085,0,0,25,-2.63308
4.09,0,0,25,-2.62301
4.095,0,0,25,-2.61294
4.1,0,0,25,-2.60286
4.105,0,0,25,-2.59277
4.11,0,0,25,-2.58268
4.115,0,0,25,-2.57258
4.12,0,0,25,-2.56249
4.125,0,0,25,-2.55238
4.13,0,0,25,-2.54228
4.135,0,0,25,-2.53217
4.14,0,0,25,-2.52206
4.145,0,0,25,-2.51194
4.15,0,0,25,-2.50183
4.155,0,0,25,-2.49171
4.16,0,0,25,-2.48159
4.165,0,0,25,-2.47148
4.17,0,0,25,-2.46136
4.175,0,0,25,-2.45124
4.18,0,0,25,-2.44113
4.185,0,0,25,-2.43101
4.19,0,0,25,-2.4209
4.195,0,0,25,-2.41079
4.2,0,0,25,-2.40068
4.205,0,0,25,-2.39058
4.21,0,0,25,-2.38048
4.215,0,0,25,-2.37038
4.22,0,0,25,-2.36029
4.225,0,0,25,-2.3502
4.23,0,0,25,-2.34012
4.235,0,0,25,-2.33004
4.24,0,0,25,-2.31998
4.245,0,0,25,-2.30992
4.25,0,0,25,-2.29986
4.255,0,0,25,-2.28982
4.26,0,0,25,-2.27978
4.265,0,0,25,-2.26975
4.27,0,0,25,-2.25974
4.275,0,0,25,-2.24973
4.28,0,0,25,-2.23974
4.285,0,0,25,-2.22975
4.29,0,0,25,-2.21978
4.295,0,0,25,-2.20982
4.3,0,0,25,-2.19988
4.305,0,0,25,-2.18994
4.31,0,0,25,-2.18003
4.315,0,0,25,-2.17012
4.32,0,0,25,-2.16024
4.325,0,0,25,-2.15037
4.33,0,0,25,-2.14051
4.335,0,0,25,-2.13067
4.34,0,0,25,-2.12086
4.345,0,0,25,-2.11106
4.35,0,0,25,-2.10128
4.355,0,0,25,-2.09151
4.36,0,0,25,-2.08177
4.365,0,0,25,-2.07206
4.37,0,0,25,-2.06236
4.375,0,0,25,-2.05268
4.38,0,0,25,-2.04303
4.385,0,0,25,-2.0334
4.39,0,0,25,-2.0238
4.395,0,0,25,-2.01422
4.4,0,0,25,-2.00467
4.405,0,0,25,-1.99514
4.41,0,0,25,-1.98564
4.415,0,0,25,-1.97617
4.42,0,0,25,-1.96673
4.425,0,0,25,-1.95732
4.43,0,0,25,-1.94793
4.435,0,0,25,-1.93858
4.44,0,0,25,-1.92926
4.445,0,0,25,-1.91997
4.45,0,0,25,-1.91071
4.455,0,0,25,-1.90149
4.46,0,0,25,-1.8923
4.465,0,0,25,-1.88315
4.47,0,0,25,-1.87403
4.475,0,0,25,-1.86495
4.48,0,0,25,-1.8559
4.485,0,0,25,-1.8469
4.49,0,0,25,-1.83793
4.495,0,0,25,-1.829
4.5,0,0,25,-1.82011
4.505,0,0,25,-1.81127
4.51,0,0,25,-1.80246
4.515,0,0,25,-1.7937
4.52,0,0,25,-1.78498
4.525,0,0,25,-1.77631
4.53,0,0,25,-1.76768
4.535,0,0,25,-1.75909
4.54,0,0,25,-1.75056
4.545,0,0,25,-1.74207
4.55,0,0,25,-1.73363
4.555,0,0,25,-1.72523
4.56,0,0,25,-1.71689
4.565,0,0,25,-1.7086
4.57,0,0,25,-1.70036
4.575,0,0,25,-1.69217
4.58,0,0,25,-1.68404
4.585,0,0,25,-1.67596
4.59,0,0,25,-1.66793
4.595,0,0,25,-1.65996
4.6,0,0,25,-1.65205
4.605,0,0,25,-1.6442
4.61,0,0,25,-1.6364
4.615,0,0,25,-1.62866
4.62,0,0,25,-1.62099
4.625,0,0,25,-1.61337
4.63,0,0,25,-1.60582
4.635,0,0,25,-1.59833
4.64,0,0,25,-1.5909
4.645,0,0,25,-1.58354
4.65,0,0,25,-1.57624
4.655,0,0,25,-1.56901
4.66,0,0,25,-1.56185
4.665,0,0,25,-1.55476
4.67,0,0,25,-1.54773
4.675,0,0,25,-1.54078
4.68,0,0,25,-1.5339
4.685,0,0,25,-1.52709
4.69,0,0,25,-1.52035
4.695,0,0,25,-1.51369
4.7,0,0,25,-1.5071
4.705,0,0,25,-1.50059
4.71,0,0,25,-1.49416
4.715,0,0,25,-1.4878
4.72,0,0,25,-1.48153
4.725,0,0,25,-1.47533
4.73,0,0,25,-1.46922
4.735,0,0,25,-1.46318
4.74,0,0,25,-1.45724
4.745,0,0,25,-1.45137
4.75,0,0,25,-1.44559
4.755,0,0,25,-1.4399
4.76,0,0,25,-1.4343
4.765,0,0,25,-1.42878
4.77,0,0,25,-1.42335
4.775,0,0,25,-1.41802
4.78,0,0,25,-1.41278
4.785,0,0,25,-1.40763
4.79,0,0,25,-1.40257
4.795,0,0,25,-1.39761
4.8,0,0,25,-1.39275
4.805,0,0,25,-1.38798
4.81,0,0,25,-1.38331
4.815,0,0,25,-1.37874
4.82,0,0,25,-1.37428
4.825,0,0,25,-1.36991
4.83,0,0,25,-1.36565
4.835,0,0,25,-1.3615
4.84,0,0,25,-1.35745
4.845,0,0,25,-1.3535
4.85,0,0,25,-1.34967
4.855,0,0,25,-1.34594
4.86,0,0,25,-1.34232
4.865,0,0,25,-1.33882
4.87,0,0,25,-1.33543
4.875,0,0,25,-1.33215
4.88,0,0,25,-1.32898
4.885,0,0,25,-1.32594
4.89,0,0,25,-1.32301
4.895,0,0,25,-1.3202
4.9,0,0,25,-1.3175
4.905,0,0,25,-1.31493
4.91,0,0,25,-1.31248
4.915,0,0,25,-1.31015
4.92,0,0,25,-1.30795
4.925,0,0,25,-1.30587
4.93,0,0,25,-1.30391
4.935,0,0,25,-1.30209
4.94,0,0,25,-1.30039
4.945,0,0,25,-1.29881
4.95,0,0,25,-1.29737
4.955,0,0,25,-1.29605
4.96,0,0,25,-1.29486
4.965,0,0,25,-1.29381
4.97,0,0,25,-1.29288
4.975,0,0,25,-1.29209
4.98,0,0,25,-1.29143
4.985,0,0,25,-1.2909
4.99,0,0,25,-1.2905
4.995,0,0,25,-1.29024
5,0,0,25,-1.2901
