0,0,0,25,-4.98559
0.005,0,0,25,-4.98549
0.01,0,0,25,-4.98528
0.015,0,0,25,-4.98498
0.02,0,0,25,-4.98458
0.025,0,0,25,-4.98408
0.03,0,0,25,-4.98348
0.035,0,0,25,-4.98278
0.04,0,0,25,-4.982
0.045,0,0,25,-4.98111
0.05,0,0,25,-4.98014
0.055,0,0,25,-4.97908
0.06,0,0,25,-4.97793
0.065,0,0,25,-4.97669
0.07,0,0,25,-4.97537
0.075,0,0,25,-4.97396
0.08,0,0,25,-4.97247
0.085,0,0,25,-4.9709
0.09,0,0,25,-4.96925
0.095,0,0,25,-4.96753
0.1,0,0,25,-4.96572
0.105,0,0,25,-4.96384
0.11,0,0,25,-4.96189
0.115,0,0,25,-4.95986
0.12,0,0,25,-4.95776
0.125,0,0,25,-4.95559
0.13,0,0,25,-4.95336
0.135,0,0,25,-4.95105
0.14,0,0,25,-4.94868
0.145,0,0,25,-4.94624
0.15,0,0,25,-4.94374
0.155,0,0,25,-4.94117
0.16,0,0,25,-4.93854
0.165,0,0,25,-4.93585
0.17,0,0,25,-4.9331
0.175,0,0,25,-4.93029
0.18,0,0,25,-4.92742
0.185,0,0,25,-4.92449
0.19,0,0,25,-4.92151
0.195,0,0,25,-4.91847
0.2,0,0,25,-4.91538
0.205,0,0,25,-4.91223
0.21,0,0,25,-4.90903
0.215,0,0,25,-4.90577
0.22,0,0,25,-4.90247
0.225,0,0,25,-4.89911
0.23,0,0,25,-4.89571
0.235,0,0,25,-4.89225
0.24,0,0,25,-4.88874
0.245,0,0,25,-4.88519
0.25,0,0,25,-4.88159
0.255,0,0,25,-4.87794
0.26,0,0,25,-4.87425
0.265,0,0,25,-4.87051
0.27,0,0,25,-4.86673
0.275,0,0,25,-4.8629
0.28,0,0,25,-4.85903
0.285,0,0,25,-4.85512
0.29,0,0,25,-4.85116
0.295,0,0,25,-4.84716
0.3,0,0,25,-4.84312
0.305,0,0,25,-4.83904
0.31,0,0,25,-4.83492
0.315,0,0,25,-4.83076
0.32,0,0,25,-4.82656
0.325,0,0,25,-4.82232
0.33,0,0,25,-4.81804
0.335,0,0,25,-4.81372
0.34,0,0,25,-4.80937
0.345,0,0,25,-4.80498
0.35,0,0,25,-4.80055
0.355,0,0,25,-4.79608
0.36,0,0,25,-4.79158
0.365,0,0,25,-4.78705
0.37,0,0,25,-4.78247
0.375,0,0,25,-4.77787
0.38,0,0,25,-4.77322
0.385,0,0,25,-4.76855
0.39,0,0,25,-4.76384
0.395,0,0,25,-4.75909
0.4,0,0,25,-4.75431
0.405,0,0,25,-4.7495
0.41,0,0,25,-4.74466
0.415,0,0,25,-4.73978
0.42,0,0,25,-4.73487
0.425,0,0,25,-4.72993
0.43,0,0,25,-4.72495
0.435,0,0,25,-4.71995
0.44,0,0,25,-4.71491
0.445,0,0,25,-4.70984
0.45,0,0,25,-4.70474
0.455,0,0,25,-4.69961
0.46,0,0,25,-4.69445
0.465,0,0,25,-4.68926
0.47,0,0,25,-4.68404
0.475,0,0,25,-4.67879
0.48,0,0,25,-4.67351
0.485,0,0,25,-4.6682
0.49,0,0,25,-4.66286
0.495,0,0,25,-4.65749
0.5,0,0,25,-4.65209
0.505,0,0,25,-4.64666
0.51,0,0,25,-4.6412
0.515,0,0,25,-4.63572
0.52,0,0,25,-4.6302
0.525,0,0,25,-4.62466
0.53,0,0,25,-4.61909
0.535,0,0,25,-4.61349
0.54,0,0,25,-4.60786
0.545,0,0,25,-4.60221
0.55,0,0,25,-4.59653
0.555,0,0,25,-4.59081
0.56,0,0,25,-4.58508
0.565,0,0,25,-4.57931
0.57,0,0,25,-4.57352
0.575,0,0,25,-4.56769
0.58,0,0,25,-4.56185
0.585,0,0,25,-4.55597
0.59,0,0,25,-4.55007
0.595,0,0,25,-4.54414
0.6,0,0,25,-4.53818
0.605,0,0,25,-4.53219
0.61,0,0,25,-4.52618
0.615,0,0,25,-4.52014
0.62,0,0,25,-4.51408
0.625,0,0,25,-4.50798
0.63,0,0,25,-4.50186
0.635,0,0,25,-4.49572
0.64,0,0,25,-4.48955
0.645,0,0,25,-4.48335
0.65,0,0,25,-4.47712
0.655,0,0,25,-4.47087
0.66,0,0,25,-4.46459
0.665,0,0,25,-4.45828
0.67,0,0,25,-4.45195
0.675,0,0,25,-4.44559
0.68,0,0,25,-4.4392
0.685,0,0,25,-4.43279
0.69,0,0,25,-4.42635
0.695,0,0,25,-4.41989
0.7,0,0,25,-4.41339
0.705,0,0,25,-4.40687
0.71,0,0,25,-4.40033
0.715,0,0,25,-4.39376
0.72,0,0,25,-4.38716
0.725,0,0,25,-4.38053
0.73,0,0,25,-4.37388
0.735,0,0,25,-4.3672
0.74,0,0,25,-4.3605
0.745,0,0,25,-4.35377
0.75,0,0,25,-4.34701
0.755,0,0,25,-4.34022
0.76,0,0,25,-4.33341
0.765,0,0,25,-4.32657
0.77,0,0,25,-4.31971
0.775,0,0,25,-4.31282
0.78,0,0,25,-4.3059
0.785,0,0,25,-4.29895
0.79,0,0,25,-4.29198
0.795,0,0,25,-4.28498
0.8,0,0,25,-4.27795
0.805,0,0,25,-4.2709
0.81,0,0,25,-4.26382
0.815,0,0,25,-4.25671
0.82,0,0,25,-4.24958
0.825,0,0,25,-4.24241
0.83,0,0,25,-4.23523
0.835,0,0,25,-4.22801
0.84,0,0,25,-4.22077
0.845,0,0,25,-4.21349
0.85,0,0,25,-4.2062
0.855,0,0,25,-4.19887
0.86,0,0,25,-4.19152
0.865,0,0,25,-4.18413
0.87,0,0,25,-4.17672
0.875,0,0,25,-4.16929
0.88,0,0,25,-4.16182
0.885,0,0,25,-4.15433
0.89,0,0,25,-4.14681
0.895,0,0,25,-4.13926
0.9,0,0,25,-4.13168
0.905,0,0,25,-4.12408
0.91,0,0,25,-4.11645
0.915,0,0,25,-4.10878
0.92,0,0,25,-4.10109
0.925,0,0,25,-4.09338
0.93,0,0,25,-4.08563
0.935,0,0,25,-4.07785
0.94,0,0,25,-4.07005
0.945,0,0,25,-4.06221
0.95,0,0,25,-4.05435
0.955,0,0,25,-4.04646
0.96,0,0,25,-4.03854
0.965,0,0,25,-4.03059
0.97,0,0,25,-4.02261
0.975,0,0,25,-4.01461
0.98,0,0,25,-4.00657
0.985,0,0,25,-3.9985
0.99,0,0,25,-3.99041
0.995,0,0,25,-3.98228
1,0,0,25,-3.97412
1.005,0,0,25,-3.96594
1.01,0,0,25,-3.95772
1.015,0,0,25,-3.94948
1.02,0,0,25,-3.9412
1.025,0,0,25,-3.9329
1.03,0,0,25,-3.92456
1.035,0,0,25,-3.91619
1.04,0,0,25,-3.9078
1.045,0,0,25,-3.89937
1.05,0,0,25,-3.89091
1.055,0,0,25,-3.88242
1.06,0,0,25,-3.8739
1.065,0,0,25,-3.86535
1.07,0,0,25,-3.85676
1.075,0,0,25,-3.84815
1.08,0,0,25,-3.8395
1.085,0,0,25,-3.83082
1.09,0,0,25,-3.82211
1.095,0,0,25,-3.81337
1.1,0,0,25,-3.8046
1.105,0,0,25,-3.7958
1.11,0,0,25,-3.78696
1.115,0,0,25,-3.77809
1.12,0,0,25,-3.76919
1.125,0,0,25,-3.76025
1.13,0,0,25,-3.75129
1.135,0,0,25,-3.74229
1.14,0,0,25,-3.73326
1.145,0,0,25,-3.72419
1.15,0,0,25,-3.71509
1.155,0,0,25,-3.70596
1.16,0,0,25,-3.69679
1.165,0,0,25,-3.6876
1.17,0,0,25,-3.67836
1.175,0,0,25,-3.6691
1.18,0,0,25,-3.6598
1.185,0,0,25,-3.65046
1.19,0,0,25,-3.6411
1.195,0,0,25,-3.63169
1.2,0,0,25,-3.62226
1.205,0,0,25,-3.61278
1.21,0,0,25,-3.60328
1.215,0,0,25,-3.59374
1.22,0,0,25,-3.58416
1.225,0,0,25,-3.57455
1.23,0,0,25,-3.5649
1.235,0,0,25,-3.55522
1.24,0,0,25,-3.5455
1.245,0,0,25,-3.53575
1.25,0,0,25,-3.52596
1.255,0,0,25,-3.51614
1.26,0,0,25,-3.50628
1.265,0,0,25,-3.49638
1.27,0,0,25,-3.48644
1.275,0,0,25,-3.47647
1.28,0,0,25,-3.46647
1.285,0,0,25,-3.45642
1.29,0,0,25,-3.44634
1.295,0,0,25,-3.43622
1.3,0,0,25,-3.42607
1.305,0,0,25,-3.41587
1.31,0,0,25,-3.40564
1.315,0,0,25,-3.39537
1.32,0,0,25,-3.38507
1.325,0,0,25,-3.37472
1.33,0,0,25,-3.36434
1.335,0,0,25,-3.35391
1.34,0,0,25,-3.34345
1.345,0,0,25,-3.33295
1.35,0,0,25,-3.32242
1.355,0,0,25,-3.31184
1.36,0,0,25,-3.30122
1.365,0,0,25,-3.29056
1.37,0,0,25,-3.27987
1.375,0,0,25,-3.26913
1.38,0,0,25,-3.25835
1.385,0,0,25,-3.24754
1.39,0,0,25,-3.23668
1.395,0,0,25,-3.22578
1.4,0,0,25,-3.21485
1.405,0,0,25,-3.20387
1.41,0,0,25,-3.19285
1.415,0,0,25,-3.18178
1.42,0,0,25,-3.17068
1.425,0,0,25,-3.15954
1.43,0,0,25,-3.14835
1.435,0,0,25,-3.13712
1.44,0,0,25,-3.12585
1.445,0,0,25,-3.11454
1.45,0,0,25,-3.10318
1.455,0,0,25,-3.09178
1.46,0,0,25,-3.08034
1.465,0,0,25,-3.06886
1.47,0,0,25,-3.05733
1.475,0,0,25,-3.04576
1.48,0,0,25,-3.03414
1.485,0,0,25,-3.02248
1.49,0,0,25,-3.01078
1.495,0,0,25,-2.99903
1.5,0,0,25,-2.98724
1.505,0,0,25,-2.9754
1.51,0,0,25,-2.96352
1.515,0,0,25,-2.95159
1.52,0,0,25,-2.93962
1.525,0,0,25,-2.9276
1.53,0,0,25,-2.91554
1.535,0,0,25,-2.90343
1.54,0,0,25,-2.89127
1.545,0,0,25,-2.87907
1.55,0,0,25,-2.86682
1.555,0,0,25,-2.85453
1.56,0,0,25,-2.84218
1.565,0,0,25,-2.82979
1.57,0,0,25,-2.81736
1.575,0,0,25,-2.80487
1.58,0,0,25,-2.79234
1.585,0,0,25,-2.77976
1.59,0,0,25,-2.76713
1.595,0,0,25,-2.75445
1.6,0,0,25,-2.74172
1.605,0,0,25,-2.72895
1.61,0,0,25,-2.71612
1.615,0,0,25,-2.70325
1.62,0,0,25,-2.69032
1.625,0,0,25,-2.67735
1.63,0,0,25,-2.66433
1.635,0,0,25,-2.65125
1.64,0,0,25,-2.63813
1.645,0,0,25,-2.62495
1.65,0,0,25,-2.61172
1.655,0,0,25,-2.59844
1.66,0,0,25,-2.58511
1.665,0,0,25,-2.57173
1.67,0,0,25,-2.5583
1.675,0,0,25,-2.54481
1.68,0,0,25,-2.53127
1.685,0,0,25,-2.51768
1.69,0,0,25,-2.50404
1.695,0,0,25,-2.49034
1.7,0,0,25,-2.47659
1.705,0,0,25,-2.46278
1.71,0,0,25,-2.44893
1.715,0,0,25,-2.43501
1.72,0,0,25,-2.42104
1.725,0,0,25,-2.40702
1.73,0,0,25,-2.39294
1.735,0,0,25,-2.37881
1.74,0,0,25,-2.36462
1.745,0,0,25,-2.35038
1.75,0,0,25,-2.33608
1.755,0,0,25,-2.32172
1.76,0,0,25,-2.30731
1.765,0,0,25,-2.29284
1.77,0,0,25,-2.27831
1.775,0,0,25,-2.26373
1.78,0,0,25,-2.24909
1.785,0,0,25,-2.23439
1.79,0,0,25,-2.21963
1.795,0,0,25,-2.20481
1.8,0,0,25,-2.18994
1.805,0,0,25,-2.175
1.81,0,0,25,-2.16001
1.815,0,0,25,-2.14495
1.82,0,0,25,-2.12984
1.825,0,0,25,-2.11467
1.83,0,0,25,-2.09943
1.835,0,0,25,-2.08414
1.84,0,0,25,-2.06878
1.845,0,0,25,-2.05337
1.85,0,0,25,-2.03789
1.855,0,0,25,-2.02235
1.86,0,0,25,-2.00675
1.865,0,0,25,-1.99108
1.87,0,0,25,-1.97536
1.875,0,0,25,-1.95957
1.88,0,0,25,-1.94371
1.885,0,0,25,-1.9278
1.89,0,0,25,-1.91181
1.895,0,0,25,-1.89577
1.9,0,0,25,-1.87966
1.905,0,0,25,-1.86348
1.91,0,0,25,-1.84725
1.915,0,0,25,-1.83094
1.92,0,0,25,-1.81457
1.925,0,0,25,-1.79813
1.93,0,0,25,-1.78163
1.935,0,0,25,-1.76506
1.94,0,0,25,-1.74842
1.945,0,0,25,-1.73172
1.95,0,0,25,-1.71495
1.955,0,0,25,-1.69811
1.96,0,0,25,-1.6812
1.965,0,0,25,-1.66422
1.97,0,0,25,-1.64718
1.975,0,0,25,-1.63007
1.98,0,0,25,-1.61288
1.985,0,0,25,-1.59563
1.99,0,0,25,-1.57831
1.995,0,0,25,-1.56091
2,0,0,25,-1.54345
2.005,0,0,25,-1.52591
2.01,0,0,25,-1.5083
2.015,0,0,25,-1.49062
2.02,0,0,25,-1.47287
2.025,0,0,25,-1.45505
2.03,0,0,25,-1.43715
2.035,0,0,25,-1.41918
2.04,0,0,25,-1.40114
2.045,0,0,25,-1.38302
2.05,0,0,25,-1.36483
2.055,0,0,25,-1.34657
2.06,0,0,25,-1.32823
2.065,0,0,25,-1.30981
2.07,0,0,25,-1.29132
2.075,0,0,25,-1.27275
2.08,0,0,25,-1.25411
2.085,0,0,25,-1.23539
2.09,0,0,25,-1.21659
2.095,0,0,25,-1.19772
2.1,0,0,25,-1.17877
2.105,0,0,25,-1.15974
2.11,0,0,25,-1.14063
2.115,0,0,25,-1.12144
2.12,0,0,25,-1.10218
2.125,0,0,25,-1.08283
2.13,0,0,25,-1.06341
2.135,0,0,25,-1.0439
2.14,0,0,25,-1.02432
2.145,0,0,25,-1.00465
2.15,0,0,25,-0.984902
2.155,0,0,25,-0.965072
2.16,0,0,25,-0.945161
2.165,0,0,25,-0.925167
2.17,0,0,25,-0.90509
2.175,0,0,25,-0.88493
2.18,0,0,25,-0.864687
2.185,0,0,25,-0.844359
2.19,0,0,25,-0.823948
2.195,0,0,25,-0.803452
2.2,0,0,25,-0.78287
2.205,0,0,25,-0.762204
2.21,0,0,25,-0.741451
2.215,0,0,25,-0.720613
2.22,0,0,25,-0.699687
2.225,0,0,25,-0.678675
2.23,0,0,25,-0.657576
2.235,0,0,25,-0.636388
2.24,0,0,25,-0.615113
2.245,0,0,25,-0.593749
2.25,0,0,25,-0.572296
2.255,0,0,25,-0.550753
2.26,0,0,25,-0.529121
2.265,0,0,25,-0.507399
2.27,0,0,25,-0.485586
2.275,0,0,25,-0.463682
2.28,0,0,25,-0.441687
2.285,0,0,25,-0.4196
2.29,0,0,25,-0.397421
2.295,0,0,25,-0.37515
2.3,0,0,25,-0.352785
2.305,0,0,25,-0.330327
2.31,0,0,25,-0.307775
2.315,0,0,25,-0.285129
2.32,0,0,25,-0.262389
2.325,0,0,25,-0.239553
2.33,0,0,25,-0.216622
2.335,0,0,25,-0.193595
2.34,0,0,25,-0.170472
2.345,0,0,25,-0.147252
2.35,0,0,25,-0.123934
2.355,0,0,25,-0.10052
2.36,0,0,25,-0.0770069
2.365,0,0,25,-0.0533957
2.37,0,0,25,-0.0296857
2.375,0,0,25,-0.00587643
2.38,0,0,25,0.0180326
2.385,0,0,25,0.0420417
2.39,0,0,25,0.0661514
2.395,0,0,25,0.0903621
2.4,0,0,25,0.114674
2.405,0,0,25,0.139088
2.41,0,0,25,0.163604
2.415,0,0,25,0.188223
2.42,0,0,25,0.212946
2.425,0,0,25,0.237771
2.43,0,0,25,0.262701
2.435,0,0,25,0.287736
2.44,0,0,25,0.312875
2.445,0,0,25,0.33812
2.45,0,0,25,0.36347
2.455,0,0,25,0.388927
2.46,0,0,25,0.414491
2.465,0,0,25,0.440161
2.47,0,0,25,0.46594
2.475,0,0,25,0.491826
2.48,0,0,25,0.517821
2.485,0,0,25,0.543925
2.49,0,0,25,0.570138
2.495,0,0,25,0.596461
2.5,0,0,25,0.622895
2.505,0,0,25,0.649439
2.51,0,0,25,0.676094
2.515,0,0,25,0.702861
2.52,0,0,25,0.729741
2.525,0,0,25,0.756733
2.53,0,0,25,0.783838
2.535,0,0,25,0.811056
2.54,0,0,25,0.838389
2.545,0,0,25,0.865836
2.55,0,0,25,0.893398
2.555,0,0,25,0.921075
2.56,0,0,25,0.948868
2.565,0,0,25,0.976778
2.57,0,0,25,1.0048
2.575,0,0,25,1.03295
2.58,0,0,25,1.06121
2.585,0,0,25,1.08959
2.59,0,0,25,1.11809
2.595,0,0,25,1.1467
2.6,0,0,25,1.17544
2.605,0,0,25,1.2043
2.61,0,0,25,1.23328
2.615,0,0,25,1.26237
2.62,0,0,25,1.29159
2.625,0,0,25,1.32094
2.63,0,0,25,1.3504
2.635,0,0,25,1.37999
2.64,0,0,25,1.4097
2.645,0,0,25,1.43953
2.65,0,0,25,1.46949
2.655,0,0,25,1.49957
2.66,0,0,25,1.52978
2.665,0,0,25,1.56012
2.67,0,0,25,1.59058
2.675,0,0,25,1.62117
2.68,0,0,25,1.65188
2.685,0,0,25,1.68272
2.69,0,0,25,1.7137
2.695,0,0,25,1.74479
2.7,0,0,25,1.77602
2.705,0,0,25,1.80738
2.71,0,0,25,1.83887
2.715,0,0,25,1.87049
2.72,0,0,25,1.90224
2.725,0,0,25,1.93412
2.73,0,0,25,1.96613
2.735,0,0,25,1.99828
2.74,0,0,25,2.03056
2.745,0,0,25,2.06297
2.75,0,0,25,2.09552
2.755,0,0,25,2.1282
2.76,0,0,25,2.16101
2.765,0,0,25,2.19396
2.77,0,0,25,2.22705
2.775,0,0,25,2.26027
2.78,0,0,25,2.29363
2.785,0,0,25,2.32713
2.79,0,0,25,2.36077
2.795,0,0,25,2.39454
2.8,0,0,25,2.42845
2.805,0,0,25,2.4625
2.81,0,0,25,2.49669
2.815,0,0,25,2.53103
2.82,0,0,25,2.5655
2.825,0,0,25,2.60011
2.83,0,0,25,2.63487
2.835,0,0,25,2.66976
2.84,0,0,25,2.7048
2.845,0,0,25,2.73999
2.85,0,0,25,2.77531
2.855,0,0,25,2.81078
2.86,0,0,25,2.8464
2.865,0,0,25,2.88216
2.87,0,0,25,2.91806
2.875,0,0,25,2.95411
2.88,0,0,25,2.99031
2.885,0,0,25,3.02666
2.89,0,0,25,3.06315
2.895,0,0,25,3.09979
2.9,0,0,25,3.13658
2.905,0,0,25,3.17351
2.91,0,0,25,3.2106
2.915,0,0,25,3.24784
2.92,0,0,25,3.28522
2.925,0,0,25,3.32276
2.93,0,0,25,3.36045
2.935,0,0,25,3.39829
2.94,0,0,25,3.43628
2.945,0,0,25,3.47442
2.95,0,0,25,3.51272
2.955,0,0,25,3.55117
2.96,0,0,25,3.58977
2.965,0,0,25,3.62853
2.97,0,0,25,3.66745
2.975,0,0,25,3.70652
2.98,0,0,25,3.74574
2.985,0,0,25,3.78512
2.99,0,0,25,3.82466
2.995,0,0,25,3.86436
3,0,0,25,3.90421
3.005,0,0,25,3.94422
3.01,0,0,25,3.98439
3.015,0,0,25,4.02472
3.02,0,0,25,4.06521
3.025,0,0,25,4.10585
3.03,0,0,25,4.14666
3.035,0,0,25,4.18763
3.04,0,0,25,4.22876
3.045,0,0,25,4.27005
3.05,0,0,25,4.3115
3.055,0,0,25,4.35312
3.06,0,0,25,4.3949
3.065,0,0,25,4.43684
3.07,0,0,25,4.47895
3.075,0,0,25,4.52122
3.08,0,0,25,4.56365
3.085,0,0,25,4.60625
3.09,0,0,25,4.64902
3.095,0,0,25,4.69195
3.1,0,0,25,4.73505
3.105,0,0,25,4.77831
3.11,0,0,25,4.82174
3.115,0,0,25,4.86534
3.12,0,0,25,4.90911
3.125,0,0,25,4.95305
3.13,0,0,25,4.99715
3.135,0,0,25,5.04142
3.14,0,0,25,5.08587
3.145,0,0,25,5.13048
3.15,0,0,25,5.17526
3.155,0,0,25,5.22022
3.16,0,0,25,5.26534
3.165,0,0,25,5.31064
3.17,0,0,25,5.35611
3.175,0,0,25,5.40175
3.18,0,0,25,5.44757
3.185,0,0,25,5.49356
3.19,0,0,25,5.53972
3.195,0,0,25,5.58605
3.2,0,0,25,5.63256
3.205,0,0,25,5.67925
3.21,0,0,25,5.72611
3.215,0,0,25,5.77314
3.22,0,0,25,5.82035
3.225,0,0,25,5.86774
3.23,0,0,25,5.9153
3.235,0,0,25,5.96304
3.24,0,0,25,6.01096
3.245,0,0,25,6.05905
3.25,0,0,25,6.10733
3.255,0,0,25,6.15578
3.26,0,0,25,6.20441
3.265,0,0,25,6.25321
3.27,0,0,25,6.3022
3.275,0,0,25,6.35137
3.28,0,0,25,6.40071
3.285,0,0,25,6.45024
3.29,0,0,25,6.49995
3.295,0,0,25,6.54984
3.3,0,0,25,6.59991
3.305,0,0,25,6.65016
3.31,0,0,25,6.70059
3.315,0,0,25,6.75121
3.32,0,0,25,6.802
3.325,0,0,25,6.85299
3.33,0,0,25,6.90415
3.335,0,0,25,6.95549
3.34,0,0,25,7.00703
3.345,0,0,25,7.05874
3.35,0,0,25,7.11064
3.355,0,0,25,7.16272
3.36,0,0,25,7.21499
3.365,0,0,25,7.26744
3.37,0,0,25,7.32008
3.375,0,0,25,7.3729
3.38,0,0,25,7.42591
3.385,0,0,25,7.4791
3.39,0,0,25,7.53248
3.395,0,0,25,7.58605
3.4,0,0,25,7.63981
3.405,0,0,25,7.69375
3.41,0,0,25,7.74788
3.415,0,0,25,7.80219
3.42,0,0,25,7.8567
3.425,0,0,25,7.91139
3.43,0,0,25,7.96627
3.435,0,0,25,8.02134
3.44,0,0,25,8.07659
3.445,0,0,25,8.13204
3.45,0,0,25,8.18767
3.455,0,0,25,8.2435
3.46,0,0,25,8.29951
3.465,0,0,25,8.35571
3.47,0,0,25,8.4121
3.475,0,0,25,8.46869
3.48,0,0,25,8.52546
3.485,0,0,25,8.58242
3.49,0,0,25,8.63958
3.495,0,0,25,8.69692
3.5,0,0,25,8.75446
3.505,0,0,25,8.81218
3.51,0,0,25,8.8701
3.515,0,0,25,8.92821
3.52,0,0,25,8.98651
3.525,0,0,25,9.045
3.53,0,0,25,9.10368
3.535,0,0,25,9.16256
3.54,0,0,25,9.22162
3.545,0,0,25,9.28088
3.55,0,0,25,9.34033
3.555,0,0,25,9.39998
3.56,0,0,25,9.45981
3.565,0,0,25,9.51984
3.57,0,0,25,9.58006
3.575,0,0,25,9.64048
3.58,0,0,25,9.70109
3.585,0,0,25,9.76189
3.59,0,0,25,9.82288
3.595,0,0,25,9.88407
3.6,0,0,25,9.94545
3.605,0,0,25,10.007
3.61,0,0,25,10.0688
3.615,0,0,25,10.1307
3.62,0,0,25,10.1929
3.625,0,0,25,10.2552
3.63,0,0,25,10.3178
3.635,0,0,25,10.3805
3.64,0,0,25,10.4434
3.645,0,0,25,10.5066
3.65,0,0,25,10.5699
3.655,0,0,25,10.6334
3.66,0,0,25,10.6971
3.665,0,0,25,10.761
3.67,0,0,25,10.8251
3.675,0,0,25,10.8894
3.68,0,0,25,10.9538
3.685,0,0,25,11.0185
3.69,0,0,25,11.0834
3.695,0,0,25,11.1484
3.7,0,0,25,11.2137
3.705,0,0,25,11.2792
3.71,0,0,25,11.3448
3.715,0,0,25,11.4106
3.72,0,0,25,11.4767
3.725,0,0,25,11.5429
3.73,0,0,25,11.6093
3.735,0,0,25,11.6759
3.74,0,0,25,11.7427
3.745,0,0,25,11.8097
3.75,0,0,25,11.8769
3.755,0,0,25,11.9443
3.76,0,0,25,12.0119
3.765,0,0,25,12.0796
3.77,0,0,25,12.1476
3.775,0,0,25,12.2158
3.78,0,0,25,12.2841
3.785,0,0,25,12.3527
3.79,0,0,25,12.4214
3.795,0,0,25,12.4903
3.8,0,0,25,12.5595
3.805,0,0,25,12.6288
3.81,0,0,25,12.6983
3.815,0,0,25,12.768
3.82,0,0,25,12.8379
3.825,0,0,25,12.908
3.83,0,0,25,12.9782
3.835,0,0,25,13.0487
3.84,0,0,25,13.1194
3.845,0,0,25,13.1902
3.85,0,0,25,13.2613
3.855,0,0,25,13.3325
3.86,0,0,25,13.4039
3.865,0,0,25,13.4756
3.87,0,0,25,13.5474
3.875,0,0,25,13.6194
3.88,0,0,25,13.6916
3.885,0,0,25,13.764
3.89,0,0,25,13.8365
3.895,0,0,25,13.9093
3.9,0,0,25,13.9822
3.905,0,0,25,14.0554
3.91,0,0,25,14.1287
3.915,0,0,25,14.2022
3.92,0,0,25,14.276
3.925,0,0,25,14.3499
3.93,0,0,25,14.4239
3.935,0,0,25,14.4982
3.94,0,0,25,14.5727
3.945,0,0,25,14.6473
3.95,0,0,25,14.7222
3.955,0,0,25,14.7972
3.96,0,0,25,14.8724
3.965,0,0,25,14.9478
3.97,0,0,25,15.0234
3.975,0,0,25,15.0992
3.98,0,0,25,15.1752
3.985,0,0,25,15.2513
3.99,0,0,25,15.3277
3.995,0,0,25,15.4042
4,0,0,25,15.4809
4.005,0,0,25,15.5578
4.01,0,0,25,15.6349
4.015,0,0,25,15.7121
4.02,0,0,25,15.7896
4.025,0,0,25,15.8672
4.03,0,0,25,15.945
4.035,0,0,25,16.023
4.04,0,0,25,16.1012
4.045,0,0,25,16.1796
4.05,0,0,25,16.2581
4.055,0,0,25,16.3369
4.06,0,0,25,16.4158
4.065,0,0,25,16.4949
4.07,0,0,25,16.5742
4.075,0,0,25,16.6536
4.08,0,0,25,16.7333
4.085,0,0,25,16.8131
4.09,0,0,25,16.8931
4.095,0,0,25,16.9732
4.1,0,0,25,17.0536
4.105,0,0,25,17.1341
4.11,0,0,25,17.2148
4.115,0,0,25,17.2957
4.12,0,0,25,17.3768
4.125,0,0,25,17.458
4.13,0,0,25,17.5394
4.135,0,0,25,17.621
4.14,0,0,25,17.7028
4.145,0,0,25,17.7848
4.15,0,0,25,17.8669
4.155,0,0,25,17.9492
4.16,0,0,25,18.0316
4.165,0,0,25,18.1143
4.17,0,0,25,18.1971
4.175,0,0,25,18.2801
4.18,0,0,25,18.3632
4.185,0,0,25,18.4465
4.19,0,0,25,18.53
4.195,0,0,25,18.6137
4.2,0,0,25,18.6975
4.205,0,0,25,18.7815
4.21,0,0,25,18.8657
4.215,0,0,25,18.95
4.22,0,0,25,19.0345
4.225,0,0,25,19.1192
4.23,0,0,25,19.204
4.235,0,0,25,19.289
4.24,0,0,25,19.3741
4.245,0,0,25,19.4594
4.25,0,0,25,19.5449
4.255,0,0,25,19.6305
4.26,0,0,25,19.7163
4.265,0,0,25,19.8023
4.27,0,0,25,19.8884
4.275,0,0,25,19.9746
4.28,0,0,25,20.0611
4.285,0,0,25,20.1476
4.29,0,0,25,20.2344
4.295,0,0,25,20.3212
4.3,0,0,25,20.4083
4.305,0,0,25,20.4954
4.31,0,0,25,20.5828
4.315,0,0,25,20.6702
4.32,0,0,25,20.7578
4.325,0,0,25,20.8456
4.33,0,0,25,20.9335
4.335,0,0,25,21.0215
4.34,0,0,25,21.1097
4.345,0,0,25,21.198
4.35,0,0,25,21.2865
4.355,0,0,25,21.3751
4.36,0,0,25,21.4638
4.365,0,0,25,21.5526
4.37,0,0,25,21.6416
4.375,0,0,25,21.7307
4.38,0,0,25,21.8199
4.385,0,0,25,21.9093
4.39,0,0,25,21.9988
4.395,0,0,25,22.0883
4.4,0,0,25,22.178
4.405,0,0,25,22.2679
4.41,0,0,25,22.3578
4.415,0,0,25,22.4478
4.42,0,0,25,22.538
4.425,0,0,25,22.6282
4.43,0,0,25,22.7185
4.435,0,0,25,22.809
4.44,0,0,25,22.8995
4.445,0,0,25,22.9901
4.45,0,0,25,23.0808
4.455,0,0,25,23.1716
4.46,0,0,25,23.2625
4.465,0,0,25,23.3534
4.47,0,0,25,23.4444
4.475,0,0,25,23.5355
4.48,0,0,25,23.6267
4.485,0,0,25,23.7179
4.49,0,0,25,23.8091
4.495,0,0,25,23.9005
4.5,0,0,25,23.9918
4.505,0,0,25,24.0832
4.51,0,0,25,24.1746
4.515,0,0,25,24.2661
4.52,0,0,25,24.3576
4.525,0,0,25,24.4491
4.53,0,0,25,24.5406
4.535,0,0,25,24.6321
4.54,0,0,25,24.7236
4.545,0,0,25,24.8151
4.55,0,0,25,24.9066
4.555,0,0,25,24.9981
4.56,0,0,25,25.0896
4.565,0,0,25,25.181
4.57,0,0,25,25.2724
4.575,0,0,25,25.3637
4.58,0,0,25,25.455
4.585,0,0,25,25.5461
4.59,0,0,25,25.6373
4.595,0,0,25,25.7283
4.6,0,0,25,25.8192
4.605,0,0,25,25.91
4.61,0,0,25,26.0007
4.615,0,0,25,26.0913
4.62,0,0,25,26.1818
4.625,0,0,25,26.2721
4.63,0,0,25,26.3622
4.635,0,0,25,26.4521
4.64,0,0,25,26.5419
4.645,0,0,25,26.6315
4.65,0,0,25,26.7208
4.655,0,0,25,26.81
4.66,0,0,25,26.8988
4.665,0,0,25,26.9875
4.67,0,0,25,27.0758
4.675,0,0,25,27.1639
4.68,0,0,25,27.2517
4.685,0,0,25,27.3391
4.69,0,0,25,27.4262
4.695,0,0,25,27.513
4.7,0,0,25,27.5993
4.705,0,0,25,27.6853
4.71,0,0,25,27.7709
4.715,0,0,25,27.856
4.72,0,0,25,27.9407
4.725,0,0,25,28.0249
4.73,0,0,25,28.1086
4.735,0,0,25,28.1918
4.74,0,0,25,28.2744
4.745,0,0,25,28.3565
4.75,0,0,25,28.438
4.755,0,0,25,28.5188
4.76,0,0,25,28.599
4.765,0,0,25,28.6786
4.77,0,0,25,28.7574
4.775,0,0,25,28.8355
4.78,0,0,25,28.9128
4.785,0,0,25,28.9894
4.79,0,0,25,29.0651
4.795,0,0,25,29.1399
4.8,0,0,25,29.2139
4.805,0,0,25,29.2869
4.81,0,0,25,29.359
4.815,0,0,25,29.4301
4.82,0,0,25,29.5002
4.825,0,0,25,29.5691
4.83,0,0,25,29.637
4.835,0,0,25,29.7037
4.84,0,0,25,29.7693
4.845,0,0,25,29.8335
4.85,0,0,25,29.8966
4.855,0,0,25,29.9583
4.86,0,0,25,30.0186
4.865,0,0,25,30.0775
4.87,0,0,25,30.135
4.875,0,0,25,30.1909
4.88,0,0,25,30.2453
4.885,0,0,25,30.2981
4.89,0,0,25,30.3492
4.895,0,0,25,30.3986
4.9,0,0,25,30.4463
4.905,0,0,25,30.4921
4.91,0,0,25,30.5361
4.915,0,0,25,30.5782
4.92,0,0,25,30.6183
4.925,0,0,25,30.6564
4.93,0,0,25,30.6924
4.935,0,0,25,30.7263
4.94,0,0,25,30.758
4.945,0,0,25,30.7875
4.95,0,0,25,30.8147
4.955,0,0,25,30.8396
4.96,0,0,25,30.8621
4.965,0,0,25,30.8823
4.97,0,0,25,30.9
4.975,0,0,25,30.9152
4.98,0,0,25,30.928
4.985,0,0,25,30.9382
4.99,0,0,25,30.9459
4.995,0,0,25,30.951
5,0,0,25,30.9536
