0,0,0,125,-16.7312
0.025,0,0,125,-16.7291
0.05,0,0,125,-16.7251
0.075,0,0,125,-16.7191
0.1,0,0,125,-16.7111
0.125,0,0,125,-16.7012
0.15,0,0,125,-16.6896
0.175,0,0,125,-16.6765
0.2,0,0,125,-16.662
0.225,0,0,125,-16.6463
0.25,0,0,125,-16.6296
0.275,0,0,125,-16.6118
0.3,0,0,125,-16.5932
0.325,0,0,125,-16.5738
0.35,0,0,125,-16.5537
0.375,0,0,125,-16.5329
0.4,0,0,125,-16.5116
0.425,0,0,125,-16.4897
0.45,0,0,125,-16.4674
0.475,0,0,125,-16.4446
0.5,0,0,125,-16.4215
0.525,0,0,125,-16.3981
0.55,0,0,125,-16.3744
0.575,0,0,125,-16.3504
0.6,0,0,125,-16.3261
0.625,0,0,125,-16.3017
0.65,0,0,125,-16.2771
0.675,0,0,125,-16.2524
0.7,0,0,125,-16.2275
0.725,0,0,125,-16.2025
0.75,0,0,125,-16.1774
0.775,0,0,125,-16.1522
0.8,0,0,125,-16.127
0.825,0,0,125,-16.1017
0.85,0,0,125,-16.0764
0.875,0,0,125,-16.051
0.9,0,0,125,-16.0256
0.925,0,0,125,-16.0002
0.95,0,0,125,-15.9748
0.975,0,0,125,-15.9494
1,0,0,125,-15.9239
1.025,0,0,125,-15.8985
1.05,0,0,125,-15.8732
1.075,0,0,125,-15.8478
1.1,0,0,125,-15.8225
1.125,0,0,125,-15.7971
1.15,0,0,125,-15.7719
1.175,0,0,125,-15.7466
1.2,0,0,125,-15.7214
1.225,0,0,125,-15.6962
1.25,0,0,125,-15.6711
1.275,0,0,125,-15.646
1.3,0,0,125,-15.6209
1.325,0,0,125,-15.5959
1.35,0,0,125,-15.571
1.375,0,0,125,-15.5461
1.4,0,0,125,-15.5212
1.425,0,0,125,-15.4964
1.45,0,0,125,-15.4717
1.475,0,0,125,-15.4469
1.5,0,0,125,-15.4223
1.525,0,0,125,-15.3977
1.55,0,0,125,-15.3731
1.575,0,0,125,-15.3486
1.6,0,0,125,-15.3241
1.625,0,0,125,-15.2997
1.65,0,0,125,-15.2753
1.675,0,0,125,-15.251
1.7,0,0,125,-15.2268
1.725,0,0,125,-15.2026
1.75,0,0,125,-15.1784
1.775,0,0,125,-15.1543
1.8,0,0,125,-15.1302
1.825,0,0,125,-15.1062
1.85,0,0,125,-15.0823
1.875,0,0,125,-15.0583
1.9,0,0,125,-15.0345
1.925,0,0,125,-15.0107
1.95,0,0,125,-14.9869
1.975,0,0,125,-14.9632
2,0,0,125,-14.9395
2.025,0,0,125,-14.9159
2.05,0,0,125,-14.8923
2.075,0,0,125,-14.8688
2.1,0,0,125,-14.8453
2.125,0,0,125,-14.8218
2.15,0,0,125,-14.7985
2.175,0,0,125,-14.7751
2.2,0,0,125,-14.7518
2.225,0,0,125,-14.7286
2.25,0,0,125,-14.7054
2.275,0,0,125,-14.6822
2.3,0,0,125,-14.6591
2.325,0,0,125,-14.636
2.35,0,0,125,-14.613
2.375,0,0,125,-14.59
2.4,0,0,125,-14.5671
2.425,0,0,125,-14.5442
2.45,0,0,125,-14.5213
2.475,0,0,125,-14.4985
2.5,0,0,125,-14.4757
2.525,0,0,125,-14.453
2.55,0,0,125,-14.4303
2.575,0,0,125,-14.4076
2.6,0,0,125,-14.385
2.625,0,0,125,-14.3624
2.65,0,0,125,-14.3399
2.675,0,0,125,-14.3174
2.7,0,0,125,-14.295
2.725,0,0,125,-14.2726
2.75,0,0,125,-14.2502
2.775,0,0,125,-14.2279
2.8,0,0,125,-14.2056
2.825,0,0,125,-14.1833
2.85,0,0,125,-14.1611
2.875,0,0,125,-14.1389
2.9,0,0,125,-14.1168
2.925,0,0,125,-14.0947
2.95,0,0,125,-14.0726
2.975,0,0,125,-14.0506
3,0,0,125,-14.0286
3.025,0,0,125,-14.0066
3.05,0,0,125,-13.9847
3.075,0,0,125,-13.9628
3.1,0,0,125,-13.9409
3.125,0,0,125,-13.9191
3.15,0,0,125,-13.8973
3.175,0,0,125,-13.8755
3.2,0,0,125,-13.8538
3.225,0,0,125,-13.8321
3.25,0,0,125,-13.8105
3.275,0,0,125,-13.7888
3.3,0,0,125,-13.7672
3.325,0,0,125,-13.7457
3.35,0,0,125,-13.7241
3.375,0,0,125,-13.7026
3.4,0,0,125,-13.6812
3.425,0,0,125,-13.6597
3.45,0,0,125,-13.6383
3.475,0,0,125,-13.6169
3.5,0,0,125,-13.5956
3.525,0,0,125,-13.5743
3.55,0,0,125,-13.553
3.575,0,0,125,-13.5317
3.6,0,0,125,-13.5104
3.625,0,0,125,-13.4892
3.65,0,0,125,-13.4681
3.675,0,0,125,-13.4469
3.7,0,0,125,-13.4258
3.725,0,0,125,-13.4047
3.75,0,0,125,-13.3836
3.775,0,0,125,-13.3625
3.8,0,0,125,-13.3415
3.825,0,0,125,-13.3205
3.85,0,0,125,-13.2996
3.875,0,0,125,-13.2786
3.9,0,0,125,-13.2577
3.925,0,0,125,-13.2369
3.95,0,0,125,-13.216
3.975,0,0,125,-13.1952
4,0,0,125,-13.1744
4.025,0,0,125,-13.1537
4.05,0,0,125,-13.133
4.075,0,0,125,-13.1123
4.1,0,0,125,-13.0917
4.125,0,0,125,-13.0711
4.15,0,0,125,-13.0505
4.175,0,0,125,-13.0301
4.2,0,0,125,-13.0096
4.225,0,0,125,-12.9893
4.25,0,0,125,-12.969
4.275,0,0,125,-12.9488
4.3,0,0,125,-12.9287
4.325,0,0,125,-12.9086
4.35,0,0,125,-12.8887
4.375,0,0,125,-12.8689
4.4,0,0,125,-12.8493
4.425,0,0,125,-12.8298
4.45,0,0,125,-12.8104
4.475,0,0,125,-12.7913
4.5,0,0,125,-12.7724
4.525,0,0,125,-12.7537
4.55,0,0,125,-12.7353
4.575,0,0,125,-12.7171
4.6,0,0,125,-12.6994
4.625,0,0,125,-12.682
4.65,0,0,125,-12.6651
4.675,0,0,125,-12.6487
4.7,0,0,125,-12.6328
4.725,0,0,125,-12.6175
4.75,0,0,125,-12.6029
4.775,0,0,125,-12.5892
4.8,0,0,125,-12.5763
4.825,0,0,125,-12.5643
4.85,0,0,125,-12.5535
4.875,0,0,125,-12.5439
4.9,0,0,125,-12.5356
4.925,0,0,125,-12.5288
4.95,0,0,125,-12.5236
4.975,0,0,125,-12.52
5,0,0,125,-12.5182
