0,0,0,125,-48.612
0.025,0,0,125,-48.6086
0.05,0,0,125,-48.6017
0.075,0,0,125,-48.5913
0.1,0,0,125,-48.5776
0.125,0,0,125,-48.5605
0.15,0,0,125,-48.5401
0.175,0,0,125,-48.5165
0.2,0,0,125,-48.4898
0.225,0,0,125,-48.4602
0.25,0,0,125,-48.4276
0.275,0,0,125,-48.3921
0.3,0,0,125,-48.3538
0.325,0,0,125,-48.3128
0.35,0,0,125,-48.269
0.375,0,0,125,-48.2227
0.4,0,0,125,-48.1737
0.425,0,0,125,-48.1222
0.45,0,0,125,-48.0682
0.475,0,0,125,-48.0118
0.5,0,0,125,-47.9529
0.525,0,0,125,-47.8917
0.55,0,0,125,-47.8281
0.575,0,0,125,-47.7623
0.6,0,0,125,-47.6942
0.625,0,0,125,-47.624
0.65,0,0,125,-47.5515
0.675,0,0,125,-47.477
0.7,0,0,125,-47.4003
0.725,0,0,125,-47.3216
0.75,0,0,125,-47.2409
0.775,0,0,125,-47.1582
0.8,0,0,125,-47.0736
0.825,0,0,125,-46.987
0.85,0,0,125,-46.8986
0.875,0,0,125,-46.8084
0.9,0,0,125,-46.7163
0.925,0,0,125,-46.6225
0.95,0,0,125,-46.527
0.975,0,0,125,-46.4298
1,0,0,125,-46.3309
1.025,0,0,125,-46.2304
1.05,0,0,125,-46.1283
1.075,0,0,125,-46.0247
1.1,0,0,125,-45.9195
1.125,0,0,125,-45.8129
1.15,0,0,125,-45.7048
1.175,0,0,125,-45.5953
1.2,0,0,125,-45.4844
1.225,0,0,125,-45.3722
1.25,0,0,125,-45.2587
1.275,0,0,125,-45.1439
1.3,0,0,125,-45.0278
1.325,0,0,125,-44.9106
1.35,0,0,125,-44.7922
1.375,0,0,125,-44.6726
1.4,0,0,125,-44.5519
1.425,0,0,125,-44.4302
1.45,0,0,125,-44.3074
1.475,0,0,125,-44.1837
1.5,0,0,125,-44.0589
1.525,0,0,125,-43.9332
1.55,0,0,125,-43.8067
1.575,0,0,125,-43.6792
1.6,0,0,125,-43.5509
1.625,0,0,125,-43.4219
1.65,0,0,125,-43.292
1.675,0,0,125,-43.1614
1.7,0,0,125,-43.0301
1.725,0,0,125,-42.8982
1.75,0,0,125,-42.7656
1.775,0,0,125,-42.6324
1.8,0,0,125,-42.4986
1.825,0,0,125,-42.3643
1.85,0,0,125,-42.2294
1.875,0,0,125,-42.0941
1.9,0,0,125,-41.9583
1.925,0,0,125,-41.8221
1.95,0,0,125,-41.6856
1.975,0,0,125,-41.5486
2,0,0,125,-41.4113
2.025,0,0,125,-41.2738
2.05,0,0,125,-41.1359
2.075,0,0,125,-40.9978
2.1,0,0,125,-40.8595
2.125,0,0,125,-40.721
2.15,0,0,125,-40.5824
2.175,0,0,125,-40.4436
2.2,0,0,125,-40.3047
2.225,0,0,125,-40.1657
2.25,0,0,125,-40.0267
2.275,0,0,125,-39.8877
2.3,0,0,125,-39.7487
2.325,0,0,125,-39.6096
2.35,0,0,125,-39.4707
2.375,0,0,125,-39.3318
2.4,0,0,125,-39.193
2.425,0,0,125,-39.0543
2.45,0,0,125,-38.9158
2.475,0,0,125,-38.7775
2.5,0,0,125,-38.6394
2.525,0,0,125,-38.5014
2.55,0,0,125,-38.3638
2.575,0,0,125,-38.2264
2.6,0,0,125,-38.0892
2.625,0,0,125,-37.9524
2.65,0,0,125,-37.8159
2.675,0,0,125,-37.6798
2.7,0,0,125,-37.544
2.725,0,0,125,-37.4086
2.75,0,0,125,-37.2736
2.775,0,0,125,-37.1391
2.8,0,0,125,-37.0049
2.825,0,0,125,-36.8713
2.85,0,0,125,-36.7381
2.875,0,0,125,-36.6055
2.9,0,0,125,-36.4734
2.925,0,0,125,-36.3417
2.95,0,0,125,-36.2107
2.975,0,0,125,-36.0802
3,0,0,125,-35.9503
3.025,0,0,125,-35.8211
3.05,0,0,125,-35.6924
3.075,0,0,125,-35.5644
3.1,0,0,125,-35.437
3.125,0,0,125,-35.3103
3.15,0,0,125,-35.1843
3.175,0,0,125,-35.059
3.2,0,0,125,-34.9344
3.225,0,0,125,-34.8105
3.25,0,0,125,-34.6874
3.275,0,0,125,-34.565
3.3,0,0,125,-34.4435
3.325,0,0,125,-34.3227
3.35,0,0,125,-34.2027
3.375,0,0,125,-34.0835
3.4,0,0,125,-33.9652
3.425,0,0,125,-33.8477
3.45,0,0,125,-33.7311
3.475,0,0,125,-33.6154
3.5,0,0,125,-33.5005
3.525,0,0,125,-33.3866
3.55,0,0,125,-33.2736
3.575,0,0,125,-33.1616
3.6,0,0,125,-33.0505
3.625,0,0,125,-32.9404
3.65,0,0,125,-32.8312
3.675,0,0,125,-32.7231
3.7,0,0,125,-32.616
3.725,0,0,125,-32.51
3.75,0,0,125,-32.405
3.775,0,0,125,-32.3011
3.8,0,0,125,-32.1983
3.825,0,0,125,-32.0966
3.85,0,0,125,-31.996
3.875,0,0,125,-31.8967
3.9,0,0,125,-31.7984
3.925,0,0,125,-31.7014
3.95,0,0,125,-31.6057
3.975,0,0,125,-31.5111
4,0,0,125,-31.4179
4.025,0,0,125,-31.3259
4.05,0,0,125,-31.2353
4.075,0,0,125,-31.146
4.1,0,0,125,-31.0581
4.125,0,0,125,-30.9716
4.15,0,0,125,-30.8866
4.175,0,0,125,-30.803
4.2,0,0,125,-30.7209
4.225,0,0,125,-30.6403
4.25,0,0,125,-30.5613
4.275,0,0,125,-30.484
4.3,0,0,125,-30.4083
4.325,0,0,125,-30.3342
4.35,0,0,125,-30.2619
4.375,0,0,125,-30.1914
4.4,0,0,125,-30.1226
4.425,0,0,125,-30.0558
4.45,0,0,125,-29.9908
4.475,0,0,125,-29.9279
4.5,0,0,125,-29.8669
4.525,0,0,125,-29.808
4.55,0,0,125,-29.7513
4.575,0,0,125,-29.6968
4.6,0,0,125,-29.6446
4.625,0,0,125,-29.5947
4.65,0,0,125,-29.5472
4.675,0,0,125,-29.5022
4.7,0,0,125,-29.4598
4.725,0,0,125,-29.42
4.75,0,0,125,-29.383
4.775,0,0,125,-29.3488
4.8,0,0,125,-29.3176
4.825,0,0,125,-29.2895
4.85,0,0,125,-29.2645
4.875,0,0,125,-29.2428
4.9,0,0,125,-29.2245
4.925,0,0,125,-29.2097
4.95,0,0,125,-29.1985
4.975,0,0,125,-29.191
5,0,0,125,-29.1872
