0,0,0,25,-6.4766
0.005,0,0,25,-6.47652
0.01,0,0,25,-6.47635
0.015,0,0,25,-6.47609
0.02,0,0,25,-6.47576
0.025,0,0,25,-6.47534
0.03,0,0,25,-6.47484
0.035,0,0,25,-6.47426
0.04,0,0,25,-6.47361
0.045,0,0,25,-6.47288
0.05,0,0,25,-6.47207
0.055,0,0,25,-6.4712
0.06,0,0,25,-6.47025
0.065,0,0,25,-6.46923
0.07,0,0,25,-6.46814
0.075,0,0,25,-6.46699
0.08,0,0,25,-6.46577
0.085,0,0,25,-6.46449
0.09,0,0,25,-6.46314
0.095,0,0,25,-6.46174
0.1,0,0,25,-6.46027
0.105,0,0,25,-6.45875
0.11,0,0,25,-6.45717
0.115,0,0,25,-6.45553
0.12,0,0,25,-6.45384
0.125,0,0,25,-6.4521
0.13,0,0,25,-6.45031
0.135,0,0,25,-6.44846
0.14,0,0,25,-6.44657
0.145,0,0,25,-6.44462
0.15,0,0,25,-6.44263
0.155,0,0,25,-6.4406
0.16,0,0,25,-6.43852
0.165,0,0,25,-6.43639
0.17,0,0,25,-6.43423
0.175,0,0,25,-6.43202
0.18,0,0,25,-6.42977
0.185,0,0,25,-6.42748
0.19,0,0,25,-6.42515
0.195,0,0,25,-6.42279
0.2,0,0,25,-6.42038
0.205,0,0,25,-6.41794
0.21,0,0,25,-6.41547
0.215,0,0,25,-6.41296
0.22,0,0,25,-6.41042
0.225,0,0,25,-6.40784
0.23,0,0,25,-6.40524
0.235,0,0,25,-6.4026
0.24,0,0,25,-6.39993
0.245,0,0,25,-6.39723
0.25,0,0,25,-6.3945
0.255,0,0,25,-6.39175
0.26,0,0,25,-6.38896
0.265,0,0,25,-6.38615
0.27,0,0,25,-6.38332
0.275,0,0,25,-6.38045
0.28,0,0,25,-6.37757
0.285,0,0,25,-6.37465
0.29,0,0,25,-6.37172
0.295,0,0,25,-6.36876
0.3,0,0,25,-6.36578
0.305,0,0,25,-6.36277
0.31,0,0,25,-6.35974
0.315,0,0,25,-6.3567
0.32,0,0,25,-6.35363
0.325,0,0,25,-6.35054
0.33,0,0,25,-6.34743
0.335,0,0,25,-6.3443
0.34,0,0,25,-6.34116
0.345,0,0,25,-6.33799
0.35,0,0,25,-6.33481
0.355,0,0,25,-6.33161
0.36,0,0,25,-6.32839
0.365,0,0,25,-6.32516
0.37,0,0,25,-6.3219
0.375,0,0,25,-6.31864
0.38,0,0,25,-6.31536
0.385,0,0,25,-6.31206
0.39,0,0,25,-6.30875
0.395,0,0,25,-6.30542
0.4,0,0,25,-6.30208
0.405,0,0,25,-6.29872
0.41,0,0,25,-6.29535
0.415,0,0,25,-6.29197
0.42,0,0,25,-6.28858
0.425,0,0,25,-6.28517
0.43,0,0,25,-6.28175
0.435,0,0,25,-6.27832
0.44,0,0,25,-6.27488
0.445,0,0,25,-6.27142
0.45,0,0,25,-6.26795
0.455,0,0,25,-6.26448
0.46,0,0,25,-6.26099
0.465,0,0,25,-6.25749
0.47,0,0,25,-6.25398
0.475,0,0,25,-6.25046
0.48,0,0,25,-6.24693
0.485,0,0,25,-6.24339
0.49,0,0,25,-6.23984
0.495,0,0,25,-6.23629
0.5,0,0,25,-6.23272
0.505,0,0,25,-6.22914
0.51,0,0,25,-6.22556
0.515,0,0,25,-6.22197
0.52,0,0,25,-6.21837
0.525,0,0,25,-6.21476
0.53,0,0,25,-6.21114
0.535,0,0,25,-6.20751
0.54,0,0,25,-6.20388
0.545,0,0,25,-6.20024
0.55,0,0,25,-6.19659
0.555,0,0,25,-6.19294
0.56,0,0,25,-6.18927
0.565,0,0,25,-6.1856
0.57,0,0,25,-6.18193
0.575,0,0,25,-6.17824
0.58,0,0,25,-6.17455
0.585,0,0,25,-6.17086
0.59,0,0,25,-6.16716
0.595,0,0,25,-6.16345
0.6,0,0,25,-6.15973
0.605,0,0,25,-6.15601
0.61,0,0,25,-6.15228
0.615,0,0,25,-6.14855
0.62,0,0,25,-6.14481
0.625,0,0,25,-6.14107
0.63,0,0,25,-6.13732
0.635,0,0,25,-6.13356
0.64,0,0,25,-6.1298
0.645,0,0,25,-6.12603
0.65,0,0,25,-6.12226
0.655,0,0,25,-6.11848
0.66,0,0,25,-6.1147
0.665,0,0,25,-6.11091
0.67,0,0,25,-6.10712
0.675,0,0,25,-6.10332
0.68,0,0,25,-6.09952
0.685,0,0,25,-6.09571
0.69,0,0,25,-6.0919
0.695,0,0,25,-6.08809
0.7,0,0,25,-6.08426
0.705,0,0,25,-6.08044
0.71,0,0,25,-6.07661
0.715,0,0,25,-6.07277
0.72,0,0,25,-6.06893
0.725,0,0,25,-6.06509
0.73,0,0,25,-6.06124
0.735,0,0,25,-6.05739
0.74,0,0,25,-6.05353
0.745,0,0,25,-6.04967
0.75,0,0,25,-6.04581
0.755,0,0,25,-6.04194
0.76,0,0,25,-6.03806
0.765,0,0,25,-6.03419
0.77,0,0,25,-6.03031
0.775,0,0,25,-6.02642
0.78,0,0,25,-6.02253
0.785,0,0,25,-6.01864
0.79,0,0,25,-6.01474
0.795,0,0,25,-6.01084
0.8,0,0,25,-6.00693
0.805,0,0,25,-6.00302
0.81,0,0,25,-5.99911
0.815,0,0,25,-5.99519
0.82,0,0,25,-5.99127
0.825,0,0,25,-5.98735
0.83,0,0,25,-5.98342
0.835,0,0,25,-5.97948
0.84,0,0,25,-5.97555
0.845,0,0,25,-5.97161
0.85,0,0,25,-5.96766
0.855,0,0,25,-5.96372
0.86,0,0,25,-5.95976
0.865,0,0,25,-5.95581
0.87,0,0,25,-5.95185
0.875,0,0,25,-5.94789
0.88,0,0,25,-5.94392
0.885,0,0,25,-5.93995
0.89,0,0,25,-5.93598
0.895,0,0,25,-5.932
0.9,0,0,25,-5.92802
0.905,0,0,25,-5.92403
0.91,0,0,25,-5.92004
0.915,0,0,25,-5.91605
0.92,0,0,25,-5.91206
0.925,0,0,25,-5.90806
0.93,0,0,25,-5.90405
0.935,0,0,25,-5.90004
0.94,0,0,25,-5.89603
0.945,0,0,25,-5.89202
0.95,0,0,25,-5.888
0.955,0,0,25,-5.88398
0.96,0,0,25,-5.87995
0.965,0,0,25,-5.87592
0.97,0,0,25,-5.87189
0.975,0,0,25,-5.86785
0.98,0,0,25,-5.86381
0.985,0,0,25,-5.85976
0.99,0,0,25,-5.85572
0.995,0,0,25,-5.85166
1,0,0,25,-5.84761
1.005,0,0,25,-5.84355
1.01,0,0,25,-5.83948
1.015,0,0,25,-5.83541
1.02,0,0,25,-5.83134
1.025,0,0,25,-5.82727
1.03,0,0,25,-5.82319
1.035,0,0,25,-5.8191
1.04,0,0,25,-5.81502
1.045,0,0,25,-5.81093
1.05,0,0,25,-5.80683
1.055,0,0,25,-5.80273
1.06,0,0,25,-5.79863
1.065,0,0,25,-5.79452
1.07,0,0,25,-5.79041
1.075,0,0,25,-5.78629
1.08,0,0,25,-5.78218
1.085,0,0,25,-5.77805
1.09,0,0,25,-5.77392
1.095,0,0,25,-5.76979
1.1,0,0,25,-5.76566
1.105,0,0,25,-5.76152
1.11,0,0,25,-5.75737
1.115,0,0,25,-5.75323
1.12,0,0,25,-5.74907
1.125,0,0,25,-5.74492
1.13,0,0,25,-5.74076
1.135,0,0,25,-5.73659
1.14,0,0,25,-5.73242
1.145,0,0,25,-5.72825
1.15,0,0,25,-5.72407
1.155,0,0,25,-5.71989
1.16,0,0,25,-5.7157
1.165,0,0,25,-5.71151
1.17,0,0,25,-5.70732
1.175,0,0,25,-5.70312
1.18,0,0,25,-5.69892
1.185,0,0,25,-5.69471
1.19,0,0,25,-5.6905
1.195,0,0,25,-5.68628
1.2,0,0,25,-5.68206
1.205,0,0,25,-5.67783
1.21,0,0,25,-5.6736
1.215,0,0,25,-5.66936
1.22,0,0,25,-5.66512
1.225,0,0,25,-5.66088
1.23,0,0,25,-5.65663
1.235,0,0,25,-5.65238
1.24,0,0,25,-5.64812
1.245,0,0,25,-5.64386
1.25,0,0,25,-5.63959
1.255,0,0,25,-5.63532
1.26,0,0,25,-5.63104
1.265,0,0,25,-5.62676
1.27,0,0,25,-5.62247
1.275,0,0,25,-5.61818
1.28,0,0,25,-5.61388
1.285,0,0,25,-5.60958
1.29,0,0,25,-5.60527
1.295,0,0,25,-5.60096
1.3,0,0,25,-5.59664
1.305,0,0,25,-5.59232
1.31,0,0,25,-5.58799
1.315,0,0,25,-5.58366
1.32,0,0,25,-5.57933
1.325,0,0,25,-5.57498
1.33,0,0,25,-5.57064
1.335,0,0,25,-5.56628
1.34,0,0,25,-5.56193
1.345,0,0,25,-5.55756
1.35,0,0,25,-5.55319
1.355,0,0,25,-5.54882
1.36,0,0,25,-5.54444
1.365,0,0,25,-5.54006
1.37,0,0,25,-5.53567
1.375,0,0,25,-5.53127
1.38,0,0,25,-5.52687
1.385,0,0,25,-5.52247
1.39,0,0,25,-5.51806
1.395,0,0,25,-5.51364
1.4,0,0,25,-5.50922
1.405,0,0,25,-5.50479
1.41,0,0,25,-5.50036
1.415,0,0,25,-5.49592
1.42,0,0,25,-5.49147
1.425,0,0,25,-5.48702
1.43,0,0,25,-5.48256
1.435,0,0,25,-5.4781
1.44,0,0,25,-5.47363
1.445,0,0,25,-5.46916
1.45,0,0,25,-5.46468
1.455,0,0,25,-5.4602
1.46,0,0,25,-5.4557
1.465,0,0,25,-5.45121
1.47,0,0,25,-5.4467
1.475,0,0,25,-5.44219
1.48,0,0,25,-5.43768
1.485,0,0,25,-5.43316
1.49,0,0,25,-5.42863
1.495,0,0,25,-5.4241
1.5,0,0,25,-5.41956
1.505,0,0,25,-5.41501
1.51,0,0,25,-5.41046
1.515,0,0,25,-5.4059
1.52,0,0,25,-5.40133
1.525,0,0,25,-5.39676
1.53,0,0,25,-5.39219
1.535,0,0,25,-5.3876
1.54,0,0,25,-5.38301
1.545,0,0,25,-5.37841
1.55,0,0,25,-5.37381
1.555,0,0,25,-5.3692
1.56,0,0,25,-5.36458
1.565,0,0,25,-5.35996
1.57,0,0,25,-5.35533
1.575,0,0,25,-5.35069
1.58,0,0,25,-5.34605
1.585,0,0,25,-5.3414
1.59,0,0,25,-5.33674
1.595,0,0,25,-5.33208
1.6,0,0,25,-5.32741
1.605,0,0,25,-5.32273
1.61,0,0,25,-5.31805
1.615,0,0,25,-5.31336
1.62,0,0,25,-5.30866
1.625,0,0,25,-5.30395
1.63,0,0,25,-5.29924
1.635,0,0,25,-5.29452
1.64,0,0,25,-5.28979
1.645,0,0,25,-5.28506
1.65,0,0,25,-5.28032
1.655,0,0,25,-5.27557
1.66,0,0,25,-5.27081
1.665,0,0,25,-5.26605
1.67,0,0,25,-5.26128
1.675,0,0,25,-5.2565
1.68,0,0,25,-5.25172
1.685,0,0,25,-5.24692
1.69,0,0,25,-5.24212
1.695,0,0,25,-5.23732
1.7,0,0,25,-5.2325
1.705,0,0,25,-5.22768
1.71,0,0,25,-5.22285
1.715,0,0,25,-5.21801
1.72,0,0,25,-5.21316
1.725,0,0,25,-5.20831
1.73,0,0,25,-5.20345
1.735,0,0,25,-5.19858
1.74,0,0,25,-5.1937
1.745,0,0,25,-5.18881
1.75,0,0,25,-5.18392
1.755,0,0,25,-5.17902
1.76,0,0,25,-5.17411
1.765,0,0,25,-5.16919
1.77,0,0,25,-5.16426
1.775,0,0,25,-5.15933
1.78,0,0,25,-5.15438
1.785,0,0,25,-5.14943
1.79,0,0,25,-5.14447
1.795,0,0,25,-5.1395
1.8,0,0,25,-5.13453
1.805,0,0,25,-5.12954
1.81,0,0,25,-5.12455
1.815,0,0,25,-5.11955
1.82,0,0,25,-5.11454
1.825,0,0,25,-5.10952
1.83,0,0,25,-5.10449
1.835,0,0,25,-5.09945
1.84,0,0,25,-5.09441
1.845,0,0,25,-5.08935
1.85,0,0,25,-5.08429
1.855,0,0,25,-5.07922
1.86,0,0,25,-5.07413
1.865,0,0,25,-5.06904
1.87,0,0,25,-5.06395
1.875,0,0,25,-5.05884
1.88,0,0,25,-5.05372
1.885,0,0,25,-5.04859
1.89,0,0,25,-5.04346
1.895,0,0,25,-5.03831
1.9,0,0,25,-5.03316
1.905,0,0,25,-5.02799
1.91,0,0,25,-5.02282
1.915,0,0,25,-5.01763
1.92,0,0,25,-5.01244
1.925,0,0,25,-5.00724
1.93,0,0,25,-5.00203
1.935,0,0,25,-4.9968
1.94,0,0,25,-4.99157
1.945,0,0,25,-4.98633
1.95,0,0,25,-4.98108
1.955,0,0,25,-4.97582
1.96,0,0,25,-4.97055
1.965,0,0,25,-4.96527
1.97,0,0,25,-4.95997
1.975,0,0,25,-4.95467
1.98,0,0,25,-4.94936
1.985,0,0,25,-4.94404
1.99,0,0,25,-4.93871
1.995,0,0,25,-4.93337
2,0,0,25,-4.92801
2.005,0,0,25,-4.92265
2.01,0,0,25,-4.91728
2.015,0,0,25,-4.91189
2.02,0,0,25,-4.9065
2.025,0,0,25,-4.90109
2.03,0,0,25,-4.89568
2.035,0,0,25,-4.89025
2.04,0,0,25,-4.88481
2.045,0,0,25,-4.87936
2.05,0,0,25,-4.8739
2.055,0,0,25,-4.86843
2.06,0,0,25,-4.86295
2.065,0,0,25,-4.85746
2.07,0,0,25,-4.85195
2.075,0,0,25,-4.84644
2.08,0,0,25,-4.84091
2.085,0,0,25,-4.83538
2.09,0,0,25,-4.82983
2.095,0,0,25,-4.82427
2.1,0,0,25,-4.81869
2.105,0,0,25,-4.81311
2.11,0,0,25,-4.80752
2.115,0,0,25,-4.80191
2.12,0,0,25,-4.79629
2.125,0,0,25,-4.79066
2.13,0,0,25,-4.78502
2.135,0,0,25,-4.77936
2.14,0,0,25,-4.7737
2.145,0,0,25,-4.76802
2.15,0,0,25,-4.76233
2.155,0,0,25,-4.75663
2.16,0,0,25,-4.75091
2.165,0,0,25,-4.74519
2.17,0,0,25,-4.73945
2.175,0,0,25,-4.7337
2.18,0,0,25,-4.72793
2.185,0,0,25,-4.72216
2.19,0,0,25,-4.71637
2.195,0,0,25,-4.71056
2.2,0,0,25,-4.70475
2.205,0,0,25,-4.69892
2.21,0,0,25,-4.69308
2.215,0,0,25,-4.68723
2.22,0,0,25,-4.68136
2.225,0,0,25,-4.67548
2.23,0,0,25,-4.66959
2.235,0,0,25,-4.66369
2.24,0,0,25,-4.65777
2.245,0,0,25,-4.65184
2.25,0,0,25,-4.64589
2.255,0,0,25,-4.63993
2.26,0,0,25,-4.63396
2.265,0,0,25,-4.62797
2.27,0,0,25,-4.62197
2.275,0,0,25,-4.61596
2.28,0,0,25,-4.60993
2.285,0,0,25,-4.60389
2.29,0,0,25,-4.59784
2.295,0,0,25,-4.59177
2.3,0,0,25,-4.58568
2.305,0,0,25,-4.57959
2.31,0,0,25,-4.57347
2.315,0,0,25,-4.56735
2.32,0,0,25,-4.56121
2.325,0,0,25,-4.55505
2.33,0,0,25,-4.54888
2.335,0,0,25,-4.5427
2.34,0,0,25,-4.5365
2.345,0,0,25,-4.53029
2.35,0,0,25,-4.52406
2.355,0,0,25,-4.51781
2.36,0,0,25,-4.51156
2.365,0,0,25,-4.50528
2.37,0,0,25,-4.49899
2.375,0,0,25,-4.49269
2.38,0,0,25,-4.48637
2.385,0,0,25,-4.48004
2.39,0,0,25,-4.47369
2.395,0,0,25,-4.46732
2.4,0,0,25,-4.46094
2.405,0,0,25,-4.45454
2.41,0,0,25,-4.44813
2.415,0,0,25,-4.4417
2.42,0,0,25,-4.43526
2.425,0,0,25,-4.4288
2.43,0,0,25,-4.42232
2.435,0,0,25,-4.41583
2.44,0,0,25,-4.40932
2.445,0,0,25,-4.4028
2.45,0,0,25,-4.39625
2.455,0,0,25,-4.3897
2.46,0,0,25,-4.38312
2.465,0,0,25,-4.37653
2.47,0,0,25,-4.36992
2.475,0,0,25,-4.3633
2.48,0,0,25,-4.35665
2.485,0,0,25,-4.34999
2.49,0,0,25,-4.34332
2.495,0,0,25,-4.33663
2.5,0,0,25,-4.32991
2.505,0,0,25,-4.32319
2.51,0,0,25,-4.31644
2.515,0,0,25,-4.30968
2.52,0,0,25,-4.3029
2.525,0,0,25,-4.2961
2.53,0,0,25,-4.28928
2.535,0,0,25,-4.28245
2.54,0,0,25,-4.2756
2.545,0,0,25,-4.26873
2.55,0,0,25,-4.26184
2.555,0,0,25,-4.25493
2.56,0,0,25,-4.24801
2.565,0,0,25,-4.24106
2.57,0,0,25,-4.2341
2.575,0,0,25,-4.22712
2.58,0,0,25,-4.22012
2.585,0,0,25,-4.2131
2.59,0,0,25,-4.20607
2.595,0,0,25,-4.19901
2.6,0,0,25,-4.19193
2.605,0,0,25,-4.18484
2.61,0,0,25,-4.17772
2.615,0,0,25,-4.17059
2.62,0,0,25,-4.16344
2.625,0,0,25,-4.15627
2.63,0,0,25,-4.14907
2.635,0,0,25,-4.14186
2.64,0,0,25,-4.13463
2.645,0,0,25,-4.12738
2.65,0,0,25,-4.1201
2.655,0,0,25,-4.11281
2.66,0,0,25,-4.1055
2.665,0,0,25,-4.09817
2.67,0,0,25,-4.09081
2.675,0,0,25,-4.08344
2.68,0,0,25,-4.07604
2.685,0,0,25,-4.06863
2.69,0,0,25,-4.06119
2.695,0,0,25,-4.05373
2.7,0,0,25,-4.04625
2.705,0,0,25,-4.03875
2.71,0,0,25,-4.03123
2.715,0,0,25,-4.02369
2.72,0,0,25,-4.01612
2.725,0,0,25,-4.00853
2.73,0,0,25,-4.00093
2.735,0,0,25,-3.9933
2.74,0,0,25,-3.98564
2.745,0,0,25,-3.97797
2.75,0,0,25,-3.97027
2.755,0,0,25,-3.96255
2.76,0,0,25,-3.95481
2.765,0,0,25,-3.94705
2.77,0,0,25,-3.93926
2.775,0,0,25,-3.93145
2.78,0,0,25,-3.92361
2.785,0,0,25,-3.91576
2.79,0,0,25,-3.90788
2.795,0,0,25,-3.89998
2.8,0,0,25,-3.89205
2.805,0,0,25,-3.8841
2.81,0,0,25,-3.87613
2.815,0,0,25,-3.86813
2.82,0,0,25,-3.86011
2.825,0,0,25,-3.85207
2.83,0,0,25,-3.844
2.835,0,0,25,-3.8359
2.84,0,0,25,-3.82779
2.845,0,0,25,-3.81964
2.85,0,0,25,-3.81148
2.855,0,0,25,-3.80328
2.86,0,0,25,-3.79507
2.865,0,0,25,-3.78683
2.87,0,0,25,-3.77856
2.875,0,0,25,-3.77027
2.88,0,0,25,-3.76195
2.885,0,0,25,-3.75361
2.89,0,0,25,-3.74524
2.895,0,0,25,-3.73685
2.9,0,0,25,-3.72843
2.905,0,0,25,-3.71998
2.91,0,0,25,-3.71151
2.915,0,0,25,-3.70301
2.92,0,0,25,-3.69448
2.925,0,0,25,-3.68593
2.93,0,0,25,-3.67735
2.935,0,0,25,-3.66875
2.94,0,0,25,-3.66012
2.945,0,0,25,-3.65146
2.95,0,0,25,-3.64277
2.955,0,0,25,-3.63406
2.96,0,0,25,-3.62532
2.965,0,0,25,-3.61655
2.97,0,0,25,-3.60775
2.975,0,0,25,-3.59893
2.98,0,0,25,-3.59008
2.985,0,0,25,-3.5812
2.99,0,0,25,-3.57229
2.995,0,0,25,-3.56335
3,0,0,25,-3.55439
3.005,0,0,25,-3.54539
3.01,0,0,25,-3.53637
3.015,0,0,25,-3.52732
3.02,0,0,25,-3.51823
3.025,0,0,25,-3.50912
3.03,0,0,25,-3.49998
3.035,0,0,25,-3.49081
3.04,0,0,25,-3.48161
3.045,0,0,25,-3.47238
3.05,0,0,25,-3.46312
3.055,0,0,25,-3.45383
3.06,0,0,25,-3.44452
3.065,0,0,25,-3.43516
3.07,0,0,25,-3.42578
3.075,0,0,25,-3.41637
3.08,0,0,25,-3.40693
3.085,0,0,25,-3.39746
3.09,0,0,25,-3.38795
3.095,0,0,25,-3.37841
3.1,0,0,25,-3.36885
3.105,0,0,25,-3.35925
3.11,0,0,25,-3.34962
3.115,0,0,25,-3.33995
3.12,0,0,25,-3.33026
3.125,0,0,25,-3.32053
3.13,0,0,25,-3.31077
3.135,0,0,25,-3.30098
3.14,0,0,25,-3.29115
3.145,0,0,25,-3.28129
3.15,0,0,25,-3.2714
3.155,0,0,25,-3.26148
3.16,0,0,25,-3.25152
3.165,0,0,25,-3.24153
3.17,0,0,25,-3.2315
3.175,0,0,25,-3.22145
3.18,0,0,25,-3.21135
3.185,0,0,25,-3.20123
3.19,0,0,25,-3.19106
3.195,0,0,25,-3.18087
3.2,0,0,25,-3.17064
3.205,0,0,25,-3.16037
3.21,0,0,25,-3.15007
3.215,0,0,25,-3.13974
3.22,0,0,25,-3.12937
3.225,0,0,25,-3.11896
3.23,0,0,25,-3.10852
3.235,0,0,25,-3.09804
3.24,0,0,25,-3.08753
3.245,0,0,25,-3.07698
3.25,0,0,25,-3.0664
3.255,0,0,25,-3.05577
3.26,0,0,25,-3.04511
3.265,0,0,25,-3.03442
3.27,0,0,25,-3.02369
3.275,0,0,25,-3.01292
3.28,0,0,25,-3.00211
3.285,0,0,25,-2.99127
3.29,0,0,25,-2.98039
3.295,0,0,25,-2.96947
3.3,0,0,25,-2.95851
3.305,0,0,25,-2.94752
3.31,0,0,25,-2.93648
3.315,0,0,25,-2.92541
3.32,0,0,25,-2.9143
3.325,0,0,25,-2.90315
3.33,0,0,25,-2.89196
3.335,0,0,25,-2.88074
3.34,0,0,25,-2.86947
3.345,0,0,25,-2.85817
3.35,0,0,25,-2.84682
3.355,0,0,25,-2.83544
3.36,0,0,25,-2.82401
3.365,0,0,25,-2.81255
3.37,0,0,25,-2.80104
3.375,0,0,25,-2.7895
3.38,0,0,25,-2.77791
3.385,0,0,25,-2.76629
3.39,0,0,25,-2.75462
3.395,0,0,25,-2.74291
3.4,0,0,25,-2.73116
3.405,0,0,25,-2.71937
3.41,0,0,25,-2.70754
3.415,0,0,25,-2.69567
3.42,0,0,25,-2.68375
3.425,0,0,25,-2.6718
3.43,0,0,25,-2.6598
3.435,0,0,25,-2.64776
3.44,0,0,25,-2.63567
3.445,0,0,25,-2.62354
3.45,0,0,25,-2.61138
3.455,0,0,25,-2.59916
3.46,0,0,25,-2.58691
3.465,0,0,25,-2.57461
3.47,0,0,25,-2.56227
3.475,0,0,25,-2.54988
3.48,0,0,25,-2.53745
3.485,0,0,25,-2.52498
3.49,0,0,25,-2.51246
3.495,0,0,25,-2.4999
3.5,0,0,25,-2.4873
3.505,0,0,25,-2.47465
3.51,0,0,25,-2.46195
3.515,0,0,25,-2.44921
3.52,0,0,25,-2.43643
3.525,0,0,25,-2.4236
3.53,0,0,25,-2.41073
3.535,0,0,25,-2.39781
3.54,0,0,25,-2.38485
3.545,0,0,25,-2.37184
3.55,0,0,25,-2.35878
3.555,0,0,25,-2.34568
3.56,0,0,25,-2.33253
3.565,0,0,25,-2.31934
3.57,0,0,25,-2.3061
3.575,0,0,25,-2.29281
3.58,0,0,25,-2.27948
3.585,0,0,25,-2.2661
3.59,0,0,25,-2.25268
3.595,0,0,25,-2.23921
3.6,0,0,25,-2.22569
3.605,0,0,25,-2.21212
3.61,0,0,25,-2.19851
3.615,0,0,25,-2.18485
3.62,0,0,25,-2.17114
3.625,0,0,25,-2.15739
3.63,0,0,25,-2.14359
3.635,0,0,25,-2.12974
3.64,0,0,25,-2.11584
3.645,0,0,25,-2.1019
3.65,0,0,25,-2.08791
3.655,0,0,25,-2.07387
3.66,0,0,25,-2.05978
3.665,0,0,25,-2.04564
3.67,0,0,25,-2.03146
3.675,0,0,25,-2.01722
3.68,0,0,25,-2.00294
3.685,0,0,25,-1.98862
3.69,0,0,25,-1.97424
3.695,0,0,25,-1.95981
3.7,0,0,25,-1.94534
3.705,0,0,25,-1.93082
3.71,0,0,25,-1.91625
3.715,0,0,25,-1.90163
3.72,0,0,25,-1.88696
3.725,0,0,25,-1.87224
3.73,0,0,25,-1.85748
3.735,0,0,25,-1.84266
3.74,0,0,25,-1.8278
3.745,0,0,25,-1.81289
3.75,0,0,25,-1.79793
3.755,0,0,25,-1.78292
3.76,0,0,25,-1.76786
3.765,0,0,25,-1.75276
3.77,0,0,25,-1.7376
3.775,0,0,25,-1.7224
3.78,0,0,25,-1.70715
3.785,0,0,25,-1.69185
3.79,0,0,25,-1.6765
3.795,0,0,25,-1.6611
3.8,0,0,25,-1.64566
3.805,0,0,25,-1.63016
3.81,0,0,25,-1.61462
3.815,0,0,25,-1.59903
3.82,0,0,25,-1.58339
3.825,0,0,25,-1.5677
3.83,0,0,25,-1.55197
3.835,0,0,25,-1.53619
3.84,0,0,25,-1.52036
3.845,0,0,25,-1.50448
3.85,0,0,25,-1.48856
3.855,0,0,25,-1.47258
3.86,0,0,25,-1.45656
3.865,0,0,25,-1.4405
3.87,0,0,25,-1.42438
3.875,0,0,25,-1.40822
3.88,0,0,25,-1.39202
3.885,0,0,25,-1.37576
3.89,0,0,25,-1.35946
3.895,0,0,25,-1.34312
3.9,0,0,25,-1.32673
3.905,0,0,25,-1.31029
3.91,0,0,25,-1.2938
3.915,0,0,25,-1.27728
3.92,0,0,25,-1.2607
3.925,0,0,25,-1.24409
3.93,0,0,25,-1.22742
3.935,0,0,25,-1.21072
3.94,0,0,25,-1.19397
3.945,0,0,25,-1.17717
3.95,0,0,25,-1.16034
3.955,0,0,25,-1.14346
3.96,0,0,25,-1.12653
3.965,0,0,25,-1.10957
3.97,0,0,25,-1.09256
3.975,0,0,25,-1.07551
3.98,0,0,25,-1.05842
3.985,0,0,25,-1.04129
3.99,0,0,25,-1.02411
3.995,0,0,25,-1.0069
4,0,0,25,-0.989648
4.005,0,0,25,-0.972355
4.01,0,0,25,-0.955024
4.015,0,0,25,-0.937654
4.02,0,0,25,-0.920246
4.025,0,0,25,-0.9028
4.03,0,0,25,-0.885317
4.035,0,0,25,-0.867797
4.04,0,0,25,-0.850241
4.045,0,0,25,-0.832649
4.05,0,0,25,-0.815022
4.055,0,0,25,-0.79736
4.06,0,0,25,-0.779663
4.065,0,0,25,-0.761934
4.07,0,0,25,-0.744171
4.075,0,0,25,-0.726375
4.08,0,0,25,-0.708548
4.085,0,0,25,-0.69069
4.09,0,0,25,-0.6728
4.095,0,0,25,-0.654881
4.1,0,0,25,-0.636933
4.105,0,0,25,-0.618955
4.11,0,0,25,-0.60095
4.115,0,0,25,-0.582917
4.12,0,0,25,-0.564858
4.125,0,0,25,-0.546772
4.13,0,0,25,-0.528662
4.135,0,0,25,-0.510527
4.14,0,0,25,-0.492368
4.145,0,0,25,-0.474187
4.15,0,0,25,-0.455983
4.155,0,0,25,-0.437758
4.16,0,0,25,-0.419512
4.165,0,0,25,-0.401247
4.17,0,0,25,-0.382963
4.175,0,0,25,-0.36466
4.18,0,0,25,-0.346341
4.185,0,0,25,-0.328006
4.19,0,0,25,-0.309655
4.195,0,0,25,-0.29129
4.2,0,0,25,-0.272912
4.205,0,0,25,-0.254521
4.21,0,0,25,-0.236118
4.215,0,0,25,-0.217705
4.22,0,0,25,-0.199283
4.225,0,0,25,-0.180852
4.23,0,0,25,-0.162413
4.235,0,0,25,-0.143968
4.24,0,0,25,-0.125518
4.245,0,0,25,-0.107063
4.25,0,0,25,-0.0886058
4.255,0,0,25,-0.070146
4.26,0,0,25,-0.0516853
4.265,0,0,25,-0.0332247
4.27,0,0,25,-0.0147656
4.275,0,0,25,0.00369109
4.28,0,0,25,0.022144
4.285,0,0,25,0.040592
4.29,0,0,25,0.0590339
4.295,0,0,25,0.0774684
4.3,0,0,25,0.0958943
4.305,0,0,25,0.11431
4.31,0,0,25,0.132715
4.315,0,0,25,0.151108
4.32,0,0,25,0.169486
4.325,0,0,25,0.18785
4.33,0,0,25,0.206197
4.335,0,0,25,0.224526
4.34,0,0,25,0.242836
4.345,0,0,25,0.261125
4.35,0,0,25,0.279393
4.355,0,0,25,0.297637
4.36,0,0,25,0.315856
4.365,0,0,25,0.334049
4.37,0,0,25,0.352214
4.375,0,0,25,0.37035
4.38,0,0,25,0.388455
4.385,0,0,25,0.406528
4.39,0,0,25,0.424567
4.395,0,0,25,0.442571
4.4,0,0,25,0.460538
4.405,0,0,25,0.478466
4.41,0,0,25,0.496355
4.415,0,0,25,0.514202
4.42,0,0,25,0.532006
4.425,0,0,25,0.549765
4.43,0,0,25,0.567477
4.435,0,0,25,0.585142
4.44,0,0,25,0.602757
4.445,0,0,25,0.62032
4.45,0,0,25,0.63783
4.455,0,0,25,0.655285
4.46,0,0,25,0.672684
4.465,0,0,25,0.690025
4.47,0,0,25,0.707306
4.475,0,0,25,0.724525
4.48,0,0,25,0.74168
4.485,0,0,25,0.758771
4.49,0,0,25,0.775794
4.495,0,0,25,0.792749
4.5,0,0,25,0.809633
4.505,0,0,25,0.826444
4.51,0,0,25,0.843181
4.515,0,0,25,0.859843
4.52,0,0,25,0.876426
4.525,0,0,25,0.89293
4.53,0,0,25,0.909352
4.535,0,0,25,0.925691
4.54,0,0,25,0.941944
4.545,0,0,25,0.95811
4.55,0,0,25,0.974187
4.555,0,0,25,0.990173
4.56,0,0,25,1.00607
4.565,0,0,25,1.02186
4.57,0,0,25,1.03757
4.575,0,0,25,1.05317
4.58,0,0,25,1.06867
4.585,0,0,25,1.08407
4.59,0,0,25,1.09937
4.595,0,0,25,1.11456
4.6,0,0,25,1.12964
4.605,0,0,25,1.14461
4.61,0,0,25,1.15946
4.615,0,0,25,1.17421
4.62,0,0,25,1.18884
4.625,0,0,25,1.20334
4.63,0,0,25,1.21773
4.635,0,0,25,1.232
4.64,0,0,25,1.24614
4.645,0,0,25,1.26016
4.65,0,0,25,1.27405
4.655,0,0,25,1.2878
4.66,0,0,25,1.30143
4.665,0,0,25,1.31492
4.67,0,0,25,1.32828
4.675,0,0,25,1.34149
4.68,0,0,25,1.35457
4.685,0,0,25,1.3675
4.69,0,0,25,1.38029
4.695,0,0,25,1.39294
4.7,0,0,25,1.40543
4.705,0,0,25,1.41778
4.71,0,0,25,1.42997
4.715,0,0,25,1.44201
4.72,0,0,25,1.45389
4.725,0,0,25,1.46562
4.73,0,0,25,1.47718
4.735,0,0,25,1.48858
4.74,0,0,25,1.49982
4.745,0,0,25,1.51089
4.75,0,0,25,1.52179
4.755,0,0,25,1.53253
4.76,0,0,25,1.54309
4.765,0,0,25,1.55347
4.77,0,0,25,1.56368
4.775,0,0,25,1.57371
4.78,0,0,25,1.58357
4.785,0,0,25,1.59323
4.79,0,0,25,1.60272
4.795,0,0,25,1.61202
4.8,0,0,25,1.62113
4.805,0,0,25,1.63005
4.81,0,0,25,1.63878
4.815,0,0,25,1.64731
4.82,0,0,25,1.65565
4.825,0,0,25,1.66379
4.83,0,0,25,1.67174
4.835,0,0,25,1.67948
4.84,0,0,25,1.68702
4.845,0,0,25,1.69435
4.85,0,0,25,1.70147
4.855,0,0,25,1.70839
4.86,0,0,25,1.7151
4.865,0,0,25,1.72159
4.87,0,0,25,1.72787
4.875,0,0,25,1.73393
4.88,0,0,25,1.73978
4.885,0,0,25,1.74541
4.89,0,0,25,1.75082
4.895,0,0,25,1.756
4.9,0,0,25,1.76096
4.905,0,0,25,1.7657
4.91,0,0,25,1.7702
4.915,0,0,25,1.77448
4.92,0,0,25,1.77853
4.925,0,0,25,1.78235
4.93,0,0,25,1.78594
4.935,0,0,25,1.78929
4.94,0,0,25,1.79241
4.945,0,0,25,1.79529
4.95,0,0,25,1.79794
4.955,0,0,25,1.80035
4.96,0,0,25,1.80252
4.965,0,0,25,1.80445
4.97,0,0,25,1.80614
4.975,0,0,25,1.80759
4.98,0,0,25,1.8088
4.985,0,0,25,1.80977
4.99,0,0,25,1.8105
4.995,0,0,25,1.81098
5,0,0,25,1.81122
