0,0,0,25,8.13189
0.005,0,0,25,8.13251
0.01,0,0,25,8.13374
0.015,0,0,25,8.13559
0.02,0,0,25,8.13805
0.025,0,0,25,8.14112
0.03,0,0,25,8.14481
0.035,0,0,25,8.1491
0.04,0,0,25,8.154
0.045,0,0,25,8.15951
0.05,0,0,25,8.16562
0.055,0,0,25,8.17234
0.06,0,0,25,8.17965
0.065,0,0,25,8.18757
0.07,0,0,25,8.19607
0.075,0,0,25,8.20518
0.08,0,0,25,8.21487
0.085,0,0,25,8.22516
0.09,0,0,25,8.23604
0.095,0,0,25,8.2475
0.1,0,0,25,8.25954
0.105,0,0,25,8.27217
0.11,0,0,25,8.28538
0.115,0,0,25,8.29917
0.12,0,0,25,8.31353
0.125,0,0,25,8.32847
0.13,0,0,25,8.34398
0.135,0,0,25,8.36007
0.14,0,0,25,8.37672
0.145,0,0,25,8.39393
0.15,0,0,25,8.41171
0.155,0,0,25,8.43006
0.16,0,0,25,8.44896
0.165,0,0,25,8.46843
0.17,0,0,25,8.48845
0.175,0,0,25,8.50902
0.18,0,0,25,8.53015
0.185,0,0,25,8.55182
0.19,0,0,25,8.57405
0.195,0,0,25,8.59682
0.2,0,0,25,8.62014
0.205,0,0,25,8.644
0.21,0,0,25,8.66839
0.215,0,0,25,8.69333
0.22,0,0,25,8.7188
0.225,0,0,25,8.74481
0.23,0,0,25,8.77135
0.235,0,0,25,8.79842
0.24,0,0,25,8.82602
0.245,0,0,25,8.85415
0.25,0,0,25,8.88279
0.255,0,0,25,8.91196
0.26,0,0,25,8.94165
0.265,0,0,25,8.97186
0.27,0,0,25,9.00259
0.275,0,0,25,9.03382
0.28,0,0,25,9.06557
0.285,0,0,25,9.09783
0.29,0,0,25,9.1306
0.295,0,0,25,9.16387
0.3,0,0,25,9.19764
0.305,0,0,25,9.23191
0.31,0,0,25,9.26669
0.315,0,0,25,9.30196
0.32,0,0,25,9.33773
0.325,0,0,25,9.37398
0.33,0,0,25,9.41073
0.335,0,0,25,9.44797
0.34,0,0,25,9.48569
0.345,0,0,25,9.5239
0.35,0,0,25,9.56259
0.355,0,0,25,9.60176
0.36,0,0,25,9.6414
0.365,0,0,25,9.68152
0.37,0,0,25,9.72212
0.375,0,0,25,9.76319
0.38,0,0,25,9.80472
0.385,0,0,25,9.84672
0.39,0,0,25,9.88919
0.395,0,0,25,9.93212
0.4,0,0,25,9.97551
0.405,0,0,25,10.0194
0.41,0,0,25,10.0637
0.415,0,0,25,10.1084
0.42,0,0,25,10.1536
0.425,0,0,25,10.1993
0.43,0,0,25,10.2454
0.435,0,0,25,10.2919
0.44,0,0,25,10.3389
0.445,0,0,25,10.3864
0.45,0,0,25,10.4342
0.455,0,0,25,10.4825
0.46,0,0,25,10.5313
0.465,0,0,25,10.5804
0.47,0,0,25,10.63
0.475,0,0,25,10.6801
0.48,0,0,25,10.7305
0.485,0,0,25,10.7814
0.49,0,0,25,10.8327
0.495,0,0,25,10.8844
0.5,0,0,25,10.9365
0.505,0,0,25,10.9891
0.51,0,0,25,11.042
0.515,0,0,25,11.0954
0.52,0,0,25,11.1492
0.525,0,0,25,11.2033
0.53,0,0,25,11.2579
0.535,0,0,25,11.3129
0.54,0,0,25,11.3683
0.545,0,0,25,11.4241
0.55,0,0,25,11.4802
0.555,0,0,25,11.5368
0.56,0,0,25,11.5937
0.565,0,0,25,11.6511
0.57,0,0,25,11.7088
0.575,0,0,25,11.7669
0.58,0,0,25,11.8254
0.585,0,0,25,11.8842
0.59,0,0,25,11.9435
0.595,0,0,25,12.0031
0.6,0,0,25,12.0631
0.605,0,0,25,12.1234
0.61,0,0,25,12.1842
0.615,0,0,25,12.2452
0.62,0,0,25,12.3067
0.625,0,0,25,12.3685
0.63,0,0,25,12.4307
0.635,0,0,25,12.4932
0.64,0,0,25,12.5561
0.645,0,0,25,12.6193
0.65,0,0,25,12.6829
0.655,0,0,25,12.7469
0.66,0,0,25,12.8111
0.665,0,0,25,12.8758
0.67,0,0,25,12.9407
0.675,0,0,25,13.0061
0.68,0,0,25,13.0717
0.685,0,0,25,13.1377
0.69,0,0,25,13.204
0.695,0,0,25,13.2706
0.7,0,0,25,13.3376
0.705,0,0,25,13.4049
0.71,0,0,25,13.4726
0.715,0,0,25,13.5405
0.72,0,0,25,13.6088
0.725,0,0,25,13.6774
0.73,0,0,25,13.7463
0.735,0,0,25,13.8155
0.74,0,0,25,13.8851
0.745,0,0,25,13.9549
0.75,0,0,25,14.0251
0.755,0,0,25,14.0956
0.76,0,0,25,14.1664
0.765,0,0,25,14.2375
0.77,0,0,25,14.3088
0.775,0,0,25,14.3805
0.78,0,0,25,14.4525
0.785,0,0,25,14.5248
0.79,0,0,25,14.5974
0.795,0,0,25,14.6702
0.8,0,0,25,14.7434
0.805,0,0,25,14.8168
0.81,0,0,25,14.8906
0.815,0,0,25,14.9646
0.82,0,0,25,15.0389
0.825,0,0,25,15.1135
0.83,0,0,25,15.1884
0.835,0,0,25,15.2635
0.84,0,0,25,15.3389
0.845,0,0,25,15.4146
0.85,0,0,25,15.4906
0.855,0,0,25,15.5668
0.86,0,0,25,15.6433
0.865,0,0,25,15.7201
0.87,0,0,25,15.7971
0.875,0,0,25,15.8744
0.88,0,0,25,15.952
0.885,0,0,25,16.0298
0.89,0,0,25,16.1079
0.895,0,0,25,16.1863
0.9,0,0,25,16.2649
0.905,0,0,25,16.3437
0.91,0,0,25,16.4228
0.915,0,0,25,16.5022
0.92,0,0,25,16.5818
0.925,0,0,25,16.6616
0.93,0,0,25,16.7417
0.935,0,0,25,16.8221
0.94,0,0,25,16.9027
0.945,0,0,25,16.9835
0.95,0,0,25,17.0645
0.955,0,0,25,17.1458
0.96,0,0,25,17.2274
0.965,0,0,25,17.3092
0.97,0,0,25,17.3912
0.975,0,0,25,17.4734
0.98,0,0,25,17.5559
0.985,0,0,25,17.6386
0.99,0,0,25,17.7215
0.995,0,0,25,17.8046
1,0,0,25,17.888
1.005,0,0,25,17.9716
1.01,0,0,25,18.0554
1.015,0,0,25,18.1394
1.02,0,0,25,18.2237
1.025,0,0,25,18.3081
1.03,0,0,25,18.3928
1.035,0,0,25,18.4777
1.04,0,0,25,18.5628
1.045,0,0,25,18.6481
1.05,0,0,25,18.7337
1.055,0,0,25,18.8194
1.06,0,0,25,18.9053
1.065,0,0,25,18.9915
1.07,0,0,25,19.0778
1.075,0,0,25,19.1644
1.08,0,0,25,19.2511
1.085,0,0,25,19.338
1.09,0,0,25,19.4252
1.095,0,0,25,19.5125
1.1,0,0,25,19.6
1.105,0,0,25,19.6878
1.11,0,0,25,19.7757
1.115,0,0,25,19.8638
1.12,0,0,25,19.9521
1.125,0,0,25,20.0405
1.13,0,0,25,20.1292
1.135,0,0,25,20.218
1.14,0,0,25,20.3071
1.145,0,0,25,20.3963
1.15,0,0,25,20.4857
1.155,0,0,25,20.5752
1.16,0,0,25,20.6649
1.165,0,0,25,20.7549
1.17,0,0,25,20.8449
1.175,0,0,25,20.9352
1.18,0,0,25,21.0256
1.185,0,0,25,21.1162
1.19,0,0,25,21.207
1.195,0,0,25,21.2979
1.2,0,0,25,21.389
1.205,0,0,25,21.4802
1.21,0,0,25,21.5716
1.215,0,0,25,21.6632
1.22,0,0,25,21.7549
1.225,0,0,25,21.8468
1.23,0,0,25,21.9388
1.235,0,0,25,22.031
1.24,0,0,25,22.1233
1.245,0,0,25,22.2158
1.25,0,0,25,22.3084
1.255,0,0,25,22.4012
1.26,0,0,25,22.4941
1.265,0,0,25,22.5872
1.27,0,0,25,22.6804
1.275,0,0,25,22.7737
1.28,0,0,25,22.8671
1.285,0,0,25,22.9607
1.29,0,0,25,23.0545
1.295,0,0,25,23.1483
1.3,0,0,25,23.2423
1.305,0,0,25,23.3364
1.31,0,0,25,23.4307
1.315,0,0,25,23.525
1.32,0,0,25,23.6195
1.325,0,0,25,23.7141
1.33,0,0,25,23.8088
1.335,0,0,25,23.9036
1.34,0,0,25,23.9986
1.345,0,0,25,24.0936
1.35,0,0,25,24.1887
1.355,0,0,25,24.284
1.36,0,0,25,24.3793
1.365,0,0,25,24.4748
1.37,0,0,25,24.5704
1.375,0,0,25,24.666
1.38,0,0,25,24.7617
1.385,0,0,25,24.8576
1.39,0,0,25,24.9535
1.395,0,0,25,25.0495
1.4,0,0,25,25.1456
1.405,0,0,25,25.2417
1.41,0,0,25,25.338
1.415,0,0,25,25.4343
1.42,0,0,25,25.5307
1.425,0,0,25,25.6271
1.43,0,0,25,25.7236
1.435,0,0,25,25.8202
1.44,0,0,25,25.9168
1.445,0,0,25,26.0135
1.45,0,0,25,26.1103
1.455,0,0,25,26.2071
1.46,0,0,25,26.3039
1.465,0,0,25,26.4008
1.47,0,0,25,26.4978
1.475,0,0,25,26.5947
1.48,0,0,25,26.6917
1.485,0,0,25,26.7888
1.49,0,0,25,26.8858
1.495,0,0,25,26.9829
1.5,0,0,25,27.08
1.505,0,0,25,27.1771
1.51,0,0,25,27.2742
1.515,0,0,25,27.3714
1.52,0,0,25,27.4685
1.525,0,0,25,27.5657
1.53,0,0,25,27.6628
1.535,0,0,25,27.7599
1.54,0,0,25,27.8571
1.545,0,0,25,27.9542
1.55,0,0,25,28.0513
1.555,0,0,25,28.1483
1.56,0,0,25,28.2453
1.565,0,0,25,28.3423
1.57,0,0,25,28.4393
1.575,0,0,25,28.5362
1.58,0,0,25,28.6331
1.585,0,0,25,28.7299
1.59,0,0,25,28.8267
1.595,0,0,25,28.9234
1.6,0,0,25,29.02
1.605,0,0,25,29.1166
1.61,0,0,25,29.213
1.615,0,0,25,29.3094
1.62,0,0,25,29.4058
1.625,0,0,25,29.502
1.63,0,0,25,29.5981
1.635,0,0,25,29.6941
1.64,0,0,25,29.79
1.645,0,0,25,29.8858
1.65,0,0,25,29.9815
1.655,0,0,25,30.077
1.66,0,0,25,30.1724
1.665,0,0,25,30.2677
1.67,0,0,25,30.3628
1.675,0,0,25,30.4578
1.68,0,0,25,30.5526
1.685,0,0,25,30.6473
1.69,0,0,25,30.7418
1.695,0,0,25,30.8361
1.7,0,0,25,30.9302
1.705,0,0,25,31.0241
1.71,0,0,25,31.1179
1.715,0,0,25,31.2114
1.72,0,0,25,31.3047
1.725,0,0,25,31.3978
1.73,0,0,25,31.4907
1.735,0,0,25,31.5834
1.74,0,0,25,31.6758
1.745,0,0,25,31.7679
1.75,0,0,25,31.8599
1.755,0,0,25,31.9515
1.76,0,0,25,32.0429
1.765,0,0,25,32.134
1.77,0,0,25,32.2248
1.775,0,0,25,32.3153
1.78,0,0,25,32.4056
1.785,0,0,25,32.4955
1.79,0,0,25,32.5851
1.795,0,0,25,32.6744
1.8,0,0,25,32.7633
1.805,0,0,25,32.852
1.81,0,0,25,32.9402
1.815,0,0,25,33.0281
1.82,0,0,25,33.1157
1.825,0,0,25,33.2029
1.83,0,0,25,33.2897
1.835,0,0,25,33.3761
1.84,0,0,25,33.4621
1.845,0,0,25,33.5477
1.85,0,0,25,33.6329
1.855,0,0,25,33.7177
1.86,0,0,25,33.802
1.865,0,0,25,33.8859
1.87,0,0,25,33.9694
1.875,0,0,25,34.0524
1.88,0,0,25,34.135
1.885,0,0,25,34.217
1.89,0,0,25,34.2986
1.895,0,0,25,34.3797
1.9,0,0,25,34.4603
1.905,0,0,25,34.5404
1.91,0,0,25,34.62
1.915,0,0,25,34.6991
1.92,0,0,25,34.7776
1.925,0,0,25,34.8556
1.93,0,0,25,34.933
1.935,0,0,25,35.0099
1.94,0,0,25,35.0862
1.945,0,0,25,35.1619
1.95,0,0,25,35.2371
1.955,0,0,25,35.3116
1.96,0,0,25,35.3856
1.965,0,0,25,35.4589
1.97,0,0,25,35.5317
1.975,0,0,25,35.6038
1.98,0,0,25,35.6753
1.985,0,0,25,35.7461
1.99,0,0,25,35.8163
1.995,0,0,25,35.8859
2,0,0,25,35.9548
2.005,0,0,25,36.023
2.01,0,0,25,36.0905
2.015,0,0,25,36.1573
2.02,0,0,25,36.2235
2.025,0,0,25,36.2889
2.03,0,0,25,36.3537
2.035,0,0,25,36.4177
2.04,0,0,25,36.481
2.045,0,0,25,36.5436
2.05,0,0,25,36.6054
2.055,0,0,25,36.6665
2.06,0,0,25,36.7268
2.065,0,0,25,36.7864
2.07,0,0,25,36.8452
2.075,0,0,25,36.9032
2.08,0,0,25,36.9605
2.085,0,0,25,37.017
2.09,0,0,25,37.0726
2.095,0,0,25,37.1275
2.1,0,0,25,37.1816
2.105,0,0,25,37.2348
2.11,0,0,25,37.2872
2.115,0,0,25,37.3388
2.12,0,0,25,37.3896
2.125,0,0,25,37.4395
2.13,0,0,25,37.4885
2.135,0,0,25,37.5367
2.14,0,0,25,37.5841
2.145,0,0,25,37.6305
2.15,0,0,25,37.676
2.155,0,0,25,37.7207
2.16,0,0,25,37.7644
2.165,0,0,25,37.8073
2.17,0,0,25,37.8492
2.175,0,0,25,37.8901
2.18,0,0,25,37.9301
2.185,0,0,25,37.9691
2.19,0,0,25,38.0071
2.195,0,0,25,38.0442
2.2,0,0,25,38.0802
2.205,0,0,25,38.1151
2.21,0,0,25,38.149
2.215,0,0,25,38.1819
2.22,0,0,25,38.2136
2.225,0,0,25,38.2442
2.23,0,0,25,38.2736
2.235,0,0,25,38.3018
2.24,0,0,25,38.3288
2.245,0,0,25,38.3545
2.25,0,0,25,38.3789
2.255,0,0,25,38.4019
2.26,0,0,25,38.4235
2.265,0,0,25,38.4436
2.27,0,0,25,38.4622
2.275,0,0,25,38.4792
2.28,0,0,25,38.4944
2.285,0,0,25,38.5079
2.29,0,0,25,38.5195
2.295,0,0,25,38.5291
2.3,0,0,25,38.5366
2.305,0,0,25,38.5418
2.31,0,0,25,38.5446
2.315,0,0,25,38.5449
2.32,0,0,25,38.5423
2.325,0,0,25,38.5368
2.33,0,0,25,38.528
2.335,0,0,25,38.5158
2.34,0,0,25,38.4997
2.345,0,0,25,38.4794
2.35,0,0,25,38.4546
2.355,0,0,25,38.4249
2.36,0,0,25,38.3896
2.365,0,0,25,38.3483
2.37,0,0,25,38.3003
2.375,0,0,25,38.2448
2.38,0,0,25,38.1812
2.385,0,0,25,38.1083
2.39,0,0,25,38.0252
2.395,0,0,25,37.9305
2.4,0,0,25,37.823
2.405,0,0,25,37.7009
2.41,0,0,25,37.5624
2.415,0,0,25,37.4053
2.42,0,0,25,37.2272
2.425,0,0,25,37.0253
2.43,0,0,25,36.7962
2.435,0,0,25,36.536
2.44,0,0,25,36.2404
2.445,0,0,25,35.9043
2.45,0,0,25,35.5216
2.455,0,0,25,35.0854
2.46,0,0,25,34.5877
2.465,0,0,25,34.0193
2.47,0,0,25,33.3694
2.475,0,0,25,32.6256
2.48,0,0,25,31.774
2.485,0,0,25,30.7987
2.49,0,0,25,29.6819
2.495,0,0,25,28.4042
2.5,0,0,25,26.9448
2.505,0,0,25,25.2823
2.51,0,0,25,23.3958
2.515,0,0,25,21.2663
2.52,0,0,25,18.8789
2.525,0,0,25,16.2256
2.53,0,0,25,13.3075
2.535,0,0,25,10.1372
2.54,0,0,25,6.74003
2.545,0,0,25,3.15379
2.55,0,0,25,-0.57377
2.555,0,0,25,-4.38893
2.56,0,0,25,-8.23682
2.565,0,0,25,-12.066
2.57,0,0,25,-15.8316
2.575,0,0,25,-19.4972
2.58,0,0,25,-23.0349
2.585,0,0,25,-26.4247
2.59,0,0,25,-29.6535
2.595,0,0,25,-32.7141
2.6,0,0,25,-35.6033
2.605,0,0,25,-38.3216
2.61,0,0,25,-40.8721
2.615,0,0,25,-43.2597
2.62,0,0,25,-45.4903
2.625,0,0,25,-47.5711
2.63,0,0,25,-49.5094
2.635,0,0,25,-51.313
2.64,0,0,25,-52.9896
2.645,0,0,25,-54.5468
2.65,0,0,25,-55.9922
2.655,0,0,25,-57.333
2.66,0,0,25,-58.5761
2.665,0,0,25,-59.728
2.67,0,0,25,-60.7952
2.675,0,0,25,-61.7834
2.68,0,0,25,-62.6982
2.685,0,0,25,-63.5449
2.69,0,0,25,-64.3284
2.695,0,0,25,-65.0532
2.7,0,0,25,-65.7236
2.705,0,0,25,-66.3436
2.71,0,0,25,-66.9168
2.715,0,0,25,-67.4468
2.72,0,0,25,-67.9367
2.725,0,0,25,-68.3896
2.73,0,0,25,-68.8081
2.735,0,0,25,-69.1949
2.74,0,0,25,-69.5524
2.745,0,0,25,-69.8827
2.75,0,0,25,-70.1878
2.755,0,0,25,-70.4698
2.76,0,0,25,-70.7302
2.765,0,0,25,-70.9708
2.77,0,0,25,-71.1931
2.775,0,0,25,-71.3984
2.78,0,0,25,-71.5881
2.785,0,0,25,-71.7633
2.79,0,0,25,-71.9251
2.795,0,0,25,-72.0745
2.8,0,0,25,-72.2125
2.805,0,0,25,-72.34
2.81,0,0,25,-72.4577
2.815,0,0,25,-72.5664
2.82,0,0,25,-72.6668
2.825,0,0,25,-72.7595
2.83,0,0,25,-72.8452
2.835,0,0,25,-72.9242
2.84,0,0,25,-72.9972
2.845,0,0,25,-73.0647
2.85,0,0,25,-73.1269
2.855,0,0,25,-73.1844
2.86,0,0,25,-73.2375
2.865,0,0,25,-73.2865
2.87,0,0,25,-73.3318
2.875,0,0,25,-73.3736
2.88,0,0,25,-73.4122
2.885,0,0,25,-73.4478
2.89,0,0,25,-73.4807
2.895,0,0,25,-73.5111
2.9,0,0,25,-73.5391
2.905,0,0,25,-73.5651
2.91,0,0,25,-73.589
2.915,0,0,25,-73.6111
2.92,0,0,25,-73.6314
2.925,0,0,25,-73.6503
2.93,0,0,25,-73.6677
2.935,0,0,25,-73.6837
2.94,0,0,25,-73.6985
2.945,0,0,25,-73.7122
2.95,0,0,25,-73.7248
2.955,0,0,25,-73.7365
2.96,0,0,25,-73.7473
2.965,0,0,25,-73.7572
2.97,0,0,25,-73.7664
2.975,0,0,25,-73.7749
2.98,0,0,25,-73.7827
2.985,0,0,25,-73.7899
2.99,0,0,25,-73.7966
2.995,0,0,25,-73.8028
3,0,0,25,-73.8085
3.005,0,0,25,-73.8137
3.01,0,0,25,-73.8186
3.015,0,0,25,-73.823
3.02,0,0,25,-73.8272
3.025,0,0,25,-73.831
3.03,0,0,25,-73.8345
3.035,0,0,25,-73.8378
3.04,0,0,25,-73.8408
3.045,0,0,25,-73.8435
3.05,0,0,25,-73.8461
3.055,0,0,25,-73.8485
3.06,0,0,25,-73.8507
3.065,0,0,25,-73.8527
3.07,0,0,25,-73.8545
3.075,0,0,25,-73.8562
3.08,0,0,25,-73.8578
3.085,0,0,25,-73.8593
3.09,0,0,25,-73.8607
3.095,0,0,25,-73.8619
3.1,0,0,25,-73.8631
3.105,0,0,25,-73.8641
3.11,0,0,25,-73.8651
3.115,0,0,25,-73.866
3.12,0,0,25,-73.8668
3.125,0,0,25,-73.8676
3.13,0,0,25,-73.8683
3.135,0,0,25,-73.869
3.14,0,0,25,-73.8696
3.145,0,0,25,-73.8702
3.15,0,0,25,-73.8707
3.155,0,0,25,-73.8712
3.16,0,0,25,-73.8716
3.165,0,0,25,-73.872
3.17,0,0,25,-73.8724
3.175,0,0,25,-73.8727
3.18,0,0,25,-73.8731
3.185,0,0,25,-73.8734
3.19,0,0,25,-73.8736
3.195,0,0,25,-73.8739
3.2,0,0,25,-73.8741
3.205,0,0,25,-73.8743
3.21,0,0,25,-73.8745
3.215,0,0,25,-73.8747
3.22,0,0,25,-73.8749
3.225,0,0,25,-73.875
3.23,0,0,25,-73.8752
3.235,0,0,25,-73.8753
3.24,0,0,25,-73.8754
3.245,0,0,25,-73.8756
3.25,0,0,25,-73.8757
3.255,0,0,25,-73.8758
3.26,0,0,25,-73.8759
3.265,0,0,25,-73.8759
3.27,0,0,25,-73.876
3.275,0,0,25,-73.8761
3.28,0,0,25,-73.8761
3.285,0,0,25,-73.8762
3.29,0,0,25,-73.8763
3.295,0,0,25,-73.8763
3.3,0,0,25,-73.8764
3.305,0,0,25,-73.8764
3.31,0,0,25,-73.8764
3.315,0,0,25,-73.8765
3.32,0,0,25,-73.8765
3.325,0,0,25,-73.8766
3.33,0,0,25,-73.8766
3.335,0,0,25,-73.8766
3.34,0,0,25,-73.8766
3.345,0,0,25,-73.8767
3.35,0,0,25,-73.8767
3.355,0,0,25,-73.8767
3.36,0,0,25,-73.8767
3.365,0,0,25,-73.8767
3.37,0,0,25,-73.8767
3.375,0,0,25,-73.8768
3.38,0,0,25,-73.8768
3.385,0,0,25,-73.8768
3.39,0,0,25,-73.8768
3.395,0,0,25,-73.8768
3.4,0,0,25,-73.8768
3.405,0,0,25,-73.8768
3.41,0,0,25,-73.8768
3.415,0,0,25,-73.8768
3.42,0,0,25,-73.8769
3.425,0,0,25,-73.8769
3.43,0,0,25,-73.8769
3.435,0,0,25,-73.8769
3.44,0,0,25,-73.8769
3.445,0,0,25,-73.8769
3.45,0,0,25,-73.8769
3.455,0,0,25,-73.8769
3.46,0,0,25,-73.8769
3.465,0,0,25,-73.8769
3.47,0,0,25,-73.8769
3.475,0,0,25,-73.8769
3.48,0,0,25,-73.8769
3.485,0,0,25,-73.8769
3.49,0,0,25,-73.8769
3.495,0,0,25,-73.8769
3.5,0,0,25,-73.8769
3.505,0,0,25,-73.8769
3.51,0,0,25,-73.8769
3.515,0,0,25,-73.8769
3.52,0,0,25,-73.8769
3.525,0,0,25,-73.8769
3.53,0,0,25,-73.8769
3.535,0,0,25,-73.8769
3.54,0,0,25,-73.8769
3.545,0,0,25,-73.8769
3.55,0,0,25,-73.8769
3.555,0,0,25,-73.8769
3.56,0,0,25,-73.8769
3.565,0,0,25,-73.8769
3.57,0,0,25,-73.8769
3.575,0,0,25,-73.8769
3.58,0,0,25,-73.8769
3.585,0,0,25,-73.8769
3.59,0,0,25,-73.8769
3.595,0,0,25,-73.8769
3.6,0,0,25,-73.8769
3.605,0,0,25,-73.8769
3.61,0,0,25,-73.8769
3.615,0,0,25,-73.8769
3.62,0,0,25,-73.8769
3.625,0,0,25,-73.8769
3.63,0,0,25,-73.8769
3.635,0,0,25,-73.8769
3.64,0,0,25,-73.8769
3.645,0,0,25,-73.8769
3.65,0,0,25,-73.8769
3.655,0,0,25,-73.8769
3.66,0,0,25,-73.8769
3.665,0,0,25,-73.8769
3.67,0,0,25,-73.8769
3.675,0,0,25,-73.8769
3.68,0,0,25,-73.8769
3.685,0,0,25,-73.8769
3.69,0,0,25,-73.8769
3.695,0,0,25,-73.8769
3.7,0,0,25,-73.8769
3.705,0,0,25,-73.8769
3.71,0,0,25,-73.8769
3.715,0,0,25,-73.8769
3.72,0,0,25,-73.8769
3.725,0,0,25,-73.8769
3.73,0,0,25,-73.8769
3.735,0,0,25,-73.8769
3.74,0,0,25,-73.8769
3.745,0,0,25,-73.8769
3.75,0,0,25,-73.8769
3.755,0,0,25,-73.8769
3.76,0,0,25,-73.8769
3.765,0,0,25,-73.8769
3.77,0,0,25,-73.8769
3.775,0,0,25,-73.8769
3.78,0,0,25,-73.8769
3.785,0,0,25,-73.8769
3.79,0,0,25,-73.8769
3.795,0,0,25,-73.8769
3.8,0,0,25,-73.8769
3.805,0,0,25,-73.8769
3.81,0,0,25,-73.8769
3.815,0,0,25,-73.8769
3.82,0,0,25,-73.8769
3.825,0,0,25,-73.8769
3.83,0,0,25,-73.8769
3.835,0,0,25,-73.8769
3.84,0,0,25,-73.8769
3.845,0,0,25,-73.8769
3.85,0,0,25,-73.8769
3.855,0,0,25,-73.8769
3.86,0,0,25,-73.8769
3.865,0,0,25,-73.8769
3.87,0,0,25,-73.8769
3.875,0,0,25,-73.8769
3.88,0,0,25,-73.8769
3.885,0,0,25,-73.8769
3.89,0,0,25,-73.8769
3.895,0,0,25,-73.8769
3.9,0,0,25,-73.8769
3.905,0,0,25,-73.8769
3.91,0,0,25,-73.8769
3.915,0,0,25,-73.8769
3.92,0,0,25,-73.8769
3.925,0,0,25,-73.8769
3.93,0,0,25,-73.8769
3.935,0,0,25,-73.8769
3.94,0,0,25,-73.8769
3.945,0,0,25,-73.8769
3.95,0,0,25,-73.8769
3.955,0,0,25,-73.8769
3.96,0,0,25,-73.8769
3.965,0,0,25,-73.8769
3.97,0,0,25,-73.8769
3.975,0,0,25,-73.8769
3.98,0,0,25,-73.8769
3.985,0,0,25,-73.8769
3.99,0,0,25,-73.8769
3.995,0,0,25,-73.8769
4,0,0,25,-73.8769
4.005,0,0,25,-73.8769
4.01,0,0,25,-73.8769
4.015,0,0,25,-73.8769
4.02,0,0,25,-73.8769
4.025,0,0,25,-73.8769
4.03,0,0,25,-73.8769
4.035,0,0,25,-73.8769
4.04,0,0,25,-73.8769
4.045,0,0,25,-73.8769
4.05,0,0,25,-73.8769
4.055,0,0,25,-73.8769
4.06,0,0,25,-73.8769
4.065,0,0,25,-73.8769
4.07,0,0,25,-73.8769
4.075,0,0,25,-73.8769
4.08,0,0,25,-73.8769
4.085,0,0,25,-73.8769
4.09,0,0,25,-73.8769
4.095,0,0,25,-73.8769
4.1,0,0,25,-73.8769
4.105,0,0,25,-73.8769
4.11,0,0,25,-73.8769
4.115,0,0,25,-73.8769
4.12,0,0,25,-73.8769
4.125,0,0,25,-73.8769
4.13,0,0,25,-73.8769
4.135,0,0,25,-73.8769
4.14,0,0,25,-73.8769
4.145,0,0,25,-73.8769
4.15,0,0,25,-73.8769
4.155,0,0,25,-73.8769
4.16,0,0,25,-73.8769
4.165,0,0,25,-73.8769
4.17,0,0,25,-73.8769
4.175,0,0,25,-73.8769
4.18,0,0,25,-73.8769
4.185,0,0,25,-73.8769
4.19,0,0,25,-73.8769
4.195,0,0,25,-73.8769
4.2,0,0,25,-73.8769
4.205,0,0,25,-73.8769
4.21,0,0,25,-73.8769
4.215,0,0,25,-73.8769
4.22,0,0,25,-73.8769
4.225,0,0,25,-73.8769
4.23,0,0,25,-73.8769
4.235,0,0,25,-73.8769
4.24,0,0,25,-73.8769
4.245,0,0,25,-73.8769
4.25,0,0,25,-73.8769
4.255,0,0,25,-73.8769
4.26,0,0,25,-73.8769
4.265,0,0,25,-73.8769
4.27,0,0,25,-73.8769
4.275,0,0,25,-73.8769
4.28,0,0,25,-73.8769
4.285,0,0,25,-73.8769
4.29,0,0,25,-73.8769
4.295,0,0,25,-73.8769
4.3,0,0,25,-73.8769
4.305,0,0,25,-73.8769
4.31,0,0,25,-73.8769
4.315,0,0,25,-73.8769
4.32,0,0,25,-73.8769
4.325,0,0,25,-73.8769
4.33,0,0,25,-73.8769
4.335,0,0,25,-73.8769
4.34,0,0,25,-73.8769
4.345,0,0,25,-73.8769
4.35,0,0,25,-73.8769
4.355,0,0,25,-73.8769
4.36,0,0,25,-73.8769
4.365,0,0,25,-73.8769
4.37,0,0,25,-73.8769
4.375,0,0,25,-73.8769
4.38,0,0,25,-73.8769
4.385,0,0,25,-73.8769
4.39,0,0,25,-73.8769
4.395,0,0,25,-73.8769
4.4,0,0,25,-73.8769
4.405,0,0,25,-73.8769
4.41,0,0,25,-73.8769
4.415,0,0,25,-73.8769
4.42,0,0,25,-73.8769
4.425,0,0,25,-73.8769
4.43,0,0,25,-73.8769
4.435,0,0,25,-73.8769
4.44,0,0,25,-73.8769
4.445,0,0,25,-73.8769
4.45,0,0,25,-73.8769
4.455,0,0,25,-73.8769
4.46,0,0,25,-73.8769
4.465,0,0,25,-73.8769
4.47,0,0,25,-73.8769
4.475,0,0,25,-73.8769
4.48,0,0,25,-73.8769
4.485,0,0,25,-73.8769
4.49,0,0,25,-73.8769
4.495,0,0,25,-73.8769
4.5,0,0,25,-73.8769
4.505,0,0,25,-73.8769
4.51,0,0,25,-73.8769
4.515,0,0,25,-73.8769
4.52,0,0,25,-73.8769
4.525,0,0,25,-73.8769
4.53,0,0,25,-73.8769
4.535,0,0,25,-73.8769
4.54,0,0,25,-73.8769
4.545,0,0,25,-73.8769
4.55,0,0,25,-73.8769
4.555,0,0,25,-73.8769
4.56,0,0,25,-73.8769
4.565,0,0,25,-73.8769
4.57,0,0,25,-73.8769
4.575,0,0,25,-73.8769
4.58,0,0,25,-73.8769
4.585,0,0,25,-73.8769
4.59,0,0,25,-73.8769
4.595,0,0,25,-73.8769
4.6,0,0,25,-73.8769
4.605,0,0,25,-73.8769
4.61,0,0,25,-73.8769
4.615,0,0,25,-73.8769
4.62,0,0,25,-73.8769
4.625,0,0,25,-73.8769
4.63,0,0,25,-73.8769
4.635,0,0,25,-73.8769
4.64,0,0,25,-73.8769
4.645,0,0,25,-73.8769
4.65,0,0,25,-73.8769
4.655,0,0,25,-73.8769
4.66,0,0,25,-73.8769
4.665,0,0,25,-73.8769
4.67,0,0,25,-73.8769
4.675,0,0,25,-73.8769
4.68,0,0,25,-73.8769
4.685,0,0,25,-73.8769
4.69,0,0,25,-73.8769
4.695,0,0,25,-73.8769
4.7,0,0,25,-73.8769
4.705,0,0,25,-73.8769
4.71,0,0,25,-73.8769
4.715,0,0,25,-73.8769
4.72,0,0,25,-73.8769
4.725,0,0,25,-73.8769
4.73,0,0,25,-73.8769
4.735,0,0,25,-73.8769
4.74,0,0,25,-73.8769
4.745,0,0,25,-73.8769
4.75,0,0,25,-73.8769
4.755,0,0,25,-73.8769
4.76,0,0,25,-73.8769
4.765,0,0,25,-73.8769
4.77,0,0,25,-73.8769
4.775,0,0,25,-73.8769
4.78,0,0,25,-73.8769
4.785,0,0,25,-73.8769
4.79,0,0,25,-73.8769
4.795,0,0,25,-73.8769
4.8,0,0,25,-73.8769
4.805,0,0,25,-73.8769
4.81,0,0,25,-73.8769
4.815,0,0,25,-73.8769
4.82,0,0,25,-73.8769
4.825,0,0,25,-73.8769
4.83,0,0,25,-73.8769
4.835,0,0,25,-73.8769
4.84,0,0,25,-73.8769
4.845,0,0,25,-73.8769
4.85,0,0,25,-73.8769
4.855,0,0,25,-73.8769
4.86,0,0,25,-73.8769
4.865,0,0,25,-73.8769
4.87,0,0,25,-73.8769
4.875,0,0,25,-73.8769
4.88,0,0,25,-73.8769
4.885,0,0,25,-73.8769
4.89,0,0,25,-73.8769
4.895,0,0,25,-73.8769
4.9,0,0,25,-73.8769
4.905,0,0,25,-73.8769
4.91,0,0,25,-73.8769
4.915,0,0,25,-73.8769
4.92,0,0,25,-73.8769
4.925,0,0,25,-73.8769
4.93,0,0,25,-73.8769
4.935,0,0,25,-73.8769
4.94,0,0,25,-73.8769
4.945,0,0,25,-73.8769
4.95,0,0,25,-73.8769
4.955,0,0,25,-73.8769
4.96,0,0,25,-73.8769
4.965,0,0,25,-73.8769
4.97,0,0,25,-73.8769
4.975,0,0,25,-73.8769
4.98,0,0,25,-73.8769
4.985,0,0,25,-73.8769
4.99,0,0,25,-73.8769
4.995,0,0,25,-73.8769
5,0,0,25,-73.8769
