0,0,0,125,-75.4853
0.025,0,0,125,-75.4841
0.05,0,0,125,-75.4817
0.075,0,0,125,-75.478
0.1,0,0,125,-75.4731
0.125,0,0,125,-75.4671
0.15,0,0,125,-75.4599
0.175,0,0,125,-75.4516
0.2,0,0,125,-75.4421
0.225,0,0,125,-75.4316
0.25,0,0,125,-75.42
0.275,0,0,125,-75.4074
0.3,0,0,125,-75.3937
0.325,0,0,125,-75.379
0.35,0,0,125,-75.3633
0.375,0,0,125,-75.3467
0.4,0,0,125,-75.3291
0.425,0,0,125,-75.3105
0.45,0,0,125,-75.2909
0.475,0,0,125,-75.2703
0.5,0,0,125,-75.2488
0.525,0,0,125,-75.2264
0.55,0,0,125,-75.2029
0.575,0,0,125,-75.1786
0.6,0,0,125,-75.1533
0.625,0,0,125,-75.1271
0.65,0,0,125,-75.1
0.675,0,0,125,-75.0719
0.7,0,0,125,-75.043
0.725,0,0,125,-75.0131
0.75,0,0,125,-74.9823
0.775,0,0,125,-74.9506
0.8,0,0,125,-74.9179
0.825,0,0,125,-74.8844
0.85,0,0,125,-74.8499
0.875,0,0,125,-74.8145
0.9,0,0,125,-74.7783
0.925,0,0,125,-74.741
0.95,0,0,125,-74.7029
0.975,0,0,125,-74.6639
1,0,0,125,-74.624
1.025,0,0,125,-74.5831
1.05,0,0,125,-74.5414
1.075,0,0,125,-74.4987
1.1,0,0,125,-74.4551
1.125,0,0,125,-74.4107
1.15,0,0,125,-74.3653
1.175,0,0,125,-74.319
1.2,0,0,125,-74.2718
1.225,0,0,125,-74.2237
1.25,0,0,125,-74.1747
1.275,0,0,125,-74.1249
1.3,0,0,125,-74.0741
1.325,0,0,125,-74.0224
1.35,0,0,125,-73.9698
1.375,0,0,125,-73.9163
1.4,0,0,125,-73.862
1.425,0,0,125,-73.8068
1.45,0,0,125,-73.7507
1.475,0,0,125,-73.6937
1.5,0,0,125,-73.6358
1.525,0,0,125,-73.5771
1.55,0,0,125,-73.5175
1.575,0,0,125,-73.457
1.6,0,0,125,-73.3957
1.625,0,0,125,-73.3335
1.65,0,0,125,-73.2704
1.675,0,0,125,-73.2065
1.7,0,0,125,-73.1417
1.725,0,0,125,-73.0762
1.75,0,0,125,-73.0097
1.775,0,0,125,-72.9425
1.8,0,0,125,-72.8745
1.825,0,0,125,-72.8056
1.85,0,0,125,-72.7359
1.875,0,0,125,-72.6654
1.9,0,0,125,-72.5941
1.925,0,0,125,-72.522
1.95,0,0,125,-72.4492
1.975,0,0,125,-72.3756
2,0,0,125,-72.3012
2.025,0,0,125,-72.2261
2.05,0,0,125,-72.1503
2.075,0,0,125,-72.0737
2.1,0,0,125,-71.9964
2.125,0,0,125,-71.9184
2.15,0,0,125,-71.8396
2.175,0,0,125,-71.7602
2.2,0,0,125,-71.6801
2.225,0,0,125,-71.5994
2.25,0,0,125,-71.518
2.275,0,0,125,-71.436
2.3,0,0,125,-71.3533
2.325,0,0,125,-71.2701
2.35,0,0,125,-71.1862
2.375,0,0,125,-71.1018
2.4,0,0,125,-71.0168
2.425,0,0,125,-70.9313
2.45,0,0,125,-70.8452
2.475,0,0,125,-70.7586
2.5,0,0,125,-70.6716
2.525,0,0,125,-70.584
2.55,0,0,125,-70.496
2.575,0,0,125,-70.4075
2.6,0,0,125,-70.3187
2.625,0,0,125,-70.2294
2.65,0,0,125,-70.1397
2.675,0,0,125,-70.0496
2.7,0,0,125,-69.9593
2.725,0,0,125,-69.8685
2.75,0,0,125,-69.7775
2.775,0,0,125,-69.6862
2.8,0,0,125,-69.5946
2.825,0,0,125,-69.5028
2.85,0,0,125,-69.4108
2.875,0,0,125,-69.3185
2.9,0,0,125,-69.2261
2.925,0,0,125,-69.1336
2.95,0,0,125,-69.0409
2.975,0,0,125,-68.9482
3,0,0,125,-68.8553
3.025,0,0,125,-68.7624
3.05,0,0,125,-68.6695
3.075,0,0,125,-68.5766
3.1,0,0,125,-68.4838
3.125,0,0,125,-68.3909
3.15,0,0,125,-68.2982
3.175,0,0,125,-68.2056
3.2,0,0,125,-68.1131
3.225,0,0,125,-68.0208
3.25,0,0,125,-67.9286
3.275,0,0,125,-67.8367
3.3,0,0,125,-67.7451
3.325,0,0,125,-67.6537
3.35,0,0,125,-67.5626
3.375,0,0,125,-67.4719
3.4,0,0,125,-67.3815
3.425,0,0,125,-67.2916
3.45,0,0,125,-67.202
3.475,0,0,125,-67.1129
3.5,0,0,125,-67.0243
3.525,0,0,125,-66.9362
3.55,0,0,125,-66.8486
3.575,0,0,125,-66.7616
3.6,0,0,125,-66.6753
3.625,0,0,125,-66.5895
3.65,0,0,125,-66.5045
3.675,0,0,125,-66.4201
3.7,0,0,125,-66.3364
3.725,0,0,125,-66.2535
3.75,0,0,125,-66.1714
3.775,0,0,125,-66.0901
3.8,0,0,125,-66.0097
3.825,0,0,125,-65.9301
3.85,0,0,125,-65.8515
3.875,0,0,125,-65.7738
3.9,0,0,125,-65.6971
3.925,0,0,125,-65.6213
3.95,0,0,125,-65.5466
3.975,0,0,125,-65.473
4,0,0,125,-65.4004
4.025,0,0,125,-65.329
4.05,0,0,125,-65.2588
4.075,0,0,125,-65.1897
4.1,0,0,125,-65.1218
4.125,0,0,125,-65.0552
4.15,0,0,125,-64.9898
4.175,0,0,125,-64.9258
4.2,0,0,125,-64.8631
4.225,0,0,125,-64.8018
4.25,0,0,125,-64.7418
4.275,0,0,125,-64.6833
4.3,0,0,125,-64.6262
4.325,0,0,125,-64.5707
4.35,0,0,125,-64.5166
4.375,0,0,125,-64.4641
4.4,0,0,125,-64.4131
4.425,0,0,125,-64.3638
4.45,0,0,125,-64.3161
4.475,0,0,125,-64.27
4.5,0,0,125,-64.2257
4.525,0,0,125,-64.1831
4.55,0,0,125,-64.1423
4.575,0,0,125,-64.1032
4.6,0,0,125,-64.066
4.625,0,0,125,-64.0307
4.65,0,0,125,-63.9973
4.675,0,0,125,-63.9658
4.7,0,0,125,-63.9363
4.725,0,0,125,-63.9087
4.75,0,0,125,-63.8833
4.775,0,0,125,-63.8599
4.8,0,0,125,-63.8387
4.825,0,0,125,-63.8197
4.85,0,0,125,-63.8029
4.875,0,0,125,-63.7884
4.9,0,0,125,-63.7762
4.925,0,0,125,-63.7663
4.95,0,0,125,-63.7589
4.975,0,0,125,-63.754
5,0,0,125,-63.7515
