0,0,0,125,-29.1799
0.025,0,0,125,-29.1766
0.05,0,0,125,-29.17
0.075,0,0,125,-29.1601
0.1,0,0,125,-29.147
0.125,0,0,125,-29.1308
0.15,0,0,125,-29.1115
0.175,0,0,125,-29.0894
0.2,0,0,125,-29.0646
0.225,0,0,125,-29.0372
0.25,0,0,125,-29.0074
0.275,0,0,125,-28.9753
0.3,0,0,125,-28.941
0.325,0,0,125,-28.9046
0.35,0,0,125,-28.8661
0.375,0,0,125,-28.8258
0.4,0,0,125,-28.7836
0.425,0,0,125,-28.7397
0.45,0,0,125,-28.6942
0.475,0,0,125,-28.6471
0.5,0,0,125,-28.5985
0.525,0,0,125,-28.5485
0.55,0,0,125,-28.4971
0.575,0,0,125,-28.4445
0.6,0,0,125,-28.3906
0.625,0,0,125,-28.3357
0.65,0,0,125,-28.2796
0.675,0,0,125,-28.2225
0.7,0,0,125,-28.1645
0.725,0,0,125,-28.1056
0.75,0,0,125,-28.0458
0.775,0,0,125,-27.9852
0.8,0,0,125,-27.9239
0.825,0,0,125,-27.8619
0.85,0,0,125,-27.7992
0.875,0,0,125,-27.736
0.9,0,0,125,-27.6722
0.925,0,0,125,-27.6079
0.95,0,0,125,-27.5431
0.975,0,0,125,-27.4779
1,0,0,125,-27.4124
1.025,0,0,125,-27.3464
1.05,0,0,125,-27.2802
1.075,0,0,125,-27.2137
1.1,0,0,125,-27.1469
1.125,0,0,125,-27.08
1.15,0,0,125,-27.0128
1.175,0,0,125,-26.9455
1.2,0,0,125,-26.8781
1.225,0,0,125,-26.8105
1.25,0,0,125,-26.7429
1.275,0,0,125,-26.6753
1.3,0,0,125,-26.6076
1.325,0,0,125,-26.54
1.35,0,0,125,-26.4723
1.375,0,0,125,-26.4047
1.4,0,0,125,-26.3372
1.425,0,0,125,-26.2698
1.45,0,0,125,-26.2024
1.475,0,0,125,-26.1352
1.5,0,0,125,-26.0681
1.525,0,0,125,-26.0011
1.55,0,0,125,-25.9343
1.575,0,0,125,-25.8677
1.6,0,0,125,-25.8013
1.625,0,0,125,-25.735
1.65,0,0,125,-25.669
1.675,0,0,125,-25.6032
1.7,0,0,125,-25.5376
1.725,0,0,125,-25.4723
1.75,0,0,125,-25.4072
1.775,0,0,125,-25.3424
1.8,0,0,125,-25.2778
1.825,0,0,125,-25.2136
1.85,0,0,125,-25.1495
1.875,0,0,125,-25.0858
1.9,0,0,125,-25.0224
1.925,0,0,125,-24.9592
1.95,0,0,125,-24.8964
1.975,0,0,125,-24.8339
2,0,0,125,-24.7716
2.025,0,0,125,-24.7097
2.05,0,0,125,-24.6481
2.075,0,0,125,-24.5868
2.1,0,0,125,-24.5258
2.125,0,0,125,-24.4652
2.15,0,0,125,-24.4048
2.175,0,0,125,-24.3448
2.2,0,0,125,-24.2851
2.225,0,0,125,-24.2258
2.25,0,0,125,-24.1667
2.275,0,0,125,-24.108
2.3,0,0,125,-24.0496
2.325,0,0,125,-23.9916
2.35,0,0,125,-23.9338
2.375,0,0,125,-23.8764
2.4,0,0,125,-23.8193
2.425,0,0,125,-23.7626
2.45,0,0,125,-23.7061
2.475,0,0,125,-23.65
2.5,0,0,125,-23.5942
2.525,0,0,125,-23.5388
2.55,0,0,125,-23.4836
2.575,0,0,125,-23.4288
2.6,0,0,125,-23.3743
2.625,0,0,125,-23.3201
2.65,0,0,125,-23.2662
2.675,0,0,125,-23.2126
2.7,0,0,125,-23.1593
2.725,0,0,125,-23.1063
2.75,0,0,125,-23.0537
2.775,0,0,125,-23.0013
2.8,0,0,125,-22.9493
2.825,0,0,125,-22.8975
2.85,0,0,125,-22.8461
2.875,0,0,125,-22.7949
2.9,0,0,125,-22.7441
2.925,0,0,125,-22.6935
2.95,0,0,125,-22.6432
2.975,0,0,125,-22.5932
3,0,0,125,-22.5435
3.025,0,0,125,-22.4941
3.05,0,0,125,-22.445
3.075,0,0,125,-22.3961
3.1,0,0,125,-22.3476
3.125,0,0,125,-22.2993
3.15,0,0,125,-22.2513
3.175,0,0,125,-22.2035
3.2,0,0,125,-22.156
3.225,0,0,125,-22.1088
3.25,0,0,125,-22.0619
3.275,0,0,125,-22.0153
3.3,0,0,125,-21.9689
3.325,0,0,125,-21.9228
3.35,0,0,125,-21.8769
3.375,0,0,125,-21.8313
3.4,0,0,125,-21.786
3.425,0,0,125,-21.7409
3.45,0,0,125,-21.6961
3.475,0,0,125,-21.6516
3.5,0,0,125,-21.6073
3.525,0,0,125,-21.5633
3.55,0,0,125,-21.5195
3.575,0,0,125,-21.476
3.6,0,0,125,-21.4328
3.625,0,0,125,-21.3898
3.65,0,0,125,-21.3471
3.675,0,0,125,-21.3047
3.7,0,0,125,-21.2625
3.725,0,0,125,-21.2206
3.75,0,0,125,-21.1789
3.775,0,0,125,-21.1375
3.8,0,0,125,-21.0964
3.825,0,0,125,-21.0556
3.85,0,0,125,-21.015
3.875,0,0,125,-20.9748
3.9,0,0,125,-20.9348
3.925,0,0,125,-20.8951
3.95,0,0,125,-20.8557
3.975,0,0,125,-20.8166
4,0,0,125,-20.7778
4.025,0,0,125,-20.7393
4.05,0,0,125,-20.7011
4.075,0,0,125,-20.6633
4.1,0,0,125,-20.6258
4.125,0,0,125,-20.5886
4.15,0,0,125,-20.5518
4.175,0,0,125,-20.5154
4.2,0,0,125,-20.4793
4.225,0,0,125,-20.4437
4.25,0,0,125,-20.4084
4.275,0,0,125,-20.3736
4.3,0,0,125,-20.3392
4.325,0,0,125,-20.3053
4.35,0,0,125,-20.2719
4.375,0,0,125,-20.239
4.4,0,0,125,-20.2066
4.425,0,0,125,-20.1747
4.45,0,0,125,-20.1435
4.475,0,0,125,-20.1129
4.5,0,0,125,-20.0829
4.525,0,0,125,-20.0537
4.55,0,0,125,-20.0252
4.575,0,0,125,-19.9974
4.6,0,0,125,-19.9705
4.625,0,0,125,-19.9445
4.65,0,0,125,-19.9195
4.675,0,0,125,-19.8954
4.7,0,0,125,-19.8725
4.725,0,0,125,-19.8507
4.75,0,0,125,-19.8302
4.775,0,0,125,-19.8109
4.8,0,0,125,-19.7932
4.825,0,0,125,-19.7769
4.85,0,0,125,-19.7623
4.875,0,0,125,-19.7495
4.9,0,0,125,-19.7386
4.925,0,0,125,-19.7297
4.95,0,0,125,-19.7229
4.975,0,0,125,-19.7183
5,0,0,125,-19.716
