0,0,0,125,-17.9431
0.025,0,0,125,-17.9392
0.05,0,0,125,-17.9316
0.075,0,0,125,-17.9201
0.1,0,0,125,-17.905
0.125,0,0,125,-17.8863
0.15,0,0,125,-17.8643
0.175,0,0,125,-17.8395
0.2,0,0,125,-17.8121
0.225,0,0,125,-17.7825
0.25,0,0,125,-17.7508
0.275,0,0,125,-17.7174
0.3,0,0,125,-17.6823
0.325,0,0,125,-17.6458
0.35,0,0,125,-17.608
0.375,0,0,125,-17.569
0.4,0,0,125,-17.5291
0.425,0,0,125,-17.4882
0.45,0,0,125,-17.4465
0.475,0,0,125,-17.4042
0.5,0,0,125,-17.3612
0.525,0,0,125,-17.3177
0.55,0,0,125,-17.2738
0.575,0,0,125,-17.2294
0.6,0,0,125,-17.1847
0.625,0,0,125,-17.1398
0.65,0,0,125,-17.0945
0.675,0,0,125,-17.0491
0.7,0,0,125,-17.0035
0.725,0,0,125,-16.9578
0.75,0,0,125,-16.9119
0.775,0,0,125,-16.866
0.8,0,0,125,-16.82
0.825,0,0,125,-16.7739
0.85,0,0,125,-16.7279
0.875,0,0,125,-16.6818
0.9,0,0,125,-16.6357
0.925,0,0,125,-16.5896
0.95,0,0,125,-16.5435
0.975,0,0,125,-16.4975
1,0,0,125,-16.4514
1.025,0,0,125,-16.4054
1.05,0,0,125,-16.3594
1.075,0,0,125,-16.3134
1.1,0,0,125,-16.2675
1.125,0,0,125,-16.2215
1.15,0,0,125,-16.1756
1.175,0,0,125,-16.1297
1.2,0,0,125,-16.0838
1.225,0,0,125,-16.038
1.25,0,0,125,-15.9921
1.275,0,0,125,-15.9462
1.3,0,0,125,-15.9003
1.325,0,0,125,-15.8545
1.35,0,0,125,-15.8086
1.375,0,0,125,-15.7626
1.4,0,0,125,-15.7167
1.425,0,0,125,-15.6707
1.45,0,0,125,-15.6246
1.475,0,0,125,-15.5785
1.5,0,0,125,-15.5323
1.525,0,0,125,-15.4861
1.55,0,0,125,-15.4397
1.575,0,0,125,-15.3933
1.6,0,0,125,-15.3468
1.625,0,0,125,-15.3002
1.65,0,0,125,-15.2534
1.675,0,0,125,-15.2065
1.7,0,0,125,-15.1595
1.725,0,0,125,-15.1124
1.75,0,0,125,-15.0651
1.775,0,0,125,-15.0176
1.8,0,0,125,-14.9699
1.825,0,0,125,-14.922
1.85,0,0,125,-14.874
1.875,0,0,125,-14.8257
1.9,0,0,125,-14.7772
1.925,0,0,125,-14.7285
1.95,0,0,125,-14.6795
1.975,0,0,125,-14.6303
2,0,0,125,-14.5809
2.025,0,0,125,-14.5311
2.05,0,0,125,-14.481
2.075,0,0,125,-14.4307
2.1,0,0,125,-14.38
2.125,0,0,125,-14.3291
2.15,0,0,125,-14.2777
2.175,0,0,125,-14.2261
2.2,0,0,125,-14.174
2.225,0,0,125,-14.1216
2.25,0,0,125,-14.0688
2.275,0,0,125,-14.0156
2.3,0,0,125,-13.962
2.325,0,0,125,-13.9079
2.35,0,0,125,-13.8534
2.375,0,0,125,-13.7985
2.4,0,0,125,-13.743
2.425,0,0,125,-13.6871
2.45,0,0,125,-13.6307
2.475,0,0,125,-13.5738
2.5,0,0,125,-13.5163
2.525,0,0,125,-13.4583
2.55,0,0,125,-13.3997
2.575,0,0,125,-13.3405
2.6,0,0,125,-13.2808
2.625,0,0,125,-13.2204
2.65,0,0,125,-13.1594
2.675,0,0,125,-13.0977
2.7,0,0,125,-13.0354
2.725,0,0,125,-12.9724
2.75,0,0,125,-12.9086
2.775,0,0,125,-12.8442
2.8,0,0,125,-12.779
2.825,0,0,125,-12.713
2.85,0,0,125,-12.6462
2.875,0,0,125,-12.5786
2.9,0,0,125,-12.5102
2.925,0,0,125,-12.441
2.95,0,0,125,-12.3708
2.975,0,0,125,-12.2997
3,0,0,125,-12.2277
3.025,0,0,125,-12.1548
3.05,0,0,125,-12.0808
3.075,0,0,125,-12.0058
3.1,0,0,125,-11.9298
3.125,0,0,125,-11.8528
3.15,0,0,125,-11.7746
3.175,0,0,125,-11.6953
3.2,0,0,125,-11.6148
3.225,0,0,125,-11.5331
3.25,0,0,125,-11.4502
3.275,0,0,125,-11.3661
3.3,0,0,125,-11.2806
3.325,0,0,125,-11.1938
3.35,0,0,125,-11.1057
3.375,0,0,125,-11.0161
3.4,0,0,125,-10.9251
3.425,0,0,125,-10.8326
3.45,0,0,125,-10.7387
3.475,0,0,125,-10.6431
3.5,0,0,125,-10.546
3.525,0,0,125,-10.4472
3.55,0,0,125,-10.3467
3.575,0,0,125,-10.2445
3.6,0,0,125,-10.1406
3.625,0,0,125,-10.0348
3.65,0,0,125,-9.92724
3.675,0,0,125,-9.81777
3.7,0,0,125,-9.70636
3.725,0,0,125,-9.59299
3.75,0,0,125,-9.47762
3.775,0,0,125,-9.36022
3.8,0,0,125,-9.24075
3.825,0,0,125,-9.11919
3.85,0,0,125,-8.99549
3.875,0,0,125,-8.86966
3.9,0,0,125,-8.74167
3.925,0,0,125,-8.6115
3.95,0,0,125,-8.47916
3.975,0,0,125,-8.34465
4,0,0,125,-8.20798
4.025,0,0,125,-8.06917
4.05,0,0,125,-7.92826
4.075,0,0,125,-7.78529
4.1,0,0,125,-7.64031
4.125,0,0,125,-7.49341
4.15,0,0,125,-7.34465
4.175,0,0,125,-7.19416
4.2,0,0,125,-7.04204
4.225,0,0,125,-6.88844
4.25,0,0,125,-6.73351
4.275,0,0,125,-6.57744
4.3,0,0,125,-6.42042
4.325,0,0,125,-6.2627
4.35,0,0,125,-6.10451
4.375,0,0,125,-5.94614
4.4,0,0,125,-5.78788
4.425,0,0,125,-5.63006
4.45,0,0,125,-5.47304
4.475,0,0,125,-5.3172
4.5,0,0,125,-5.16294
4.525,0,0,125,-5.0107
4.55,0,0,125,-4.86093
4.575,0,0,125,-4.71411
4.6,0,0,125,-4.57074
4.625,0,0,125,-4.43135
4.65,0,0,125,-4.29647
4.675,0,0,125,-4.16665
4.7,0,0,125,-4.04247
4.725,0,0,125,-3.92451
4.75,0,0,125,-3.81335
4.775,0,0,125,-3.70959
4.8,0,0,125,-3.61382
4.825,0,0,125,-3.52665
4.85,0,0,125,-3.44865
4.875,0,0,125,-3.38042
4.9,0,0,125,-3.3225
4.925,0,0,125,-3.27543
4.95,0,0,125,-3.23967
4.975,0,0,125,-3.2156
5,0,0,125,-3.20349
