0,0,0,125,-21.9913
0.025,0,0,125,-21.9871
0.05,0,0,125,-21.9788
0.075,0,0,125,-21.9664
0.1,0,0,125,-21.95
0.125,0,0,125,-21.9298
0.15,0,0,125,-21.9059
0.175,0,0,125,-21.8789
0.2,0,0,125,-21.849
0.225,0,0,125,-21.8165
0.25,0,0,125,-21.7817
0.275,0,0,125,-21.7447
0.3,0,0,125,-21.7059
0.325,0,0,125,-21.6653
0.35,0,0,125,-21.6232
0.375,0,0,125,-21.5797
0.4,0,0,125,-21.535
0.425,0,0,125,-21.4892
0.45,0,0,125,-21.4424
0.475,0,0,125,-21.3948
0.5,0,0,125,-21.3465
0.525,0,0,125,-21.2975
0.55,0,0,125,-21.248
0.575,0,0,125,-21.1981
0.6,0,0,125,-21.1478
0.625,0,0,125,-21.0972
0.65,0,0,125,-21.0464
0.675,0,0,125,-20.9954
0.7,0,0,125,-20.9443
0.725,0,0,125,-20.8931
0.75,0,0,125,-20.8419
0.775,0,0,125,-20.7908
0.8,0,0,125,-20.7397
0.825,0,0,125,-20.6887
0.85,0,0,125,-20.6379
0.875,0,0,125,-20.5873
0.9,0,0,125,-20.5368
0.925,0,0,125,-20.4865
0.95,0,0,125,-20.4365
0.975,0,0,125,-20.3867
1,0,0,125,-20.3372
1.025,0,0,125,-20.288
1.05,0,0,125,-20.2391
1.075,0,0,125,-20.1904
1.1,0,0,125,-20.1421
1.125,0,0,125,-20.0941
1.15,0,0,125,-20.0463
1.175,0,0,125,-19.999
1.2,0,0,125,-19.9519
1.225,0,0,125,-19.9052
1.25,0,0,125,-19.8588
1.275,0,0,125,-19.8127
1.3,0,0,125,-19.7669
1.325,0,0,125,-19.7215
1.35,0,0,125,-19.6764
1.375,0,0,125,-19.6316
1.4,0,0,125,-19.5871
1.425,0,0,125,-19.5429
1.45,0,0,125,-19.4991
1.475,0,0,125,-19.4555
1.5,0,0,125,-19.4122
1.525,0,0,125,-19.3692
1.55,0,0,125,-19.3265
1.575,0,0,125,-19.2841
1.6,0,0,125,-19.2419
1.625,0,0,125,-19.2
1.65,0,0,125,-19.1583
1.675,0,0,125,-19.1169
1.7,0,0,125,-19.0757
1.725,0,0,125,-19.0348
1.75,0,0,125,-18.994
1.775,0,0,125,-18.9535
1.8,0,0,125,-18.9132
1.825,0,0,125,-18.8731
1.85,0,0,125,-18.8332
1.875,0,0,125,-18.7934
1.9,0,0,125,-18.7538
1.925,0,0,125,-18.7144
1.95,0,0,125,-18.6752
1.975,0,0,125,-18.6361
2,0,0,125,-18.5971
2.025,0,0,125,-18.5583
2.05,0,0,125,-18.5196
2.075,0,0,125,-18.481
2.1,0,0,125,-18.4425
2.125,0,0,125,-18.4041
2.15,0,0,125,-18.3659
2.175,0,0,125,-18.3277
2.2,0,0,125,-18.2896
2.225,0,0,125,-18.2515
2.25,0,0,125,-18.2136
2.275,0,0,125,-18.1756
2.3,0,0,125,-18.1378
2.325,0,0,125,-18.1
2.35,0,0,125,-18.0622
2.375,0,0,125,-18.0244
2.4,0,0,125,-17.9867
2.425,0,0,125,-17.949
2.45,0,0,125,-17.9113
2.475,0,0,125,-17.8736
2.5,0,0,125,-17.8359
2.525,0,0,125,-17.7982
2.55,0,0,125,-17.7605
2.575,0,0,125,-17.7228
2.6,0,0,125,-17.685
2.625,0,0,125,-17.6472
2.65,0,0,125,-17.6094
2.675,0,0,125,-17.5716
2.7,0,0,125,-17.5337
2.725,0,0,125,-17.4957
2.75,0,0,125,-17.4577
2.775,0,0,125,-17.4196
2.8,0,0,125,-17.3815
2.825,0,0,125,-17.3433
2.85,0,0,125,-17.305
2.875,0,0,125,-17.2666
2.9,0,0,125,-17.2281
2.925,0,0,125,-17.1896
2.95,0,0,125,-17.1509
2.975,0,0,125,-17.1122
3,0,0,125,-17.0734
3.025,0,0,125,-17.0344
3.05,0,0,125,-16.9954
3.075,0,0,125,-16.9562
3.1,0,0,125,-16.9169
3.125,0,0,125,-16.8775
3.15,0,0,125,-16.838
3.175,0,0,125,-16.7983
3.2,0,0,125,-16.7585
3.225,0,0,125,-16.7186
3.25,0,0,125,-16.6786
3.275,0,0,125,-16.6384
3.3,0,0,125,-16.5981
3.325,0,0,125,-16.5577
3.35,0,0,125,-16.5171
3.375,0,0,125,-16.4764
3.4,0,0,125,-16.4356
3.425,0,0,125,-16.3947
3.45,0,0,125,-16.3536
3.475,0,0,125,-16.3124
3.5,0,0,125,-16.2711
3.525,0,0,125,-16.2296
3.55,0,0,125,-16.188
3.575,0,0,125,-16.1464
3.6,0,0,125,-16.1046
3.625,0,0,125,-16.0627
3.65,0,0,125,-16.0207
3.675,0,0,125,-15.9786
3.7,0,0,125,-15.9364
3.725,0,0,125,-15.8941
3.75,0,0,125,-15.8517
3.775,0,0,125,-15.8092
3.8,0,0,125,-15.7667
3.825,0,0,125,-15.724
3.85,0,0,125,-15.6814
3.875,0,0,125,-15.6386
3.9,0,0,125,-15.5958
3.925,0,0,125,-15.553
3.95,0,0,125,-15.5101
3.975,0,0,125,-15.4673
4,0,0,125,-15.4244
4.025,0,0,125,-15.3815
4.05,0,0,125,-15.3386
4.075,0,0,125,-15.2957
4.1,0,0,125,-15.2529
4.125,0,0,125,-15.2101
4.15,0,0,125,-15.1673
4.175,0,0,125,-15.1247
4.2,0,0,125,-15.0821
4.225,0,0,125,-15.0397
4.25,0,0,125,-14.9974
4.275,0,0,125,-14.9553
4.3,0,0,125,-14.9133
4.325,0,0,125,-14.8715
4.35,0,0,125,-14.83
4.375,0,0,125,-14.7887
4.4,0,0,125,-14.7478
4.425,0,0,125,-14.7071
4.45,0,0,125,-14.6668
4.475,0,0,125,-14.627
4.5,0,0,125,-14.5876
4.525,0,0,125,-14.5488
4.55,0,0,125,-14.5106
4.575,0,0,125,-14.473
4.6,0,0,125,-14.4362
4.625,0,0,125,-14.4002
4.65,0,0,125,-14.3652
4.675,0,0,125,-14.3312
4.7,0,0,125,-14.2983
4.725,0,0,125,-14.2668
4.75,0,0,125,-14.2368
4.775,0,0,125,-14.2083
4.8,0,0,125,-14.1817
4.825,0,0,125,-14.1572
4.85,0,0,125,-14.1349
4.875,0,0,125,-14.1151
4.9,0,0,125,-14.098
4.925,0,0,125,-14.0839
4.95,0,0,125,-14.0732
4.975,0,0,125,-14.0658
5,0,0,125,-14.0621
