0,0,0,125,-25.7237
0.025,0,0,125,-25.719
0.05,0,0,125,-25.7097
0.075,0,0,125,-25.6958
0.1,0,0,125,-25.6774
0.125,0,0,125,-25.6547
0.15,0,0,125,-25.6279
0.175,0,0,125,-25.5973
0.2,0,0,125,-25.5634
0.225,0,0,125,-25.5264
0.25,0,0,125,-25.4864
0.275,0,0,125,-25.4439
0.3,0,0,125,-25.3989
0.325,0,0,125,-25.3517
0.35,0,0,125,-25.3025
0.375,0,0,125,-25.2514
0.4,0,0,125,-25.1987
0.425,0,0,125,-25.1444
0.45,0,0,125,-25.0887
0.475,0,0,125,-25.0317
0.5,0,0,125,-24.9737
0.525,0,0,125,-24.9147
0.55,0,0,125,-24.8547
0.575,0,0,125,-24.7941
0.6,0,0,125,-24.7327
0.625,0,0,125,-24.6708
0.65,0,0,125,-24.6084
0.675,0,0,125,-24.5456
0.7,0,0,125,-24.4825
0.725,0,0,125,-24.4191
0.75,0,0,125,-24.3555
0.775,0,0,125,-24.2919
0.8,0,0,125,-24.2282
0.825,0,0,125,-24.1644
0.85,0,0,125,-24.1008
0.875,0,0,125,-24.0372
0.9,0,0,125,-23.9738
0.925,0,0,125,-23.9106
0.95,0,0,125,-23.8476
0.975,0,0,125,-23.7848
1,0,0,125,-23.7223
1.025,0,0,125,-23.6601
1.05,0,0,125,-23.5983
1.075,0,0,125,-23.5368
1.1,0,0,125,-23.4757
1.125,0,0,125,-23.415
1.15,0,0,125,-23.3547
1.175,0,0,125,-23.2948
1.2,0,0,125,-23.2354
1.225,0,0,125,-23.1764
1.25,0,0,125,-23.1179
1.275,0,0,125,-23.0599
1.3,0,0,125,-23.0023
1.325,0,0,125,-22.9452
1.35,0,0,125,-22.8886
1.375,0,0,125,-22.8324
1.4,0,0,125,-22.7768
1.425,0,0,125,-22.7216
1.45,0,0,125,-22.6669
1.475,0,0,125,-22.6127
1.5,0,0,125,-22.559
1.525,0,0,125,-22.5057
1.55,0,0,125,-22.4529
1.575,0,0,125,-22.4006
1.6,0,0,125,-22.3487
1.625,0,0,125,-22.2973
1.65,0,0,125,-22.2464
1.675,0,0,125,-22.1958
1.7,0,0,125,-22.1457
1.725,0,0,125,-22.0961
1.75,0,0,125,-22.0468
1.775,0,0,125,-21.998
1.8,0,0,125,-21.9496
1.825,0,0,125,-21.9015
1.85,0,0,125,-21.8539
1.875,0,0,125,-21.8066
1.9,0,0,125,-21.7597
1.925,0,0,125,-21.7131
1.95,0,0,125,-21.6669
1.975,0,0,125,-21.621
2,0,0,125,-21.5754
2.025,0,0,125,-21.5302
2.05,0,0,125,-21.4853
2.075,0,0,125,-21.4407
2.1,0,0,125,-21.3963
2.125,0,0,125,-21.3523
2.15,0,0,125,-21.3085
2.175,0,0,125,-21.265
2.2,0,0,125,-21.2218
2.225,0,0,125,-21.1788
2.25,0,0,125,-21.136
2.275,0,0,125,-21.0934
2.3,0,0,125,-21.0511
2.325,0,0,125,-21.009
2.35,0,0,125,-20.9671
2.375,0,0,125,-20.9254
2.4,0,0,125,-20.8839
2.425,0,0,125,-20.8425
2.45,0,0,125,-20.8013
2.475,0,0,125,-20.7603
2.5,0,0,125,-20.7195
2.525,0,0,125,-20.6787
2.55,0,0,125,-20.6382
2.575,0,0,125,-20.5977
2.6,0,0,125,-20.5574
2.625,0,0,125,-20.5173
2.65,0,0,125,-20.4772
2.675,0,0,125,-20.4372
2.7,0,0,125,-20.3974
2.725,0,0,125,-20.3576
2.75,0,0,125,-20.318
2.775,0,0,125,-20.2784
2.8,0,0,125,-20.2389
2.825,0,0,125,-20.1994
2.85,0,0,125,-20.16
2.875,0,0,125,-20.1207
2.9,0,0,125,-20.0814
2.925,0,0,125,-20.0422
2.95,0,0,125,-20.003
2.975,0,0,125,-19.9639
3,0,0,125,-19.9248
3.025,0,0,125,-19.8857
3.05,0,0,125,-19.8466
3.075,0,0,125,-19.8076
3.1,0,0,125,-19.7685
3.125,0,0,125,-19.7295
3.15,0,0,125,-19.6905
3.175,0,0,125,-19.6514
3.2,0,0,125,-19.6124
3.225,0,0,125,-19.5733
3.25,0,0,125,-19.5342
3.275,0,0,125,-19.4951
3.3,0,0,125,-19.456
3.325,0,0,125,-19.4169
3.35,0,0,125,-19.3777
3.375,0,0,125,-19.3384
3.4,0,0,125,-19.2992
3.425,0,0,125,-19.2599
3.45,0,0,125,-19.2205
3.475,0,0,125,-19.1811
3.5,0,0,125,-19.1416
3.525,0,0,125,-19.1021
3.55,0,0,125,-19.0626
3.575,0,0,125,-19.0229
3.6,0,0,125,-18.9832
3.625,0,0,125,-18.9435
3.65,0,0,125,-18.9037
3.675,0,0,125,-18.8638
3.7,0,0,125,-18.8238
3.725,0,0,125,-18.7838
3.75,0,0,125,-18.7436
3.775,0,0,125,-18.7034
3.8,0,0,125,-18.6632
3.825,0,0,125,-18.6228
3.85,0,0,125,-18.5824
3.875,0,0,125,-18.5418
3.9,0,0,125,-18.5012
3.925,0,0,125,-18.4606
3.95,0,0,125,-18.4198
3.975,0,0,125,-18.379
4,0,0,125,-18.3381
4.025,0,0,125,-18.2971
4.05,0,0,125,-18.2561
4.075,0,0,125,-18.215
4.1,0,0,125,-18.1738
4.125,0,0,125,-18.1327
4.15,0,0,125,-18.0915
4.175,0,0,125,-18.0503
4.2,0,0,125,-18.009
4.225,0,0,125,-17.9678
4.25,0,0,125,-17.9267
4.275,0,0,125,-17.8856
4.3,0,0,125,-17.8445
4.325,0,0,125,-17.8036
4.35,0,0,125,-17.7628
4.375,0,0,125,-17.7221
4.4,0,0,125,-17.6816
4.425,0,0,125,-17.6414
4.45,0,0,125,-17.6015
4.475,0,0,125,-17.5619
4.5,0,0,125,-17.5227
4.525,0,0,125,-17.4839
4.55,0,0,125,-17.4457
4.575,0,0,125,-17.408
4.6,0,0,125,-17.3711
4.625,0,0,125,-17.335
4.65,0,0,125,-17.2998
4.675,0,0,125,-17.2655
4.7,0,0,125,-17.2325
4.725,0,0,125,-17.2007
4.75,0,0,125,-17.1704
4.775,0,0,125,-17.1418
4.8,0,0,125,-17.115
4.825,0,0,125,-17.0902
4.85,0,0,125,-17.0677
4.875,0,0,125,-17.0478
4.9,0,0,125,-17.0306
4.925,0,0,125,-17.0165
4.95,0,0,125,-17.0056
4.975,0,0,125,-16.9983
5,0,0,125,-16.9945
