0,0,0,125,-53.6011
0.025,0,0,125,-53.5969
0.05,0,0,125,-53.5885
0.075,0,0,125,-53.576
0.1,0,0,125,-53.5593
0.125,0,0,125,-53.5385
0.15,0,0,125,-53.5138
0.175,0,0,125,-53.4854
0.2,0,0,125,-53.4534
0.225,0,0,125,-53.4179
0.25,0,0,125,-53.3792
0.275,0,0,125,-53.3372
0.3,0,0,125,-53.2922
0.325,0,0,125,-53.2441
0.35,0,0,125,-53.1932
0.375,0,0,125,-53.1394
0.4,0,0,125,-53.0829
0.425,0,0,125,-53.0237
0.45,0,0,125,-52.9619
0.475,0,0,125,-52.8977
0.5,0,0,125,-52.831
0.525,0,0,125,-52.7619
0.55,0,0,125,-52.6905
0.575,0,0,125,-52.6169
0.6,0,0,125,-52.541
0.625,0,0,125,-52.4631
0.65,0,0,125,-52.383
0.675,0,0,125,-52.301
0.7,0,0,125,-52.217
0.725,0,0,125,-52.131
0.75,0,0,125,-52.0432
0.775,0,0,125,-51.9536
0.8,0,0,125,-51.8622
0.825,0,0,125,-51.7692
0.85,0,0,125,-51.6744
0.875,0,0,125,-51.578
0.9,0,0,125,-51.48
0.925,0,0,125,-51.3805
0.95,0,0,125,-51.2795
0.975,0,0,125,-51.1771
1,0,0,125,-51.0733
1.025,0,0,125,-50.9681
1.05,0,0,125,-50.8616
1.075,0,0,125,-50.7538
1.1,0,0,125,-50.6448
1.125,0,0,125,-50.5346
1.15,0,0,125,-50.4232
1.175,0,0,125,-50.3107
1.2,0,0,125,-50.1972
1.225,0,0,125,-50.0826
1.25,0,0,125,-49.9671
1.275,0,0,125,-49.8505
1.3,0,0,125,-49.7331
1.325,0,0,125,-49.6147
1.35,0,0,125,-49.4956
1.375,0,0,125,-49.3756
1.4,0,0,125,-49.2548
1.425,0,0,125,-49.1333
1.45,0,0,125,-49.011
1.475,0,0,125,-48.8881
1.5,0,0,125,-48.7646
1.525,0,0,125,-48.6404
1.55,0,0,125,-48.5157
1.575,0,0,125,-48.3904
1.6,0,0,125,-48.2645
1.625,0,0,125,-48.1382
1.65,0,0,125,-48.0114
1.675,0,0,125,-47.8842
1.7,0,0,125,-47.7566
1.725,0,0,125,-47.6286
1.75,0,0,125,-47.5002
1.775,0,0,125,-47.3715
1.8,0,0,125,-47.2425
1.825,0,0,125,-47.1131
1.85,0,0,125,-46.9836
1.875,0,0,125,-46.8537
1.9,0,0,125,-46.7237
1.925,0,0,125,-46.5934
1.95,0,0,125,-46.463
1.975,0,0,125,-46.3324
2,0,0,125,-46.2017
2.025,0,0,125,-46.0709
2.05,0,0,125,-45.9399
2.075,0,0,125,-45.8088
2.1,0,0,125,-45.6777
2.125,0,0,125,-45.5464
2.15,0,0,125,-45.4152
2.175,0,0,125,-45.2838
2.2,0,0,125,-45.1525
2.225,0,0,125,-45.0211
2.25,0,0,125,-44.8897
2.275,0,0,125,-44.7583
2.3,0,0,125,-44.627
2.325,0,0,125,-44.4956
2.35,0,0,125,-44.3642
2.375,0,0,125,-44.2329
2.4,0,0,125,-44.1017
2.425,0,0,125,-43.9704
2.45,0,0,125,-43.8392
2.475,0,0,125,-43.7081
2.5,0,0,125,-43.577
2.525,0,0,125,-43.446
2.55,0,0,125,-43.3151
2.575,0,0,125,-43.1842
2.6,0,0,125,-43.0534
2.625,0,0,125,-42.9226
2.65,0,0,125,-42.7919
2.675,0,0,125,-42.6613
2.7,0,0,125,-42.5307
2.725,0,0,125,-42.4002
2.75,0,0,125,-42.2698
2.775,0,0,125,-42.1394
2.8,0,0,125,-42.0092
2.825,0,0,125,-41.8789
2.85,0,0,125,-41.7488
2.875,0,0,125,-41.6187
2.9,0,0,125,-41.4886
2.925,0,0,125,-41.3586
2.95,0,0,125,-41.2287
2.975,0,0,125,-41.0988
3,0,0,125,-40.969
3.025,0,0,125,-40.8392
3.05,0,0,125,-40.7095
3.075,0,0,125,-40.5799
3.1,0,0,125,-40.4502
3.125,0,0,125,-40.3207
3.15,0,0,125,-40.1911
3.175,0,0,125,-40.0616
3.2,0,0,125,-39.9322
3.225,0,0,125,-39.8028
3.25,0,0,125,-39.6735
3.275,0,0,125,-39.5442
3.3,0,0,125,-39.415
3.325,0,0,125,-39.2858
3.35,0,0,125,-39.1567
3.375,0,0,125,-39.0277
3.4,0,0,125,-38.8988
3.425,0,0,125,-38.7699
3.45,0,0,125,-38.6411
3.475,0,0,125,-38.5125
3.5,0,0,125,-38.3839
3.525,0,0,125,-38.2555
3.55,0,0,125,-38.1273
3.575,0,0,125,-37.9992
3.6,0,0,125,-37.8712
3.625,0,0,125,-37.7435
3.65,0,0,125,-37.6159
3.675,0,0,125,-37.4886
3.7,0,0,125,-37.3616
3.725,0,0,125,-37.2349
3.75,0,0,125,-37.1084
3.775,0,0,125,-36.9823
3.8,0,0,125,-36.8565
3.825,0,0,125,-36.7312
3.85,0,0,125,-36.6063
3.875,0,0,125,-36.4818
3.9,0,0,125,-36.3579
3.925,0,0,125,-36.2345
3.95,0,0,125,-36.1117
3.975,0,0,125,-35.9896
4,0,0,125,-35.8681
4.025,0,0,125,-35.7474
4.05,0,0,125,-35.6275
4.075,0,0,125,-35.5085
4.1,0,0,125,-35.3904
4.125,0,0,125,-35.2733
4.15,0,0,125,-35.1572
4.175,0,0,125,-35.0423
4.2,0,0,125,-34.9286
4.225,0,0,125,-34.8162
4.25,0,0,125,-34.7052
4.275,0,0,125,-34.5956
4.3,0,0,125,-34.4876
4.325,0,0,125,-34.3812
4.35,0,0,125,-34.2765
4.375,0,0,125,-34.1737
4.4,0,0,125,-34.0729
4.425,0,0,125,-33.9741
4.45,0,0,125,-33.8775
4.475,0,0,125,-33.7832
4.5,0,0,125,-33.6914
4.525,0,0,125,-33.6021
4.55,0,0,125,-33.5156
4.575,0,0,125,-33.4319
4.6,0,0,125,-33.3512
4.625,0,0,125,-33.2736
4.65,0,0,125,-33.1994
4.675,0,0,125,-33.1287
4.7,0,0,125,-33.0617
4.725,0,0,125,-32.9986
4.75,0,0,125,-32.9395
4.775,0,0,125,-32.8847
4.8,0,0,125,-32.8344
4.825,0,0,125,-32.7889
4.85,0,0,125,-32.7482
4.875,0,0,125,-32.7128
4.9,0,0,125,-32.6828
4.925,0,0,125,-32.6585
4.95,0,0,125,-32.64
4.975,0,0,125,-32.6276
5,0,0,125,-32.6213
