0,0,0,125,-26.0861
0.025,0,0,125,-26.0814
0.05,0,0,125,-26.072
0.075,0,0,125,-26.058
0.1,0,0,125,-26.0394
0.125,0,0,125,-26.0164
0.15,0,0,125,-25.9893
0.175,0,0,125,-25.9584
0.2,0,0,125,-25.9241
0.225,0,0,125,-25.8866
0.25,0,0,125,-25.8461
0.275,0,0,125,-25.803
0.3,0,0,125,-25.7574
0.325,0,0,125,-25.7096
0.35,0,0,125,-25.6596
0.375,0,0,125,-25.6078
0.4,0,0,125,-25.5542
0.425,0,0,125,-25.499
0.45,0,0,125,-25.4424
0.475,0,0,125,-25.3845
0.5,0,0,125,-25.3255
0.525,0,0,125,-25.2654
0.55,0,0,125,-25.2044
0.575,0,0,125,-25.1426
0.6,0,0,125,-25.0801
0.625,0,0,125,-25.017
0.65,0,0,125,-24.9533
0.675,0,0,125,-24.8893
0.7,0,0,125,-24.8249
0.725,0,0,125,-24.7602
0.75,0,0,125,-24.6953
0.775,0,0,125,-24.6303
0.8,0,0,125,-24.5652
0.825,0,0,125,-24.5001
0.85,0,0,125,-24.435
0.875,0,0,125,-24.37
0.9,0,0,125,-24.3051
0.925,0,0,125,-24.2405
0.95,0,0,125,-24.176
0.975,0,0,125,-24.1117
1,0,0,125,-24.0478
1.025,0,0,125,-23.9841
1.05,0,0,125,-23.9208
1.075,0,0,125,-23.8578
1.1,0,0,125,-23.7952
1.125,0,0,125,-23.7331
1.15,0,0,125,-23.6713
1.175,0,0,125,-23.6099
1.2,0,0,125,-23.5491
1.225,0,0,125,-23.4886
1.25,0,0,125,-23.4286
1.275,0,0,125,-23.3692
1.3,0,0,125,-23.3101
1.325,0,0,125,-23.2516
1.35,0,0,125,-23.1936
1.375,0,0,125,-23.136
1.4,0,0,125,-23.079
1.425,0,0,125,-23.0225
1.45,0,0,125,-22.9664
1.475,0,0,125,-22.9109
1.5,0,0,125,-22.8558
1.525,0,0,125,-22.8012
1.55,0,0,125,-22.7471
1.575,0,0,125,-22.6935
1.6,0,0,125,-22.6404
1.625,0,0,125,-22.5878
1.65,0,0,125,-22.5356
1.675,0,0,125,-22.4838
1.7,0,0,125,-22.4325
1.725,0,0,125,-22.3817
1.75,0,0,125,-22.3313
1.775,0,0,125,-22.2813
1.8,0,0,125,-22.2317
1.825,0,0,125,-22.1826
1.85,0,0,125,-22.1338
1.875,0,0,125,-22.0855
1.9,0,0,125,-22.0375
1.925,0,0,125,-21.9899
1.95,0,0,125,-21.9427
1.975,0,0,125,-21.8958
2,0,0,125,-21.8493
2.025,0,0,125,-21.8031
2.05,0,0,125,-21.7572
2.075,0,0,125,-21.7116
2.1,0,0,125,-21.6664
2.125,0,0,125,-21.6214
2.15,0,0,125,-21.5768
2.175,0,0,125,-21.5324
2.2,0,0,125,-21.4883
2.225,0,0,125,-21.4444
2.25,0,0,125,-21.4008
2.275,0,0,125,-21.3575
2.3,0,0,125,-21.3144
2.325,0,0,125,-21.2715
2.35,0,0,125,-21.2288
2.375,0,0,125,-21.1863
2.4,0,0,125,-21.1441
2.425,0,0,125,-21.102
2.45,0,0,125,-21.0601
2.475,0,0,125,-21.0184
2.5,0,0,125,-20.9769
2.525,0,0,125,-20.9355
2.55,0,0,125,-20.8943
2.575,0,0,125,-20.8532
2.6,0,0,125,-20.8123
2.625,0,0,125,-20.7715
2.65,0,0,125,-20.7308
2.675,0,0,125,-20.6902
2.7,0,0,125,-20.6498
2.725,0,0,125,-20.6094
2.75,0,0,125,-20.5692
2.775,0,0,125,-20.5291
2.8,0,0,125,-20.489
2.825,0,0,125,-20.449
2.85,0,0,125,-20.4091
2.875,0,0,125,-20.3693
2.9,0,0,125,-20.3295
2.925,0,0,125,-20.2898
2.95,0,0,125,-20.2501
2.975,0,0,125,-20.2105
3,0,0,125,-20.1709
3.025,0,0,125,-20.1313
3.05,0,0,125,-20.0918
3.075,0,0,125,-20.0523
3.1,0,0,125,-20.0128
3.125,0,0,125,-19.9734
3.15,0,0,125,-19.9339
3.175,0,0,125,-19.8944
3.2,0,0,125,-19.855
3.225,0,0,125,-19.8155
3.25,0,0,125,-19.776
3.275,0,0,125,-19.7365
3.3,0,0,125,-19.6969
3.325,0,0,125,-19.6574
3.35,0,0,125,-19.6178
3.375,0,0,125,-19.5782
3.4,0,0,125,-19.5385
3.425,0,0,125,-19.4988
3.45,0,0,125,-19.4591
3.475,0,0,125,-19.4193
3.5,0,0,125,-19.3795
3.525,0,0,125,-19.3396
3.55,0,0,125,-19.2997
3.575,0,0,125,-19.2596
3.6,0,0,125,-19.2196
3.625,0,0,125,-19.1795
3.65,0,0,125,-19.1393
3.675,0,0,125,-19.099
3.7,0,0,125,-19.0586
3.725,0,0,125,-19.0182
3.75,0,0,125,-18.9777
3.775,0,0,125,-18.9372
3.8,0,0,125,-18.8965
3.825,0,0,125,-18.8558
3.85,0,0,125,-18.8149
3.875,0,0,125,-18.774
3.9,0,0,125,-18.7331
3.925,0,0,125,-18.692
3.95,0,0,125,-18.6508
3.975,0,0,125,-18.6096
4,0,0,125,-18.5683
4.025,0,0,125,-18.527
4.05,0,0,125,-18.4855
4.075,0,0,125,-18.4441
4.1,0,0,125,-18.4025
4.125,0,0,125,-18.3609
4.15,0,0,125,-18.3193
4.175,0,0,125,-18.2777
4.2,0,0,125,-18.2361
4.225,0,0,125,-18.1945
4.25,0,0,125,-18.1529
4.275,0,0,125,-18.1114
4.3,0,0,125,-18.0699
4.325,0,0,125,-18.0286
4.35,0,0,125,-17.9874
4.375,0,0,125,-17.9463
4.4,0,0,125,-17.9055
4.425,0,0,125,-17.8649
4.45,0,0,125,-17.8246
4.475,0,0,125,-17.7846
4.5,0,0,125,-17.745
4.525,0,0,125,-17.7059
4.55,0,0,125,-17.6674
4.575,0,0,125,-17.6294
4.6,0,0,125,-17.5922
4.625,0,0,125,-17.5557
4.65,0,0,125,-17.5202
4.675,0,0,125,-17.4857
4.7,0,0,125,-17.4524
4.725,0,0,125,-17.4204
4.75,0,0,125,-17.3899
4.775,0,0,125,-17.3611
4.8,0,0,125,-17.3341
4.825,0,0,125,-17.3091
4.85,0,0,125,-17.2865
4.875,0,0,125,-17.2664
4.9,0,0,125,-17.2492
4.925,0,0,125,-17.2349
4.95,0,0,125,-17.224
4.975,0,0,125,-17.2166
5,0,0,125,-17.2129
