0,0,0,25,-7.87515
0.005,0,0,25,-7.87506
0.01,0,0,25,-7.87489
0.015,0,0,25,-7.87464
0.02,0,0,25,-7.87431
0.025,0,0,25,-7.8739
0.03,0,0,25,-7.8734
0.035,0,0,25,-7.87283
0.04,0,0,25,-7.87218
0.045,0,0,25,-7.87146
0.05,0,0,25,-7.87067
0.055,0,0,25,-7.8698
0.06,0,0,25,-7.86886
0.065,0,0,25,-7.86785
0.07,0,0,25,-7.86678
0.075,0,0,25,-7.86564
0.08,0,0,25,-7.86443
0.085,0,0,25,-7.86316
0.09,0,0,25,-7.86184
0.095,0,0,25,-7.86045
0.1,0,0,25,-7.859
0.105,0,0,25,-7.8575
0.11,0,0,25,-7.85594
0.115,0,0,25,-7.85433
0.12,0,0,25,-7.85266
0.125,0,0,25,-7.85094
0.13,0,0,25,-7.84918
0.135,0,0,25,-7.84736
0.14,0,0,25,-7.84549
0.145,0,0,25,-7.84358
0.15,0,0,25,-7.84163
0.155,0,0,25,-7.83962
0.16,0,0,25,-7.83758
0.165,0,0,25,-7.83549
0.17,0,0,25,-7.83336
0.175,0,0,25,-7.8312
0.18,0,0,25,-7.82899
0.185,0,0,25,-7.82674
0.19,0,0,25,-7.82446
0.195,0,0,25,-7.82214
0.2,0,0,25,-7.81979
0.205,0,0,25,-7.8174
0.21,0,0,25,-7.81497
0.215,0,0,25,-7.81252
0.22,0,0,25,-7.81003
0.225,0,0,25,-7.80752
0.23,0,0,25,-7.80497
0.235,0,0,25,-7.80239
0.24,0,0,25,-7.79978
0.245,0,0,25,-7.79715
0.25,0,0,25,-7.79449
0.255,0,0,25,-7.7918
0.26,0,0,25,-7.78909
0.265,0,0,25,-7.78635
0.27,0,0,25,-7.78359
0.275,0,0,25,-7.78081
0.28,0,0,25,-7.778
0.285,0,0,25,-7.77517
0.29,0,0,25,-7.77231
0.295,0,0,25,-7.76944
0.3,0,0,25,-7.76654
0.305,0,0,25,-7.76363
0.31,0,0,25,-7.7607
0.315,0,0,25,-7.75774
0.32,0,0,25,-7.75477
0.325,0,0,25,-7.75178
0.33,0,0,25,-7.74877
0.335,0,0,25,-7.74575
0.34,0,0,25,-7.74271
0.345,0,0,25,-7.73965
0.35,0,0,25,-7.73658
0.355,0,0,25,-7.73349
0.36,0,0,25,-7.73039
0.365,0,0,25,-7.72728
0.37,0,0,25,-7.72415
0.375,0,0,25,-7.721
0.38,0,0,25,-7.71785
0.385,0,0,25,-7.71468
0.39,0,0,25,-7.7115
0.395,0,0,25,-7.7083
0.4,0,0,25,-7.7051
0.405,0,0,25,-7.70188
0.41,0,0,25,-7.69865
0.415,0,0,25,-7.69542
0.42,0,0,25,-7.69217
0.425,0,0,25,-7.68891
0.43,0,0,25,-7.68564
0.435,0,0,25,-7.68237
0.44,0,0,25,-7.67908
0.445,0,0,25,-7.67578
0.45,0,0,25,-7.67248
0.455,0,0,25,-7.66917
0.46,0,0,25,-7.66585
0.465,0,0,25,-7.66252
0.47,0,0,25,-7.65919
0.475,0,0,25,-7.65585
0.48,0,0,25,-7.6525
0.485,0,0,25,-7.64914
0.49,0,0,25,-7.64578
0.495,0,0,25,-7.64241
0.5,0,0,25,-7.63903
0.505,0,0,25,-7.63565
0.51,0,0,25,-7.63227
0.515,0,0,25,-7.62887
0.52,0,0,25,-7.62548
0.525,0,0,25,-7.62207
0.53,0,0,25,-7.61866
0.535,0,0,25,-7.61525
0.54,0,0,25,-7.61183
0.545,0,0,25,-7.60841
0.55,0,0,25,-7.60499
0.555,0,0,25,-7.60156
0.56,0,0,25,-7.59812
0.565,0,0,25,-7.59468
0.57,0,0,25,-7.59124
0.575,0,0,25,-7.5878
0.58,0,0,25,-7.58435
0.585,0,0,25,-7.58089
0.59,0,0,25,-7.57744
0.595,0,0,25,-7.57398
0.6,0,0,25,-7.57052
0.605,0,0,25,-7.56705
0.61,0,0,25,-7.56359
0.615,0,0,25,-7.56012
0.62,0,0,25,-7.55664
0.625,0,0,25,-7.55317
0.63,0,0,25,-7.54969
0.635,0,0,25,-7.54621
0.64,0,0,25,-7.54273
0.645,0,0,25,-7.53925
0.65,0,0,25,-7.53576
0.655,0,0,25,-7.53228
0.66,0,0,25,-7.52879
0.665,0,0,25,-7.5253
0.67,0,0,25,-7.5218
0.675,0,0,25,-7.51831
0.68,0,0,25,-7.51482
0.685,0,0,25,-7.51132
0.69,0,0,25,-7.50782
0.695,0,0,25,-7.50432
0.7,0,0,25,-7.50082
0.705,0,0,25,-7.49732
0.71,0,0,25,-7.49382
0.715,0,0,25,-7.49032
0.72,0,0,25,-7.48681
0.725,0,0,25,-7.48331
0.73,0,0,25,-7.4798
0.735,0,0,25,-7.4763
0.74,0,0,25,-7.47279
0.745,0,0,25,-7.46928
0.75,0,0,25,-7.46577
0.755,0,0,25,-7.46227
0.76,0,0,25,-7.45876
0.765,0,0,25,-7.45525
0.77,0,0,25,-7.45174
0.775,0,0,25,-7.44823
0.78,0,0,25,-7.44472
0.785,0,0,25,-7.44121
0.79,0,0,25,-7.43769
0.795,0,0,25,-7.43418
0.8,0,0,25,-7.43067
0.805,0,0,25,-7.42716
0.81,0,0,25,-7.42365
0.815,0,0,25,-7.42014
0.82,0,0,25,-7.41663
0.825,0,0,25,-7.41311
0.83,0,0,25,-7.4096
0.835,0,0,25,-7.40609
0.84,0,0,25,-7.40258
0.845,0,0,25,-7.39907
0.85,0,0,25,-7.39556
0.855,0,0,25,-7.39204
0.86,0,0,25,-7.38853
0.865,0,0,25,-7.38502
0.87,0,0,25,-7.38151
0.875,0,0,25,-7.378
0.88,0,0,25,-7.37449
0.885,0,0,25,-7.37098
0.89,0,0,25,-7.36747
0.895,0,0,25,-7.36396
0.9,0,0,25,-7.36045
0.905,0,0,25,-7.35695
0.91,0,0,25,-7.35344
0.915,0,0,25,-7.34993
0.92,0,0,25,-7.34642
0.925,0,0,25,-7.34292
0.93,0,0,25,-7.33941
0.935,0,0,25,-7.3359
0.94,0,0,25,-7.3324
0.945,0,0,25,-7.32889
0.95,0,0,25,-7.32539
0.955,0,0,25,-7.32188
0.96,0,0,25,-7.31838
0.965,0,0,25,-7.31488
0.97,0,0,25,-7.31137
0.975,0,0,25,-7.30787
0.98,0,0,25,-7.30437
0.985,0,0,25,-7.30087
0.99,0,0,25,-7.29737
0.995,0,0,25,-7.29386
1,0,0,25,-7.29036
1.005,0,0,25,-7.28687
1.01,0,0,25,-7.28337
1.015,0,0,25,-7.27987
1.02,0,0,25,-7.27637
1.025,0,0,25,-7.27287
1.03,0,0,25,-7.26938
1.035,0,0,25,-7.26588
1.04,0,0,25,-7.26238
1.045,0,0,25,-7.25889
1.05,0,0,25,-7.25539
1.055,0,0,25,-7.2519
1.06,0,0,25,-7.24841
1.065,0,0,25,-7.24491
1.07,0,0,25,-7.24142
1.075,0,0,25,-7.23793
1.08,0,0,25,-7.23444
1.085,0,0,25,-7.23095
1.09,0,0,25,-7.22746
1.095,0,0,25,-7.22397
1.1,0,0,25,-7.22048
1.105,0,0,25,-7.21699
1.11,0,0,25,-7.2135
1.115,0,0,25,-7.21001
1.12,0,0,25,-7.20653
1.125,0,0,25,-7.20304
1.13,0,0,25,-7.19956
1.135,0,0,25,-7.19607
1.14,0,0,25,-7.19259
1.145,0,0,25,-7.1891
1.15,0,0,25,-7.18562
1.155,0,0,25,-7.18213
1.16,0,0,25,-7.17865
1.165,0,0,25,-7.17517
1.17,0,0,25,-7.17169
1.175,0,0,25,-7.16821
1.18,0,0,25,-7.16473
1.185,0,0,25,-7.16125
1.19,0,0,25,-7.15777
1.195,0,0,25,-7.15429
1.2,0,0,25,-7.15081
1.205,0,0,25,-7.14733
1.21,0,0,25,-7.14385
1.215,0,0,25,-7.14038
1.22,0,0,25,-7.1369
1.225,0,0,25,-7.13343
1.23,0,0,25,-7.12995
1.235,0,0,25,-7.12648
1.24,0,0,25,-7.123
1.245,0,0,25,-7.11953
1.25,0,0,25,-7.11605
1.255,0,0,25,-7.11258
1.26,0,0,25,-7.10911
1.265,0,0,25,-7.10564
1.27,0,0,25,-7.10216
1.275,0,0,25,-7.09869
1.28,0,0,25,-7.09522
1.285,0,0,25,-7.09175
1.29,0,0,25,-7.08828
1.295,0,0,25,-7.08481
1.3,0,0,25,-7.08134
1.305,0,0,25,-7.07787
1.31,0,0,25,-7.0744
1.315,0,0,25,-7.07094
1.32,0,0,25,-7.06747
1.325,0,0,25,-7.064
1.33,0,0,25,-7.06053
1.335,0,0,25,-7.05707
1.34,0,0,25,-7.0536
1.345,0,0,25,-7.05014
1.35,0,0,25,-7.04667
1.355,0,0,25,-7.04321
1.36,0,0,25,-7.03974
1.365,0,0,25,-7.03628
1.37,0,0,25,-7.03281
1.375,0,0,25,-7.02935
1.38,0,0,25,-7.02589
1.385,0,0,25,-7.02242
1.39,0,0,25,-7.01896
1.395,0,0,25,-7.0155
1.4,0,0,25,-7.01204
1.405,0,0,25,-7.00857
1.41,0,0,25,-7.00511
1.415,0,0,25,-7.00165
1.42,0,0,25,-6.99819
1.425,0,0,25,-6.99473
1.43,0,0,25,-6.99127
1.435,0,0,25,-6.98781
1.44,0,0,25,-6.98435
1.445,0,0,25,-6.98089
1.45,0,0,25,-6.97743
1.455,0,0,25,-6.97397
1.46,0,0,25,-6.97051
1.465,0,0,25,-6.96706
1.47,0,0,25,-6.9636
1.475,0,0,25,-6.96014
1.48,0,0,25,-6.95668
1.485,0,0,25,-6.95322
1.49,0,0,25,-6.94977
1.495,0,0,25,-6.94631
1.5,0,0,25,-6.94285
1.505,0,0,25,-6.9394
1.51,0,0,25,-6.93594
1.515,0,0,25,-6.93248
1.52,0,0,25,-6.92903
1.525,0,0,25,-6.92557
1.53,0,0,25,-6.92211
1.535,0,0,25,-6.91866
1.54,0,0,25,-6.9152
1.545,0,0,25,-6.91175
1.55,0,0,25,-6.90829
1.555,0,0,25,-6.90484
1.56,0,0,25,-6.90138
1.565,0,0,25,-6.89793
1.57,0,0,25,-6.89447
1.575,0,0,25,-6.89102
1.58,0,0,25,-6.88756
1.585,0,0,25,-6.88411
1.59,0,0,25,-6.88065
1.595,0,0,25,-6.8772
1.6,0,0,25,-6.87375
1.605,0,0,25,-6.87029
1.61,0,0,25,-6.86684
1.615,0,0,25,-6.86338
1.62,0,0,25,-6.85993
1.625,0,0,25,-6.85648
1.63,0,0,25,-6.85302
1.635,0,0,25,-6.84957
1.64,0,0,25,-6.84612
1.645,0,0,25,-6.84266
1.65,0,0,25,-6.83921
1.655,0,0,25,-6.83576
1.66,0,0,25,-6.8323
1.665,0,0,25,-6.82885
1.67,0,0,25,-6.8254
1.675,0,0,25,-6.82194
1.68,0,0,25,-6.81849
1.685,0,0,25,-6.81504
1.69,0,0,25,-6.81158
1.695,0,0,25,-6.80813
1.7,0,0,25,-6.80468
1.705,0,0,25,-6.80122
1.71,0,0,25,-6.79777
1.715,0,0,25,-6.79432
1.72,0,0,25,-6.79086
1.725,0,0,25,-6.78741
1.73,0,0,25,-6.78395
1.735,0,0,25,-6.7805
1.74,0,0,25,-6.77705
1.745,0,0,25,-6.77359
1.75,0,0,25,-6.77014
1.755,0,0,25,-6.76669
1.76,0,0,25,-6.76323
1.765,0,0,25,-6.75978
1.77,0,0,25,-6.75632
1.775,0,0,25,-6.75287
1.78,0,0,25,-6.74941
1.785,0,0,25,-6.74596
1.79,0,0,25,-6.74251
1.795,0,0,25,-6.73905
1.8,0,0,25,-6.7356
1.805,0,0,25,-6.73214
1.81,0,0,25,-6.72869
1.815,0,0,25,-6.72523
1.82,0,0,25,-6.72178
1.825,0,0,25,-6.71832
1.83,0,0,25,-6.71486
1.835,0,0,25,-6.71141
1.84,0,0,25,-6.70795
1.845,0,0,25,-6.7045
1.85,0,0,25,-6.70104
1.855,0,0,25,-6.69758
1.86,0,0,25,-6.69413
1.865,0,0,25,-6.69067
1.87,0,0,25,-6.68721
1.875,0,0,25,-6.68376
1.88,0,0,25,-6.6803
1.885,0,0,25,-6.67684
1.89,0,0,25,-6.67338
1.895,0,0,25,-6.66993
1.9,0,0,25,-6.66647
1.905,0,0,25,-6.66301
1.91,0,0,25,-6.65955
1.915,0,0,25,-6.65609
1.92,0,0,25,-6.65263
1.925,0,0,25,-6.64917
1.93,0,0,25,-6.64571
1.935,0,0,25,-6.64225
1.94,0,0,25,-6.63879
1.945,0,0,25,-6.63533
1.95,0,0,25,-6.63187
1.955,0,0,25,-6.62841
1.96,0,0,25,-6.62495
1.965,0,0,25,-6.62149
1.97,0,0,25,-6.61803
1.975,0,0,25,-6.61456
1.98,0,0,25,-6.6111
1.985,0,0,25,-6.60764
1.99,0,0,25,-6.60418
1.995,0,0,25,-6.60071
2,0,0,25,-6.59725
2.005,0,0,25,-6.59378
2.01,0,0,25,-6.59032
2.015,0,0,25,-6.58686
2.02,0,0,25,-6.58339
2.025,0,0,25,-6.57993
2.03,0,0,25,-6.57646
2.035,0,0,25,-6.57299
2.04,0,0,25,-6.56953
2.045,0,0,25,-6.56606
2.05,0,0,25,-6.56259
2.055,0,0,25,-6.55913
2.06,0,0,25,-6.55566
2.065,0,0,25,-6.55219
2.07,0,0,25,-6.54872
2.075,0,0,25,-6.54525
2.08,0,0,25,-6.54178
2.085,0,0,25,-6.53831
2.09,0,0,25,-6.53484
2.095,0,0,25,-6.53137
2.1,0,0,25,-6.5279
2.105,0,0,25,-6.52443
2.11,0,0,25,-6.52096
2.115,0,0,25,-6.51748
2.12,0,0,25,-6.51401
2.125,0,0,25,-6.51054
2.13,0,0,25,-6.50706
2.135,0,0,25,-6.50359
2.14,0,0,25,-6.50011
2.145,0,0,25,-6.49664
2.15,0,0,25,-6.49316
2.155,0,0,25,-6.48969
2.16,0,0,25,-6.48621
2.165,0,0,25,-6.48273
2.17,0,0,25,-6.47925
2.175,0,0,25,-6.47578
2.18,0,0,25,-6.4723
2.185,0,0,25,-6.46882
2.19,0,0,25,-6.46534
2.195,0,0,25,-6.46186
2.2,0,0,25,-6.45838
2.205,0,0,25,-6.4549
2.21,0,0,25,-6.45141
2.215,0,0,25,-6.44793
2.22,0,0,25,-6.44445
2.225,0,0,25,-6.44097
2.23,0,0,25,-6.43748
2.235,0,0,25,-6.434
2.24,0,0,25,-6.43051
2.245,0,0,25,-6.42703
2.25,0,0,25,-6.42354
2.255,0,0,25,-6.42005
2.26,0,0,25,-6.41656
2.265,0,0,25,-6.41308
2.27,0,0,25,-6.40959
2.275,0,0,25,-6.4061
2.28,0,0,25,-6.40261
2.285,0,0,25,-6.39912
2.29,0,0,25,-6.39563
2.295,0,0,25,-6.39213
2.3,0,0,25,-6.38864
2.305,0,0,25,-6.38515
2.31,0,0,25,-6.38165
2.315,0,0,25,-6.37816
2.32,0,0,25,-6.37467
2.325,0,0,25,-6.37117
2.33,0,0,25,-6.36767
2.335,0,0,25,-6.36418
2.34,0,0,25,-6.36068
2.345,0,0,25,-6.35718
2.35,0,0,25,-6.35368
2.355,0,0,25,-6.35018
2.36,0,0,25,-6.34668
2.365,0,0,25,-6.34318
2.37,0,0,25,-6.33968
2.375,0,0,25,-6.33617
2.38,0,0,25,-6.33267
2.385,0,0,25,-6.32917
2.39,0,0,25,-6.32566
2.395,0,0,25,-6.32215
2.4,0,0,25,-6.31865
2.405,0,0,25,-6.31514
2.41,0,0,25,-6.31163
2.415,0,0,25,-6.30812
2.42,0,0,25,-6.30461
2.425,0,0,25,-6.3011
2.43,0,0,25,-6.29759
2.435,0,0,25,-6.29408
2.44,0,0,25,-6.29057
2.445,0,0,25,-6.28705
2.45,0,0,25,-6.28354
2.455,0,0,25,-6.28003
2.46,0,0,25,-6.27651
2.465,0,0,25,-6.27299
2.47,0,0,25,-6.26947
2.475,0,0,25,-6.26596
2.48,0,0,25,-6.26244
2.485,0,0,25,-6.25892
2.49,0,0,25,-6.2554
2.495,0,0,25,-6.25187
2.5,0,0,25,-6.24835
2.505,0,0,25,-6.24483
2.51,0,0,25,-6.2413
2.515,0,0,25,-6.23778
2.52,0,0,25,-6.23425
2.525,0,0,25,-6.23072
2.53,0,0,25,-6.2272
2.535,0,0,25,-6.22367
2.54,0,0,25,-6.22014
2.545,0,0,25,-6.21661
2.55,0,0,25,-6.21308
2.555,0,0,25,-6.20954
2.56,0,0,25,-6.20601
2.565,0,0,25,-6.20248
2.57,0,0,25,-6.19894
2.575,0,0,25,-6.1954
2.58,0,0,25,-6.19187
2.585,0,0,25,-6.18833
2.59,0,0,25,-6.18479
2.595,0,0,25,-6.18125
2.6,0,0,25,-6.17771
2.605,0,0,25,-6.17417
2.61,0,0,25,-6.17062
2.615,0,0,25,-6.16708
2.62,0,0,25,-6.16353
2.625,0,0,25,-6.15999
2.63,0,0,25,-6.15644
2.635,0,0,25,-6.15289
2.64,0,0,25,-6.14934
2.645,0,0,25,-6.14579
2.65,0,0,25,-6.14224
2.655,0,0,25,-6.13869
2.66,0,0,25,-6.13514
2.665,0,0,25,-6.13158
2.67,0,0,25,-6.12803
2.675,0,0,25,-6.12447
2.68,0,0,25,-6.12091
2.685,0,0,25,-6.11735
2.69,0,0,25,-6.11379
2.695,0,0,25,-6.11023
2.7,0,0,25,-6.10667
2.705,0,0,25,-6.10311
2.71,0,0,25,-6.09954
2.715,0,0,25,-6.09598
2.72,0,0,25,-6.09241
2.725,0,0,25,-6.08885
2.73,0,0,25,-6.08528
2.735,0,0,25,-6.08171
2.74,0,0,25,-6.07814
2.745,0,0,25,-6.07456
2.75,0,0,25,-6.07099
2.755,0,0,25,-6.06742
2.76,0,0,25,-6.06384
2.765,0,0,25,-6.06026
2.77,0,0,25,-6.05669
2.775,0,0,25,-6.05311
2.78,0,0,25,-6.04953
2.785,0,0,25,-6.04595
2.79,0,0,25,-6.04236
2.795,0,0,25,-6.03878
2.8,0,0,25,-6.0352
2.805,0,0,25,-6.03161
2.81,0,0,25,-6.02802
2.815,0,0,25,-6.02443
2.82,0,0,25,-6.02084
2.825,0,0,25,-6.01725
2.83,0,0,25,-6.01366
2.835,0,0,25,-6.01007
2.84,0,0,25,-6.00647
2.845,0,0,25,-6.00288
2.85,0,0,25,-5.99928
2.855,0,0,25,-5.99568
2.86,0,0,25,-5.99208
2.865,0,0,25,-5.98848
2.87,0,0,25,-5.98488
2.875,0,0,25,-5.98128
2.88,0,0,25,-5.97767
2.885,0,0,25,-5.97407
2.89,0,0,25,-5.97046
2.895,0,0,25,-5.96685
2.9,0,0,25,-5.96324
2.905,0,0,25,-5.95963
2.91,0,0,25,-5.95602
2.915,0,0,25,-5.9524
2.92,0,0,25,-5.94879
2.925,0,0,25,-5.94517
2.93,0,0,25,-5.94155
2.935,0,0,25,-5.93793
2.94,0,0,25,-5.93431
2.945,0,0,25,-5.93069
2.95,0,0,25,-5.92707
2.955,0,0,25,-5.92345
2.96,0,0,25,-5.91982
2.965,0,0,25,-5.91619
2.97,0,0,25,-5.91256
2.975,0,0,25,-5.90893
2.98,0,0,25,-5.9053
2.985,0,0,25,-5.90167
2.99,0,0,25,-5.89804
2.995,0,0,25,-5.8944
3,0,0,25,-5.89076
3.005,0,0,25,-5.88713
3.01,0,0,25,-5.88349
3.015,0,0,25,-5.87985
3.02,0,0,25,-5.8762
3.025,0,0,25,-5.87256
3.03,0,0,25,-5.86892
3.035,0,0,25,-5.86527
3.04,0,0,25,-5.86162
3.045,0,0,25,-5.85797
3.05,0,0,25,-5.85432
3.055,0,0,25,-5.85067
3.06,0,0,25,-5.84702
3.065,0,0,25,-5.84336
3.07,0,0,25,-5.83971
3.075,0,0,25,-5.83605
3.08,0,0,25,-5.83239
3.085,0,0,25,-5.82873
3.09,0,0,25,-5.82507
3.095,0,0,25,-5.8214
3.1,0,0,25,-5.81774
3.105,0,0,25,-5.81407
3.11,0,0,25,-5.8104
3.115,0,0,25,-5.80674
3.12,0,0,25,-5.80307
3.125,0,0,25,-5.79939
3.13,0,0,25,-5.79572
3.135,0,0,25,-5.79204
3.14,0,0,25,-5.78837
3.145,0,0,25,-5.78469
3.15,0,0,25,-5.78101
3.155,0,0,25,-5.77733
3.16,0,0,25,-5.77365
3.165,0,0,25,-5.76996
3.17,0,0,25,-5.76628
3.175,0,0,25,-5.76259
3.18,0,0,25,-5.75891
3.185,0,0,25,-5.75522
3.19,0,0,25,-5.75153
3.195,0,0,25,-5.74783
3.2,0,0,25,-5.74414
3.205,0,0,25,-5.74044
3.21,0,0,25,-5.73675
3.215,0,0,25,-5.73305
3.22,0,0,25,-5.72935
3.225,0,0,25,-5.72565
3.23,0,0,25,-5.72195
3.235,0,0,25,-5.71824
3.24,0,0,25,-5.71454
3.245,0,0,25,-5.71083
3.25,0,0,25,-5.70712
3.255,0,0,25,-5.70341
3.26,0,0,25,-5.6997
3.265,0,0,25,-5.69599
3.27,0,0,25,-5.69227
3.275,0,0,25,-5.68856
3.28,0,0,25,-5.68484
3.285,0,0,25,-5.68112
3.29,0,0,25,-5.6774
3.295,0,0,25,-5.67368
3.3,0,0,25,-5.66996
3.305,0,0,25,-5.66623
3.31,0,0,25,-5.66251
3.315,0,0,25,-5.65878
3.32,0,0,25,-5.65505
3.325,0,0,25,-5.65132
3.33,0,0,25,-5.64759
3.335,0,0,25,-5.64386
3.34,0,0,25,-5.64012
3.345,0,0,25,-5.63639
3.35,0,0,25,-5.63265
3.355,0,0,25,-5.62891
3.36,0,0,25,-5.62517
3.365,0,0,25,-5.62143
3.37,0,0,25,-5.61769
3.375,0,0,25,-5.61394
3.38,0,0,25,-5.6102
3.385,0,0,25,-5.60645
3.39,0,0,25,-5.6027
3.395,0,0,25,-5.59895
3.4,0,0,25,-5.5952
3.405,0,0,25,-5.59145
3.41,0,0,25,-5.58769
3.415,0,0,25,-5.58394
3.42,0,0,25,-5.58018
3.425,0,0,25,-5.57642
3.43,0,0,25,-5.57266
3.435,0,0,25,-5.5689
3.44,0,0,25,-5.56514
3.445,0,0,25,-5.56138
3.45,0,0,25,-5.55761
3.455,0,0,25,-5.55385
3.46,0,0,25,-5.55008
3.465,0,0,25,-5.54631
3.47,0,0,25,-5.54254
3.475,0,0,25,-5.53877
3.48,0,0,25,-5.535
3.485,0,0,25,-5.53122
3.49,0,0,25,-5.52745
3.495,0,0,25,-5.52367
3.5,0,0,25,-5.51989
3.505,0,0,25,-5.51611
3.51,0,0,25,-5.51233
3.515,0,0,25,-5.50855
3.52,0,0,25,-5.50477
3.525,0,0,25,-5.50099
3.53,0,0,25,-5.4972
3.535,0,0,25,-5.49342
3.54,0,0,25,-5.48963
3.545,0,0,25,-5.48584
3.55,0,0,25,-5.48205
3.555,0,0,25,-5.47826
3.56,0,0,25,-5.47447
3.565,0,0,25,-5.47067
3.57,0,0,25,-5.46688
3.575,0,0,25,-5.46308
3.58,0,0,25,-5.45929
3.585,0,0,25,-5.45549
3.59,0,0,25,-5.45169
3.595,0,0,25,-5.44789
3.6,0,0,25,-5.44409
3.605,0,0,25,-5.44029
3.61,0,0,25,-5.43649
3.615,0,0,25,-5.43268
3.62,0,0,25,-5.42888
3.625,0,0,25,-5.42507
3.63,0,0,25,-5.42126
3.635,0,0,25,-5.41746
3.64,0,0,25,-5.41365
3.645,0,0,25,-5.40984
3.65,0,0,25,-5.40603
3.655,0,0,25,-5.40222
3.66,0,0,25,-5.3984
3.665,0,0,25,-5.39459
3.67,0,0,25,-5.39078
3.675,0,0,25,-5.38696
3.68,0,0,25,-5.38314
3.685,0,0,25,-5.37933
3.69,0,0,25,-5.37551
3.695,0,0,25,-5.37169
3.7,0,0,25,-5.36787
3.705,0,0,25,-5.36405
3.71,0,0,25,-5.36023
3.715,0,0,25,-5.35641
3.72,0,0,25,-5.35259
3.725,0,0,25,-5.34877
3.73,0,0,25,-5.34494
3.735,0,0,25,-5.34112
3.74,0,0,25,-5.33729
3.745,0,0,25,-5.33347
3.75,0,0,25,-5.32964
3.755,0,0,25,-5.32581
3.76,0,0,25,-5.32199
3.765,0,0,25,-5.31816
3.77,0,0,25,-5.31433
3.775,0,0,25,-5.3105
3.78,0,0,25,-5.30667
3.785,0,0,25,-5.30284
3.79,0,0,25,-5.29901
3.795,0,0,25,-5.29518
3.8,0,0,25,-5.29135
3.805,0,0,25,-5.28752
3.81,0,0,25,-5.28369
3.815,0,0,25,-5.27985
3.82,0,0,25,-5.27602
3.825,0,0,25,-5.27219
3.83,0,0,25,-5.26835
3.835,0,0,25,-5.26452
3.84,0,0,25,-5.26069
3.845,0,0,25,-5.25685
3.85,0,0,25,-5.25302
3.855,0,0,25,-5.24919
3.86,0,0,25,-5.24535
3.865,0,0,25,-5.24152
3.87,0,0,25,-5.23768
3.875,0,0,25,-5.23385
3.88,0,0,25,-5.23001
3.885,0,0,25,-5.22618
3.89,0,0,25,-5.22234
3.895,0,0,25,-5.21851
3.9,0,0,25,-5.21467
3.905,0,0,25,-5.21084
3.91,0,0,25,-5.207
3.915,0,0,25,-5.20317
3.92,0,0,25,-5.19933
3.925,0,0,25,-5.1955
3.93,0,0,25,-5.19167
3.935,0,0,25,-5.18783
3.94,0,0,25,-5.184
3.945,0,0,25,-5.18017
3.95,0,0,25,-5.17633
3.955,0,0,25,-5.1725
3.96,0,0,25,-5.16867
3.965,0,0,25,-5.16484
3.97,0,0,25,-5.16101
3.975,0,0,25,-5.15718
3.98,0,0,25,-5.15335
3.985,0,0,25,-5.14952
3.99,0,0,25,-5.14569
3.995,0,0,25,-5.14186
4,0,0,25,-5.13803
4.005,0,0,25,-5.13421
4.01,0,0,25,-5.13038
4.015,0,0,25,-5.12656
4.02,0,0,25,-5.12273
4.025,0,0,25,-5.11891
4.03,0,0,25,-5.11508
4.035,0,0,25,-5.11126
4.04,0,0,25,-5.10744
4.045,0,0,25,-5.10362
4.05,0,0,25,-5.0998
4.055,0,0,25,-5.09599
4.06,0,0,25,-5.09217
4.065,0,0,25,-5.08835
4.07,0,0,25,-5.08454
4.075,0,0,25,-5.08073
4.08,0,0,25,-5.07692
4.085,0,0,25,-5.07311
4.09,0,0,25,-5.0693
4.095,0,0,25,-5.06549
4.1,0,0,25,-5.06168
4.105,0,0,25,-5.05788
4.11,0,0,25,-5.05408
4.115,0,0,25,-5.05028
4.12,0,0,25,-5.04648
4.125,0,0,25,-5.04268
4.13,0,0,25,-5.03888
4.135,0,0,25,-5.03509
4.14,0,0,25,-5.0313
4.145,0,0,25,-5.0275
4.15,0,0,25,-5.02372
4.155,0,0,25,-5.01993
4.16,0,0,25,-5.01615
4.165,0,0,25,-5.01236
4.17,0,0,25,-5.00858
4.175,0,0,25,-5.00481
4.18,0,0,25,-5.00103
4.185,0,0,25,-4.99726
4.19,0,0,25,-4.99349
4.195,0,0,25,-4.98972
4.2,0,0,25,-4.98595
4.205,0,0,25,-4.98219
4.21,0,0,25,-4.97843
4.215,0,0,25,-4.97467
4.22,0,0,25,-4.97092
4.225,0,0,25,-4.96716
4.23,0,0,25,-4.96341
4.235,0,0,25,-4.95967
4.24,0,0,25,-4.95593
4.245,0,0,25,-4.95219
4.25,0,0,25,-4.94845
4.255,0,0,25,-4.94472
4.26,0,0,25,-4.94099
4.265,0,0,25,-4.93726
4.27,0,0,25,-4.93354
4.275,0,0,25,-4.92982
4.28,0,0,25,-4.9261
4.285,0,0,25,-4.92239
4.29,0,0,25,-4.91868
4.295,0,0,25,-4.91498
4.3,0,0,25,-4.91128
4.305,0,0,25,-4.90758
4.31,0,0,25,-4.90389
4.315,0,0,25,-4.90021
4.32,0,0,25,-4.89652
4.325,0,0,25,-4.89285
4.33,0,0,25,-4.88917
4.335,0,0,25,-4.8855
4.34,0,0,25,-4.88184
4.345,0,0,25,-4.87818
4.35,0,0,25,-4.87453
4.355,0,0,25,-4.87088
4.36,0,0,25,-4.86724
4.365,0,0,25,-4.8636
4.37,0,0,25,-4.85997
4.375,0,0,25,-4.85634
4.38,0,0,25,-4.85272
4.385,0,0,25,-4.8491
4.39,0,0,25,-4.84549
4.395,0,0,25,-4.84189
4.4,0,0,25,-4.8383
4.405,0,0,25,-4.83471
4.41,0,0,25,-4.83112
4.415,0,0,25,-4.82755
4.42,0,0,25,-4.82398
4.425,0,0,25,-4.82041
4.43,0,0,25,-4.81686
4.435,0,0,25,-4.81331
4.44,0,0,25,-4.80977
4.445,0,0,25,-4.80623
4.45,0,0,25,-4.80271
4.455,0,0,25,-4.79919
4.46,0,0,25,-4.79568
4.465,0,0,25,-4.79218
4.47,0,0,25,-4.78869
4.475,0,0,25,-4.7852
4.48,0,0,25,-4.78173
4.485,0,0,25,-4.77826
4.49,0,0,25,-4.77481
4.495,0,0,25,-4.77136
4.5,0,0,25,-4.76792
4.505,0,0,25,-4.7645
4.51,0,0,25,-4.76108
4.515,0,0,25,-4.75767
4.52,0,0,25,-4.75427
4.525,0,0,25,-4.75089
4.53,0,0,25,-4.74751
4.535,0,0,25,-4.74415
4.54,0,0,25,-4.7408
4.545,0,0,25,-4.73746
4.55,0,0,25,-4.73413
4.555,0,0,25,-4.73081
4.56,0,0,25,-4.72751
4.565,0,0,25,-4.72422
4.57,0,0,25,-4.72094
4.575,0,0,25,-4.71768
4.58,0,0,25,-4.71443
4.585,0,0,25,-4.7112
4.59,0,0,25,-4.70797
4.595,0,0,25,-4.70477
4.6,0,0,25,-4.70158
4.605,0,0,25,-4.6984
4.61,0,0,25,-4.69524
4.615,0,0,25,-4.69209
4.62,0,0,25,-4.68896
4.625,0,0,25,-4.68585
4.63,0,0,25,-4.68276
4.635,0,0,25,-4.67968
4.64,0,0,25,-4.67662
4.645,0,0,25,-4.67358
4.65,0,0,25,-4.67056
4.655,0,0,25,-4.66756
4.66,0,0,25,-4.66457
4.665,0,0,25,-4.66161
4.67,0,0,25,-4.65867
4.675,0,0,25,-4.65575
4.68,0,0,25,-4.65285
4.685,0,0,25,-4.64997
4.69,0,0,25,-4.64711
4.695,0,0,25,-4.64428
4.7,0,0,25,-4.64147
4.705,0,0,25,-4.63868
4.71,0,0,25,-4.63592
4.715,0,0,25,-4.63319
4.72,0,0,25,-4.63047
4.725,0,0,25,-4.62779
4.73,0,0,25,-4.62513
4.735,0,0,25,-4.6225
4.74,0,0,25,-4.6199
4.745,0,0,25,-4.61733
4.75,0,0,25,-4.61478
4.755,0,0,25,-4.61227
4.76,0,0,25,-4.60978
4.765,0,0,25,-4.60733
4.77,0,0,25,-4.60491
4.775,0,0,25,-4.60252
4.78,0,0,25,-4.60017
4.785,0,0,25,-4.59785
4.79,0,0,25,-4.59557
4.795,0,0,25,-4.59332
4.8,0,0,25,-4.5911
4.805,0,0,25,-4.58893
4.81,0,0,25,-4.58679
4.815,0,0,25,-4.58469
4.82,0,0,25,-4.58263
4.825,0,0,25,-4.58062
4.83,0,0,25,-4.57864
4.835,0,0,25,-4.57671
4.84,0,0,25,-4.57482
4.845,0,0,25,-4.57297
4.85,0,0,25,-4.57117
4.855,0,0,25,-4.56941
4.86,0,0,25,-4.5677
4.865,0,0,25,-4.56604
4.87,0,0,25,-4.56443
4.875,0,0,25,-4.56287
4.88,0,0,25,-4.56136
4.885,0,0,25,-4.5599
4.89,0,0,25,-4.55849
4.895,0,0,25,-4.55714
4.9,0,0,25,-4.55584
4.905,0,0,25,-4.5546
4.91,0,0,25,-4.55341
4.915,0,0,25,-4.55228
4.92,0,0,25,-4.5512
4.925,0,0,25,-4.55019
4.93,0,0,25,-4.54923
4.935,0,0,25,-4.54834
4.94,0,0,25,-4.54751
4.945,0,0,25,-4.54673
4.95,0,0,25,-4.54602
4.955,0,0,25,-4.54537
4.96,0,0,25,-4.54479
4.965,0,0,25,-4.54427
4.97,0,0,25,-4.54381
4.975,0,0,25,-4.54342
4.98,0,0,25,-4.54309
4.985,0,0,25,-4.54283
4.99,0,0,25,-4.54263
4.995,0,0,25,-4.5425
5,0,0,25,-4.54244
