0,0,0,125,-35.9244
0.025,0,0,125,-35.9188
0.05,0,0,125,-35.9078
0.075,0,0,125,-35.8913
0.1,0,0,125,-35.8693
0.125,0,0,125,-35.8421
0.15,0,0,125,-35.8099
0.175,0,0,125,-35.7729
0.2,0,0,125,-35.7315
0.225,0,0,125,-35.6858
0.25,0,0,125,-35.6362
0.275,0,0,125,-35.5827
0.3,0,0,125,-35.5256
0.325,0,0,125,-35.4651
0.35,0,0,125,-35.4013
0.375,0,0,125,-35.3344
0.4,0,0,125,-35.2647
0.425,0,0,125,-35.1921
0.45,0,0,125,-35.1169
0.475,0,0,125,-35.0393
0.5,0,0,125,-34.9594
0.525,0,0,125,-34.8772
0.55,0,0,125,-34.793
0.575,0,0,125,-34.7068
0.6,0,0,125,-34.6189
0.625,0,0,125,-34.5292
0.65,0,0,125,-34.438
0.675,0,0,125,-34.3453
0.7,0,0,125,-34.2512
0.725,0,0,125,-34.1559
0.75,0,0,125,-34.0595
0.775,0,0,125,-33.962
0.8,0,0,125,-33.8635
0.825,0,0,125,-33.7642
0.85,0,0,125,-33.6641
0.875,0,0,125,-33.5633
0.9,0,0,125,-33.4619
0.925,0,0,125,-33.36
0.95,0,0,125,-33.2577
0.975,0,0,125,-33.1549
1,0,0,125,-33.0519
1.025,0,0,125,-32.9486
1.05,0,0,125,-32.8452
1.075,0,0,125,-32.7416
1.1,0,0,125,-32.638
1.125,0,0,125,-32.5345
1.15,0,0,125,-32.4309
1.175,0,0,125,-32.3276
1.2,0,0,125,-32.2243
1.225,0,0,125,-32.1213
1.25,0,0,125,-32.0186
1.275,0,0,125,-31.9162
1.3,0,0,125,-31.8141
1.325,0,0,125,-31.7124
1.35,0,0,125,-31.6111
1.375,0,0,125,-31.5103
1.4,0,0,125,-31.4099
1.425,0,0,125,-31.3101
1.45,0,0,125,-31.2108
1.475,0,0,125,-31.1121
1.5,0,0,125,-31.0139
1.525,0,0,125,-30.9164
1.55,0,0,125,-30.8195
1.575,0,0,125,-30.7232
1.6,0,0,125,-30.6276
1.625,0,0,125,-30.5327
1.65,0,0,125,-30.4384
1.675,0,0,125,-30.3448
1.7,0,0,125,-30.252
1.725,0,0,125,-30.1598
1.75,0,0,125,-30.0684
1.775,0,0,125,-29.9776
1.8,0,0,125,-29.8876
1.825,0,0,125,-29.7984
1.85,0,0,125,-29.7098
1.875,0,0,125,-29.622
1.9,0,0,125,-29.5348
1.925,0,0,125,-29.4484
1.95,0,0,125,-29.3628
1.975,0,0,125,-29.2778
2,0,0,125,-29.1935
2.025,0,0,125,-29.11
2.05,0,0,125,-29.0271
2.075,0,0,125,-28.9449
2.1,0,0,125,-28.8635
2.125,0,0,125,-28.7826
2.15,0,0,125,-28.7025
2.175,0,0,125,-28.623
2.2,0,0,125,-28.5441
2.225,0,0,125,-28.4659
2.25,0,0,125,-28.3882
2.275,0,0,125,-28.3112
2.3,0,0,125,-28.2348
2.325,0,0,125,-28.159
2.35,0,0,125,-28.0838
2.375,0,0,125,-28.0091
2.4,0,0,125,-27.935
2.425,0,0,125,-27.8614
2.45,0,0,125,-27.7883
2.475,0,0,125,-27.7158
2.5,0,0,125,-27.6437
2.525,0,0,125,-27.5722
2.55,0,0,125,-27.5011
2.575,0,0,125,-27.4304
2.6,0,0,125,-27.3603
2.625,0,0,125,-27.2905
2.65,0,0,125,-27.2212
2.675,0,0,125,-27.1523
2.7,0,0,125,-27.0838
2.725,0,0,125,-27.0157
2.75,0,0,125,-26.9479
2.775,0,0,125,-26.8805
2.8,0,0,125,-26.8135
2.825,0,0,125,-26.7467
2.85,0,0,125,-26.6803
2.875,0,0,125,-26.6142
2.9,0,0,125,-26.5484
2.925,0,0,125,-26.4829
2.95,0,0,125,-26.4176
2.975,0,0,125,-26.3526
3,0,0,125,-26.2878
3.025,0,0,125,-26.2233
3.05,0,0,125,-26.159
3.075,0,0,125,-26.0949
3.1,0,0,125,-26.0309
3.125,0,0,125,-25.9672
3.15,0,0,125,-25.9036
3.175,0,0,125,-25.8402
3.2,0,0,125,-25.7769
3.225,0,0,125,-25.7138
3.25,0,0,125,-25.6508
3.275,0,0,125,-25.5879
3.3,0,0,125,-25.5252
3.325,0,0,125,-25.4625
3.35,0,0,125,-25.3999
3.375,0,0,125,-25.3374
3.4,0,0,125,-25.275
3.425,0,0,125,-25.2127
3.45,0,0,125,-25.1504
3.475,0,0,125,-25.0882
3.5,0,0,125,-25.026
3.525,0,0,125,-24.9638
3.55,0,0,125,-24.9017
3.575,0,0,125,-24.8396
3.6,0,0,125,-24.7776
3.625,0,0,125,-24.7156
3.65,0,0,125,-24.6536
3.675,0,0,125,-24.5916
3.7,0,0,125,-24.5296
3.725,0,0,125,-24.4677
3.75,0,0,125,-24.4057
3.775,0,0,125,-24.3438
3.8,0,0,125,-24.2819
3.825,0,0,125,-24.22
3.85,0,0,125,-24.1581
3.875,0,0,125,-24.0963
3.9,0,0,125,-24.0345
3.925,0,0,125,-23.9727
3.95,0,0,125,-23.911
3.975,0,0,125,-23.8493
4,0,0,125,-23.7877
4.025,0,0,125,-23.7262
4.05,0,0,125,-23.6648
4.075,0,0,125,-23.6035
4.1,0,0,125,-23.5424
4.125,0,0,125,-23.4814
4.15,0,0,125,-23.4206
4.175,0,0,125,-23.36
4.2,0,0,125,-23.2997
4.225,0,0,125,-23.2396
4.25,0,0,125,-23.1799
4.275,0,0,125,-23.1205
4.3,0,0,125,-23.0615
4.325,0,0,125,-23.0029
4.35,0,0,125,-22.9448
4.375,0,0,125,-22.8872
4.4,0,0,125,-22.8303
4.425,0,0,125,-22.774
4.45,0,0,125,-22.7184
4.475,0,0,125,-22.6637
4.5,0,0,125,-22.6098
4.525,0,0,125,-22.5569
4.55,0,0,125,-22.5051
4.575,0,0,125,-22.4545
4.6,0,0,125,-22.4052
4.625,0,0,125,-22.3572
4.65,0,0,125,-22.3109
4.675,0,0,125,-22.2662
4.7,0,0,125,-22.2233
4.725,0,0,125,-22.1825
4.75,0,0,125,-22.1439
4.775,0,0,125,-22.1076
4.8,0,0,125,-22.0739
4.825,0,0,125,-22.0431
4.85,0,0,125,-22.0153
4.875,0,0,125,-21.9908
4.9,0,0,125,-21.9698
4.925,0,0,125,-21.9527
4.95,0,0,125,-21.9396
4.975,0,0,125,-21.9308
5,0,0,125,-21.9263
