0,0,0,125,-54.0946
0.025,0,0,125,-54.0915
0.05,0,0,125,-54.0855
0.075,0,0,125,-54.0764
0.1,0,0,125,-54.0643
0.125,0,0,125,-54.0492
0.15,0,0,125,-54.0312
0.175,0,0,125,-54.0104
0.2,0,0,125,-53.9869
0.225,0,0,125,-53.9608
0.25,0,0,125,-53.932
0.275,0,0,125,-53.9006
0.3,0,0,125,-53.8668
0.325,0,0,125,-53.8305
0.35,0,0,125,-53.7918
0.375,0,0,125,-53.7507
0.4,0,0,125,-53.7073
0.425,0,0,125,-53.6615
0.45,0,0,125,-53.6136
0.475,0,0,125,-53.5633
0.5,0,0,125,-53.511
0.525,0,0,125,-53.4564
0.55,0,0,125,-53.3997
0.575,0,0,125,-53.3409
0.6,0,0,125,-53.28
0.625,0,0,125,-53.2171
0.65,0,0,125,-53.1522
0.675,0,0,125,-53.0853
0.7,0,0,125,-53.0164
0.725,0,0,125,-52.9456
0.75,0,0,125,-52.8729
0.775,0,0,125,-52.7983
0.8,0,0,125,-52.7219
0.825,0,0,125,-52.6436
0.85,0,0,125,-52.5635
0.875,0,0,125,-52.4816
0.9,0,0,125,-52.3979
0.925,0,0,125,-52.3126
0.95,0,0,125,-52.2255
0.975,0,0,125,-52.1367
1,0,0,125,-52.0463
1.025,0,0,125,-51.9542
1.05,0,0,125,-51.8606
1.075,0,0,125,-51.7653
1.1,0,0,125,-51.6685
1.125,0,0,125,-51.5701
1.15,0,0,125,-51.4703
1.175,0,0,125,-51.3689
1.2,0,0,125,-51.2661
1.225,0,0,125,-51.1618
1.25,0,0,125,-51.0561
1.275,0,0,125,-50.9491
1.3,0,0,125,-50.8406
1.325,0,0,125,-50.7309
1.35,0,0,125,-50.6198
1.375,0,0,125,-50.5074
1.4,0,0,125,-50.3937
1.425,0,0,125,-50.2788
1.45,0,0,125,-50.1627
1.475,0,0,125,-50.0453
1.5,0,0,125,-49.9269
1.525,0,0,125,-49.8072
1.55,0,0,125,-49.6864
1.575,0,0,125,-49.5646
1.6,0,0,125,-49.4416
1.625,0,0,125,-49.3176
1.65,0,0,125,-49.1926
1.675,0,0,125,-49.0666
1.7,0,0,125,-48.9396
1.725,0,0,125,-48.8116
1.75,0,0,125,-48.6827
1.775,0,0,125,-48.5529
1.8,0,0,125,-48.4222
1.825,0,0,125,-48.2907
1.85,0,0,125,-48.1583
1.875,0,0,125,-48.0251
1.9,0,0,125,-47.8912
1.925,0,0,125,-47.7564
1.95,0,0,125,-47.621
1.975,0,0,125,-47.4848
2,0,0,125,-47.3479
2.025,0,0,125,-47.2104
2.05,0,0,125,-47.0722
2.075,0,0,125,-46.9334
2.1,0,0,125,-46.794
2.125,0,0,125,-46.654
2.15,0,0,125,-46.5135
2.175,0,0,125,-46.3725
2.2,0,0,125,-46.2309
2.225,0,0,125,-46.0889
2.25,0,0,125,-45.9464
2.275,0,0,125,-45.8035
2.3,0,0,125,-45.6602
2.325,0,0,125,-45.5165
2.35,0,0,125,-45.3725
2.375,0,0,125,-45.2281
2.4,0,0,125,-45.0834
2.425,0,0,125,-44.9384
2.45,0,0,125,-44.7932
2.475,0,0,125,-44.6477
2.5,0,0,125,-44.502
2.525,0,0,125,-44.3561
2.55,0,0,125,-44.21
2.575,0,0,125,-44.0638
2.6,0,0,125,-43.9175
2.625,0,0,125,-43.7711
2.65,0,0,125,-43.6245
2.675,0,0,125,-43.478
2.7,0,0,125,-43.3314
2.725,0,0,125,-43.1848
2.75,0,0,125,-43.0383
2.775,0,0,125,-42.8917
2.8,0,0,125,-42.7453
2.825,0,0,125,-42.5989
2.85,0,0,125,-42.4527
2.875,0,0,125,-42.3066
2.9,0,0,125,-42.1606
2.925,0,0,125,-42.0149
2.95,0,0,125,-41.8693
2.975,0,0,125,-41.724
3,0,0,125,-41.579
3.025,0,0,125,-41.4342
3.05,0,0,125,-41.2898
3.075,0,0,125,-41.1457
3.1,0,0,125,-41.0019
3.125,0,0,125,-40.8586
3.15,0,0,125,-40.7156
3.175,0,0,125,-40.5731
3.2,0,0,125,-40.4311
3.225,0,0,125,-40.2895
3.25,0,0,125,-40.1485
3.275,0,0,125,-40.0079
3.3,0,0,125,-39.868
3.325,0,0,125,-39.7286
3.35,0,0,125,-39.5899
3.375,0,0,125,-39.4518
3.4,0,0,125,-39.3144
3.425,0,0,125,-39.1777
3.45,0,0,125,-39.0418
3.475,0,0,125,-38.9066
3.5,0,0,125,-38.7722
3.525,0,0,125,-38.6386
3.55,0,0,125,-38.5058
3.575,0,0,125,-38.374
3.6,0,0,125,-38.243
3.625,0,0,125,-38.113
3.65,0,0,125,-37.984
3.675,0,0,125,-37.856
3.7,0,0,125,-37.729
3.725,0,0,125,-37.603
3.75,0,0,125,-37.4782
3.775,0,0,125,-37.3545
3.8,0,0,125,-37.232
3.825,0,0,125,-37.1107
3.85,0,0,125,-36.9906
3.875,0,0,125,-36.8718
3.9,0,0,125,-36.7543
3.925,0,0,125,-36.6382
3.95,0,0,125,-36.5235
3.975,0,0,125,-36.4102
4,0,0,125,-36.2983
4.025,0,0,125,-36.188
4.05,0,0,125,-36.0792
4.075,0,0,125,-35.9721
4.1,0,0,125,-35.8666
4.125,0,0,125,-35.7627
4.15,0,0,125,-35.6606
4.175,0,0,125,-35.5603
4.2,0,0,125,-35.4618
4.225,0,0,125,-35.3652
4.25,0,0,125,-35.2705
4.275,0,0,125,-35.1777
4.3,0,0,125,-35.0871
4.325,0,0,125,-34.9985
4.35,0,0,125,-34.912
4.375,0,0,125,-34.8278
4.4,0,0,125,-34.7458
4.425,0,0,125,-34.6661
4.45,0,0,125,-34.5888
4.475,0,0,125,-34.514
4.5,0,0,125,-34.4416
4.525,0,0,125,-34.3719
4.55,0,0,125,-34.3048
4.575,0,0,125,-34.2404
4.6,0,0,125,-34.1789
4.625,0,0,125,-34.1202
4.65,0,0,125,-34.0644
4.675,0,0,125,-34.0118
4.7,0,0,125,-33.9622
4.725,0,0,125,-33.9159
4.75,0,0,125,-33.8728
4.775,0,0,125,-33.8332
4.8,0,0,125,-33.7971
4.825,0,0,125,-33.7646
4.85,0,0,125,-33.7358
4.875,0,0,125,-33.7109
4.9,0,0,125,-33.6899
4.925,0,0,125,-33.6729
4.95,0,0,125,-33.6601
4.975,0,0,125,-33.6516
5,0,0,125,-33.6472
