0,0,0,125,-73.0831
0.025,0,0,125,-73.0816
0.05,0,0,125,-73.0785
0.075,0,0,125,-73.074
0.1,0,0,125,-73.0679
0.125,0,0,125,-73.0603
0.15,0,0,125,-73.0513
0.175,0,0,125,-73.0408
0.2,0,0,125,-73.029
0.225,0,0,125,-73.0158
0.25,0,0,125,-73.0013
0.275,0,0,125,-72.9854
0.3,0,0,125,-72.9683
0.325,0,0,125,-72.9499
0.35,0,0,125,-72.9302
0.375,0,0,125,-72.9093
0.4,0,0,125,-72.8871
0.425,0,0,125,-72.8638
0.45,0,0,125,-72.8392
0.475,0,0,125,-72.8134
0.5,0,0,125,-72.7864
0.525,0,0,125,-72.7582
0.55,0,0,125,-72.7289
0.575,0,0,125,-72.6984
0.6,0,0,125,-72.6668
0.625,0,0,125,-72.6339
0.65,0,0,125,-72.5999
0.675,0,0,125,-72.5648
0.7,0,0,125,-72.5286
0.725,0,0,125,-72.4912
0.75,0,0,125,-72.4527
0.775,0,0,125,-72.4131
0.8,0,0,125,-72.3724
0.825,0,0,125,-72.3306
0.85,0,0,125,-72.2876
0.875,0,0,125,-72.2435
0.9,0,0,125,-72.1984
0.925,0,0,125,-72.1521
0.95,0,0,125,-72.1047
0.975,0,0,125,-72.0562
1,0,0,125,-72.0067
1.025,0,0,125,-71.9561
1.05,0,0,125,-71.9044
1.075,0,0,125,-71.8517
1.1,0,0,125,-71.7978
1.125,0,0,125,-71.7429
1.15,0,0,125,-71.687
1.175,0,0,125,-71.6299
1.2,0,0,125,-71.5718
1.225,0,0,125,-71.5126
1.25,0,0,125,-71.4524
1.275,0,0,125,-71.3912
1.3,0,0,125,-71.329
1.325,0,0,125,-71.2657
1.35,0,0,125,-71.2014
1.375,0,0,125,-71.1361
1.4,0,0,125,-71.0697
1.425,0,0,125,-71.0024
1.45,0,0,125,-70.934
1.475,0,0,125,-70.8647
1.5,0,0,125,-70.7944
1.525,0,0,125,-70.7231
1.55,0,0,125,-70.6509
1.575,0,0,125,-70.5776
1.6,0,0,125,-70.5034
1.625,0,0,125,-70.4283
1.65,0,0,125,-70.3522
1.675,0,0,125,-70.2752
1.7,0,0,125,-70.1973
1.725,0,0,125,-70.1185
1.75,0,0,125,-70.0387
1.775,0,0,125,-69.9581
1.8,0,0,125,-69.8766
1.825,0,0,125,-69.7942
1.85,0,0,125,-69.7109
1.875,0,0,125,-69.6268
1.9,0,0,125,-69.5418
1.925,0,0,125,-69.4561
1.95,0,0,125,-69.3695
1.975,0,0,125,-69.282
2,0,0,125,-69.1938
2.025,0,0,125,-69.1048
2.05,0,0,125,-69.0151
2.075,0,0,125,-68.9246
2.1,0,0,125,-68.8333
2.125,0,0,125,-68.7413
2.15,0,0,125,-68.6486
2.175,0,0,125,-68.5553
2.2,0,0,125,-68.4612
2.225,0,0,125,-68.3665
2.25,0,0,125,-68.2711
2.275,0,0,125,-68.175
2.3,0,0,125,-68.0784
2.325,0,0,125,-67.9811
2.35,0,0,125,-67.8833
2.375,0,0,125,-67.7849
2.4,0,0,125,-67.6859
2.425,0,0,125,-67.5864
2.45,0,0,125,-67.4864
2.475,0,0,125,-67.3859
2.5,0,0,125,-67.2849
2.525,0,0,125,-67.1835
2.55,0,0,125,-67.0816
2.575,0,0,125,-66.9793
2.6,0,0,125,-66.8766
2.625,0,0,125,-66.7735
2.65,0,0,125,-66.67
2.675,0,0,125,-66.5663
2.7,0,0,125,-66.4622
2.725,0,0,125,-66.3578
2.75,0,0,125,-66.2531
2.775,0,0,125,-66.1482
2.8,0,0,125,-66.0431
2.825,0,0,125,-65.9378
2.85,0,0,125,-65.8323
2.875,0,0,125,-65.7267
2.9,0,0,125,-65.6209
2.925,0,0,125,-65.515
2.95,0,0,125,-65.4091
2.975,0,0,125,-65.303
3,0,0,125,-65.197
3.025,0,0,125,-65.0909
3.05,0,0,125,-64.9848
3.075,0,0,125,-64.8788
3.1,0,0,125,-64.7729
3.125,0,0,125,-64.667
3.15,0,0,125,-64.5613
3.175,0,0,125,-64.4558
3.2,0,0,125,-64.3504
3.225,0,0,125,-64.2453
3.25,0,0,125,-64.1404
3.275,0,0,125,-64.0358
3.3,0,0,125,-63.9314
3.325,0,0,125,-63.8274
3.35,0,0,125,-63.7238
3.375,0,0,125,-63.6205
3.4,0,0,125,-63.5177
3.425,0,0,125,-63.4153
3.45,0,0,125,-63.3133
3.475,0,0,125,-63.2119
3.5,0,0,125,-63.1111
3.525,0,0,125,-63.0108
3.55,0,0,125,-62.9111
3.575,0,0,125,-62.812
3.6,0,0,125,-62.7136
3.625,0,0,125,-62.6159
3.65,0,0,125,-62.519
3.675,0,0,125,-62.4228
3.7,0,0,125,-62.3274
3.725,0,0,125,-62.2328
3.75,0,0,125,-62.1391
3.775,0,0,125,-62.0463
3.8,0,0,125,-61.9545
3.825,0,0,125,-61.8636
3.85,0,0,125,-61.7737
3.875,0,0,125,-61.6849
3.9,0,0,125,-61.5971
3.925,0,0,125,-61.5104
3.95,0,0,125,-61.4249
3.975,0,0,125,-61.3406
4,0,0,125,-61.2574
4.025,0,0,125,-61.1756
4.05,0,0,125,-61.095
4.075,0,0,125,-61.0157
4.1,0,0,125,-60.9377
4.125,0,0,125,-60.8612
4.15,0,0,125,-60.7861
4.175,0,0,125,-60.7124
4.2,0,0,125,-60.6403
4.225,0,0,125,-60.5697
4.25,0,0,125,-60.5006
4.275,0,0,125,-60.4332
4.3,0,0,125,-60.3674
4.325,0,0,125,-60.3033
4.35,0,0,125,-60.2409
4.375,0,0,125,-60.1802
4.4,0,0,125,-60.1214
4.425,0,0,125,-60.0643
4.45,0,0,125,-60.0092
4.475,0,0,125,-59.9559
4.5,0,0,125,-59.9046
4.525,0,0,125,-59.8553
4.55,0,0,125,-59.808
4.575,0,0,125,-59.7628
4.6,0,0,125,-59.7197
4.625,0,0,125,-59.6787
4.65,0,0,125,-59.6399
4.675,0,0,125,-59.6034
4.7,0,0,125,-59.5691
4.725,0,0,125,-59.5372
4.75,0,0,125,-59.5076
4.775,0,0,125,-59.4805
4.8,0,0,125,-59.4559
4.825,0,0,125,-59.4338
4.85,0,0,125,-59.4143
4.875,0,0,125,-59.3974
4.9,0,0,125,-59.3832
4.925,0,0,125,-59.3718
4.95,0,0,125,-59.3632
4.975,0,0,125,-59.3574
5,0,0,125,-59.3545
