0,0,0,125,-52.1914
0.025,0,0,125,-52.187
0.05,0,0,125,-52.1783
0.075,0,0,125,-52.1652
0.1,0,0,125,-52.1479
0.125,0,0,125,-52.1263
0.15,0,0,125,-52.1006
0.175,0,0,125,-52.0711
0.2,0,0,125,-52.0378
0.225,0,0,125,-52.001
0.25,0,0,125,-51.9607
0.275,0,0,125,-51.9172
0.3,0,0,125,-51.8704
0.325,0,0,125,-51.8204
0.35,0,0,125,-51.7675
0.375,0,0,125,-51.7117
0.4,0,0,125,-51.653
0.425,0,0,125,-51.5916
0.45,0,0,125,-51.5275
0.475,0,0,125,-51.4609
0.5,0,0,125,-51.3917
0.525,0,0,125,-51.32
0.55,0,0,125,-51.246
0.575,0,0,125,-51.1697
0.6,0,0,125,-51.0912
0.625,0,0,125,-51.0104
0.65,0,0,125,-50.9276
0.675,0,0,125,-50.8426
0.7,0,0,125,-50.7557
0.725,0,0,125,-50.6668
0.75,0,0,125,-50.5761
0.775,0,0,125,-50.4835
0.8,0,0,125,-50.3891
0.825,0,0,125,-50.2929
0.85,0,0,125,-50.1951
0.875,0,0,125,-50.0957
0.9,0,0,125,-49.9946
0.925,0,0,125,-49.8921
0.95,0,0,125,-49.788
0.975,0,0,125,-49.6825
1,0,0,125,-49.5756
1.025,0,0,125,-49.4674
1.05,0,0,125,-49.3578
1.075,0,0,125,-49.2471
1.1,0,0,125,-49.1351
1.125,0,0,125,-49.0219
1.15,0,0,125,-48.9076
1.175,0,0,125,-48.7923
1.2,0,0,125,-48.6759
1.225,0,0,125,-48.5585
1.25,0,0,125,-48.4402
1.275,0,0,125,-48.321
1.3,0,0,125,-48.2008
1.325,0,0,125,-48.0799
1.35,0,0,125,-47.9582
1.375,0,0,125,-47.8357
1.4,0,0,125,-47.7124
1.425,0,0,125,-47.5885
1.45,0,0,125,-47.464
1.475,0,0,125,-47.3389
1.5,0,0,125,-47.2132
1.525,0,0,125,-47.0869
1.55,0,0,125,-46.9601
1.575,0,0,125,-46.8329
1.6,0,0,125,-46.7052
1.625,0,0,125,-46.5771
1.65,0,0,125,-46.4486
1.675,0,0,125,-46.3198
1.7,0,0,125,-46.1906
1.725,0,0,125,-46.0612
1.75,0,0,125,-45.9315
1.775,0,0,125,-45.8015
1.8,0,0,125,-45.6713
1.825,0,0,125,-45.541
1.85,0,0,125,-45.4104
1.875,0,0,125,-45.2797
1.9,0,0,125,-45.1489
1.925,0,0,125,-45.018
1.95,0,0,125,-44.887
1.975,0,0,125,-44.7559
2,0,0,125,-44.6248
2.025,0,0,125,-44.4937
2.05,0,0,125,-44.3625
2.075,0,0,125,-44.2314
2.1,0,0,125,-44.1002
2.125,0,0,125,-43.9691
2.15,0,0,125,-43.8381
2.175,0,0,125,-43.7071
2.2,0,0,125,-43.5762
2.225,0,0,125,-43.4453
2.25,0,0,125,-43.3145
2.275,0,0,125,-43.1839
2.3,0,0,125,-43.0533
2.325,0,0,125,-42.9229
2.35,0,0,125,-42.7926
2.375,0,0,125,-42.6624
2.4,0,0,125,-42.5324
2.425,0,0,125,-42.4025
2.45,0,0,125,-42.2727
2.475,0,0,125,-42.1431
2.5,0,0,125,-42.0136
2.525,0,0,125,-41.8843
2.55,0,0,125,-41.7552
2.575,0,0,125,-41.6261
2.6,0,0,125,-41.4973
2.625,0,0,125,-41.3686
2.65,0,0,125,-41.2401
2.675,0,0,125,-41.1117
2.7,0,0,125,-40.9835
2.725,0,0,125,-40.8554
2.75,0,0,125,-40.7275
2.775,0,0,125,-40.5998
2.8,0,0,125,-40.4721
2.825,0,0,125,-40.3447
2.85,0,0,125,-40.2174
2.875,0,0,125,-40.0902
2.9,0,0,125,-39.9632
2.925,0,0,125,-39.8362
2.95,0,0,125,-39.7095
2.975,0,0,125,-39.5828
3,0,0,125,-39.4563
3.025,0,0,125,-39.3299
3.05,0,0,125,-39.2036
3.075,0,0,125,-39.0775
3.1,0,0,125,-38.9514
3.125,0,0,125,-38.8255
3.15,0,0,125,-38.6997
3.175,0,0,125,-38.574
3.2,0,0,125,-38.4484
3.225,0,0,125,-38.3228
3.25,0,0,125,-38.1974
3.275,0,0,125,-38.0722
3.3,0,0,125,-37.947
3.325,0,0,125,-37.8219
3.35,0,0,125,-37.6969
3.375,0,0,125,-37.5721
3.4,0,0,125,-37.4474
3.425,0,0,125,-37.3228
3.45,0,0,125,-37.1983
3.475,0,0,125,-37.074
3.5,0,0,125,-36.9499
3.525,0,0,125,-36.8259
3.55,0,0,125,-36.7021
3.575,0,0,125,-36.5784
3.6,0,0,125,-36.455
3.625,0,0,125,-36.3318
3.65,0,0,125,-36.2088
3.675,0,0,125,-36.086
3.7,0,0,125,-35.9635
3.725,0,0,125,-35.8413
3.75,0,0,125,-35.7195
3.775,0,0,125,-35.5979
3.8,0,0,125,-35.4767
3.825,0,0,125,-35.3559
3.85,0,0,125,-35.2356
3.875,0,0,125,-35.1157
3.9,0,0,125,-34.9963
3.925,0,0,125,-34.8774
3.95,0,0,125,-34.7591
3.975,0,0,125,-34.6414
4,0,0,125,-34.5244
4.025,0,0,125,-34.4081
4.05,0,0,125,-34.2925
4.075,0,0,125,-34.1778
4.1,0,0,125,-34.0639
4.125,0,0,125,-33.951
4.15,0,0,125,-33.8391
4.175,0,0,125,-33.7283
4.2,0,0,125,-33.6186
4.225,0,0,125,-33.5101
4.25,0,0,125,-33.4029
4.275,0,0,125,-33.2971
4.3,0,0,125,-33.1928
4.325,0,0,125,-33.09
4.35,0,0,125,-32.9888
4.375,0,0,125,-32.8894
4.4,0,0,125,-32.7918
4.425,0,0,125,-32.6962
4.45,0,0,125,-32.6027
4.475,0,0,125,-32.5114
4.5,0,0,125,-32.4224
4.525,0,0,125,-32.3358
4.55,0,0,125,-32.2518
4.575,0,0,125,-32.1705
4.6,0,0,125,-32.0921
4.625,0,0,125,-32.0167
4.65,0,0,125,-31.9445
4.675,0,0,125,-31.8757
4.7,0,0,125,-31.8104
4.725,0,0,125,-31.7489
4.75,0,0,125,-31.6913
4.775,0,0,125,-31.6378
4.8,0,0,125,-31.5887
4.825,0,0,125,-31.5441
4.85,0,0,125,-31.5044
4.875,0,0,125,-31.4697
4.9,0,0,125,-31.4403
4.925,0,0,125,-31.4165
4.95,0,0,125,-31.3984
4.975,0,0,125,-31.3862
5,0,0,125,-31.3801
