0,0,0,125,-15.1566
0.025,0,0,125,-15.1547
0.05,0,0,125,-15.1508
0.075,0,0,125,-15.1451
0.1,0,0,125,-15.1374
0.125,0,0,125,-15.128
0.15,0,0,125,-15.1169
0.175,0,0,125,-15.1044
0.2,0,0,125,-15.0907
0.225,0,0,125,-15.0758
0.25,0,0,125,-15.06
0.275,0,0,125,-15.0433
0.3,0,0,125,-15.0257
0.325,0,0,125,-15.0075
0.35,0,0,125,-14.9887
0.375,0,0,125,-14.9693
0.4,0,0,125,-14.9494
0.425,0,0,125,-14.9291
0.45,0,0,125,-14.9083
0.475,0,0,125,-14.8873
0.5,0,0,125,-14.8659
0.525,0,0,125,-14.8443
0.55,0,0,125,-14.8224
0.575,0,0,125,-14.8003
0.6,0,0,125,-14.7781
0.625,0,0,125,-14.7557
0.65,0,0,125,-14.7331
0.675,0,0,125,-14.7105
0.7,0,0,125,-14.6878
0.725,0,0,125,-14.6649
0.75,0,0,125,-14.6421
0.775,0,0,125,-14.6191
0.8,0,0,125,-14.5962
0.825,0,0,125,-14.5732
0.85,0,0,125,-14.5502
0.875,0,0,125,-14.5271
0.9,0,0,125,-14.5041
0.925,0,0,125,-14.4811
0.95,0,0,125,-14.458
0.975,0,0,125,-14.435
1,0,0,125,-14.412
1.025,0,0,125,-14.389
1.05,0,0,125,-14.3661
1.075,0,0,125,-14.3431
1.1,0,0,125,-14.3202
1.125,0,0,125,-14.2973
1.15,0,0,125,-14.2745
1.175,0,0,125,-14.2517
1.2,0,0,125,-14.2289
1.225,0,0,125,-14.2061
1.25,0,0,125,-14.1834
1.275,0,0,125,-14.1607
1.3,0,0,125,-14.1381
1.325,0,0,125,-14.1155
1.35,0,0,125,-14.093
1.375,0,0,125,-14.0704
1.4,0,0,125,-14.048
1.425,0,0,125,-14.0255
1.45,0,0,125,-14.0031
1.475,0,0,125,-13.9808
1.5,0,0,125,-13.9585
1.525,0,0,125,-13.9362
1.55,0,0,125,-13.914
1.575,0,0,125,-13.8918
1.6,0,0,125,-13.8696
1.625,0,0,125,-13.8475
1.65,0,0,125,-13.8254
1.675,0,0,125,-13.8034
1.7,0,0,125,-13.7814
1.725,0,0,125,-13.7594
1.75,0,0,125,-13.7375
1.775,0,0,125,-13.7156
1.8,0,0,125,-13.6938
1.825,0,0,125,-13.672
1.85,0,0,125,-13.6502
1.875,0,0,125,-13.6285
1.9,0,0,125,-13.6068
1.925,0,0,125,-13.5851
1.95,0,0,125,-13.5635
1.975,0,0,125,-13.5419
2,0,0,125,-13.5204
2.025,0,0,125,-13.4988
2.05,0,0,125,-13.4774
2.075,0,0,125,-13.4559
2.1,0,0,125,-13.4345
2.125,0,0,125,-13.4131
2.15,0,0,125,-13.3917
2.175,0,0,125,-13.3704
2.2,0,0,125,-13.3492
2.225,0,0,125,-13.3279
2.25,0,0,125,-13.3067
2.275,0,0,125,-13.2855
2.3,0,0,125,-13.2644
2.325,0,0,125,-13.2433
2.35,0,0,125,-13.2222
2.375,0,0,125,-13.2011
2.4,0,0,125,-13.1801
2.425,0,0,125,-13.1591
2.45,0,0,125,-13.1382
2.475,0,0,125,-13.1172
2.5,0,0,125,-13.0964
2.525,0,0,125,-13.0755
2.55,0,0,125,-13.0546
2.575,0,0,125,-13.0338
2.6,0,0,125,-13.0131
2.625,0,0,125,-12.9923
2.65,0,0,125,-12.9716
2.675,0,0,125,-12.9509
2.7,0,0,125,-12.9302
2.725,0,0,125,-12.9096
2.75,0,0,125,-12.889
2.775,0,0,125,-12.8684
2.8,0,0,125,-12.8479
2.825,0,0,125,-12.8273
2.85,0,0,125,-12.8068
2.875,0,0,125,-12.7864
2.9,0,0,125,-12.7659
2.925,0,0,125,-12.7455
2.95,0,0,125,-12.7252
2.975,0,0,125,-12.7048
3,0,0,125,-12.6845
3.025,0,0,125,-12.6642
3.05,0,0,125,-12.6439
3.075,0,0,125,-12.6236
3.1,0,0,125,-12.6034
3.125,0,0,125,-12.5832
3.15,0,0,125,-12.563
3.175,0,0,125,-12.5429
3.2,0,0,125,-12.5227
3.225,0,0,125,-12.5026
3.25,0,0,125,-12.4825
3.275,0,0,125,-12.4625
3.3,0,0,125,-12.4424
3.325,0,0,125,-12.4224
3.35,0,0,125,-12.4024
3.375,0,0,125,-12.3824
3.4,0,0,125,-12.3625
3.425,0,0,125,-12.3425
3.45,0,0,125,-12.3226
3.475,0,0,125,-12.3027
3.5,0,0,125,-12.2828
3.525,0,0,125,-12.263
3.55,0,0,125,-12.2432
3.575,0,0,125,-12.2233
3.6,0,0,125,-12.2036
3.625,0,0,125,-12.1838
3.65,0,0,125,-12.164
3.675,0,0,125,-12.1443
3.7,0,0,125,-12.1246
3.725,0,0,125,-12.1049
3.75,0,0,125,-12.0852
3.775,0,0,125,-12.0655
3.8,0,0,125,-12.0459
3.825,0,0,125,-12.0262
3.85,0,0,125,-12.0066
3.875,0,0,125,-11.987
3.9,0,0,125,-11.9674
3.925,0,0,125,-11.9478
3.95,0,0,125,-11.9283
3.975,0,0,125,-11.9088
4,0,0,125,-11.8893
4.025,0,0,125,-11.8698
4.05,0,0,125,-11.8503
4.075,0,0,125,-11.8309
4.1,0,0,125,-11.8115
4.125,0,0,125,-11.7921
4.15,0,0,125,-11.7728
4.175,0,0,125,-11.7534
4.2,0,0,125,-11.7342
4.225,0,0,125,-11.715
4.25,0,0,125,-11.6958
4.275,0,0,125,-11.6767
4.3,0,0,125,-11.6576
4.325,0,0,125,-11.6387
4.35,0,0,125,-11.6198
4.375,0,0,125,-11.601
4.4,0,0,125,-11.5823
4.425,0,0,125,-11.5638
4.45,0,0,125,-11.5454
4.475,0,0,125,-11.5271
4.5,0,0,125,-11.509
4.525,0,0,125,-11.4912
4.55,0,0,125,-11.4736
4.575,0,0,125,-11.4563
4.6,0,0,125,-11.4392
4.625,0,0,125,-11.4226
4.65,0,0,125,-11.4063
4.675,0,0,125,-11.3905
4.7,0,0,125,-11.3752
4.725,0,0,125,-11.3604
4.75,0,0,125,-11.3463
4.775,0,0,125,-11.333
4.8,0,0,125,-11.3205
4.825,0,0,125,-11.3089
4.85,0,0,125,-11.2984
4.875,0,0,125,-11.2891
4.9,0,0,125,-11.281
4.925,0,0,125,-11.2744
4.95,0,0,125,-11.2692
4.975,0,0,125,-11.2658
5,0,0,125,-11.264
