0,0,0,125,-8.08911
0.025,0,0,125,-8.08058
0.05,0,0,125,-8.06354
0.075,0,0,125,-8.03799
0.1,0,0,125,-8.00403
0.125,0,0,125,-7.96178
0.15,0,0,125,-7.91152
0.175,0,0,125,-7.85368
0.2,0,0,125,-7.78858
0.225,0,0,125,-7.71648
0.25,0,0,125,-7.6376
0.275,0,0,125,-7.55211
0.3,0,0,125,-7.46018
0.325,0,0,125,-7.36193
0.35,0,0,125,-7.25748
0.375,0,0,125,-7.14691
0.4,0,0,125,-7.03032
0.425,0,0,125,-6.90776
0.45,0,0,125,-6.77929
0.475,0,0,125,-6.64493
0.5,0,0,125,-6.50472
0.525,0,0,125,-6.35867
0.55,0,0,125,-6.20678
0.575,0,0,125,-6.04904
0.6,0,0,125,-5.88545
0.625,0,0,125,-5.71597
0.65,0,0,125,-5.54056
0.675,0,0,125,-5.35919
0.7,0,0,125,-5.17181
0.725,0,0,125,-4.97834
0.75,0,0,125,-4.77874
0.775,0,0,125,-4.57292
0.8,0,0,125,-4.3608
0.825,0,0,125,-4.14229
0.85,0,0,125,-3.91729
0.875,0,0,125,-3.6857
0.9,0,0,125,-3.44741
0.925,0,0,125,-3.20232
0.95,0,0,125,-2.95028
0.975,0,0,125,-2.69119
1,0,0,125,-2.42491
1.025,0,0,125,-2.1513
1.05,0,0,125,-1.87023
1.075,0,0,125,-1.58154
1.1,0,0,125,-1.28511
1.125,0,0,125,-0.980765
1.15,0,0,125,-0.668373
1.175,0,0,125,-0.347779
1.2,0,0,125,-0.0188321
1.225,0,0,125,0.318616
1.25,0,0,125,0.664714
1.275,0,0,125,1.01961
1.3,0,0,125,1.38345
1.325,0,0,125,1.75637
1.35,0,0,125,2.13851
1.375,0,0,125,2.52999
1.4,0,0,125,2.93096
1.425,0,0,125,3.34151
1.45,0,0,125,3.76176
1.475,0,0,125,4.19181
1.5,0,0,125,4.63176
1.525,0,0,125,5.08167
1.55,0,0,125,5.54162
1.575,0,0,125,6.01167
1.6,0,0,125,6.49186
1.625,0,0,125,6.98222
1.65,0,0,125,7.48275
1.675,0,0,125,7.99347
1.7,0,0,125,8.51436
1.725,0,0,125,9.04538
1.75,0,0,125,9.58648
1.775,0,0,125,10.1376
1.8,0,0,125,10.6986
1.825,0,0,125,11.2695
1.85,0,0,125,11.85
1.875,0,0,125,12.4401
1.9,0,0,125,13.0396
1.925,0,0,125,13.6483
1.95,0,0,125,14.2658
1.975,0,0,125,14.8922
2,0,0,125,15.5269
2.025,0,0,125,16.1697
2.05,0,0,125,16.8204
2.075,0,0,125,17.4784
2.1,0,0,125,18.1434
2.125,0,0,125,18.8149
2.15,0,0,125,19.4925
2.175,0,0,125,20.1755
2.2,0,0,125,20.8633
2.225,0,0,125,21.5552
2.25,0,0,125,22.2506
2.275,0,0,125,22.9486
2.3,0,0,125,23.6483
2.325,0,0,125,24.3488
2.35,0,0,125,25.049
2.375,0,0,125,25.7477
2.4,0,0,125,26.4438
2.425,0,0,125,27.136
2.45,0,0,125,27.8228
2.475,0,0,125,28.5028
2.5,0,0,125,29.1743
2.525,0,0,125,29.8357
2.55,0,0,125,30.4853
2.575,0,0,125,31.1213
2.6,0,0,125,31.7419
2.625,0,0,125,32.3452
2.65,0,0,125,32.9295
2.675,0,0,125,33.4928
2.7,0,0,125,34.0334
2.725,0,0,125,34.5496
2.75,0,0,125,35.0399
2.775,0,0,125,35.5027
2.8,0,0,125,35.9368
2.825,0,0,125,36.341
2.85,0,0,125,36.7141
2.875,0,0,125,37.0551
2.9,0,0,125,37.3627
2.925,0,0,125,37.6354
2.95,0,0,125,37.8709
2.975,0,0,125,38.0655
3,0,0,125,38.2125
3.025,0,0,125,38.3005
3.05,0,0,125,38.3084
3.075,0,0,125,38.1972
3.1,0,0,125,37.8921
3.125,0,0,125,37.2447
3.15,0,0,125,35.9478
3.175,0,0,125,33.3426
3.2,0,0,125,28.007
3.225,0,0,125,17.2502
3.25,0,0,125,-1.1542
3.275,0,0,125,-22.1845
3.3,0,0,125,-39.5167
3.325,0,0,125,-52.1529
3.35,0,0,125,-60.9865
3.375,0,0,125,-67.0622
3.4,0,0,125,-71.2098
3.425,0,0,125,-74.0293
3.45,0,0,125,-75.9405
3.475,0,0,125,-77.233
3.5,0,0,125,-78.1049
3.525,0,0,125,-78.6913
3.55,0,0,125,-79.0842
3.575,0,0,125,-79.3458
3.6,0,0,125,-79.5185
3.625,0,0,125,-79.631
3.65,0,0,125,-79.7029
3.675,0,0,125,-79.7471
3.7,0,0,125,-79.7727
3.725,0,0,125,-79.7858
3.75,0,0,125,-79.7904
3.775,0,0,125,-79.7893
3.8,0,0,125,-79.7843
3.825,0,0,125,-79.7768
3.85,0,0,125,-79.7677
3.875,0,0,125,-79.7574
3.9,0,0,125,-79.7465
3.925,0,0,125,-79.7351
3.95,0,0,125,-79.7235
3.975,0,0,125,-79.7118
4,0,0,125,-79.7001
4.025,0,0,125,-79.6885
4.05,0,0,125,-79.6769
4.075,0,0,125,-79.6654
4.1,0,0,125,-79.6541
4.125,0,0,125,-79.643
4.15,0,0,125,-79.632
4.175,0,0,125,-79.6212
4.2,0,0,125,-79.6105
4.225,0,0,125,-79.6001
4.25,0,0,125,-79.5899
4.275,0,0,125,-79.5799
4.3,0,0,125,-79.5701
4.325,0,0,125,-79.5605
4.35,0,0,125,-79.5512
4.375,0,0,125,-79.5421
4.4,0,0,125,-79.5332
4.425,0,0,125,-79.5246
4.45,0,0,125,-79.5162
4.475,0,0,125,-79.5081
4.5,0,0,125,-79.5002
4.525,0,0,125,-79.4926
4.55,0,0,125,-79.4853
4.575,0,0,125,-79.4783
4.6,0,0,125,-79.4716
4.625,0,0,125,-79.4651
4.65,0,0,125,-79.459
4.675,0,0,125,-79.4531
4.7,0,0,125,-79.4476
4.725,0,0,125,-79.4425
4.75,0,0,125,-79.4376
4.775,0,0,125,-79.4332
4.8,0,0,125,-79.4291
4.825,0,0,125,-79.4254
4.85,0,0,125,-79.4221
4.875,0,0,125,-79.4193
4.9,0,0,125,-79.4168
4.925,0,0,125,-79.4148
4.95,0,0,125,-79.4133
4.975,0,0,125,-79.4123
5,0,0,125,-79.4118
