0,0,0,125,-22.8364
0.025,0,0,125,-22.8321
0.05,0,0,125,-22.8236
0.075,0,0,125,-22.8109
0.1,0,0,125,-22.7941
0.125,0,0,125,-22.7733
0.15,0,0,125,-22.7488
0.175,0,0,125,-22.721
0.2,0,0,125,-22.6902
0.225,0,0,125,-22.6568
0.25,0,0,125,-22.6209
0.275,0,0,125,-22.5828
0.3,0,0,125,-22.5426
0.325,0,0,125,-22.5006
0.35,0,0,125,-22.457
0.375,0,0,125,-22.4119
0.4,0,0,125,-22.3655
0.425,0,0,125,-22.318
0.45,0,0,125,-22.2693
0.475,0,0,125,-22.2198
0.5,0,0,125,-22.1695
0.525,0,0,125,-22.1184
0.55,0,0,125,-22.0668
0.575,0,0,125,-22.0146
0.6,0,0,125,-21.9621
0.625,0,0,125,-21.9092
0.65,0,0,125,-21.856
0.675,0,0,125,-21.8026
0.7,0,0,125,-21.7491
0.725,0,0,125,-21.6955
0.75,0,0,125,-21.6419
0.775,0,0,125,-21.5883
0.8,0,0,125,-21.5347
0.825,0,0,125,-21.4812
0.85,0,0,125,-21.4279
0.875,0,0,125,-21.3747
0.9,0,0,125,-21.3218
0.925,0,0,125,-21.269
0.95,0,0,125,-21.2165
0.975,0,0,125,-21.1643
1,0,0,125,-21.1123
1.025,0,0,125,-21.0606
1.05,0,0,125,-21.0093
1.075,0,0,125,-20.9583
1.1,0,0,125,-20.9076
1.125,0,0,125,-20.8572
1.15,0,0,125,-20.8072
1.175,0,0,125,-20.7576
1.2,0,0,125,-20.7083
1.225,0,0,125,-20.6593
1.25,0,0,125,-20.6108
1.275,0,0,125,-20.5626
1.3,0,0,125,-20.5147
1.325,0,0,125,-20.4673
1.35,0,0,125,-20.4202
1.375,0,0,125,-20.3734
1.4,0,0,125,-20.3271
1.425,0,0,125,-20.281
1.45,0,0,125,-20.2354
1.475,0,0,125,-20.19
1.5,0,0,125,-20.145
1.525,0,0,125,-20.1004
1.55,0,0,125,-20.056
1.575,0,0,125,-20.012
1.6,0,0,125,-19.9683
1.625,0,0,125,-19.9249
1.65,0,0,125,-19.8819
1.675,0,0,125,-19.8391
1.7,0,0,125,-19.7965
1.725,0,0,125,-19.7543
1.75,0,0,125,-19.7123
1.775,0,0,125,-19.6706
1.8,0,0,125,-19.6292
1.825,0,0,125,-19.588
1.85,0,0,125,-19.547
1.875,0,0,125,-19.5062
1.9,0,0,125,-19.4657
1.925,0,0,125,-19.4254
1.95,0,0,125,-19.3853
1.975,0,0,125,-19.3454
2,0,0,125,-19.3057
2.025,0,0,125,-19.2661
2.05,0,0,125,-19.2267
2.075,0,0,125,-19.1875
2.1,0,0,125,-19.1485
2.125,0,0,125,-19.1095
2.15,0,0,125,-19.0708
2.175,0,0,125,-19.0321
2.2,0,0,125,-18.9936
2.225,0,0,125,-18.9552
2.25,0,0,125,-18.9169
2.275,0,0,125,-18.8787
2.3,0,0,125,-18.8406
2.325,0,0,125,-18.8026
2.35,0,0,125,-18.7647
2.375,0,0,125,-18.7268
2.4,0,0,125,-18.689
2.425,0,0,125,-18.6513
2.45,0,0,125,-18.6136
2.475,0,0,125,-18.576
2.5,0,0,125,-18.5384
2.525,0,0,125,-18.5009
2.55,0,0,125,-18.4633
2.575,0,0,125,-18.4258
2.6,0,0,125,-18.3884
2.625,0,0,125,-18.3509
2.65,0,0,125,-18.3134
2.675,0,0,125,-18.276
2.7,0,0,125,-18.2385
2.725,0,0,125,-18.2011
2.75,0,0,125,-18.1636
2.775,0,0,125,-18.1261
2.8,0,0,125,-18.0885
2.825,0,0,125,-18.051
2.85,0,0,125,-18.0134
2.875,0,0,125,-17.9758
2.9,0,0,125,-17.9381
2.925,0,0,125,-17.9004
2.95,0,0,125,-17.8627
2.975,0,0,125,-17.8249
3,0,0,125,-17.787
3.025,0,0,125,-17.7491
3.05,0,0,125,-17.7111
3.075,0,0,125,-17.673
3.1,0,0,125,-17.6349
3.125,0,0,125,-17.5967
3.15,0,0,125,-17.5584
3.175,0,0,125,-17.5201
3.2,0,0,125,-17.4816
3.225,0,0,125,-17.4431
3.25,0,0,125,-17.4045
3.275,0,0,125,-17.3658
3.3,0,0,125,-17.327
3.325,0,0,125,-17.2881
3.35,0,0,125,-17.2492
3.375,0,0,125,-17.2101
3.4,0,0,125,-17.171
3.425,0,0,125,-17.1317
3.45,0,0,125,-17.0924
3.475,0,0,125,-17.053
3.5,0,0,125,-17.0135
3.525,0,0,125,-16.9739
3.55,0,0,125,-16.9342
3.575,0,0,125,-16.8945
3.6,0,0,125,-16.8546
3.625,0,0,125,-16.8147
3.65,0,0,125,-16.7747
3.675,0,0,125,-16.7346
3.7,0,0,125,-16.6945
3.725,0,0,125,-16.6542
3.75,0,0,125,-16.6139
3.775,0,0,125,-16.5735
3.8,0,0,125,-16.5331
3.825,0,0,125,-16.4926
3.85,0,0,125,-16.452
3.875,0,0,125,-16.4114
3.9,0,0,125,-16.3707
3.925,0,0,125,-16.33
3.95,0,0,125,-16.2892
3.975,0,0,125,-16.2484
4,0,0,125,-16.2076
4.025,0,0,125,-16.1667
4.05,0,0,125,-16.1259
4.075,0,0,125,-16.085
4.1,0,0,125,-16.0441
4.125,0,0,125,-16.0033
4.15,0,0,125,-15.9625
4.175,0,0,125,-15.9217
4.2,0,0,125,-15.881
4.225,0,0,125,-15.8403
4.25,0,0,125,-15.7997
4.275,0,0,125,-15.7593
4.3,0,0,125,-15.7189
4.325,0,0,125,-15.6788
4.35,0,0,125,-15.6387
4.375,0,0,125,-15.5989
4.4,0,0,125,-15.5594
4.425,0,0,125,-15.5201
4.45,0,0,125,-15.4811
4.475,0,0,125,-15.4425
4.5,0,0,125,-15.4043
4.525,0,0,125,-15.3665
4.55,0,0,125,-15.3293
4.575,0,0,125,-15.2927
4.6,0,0,125,-15.2568
4.625,0,0,125,-15.2217
4.65,0,0,125,-15.1874
4.675,0,0,125,-15.1542
4.7,0,0,125,-15.122
4.725,0,0,125,-15.0911
4.75,0,0,125,-15.0616
4.775,0,0,125,-15.0337
4.8,0,0,125,-15.0076
4.825,0,0,125,-14.9834
4.85,0,0,125,-14.9614
4.875,0,0,125,-14.9419
4.9,0,0,125,-14.9251
4.925,0,0,125,-14.9113
4.95,0,0,125,-14.9007
4.975,0,0,125,-14.8935
5,0,0,125,-14.8898
