0,0,0,125,-24.6915
0.025,0,0,125,-24.687
0.05,0,0,125,-24.678
0.075,0,0,125,-24.6645
0.1,0,0,125,-24.6467
0.125,0,0,125,-24.6247
0.15,0,0,125,-24.5987
0.175,0,0,125,-24.5691
0.2,0,0,125,-24.5364
0.225,0,0,125,-24.5006
0.25,0,0,125,-24.4622
0.275,0,0,125,-24.4212
0.3,0,0,125,-24.378
0.325,0,0,125,-24.3327
0.35,0,0,125,-24.2855
0.375,0,0,125,-24.2367
0.4,0,0,125,-24.1862
0.425,0,0,125,-24.1344
0.45,0,0,125,-24.0813
0.475,0,0,125,-24.0271
0.5,0,0,125,-23.9719
0.525,0,0,125,-23.9158
0.55,0,0,125,-23.8589
0.575,0,0,125,-23.8014
0.6,0,0,125,-23.7433
0.625,0,0,125,-23.6848
0.65,0,0,125,-23.6258
0.675,0,0,125,-23.5665
0.7,0,0,125,-23.507
0.725,0,0,125,-23.4473
0.75,0,0,125,-23.3875
0.775,0,0,125,-23.3276
0.8,0,0,125,-23.2678
0.825,0,0,125,-23.2079
0.85,0,0,125,-23.1482
0.875,0,0,125,-23.0886
0.9,0,0,125,-23.0291
0.925,0,0,125,-22.9699
0.95,0,0,125,-22.9109
0.975,0,0,125,-22.8522
1,0,0,125,-22.7938
1.025,0,0,125,-22.7357
1.05,0,0,125,-22.6779
1.075,0,0,125,-22.6205
1.1,0,0,125,-22.5634
1.125,0,0,125,-22.5067
1.15,0,0,125,-22.4504
1.175,0,0,125,-22.3946
1.2,0,0,125,-22.3391
1.225,0,0,125,-22.2841
1.25,0,0,125,-22.2295
1.275,0,0,125,-22.1754
1.3,0,0,125,-22.1216
1.325,0,0,125,-22.0684
1.35,0,0,125,-22.0155
1.375,0,0,125,-21.9632
1.4,0,0,125,-21.9112
1.425,0,0,125,-21.8597
1.45,0,0,125,-21.8087
1.475,0,0,125,-21.758
1.5,0,0,125,-21.7078
1.525,0,0,125,-21.6581
1.55,0,0,125,-21.6087
1.575,0,0,125,-21.5598
1.6,0,0,125,-21.5113
1.625,0,0,125,-21.4632
1.65,0,0,125,-21.4155
1.675,0,0,125,-21.3681
1.7,0,0,125,-21.3212
1.725,0,0,125,-21.2746
1.75,0,0,125,-21.2284
1.775,0,0,125,-21.1826
1.8,0,0,125,-21.1371
1.825,0,0,125,-21.0919
1.85,0,0,125,-21.0471
1.875,0,0,125,-21.0026
1.9,0,0,125,-20.9584
1.925,0,0,125,-20.9145
1.95,0,0,125,-20.8709
1.975,0,0,125,-20.8276
2,0,0,125,-20.7846
2.025,0,0,125,-20.7419
2.05,0,0,125,-20.6994
2.075,0,0,125,-20.6572
2.1,0,0,125,-20.6152
2.125,0,0,125,-20.5734
2.15,0,0,125,-20.5319
2.175,0,0,125,-20.4906
2.2,0,0,125,-20.4495
2.225,0,0,125,-20.4086
2.25,0,0,125,-20.3679
2.275,0,0,125,-20.3274
2.3,0,0,125,-20.2871
2.325,0,0,125,-20.2469
2.35,0,0,125,-20.2069
2.375,0,0,125,-20.167
2.4,0,0,125,-20.1273
2.425,0,0,125,-20.0877
2.45,0,0,125,-20.0483
2.475,0,0,125,-20.009
2.5,0,0,125,-19.9698
2.525,0,0,125,-19.9307
2.55,0,0,125,-19.8917
2.575,0,0,125,-19.8528
2.6,0,0,125,-19.8141
2.625,0,0,125,-19.7754
2.65,0,0,125,-19.7367
2.675,0,0,125,-19.6982
2.7,0,0,125,-19.6597
2.725,0,0,125,-19.6213
2.75,0,0,125,-19.5829
2.775,0,0,125,-19.5446
2.8,0,0,125,-19.5064
2.825,0,0,125,-19.4682
2.85,0,0,125,-19.43
2.875,0,0,125,-19.3918
2.9,0,0,125,-19.3537
2.925,0,0,125,-19.3156
2.95,0,0,125,-19.2775
2.975,0,0,125,-19.2394
3,0,0,125,-19.2013
3.025,0,0,125,-19.1632
3.05,0,0,125,-19.1252
3.075,0,0,125,-19.0871
3.1,0,0,125,-19.049
3.125,0,0,125,-19.0109
3.15,0,0,125,-18.9727
3.175,0,0,125,-18.9346
3.2,0,0,125,-18.8964
3.225,0,0,125,-18.8582
3.25,0,0,125,-18.8199
3.275,0,0,125,-18.7816
3.3,0,0,125,-18.7433
3.325,0,0,125,-18.7049
3.35,0,0,125,-18.6665
3.375,0,0,125,-18.6281
3.4,0,0,125,-18.5895
3.425,0,0,125,-18.551
3.45,0,0,125,-18.5123
3.475,0,0,125,-18.4737
3.5,0,0,125,-18.4349
3.525,0,0,125,-18.3961
3.55,0,0,125,-18.3573
3.575,0,0,125,-18.3183
3.6,0,0,125,-18.2793
3.625,0,0,125,-18.2403
3.65,0,0,125,-18.2011
3.675,0,0,125,-18.1619
3.7,0,0,125,-18.1227
3.725,0,0,125,-18.0833
3.75,0,0,125,-18.0439
3.775,0,0,125,-18.0044
3.8,0,0,125,-17.9649
3.825,0,0,125,-17.9253
3.85,0,0,125,-17.8856
3.875,0,0,125,-17.8458
3.9,0,0,125,-17.8059
3.925,0,0,125,-17.766
3.95,0,0,125,-17.726
3.975,0,0,125,-17.686
4,0,0,125,-17.6459
4.025,0,0,125,-17.6057
4.05,0,0,125,-17.5655
4.075,0,0,125,-17.5252
4.1,0,0,125,-17.4849
4.125,0,0,125,-17.4446
4.15,0,0,125,-17.4042
4.175,0,0,125,-17.3639
4.2,0,0,125,-17.3235
4.225,0,0,125,-17.2832
4.25,0,0,125,-17.2429
4.275,0,0,125,-17.2026
4.3,0,0,125,-17.1624
4.325,0,0,125,-17.1224
4.35,0,0,125,-17.0824
4.375,0,0,125,-17.0427
4.4,0,0,125,-17.0031
4.425,0,0,125,-16.9637
4.45,0,0,125,-16.9246
4.475,0,0,125,-16.8859
4.5,0,0,125,-16.8475
4.525,0,0,125,-16.8096
4.55,0,0,125,-16.7721
4.575,0,0,125,-16.7353
4.6,0,0,125,-16.6991
4.625,0,0,125,-16.6637
4.65,0,0,125,-16.6291
4.675,0,0,125,-16.5956
4.7,0,0,125,-16.5632
4.725,0,0,125,-16.532
4.75,0,0,125,-16.5022
4.775,0,0,125,-16.4741
4.8,0,0,125,-16.4477
4.825,0,0,125,-16.4233
4.85,0,0,125,-16.4012
4.875,0,0,125,-16.3815
4.9,0,0,125,-16.3646
4.925,0,0,125,-16.3507
4.95,0,0,125,-16.34
4.975,0,0,125,-16.3327
5,0,0,125,-16.329
