0,0,0,125,22.8667
0.025,0,0,125,22.9197
0.05,0,0,125,23.0256
0.075,0,0,125,23.1843
0.1,0,0,125,23.3953
0.125,0,0,125,23.6577
0.15,0,0,125,23.9694
0.175,0,0,125,24.3271
0.2,0,0,125,24.7274
0.225,0,0,125,25.1665
0.25,0,0,125,25.6408
0.275,0,0,125,26.1463
0.3,0,0,125,26.6789
0.325,0,0,125,27.2347
0.35,0,0,125,27.8093
0.375,0,0,125,28.3987
0.4,0,0,125,28.9988
0.425,0,0,125,29.6055
0.45,0,0,125,30.2147
0.475,0,0,125,30.8227
0.5,0,0,125,31.4256
0.525,0,0,125,32.02
0.55,0,0,125,32.6024
0.575,0,0,125,33.1696
0.6,0,0,125,33.7186
0.625,0,0,125,34.2468
0.65,0,0,125,34.7516
0.675,0,0,125,35.2308
0.7,0,0,125,35.6825
0.725,0,0,125,36.1048
0.75,0,0,125,36.4963
0.775,0,0,125,36.8554
0.8,0,0,125,37.1808
0.825,0,0,125,37.4708
0.85,0,0,125,37.723
0.875,0,0,125,37.9339
0.9,0,0,125,38.0975
0.925,0,0,125,38.2036
0.95,0,0,125,38.2336
0.975,0,0,125,38.154
1,0,0,125,37.9011
1.025,0,0,125,37.3514
1.05,0,0,125,36.2544
1.075,0,0,125,34.0825
1.1,0,0,125,29.7034
1.125,0,0,125,20.8568
1.15,0,0,125,4.74886
1.175,0,0,125,-16.1487
1.2,0,0,125,-34.6427
1.225,0,0,125,-48.4776
1.25,0,0,125,-58.2461
1.275,0,0,125,-64.9953
1.3,0,0,125,-69.6139
1.325,0,0,125,-72.758
1.35,0,0,125,-74.8908
1.375,0,0,125,-76.3334
1.4,0,0,125,-77.3058
1.425,0,0,125,-77.9587
1.45,0,0,125,-78.3946
1.475,0,0,125,-78.683
1.5,0,0,125,-78.8713
1.525,0,0,125,-78.9916
1.55,0,0,125,-79.0657
1.575,0,0,125,-79.1083
1.6,0,0,125,-79.1295
1.625,0,0,125,-79.1361
1.65,0,0,125,-79.1326
1.675,0,0,125,-79.1221
1.7,0,0,125,-79.1069
1.725,0,0,125,-79.0882
1.75,0,0,125,-79.0671
1.775,0,0,125,-79.0442
1.8,0,0,125,-79.0201
1.825,0,0,125,-78.9948
1.85,0,0,125,-78.9688
1.875,0,0,125,-78.9421
1.9,0,0,125,-78.9149
1.925,0,0,125,-78.8871
1.95,0,0,125,-78.8588
1.975,0,0,125,-78.8301
2,0,0,125,-78.801
2.025,0,0,125,-78.7714
2.05,0,0,125,-78.7415
2.075,0,0,125,-78.7111
2.1,0,0,125,-78.6804
2.125,0,0,125,-78.6494
2.15,0,0,125,-78.6179
2.175,0,0,125,-78.5861
2.2,0,0,125,-78.5539
2.225,0,0,125,-78.5214
2.25,0,0,125,-78.4885
2.275,0,0,125,-78.4552
2.3,0,0,125,-78.4215
2.325,0,0,125,-78.3876
2.35,0,0,125,-78.3533
2.375,0,0,125,-78.3187
2.4,0,0,125,-78.2838
2.425,0,0,125,-78.2485
2.45,0,0,125,-78.213
2.475,0,0,125,-78.1771
2.5,0,0,125,-78.1409
2.525,0,0,125,-78.1044
2.55,0,0,125,-78.0676
2.575,0,0,125,-78.0306
2.6,0,0,125,-77.9933
2.625,0,0,125,-77.9557
2.65,0,0,125,-77.9179
2.675,0,0,125,-77.8798
2.7,0,0,125,-77.8414
2.725,0,0,125,-77.8029
2.75,0,0,125,-77.7641
2.775,0,0,125,-77.7251
2.8,0,0,125,-77.6859
2.825,0,0,125,-77.6465
2.85,0,0,125,-77.607
2.875,0,0,125,-77.5672
2.9,0,0,125,-77.5273
2.925,0,0,125,-77.4872
2.95,0,0,125,-77.447
2.975,0,0,125,-77.4067
3,0,0,125,-77.3663
3.025,0,0,125,-77.3257
3.05,0,0,125,-77.2851
3.075,0,0,125,-77.2443
3.1,0,0,125,-77.2035
3.125,0,0,125,-77.1627
3.15,0,0,125,-77.1218
3.175,0,0,125,-77.0809
3.2,0,0,125,-77.0399
3.225,0,0,125,-76.999
3.25,0,0,125,-76.9581
3.275,0,0,125,-76.9172
3.3,0,0,125,-76.8763
3.325,0,0,125,-76.8355
3.35,0,0,125,-76.7948
3.375,0,0,125,-76.7542
3.4,0,0,125,-76.7136
3.425,0,0,125,-76.6732
3.45,0,0,125,-76.6329
3.475,0,0,125,-76.5928
3.5,0,0,125,-76.5528
3.525,0,0,125,-76.513
3.55,0,0,125,-76.4733
3.575,0,0,125,-76.4339
3.6,0,0,125,-76.3947
3.625,0,0,125,-76.3557
3.65,0,0,125,-76.317
3.675,0,0,125,-76.2786
3.7,0,0,125,-76.2405
3.725,0,0,125,-76.2026
3.75,0,0,125,-76.1651
3.775,0,0,125,-76.1279
3.8,0,0,125,-76.0911
3.825,0,0,125,-76.0546
3.85,0,0,125,-76.0185
3.875,0,0,125,-75.9828
3.9,0,0,125,-75.9475
3.925,0,0,125,-75.9126
3.95,0,0,125,-75.8782
3.975,0,0,125,-75.8442
4,0,0,125,-75.8107
4.025,0,0,125,-75.7777
4.05,0,0,125,-75.7452
4.075,0,0,125,-75.7132
4.1,0,0,125,-75.6818
4.125,0,0,125,-75.6509
4.15,0,0,125,-75.6206
4.175,0,0,125,-75.5908
4.2,0,0,125,-75.5617
4.225,0,0,125,-75.5331
4.25,0,0,125,-75.5052
4.275,0,0,125,-75.478
4.3,0,0,125,-75.4513
4.325,0,0,125,-75.4254
4.35,0,0,125,-75.4001
4.375,0,0,125,-75.3756
4.4,0,0,125,-75.3517
4.425,0,0,125,-75.3286
4.45,0,0,125,-75.3062
4.475,0,0,125,-75.2846
4.5,0,0,125,-75.2638
4.525,0,0,125,-75.2438
4.55,0,0,125,-75.2245
4.575,0,0,125,-75.2061
4.6,0,0,125,-75.1886
4.625,0,0,125,-75.1719
4.65,0,0,125,-75.156
4.675,0,0,125,-75.1411
4.7,0,0,125,-75.1271
4.725,0,0,125,-75.114
4.75,0,0,125,-75.1019
4.775,0,0,125,-75.0908
4.8,0,0,125,-75.0806
4.825,0,0,125,-75.0715
4.85,0,0,125,-75.0635
4.875,0,0,125,-75.0565
4.9,0,0,125,-75.0506
4.925,0,0,125,-75.0459
4.95,0,0,125,-75.0423
4.975,0,0,125,-75.0399
5,0,0,125,-75.0387
