0,0,0,125,-23.4277
0.025,0,0,125,-23.4234
0.05,0,0,125,-23.4147
0.075,0,0,125,-23.4017
0.1,0,0,125,-23.3846
0.125,0,0,125,-23.3634
0.15,0,0,125,-23.3385
0.175,0,0,125,-23.3101
0.2,0,0,125,-23.2787
0.225,0,0,125,-23.2446
0.25,0,0,125,-23.2079
0.275,0,0,125,-23.1689
0.3,0,0,125,-23.1278
0.325,0,0,125,-23.0848
0.35,0,0,125,-23.0401
0.375,0,0,125,-22.9938
0.4,0,0,125,-22.9461
0.425,0,0,125,-22.8972
0.45,0,0,125,-22.8472
0.475,0,0,125,-22.7963
0.5,0,0,125,-22.7444
0.525,0,0,125,-22.6918
0.55,0,0,125,-22.6386
0.575,0,0,125,-22.5848
0.6,0,0,125,-22.5306
0.625,0,0,125,-22.4759
0.65,0,0,125,-22.421
0.675,0,0,125,-22.3658
0.7,0,0,125,-22.3105
0.725,0,0,125,-22.255
0.75,0,0,125,-22.1995
0.775,0,0,125,-22.144
0.8,0,0,125,-22.0885
0.825,0,0,125,-22.0332
0.85,0,0,125,-21.9779
0.875,0,0,125,-21.9228
0.9,0,0,125,-21.8679
0.925,0,0,125,-21.8132
0.95,0,0,125,-21.7588
0.975,0,0,125,-21.7046
1,0,0,125,-21.6507
1.025,0,0,125,-21.5971
1.05,0,0,125,-21.5439
1.075,0,0,125,-21.491
1.1,0,0,125,-21.4384
1.125,0,0,125,-21.3862
1.15,0,0,125,-21.3343
1.175,0,0,125,-21.2829
1.2,0,0,125,-21.2318
1.225,0,0,125,-21.1811
1.25,0,0,125,-21.1308
1.275,0,0,125,-21.0809
1.3,0,0,125,-21.0313
1.325,0,0,125,-20.9822
1.35,0,0,125,-20.9334
1.375,0,0,125,-20.8851
1.4,0,0,125,-20.8371
1.425,0,0,125,-20.7895
1.45,0,0,125,-20.7423
1.475,0,0,125,-20.6955
1.5,0,0,125,-20.649
1.525,0,0,125,-20.6029
1.55,0,0,125,-20.5572
1.575,0,0,125,-20.5118
1.6,0,0,125,-20.4668
1.625,0,0,125,-20.4221
1.65,0,0,125,-20.3777
1.675,0,0,125,-20.3337
1.7,0,0,125,-20.2899
1.725,0,0,125,-20.2465
1.75,0,0,125,-20.2034
1.775,0,0,125,-20.1606
1.8,0,0,125,-20.118
1.825,0,0,125,-20.0758
1.85,0,0,125,-20.0338
1.875,0,0,125,-19.9921
1.9,0,0,125,-19.9506
1.925,0,0,125,-19.9093
1.95,0,0,125,-19.8683
1.975,0,0,125,-19.8275
2,0,0,125,-19.787
2.025,0,0,125,-19.7466
2.05,0,0,125,-19.7065
2.075,0,0,125,-19.6665
2.1,0,0,125,-19.6267
2.125,0,0,125,-19.5871
2.15,0,0,125,-19.5477
2.175,0,0,125,-19.5084
2.2,0,0,125,-19.4693
2.225,0,0,125,-19.4303
2.25,0,0,125,-19.3915
2.275,0,0,125,-19.3528
2.3,0,0,125,-19.3142
2.325,0,0,125,-19.2757
2.35,0,0,125,-19.2373
2.375,0,0,125,-19.1991
2.4,0,0,125,-19.1609
2.425,0,0,125,-19.1228
2.45,0,0,125,-19.0848
2.475,0,0,125,-19.0468
2.5,0,0,125,-19.009
2.525,0,0,125,-18.9712
2.55,0,0,125,-18.9334
2.575,0,0,125,-18.8957
2.6,0,0,125,-18.8581
2.625,0,0,125,-18.8205
2.65,0,0,125,-18.7829
2.675,0,0,125,-18.7453
2.7,0,0,125,-18.7078
2.725,0,0,125,-18.6703
2.75,0,0,125,-18.6328
2.775,0,0,125,-18.5953
2.8,0,0,125,-18.5578
2.825,0,0,125,-18.5203
2.85,0,0,125,-18.4828
2.875,0,0,125,-18.4453
2.9,0,0,125,-18.4077
2.925,0,0,125,-18.3702
2.95,0,0,125,-18.3326
2.975,0,0,125,-18.295
3,0,0,125,-18.2573
3.025,0,0,125,-18.2197
3.05,0,0,125,-18.1819
3.075,0,0,125,-18.1442
3.1,0,0,125,-18.1064
3.125,0,0,125,-18.0685
3.15,0,0,125,-18.0306
3.175,0,0,125,-17.9926
3.2,0,0,125,-17.9546
3.225,0,0,125,-17.9165
3.25,0,0,125,-17.8783
3.275,0,0,125,-17.8401
3.3,0,0,125,-17.8018
3.325,0,0,125,-17.7634
3.35,0,0,125,-17.725
3.375,0,0,125,-17.6865
3.4,0,0,125,-17.6479
3.425,0,0,125,-17.6093
3.45,0,0,125,-17.5705
3.475,0,0,125,-17.5318
3.5,0,0,125,-17.4929
3.525,0,0,125,-17.4539
3.55,0,0,125,-17.4149
3.575,0,0,125,-17.3758
3.6,0,0,125,-17.3367
3.625,0,0,125,-17.2974
3.65,0,0,125,-17.2581
3.675,0,0,125,-17.2187
3.7,0,0,125,-17.1792
3.725,0,0,125,-17.1397
3.75,0,0,125,-17.1001
3.775,0,0,125,-17.0604
3.8,0,0,125,-17.0207
3.825,0,0,125,-16.9809
3.85,0,0,125,-16.941
3.875,0,0,125,-16.9011
3.9,0,0,125,-16.8611
3.925,0,0,125,-16.8211
3.95,0,0,125,-16.781
3.975,0,0,125,-16.7408
4,0,0,125,-16.7007
4.025,0,0,125,-16.6604
4.05,0,0,125,-16.6202
4.075,0,0,125,-16.5799
4.1,0,0,125,-16.5397
4.125,0,0,125,-16.4994
4.15,0,0,125,-16.4591
4.175,0,0,125,-16.4189
4.2,0,0,125,-16.3787
4.225,0,0,125,-16.3385
4.25,0,0,125,-16.2984
4.275,0,0,125,-16.2584
4.3,0,0,125,-16.2185
4.325,0,0,125,-16.1787
4.35,0,0,125,-16.139
4.375,0,0,125,-16.0996
4.4,0,0,125,-16.0603
4.425,0,0,125,-16.0213
4.45,0,0,125,-15.9826
4.475,0,0,125,-15.9442
4.5,0,0,125,-15.9063
4.525,0,0,125,-15.8687
4.55,0,0,125,-15.8317
4.575,0,0,125,-15.7953
4.6,0,0,125,-15.7595
4.625,0,0,125,-15.7245
4.65,0,0,125,-15.6904
4.675,0,0,125,-15.6572
4.7,0,0,125,-15.6251
4.725,0,0,125,-15.5943
4.75,0,0,125,-15.5649
4.775,0,0,125,-15.537
4.8,0,0,125,-15.5109
4.825,0,0,125,-15.4868
4.85,0,0,125,-15.4649
4.875,0,0,125,-15.4454
4.9,0,0,125,-15.4287
4.925,0,0,125,-15.4149
4.95,0,0,125,-15.4042
4.975,0,0,125,-15.397
5,0,0,125,-15.3934
