0,0,0,125,-21.744
0.025,0,0,125,-21.7416
0.05,0,0,125,-21.7367
0.075,0,0,125,-21.7293
0.1,0,0,125,-21.7196
0.125,0,0,125,-21.7076
0.15,0,0,125,-21.6934
0.175,0,0,125,-21.6772
0.2,0,0,125,-21.6592
0.225,0,0,125,-21.6396
0.25,0,0,125,-21.6184
0.275,0,0,125,-21.5958
0.3,0,0,125,-21.5719
0.325,0,0,125,-21.5467
0.35,0,0,125,-21.5205
0.375,0,0,125,-21.4931
0.4,0,0,125,-21.4648
0.425,0,0,125,-21.4356
0.45,0,0,125,-21.4056
0.475,0,0,125,-21.3748
0.5,0,0,125,-21.3432
0.525,0,0,125,-21.3111
0.55,0,0,125,-21.2783
0.575,0,0,125,-21.2449
0.6,0,0,125,-21.2111
0.625,0,0,125,-21.1768
0.65,0,0,125,-21.142
0.675,0,0,125,-21.1069
0.7,0,0,125,-21.0714
0.725,0,0,125,-21.0356
0.75,0,0,125,-20.9996
0.775,0,0,125,-20.9632
0.8,0,0,125,-20.9266
0.825,0,0,125,-20.8898
0.85,0,0,125,-20.8529
0.875,0,0,125,-20.8157
0.9,0,0,125,-20.7785
0.925,0,0,125,-20.7411
0.95,0,0,125,-20.7036
0.975,0,0,125,-20.666
1,0,0,125,-20.6284
1.025,0,0,125,-20.5907
1.05,0,0,125,-20.5529
1.075,0,0,125,-20.5152
1.1,0,0,125,-20.4774
1.125,0,0,125,-20.4396
1.15,0,0,125,-20.4019
1.175,0,0,125,-20.3641
1.2,0,0,125,-20.3264
1.225,0,0,125,-20.2887
1.25,0,0,125,-20.2511
1.275,0,0,125,-20.2135
1.3,0,0,125,-20.1759
1.325,0,0,125,-20.1385
1.35,0,0,125,-20.1011
1.375,0,0,125,-20.0637
1.4,0,0,125,-20.0265
1.425,0,0,125,-19.9894
1.45,0,0,125,-19.9523
1.475,0,0,125,-19.9153
1.5,0,0,125,-19.8785
1.525,0,0,125,-19.8417
1.55,0,0,125,-19.805
1.575,0,0,125,-19.7684
1.6,0,0,125,-19.732
1.625,0,0,125,-19.6956
1.65,0,0,125,-19.6594
1.675,0,0,125,-19.6233
1.7,0,0,125,-19.5873
1.725,0,0,125,-19.5514
1.75,0,0,125,-19.5156
1.775,0,0,125,-19.4799
1.8,0,0,125,-19.4444
1.825,0,0,125,-19.409
1.85,0,0,125,-19.3737
1.875,0,0,125,-19.3385
1.9,0,0,125,-19.3035
1.925,0,0,125,-19.2685
1.95,0,0,125,-19.2337
1.975,0,0,125,-19.199
2,0,0,125,-19.1645
2.025,0,0,125,-19.13
2.05,0,0,125,-19.0957
2.075,0,0,125,-19.0615
2.1,0,0,125,-19.0274
2.125,0,0,125,-18.9935
2.15,0,0,125,-18.9596
2.175,0,0,125,-18.9259
2.2,0,0,125,-18.8923
2.225,0,0,125,-18.8589
2.25,0,0,125,-18.8255
2.275,0,0,125,-18.7923
2.3,0,0,125,-18.7592
2.325,0,0,125,-18.7262
2.35,0,0,125,-18.6933
2.375,0,0,125,-18.6605
2.4,0,0,125,-18.6279
2.425,0,0,125,-18.5953
2.45,0,0,125,-18.5629
2.475,0,0,125,-18.5306
2.5,0,0,125,-18.4984
2.525,0,0,125,-18.4663
2.55,0,0,125,-18.4344
2.575,0,0,125,-18.4025
2.6,0,0,125,-18.3707
2.625,0,0,125,-18.3391
2.65,0,0,125,-18.3075
2.675,0,0,125,-18.2761
2.7,0,0,125,-18.2448
2.725,0,0,125,-18.2135
2.75,0,0,125,-18.1824
2.775,0,0,125,-18.1514
2.8,0,0,125,-18.1205
2.825,0,0,125,-18.0897
2.85,0,0,125,-18.059
2.875,0,0,125,-18.0284
2.9,0,0,125,-17.9979
2.925,0,0,125,-17.9674
2.95,0,0,125,-17.9371
2.975,0,0,125,-17.9069
3,0,0,125,-17.8768
3.025,0,0,125,-17.8467
3.05,0,0,125,-17.8168
3.075,0,0,125,-17.787
3.1,0,0,125,-17.7572
3.125,0,0,125,-17.7276
3.15,0,0,125,-17.698
3.175,0,0,125,-17.6685
3.2,0,0,125,-17.6392
3.225,0,0,125,-17.6099
3.25,0,0,125,-17.5807
3.275,0,0,125,-17.5516
3.3,0,0,125,-17.5226
3.325,0,0,125,-17.4937
3.35,0,0,125,-17.4648
3.375,0,0,125,-17.4361
3.4,0,0,125,-17.4074
3.425,0,0,125,-17.3788
3.45,0,0,125,-17.3503
3.475,0,0,125,-17.3219
3.5,0,0,125,-17.2936
3.525,0,0,125,-17.2653
3.55,0,0,125,-17.2372
3.575,0,0,125,-17.2091
3.6,0,0,125,-17.1811
3.625,0,0,125,-17.1532
3.65,0,0,125,-17.1254
3.675,0,0,125,-17.0977
3.7,0,0,125,-17.0701
3.725,0,0,125,-17.0425
3.75,0,0,125,-17.015
3.775,0,0,125,-16.9876
3.8,0,0,125,-16.9604
3.825,0,0,125,-16.9332
3.85,0,0,125,-16.9061
3.875,0,0,125,-16.879
3.9,0,0,125,-16.8521
3.925,0,0,125,-16.8253
3.95,0,0,125,-16.7986
3.975,0,0,125,-16.772
4,0,0,125,-16.7455
4.025,0,0,125,-16.7191
4.05,0,0,125,-16.6928
4.075,0,0,125,-16.6666
4.1,0,0,125,-16.6406
4.125,0,0,125,-16.6146
4.15,0,0,125,-16.5888
4.175,0,0,125,-16.5632
4.2,0,0,125,-16.5377
4.225,0,0,125,-16.5124
4.25,0,0,125,-16.4872
4.275,0,0,125,-16.4622
4.3,0,0,125,-16.4374
4.325,0,0,125,-16.4128
4.35,0,0,125,-16.3885
4.375,0,0,125,-16.3643
4.4,0,0,125,-16.3405
4.425,0,0,125,-16.3169
4.45,0,0,125,-16.2936
4.475,0,0,125,-16.2706
4.5,0,0,125,-16.248
4.525,0,0,125,-16.2258
4.55,0,0,125,-16.204
4.575,0,0,125,-16.1826
4.6,0,0,125,-16.1618
4.625,0,0,125,-16.1415
4.65,0,0,125,-16.1219
4.675,0,0,125,-16.1029
4.7,0,0,125,-16.0846
4.725,0,0,125,-16.0671
4.75,0,0,125,-16.0506
4.775,0,0,125,-16.0349
4.8,0,0,125,-16.0204
4.825,0,0,125,-16.007
4.85,0,0,125,-15.9949
4.875,0,0,125,-15.9843
4.9,0,0,125,-15.9751
4.925,0,0,125,-15.9676
4.95,0,0,125,-15.9618
4.975,0,0,125,-15.9579
5,0,0,125,-15.956
