0,0,0,125,-18.1902
0.025,0,0,125,-18.1864
0.05,0,0,125,-18.1787
0.075,0,0,125,-18.1673
0.1,0,0,125,-18.1521
0.125,0,0,125,-18.1334
0.15,0,0,125,-18.1114
0.175,0,0,125,-18.0866
0.2,0,0,125,-18.0592
0.225,0,0,125,-18.0295
0.25,0,0,125,-17.9979
0.275,0,0,125,-17.9644
0.3,0,0,125,-17.9292
0.325,0,0,125,-17.8927
0.35,0,0,125,-17.8548
0.375,0,0,125,-17.8159
0.4,0,0,125,-17.7759
0.425,0,0,125,-17.735
0.45,0,0,125,-17.6933
0.475,0,0,125,-17.6509
0.5,0,0,125,-17.608
0.525,0,0,125,-17.5645
0.55,0,0,125,-17.5206
0.575,0,0,125,-17.4762
0.6,0,0,125,-17.4316
0.625,0,0,125,-17.3867
0.65,0,0,125,-17.3415
0.675,0,0,125,-17.2962
0.7,0,0,125,-17.2507
0.725,0,0,125,-17.2051
0.75,0,0,125,-17.1594
0.775,0,0,125,-17.1137
0.8,0,0,125,-17.0679
0.825,0,0,125,-17.022
0.85,0,0,125,-16.9762
0.875,0,0,125,-16.9304
0.9,0,0,125,-16.8846
0.925,0,0,125,-16.8388
0.95,0,0,125,-16.7931
0.975,0,0,125,-16.7474
1,0,0,125,-16.7018
1.025,0,0,125,-16.6562
1.05,0,0,125,-16.6106
1.075,0,0,125,-16.5651
1.1,0,0,125,-16.5197
1.125,0,0,125,-16.4743
1.15,0,0,125,-16.429
1.175,0,0,125,-16.3837
1.2,0,0,125,-16.3384
1.225,0,0,125,-16.2932
1.25,0,0,125,-16.2481
1.275,0,0,125,-16.2029
1.3,0,0,125,-16.1578
1.325,0,0,125,-16.1127
1.35,0,0,125,-16.0677
1.375,0,0,125,-16.0226
1.4,0,0,125,-15.9775
1.425,0,0,125,-15.9325
1.45,0,0,125,-15.8874
1.475,0,0,125,-15.8423
1.5,0,0,125,-15.7972
1.525,0,0,125,-15.752
1.55,0,0,125,-15.7068
1.575,0,0,125,-15.6615
1.6,0,0,125,-15.6161
1.625,0,0,125,-15.5707
1.65,0,0,125,-15.5252
1.675,0,0,125,-15.4797
1.7,0,0,125,-15.434
1.725,0,0,125,-15.3882
1.75,0,0,125,-15.3423
1.775,0,0,125,-15.2963
1.8,0,0,125,-15.2501
1.825,0,0,125,-15.2038
1.85,0,0,125,-15.1573
1.875,0,0,125,-15.1107
1.9,0,0,125,-15.0638
1.925,0,0,125,-15.0168
1.95,0,0,125,-14.9696
1.975,0,0,125,-14.9222
2,0,0,125,-14.8746
2.025,0,0,125,-14.8267
2.05,0,0,125,-14.7786
2.075,0,0,125,-14.7303
2.1,0,0,125,-14.6816
2.125,0,0,125,-14.6328
2.15,0,0,125,-14.5836
2.175,0,0,125,-14.5341
2.2,0,0,125,-14.4843
2.225,0,0,125,-14.4342
2.25,0,0,125,-14.3838
2.275,0,0,125,-14.333
2.3,0,0,125,-14.2819
2.325,0,0,125,-14.2304
2.35,0,0,125,-14.1785
2.375,0,0,125,-14.1262
2.4,0,0,125,-14.0735
2.425,0,0,125,-14.0204
2.45,0,0,125,-13.9669
2.475,0,0,125,-13.9129
2.5,0,0,125,-13.8585
2.525,0,0,125,-13.8036
2.55,0,0,125,-13.7481
2.575,0,0,125,-13.6922
2.6,0,0,125,-13.6358
2.625,0,0,125,-13.5788
2.65,0,0,125,-13.5213
2.675,0,0,125,-13.4633
2.7,0,0,125,-13.4046
2.725,0,0,125,-13.3454
2.75,0,0,125,-13.2855
2.775,0,0,125,-13.225
2.8,0,0,125,-13.1638
2.825,0,0,125,-13.102
2.85,0,0,125,-13.0395
2.875,0,0,125,-12.9763
2.9,0,0,125,-12.9124
2.925,0,0,125,-12.8477
2.95,0,0,125,-12.7823
2.975,0,0,125,-12.716
3,0,0,125,-12.649
3.025,0,0,125,-12.5811
3.05,0,0,125,-12.5124
3.075,0,0,125,-12.4428
3.1,0,0,125,-12.3723
3.125,0,0,125,-12.3009
3.15,0,0,125,-12.2285
3.175,0,0,125,-12.1552
3.2,0,0,125,-12.0808
3.225,0,0,125,-12.0054
3.25,0,0,125,-11.929
3.275,0,0,125,-11.8515
3.3,0,0,125,-11.7729
3.325,0,0,125,-11.6931
3.35,0,0,125,-11.6121
3.375,0,0,125,-11.53
3.4,0,0,125,-11.4466
3.425,0,0,125,-11.362
3.45,0,0,125,-11.2761
3.475,0,0,125,-11.1889
3.5,0,0,125,-11.1003
3.525,0,0,125,-11.0103
3.55,0,0,125,-10.919
3.575,0,0,125,-10.8262
3.6,0,0,125,-10.7319
3.625,0,0,125,-10.6361
3.65,0,0,125,-10.5388
3.675,0,0,125,-10.4399
3.7,0,0,125,-10.3395
3.725,0,0,125,-10.2374
3.75,0,0,125,-10.1338
3.775,0,0,125,-10.0284
3.8,0,0,125,-9.92143
3.825,0,0,125,-9.81277
3.85,0,0,125,-9.70242
3.875,0,0,125,-9.59038
3.9,0,0,125,-9.47665
3.925,0,0,125,-9.36123
3.95,0,0,125,-9.24415
3.975,0,0,125,-9.12542
4,0,0,125,-9.00506
4.025,0,0,125,-8.88312
4.05,0,0,125,-8.75963
4.075,0,0,125,-8.63466
4.1,0,0,125,-8.50828
4.125,0,0,125,-8.38055
4.15,0,0,125,-8.25157
4.175,0,0,125,-8.12145
4.2,0,0,125,-7.99031
4.225,0,0,125,-7.85826
4.25,0,0,125,-7.72547
4.275,0,0,125,-7.59209
4.3,0,0,125,-7.4583
4.325,0,0,125,-7.32431
4.35,0,0,125,-7.19032
4.375,0,0,125,-7.05657
4.4,0,0,125,-6.9233
4.425,0,0,125,-6.79079
4.45,0,0,125,-6.65933
4.475,0,0,125,-6.5292
4.5,0,0,125,-6.40074
4.525,0,0,125,-6.27429
4.55,0,0,125,-6.15019
4.575,0,0,125,-6.02881
4.6,0,0,125,-5.91054
4.625,0,0,125,-5.79577
4.65,0,0,125,-5.68492
4.675,0,0,125,-5.5784
4.7,0,0,125,-5.47664
4.725,0,0,125,-5.38009
4.75,0,0,125,-5.28919
4.775,0,0,125,-5.20439
4.8,0,0,125,-5.12616
4.825,0,0,125,-5.05496
4.85,0,0,125,-4.99125
4.875,0,0,125,-4.93551
4.9,0,0,125,-4.88818
4.925,0,0,125,-4.84969
4.95,0,0,125,-4.82044
4.975,0,0,125,-4.80075
5,0,0,125,-4.79084
