0,0,0,25,26.0999
0.005,0,0,25,26.1016
0.01,0,0,25,26.105
0.015,0,0,25,26.11
0.02,0,0,25,26.1168
0.025,0,0,25,26.1252
0.03,0,0,25,26.1353
0.035,0,0,25,26.1471
0.04,0,0,25,26.1605
0.045,0,0,25,26.1755
0.05,0,0,25,26.1922
0.055,0,0,25,26.2105
0.06,0,0,25,26.2303
0.065,0,0,25,26.2518
0.07,0,0,25,26.2748
0.075,0,0,25,26.2994
0.08,0,0,25,26.3256
0.085,0,0,25,26.3532
0.09,0,0,25,26.3824
0.095,0,0,25,26.4131
0.1,0,0,25,26.4453
0.105,0,0,25,26.4789
0.11,0,0,25,26.514
0.115,0,0,25,26.5505
0.12,0,0,25,26.5885
0.125,0,0,25,26.6278
0.13,0,0,25,26.6685
0.135,0,0,25,26.7106
0.14,0,0,25,26.754
0.145,0,0,25,26.7988
0.15,0,0,25,26.8449
0.155,0,0,25,26.8922
0.16,0,0,25,26.9408
0.165,0,0,25,26.9907
0.17,0,0,25,27.0418
0.175,0,0,25,27.0941
0.18,0,0,25,27.1476
0.185,0,0,25,27.2023
0.19,0,0,25,27.2581
0.195,0,0,25,27.315
0.2,0,0,25,27.3731
0.205,0,0,25,27.4322
0.21,0,0,25,27.4924
0.215,0,0,25,27.5537
0.22,0,0,25,27.616
0.225,0,0,25,27.6792
0.23,0,0,25,27.7435
0.235,0,0,25,27.8088
0.24,0,0,25,27.8749
0.245,0,0,25,27.942
0.25,0,0,25,28.01
0.255,0,0,25,28.0789
0.26,0,0,25,28.1487
0.265,0,0,25,28.2193
0.27,0,0,25,28.2906
0.275,0,0,25,28.3628
0.28,0,0,25,28.4358
0.285,0,0,25,28.5095
0.29,0,0,25,28.584
0.295,0,0,25,28.6591
0.3,0,0,25,28.735
0.305,0,0,25,28.8115
0.31,0,0,25,28.8887
0.315,0,0,25,28.9665
0.32,0,0,25,29.0449
0.325,0,0,25,29.1239
0.33,0,0,25,29.2035
0.335,0,0,25,29.2836
0.34,0,0,25,29.3642
0.345,0,0,25,29.4454
0.35,0,0,25,29.527
0.355,0,0,25,29.6091
0.36,0,0,25,29.6917
0.365,0,0,25,29.7747
0.37,0,0,25,29.8581
0.375,0,0,25,29.9419
0.38,0,0,25,30.026
0.385,0,0,25,30.1105
0.39,0,0,25,30.1953
0.395,0,0,25,30.2805
0.4,0,0,25,30.3659
0.405,0,0,25,30.4517
0.41,0,0,25,30.5376
0.415,0,0,25,30.6238
0.42,0,0,25,30.7103
0.425,0,0,25,30.7969
0.43,0,0,25,30.8837
0.435,0,0,25,30.9707
0.44,0,0,25,31.0579
0.445,0,0,25,31.1451
0.45,0,0,25,31.2325
0.455,0,0,25,31.32
0.46,0,0,25,31.4076
0.465,0,0,25,31.4952
0.47,0,0,25,31.5829
0.475,0,0,25,31.6706
0.48,0,0,25,31.7583
0.485,0,0,25,31.846
0.49,0,0,25,31.9337
0.495,0,0,25,32.0214
0.5,0,0,25,32.109
0.505,0,0,25,32.1965
0.51,0,0,25,32.284
0.515,0,0,25,32.3713
0.52,0,0,25,32.4586
0.525,0,0,25,32.5457
0.53,0,0,25,32.6327
0.535,0,0,25,32.7195
0.54,0,0,25,32.8061
0.545,0,0,25,32.8926
0.55,0,0,25,32.9789
0.555,0,0,25,33.0649
0.56,0,0,25,33.1507
0.565,0,0,25,33.2363
0.57,0,0,25,33.3216
0.575,0,0,25,33.4066
0.58,0,0,25,33.4913
0.585,0,0,25,33.5758
0.59,0,0,25,33.6599
0.595,0,0,25,33.7437
0.6,0,0,25,33.8272
0.605,0,0,25,33.9103
0.61,0,0,25,33.993
0.615,0,0,25,34.0754
0.62,0,0,25,34.1574
0.625,0,0,25,34.2389
0.63,0,0,25,34.3201
0.635,0,0,25,34.4008
0.64,0,0,25,34.4811
0.645,0,0,25,34.5609
0.65,0,0,25,34.6403
0.655,0,0,25,34.7192
0.66,0,0,25,34.7976
0.665,0,0,25,34.8755
0.67,0,0,25,34.9529
0.675,0,0,25,35.0298
0.68,0,0,25,35.1061
0.685,0,0,25,35.1819
0.69,0,0,25,35.2572
0.695,0,0,25,35.3319
0.7,0,0,25,35.406
0.705,0,0,25,35.4795
0.71,0,0,25,35.5525
0.715,0,0,25,35.6248
0.72,0,0,25,35.6965
0.725,0,0,25,35.7676
0.73,0,0,25,35.8381
0.735,0,0,25,35.9079
0.74,0,0,25,35.9771
0.745,0,0,25,36.0456
0.75,0,0,25,36.1135
0.755,0,0,25,36.1806
0.76,0,0,25,36.2471
0.765,0,0,25,36.3129
0.77,0,0,25,36.378
0.775,0,0,25,36.4424
0.78,0,0,25,36.506
0.785,0,0,25,36.569
0.79,0,0,25,36.6312
0.795,0,0,25,36.6926
0.8,0,0,25,36.7534
0.805,0,0,25,36.8133
0.81,0,0,25,36.8725
0.815,0,0,25,36.9309
0.82,0,0,25,36.9886
0.825,0,0,25,37.0454
0.83,0,0,25,37.1015
0.835,0,0,25,37.1568
0.84,0,0,25,37.2112
0.845,0,0,25,37.2649
0.85,0,0,25,37.3177
0.855,0,0,25,37.3697
0.86,0,0,25,37.4209
0.865,0,0,25,37.4712
0.87,0,0,25,37.5207
0.875,0,0,25,37.5693
0.88,0,0,25,37.6171
0.885,0,0,25,37.6639
0.89,0,0,25,37.7099
0.895,0,0,25,37.7551
0.9,0,0,25,37.7993
0.905,0,0,25,37.8426
0.91,0,0,25,37.885
0.915,0,0,25,37.9264
0.92,0,0,25,37.9669
0.925,0,0,25,38.0065
0.93,0,0,25,38.0451
0.935,0,0,25,38.0827
0.94,0,0,25,38.1193
0.945,0,0,25,38.1549
0.95,0,0,25,38.1895
0.955,0,0,25,38.223
0.96,0,0,25,38.2554
0.965,0,0,25,38.2867
0.97,0,0,25,38.317
0.975,0,0,25,38.346
0.98,0,0,25,38.3739
0.985,0,0,25,38.4005
0.99,0,0,25,38.4259
0.995,0,0,25,38.45
1,0,0,25,38.4727
1.005,0,0,25,38.494
1.01,0,0,25,38.5139
1.015,0,0,25,38.5322
1.02,0,0,25,38.5489
1.025,0,0,25,38.5639
1.03,0,0,25,38.5771
1.035,0,0,25,38.5885
1.04,0,0,25,38.5979
1.045,0,0,25,38.6051
1.05,0,0,25,38.6101
1.055,0,0,25,38.6126
1.06,0,0,25,38.6126
1.065,0,0,25,38.6098
1.07,0,0,25,38.6039
1.075,0,0,25,38.5948
1.08,0,0,25,38.582
1.085,0,0,25,38.5654
1.09,0,0,25,38.5446
1.095,0,0,25,38.5191
1.1,0,0,25,38.4884
1.105,0,0,25,38.4521
1.11,0,0,25,38.4095
1.115,0,0,25,38.3599
1.12,0,0,25,38.3026
1.125,0,0,25,38.2367
1.13,0,0,25,38.161
1.135,0,0,25,38.0746
1.14,0,0,25,37.9759
1.145,0,0,25,37.8635
1.15,0,0,25,37.7356
1.155,0,0,25,37.5901
1.16,0,0,25,37.4246
1.165,0,0,25,37.2363
1.17,0,0,25,37.0222
1.175,0,0,25,36.7784
1.18,0,0,25,36.5006
1.185,0,0,25,36.1839
1.19,0,0,25,35.8223
1.195,0,0,25,35.4092
1.2,0,0,25,34.9366
1.205,0,0,25,34.3953
1.21,0,0,25,33.7747
1.215,0,0,25,33.0625
1.22,0,0,25,32.2447
1.225,0,0,25,31.3052
1.23,0,0,25,30.226
1.235,0,0,25,28.9872
1.24,0,0,25,27.5673
1.245,0,0,25,25.944
1.25,0,0,25,24.0948
1.255,0,0,25,21.9991
1.26,0,0,25,19.6398
1.265,0,0,25,17.0065
1.27,0,0,25,14.0979
1.275,0,0,25,10.9245
1.28,0,0,25,7.50996
1.285,0,0,25,3.89161
1.29,0,0,25,0.117771
1.295,0,0,25,-3.75608
1.3,0,0,25,-7.67251
1.305,0,0,25,-11.5771
1.31,0,0,25,-15.4221
1.315,0,0,25,-19.1685
1.32,0,0,25,-22.7863
1.325,0,0,25,-26.2541
1.33,0,0,25,-29.5577
1.335,0,0,25,-32.6892
1.34,0,0,25,-35.6451
1.345,0,0,25,-38.4258
1.35,0,0,25,-41.0342
1.355,0,0,25,-43.4755
1.36,0,0,25,-45.7558
1.365,0,0,25,-47.8823
1.37,0,0,25,-49.8627
1.375,0,0,25,-51.705
1.38,0,0,25,-53.4172
1.385,0,0,25,-55.0071
1.39,0,0,25,-56.4826
1.395,0,0,25,-57.8509
1.4,0,0,25,-59.1193
1.405,0,0,25,-60.2945
1.41,0,0,25,-61.3829
1.415,0,0,25,-62.3907
1.42,0,0,25,-63.3235
1.425,0,0,25,-64.1867
1.43,0,0,25,-64.9853
1.435,0,0,25,-65.724
1.44,0,0,25,-66.4071
1.445,0,0,25,-67.0388
1.45,0,0,25,-67.6228
1.455,0,0,25,-68.1627
1.46,0,0,25,-68.6617
1.465,0,0,25,-69.1229
1.47,0,0,25,-69.5491
1.475,0,0,25,-69.9429
1.48,0,0,25,-70.3068
1.485,0,0,25,-70.6431
1.49,0,0,25,-70.9537
1.495,0,0,25,-71.2407
1.5,0,0,25,-71.5057
1.505,0,0,25,-71.7506
1.51,0,0,25,-71.9768
1.515,0,0,25,-72.1857
1.52,0,0,25,-72.3787
1.525,0,0,25,-72.5569
1.53,0,0,25,-72.7215
1.535,0,0,25,-72.8735
1.54,0,0,25,-73.0139
1.545,0,0,25,-73.1435
1.55,0,0,25,-73.2633
1.555,0,0,25,-73.3738
1.56,0,0,25,-73.4759
1.565,0,0,25,-73.5702
1.57,0,0,25,-73.6573
1.575,0,0,25,-73.7377
1.58,0,0,25,-73.8119
1.585,0,0,25,-73.8805
1.59,0,0,25,-73.9438
1.595,0,0,25,-74.0022
1.6,0,0,25,-74.0562
1.605,0,0,25,-74.106
1.61,0,0,25,-74.152
1.615,0,0,25,-74.1945
1.62,0,0,25,-74.2337
1.625,0,0,25,-74.27
1.63,0,0,25,-74.3034
1.635,0,0,25,-74.3343
1.64,0,0,25,-74.3628
1.645,0,0,25,-74.3892
1.65,0,0,25,-74.4135
1.655,0,0,25,-74.4359
1.66,0,0,25,-74.4567
1.665,0,0,25,-74.4758
1.67,0,0,25,-74.4935
1.675,0,0,25,-74.5098
1.68,0,0,25,-74.5249
1.685,0,0,25,-74.5388
1.69,0,0,25,-74.5516
1.695,0,0,25,-74.5635
1.7,0,0,25,-74.5744
1.705,0,0,25,-74.5846
1.71,0,0,25,-74.5939
1.715,0,0,25,-74.6025
1.72,0,0,25,-74.6105
1.725,0,0,25,-74.6178
1.73,0,0,25,-74.6246
1.735,0,0,25,-74.6309
1.74,0,0,25,-74.6367
1.745,0,0,25,-74.642
1.75,0,0,25,-74.647
1.755,0,0,25,-74.6515
1.76,0,0,25,-74.6558
1.765,0,0,25,-74.6596
1.77,0,0,25,-74.6632
1.775,0,0,25,-74.6665
1.78,0,0,25,-74.6696
1.785,0,0,25,-74.6724
1.79,0,0,25,-74.675
1.795,0,0,25,-74.6775
1.8,0,0,25,-74.6797
1.805,0,0,25,-74.6817
1.81,0,0,25,-74.6836
1.815,0,0,25,-74.6854
1.82,0,0,25,-74.687
1.825,0,0,25,-74.6885
1.83,0,0,25,-74.6899
1.835,0,0,25,-74.6912
1.84,0,0,25,-74.6923
1.845,0,0,25,-74.6934
1.85,0,0,25,-74.6944
1.855,0,0,25,-74.6954
1.86,0,0,25,-74.6962
1.865,0,0,25,-74.697
1.87,0,0,25,-74.6978
1.875,0,0,25,-74.6984
1.88,0,0,25,-74.6991
1.885,0,0,25,-74.6996
1.89,0,0,25,-74.7002
1.895,0,0,25,-74.7007
1.9,0,0,25,-74.7011
1.905,0,0,25,-74.7015
1.91,0,0,25,-74.7019
1.915,0,0,25,-74.7023
1.92,0,0,25,-74.7026
1.925,0,0,25,-74.7029
1.93,0,0,25,-74.7032
1.935,0,0,25,-74.7035
1.94,0,0,25,-74.7037
1.945,0,0,25,-74.7039
1.95,0,0,25,-74.7041
1.955,0,0,25,-74.7043
1.96,0,0,25,-74.7045
1.965,0,0,25,-74.7047
1.97,0,0,25,-74.7048
1.975,0,0,25,-74.7049
1.98,0,0,25,-74.7051
1.985,0,0,25,-74.7052
1.99,0,0,25,-74.7053
1.995,0,0,25,-74.7054
2,0,0,25,-74.7055
2.005,0,0,25,-74.7056
2.01,0,0,25,-74.7057
2.015,0,0,25,-74.7057
2.02,0,0,25,-74.7058
2.025,0,0,25,-74.7059
2.03,0,0,25,-74.7059
2.035,0,0,25,-74.706
2.04,0,0,25,-74.706
2.045,0,0,25,-74.7061
2.05,0,0,25,-74.7061
2.055,0,0,25,-74.7062
2.06,0,0,25,-74.7062
2.065,0,0,25,-74.7062
2.07,0,0,25,-74.7063
2.075,0,0,25,-74.7063
2.08,0,0,25,-74.7063
2.085,0,0,25,-74.7063
2.09,0,0,25,-74.7064
2.095,0,0,25,-74.7064
2.1,0,0,25,-74.7064
2.105,0,0,25,-74.7064
2.11,0,0,25,-74.7064
2.115,0,0,25,-74.7065
2.12,0,0,25,-74.7065
2.125,0,0,25,-74.7065
2.13,0,0,25,-74.7065
2.135,0,0,25,-74.7065
2.14,0,0,25,-74.7065
2.145,0,0,25,-74.7065
2.15,0,0,25,-74.7065
2.155,0,0,25,-74.7066
2.16,0,0,25,-74.7066
2.165,0,0,25,-74.7066
2.17,0,0,25,-74.7066
2.175,0,0,25,-74.7066
2.18,0,0,25,-74.7066
2.185,0,0,25,-74.7066
2.19,0,0,25,-74.7066
2.195,0,0,25,-74.7066
2.2,0,0,25,-74.7066
2.205,0,0,25,-74.7066
2.21,0,0,25,-74.7066
2.215,0,0,25,-74.7066
2.22,0,0,25,-74.7066
2.225,0,0,25,-74.7066
2.23,0,0,25,-74.7066
2.235,0,0,25,-74.7066
2.24,0,0,25,-74.7066
2.245,0,0,25,-74.7066
2.25,0,0,25,-74.7066
2.255,0,0,25,-74.7066
2.26,0,0,25,-74.7066
2.265,0,0,25,-74.7066
2.27,0,0,25,-74.7066
2.275,0,0,25,-74.7066
2.28,0,0,25,-74.7066
2.285,0,0,25,-74.7066
2.29,0,0,25,-74.7066
2.295,0,0,25,-74.7066
2.3,0,0,25,-74.7066
2.305,0,0,25,-74.7066
2.31,0,0,25,-74.7066
2.315,0,0,25,-74.7066
2.32,0,0,25,-74.7066
2.325,0,0,25,-74.7066
2.33,0,0,25,-74.7066
2.335,0,0,25,-74.7066
2.34,0,0,25,-74.7066
2.345,0,0,25,-74.7066
2.35,0,0,25,-74.7066
2.355,0,0,25,-74.7066
2.36,0,0,25,-74.7066
2.365,0,0,25,-74.7066
2.37,0,0,25,-74.7066
2.375,0,0,25,-74.7066
2.38,0,0,25,-74.7066
2.385,0,0,25,-74.7066
2.39,0,0,25,-74.7066
2.395,0,0,25,-74.7066
2.4,0,0,25,-74.7066
2.405,0,0,25,-74.7066
2.41,0,0,25,-74.7066
2.415,0,0,25,-74.7066
2.42,0,0,25,-74.7066
2.425,0,0,25,-74.7066
2.43,0,0,25,-74.7066
2.435,0,0,25,-74.7066
2.44,0,0,25,-74.7066
2.445,0,0,25,-74.7066
2.45,0,0,25,-74.7066
2.455,0,0,25,-74.7066
2.46,0,0,25,-74.7066
2.465,0,0,25,-74.7066
2.47,0,0,25,-74.7066
2.475,0,0,25,-74.7066
2.48,0,0,25,-74.7066
2.485,0,0,25,-74.7066
2.49,0,0,25,-74.7066
2.495,0,0,25,-74.7066
2.5,0,0,25,-74.7066
2.505,0,0,25,-74.7066
2.51,0,0,25,-74.7066
2.515,0,0,25,-74.7066
2.52,0,0,25,-74.7066
2.525,0,0,25,-74.7066
2.53,0,0,25,-74.7066
2.535,0,0,25,-74.7066
2.54,0,0,25,-74.7066
2.545,0,0,25,-74.7066
2.55,0,0,25,-74.7066
2.555,0,0,25,-74.7066
2.56,0,0,25,-74.7066
2.565,0,0,25,-74.7066
2.57,0,0,25,-74.7066
2.575,0,0,25,-74.7066
2.58,0,0,25,-74.7066
2.585,0,0,25,-74.7066
2.59,0,0,25,-74.7066
2.595,0,0,25,-74.7066
2.6,0,0,25,-74.7066
2.605,0,0,25,-74.7066
2.61,0,0,25,-74.7066
2.615,0,0,25,-74.7066
2.62,0,0,25,-74.7066
2.625,0,0,25,-74.7066
2.63,0,0,25,-74.7066
2.635,0,0,25,-74.7066
2.64,0,0,25,-74.7066
2.645,0,0,25,-74.7066
2.65,0,0,25,-74.7066
2.655,0,0,25,-74.7066
2.66,0,0,25,-74.7066
2.665,0,0,25,-74.7066
2.67,0,0,25,-74.7066
2.675,0,0,25,-74.7066
2.68,0,0,25,-74.7066
2.685,0,0,25,-74.7066
2.69,0,0,25,-74.7066
2.695,0,0,25,-74.7066
2.7,0,0,25,-74.7066
2.705,0,0,25,-74.7066
2.71,0,0,25,-74.7066
2.715,0,0,25,-74.7066
2.72,0,0,25,-74.7066
2.725,0,0,25,-74.7066
2.73,0,0,25,-74.7066
2.735,0,0,25,-74.7066
2.74,0,0,25,-74.7066
2.745,0,0,25,-74.7066
2.75,0,0,25,-74.7066
2.755,0,0,25,-74.7066
2.76,0,0,25,-74.7066
2.765,0,0,25,-74.7066
2.77,0,0,25,-74.7066
2.775,0,0,25,-74.7066
2.78,0,0,25,-74.7066
2.785,0,0,25,-74.7066
2.79,0,0,25,-74.7066
2.795,0,0,25,-74.7066
2.8,0,0,25,-74.7066
2.805,0,0,25,-74.7066
2.81,0,0,25,-74.7066
2.815,0,0,25,-74.7066
2.82,0,0,25,-74.7066
2.825,0,0,25,-74.7066
2.83,0,0,25,-74.7066
2.835,0,0,25,-74.7066
2.84,0,0,25,-74.7066
2.845,0,0,25,-74.7066
2.85,0,0,25,-74.7066
2.855,0,0,25,-74.7066
2.86,0,0,25,-74.7066
2.865,0,0,25,-74.7066
2.87,0,0,25,-74.7066
2.875,0,0,25,-74.7066
2.88,0,0,25,-74.7066
2.885,0,0,25,-74.7066
2.89,0,0,25,-74.7066
2.895,0,0,25,-74.7066
2.9,0,0,25,-74.7066
2.905,0,0,25,-74.7066
2.91,0,0,25,-74.7066
2.915,0,0,25,-74.7066
2.92,0,0,25,-74.7066
2.925,0,0,25,-74.7066
2.93,0,0,25,-74.7066
2.935,0,0,25,-74.7066
2.94,0,0,25,-74.7066
2.945,0,0,25,-74.7066
2.95,0,0,25,-74.7066
2.955,0,0,25,-74.7066
2.96,0,0,25,-74.7066
2.965,0,0,25,-74.7066
2.97,0,0,25,-74.7066
2.975,0,0,25,-74.7066
2.98,0,0,25,-74.7066
2.985,0,0,25,-74.7066
2.99,0,0,25,-74.7066
2.995,0,0,25,-74.7066
3,0,0,25,-74.7066
3.005,0,0,25,-74.7066
3.01,0,0,25,-74.7066
3.015,0,0,25,-74.7066
3.02,0,0,25,-74.7066
3.025,0,0,25,-74.7066
3.03,0,0,25,-74.7066
3.035,0,0,25,-74.7066
3.04,0,0,25,-74.7066
3.045,0,0,25,-74.7066
3.05,0,0,25,-74.7066
3.055,0,0,25,-74.7066
3.06,0,0,25,-74.7066
3.065,0,0,25,-74.7066
3.07,0,0,25,-74.7066
3.075,0,0,25,-74.7066
3.08,0,0,25,-74.7066
3.085,0,0,25,-74.7066
3.09,0,0,25,-74.7066
3.095,0,0,25,-74.7066
3.1,0,0,25,-74.7066
3.105,0,0,25,-74.7066
3.11,0,0,25,-74.7066
3.115,0,0,25,-74.7066
3.12,0,0,25,-74.7066
3.125,0,0,25,-74.7066
3.13,0,0,25,-74.7066
3.135,0,0,25,-74.7066
3.14,0,0,25,-74.7066
3.145,0,0,25,-74.7066
3.15,0,0,25,-74.7066
3.155,0,0,25,-74.7066
3.16,0,0,25,-74.7066
3.165,0,0,25,-74.7066
3.17,0,0,25,-74.7066
3.175,0,0,25,-74.7066
3.18,0,0,25,-74.7066
3.185,0,0,25,-74.7066
3.19,0,0,25,-74.7066
3.195,0,0,25,-74.7066
3.2,0,0,25,-74.7066
3.205,0,0,25,-74.7066
3.21,0,0,25,-74.7066
3.215,0,0,25,-74.7066
3.22,0,0,25,-74.7066
3.225,0,0,25,-74.7066
3.23,0,0,25,-74.7066
3.235,0,0,25,-74.7066
3.24,0,0,25,-74.7066
3.245,0,0,25,-74.7066
3.25,0,0,25,-74.7066
3.255,0,0,25,-74.7066
3.26,0,0,25,-74.7066
3.265,0,0,25,-74.7066
3.27,0,0,25,-74.7066
3.275,0,0,25,-74.7066
3.28,0,0,25,-74.7066
3.285,0,0,25,-74.7066
3.29,0,0,25,-74.7066
3.295,0,0,25,-74.7066
3.3,0,0,25,-74.7066
3.305,0,0,25,-74.7066
3.31,0,0,25,-74.7066
3.315,0,0,25,-74.7066
3.32,0,0,25,-74.7066
3.325,0,0,25,-74.7066
3.33,0,0,25,-74.7066
3.335,0,0,25,-74.7066
3.34,0,0,25,-74.7066
3.345,0,0,25,-74.7066
3.35,0,0,25,-74.7066
3.355,0,0,25,-74.7066
3.36,0,0,25,-74.7066
3.365,0,0,25,-74.7066
3.37,0,0,25,-74.7066
3.375,0,0,25,-74.7066
3.38,0,0,25,-74.7066
3.385,0,0,25,-74.7066
3.39,0,0,25,-74.7066
3.395,0,0,25,-74.7066
3.4,0,0,25,-74.7066
3.405,0,0,25,-74.7066
3.41,0,0,25,-74.7066
3.415,0,0,25,-74.7066
3.42,0,0,25,-74.7066
3.425,0,0,25,-74.7066
3.43,0,0,25,-74.7066
3.435,0,0,25,-74.7066
3.44,0,0,25,-74.7066
3.445,0,0,25,-74.7066
3.45,0,0,25,-74.7066
3.455,0,0,25,-74.7066
3.46,0,0,25,-74.7066
3.465,0,0,25,-74.7066
3.47,0,0,25,-74.7066
3.475,0,0,25,-74.7066
3.48,0,0,25,-74.7066
3.485,0,0,25,-74.7066
3.49,0,0,25,-74.7066
3.495,0,0,25,-74.7066
3.5,0,0,25,-74.7066
3.505,0,0,25,-74.7066
3.51,0,0,25,-74.7066
3.515,0,0,25,-74.7066
3.52,0,0,25,-74.7066
3.525,0,0,25,-74.7066
3.53,0,0,25,-74.7066
3.535,0,0,25,-74.7066
3.54,0,0,25,-74.7066
3.545,0,0,25,-74.7066
3.55,0,0,25,-74.7066
3.555,0,0,25,-74.7066
3.56,0,0,25,-74.7066
3.565,0,0,25,-74.7066
3.57,0,0,25,-74.7066
3.575,0,0,25,-74.7066
3.58,0,0,25,-74.7066
3.585,0,0,25,-74.7066
3.59,0,0,25,-74.7066
3.595,0,0,25,-74.7066
3.6,0,0,25,-74.7066
3.605,0,0,25,-74.7066
3.61,0,0,25,-74.7066
3.615,0,0,25,-74.7066
3.62,0,0,25,-74.7066
3.625,0,0,25,-74.7066
3.63,0,0,25,-74.7066
3.635,0,0,25,-74.7066
3.64,0,0,25,-74.7066
3.645,0,0,25,-74.7066
3.65,0,0,25,-74.7066
3.655,0,0,25,-74.7066
3.66,0,0,25,-74.7066
3.665,0,0,25,-74.7066
3.67,0,0,25,-74.7066
3.675,0,0,25,-74.7066
3.68,0,0,25,-74.7066
3.685,0,0,25,-74.7066
3.69,0,0,25,-74.7066
3.695,0,0,25,-74.7066
3.7,0,0,25,-74.7066
3.705,0,0,25,-74.7066
3.71,0,0,25,-74.7066
3.715,0,0,25,-74.7066
3.72,0,0,25,-74.7066
3.725,0,0,25,-74.7066
3.73,0,0,25,-74.7066
3.735,0,0,25,-74.7066
3.74,0,0,25,-74.7066
3.745,0,0,25,-74.7066
3.75,0,0,25,-74.7066
3.755,0,0,25,-74.7066
3.76,0,0,25,-74.7066
3.765,0,0,25,-74.7066
3.77,0,0,25,-74.7066
3.775,0,0,25,-74.7066
3.78,0,0,25,-74.7066
3.785,0,0,25,-74.7066
3.79,0,0,25,-74.7066
3.795,0,0,25,-74.7066
3.8,0,0,25,-74.7066
3.805,0,0,25,-74.7066
3.81,0,0,25,-74.7066
3.815,0,0,25,-74.7066
3.82,0,0,25,-74.7066
3.825,0,0,25,-74.7066
3.83,0,0,25,-74.7066
3.835,0,0,25,-74.7066
3.84,0,0,25,-74.7066
3.845,0,0,25,-74.7066
3.85,0,0,25,-74.7066
3.855,0,0,25,-74.7066
3.86,0,0,25,-74.7066
3.865,0,0,25,-74.7066
3.87,0,0,25,-74.7066
3.875,0,0,25,-74.7066
3.88,0,0,25,-74.7066
3.885,0,0,25,-74.7066
3.89,0,0,25,-74.7066
3.895,0,0,25,-74.7066
3.9,0,0,25,-74.7066
3.905,0,0,25,-74.7066
3.91,0,0,25,-74.7066
3.915,0,0,25,-74.7066
3.92,0,0,25,-74.7066
3.925,0,0,25,-74.7066
3.93,0,0,25,-74.7066
3.935,0,0,25,-74.7066
3.94,0,0,25,-74.7066
3.945,0,0,25,-74.7066
3.95,0,0,25,-74.7066
3.955,0,0,25,-74.7066
3.96,0,0,25,-74.7066
3.965,0,0,25,-74.7066
3.97,0,0,25,-74.7066
3.975,0,0,25,-74.7066
3.98,0,0,25,-74.7066
3.985,0,0,25,-74.7066
3.99,0,0,25,-74.7066
3.995,0,0,25,-74.7066
4,0,0,25,-74.7066
4.005,0,0,25,-74.7066
4.01,0,0,25,-74.7066
4.015,0,0,25,-74.7066
4.02,0,0,25,-74.7066
4.025,0,0,25,-74.7066
4.03,0,0,25,-74.7066
4.035,0,0,25,-74.7066
4.04,0,0,25,-74.7066
4.045,0,0,25,-74.7066
4.05,0,0,25,-74.7066
4.055,0,0,25,-74.7066
4.06,0,0,25,-74.7066
4.065,0,0,25,-74.7066
4.07,0,0,25,-74.7066
4.075,0,0,25,-74.7066
4.08,0,0,25,-74.7066
4.085,0,0,25,-74.7066
4.09,0,0,25,-74.7066
4.095,0,0,25,-74.7066
4.1,0,0,25,-74.7066
4.105,0,0,25,-74.7066
4.11,0,0,25,-74.7066
4.115,0,0,25,-74.7066
4.12,0,0,25,-74.7066
4.125,0,0,25,-74.7066
4.13,0,0,25,-74.7066
4.135,0,0,25,-74.7066
4.14,0,0,25,-74.7066
4.145,0,0,25,-74.7066
4.15,0,0,25,-74.7066
4.155,0,0,25,-74.7066
4.16,0,0,25,-74.7066
4.165,0,0,25,-74.7066
4.17,0,0,25,-74.7066
4.175,0,0,25,-74.7066
4.18,0,0,25,-74.7066
4.185,0,0,25,-74.7066
4.19,0,0,25,-74.7066
4.195,0,0,25,-74.7066
4.2,0,0,25,-74.7066
4.205,0,0,25,-74.7066
4.21,0,0,25,-74.7066
4.215,0,0,25,-74.7066
4.22,0,0,25,-74.7066
4.225,0,0,25,-74.7066
4.23,0,0,25,-74.7066
4.235,0,0,25,-74.7066
4.24,0,0,25,-74.7066
4.245,0,0,25,-74.7066
4.25,0,0,25,-74.7066
4.255,0,0,25,-74.7066
4.26,0,0,25,-74.7066
4.265,0,0,25,-74.7066
4.27,0,0,25,-74.7066
4.275,0,0,25,-74.7066
4.28,0,0,25,-74.7066
4.285,0,0,25,-74.7066
4.29,0,0,25,-74.7066
4.295,0,0,25,-74.7066
4.3,0,0,25,-74.7066
4.305,0,0,25,-74.7066
4.31,0,0,25,-74.7066
4.315,0,0,25,-74.7066
4.32,0,0,25,-74.7066
4.325,0,0,25,-74.7066
4.33,0,0,25,-74.7066
4.335,0,0,25,-74.7066
4.34,0,0,25,-74.7066
4.345,0,0,25,-74.7066
4.35,0,0,25,-74.7066
4.355,0,0,25,-74.7066
4.36,0,0,25,-74.7066
4.365,0,0,25,-74.7066
4.37,0,0,25,-74.7066
4.375,0,0,25,-74.7066
4.38,0,0,25,-74.7066
4.385,0,0,25,-74.7066
4.39,0,0,25,-74.7066
4.395,0,0,25,-74.7066
4.4,0,0,25,-74.7066
4.405,0,0,25,-74.7066
4.41,0,0,25,-74.7066
4.415,0,0,25,-74.7066
4.42,0,0,25,-74.7066
4.425,0,0,25,-74.7066
4.43,0,0,25,-74.7066
4.435,0,0,25,-74.7066
4.44,0,0,25,-74.7066
4.445,0,0,25,-74.7066
4.45,0,0,25,-74.7066
4.455,0,0,25,-74.7066
4.46,0,0,25,-74.7066
4.465,0,0,25,-74.7066
4.47,0,0,25,-74.7066
4.475,0,0,25,-74.7066
4.48,0,0,25,-74.7066
4.485,0,0,25,-74.7066
4.49,0,0,25,-74.7066
4.495,0,0,25,-74.7066
4.5,0,0,25,-74.7066
4.505,0,0,25,-74.7066
4.51,0,0,25,-74.7066
4.515,0,0,25,-74.7066
4.52,0,0,25,-74.7066
4.525,0,0,25,-74.7066
4.53,0,0,25,-74.7066
4.535,0,0,25,-74.7066
4.54,0,0,25,-74.7066
4.545,0,0,25,-74.7066
4.55,0,0,25,-74.7066
4.555,0,0,25,-74.7066
4.56,0,0,25,-74.7066
4.565,0,0,25,-74.7066
4.57,0,0,25,-74.7066
4.575,0,0,25,-74.7066
4.58,0,0,25,-74.7066
4.585,0,0,25,-74.7066
4.59,0,0,25,-74.7066
4.595,0,0,25,-74.7066
4.6,0,0,25,-74.7066
4.605,0,0,25,-74.7066
4.61,0,0,25,-74.7066
4.615,0,0,25,-74.7066
4.62,0,0,25,-74.7066
4.625,0,0,25,-74.7066
4.63,0,0,25,-74.7066
4.635,0,0,25,-74.7066
4.64,0,0,25,-74.7066
4.645,0,0,25,-74.7066
4.65,0,0,25,-74.7066
4.655,0,0,25,-74.7066
4.66,0,0,25,-74.7066
4.665,0,0,25,-74.7066
4.67,0,0,25,-74.7066
4.675,0,0,25,-74.7066
4.68,0,0,25,-74.7066
4.685,0,0,25,-74.7066
4.69,0,0,25,-74.7066
4.695,0,0,25,-74.7066
4.7,0,0,25,-74.7066
4.705,0,0,25,-74.7066
4.71,0,0,25,-74.7066
4.715,0,0,25,-74.7066
4.72,0,0,25,-74.7066
4.725,0,0,25,-74.7066
4.73,0,0,25,-74.7066
4.735,0,0,25,-74.7066
4.74,0,0,25,-74.7066
4.745,0,0,25,-74.7066
4.75,0,0,25,-74.7066
4.755,0,0,25,-74.7066
4.76,0,0,25,-74.7066
4.765,0,0,25,-74.7066
4.77,0,0,25,-74.7066
4.775,0,0,25,-74.7066
4.78,0,0,25,-74.7066
4.785,0,0,25,-74.7066
4.79,0,0,25,-74.7066
4.795,0,0,25,-74.7066
4.8,0,0,25,-74.7066
4.805,0,0,25,-74.7066
4.81,0,0,25,-74.7066
4.815,0,0,25,-74.7066
4.82,0,0,25,-74.7066
4.825,0,0,25,-74.7066
4.83,0,0,25,-74.7066
4.835,0,0,25,-74.7066
4.84,0,0,25,-74.7066
4.845,0,0,25,-74.7066
4.85,0,0,25,-74.7066
4.855,0,0,25,-74.7066
4.86,0,0,25,-74.7066
4.865,0,0,25,-74.7066
4.87,0,0,25,-74.7066
4.875,0,0,25,-74.7066
4.88,0,0,25,-74.7066
4.885,0,0,25,-74.7066
4.89,0,0,25,-74.7066
4.895,0,0,25,-74.7066
4.9,0,0,25,-74.7066
4.905,0,0,25,-74.7066
4.91,0,0,25,-74.7066
4.915,0,0,25,-74.7066
4.92,0,0,25,-74.7066
4.925,0,0,25,-74.7066
4.93,0,0,25,-74.7066
4.935,0,0,25,-74.7066
4.94,0,0,25,-74.7066
4.945,0,0,25,-74.7066
4.95,0,0,25,-74.7066
4.955,0,0,25,-74.7066
4.96,0,0,25,-74.7066
4.965,0,0,25,-74.7066
4.97,0,0,25,-74.7066
4.975,0,0,25,-74.7066
4.98,0,0,25,-74.7066
4.985,0,0,25,-74.7066
4.99,0,0,25,-74.7066
4.995,0,0,25,-74.7066
5,0,0,25,-74.7066
