0,0,0,25,-3.57512
0.005,0,0,25,-3.57498
0.01,0,0,25,-3.57471
0.015,0,0,25,-3.5743
0.02,0,0,25,-3.57376
0.025,0,0,25,-3.57308
0.03,0,0,25,-3.57227
0.035,0,0,25,-3.57132
0.04,0,0,25,-3.57025
0.045,0,0,25,-3.56905
0.05,0,0,25,-3.56772
0.055,0,0,25,-3.56627
0.06,0,0,25,-3.56469
0.065,0,0,25,-3.563
0.07,0,0,25,-3.56118
0.075,0,0,25,-3.55924
0.08,0,0,25,-3.55718
0.085,0,0,25,-3.55501
0.09,0,0,25,-3.55272
0.095,0,0,25,-3.55031
0.1,0,0,25,-3.5478
0.105,0,0,25,-3.54517
0.11,0,0,25,-3.54244
0.115,0,0,25,-3.53959
0.12,0,0,25,-3.53664
0.125,0,0,25,-3.53358
0.13,0,0,25,-3.53042
0.135,0,0,25,-3.52715
0.14,0,0,25,-3.52378
0.145,0,0,25,-3.52031
0.15,0,0,25,-3.51674
0.155,0,0,25,-3.51307
0.16,0,0,25,-3.5093
0.165,0,0,25,-3.50543
0.17,0,0,25,-3.50147
0.175,0,0,25,-3.49741
0.18,0,0,25,-3.49325
0.185,0,0,25,-3.489
0.19,0,0,25,-3.48466
0.195,0,0,25,-3.48023
0.2,0,0,25,-3.47571
0.205,0,0,25,-3.47109
0.21,0,0,25,-3.46639
0.215,0,0,25,-3.4616
0.22,0,0,25,-3.45672
0.225,0,0,25,-3.45175
0.23,0,0,25,-3.4467
0.235,0,0,25,-3.44156
0.24,0,0,25,-3.43633
0.245,0,0,25,-3.43103
0.25,0,0,25,-3.42563
0.255,0,0,25,-3.42016
0.26,0,0,25,-3.4146
0.265,0,0,25,-3.40896
0.27,0,0,25,-3.40324
0.275,0,0,25,-3.39744
0.28,0,0,25,-3.39155
0.285,0,0,25,-3.38559
0.29,0,0,25,-3.37955
0.295,0,0,25,-3.37343
0.3,0,0,25,-3.36723
0.305,0,0,25,-3.36096
0.31,0,0,25,-3.3546
0.315,0,0,25,-3.34817
0.32,0,0,25,-3.34167
0.325,0,0,25,-3.33509
0.33,0,0,25,-3.32843
0.335,0,0,25,-3.3217
0.34,0,0,25,-3.31489
0.345,0,0,25,-3.30801
0.35,0,0,25,-3.30105
0.355,0,0,25,-3.29402
0.36,0,0,25,-3.28692
0.365,0,0,25,-3.27975
0.37,0,0,25,-3.2725
0.375,0,0,25,-3.26518
0.38,0,0,25,-3.25779
0.385,0,0,25,-3.25032
0.39,0,0,25,-3.24279
0.395,0,0,25,-3.23518
0.4,0,0,25,-3.2275
0.405,0,0,25,-3.21975
0.41,0,0,25,-3.21193
0.415,0,0,25,-3.20405
0.42,0,0,25,-3.19609
0.425,0,0,25,-3.18806
0.43,0,0,25,-3.17996
0.435,0,0,25,-3.17179
0.44,0,0,25,-3.16356
0.445,0,0,25,-3.15525
0.45,0,0,25,-3.14688
0.455,0,0,25,-3.13843
0.46,0,0,25,-3.12992
0.465,0,0,25,-3.12134
0.47,0,0,25,-3.11269
0.475,0,0,25,-3.10398
0.48,0,0,25,-3.09519
0.485,0,0,25,-3.08634
0.49,0,0,25,-3.07742
0.495,0,0,25,-3.06843
0.5,0,0,25,-3.05938
0.505,0,0,25,-3.05026
0.51,0,0,25,-3.04107
0.515,0,0,25,-3.03181
0.52,0,0,25,-3.02249
0.525,0,0,25,-3.0131
0.53,0,0,25,-3.00364
0.535,0,0,25,-2.99411
0.54,0,0,25,-2.98452
0.545,0,0,25,-2.97486
0.55,0,0,25,-2.96514
0.555,0,0,25,-2.95535
0.56,0,0,25,-2.94549
0.565,0,0,25,-2.93557
0.57,0,0,25,-2.92557
0.575,0,0,25,-2.91552
0.58,0,0,25,-2.90539
0.585,0,0,25,-2.8952
0.59,0,0,25,-2.88494
0.595,0,0,25,-2.87462
0.6,0,0,25,-2.86423
0.605,0,0,25,-2.85377
0.61,0,0,25,-2.84325
0.615,0,0,25,-2.83266
0.62,0,0,25,-2.822
0.625,0,0,25,-2.81128
0.63,0,0,25,-2.80049
0.635,0,0,25,-2.78963
0.64,0,0,25,-2.77871
0.645,0,0,25,-2.76772
0.65,0,0,25,-2.75666
0.655,0,0,25,-2.74554
0.66,0,0,25,-2.73435
0.665,0,0,25,-2.72309
0.67,0,0,25,-2.71177
0.675,0,0,25,-2.70038
0.68,0,0,25,-2.68892
0.685,0,0,25,-2.6774
0.69,0,0,25,-2.66581
0.695,0,0,25,-2.65415
0.7,0,0,25,-2.64242
0.705,0,0,25,-2.63063
0.71,0,0,25,-2.61876
0.715,0,0,25,-2.60683
0.72,0,0,25,-2.59484
0.725,0,0,25,-2.58277
0.73,0,0,25,-2.57064
0.735,0,0,25,-2.55844
0.74,0,0,25,-2.54617
0.745,0,0,25,-2.53384
0.75,0,0,25,-2.52143
0.755,0,0,25,-2.50896
0.76,0,0,25,-2.49642
0.765,0,0,25,-2.48381
0.77,0,0,25,-2.47113
0.775,0,0,25,-2.45838
0.78,0,0,25,-2.44556
0.785,0,0,25,-2.43268
0.79,0,0,25,-2.41972
0.795,0,0,25,-2.4067
0.8,0,0,25,-2.3936
0.805,0,0,25,-2.38044
0.81,0,0,25,-2.36721
0.815,0,0,25,-2.35391
0.82,0,0,25,-2.34053
0.825,0,0,25,-2.32709
0.83,0,0,25,-2.31358
0.835,0,0,25,-2.29999
0.84,0,0,25,-2.28634
0.845,0,0,25,-2.27261
0.85,0,0,25,-2.25882
0.855,0,0,25,-2.24495
0.86,0,0,25,-2.23101
0.865,0,0,25,-2.217
0.87,0,0,25,-2.20292
0.875,0,0,25,-2.18876
0.88,0,0,25,-2.17454
0.885,0,0,25,-2.16024
0.89,0,0,25,-2.14587
0.895,0,0,25,-2.13143
0.9,0,0,25,-2.11691
0.905,0,0,25,-2.10233
0.91,0,0,25,-2.08767
0.915,0,0,25,-2.07293
0.92,0,0,25,-2.05812
0.925,0,0,25,-2.04324
0.93,0,0,25,-2.02829
0.935,0,0,25,-2.01326
0.94,0,0,25,-1.99815
0.945,0,0,25,-1.98298
0.95,0,0,25,-1.96772
0.955,0,0,25,-1.9524
0.96,0,0,25,-1.937
0.965,0,0,25,-1.92152
0.97,0,0,25,-1.90596
0.975,0,0,25,-1.89034
0.98,0,0,25,-1.87463
0.985,0,0,25,-1.85885
0.99,0,0,25,-1.84299
0.995,0,0,25,-1.82706
1,0,0,25,-1.81105
1.005,0,0,25,-1.79496
1.01,0,0,25,-1.7788
1.015,0,0,25,-1.76255
1.02,0,0,25,-1.74623
1.025,0,0,25,-1.72984
1.03,0,0,25,-1.71336
1.035,0,0,25,-1.6968
1.04,0,0,25,-1.68017
1.045,0,0,25,-1.66346
1.05,0,0,25,-1.64667
1.055,0,0,25,-1.6298
1.06,0,0,25,-1.61284
1.065,0,0,25,-1.59581
1.07,0,0,25,-1.5787
1.075,0,0,25,-1.56151
1.08,0,0,25,-1.54424
1.085,0,0,25,-1.52689
1.09,0,0,25,-1.50945
1.095,0,0,25,-1.49194
1.1,0,0,25,-1.47434
1.105,0,0,25,-1.45666
1.11,0,0,25,-1.43889
1.115,0,0,25,-1.42105
1.12,0,0,25,-1.40312
1.125,0,0,25,-1.38511
1.13,0,0,25,-1.36702
1.135,0,0,25,-1.34884
1.14,0,0,25,-1.33058
1.145,0,0,25,-1.31223
1.15,0,0,25,-1.2938
1.155,0,0,25,-1.27528
1.16,0,0,25,-1.25668
1.165,0,0,25,-1.23799
1.17,0,0,25,-1.21922
1.175,0,0,25,-1.20036
1.18,0,0,25,-1.18142
1.185,0,0,25,-1.16238
1.19,0,0,25,-1.14327
1.195,0,0,25,-1.12406
1.2,0,0,25,-1.10477
1.205,0,0,25,-1.08538
1.21,0,0,25,-1.06591
1.215,0,0,25,-1.04636
1.22,0,0,25,-1.02671
1.225,0,0,25,-1.00697
1.23,0,0,25,-0.987146
1.235,0,0,25,-0.96723
1.24,0,0,25,-0.947224
1.245,0,0,25,-0.927128
1.25,0,0,25,-0.90694
1.255,0,0,25,-0.886662
1.26,0,0,25,-0.866292
1.265,0,0,25,-0.84583
1.27,0,0,25,-0.825276
1.275,0,0,25,-0.80463
1.28,0,0,25,-0.783891
1.285,0,0,25,-0.763059
1.29,0,0,25,-0.742133
1.295,0,0,25,-0.721113
1.3,0,0,25,-0.699999
1.305,0,0,25,-0.678791
1.31,0,0,25,-0.657488
1.315,0,0,25,-0.636089
1.32,0,0,25,-0.614595
1.325,0,0,25,-0.593005
1.33,0,0,25,-0.571319
1.335,0,0,25,-0.549535
1.34,0,0,25,-0.527655
1.345,0,0,25,-0.505678
1.35,0,0,25,-0.483603
1.355,0,0,25,-0.461429
1.36,0,0,25,-0.439158
1.365,0,0,25,-0.416787
1.37,0,0,25,-0.394317
1.375,0,0,25,-0.371747
1.38,0,0,25,-0.349078
1.385,0,0,25,-0.326308
1.39,0,0,25,-0.303437
1.395,0,0,25,-0.280466
1.4,0,0,25,-0.257393
1.405,0,0,25,-0.234217
1.41,0,0,25,-0.21094
1.415,0,0,25,-0.18756
1.42,0,0,25,-0.164077
1.425,0,0,25,-0.14049
1.43,0,0,25,-0.1168
1.435,0,0,25,-0.0930054
1.44,0,0,25,-0.0691062
1.445,0,0,25,-0.045102
1.45,0,0,25,-0.0209924
1.455,0,0,25,0.00322309
1.46,0,0,25,0.0275447
1.465,0,0,25,0.051973
1.47,0,0,25,0.0765083
1.475,0,0,25,0.101151
1.48,0,0,25,0.125902
1.485,0,0,25,0.15076
1.49,0,0,25,0.175728
1.495,0,0,25,0.200804
1.5,0,0,25,0.22599
1.505,0,0,25,0.251286
1.51,0,0,25,0.276693
1.515,0,0,25,0.302209
1.52,0,0,25,0.327838
1.525,0,0,25,0.353577
1.53,0,0,25,0.379429
1.535,0,0,25,0.405393
1.54,0,0,25,0.43147
1.545,0,0,25,0.45766
1.55,0,0,25,0.483964
1.555,0,0,25,0.510383
1.56,0,0,25,0.536915
1.565,0,0,25,0.563563
1.57,0,0,25,0.590326
1.575,0,0,25,0.617205
1.58,0,0,25,0.6442
1.585,0,0,25,0.671312
1.59,0,0,25,0.698542
1.595,0,0,25,0.725888
1.6,0,0,25,0.753353
1.605,0,0,25,0.780937
1.61,0,0,25,0.808639
1.615,0,0,25,0.836461
1.62,0,0,25,0.864403
1.625,0,0,25,0.892465
1.63,0,0,25,0.920647
1.635,0,0,25,0.948951
1.64,0,0,25,0.977377
1.645,0,0,25,1.00592
1.65,0,0,25,1.03459
1.655,0,0,25,1.06339
1.66,0,0,25,1.0923
1.665,0,0,25,1.12134
1.67,0,0,25,1.15051
1.675,0,0,25,1.1798
1.68,0,0,25,1.20921
1.685,0,0,25,1.23875
1.69,0,0,25,1.26842
1.695,0,0,25,1.29822
1.7,0,0,25,1.32814
1.705,0,0,25,1.35818
1.71,0,0,25,1.38836
1.715,0,0,25,1.41867
1.72,0,0,25,1.4491
1.725,0,0,25,1.47966
1.73,0,0,25,1.51036
1.735,0,0,25,1.54118
1.74,0,0,25,1.57213
1.745,0,0,25,1.60322
1.75,0,0,25,1.63444
1.755,0,0,25,1.66579
1.76,0,0,25,1.69727
1.765,0,0,25,1.72888
1.77,0,0,25,1.76063
1.775,0,0,25,1.79252
1.78,0,0,25,1.82454
1.785,0,0,25,1.85669
1.79,0,0,25,1.88898
1.795,0,0,25,1.9214
1.8,0,0,25,1.95396
1.805,0,0,25,1.98666
1.81,0,0,25,2.0195
1.815,0,0,25,2.05247
1.82,0,0,25,2.08559
1.825,0,0,25,2.11884
1.83,0,0,25,2.15223
1.835,0,0,25,2.18576
1.84,0,0,25,2.21943
1.845,0,0,25,2.25324
1.85,0,0,25,2.28719
1.855,0,0,25,2.32129
1.86,0,0,25,2.35552
1.865,0,0,25,2.3899
1.87,0,0,25,2.42443
1.875,0,0,25,2.45909
1.88,0,0,25,2.4939
1.885,0,0,25,2.52886
1.89,0,0,25,2.56396
1.895,0,0,25,2.59921
1.9,0,0,25,2.6346
1.905,0,0,25,2.67014
1.91,0,0,25,2.70582
1.915,0,0,25,2.74165
1.92,0,0,25,2.77764
1.925,0,0,25,2.81377
1.93,0,0,25,2.85004
1.935,0,0,25,2.88647
1.94,0,0,25,2.92305
1.945,0,0,25,2.95978
1.95,0,0,25,2.99666
1.955,0,0,25,3.03369
1.96,0,0,25,3.07087
1.965,0,0,25,3.1082
1.97,0,0,25,3.14569
1.975,0,0,25,3.18333
1.98,0,0,25,3.22112
1.985,0,0,25,3.25907
1.99,0,0,25,3.29717
1.995,0,0,25,3.33543
2,0,0,25,3.37385
2.005,0,0,25,3.41241
2.01,0,0,25,3.45114
2.015,0,0,25,3.49002
2.02,0,0,25,3.52906
2.025,0,0,25,3.56826
2.03,0,0,25,3.60762
2.035,0,0,25,3.64713
2.04,0,0,25,3.68681
2.045,0,0,25,3.72664
2.05,0,0,25,3.76664
2.055,0,0,25,3.80679
2.06,0,0,25,3.84711
2.065,0,0,25,3.88758
2.07,0,0,25,3.92822
2.075,0,0,25,3.96902
2.08,0,0,25,4.00999
2.085,0,0,25,4.05112
2.09,0,0,25,4.09241
2.095,0,0,25,4.13387
2.1,0,0,25,4.17549
2.105,0,0,25,4.21727
2.11,0,0,25,4.25922
2.115,0,0,25,4.30134
2.12,0,0,25,4.34363
2.125,0,0,25,4.38608
2.13,0,0,25,4.42869
2.135,0,0,25,4.47148
2.14,0,0,25,4.51443
2.145,0,0,25,4.55756
2.15,0,0,25,4.60085
2.155,0,0,25,4.64431
2.16,0,0,25,4.68794
2.165,0,0,25,4.73174
2.17,0,0,25,4.77572
2.175,0,0,25,4.81986
2.18,0,0,25,4.86417
2.185,0,0,25,4.90866
2.19,0,0,25,4.95332
2.195,0,0,25,4.99815
2.2,0,0,25,5.04316
2.205,0,0,25,5.08834
2.21,0,0,25,5.13369
2.215,0,0,25,5.17922
2.22,0,0,25,5.22492
2.225,0,0,25,5.2708
2.23,0,0,25,5.31685
2.235,0,0,25,5.36308
2.24,0,0,25,5.40949
2.245,0,0,25,5.45607
2.25,0,0,25,5.50283
2.255,0,0,25,5.54977
2.26,0,0,25,5.59688
2.265,0,0,25,5.64418
2.27,0,0,25,5.69165
2.275,0,0,25,5.7393
2.28,0,0,25,5.78713
2.285,0,0,25,5.83514
2.29,0,0,25,5.88334
2.295,0,0,25,5.93171
2.3,0,0,25,5.98026
2.305,0,0,25,6.02899
2.31,0,0,25,6.07791
2.315,0,0,25,6.12701
2.32,0,0,25,6.17628
2.325,0,0,25,6.22575
2.33,0,0,25,6.27539
2.335,0,0,25,6.32522
2.34,0,0,25,6.37523
2.345,0,0,25,6.42543
2.35,0,0,25,6.47581
2.355,0,0,25,6.52637
2.36,0,0,25,6.57712
2.365,0,0,25,6.62806
2.37,0,0,25,6.67918
2.375,0,0,25,6.73049
2.38,0,0,25,6.78198
2.385,0,0,25,6.83366
2.39,0,0,25,6.88552
2.395,0,0,25,6.93758
2.4,0,0,25,6.98982
2.405,0,0,25,7.04225
2.41,0,0,25,7.09486
2.415,0,0,25,7.14767
2.42,0,0,25,7.20066
2.425,0,0,25,7.25384
2.43,0,0,25,7.30721
2.435,0,0,25,7.36077
2.44,0,0,25,7.41452
2.445,0,0,25,7.46846
2.45,0,0,25,7.52259
2.455,0,0,25,7.57691
2.46,0,0,25,7.63142
2.465,0,0,25,7.68612
2.47,0,0,25,7.74101
2.475,0,0,25,7.7961
2.48,0,0,25,7.85137
2.485,0,0,25,7.90684
2.49,0,0,25,7.9625
2.495,0,0,25,8.01835
2.5,0,0,25,8.07439
2.505,0,0,25,8.13063
2.51,0,0,25,8.18706
2.515,0,0,25,8.24368
2.52,0,0,25,8.30049
2.525,0,0,25,8.3575
2.53,0,0,25,8.41471
2.535,0,0,25,8.4721
2.54,0,0,25,8.52969
2.545,0,0,25,8.58748
2.55,0,0,25,8.64546
2.555,0,0,25,8.70363
2.56,0,0,25,8.762
2.565,0,0,25,8.82056
2.57,0,0,25,8.87932
2.575,0,0,25,8.93827
2.58,0,0,25,8.99742
2.585,0,0,25,9.05676
2.59,0,0,25,9.1163
2.595,0,0,25,9.17604
2.6,0,0,25,9.23597
2.605,0,0,25,9.29609
2.61,0,0,25,9.35642
2.615,0,0,25,9.41694
2.62,0,0,25,9.47765
2.625,0,0,25,9.53856
2.63,0,0,25,9.59967
2.635,0,0,25,9.66098
2.64,0,0,25,9.72248
2.645,0,0,25,9.78418
2.65,0,0,25,9.84607
2.655,0,0,25,9.90817
2.66,0,0,25,9.97046
2.665,0,0,25,10.0329
2.67,0,0,25,10.0956
2.675,0,0,25,10.1585
2.68,0,0,25,10.2216
2.685,0,0,25,10.2849
2.69,0,0,25,10.3483
2.695,0,0,25,10.412
2.7,0,0,25,10.4759
2.705,0,0,25,10.5399
2.71,0,0,25,10.6042
2.715,0,0,25,10.6687
2.72,0,0,25,10.7333
2.725,0,0,25,10.7982
2.73,0,0,25,10.8632
2.735,0,0,25,10.9285
2.74,0,0,25,10.9939
2.745,0,0,25,11.0596
2.75,0,0,25,11.1254
2.755,0,0,25,11.1915
2.76,0,0,25,11.2577
2.765,0,0,25,11.3241
2.77,0,0,25,11.3908
2.775,0,0,25,11.4576
2.78,0,0,25,11.5246
2.785,0,0,25,11.5919
2.79,0,0,25,11.6593
2.795,0,0,25,11.7269
2.8,0,0,25,11.7947
2.805,0,0,25,11.8627
2.81,0,0,25,11.9309
2.815,0,0,25,11.9993
2.82,0,0,25,12.068
2.825,0,0,25,12.1368
2.83,0,0,25,12.2058
2.835,0,0,25,12.2749
2.84,0,0,25,12.3443
2.845,0,0,25,12.4139
2.85,0,0,25,12.4837
2.855,0,0,25,12.5537
2.86,0,0,25,12.6239
2.865,0,0,25,12.6942
2.87,0,0,25,12.7648
2.875,0,0,25,12.8356
2.88,0,0,25,12.9065
2.885,0,0,25,12.9777
2.89,0,0,25,13.049
2.895,0,0,25,13.1206
2.9,0,0,25,13.1923
2.905,0,0,25,13.2643
2.91,0,0,25,13.3364
2.915,0,0,25,13.4087
2.92,0,0,25,13.4812
2.925,0,0,25,13.554
2.93,0,0,25,13.6269
2.935,0,0,25,13.7
2.94,0,0,25,13.7733
2.945,0,0,25,13.8467
2.95,0,0,25,13.9204
2.955,0,0,25,13.9943
2.96,0,0,25,14.0684
2.965,0,0,25,14.1426
2.97,0,0,25,14.2171
2.975,0,0,25,14.2917
2.98,0,0,25,14.3665
2.985,0,0,25,14.4416
2.99,0,0,25,14.5168
2.995,0,0,25,14.5922
3,0,0,25,14.6678
3.005,0,0,25,14.7436
3.01,0,0,25,14.8196
3.015,0,0,25,14.8957
3.02,0,0,25,14.9721
3.025,0,0,25,15.0486
3.03,0,0,25,15.1254
3.035,0,0,25,15.2023
3.04,0,0,25,15.2794
3.045,0,0,25,15.3567
3.05,0,0,25,15.4342
3.055,0,0,25,15.5119
3.06,0,0,25,15.5897
3.065,0,0,25,15.6678
3.07,0,0,25,15.746
3.075,0,0,25,15.8244
3.08,0,0,25,15.903
3.085,0,0,25,15.9818
3.09,0,0,25,16.0608
3.095,0,0,25,16.14
3.1,0,0,25,16.2193
3.105,0,0,25,16.2988
3.11,0,0,25,16.3786
3.115,0,0,25,16.4584
3.12,0,0,25,16.5385
3.125,0,0,25,16.6188
3.13,0,0,25,16.6992
3.135,0,0,25,16.7798
3.14,0,0,25,16.8607
3.145,0,0,25,16.9416
3.15,0,0,25,17.0228
3.155,0,0,25,17.1041
3.16,0,0,25,17.1857
3.165,0,0,25,17.2674
3.17,0,0,25,17.3492
3.175,0,0,25,17.4313
3.18,0,0,25,17.5135
3.185,0,0,25,17.5959
3.19,0,0,25,17.6785
3.195,0,0,25,17.7613
3.2,0,0,25,17.8442
3.205,0,0,25,17.9273
3.21,0,0,25,18.0106
3.215,0,0,25,18.094
3.22,0,0,25,18.1777
3.225,0,0,25,18.2615
3.23,0,0,25,18.3454
3.235,0,0,25,18.4296
3.24,0,0,25,18.5139
3.245,0,0,25,18.5984
3.25,0,0,25,18.683
3.255,0,0,25,18.7678
3.26,0,0,25,18.8528
3.265,0,0,25,18.938
3.27,0,0,25,19.0233
3.275,0,0,25,19.1088
3.28,0,0,25,19.1944
3.285,0,0,25,19.2802
3.29,0,0,25,19.3662
3.295,0,0,25,19.4523
3.3,0,0,25,19.5386
3.305,0,0,25,19.6251
3.31,0,0,25,19.7117
3.315,0,0,25,19.7985
3.32,0,0,25,19.8854
3.325,0,0,25,19.9725
3.33,0,0,25,20.0598
3.335,0,0,25,20.1472
3.34,0,0,25,20.2348
3.345,0,0,25,20.3225
3.35,0,0,25,20.4104
3.355,0,0,25,20.4984
3.36,0,0,25,20.5866
3.365,0,0,25,20.6749
3.37,0,0,25,20.7634
3.375,0,0,25,20.852
3.38,0,0,25,20.9408
3.385,0,0,25,21.0297
3.39,0,0,25,21.1188
3.395,0,0,25,21.208
3.4,0,0,25,21.2974
3.405,0,0,25,21.3869
3.41,0,0,25,21.4765
3.415,0,0,25,21.5663
3.42,0,0,25,21.6562
3.425,0,0,25,21.7463
3.43,0,0,25,21.8365
3.435,0,0,25,21.9268
3.44,0,0,25,22.0173
3.445,0,0,25,22.1079
3.45,0,0,25,22.1986
3.455,0,0,25,22.2895
3.46,0,0,25,22.3805
3.465,0,0,25,22.4716
3.47,0,0,25,22.5628
3.475,0,0,25,22.6542
3.48,0,0,25,22.7457
3.485,0,0,25,22.8373
3.49,0,0,25,22.9291
3.495,0,0,25,23.0209
3.5,0,0,25,23.1129
3.505,0,0,25,23.205
3.51,0,0,25,23.2972
3.515,0,0,25,23.3896
3.52,0,0,25,23.482
3.525,0,0,25,23.5745
3.53,0,0,25,23.6672
3.535,0,0,25,23.76
3.54,0,0,25,23.8528
3.545,0,0,25,23.9458
3.55,0,0,25,24.0389
3.555,0,0,25,24.132
3.56,0,0,25,24.2253
3.565,0,0,25,24.3187
3.57,0,0,25,24.4121
3.575,0,0,25,24.5057
3.58,0,0,25,24.5993
3.585,0,0,25,24.693
3.59,0,0,25,24.7869
3.595,0,0,25,24.8808
3.6,0,0,25,24.9747
3.605,0,0,25,25.0688
3.61,0,0,25,25.1629
3.615,0,0,25,25.2571
3.62,0,0,25,25.3514
3.625,0,0,25,25.4457
3.63,0,0,25,25.5402
3.635,0,0,25,25.6346
3.64,0,0,25,25.7292
3.645,0,0,25,25.8238
3.65,0,0,25,25.9184
3.655,0,0,25,26.0131
3.66,0,0,25,26.1079
3.665,0,0,25,26.2027
3.67,0,0,25,26.2975
3.675,0,0,25,26.3924
3.68,0,0,25,26.4874
3.685,0,0,25,26.5823
3.69,0,0,25,26.6773
3.695,0,0,25,26.7724
3.7,0,0,25,26.8674
3.705,0,0,25,26.9625
3.71,0,0,25,27.0576
3.715,0,0,25,27.1527
3.72,0,0,25,27.2478
3.725,0,0,25,27.343
3.73,0,0,25,27.4381
3.735,0,0,25,27.5333
3.74,0,0,25,27.6284
3.745,0,0,25,27.7236
3.75,0,0,25,27.8187
3.755,0,0,25,27.9138
3.76,0,0,25,28.0089
3.765,0,0,25,28.104
3.77,0,0,25,28.1991
3.775,0,0,25,28.2941
3.78,0,0,25,28.3891
3.785,0,0,25,28.4841
3.79,0,0,25,28.579
3.795,0,0,25,28.6739
3.8,0,0,25,28.7687
3.805,0,0,25,28.8634
3.81,0,0,25,28.9582
3.815,0,0,25,29.0528
3.82,0,0,25,29.1474
3.825,0,0,25,29.2419
3.83,0,0,25,29.3363
3.835,0,0,25,29.4306
3.84,0,0,25,29.5249
3.845,0,0,25,29.619
3.85,0,0,25,29.7131
3.855,0,0,25,29.807
3.86,0,0,25,29.9009
3.865,0,0,25,29.9946
3.87,0,0,25,30.0882
3.875,0,0,25,30.1817
3.88,0,0,25,30.275
3.885,0,0,25,30.3682
3.89,0,0,25,30.4612
3.895,0,0,25,30.5542
3.9,0,0,25,30.6469
3.905,0,0,25,30.7395
3.91,0,0,25,30.8319
3.915,0,0,25,30.9241
3.92,0,0,25,31.0162
3.925,0,0,25,31.1081
3.93,0,0,25,31.1997
3.935,0,0,25,31.2912
3.94,0,0,25,31.3825
3.945,0,0,25,31.4735
3.95,0,0,25,31.5644
3.955,0,0,25,31.655
3.96,0,0,25,31.7453
3.965,0,0,25,31.8354
3.97,0,0,25,31.9253
3.975,0,0,25,32.0149
3.98,0,0,25,32.1043
3.985,0,0,25,32.1934
3.99,0,0,25,32.2822
3.995,0,0,25,32.3707
4,0,0,25,32.4589
4.005,0,0,25,32.5468
4.01,0,0,25,32.6344
4.015,0,0,25,32.7217
4.02,0,0,25,32.8087
4.025,0,0,25,32.8953
4.03,0,0,25,32.9816
4.035,0,0,25,33.0676
4.04,0,0,25,33.1532
4.045,0,0,25,33.2384
4.05,0,0,25,33.3233
4.055,0,0,25,33.4078
4.06,0,0,25,33.4918
4.065,0,0,25,33.5755
4.07,0,0,25,33.6588
4.075,0,0,25,33.7417
4.08,0,0,25,33.8242
4.085,0,0,25,33.9062
4.09,0,0,25,33.9878
4.095,0,0,25,34.0689
4.1,0,0,25,34.1496
4.105,0,0,25,34.2298
4.11,0,0,25,34.3096
4.115,0,0,25,34.3888
4.12,0,0,25,34.4676
4.125,0,0,25,34.5459
4.13,0,0,25,34.6237
4.135,0,0,25,34.7009
4.14,0,0,25,34.7777
4.145,0,0,25,34.8539
4.15,0,0,25,34.9296
4.155,0,0,25,35.0047
4.16,0,0,25,35.0793
4.165,0,0,25,35.1533
4.17,0,0,25,35.2267
4.175,0,0,25,35.2995
4.18,0,0,25,35.3718
4.185,0,0,25,35.4435
4.19,0,0,25,35.5145
4.195,0,0,25,35.5849
4.2,0,0,25,35.6548
4.205,0,0,25,35.7239
4.21,0,0,25,35.7925
4.215,0,0,25,35.8604
4.22,0,0,25,35.9276
4.225,0,0,25,35.9942
4.23,0,0,25,36.0601
4.235,0,0,25,36.1253
4.24,0,0,25,36.1898
4.245,0,0,25,36.2537
4.25,0,0,25,36.3168
4.255,0,0,25,36.3792
4.26,0,0,25,36.4409
4.265,0,0,25,36.5019
4.27,0,0,25,36.5621
4.275,0,0,25,36.6216
4.28,0,0,25,36.6803
4.285,0,0,25,36.7382
4.29,0,0,25,36.7954
4.295,0,0,25,36.8518
4.3,0,0,25,36.9075
4.305,0,0,25,36.9623
4.31,0,0,25,37.0163
4.315,0,0,25,37.0695
4.32,0,0,25,37.1219
4.325,0,0,25,37.1734
4.33,0,0,25,37.2241
4.335,0,0,25,37.274
4.34,0,0,25,37.3229
4.345,0,0,25,37.371
4.35,0,0,25,37.4183
4.355,0,0,25,37.4646
4.36,0,0,25,37.51
4.365,0,0,25,37.5545
4.37,0,0,25,37.5981
4.375,0,0,25,37.6407
4.38,0,0,25,37.6823
4.385,0,0,25,37.723
4.39,0,0,25,37.7627
4.395,0,0,25,37.8013
4.4,0,0,25,37.8389
4.405,0,0,25,37.8755
4.41,0,0,25,37.911
4.415,0,0,25,37.9454
4.42,0,0,25,37.9786
4.425,0,0,25,38.0107
4.43,0,0,25,38.0416
4.435,0,0,25,38.0713
4.44,0,0,25,38.0998
4.445,0,0,25,38.1269
4.45,0,0,25,38.1527
4.455,0,0,25,38.1771
4.46,0,0,25,38.2001
4.465,0,0,25,38.2216
4.47,0,0,25,38.2415
4.475,0,0,25,38.2598
4.48,0,0,25,38.2764
4.485,0,0,25,38.2912
4.49,0,0,25,38.3042
4.495,0,0,25,38.3151
4.5,0,0,25,38.324
4.505,0,0,25,38.3307
4.51,0,0,25,38.335
4.515,0,0,25,38.3368
4.52,0,0,25,38.3359
4.525,0,0,25,38.3322
4.53,0,0,25,38.3254
4.535,0,0,25,38.3153
4.54,0,0,25,38.3017
4.545,0,0,25,38.2842
4.55,0,0,25,38.2625
4.555,0,0,25,38.2363
4.56,0,0,25,38.2051
4.565,0,0,25,38.1685
4.57,0,0,25,38.126
4.575,0,0,25,38.077
4.58,0,0,25,38.0208
4.585,0,0,25,37.9567
4.59,0,0,25,37.8839
4.595,0,0,25,37.8014
4.6,0,0,25,37.7082
4.605,0,0,25,37.6029
4.61,0,0,25,37.4843
4.615,0,0,25,37.3507
4.62,0,0,25,37.2004
4.625,0,0,25,37.0312
4.63,0,0,25,36.8409
4.635,0,0,25,36.6267
4.64,0,0,25,36.3854
4.645,0,0,25,36.1136
4.65,0,0,25,35.807
4.655,0,0,25,35.4611
4.66,0,0,25,35.0703
4.665,0,0,25,34.6283
4.67,0,0,25,34.128
4.675,0,0,25,33.5611
4.68,0,0,25,32.9182
4.685,0,0,25,32.1883
4.69,0,0,25,31.3592
4.695,0,0,25,30.4172
4.7,0,0,25,29.347
4.705,0,0,25,28.1318
4.71,0,0,25,26.7537
4.715,0,0,25,25.1941
4.72,0,0,25,23.4347
4.725,0,0,25,21.4585
4.73,0,0,25,19.2512
4.735,0,0,25,16.8039
4.74,0,0,25,14.1143
4.745,0,0,25,11.1895
4.75,0,0,25,8.047
4.755,0,0,25,4.7152
4.76,0,0,25,1.23224
4.765,0,0,25,-2.35662
4.77,0,0,25,-6.00278
4.775,0,0,25,-9.65825
4.78,0,0,25,-13.2791
4.785,0,0,25,-16.8277
4.79,0,0,25,-20.2737
4.795,0,0,25,-23.5941
4.8,0,0,25,-26.7726
4.805,0,0,25,-29.7985
4.81,0,0,25,-32.6659
4.815,0,0,25,-35.3728
4.82,0,0,25,-37.9197
4.825,0,0,25,-40.3097
4.83,0,0,25,-42.5472
4.835,0,0,25,-44.6378
4.84,0,0,25,-46.5878
4.845,0,0,25,-48.404
4.85,0,0,25,-50.0933
4.855,0,0,25,-51.6628
4.86,0,0,25,-53.1194
4.865,0,0,25,-54.47
4.87,0,0,25,-55.721
4.875,0,0,25,-56.8787
4.88,0,0,25,-57.9493
4.885,0,0,25,-58.9382
4.89,0,0,25,-59.8509
4.895,0,0,25,-60.6924
4.9,0,0,25,-61.4674
4.905,0,0,25,-62.1803
4.91,0,0,25,-62.8351
4.915,0,0,25,-63.4356
4.92,0,0,25,-63.9854
4.925,0,0,25,-64.4877
4.93,0,0,25,-64.9453
4.935,0,0,25,-65.3611
4.94,0,0,25,-65.7376
4.945,0,0,25,-66.0769
4.95,0,0,25,-66.3811
4.955,0,0,25,-66.6521
4.96,0,0,25,-66.8915
4.965,0,0,25,-67.1008
4.97,0,0,25,-67.2812
4.975,0,0,25,-67.4338
4.98,0,0,25,-67.5596
4.985,0,0,25,-67.6593
4.99,0,0,25,-67.7335
4.995,0,0,25,-67.7828
5,0,0,25,-67.8073
