0,0,0,125,-20.1631
0.025,0,0,125,-20.1592
0.05,0,0,125,-20.1513
0.075,0,0,125,-20.1395
0.1,0,0,125,-20.1238
0.125,0,0,125,-20.1046
0.15,0,0,125,-20.0819
0.175,0,0,125,-20.0562
0.2,0,0,125,-20.0279
0.225,0,0,125,-19.9972
0.25,0,0,125,-19.9644
0.275,0,0,125,-19.9296
0.3,0,0,125,-19.8931
0.325,0,0,125,-19.8551
0.35,0,0,125,-19.8157
0.375,0,0,125,-19.7751
0.4,0,0,125,-19.7335
0.425,0,0,125,-19.6909
0.45,0,0,125,-19.6474
0.475,0,0,125,-19.6033
0.5,0,0,125,-19.5585
0.525,0,0,125,-19.5132
0.55,0,0,125,-19.4674
0.575,0,0,125,-19.4213
0.6,0,0,125,-19.3749
0.625,0,0,125,-19.3283
0.65,0,0,125,-19.2815
0.675,0,0,125,-19.2345
0.7,0,0,125,-19.1875
0.725,0,0,125,-19.1404
0.75,0,0,125,-19.0933
0.775,0,0,125,-19.0463
0.8,0,0,125,-18.9993
0.825,0,0,125,-18.9524
0.85,0,0,125,-18.9056
0.875,0,0,125,-18.8589
0.9,0,0,125,-18.8124
0.925,0,0,125,-18.766
0.95,0,0,125,-18.7199
0.975,0,0,125,-18.6739
1,0,0,125,-18.6281
1.025,0,0,125,-18.5825
1.05,0,0,125,-18.5371
1.075,0,0,125,-18.492
1.1,0,0,125,-18.447
1.125,0,0,125,-18.4023
1.15,0,0,125,-18.3578
1.175,0,0,125,-18.3136
1.2,0,0,125,-18.2695
1.225,0,0,125,-18.2257
1.25,0,0,125,-18.1821
1.275,0,0,125,-18.1387
1.3,0,0,125,-18.0955
1.325,0,0,125,-18.0525
1.35,0,0,125,-18.0098
1.375,0,0,125,-17.9672
1.4,0,0,125,-17.9249
1.425,0,0,125,-17.8827
1.45,0,0,125,-17.8407
1.475,0,0,125,-17.7989
1.5,0,0,125,-17.7572
1.525,0,0,125,-17.7158
1.55,0,0,125,-17.6744
1.575,0,0,125,-17.6333
1.6,0,0,125,-17.5922
1.625,0,0,125,-17.5513
1.65,0,0,125,-17.5106
1.675,0,0,125,-17.4699
1.7,0,0,125,-17.4294
1.725,0,0,125,-17.389
1.75,0,0,125,-17.3486
1.775,0,0,125,-17.3084
1.8,0,0,125,-17.2682
1.825,0,0,125,-17.2282
1.85,0,0,125,-17.1881
1.875,0,0,125,-17.1482
1.9,0,0,125,-17.1083
1.925,0,0,125,-17.0684
1.95,0,0,125,-17.0286
1.975,0,0,125,-16.9888
2,0,0,125,-16.949
2.025,0,0,125,-16.9092
2.05,0,0,125,-16.8694
2.075,0,0,125,-16.8296
2.1,0,0,125,-16.7898
2.125,0,0,125,-16.75
2.15,0,0,125,-16.7102
2.175,0,0,125,-16.6703
2.2,0,0,125,-16.6304
2.225,0,0,125,-16.5904
2.25,0,0,125,-16.5504
2.275,0,0,125,-16.5103
2.3,0,0,125,-16.4702
2.325,0,0,125,-16.4299
2.35,0,0,125,-16.3896
2.375,0,0,125,-16.3491
2.4,0,0,125,-16.3086
2.425,0,0,125,-16.2679
2.45,0,0,125,-16.2272
2.475,0,0,125,-16.1863
2.5,0,0,125,-16.1452
2.525,0,0,125,-16.1041
2.55,0,0,125,-16.0628
2.575,0,0,125,-16.0213
2.6,0,0,125,-15.9797
2.625,0,0,125,-15.9379
2.65,0,0,125,-15.8959
2.675,0,0,125,-15.8537
2.7,0,0,125,-15.8114
2.725,0,0,125,-15.7688
2.75,0,0,125,-15.7261
2.775,0,0,125,-15.6831
2.8,0,0,125,-15.6399
2.825,0,0,125,-15.5965
2.85,0,0,125,-15.5528
2.875,0,0,125,-15.5089
2.9,0,0,125,-15.4647
2.925,0,0,125,-15.4203
2.95,0,0,125,-15.3756
2.975,0,0,125,-15.3307
3,0,0,125,-15.2855
3.025,0,0,125,-15.2399
3.05,0,0,125,-15.1941
3.075,0,0,125,-15.148
3.1,0,0,125,-15.1016
3.125,0,0,125,-15.0548
3.15,0,0,125,-15.0078
3.175,0,0,125,-14.9604
3.2,0,0,125,-14.9127
3.225,0,0,125,-14.8646
3.25,0,0,125,-14.8162
3.275,0,0,125,-14.7675
3.3,0,0,125,-14.7184
3.325,0,0,125,-14.669
3.35,0,0,125,-14.6192
3.375,0,0,125,-14.5691
3.4,0,0,125,-14.5186
3.425,0,0,125,-14.4677
3.45,0,0,125,-14.4165
3.475,0,0,125,-14.3649
3.5,0,0,125,-14.313
3.525,0,0,125,-14.2608
3.55,0,0,125,-14.2082
3.575,0,0,125,-14.1552
3.6,0,0,125,-14.1019
3.625,0,0,125,-14.0483
3.65,0,0,125,-13.9943
3.675,0,0,125,-13.9401
3.7,0,0,125,-13.8855
3.725,0,0,125,-13.8306
3.75,0,0,125,-13.7755
3.775,0,0,125,-13.72
3.8,0,0,125,-13.6644
3.825,0,0,125,-13.6084
3.85,0,0,125,-13.5523
3.875,0,0,125,-13.496
3.9,0,0,125,-13.4394
3.925,0,0,125,-13.3827
3.95,0,0,125,-13.3259
3.975,0,0,125,-13.2689
4,0,0,125,-13.2119
4.025,0,0,125,-13.1548
4.05,0,0,125,-13.0977
4.075,0,0,125,-13.0405
4.1,0,0,125,-12.9834
4.125,0,0,125,-12.9264
4.15,0,0,125,-12.8695
4.175,0,0,125,-12.8127
4.2,0,0,125,-12.7562
4.225,0,0,125,-12.6998
4.25,0,0,125,-12.6437
4.275,0,0,125,-12.588
4.3,0,0,125,-12.5326
4.325,0,0,125,-12.4776
4.35,0,0,125,-12.4231
4.375,0,0,125,-12.3691
4.4,0,0,125,-12.3156
4.425,0,0,125,-12.2629
4.45,0,0,125,-12.2108
4.475,0,0,125,-12.1595
4.5,0,0,125,-12.1091
4.525,0,0,125,-12.0595
4.55,0,0,125,-12.011
4.575,0,0,125,-11.9636
4.6,0,0,125,-11.9174
4.625,0,0,125,-11.8725
4.65,0,0,125,-11.829
4.675,0,0,125,-11.7871
4.7,0,0,125,-11.7468
4.725,0,0,125,-11.7084
4.75,0,0,125,-11.6719
4.775,0,0,125,-11.6377
4.8,0,0,125,-11.6058
4.825,0,0,125,-11.5765
4.85,0,0,125,-11.55
4.875,0,0,125,-11.5266
4.9,0,0,125,-11.5065
4.925,0,0,125,-11.4901
4.95,0,0,125,-11.4774
4.975,0,0,125,-11.4689
5,0,0,125,-11.4646
