0,0,0,125,-15.2714
0.025,0,0,125,-15.2694
0.05,0,0,125,-15.2655
0.075,0,0,125,-15.2597
0.1,0,0,125,-15.2521
0.125,0,0,125,-15.2426
0.15,0,0,125,-15.2315
0.175,0,0,125,-15.219
0.2,0,0,125,-15.2052
0.225,0,0,125,-15.1903
0.25,0,0,125,-15.1744
0.275,0,0,125,-15.1576
0.3,0,0,125,-15.14
0.325,0,0,125,-15.1217
0.35,0,0,125,-15.1028
0.375,0,0,125,-15.0833
0.4,0,0,125,-15.0633
0.425,0,0,125,-15.0429
0.45,0,0,125,-15.022
0.475,0,0,125,-15.0009
0.5,0,0,125,-14.9794
0.525,0,0,125,-14.9576
0.55,0,0,125,-14.9356
0.575,0,0,125,-14.9134
0.6,0,0,125,-14.8911
0.625,0,0,125,-14.8685
0.65,0,0,125,-14.8459
0.675,0,0,125,-14.8231
0.7,0,0,125,-14.8002
0.725,0,0,125,-14.7773
0.75,0,0,125,-14.7542
0.775,0,0,125,-14.7312
0.8,0,0,125,-14.7081
0.825,0,0,125,-14.6849
0.85,0,0,125,-14.6617
0.875,0,0,125,-14.6386
0.9,0,0,125,-14.6154
0.925,0,0,125,-14.5922
0.95,0,0,125,-14.569
0.975,0,0,125,-14.5458
1,0,0,125,-14.5227
1.025,0,0,125,-14.4995
1.05,0,0,125,-14.4764
1.075,0,0,125,-14.4533
1.1,0,0,125,-14.4302
1.125,0,0,125,-14.4072
1.15,0,0,125,-14.3842
1.175,0,0,125,-14.3612
1.2,0,0,125,-14.3383
1.225,0,0,125,-14.3154
1.25,0,0,125,-14.2925
1.275,0,0,125,-14.2697
1.3,0,0,125,-14.2469
1.325,0,0,125,-14.2241
1.35,0,0,125,-14.2014
1.375,0,0,125,-14.1788
1.4,0,0,125,-14.1561
1.425,0,0,125,-14.1335
1.45,0,0,125,-14.111
1.475,0,0,125,-14.0885
1.5,0,0,125,-14.066
1.525,0,0,125,-14.0436
1.55,0,0,125,-14.0212
1.575,0,0,125,-13.9989
1.6,0,0,125,-13.9766
1.625,0,0,125,-13.9543
1.65,0,0,125,-13.9321
1.675,0,0,125,-13.9099
1.7,0,0,125,-13.8878
1.725,0,0,125,-13.8657
1.75,0,0,125,-13.8436
1.775,0,0,125,-13.8216
1.8,0,0,125,-13.7996
1.825,0,0,125,-13.7776
1.85,0,0,125,-13.7557
1.875,0,0,125,-13.7339
1.9,0,0,125,-13.712
1.925,0,0,125,-13.6902
1.95,0,0,125,-13.6685
1.975,0,0,125,-13.6467
2,0,0,125,-13.6251
2.025,0,0,125,-13.6034
2.05,0,0,125,-13.5818
2.075,0,0,125,-13.5602
2.1,0,0,125,-13.5386
2.125,0,0,125,-13.5171
2.15,0,0,125,-13.4956
2.175,0,0,125,-13.4742
2.2,0,0,125,-13.4528
2.225,0,0,125,-13.4314
2.25,0,0,125,-13.4101
2.275,0,0,125,-13.3888
2.3,0,0,125,-13.3675
2.325,0,0,125,-13.3462
2.35,0,0,125,-13.325
2.375,0,0,125,-13.3039
2.4,0,0,125,-13.2827
2.425,0,0,125,-13.2616
2.45,0,0,125,-13.2405
2.475,0,0,125,-13.2195
2.5,0,0,125,-13.1985
2.525,0,0,125,-13.1775
2.55,0,0,125,-13.1565
2.575,0,0,125,-13.1356
2.6,0,0,125,-13.1147
2.625,0,0,125,-13.0938
2.65,0,0,125,-13.073
2.675,0,0,125,-13.0522
2.7,0,0,125,-13.0314
2.725,0,0,125,-13.0107
2.75,0,0,125,-12.9899
2.775,0,0,125,-12.9692
2.8,0,0,125,-12.9486
2.825,0,0,125,-12.9279
2.85,0,0,125,-12.9073
2.875,0,0,125,-12.8868
2.9,0,0,125,-12.8662
2.925,0,0,125,-12.8457
2.95,0,0,125,-12.8252
2.975,0,0,125,-12.8047
3,0,0,125,-12.7843
3.025,0,0,125,-12.7639
3.05,0,0,125,-12.7435
3.075,0,0,125,-12.7231
3.1,0,0,125,-12.7028
3.125,0,0,125,-12.6825
3.15,0,0,125,-12.6622
3.175,0,0,125,-12.642
3.2,0,0,125,-12.6217
3.225,0,0,125,-12.6015
3.25,0,0,125,-12.5813
3.275,0,0,125,-12.5611
3.3,0,0,125,-12.541
3.325,0,0,125,-12.5209
3.35,0,0,125,-12.5008
3.375,0,0,125,-12.4807
3.4,0,0,125,-12.4606
3.425,0,0,125,-12.4406
3.45,0,0,125,-12.4206
3.475,0,0,125,-12.4006
3.5,0,0,125,-12.3806
3.525,0,0,125,-12.3607
3.55,0,0,125,-12.3407
3.575,0,0,125,-12.3208
3.6,0,0,125,-12.3009
3.625,0,0,125,-12.2811
3.65,0,0,125,-12.2612
3.675,0,0,125,-12.2414
3.7,0,0,125,-12.2216
3.725,0,0,125,-12.2018
3.75,0,0,125,-12.182
3.775,0,0,125,-12.1623
3.8,0,0,125,-12.1425
3.825,0,0,125,-12.1228
3.85,0,0,125,-12.1031
3.875,0,0,125,-12.0834
3.9,0,0,125,-12.0637
3.925,0,0,125,-12.0441
3.95,0,0,125,-12.0244
3.975,0,0,125,-12.0048
4,0,0,125,-11.9852
4.025,0,0,125,-11.9656
4.05,0,0,125,-11.9461
4.075,0,0,125,-11.9266
4.1,0,0,125,-11.9071
4.125,0,0,125,-11.8876
4.15,0,0,125,-11.8682
4.175,0,0,125,-11.8488
4.2,0,0,125,-11.8295
4.225,0,0,125,-11.8102
4.25,0,0,125,-11.7909
4.275,0,0,125,-11.7717
4.3,0,0,125,-11.7526
4.325,0,0,125,-11.7336
4.35,0,0,125,-11.7146
4.375,0,0,125,-11.6958
4.4,0,0,125,-11.677
4.425,0,0,125,-11.6584
4.45,0,0,125,-11.6399
4.475,0,0,125,-11.6216
4.5,0,0,125,-11.6035
4.525,0,0,125,-11.5856
4.55,0,0,125,-11.568
4.575,0,0,125,-11.5506
4.6,0,0,125,-11.5335
4.625,0,0,125,-11.5168
4.65,0,0,125,-11.5005
4.675,0,0,125,-11.4846
4.7,0,0,125,-11.4692
4.725,0,0,125,-11.4545
4.75,0,0,125,-11.4404
4.775,0,0,125,-11.427
4.8,0,0,125,-11.4145
4.825,0,0,125,-11.4029
4.85,0,0,125,-11.3923
4.875,0,0,125,-11.383
4.9,0,0,125,-11.3749
4.925,0,0,125,-11.3682
4.95,0,0,125,-11.3631
4.975,0,0,125,-11.3596
5,0,0,125,-11.3579
