0,0,0,125,-43.4792
0.025,0,0,125,-43.4739
0.05,0,0,125,-43.4634
0.075,0,0,125,-43.4476
0.1,0,0,125,-43.4267
0.125,0,0,125,-43.4006
0.15,0,0,125,-43.3697
0.175,0,0,125,-43.3342
0.2,0,0,125,-43.2942
0.225,0,0,125,-43.25
0.25,0,0,125,-43.2018
0.275,0,0,125,-43.1496
0.3,0,0,125,-43.0938
0.325,0,0,125,-43.0343
0.35,0,0,125,-42.9714
0.375,0,0,125,-42.9052
0.4,0,0,125,-42.8358
0.425,0,0,125,-42.7633
0.45,0,0,125,-42.6878
0.475,0,0,125,-42.6096
0.5,0,0,125,-42.5286
0.525,0,0,125,-42.445
0.55,0,0,125,-42.3588
0.575,0,0,125,-42.2703
0.6,0,0,125,-42.1794
0.625,0,0,125,-42.0864
0.65,0,0,125,-41.9912
0.675,0,0,125,-41.8939
0.7,0,0,125,-41.7947
0.725,0,0,125,-41.6937
0.75,0,0,125,-41.5909
0.775,0,0,125,-41.4864
0.8,0,0,125,-41.3803
0.825,0,0,125,-41.2727
0.85,0,0,125,-41.1637
0.875,0,0,125,-41.0533
0.9,0,0,125,-40.9416
0.925,0,0,125,-40.8287
0.95,0,0,125,-40.7146
0.975,0,0,125,-40.5995
1,0,0,125,-40.4834
1.025,0,0,125,-40.3664
1.05,0,0,125,-40.2485
1.075,0,0,125,-40.1299
1.1,0,0,125,-40.0105
1.125,0,0,125,-39.8904
1.15,0,0,125,-39.7698
1.175,0,0,125,-39.6486
1.2,0,0,125,-39.5269
1.225,0,0,125,-39.4048
1.25,0,0,125,-39.2824
1.275,0,0,125,-39.1596
1.3,0,0,125,-39.0365
1.325,0,0,125,-38.9133
1.35,0,0,125,-38.7899
1.375,0,0,125,-38.6664
1.4,0,0,125,-38.5428
1.425,0,0,125,-38.4192
1.45,0,0,125,-38.2957
1.475,0,0,125,-38.1722
1.5,0,0,125,-38.0488
1.525,0,0,125,-37.9256
1.55,0,0,125,-37.8025
1.575,0,0,125,-37.6797
1.6,0,0,125,-37.5571
1.625,0,0,125,-37.4348
1.65,0,0,125,-37.3128
1.675,0,0,125,-37.1911
1.7,0,0,125,-37.0698
1.725,0,0,125,-36.9489
1.75,0,0,125,-36.8284
1.775,0,0,125,-36.7084
1.8,0,0,125,-36.5888
1.825,0,0,125,-36.4697
1.85,0,0,125,-36.3512
1.875,0,0,125,-36.2331
1.9,0,0,125,-36.1155
1.925,0,0,125,-35.9985
1.95,0,0,125,-35.8821
1.975,0,0,125,-35.7662
2,0,0,125,-35.6509
2.025,0,0,125,-35.5362
2.05,0,0,125,-35.4221
2.075,0,0,125,-35.3086
2.1,0,0,125,-35.1957
2.125,0,0,125,-35.0834
2.15,0,0,125,-34.9717
2.175,0,0,125,-34.8607
2.2,0,0,125,-34.7502
2.225,0,0,125,-34.6404
2.25,0,0,125,-34.5312
2.275,0,0,125,-34.4226
2.3,0,0,125,-34.3146
2.325,0,0,125,-34.2072
2.35,0,0,125,-34.1005
2.375,0,0,125,-33.9943
2.4,0,0,125,-33.8887
2.425,0,0,125,-33.7837
2.45,0,0,125,-33.6793
2.475,0,0,125,-33.5755
2.5,0,0,125,-33.4722
2.525,0,0,125,-33.3695
2.55,0,0,125,-33.2674
2.575,0,0,125,-33.1658
2.6,0,0,125,-33.0647
2.625,0,0,125,-32.9641
2.65,0,0,125,-32.8641
2.675,0,0,125,-32.7645
2.7,0,0,125,-32.6655
2.725,0,0,125,-32.5669
2.75,0,0,125,-32.4688
2.775,0,0,125,-32.3712
2.8,0,0,125,-32.2739
2.825,0,0,125,-32.1772
2.85,0,0,125,-32.0808
2.875,0,0,125,-31.9849
2.9,0,0,125,-31.8893
2.925,0,0,125,-31.7941
2.95,0,0,125,-31.6993
2.975,0,0,125,-31.6049
3,0,0,125,-31.5108
3.025,0,0,125,-31.417
3.05,0,0,125,-31.3236
3.075,0,0,125,-31.2304
3.1,0,0,125,-31.1376
3.125,0,0,125,-31.045
3.15,0,0,125,-30.9527
3.175,0,0,125,-30.8607
3.2,0,0,125,-30.769
3.225,0,0,125,-30.6775
3.25,0,0,125,-30.5862
3.275,0,0,125,-30.4952
3.3,0,0,125,-30.4044
3.325,0,0,125,-30.3138
3.35,0,0,125,-30.2234
3.375,0,0,125,-30.1332
3.4,0,0,125,-30.0431
3.425,0,0,125,-29.9533
3.45,0,0,125,-29.8637
3.475,0,0,125,-29.7742
3.5,0,0,125,-29.6849
3.525,0,0,125,-29.5958
3.55,0,0,125,-29.5068
3.575,0,0,125,-29.418
3.6,0,0,125,-29.3294
3.625,0,0,125,-29.2409
3.65,0,0,125,-29.1527
3.675,0,0,125,-29.0645
3.7,0,0,125,-28.9766
3.725,0,0,125,-28.8888
3.75,0,0,125,-28.8013
3.775,0,0,125,-28.7139
3.8,0,0,125,-28.6268
3.825,0,0,125,-28.5398
3.85,0,0,125,-28.4531
3.875,0,0,125,-28.3666
3.9,0,0,125,-28.2804
3.925,0,0,125,-28.1945
3.95,0,0,125,-28.1088
3.975,0,0,125,-28.0235
4,0,0,125,-27.9385
4.025,0,0,125,-27.8539
4.05,0,0,125,-27.7697
4.075,0,0,125,-27.6859
4.1,0,0,125,-27.6025
4.125,0,0,125,-27.5197
4.15,0,0,125,-27.4374
4.175,0,0,125,-27.3557
4.2,0,0,125,-27.2746
4.225,0,0,125,-27.1941
4.25,0,0,125,-27.1144
4.275,0,0,125,-27.0355
4.3,0,0,125,-26.9574
4.325,0,0,125,-26.8802
4.35,0,0,125,-26.8039
4.375,0,0,125,-26.7287
4.4,0,0,125,-26.6546
4.425,0,0,125,-26.5818
4.45,0,0,125,-26.5102
4.475,0,0,125,-26.4399
4.5,0,0,125,-26.3712
4.525,0,0,125,-26.304
4.55,0,0,125,-26.2386
4.575,0,0,125,-26.1749
4.6,0,0,125,-26.1132
4.625,0,0,125,-26.0536
4.65,0,0,125,-25.9962
4.675,0,0,125,-25.9413
4.7,0,0,125,-25.8888
4.725,0,0,125,-25.8391
4.75,0,0,125,-25.7923
4.775,0,0,125,-25.7487
4.8,0,0,125,-25.7084
4.825,0,0,125,-25.6716
4.85,0,0,125,-25.6387
4.875,0,0,125,-25.6098
4.9,0,0,125,-25.5852
4.925,0,0,125,-25.5651
4.95,0,0,125,-25.5498
4.975,0,0,125,-25.5396
5,0,0,125,-25.5344
