0,0,0,125,-34.692
0.025,0,0,125,-34.6865
0.05,0,0,125,-34.6755
0.075,0,0,125,-34.6591
0.1,0,0,125,-34.6373
0.125,0,0,125,-34.6103
0.15,0,0,125,-34.5782
0.175,0,0,125,-34.5416
0.2,0,0,125,-34.5005
0.225,0,0,125,-34.4552
0.25,0,0,125,-34.406
0.275,0,0,125,-34.3531
0.3,0,0,125,-34.2967
0.325,0,0,125,-34.2369
0.35,0,0,125,-34.174
0.375,0,0,125,-34.1081
0.4,0,0,125,-34.0394
0.425,0,0,125,-33.968
0.45,0,0,125,-33.8941
0.475,0,0,125,-33.8179
0.5,0,0,125,-33.7395
0.525,0,0,125,-33.659
0.55,0,0,125,-33.5765
0.575,0,0,125,-33.4923
0.6,0,0,125,-33.4063
0.625,0,0,125,-33.3188
0.65,0,0,125,-33.2299
0.675,0,0,125,-33.1396
0.7,0,0,125,-33.0481
0.725,0,0,125,-32.9554
0.75,0,0,125,-32.8618
0.775,0,0,125,-32.7672
0.8,0,0,125,-32.6718
0.825,0,0,125,-32.5757
0.85,0,0,125,-32.4789
0.875,0,0,125,-32.3815
0.9,0,0,125,-32.2837
0.925,0,0,125,-32.1855
0.95,0,0,125,-32.0869
0.975,0,0,125,-31.988
1,0,0,125,-31.889
1.025,0,0,125,-31.7898
1.05,0,0,125,-31.6906
1.075,0,0,125,-31.5914
1.1,0,0,125,-31.4922
1.125,0,0,125,-31.3931
1.15,0,0,125,-31.2942
1.175,0,0,125,-31.1955
1.2,0,0,125,-31.097
1.225,0,0,125,-30.9988
1.25,0,0,125,-30.901
1.275,0,0,125,-30.8035
1.3,0,0,125,-30.7065
1.325,0,0,125,-30.6099
1.35,0,0,125,-30.5138
1.375,0,0,125,-30.4182
1.4,0,0,125,-30.3231
1.425,0,0,125,-30.2285
1.45,0,0,125,-30.1346
1.475,0,0,125,-30.0412
1.5,0,0,125,-29.9485
1.525,0,0,125,-29.8564
1.55,0,0,125,-29.765
1.575,0,0,125,-29.6742
1.6,0,0,125,-29.5841
1.625,0,0,125,-29.4946
1.65,0,0,125,-29.4059
1.675,0,0,125,-29.3179
1.7,0,0,125,-29.2306
1.725,0,0,125,-29.1439
1.75,0,0,125,-29.058
1.775,0,0,125,-28.9728
1.8,0,0,125,-28.8884
1.825,0,0,125,-28.8046
1.85,0,0,125,-28.7216
1.875,0,0,125,-28.6392
1.9,0,0,125,-28.5576
1.925,0,0,125,-28.4766
1.95,0,0,125,-28.3964
1.975,0,0,125,-28.3168
2,0,0,125,-28.238
2.025,0,0,125,-28.1598
2.05,0,0,125,-28.0823
2.075,0,0,125,-28.0054
2.1,0,0,125,-27.9292
2.125,0,0,125,-27.8536
2.15,0,0,125,-27.7787
2.175,0,0,125,-27.7044
2.2,0,0,125,-27.6307
2.225,0,0,125,-27.5576
2.25,0,0,125,-27.4851
2.275,0,0,125,-27.4131
2.3,0,0,125,-27.3417
2.325,0,0,125,-27.2709
2.35,0,0,125,-27.2006
2.375,0,0,125,-27.1309
2.4,0,0,125,-27.0616
2.425,0,0,125,-26.9929
2.45,0,0,125,-26.9246
2.475,0,0,125,-26.8568
2.5,0,0,125,-26.7895
2.525,0,0,125,-26.7227
2.55,0,0,125,-26.6563
2.575,0,0,125,-26.5903
2.6,0,0,125,-26.5247
2.625,0,0,125,-26.4595
2.65,0,0,125,-26.3948
2.675,0,0,125,-26.3303
2.7,0,0,125,-26.2663
2.725,0,0,125,-26.2026
2.75,0,0,125,-26.1393
2.775,0,0,125,-26.0762
2.8,0,0,125,-26.0135
2.825,0,0,125,-25.9511
2.85,0,0,125,-25.889
2.875,0,0,125,-25.8271
2.9,0,0,125,-25.7655
2.925,0,0,125,-25.7042
2.95,0,0,125,-25.6431
2.975,0,0,125,-25.5822
3,0,0,125,-25.5215
3.025,0,0,125,-25.4611
3.05,0,0,125,-25.4008
3.075,0,0,125,-25.3407
3.1,0,0,125,-25.2808
3.125,0,0,125,-25.2211
3.15,0,0,125,-25.1614
3.175,0,0,125,-25.102
3.2,0,0,125,-25.0426
3.225,0,0,125,-24.9834
3.25,0,0,125,-24.9243
3.275,0,0,125,-24.8653
3.3,0,0,125,-24.8063
3.325,0,0,125,-24.7475
3.35,0,0,125,-24.6887
3.375,0,0,125,-24.63
3.4,0,0,125,-24.5713
3.425,0,0,125,-24.5127
3.45,0,0,125,-24.4542
3.475,0,0,125,-24.3956
3.5,0,0,125,-24.3371
3.525,0,0,125,-24.2787
3.55,0,0,125,-24.2202
3.575,0,0,125,-24.1618
3.6,0,0,125,-24.1033
3.625,0,0,125,-24.0449
3.65,0,0,125,-23.9864
3.675,0,0,125,-23.928
3.7,0,0,125,-23.8695
3.725,0,0,125,-23.8111
3.75,0,0,125,-23.7526
3.775,0,0,125,-23.6942
3.8,0,0,125,-23.6357
3.825,0,0,125,-23.5772
3.85,0,0,125,-23.5187
3.875,0,0,125,-23.4602
3.9,0,0,125,-23.4017
3.925,0,0,125,-23.3433
3.95,0,0,125,-23.2848
3.975,0,0,125,-23.2264
4,0,0,125,-23.168
4.025,0,0,125,-23.1096
4.05,0,0,125,-23.0514
4.075,0,0,125,-22.9932
4.1,0,0,125,-22.9351
4.125,0,0,125,-22.8771
4.15,0,0,125,-22.8193
4.175,0,0,125,-22.7616
4.2,0,0,125,-22.7041
4.225,0,0,125,-22.6469
4.25,0,0,125,-22.5899
4.275,0,0,125,-22.5332
4.3,0,0,125,-22.4768
4.325,0,0,125,-22.4209
4.35,0,0,125,-22.3653
4.375,0,0,125,-22.3102
4.4,0,0,125,-22.2556
4.425,0,0,125,-22.2017
4.45,0,0,125,-22.1483
4.475,0,0,125,-22.0958
4.5,0,0,125,-22.044
4.525,0,0,125,-21.9931
4.55,0,0,125,-21.9433
4.575,0,0,125,-21.8945
4.6,0,0,125,-21.8469
4.625,0,0,125,-21.8006
4.65,0,0,125,-21.7558
4.675,0,0,125,-21.7126
4.7,0,0,125,-21.6711
4.725,0,0,125,-21.6316
4.75,0,0,125,-21.5941
4.775,0,0,125,-21.5589
4.8,0,0,125,-21.5262
4.825,0,0,125,-21.4961
4.85,0,0,125,-21.4691
4.875,0,0,125,-21.4452
4.9,0,0,125,-21.4248
4.925,0,0,125,-21.4081
4.95,0,0,125,-21.3953
4.975,0,0,125,-21.3866
5,0,0,125,-21.3823
