0,0,0,125,-19.9132
0.025,0,0,125,-19.9092
0.05,0,0,125,-19.9014
0.075,0,0,125,-19.8896
0.1,0,0,125,-19.8741
0.125,0,0,125,-19.8549
0.15,0,0,125,-19.8324
0.175,0,0,125,-19.8069
0.2,0,0,125,-19.7787
0.225,0,0,125,-19.7482
0.25,0,0,125,-19.7156
0.275,0,0,125,-19.6811
0.3,0,0,125,-19.6449
0.325,0,0,125,-19.6071
0.35,0,0,125,-19.568
0.375,0,0,125,-19.5277
0.4,0,0,125,-19.4864
0.425,0,0,125,-19.4441
0.45,0,0,125,-19.401
0.475,0,0,125,-19.3572
0.5,0,0,125,-19.3128
0.525,0,0,125,-19.2679
0.55,0,0,125,-19.2226
0.575,0,0,125,-19.1768
0.6,0,0,125,-19.1308
0.625,0,0,125,-19.0846
0.65,0,0,125,-19.0381
0.675,0,0,125,-18.9916
0.7,0,0,125,-18.9449
0.725,0,0,125,-18.8983
0.75,0,0,125,-18.8516
0.775,0,0,125,-18.8049
0.8,0,0,125,-18.7583
0.825,0,0,125,-18.7118
0.85,0,0,125,-18.6653
0.875,0,0,125,-18.619
0.9,0,0,125,-18.5728
0.925,0,0,125,-18.5268
0.95,0,0,125,-18.4809
0.975,0,0,125,-18.4352
1,0,0,125,-18.3897
1.025,0,0,125,-18.3444
1.05,0,0,125,-18.2993
1.075,0,0,125,-18.2544
1.1,0,0,125,-18.2097
1.125,0,0,125,-18.1652
1.15,0,0,125,-18.1209
1.175,0,0,125,-18.0768
1.2,0,0,125,-18.0329
1.225,0,0,125,-17.9892
1.25,0,0,125,-17.9457
1.275,0,0,125,-17.9024
1.3,0,0,125,-17.8594
1.325,0,0,125,-17.8165
1.35,0,0,125,-17.7737
1.375,0,0,125,-17.7312
1.4,0,0,125,-17.6889
1.425,0,0,125,-17.6467
1.45,0,0,125,-17.6046
1.475,0,0,125,-17.5628
1.5,0,0,125,-17.5211
1.525,0,0,125,-17.4795
1.55,0,0,125,-17.4381
1.575,0,0,125,-17.3968
1.6,0,0,125,-17.3556
1.625,0,0,125,-17.3145
1.65,0,0,125,-17.2736
1.675,0,0,125,-17.2327
1.7,0,0,125,-17.1919
1.725,0,0,125,-17.1513
1.75,0,0,125,-17.1107
1.775,0,0,125,-17.0701
1.8,0,0,125,-17.0296
1.825,0,0,125,-16.9892
1.85,0,0,125,-16.9489
1.875,0,0,125,-16.9085
1.9,0,0,125,-16.8682
1.925,0,0,125,-16.8279
1.95,0,0,125,-16.7876
1.975,0,0,125,-16.7474
2,0,0,125,-16.7071
2.025,0,0,125,-16.6668
2.05,0,0,125,-16.6265
2.075,0,0,125,-16.5862
2.1,0,0,125,-16.5458
2.125,0,0,125,-16.5054
2.15,0,0,125,-16.465
2.175,0,0,125,-16.4245
2.2,0,0,125,-16.3839
2.225,0,0,125,-16.3432
2.25,0,0,125,-16.3025
2.275,0,0,125,-16.2617
2.3,0,0,125,-16.2208
2.325,0,0,125,-16.1797
2.35,0,0,125,-16.1386
2.375,0,0,125,-16.0973
2.4,0,0,125,-16.056
2.425,0,0,125,-16.0144
2.45,0,0,125,-15.9728
2.475,0,0,125,-15.9309
2.5,0,0,125,-15.889
2.525,0,0,125,-15.8468
2.55,0,0,125,-15.8045
2.575,0,0,125,-15.762
2.6,0,0,125,-15.7193
2.625,0,0,125,-15.6764
2.65,0,0,125,-15.6333
2.675,0,0,125,-15.59
2.7,0,0,125,-15.5465
2.725,0,0,125,-15.5028
2.75,0,0,125,-15.4588
2.775,0,0,125,-15.4145
2.8,0,0,125,-15.37
2.825,0,0,125,-15.3253
2.85,0,0,125,-15.2802
2.875,0,0,125,-15.2349
2.9,0,0,125,-15.1893
2.925,0,0,125,-15.1435
2.95,0,0,125,-15.0973
2.975,0,0,125,-15.0508
3,0,0,125,-15.0039
3.025,0,0,125,-14.9568
3.05,0,0,125,-14.9093
3.075,0,0,125,-14.8615
3.1,0,0,125,-14.8133
3.125,0,0,125,-14.7648
3.15,0,0,125,-14.7159
3.175,0,0,125,-14.6666
3.2,0,0,125,-14.617
3.225,0,0,125,-14.5669
3.25,0,0,125,-14.5165
3.275,0,0,125,-14.4657
3.3,0,0,125,-14.4144
3.325,0,0,125,-14.3628
3.35,0,0,125,-14.3108
3.375,0,0,125,-14.2583
3.4,0,0,125,-14.2055
3.425,0,0,125,-14.1522
3.45,0,0,125,-14.0985
3.475,0,0,125,-14.0444
3.5,0,0,125,-13.9898
3.525,0,0,125,-13.9349
3.55,0,0,125,-13.8795
3.575,0,0,125,-13.8238
3.6,0,0,125,-13.7676
3.625,0,0,125,-13.711
3.65,0,0,125,-13.654
3.675,0,0,125,-13.5967
3.7,0,0,125,-13.539
3.725,0,0,125,-13.4809
3.75,0,0,125,-13.4224
3.775,0,0,125,-13.3636
3.8,0,0,125,-13.3045
3.825,0,0,125,-13.2451
3.85,0,0,125,-13.1854
3.875,0,0,125,-13.1254
3.9,0,0,125,-13.0652
3.925,0,0,125,-13.0048
3.95,0,0,125,-12.9441
3.975,0,0,125,-12.8833
4,0,0,125,-12.8224
4.025,0,0,125,-12.7613
4.05,0,0,125,-12.7002
4.075,0,0,125,-12.6391
4.1,0,0,125,-12.5779
4.125,0,0,125,-12.5168
4.15,0,0,125,-12.4558
4.175,0,0,125,-12.3949
4.2,0,0,125,-12.3342
4.225,0,0,125,-12.2737
4.25,0,0,125,-12.2135
4.275,0,0,125,-12.1537
4.3,0,0,125,-12.0942
4.325,0,0,125,-12.0352
4.35,0,0,125,-11.9766
4.375,0,0,125,-11.9187
4.4,0,0,125,-11.8614
4.425,0,0,125,-11.8048
4.45,0,0,125,-11.7489
4.475,0,0,125,-11.694
4.5,0,0,125,-11.6399
4.525,0,0,125,-11.5869
4.55,0,0,125,-11.535
4.575,0,0,125,-11.4844
4.6,0,0,125,-11.435
4.625,0,0,125,-11.3871
4.65,0,0,125,-11.3408
4.675,0,0,125,-11.2962
4.7,0,0,125,-11.2534
4.725,0,0,125,-11.2126
4.75,0,0,125,-11.1739
4.775,0,0,125,-11.1377
4.8,0,0,125,-11.1039
4.825,0,0,125,-11.073
4.85,0,0,125,-11.045
4.875,0,0,125,-11.0204
4.9,0,0,125,-10.9993
4.925,0,0,125,-10.982
4.95,0,0,125,-10.9687
4.975,0,0,125,-10.9597
5,0,0,125,-10.9552
