0,0,0,125,-17.6711
0.025,0,0,125,-17.669
0.05,0,0,125,-17.6649
0.075,0,0,125,-17.6586
0.1,0,0,125,-17.6504
0.125,0,0,125,-17.6402
0.15,0,0,125,-17.6282
0.175,0,0,125,-17.6146
0.2,0,0,125,-17.5996
0.225,0,0,125,-17.5834
0.25,0,0,125,-17.566
0.275,0,0,125,-17.5475
0.3,0,0,125,-17.5281
0.325,0,0,125,-17.5079
0.35,0,0,125,-17.4868
0.375,0,0,125,-17.4651
0.4,0,0,125,-17.4427
0.425,0,0,125,-17.4198
0.45,0,0,125,-17.3963
0.475,0,0,125,-17.3724
0.5,0,0,125,-17.348
0.525,0,0,125,-17.3233
0.55,0,0,125,-17.2982
0.575,0,0,125,-17.2729
0.6,0,0,125,-17.2472
0.625,0,0,125,-17.2214
0.65,0,0,125,-17.1953
0.675,0,0,125,-17.169
0.7,0,0,125,-17.1426
0.725,0,0,125,-17.116
0.75,0,0,125,-17.0893
0.775,0,0,125,-17.0626
0.8,0,0,125,-17.0357
0.825,0,0,125,-17.0087
0.85,0,0,125,-16.9817
0.875,0,0,125,-16.9547
0.9,0,0,125,-16.9276
0.925,0,0,125,-16.9004
0.95,0,0,125,-16.8733
0.975,0,0,125,-16.8461
1,0,0,125,-16.819
1.025,0,0,125,-16.7918
1.05,0,0,125,-16.7647
1.075,0,0,125,-16.7376
1.1,0,0,125,-16.7105
1.125,0,0,125,-16.6834
1.15,0,0,125,-16.6563
1.175,0,0,125,-16.6293
1.2,0,0,125,-16.6023
1.225,0,0,125,-16.5754
1.25,0,0,125,-16.5485
1.275,0,0,125,-16.5216
1.3,0,0,125,-16.4948
1.325,0,0,125,-16.4681
1.35,0,0,125,-16.4413
1.375,0,0,125,-16.4147
1.4,0,0,125,-16.3881
1.425,0,0,125,-16.3615
1.45,0,0,125,-16.3351
1.475,0,0,125,-16.3086
1.5,0,0,125,-16.2822
1.525,0,0,125,-16.2559
1.55,0,0,125,-16.2297
1.575,0,0,125,-16.2035
1.6,0,0,125,-16.1773
1.625,0,0,125,-16.1512
1.65,0,0,125,-16.1252
1.675,0,0,125,-16.0992
1.7,0,0,125,-16.0733
1.725,0,0,125,-16.0475
1.75,0,0,125,-16.0217
1.775,0,0,125,-15.9959
1.8,0,0,125,-15.9703
1.825,0,0,125,-15.9446
1.85,0,0,125,-15.9191
1.875,0,0,125,-15.8936
1.9,0,0,125,-15.8682
1.925,0,0,125,-15.8428
1.95,0,0,125,-15.8175
1.975,0,0,125,-15.7922
2,0,0,125,-15.767
2.025,0,0,125,-15.7419
2.05,0,0,125,-15.7168
2.075,0,0,125,-15.6917
2.1,0,0,125,-15.6668
2.125,0,0,125,-15.6418
2.15,0,0,125,-15.617
2.175,0,0,125,-15.5922
2.2,0,0,125,-15.5674
2.225,0,0,125,-15.5427
2.25,0,0,125,-15.518
2.275,0,0,125,-15.4935
2.3,0,0,125,-15.4689
2.325,0,0,125,-15.4444
2.35,0,0,125,-15.42
2.375,0,0,125,-15.3956
2.4,0,0,125,-15.3713
2.425,0,0,125,-15.347
2.45,0,0,125,-15.3228
2.475,0,0,125,-15.2986
2.5,0,0,125,-15.2745
2.525,0,0,125,-15.2504
2.55,0,0,125,-15.2264
2.575,0,0,125,-15.2024
2.6,0,0,125,-15.1785
2.625,0,0,125,-15.1546
2.65,0,0,125,-15.1308
2.675,0,0,125,-15.107
2.7,0,0,125,-15.0833
2.725,0,0,125,-15.0596
2.75,0,0,125,-15.0359
2.775,0,0,125,-15.0123
2.8,0,0,125,-14.9888
2.825,0,0,125,-14.9653
2.85,0,0,125,-14.9418
2.875,0,0,125,-14.9184
2.9,0,0,125,-14.8951
2.925,0,0,125,-14.8718
2.95,0,0,125,-14.8485
2.975,0,0,125,-14.8253
3,0,0,125,-14.8021
3.025,0,0,125,-14.7789
3.05,0,0,125,-14.7558
3.075,0,0,125,-14.7328
3.1,0,0,125,-14.7098
3.125,0,0,125,-14.6868
3.15,0,0,125,-14.6638
3.175,0,0,125,-14.6409
3.2,0,0,125,-14.6181
3.225,0,0,125,-14.5953
3.25,0,0,125,-14.5725
3.275,0,0,125,-14.5498
3.3,0,0,125,-14.5271
3.325,0,0,125,-14.5044
3.35,0,0,125,-14.4818
3.375,0,0,125,-14.4592
3.4,0,0,125,-14.4367
3.425,0,0,125,-14.4142
3.45,0,0,125,-14.3917
3.475,0,0,125,-14.3693
3.5,0,0,125,-14.3469
3.525,0,0,125,-14.3245
3.55,0,0,125,-14.3022
3.575,0,0,125,-14.2799
3.6,0,0,125,-14.2577
3.625,0,0,125,-14.2355
3.65,0,0,125,-14.2133
3.675,0,0,125,-14.1911
3.7,0,0,125,-14.169
3.725,0,0,125,-14.147
3.75,0,0,125,-14.1249
3.775,0,0,125,-14.1029
3.8,0,0,125,-14.0809
3.825,0,0,125,-14.059
3.85,0,0,125,-14.0371
3.875,0,0,125,-14.0152
3.9,0,0,125,-13.9934
3.925,0,0,125,-13.9716
3.95,0,0,125,-13.9499
3.975,0,0,125,-13.9282
4,0,0,125,-13.9065
4.025,0,0,125,-13.8849
4.05,0,0,125,-13.8633
4.075,0,0,125,-13.8418
4.1,0,0,125,-13.8203
4.125,0,0,125,-13.7989
4.15,0,0,125,-13.7776
4.175,0,0,125,-13.7563
4.2,0,0,125,-13.7351
4.225,0,0,125,-13.714
4.25,0,0,125,-13.6929
4.275,0,0,125,-13.672
4.3,0,0,125,-13.6511
4.325,0,0,125,-13.6304
4.35,0,0,125,-13.6097
4.375,0,0,125,-13.5893
4.4,0,0,125,-13.5689
4.425,0,0,125,-13.5488
4.45,0,0,125,-13.5288
4.475,0,0,125,-13.5091
4.5,0,0,125,-13.4896
4.525,0,0,125,-13.4703
4.55,0,0,125,-13.4513
4.575,0,0,125,-13.4327
4.6,0,0,125,-13.4145
4.625,0,0,125,-13.3966
4.65,0,0,125,-13.3793
4.675,0,0,125,-13.3624
4.7,0,0,125,-13.3462
4.725,0,0,125,-13.3305
4.75,0,0,125,-13.3157
4.775,0,0,125,-13.3016
4.8,0,0,125,-13.2884
4.825,0,0,125,-13.2763
4.85,0,0,125,-13.2652
4.875,0,0,125,-13.2554
4.9,0,0,125,-13.247
4.925,0,0,125,-13.2401
4.95,0,0,125,-13.2348
4.975,0,0,125,-13.2312
5,0,0,125,-13.2294
