0,0,0,125,-10.8742
0.025,0,0,125,-10.8681
0.05,0,0,125,-10.8561
0.075,0,0,125,-10.8381
0.1,0,0,125,-10.8141
0.125,0,0,125,-10.7844
0.15,0,0,125,-10.7492
0.175,0,0,125,-10.709
0.2,0,0,125,-10.6639
0.225,0,0,125,-10.6145
0.25,0,0,125,-10.5607
0.275,0,0,125,-10.5029
0.3,0,0,125,-10.4412
0.325,0,0,125,-10.3757
0.35,0,0,125,-10.3066
0.375,0,0,125,-10.234
0.4,0,0,125,-10.158
0.425,0,0,125,-10.0787
0.45,0,0,125,-9.99604
0.475,0,0,125,-9.91021
0.5,0,0,125,-9.82124
0.525,0,0,125,-9.72915
0.55,0,0,125,-9.63398
0.575,0,0,125,-9.53575
0.6,0,0,125,-9.43448
0.625,0,0,125,-9.33019
0.65,0,0,125,-9.22287
0.675,0,0,125,-9.11253
0.7,0,0,125,-8.99915
0.725,0,0,125,-8.88272
0.75,0,0,125,-8.76322
0.775,0,0,125,-8.64062
0.8,0,0,125,-8.5149
0.825,0,0,125,-8.38602
0.85,0,0,125,-8.25394
0.875,0,0,125,-8.1186
0.9,0,0,125,-7.97997
0.925,0,0,125,-7.83798
0.95,0,0,125,-7.69258
0.975,0,0,125,-7.5437
1,0,0,125,-7.39126
1.025,0,0,125,-7.23519
1.05,0,0,125,-7.07542
1.075,0,0,125,-6.91186
1.1,0,0,125,-6.74441
1.125,0,0,125,-6.57299
1.15,0,0,125,-6.39749
1.175,0,0,125,-6.21781
1.2,0,0,125,-6.03384
1.225,0,0,125,-5.84546
1.25,0,0,125,-5.65257
1.275,0,0,125,-5.45503
1.3,0,0,125,-5.25272
1.325,0,0,125,-5.0455
1.35,0,0,125,-4.83324
1.375,0,0,125,-4.6158
1.4,0,0,125,-4.39302
1.425,0,0,125,-4.16477
1.45,0,0,125,-3.93088
1.475,0,0,125,-3.6912
1.5,0,0,125,-3.44556
1.525,0,0,125,-3.1938
1.55,0,0,125,-2.93575
1.575,0,0,125,-2.67125
1.6,0,0,125,-2.4001
1.625,0,0,125,-2.12215
1.65,0,0,125,-1.8372
1.675,0,0,125,-1.54509
1.7,0,0,125,-1.24562
1.725,0,0,125,-0.938627
1.75,0,0,125,-0.623922
1.775,0,0,125,-0.301327
1.8,0,0,125,0.0293386
1.825,0,0,125,0.36825
1.85,0,0,125,0.715582
1.875,0,0,125,1.0715
1.9,0,0,125,1.43618
1.925,0,0,125,1.80978
1.95,0,0,125,2.19245
1.975,0,0,125,2.58435
2,0,0,125,2.98561
2.025,0,0,125,3.39637
2.05,0,0,125,3.81675
2.075,0,0,125,4.24686
2.1,0,0,125,4.68682
2.125,0,0,125,5.13671
2.15,0,0,125,5.59662
2.175,0,0,125,6.06661
2.2,0,0,125,6.54673
2.225,0,0,125,7.03702
2.25,0,0,125,7.53752
2.275,0,0,125,8.04821
2.3,0,0,125,8.56911
2.325,0,0,125,9.10017
2.35,0,0,125,9.64136
2.375,0,0,125,10.1926
2.4,0,0,125,10.7539
2.425,0,0,125,11.325
2.45,0,0,125,11.9058
2.475,0,0,125,12.4963
2.5,0,0,125,13.0962
2.525,0,0,125,13.7054
2.55,0,0,125,14.3236
2.575,0,0,125,14.9505
2.6,0,0,125,15.586
2.625,0,0,125,16.2296
2.65,0,0,125,16.8811
2.675,0,0,125,17.5401
2.7,0,0,125,18.2061
2.725,0,0,125,18.8786
2.75,0,0,125,19.5572
2.775,0,0,125,20.2413
2.8,0,0,125,20.9302
2.825,0,0,125,21.6234
2.85,0,0,125,22.3199
2.875,0,0,125,23.0191
2.9,0,0,125,23.7199
2.925,0,0,125,24.4215
2.95,0,0,125,25.1227
2.975,0,0,125,25.8225
3,0,0,125,26.5195
3.025,0,0,125,27.2125
3.05,0,0,125,27.9
3.075,0,0,125,28.5804
3.1,0,0,125,29.2523
3.125,0,0,125,29.9139
3.15,0,0,125,30.5635
3.175,0,0,125,31.1992
3.2,0,0,125,31.8193
3.225,0,0,125,32.4218
3.25,0,0,125,33.005
3.275,0,0,125,33.567
3.3,0,0,125,34.1059
3.325,0,0,125,34.6203
3.35,0,0,125,35.1084
3.375,0,0,125,35.5689
3.4,0,0,125,36.0003
3.425,0,0,125,36.4017
3.45,0,0,125,36.7718
3.475,0,0,125,37.1097
3.5,0,0,125,37.4141
3.525,0,0,125,37.6837
3.55,0,0,125,37.916
3.575,0,0,125,38.1073
3.6,0,0,125,38.2509
3.625,0,0,125,38.335
3.65,0,0,125,38.338
3.675,0,0,125,38.219
3.7,0,0,125,37.8998
3.725,0,0,125,37.2233
3.75,0,0,125,35.8622
3.775,0,0,125,33.1086
3.8,0,0,125,27.4307
3.825,0,0,125,15.9925
3.85,0,0,125,-3.11862
3.875,0,0,125,-24.1055
3.9,0,0,125,-41.0733
3.925,0,0,125,-53.3571
3.95,0,0,125,-61.9202
3.975,0,0,125,-67.8025
4,0,0,125,-71.816
4.025,0,0,125,-74.5444
4.05,0,0,125,-76.3948
4.075,0,0,125,-77.6474
4.1,0,0,125,-78.4941
4.125,0,0,125,-79.0652
4.15,0,0,125,-79.4497
4.175,0,0,125,-79.7077
4.2,0,0,125,-79.8801
4.225,0,0,125,-79.9946
4.25,0,0,125,-80.0699
4.275,0,0,125,-80.1187
4.3,0,0,125,-80.1496
4.325,0,0,125,-80.1685
4.35,0,0,125,-80.1793
4.375,0,0,125,-80.1846
4.4,0,0,125,-80.1863
4.425,0,0,125,-80.1855
4.45,0,0,125,-80.1833
4.475,0,0,125,-80.1799
4.5,0,0,125,-80.176
4.525,0,0,125,-80.1717
4.55,0,0,125,-80.1673
4.575,0,0,125,-80.1627
4.6,0,0,125,-80.1582
4.625,0,0,125,-80.1538
4.65,0,0,125,-80.1495
4.675,0,0,125,-80.1454
4.7,0,0,125,-80.1415
4.725,0,0,125,-80.1377
4.75,0,0,125,-80.1342
4.775,0,0,125,-80.1309
4.8,0,0,125,-80.1279
4.825,0,0,125,-80.1252
4.85,0,0,125,-80.1228
4.875,0,0,125,-80.1206
4.9,0,0,125,-80.1188
4.925,0,0,125,-80.1173
4.95,0,0,125,-80.1162
4.975,0,0,125,-80.1154
5,0,0,125,-80.1151
