0,0,0,125,-53.425
0.025,0,0,125,-53.4219
0.05,0,0,125,-53.4158
0.075,0,0,125,-53.4065
0.1,0,0,125,-53.3942
0.125,0,0,125,-53.3789
0.15,0,0,125,-53.3606
0.175,0,0,125,-53.3395
0.2,0,0,125,-53.3156
0.225,0,0,125,-53.2889
0.25,0,0,125,-53.2596
0.275,0,0,125,-53.2278
0.3,0,0,125,-53.1934
0.325,0,0,125,-53.1565
0.35,0,0,125,-53.1171
0.375,0,0,125,-53.0753
0.4,0,0,125,-53.0312
0.425,0,0,125,-52.9847
0.45,0,0,125,-52.9359
0.475,0,0,125,-52.8849
0.5,0,0,125,-52.8317
0.525,0,0,125,-52.7762
0.55,0,0,125,-52.7187
0.575,0,0,125,-52.6589
0.6,0,0,125,-52.5971
0.625,0,0,125,-52.5332
0.65,0,0,125,-52.4673
0.675,0,0,125,-52.3994
0.7,0,0,125,-52.3294
0.725,0,0,125,-52.2576
0.75,0,0,125,-52.1838
0.775,0,0,125,-52.1081
0.8,0,0,125,-52.0305
0.825,0,0,125,-51.951
0.85,0,0,125,-51.8698
0.875,0,0,125,-51.7867
0.9,0,0,125,-51.7019
0.925,0,0,125,-51.6153
0.95,0,0,125,-51.527
0.975,0,0,125,-51.437
1,0,0,125,-51.3453
1.025,0,0,125,-51.252
1.05,0,0,125,-51.1571
1.075,0,0,125,-51.0606
1.1,0,0,125,-50.9625
1.125,0,0,125,-50.8629
1.15,0,0,125,-50.7618
1.175,0,0,125,-50.6592
1.2,0,0,125,-50.5551
1.225,0,0,125,-50.4496
1.25,0,0,125,-50.3427
1.275,0,0,125,-50.2343
1.3,0,0,125,-50.1247
1.325,0,0,125,-50.0136
1.35,0,0,125,-49.9013
1.375,0,0,125,-49.7877
1.4,0,0,125,-49.6728
1.425,0,0,125,-49.5566
1.45,0,0,125,-49.4393
1.475,0,0,125,-49.3208
1.5,0,0,125,-49.2011
1.525,0,0,125,-49.0803
1.55,0,0,125,-48.9583
1.575,0,0,125,-48.8353
1.6,0,0,125,-48.7113
1.625,0,0,125,-48.5862
1.65,0,0,125,-48.46
1.675,0,0,125,-48.3329
1.7,0,0,125,-48.2049
1.725,0,0,125,-48.0759
1.75,0,0,125,-47.946
1.775,0,0,125,-47.8153
1.8,0,0,125,-47.6836
1.825,0,0,125,-47.5512
1.85,0,0,125,-47.4179
1.875,0,0,125,-47.2839
1.9,0,0,125,-47.149
1.925,0,0,125,-47.0135
1.95,0,0,125,-46.8773
1.975,0,0,125,-46.7404
2,0,0,125,-46.6028
2.025,0,0,125,-46.4646
2.05,0,0,125,-46.3258
2.075,0,0,125,-46.1863
2.1,0,0,125,-46.0464
2.125,0,0,125,-45.9059
2.15,0,0,125,-45.7649
2.175,0,0,125,-45.6234
2.2,0,0,125,-45.4814
2.225,0,0,125,-45.339
2.25,0,0,125,-45.1962
2.275,0,0,125,-45.053
2.3,0,0,125,-44.9095
2.325,0,0,125,-44.7656
2.35,0,0,125,-44.6214
2.375,0,0,125,-44.4769
2.4,0,0,125,-44.3321
2.425,0,0,125,-44.1871
2.45,0,0,125,-44.0419
2.475,0,0,125,-43.8965
2.5,0,0,125,-43.7509
2.525,0,0,125,-43.6052
2.55,0,0,125,-43.4593
2.575,0,0,125,-43.3134
2.6,0,0,125,-43.1673
2.625,0,0,125,-43.0213
2.65,0,0,125,-42.8751
2.675,0,0,125,-42.729
2.7,0,0,125,-42.5829
2.725,0,0,125,-42.4369
2.75,0,0,125,-42.2909
2.775,0,0,125,-42.1451
2.8,0,0,125,-41.9993
2.825,0,0,125,-41.8537
2.85,0,0,125,-41.7082
2.875,0,0,125,-41.563
2.9,0,0,125,-41.4179
2.925,0,0,125,-41.2731
2.95,0,0,125,-41.1285
2.975,0,0,125,-40.9842
3,0,0,125,-40.8403
3.025,0,0,125,-40.6966
3.05,0,0,125,-40.5533
3.075,0,0,125,-40.4104
3.1,0,0,125,-40.2679
3.125,0,0,125,-40.1259
3.15,0,0,125,-39.9843
3.175,0,0,125,-39.8431
3.2,0,0,125,-39.7025
3.225,0,0,125,-39.5624
3.25,0,0,125,-39.4228
3.275,0,0,125,-39.2839
3.3,0,0,125,-39.1455
3.325,0,0,125,-39.0078
3.35,0,0,125,-38.8707
3.375,0,0,125,-38.7343
3.4,0,0,125,-38.5986
3.425,0,0,125,-38.4636
3.45,0,0,125,-38.3294
3.475,0,0,125,-38.196
3.5,0,0,125,-38.0634
3.525,0,0,125,-37.9316
3.55,0,0,125,-37.8007
3.575,0,0,125,-37.6707
3.6,0,0,125,-37.5417
3.625,0,0,125,-37.4136
3.65,0,0,125,-37.2865
3.675,0,0,125,-37.1604
3.7,0,0,125,-37.0353
3.725,0,0,125,-36.9114
3.75,0,0,125,-36.7885
3.775,0,0,125,-36.6668
3.8,0,0,125,-36.5463
3.825,0,0,125,-36.4269
3.85,0,0,125,-36.3088
3.875,0,0,125,-36.192
3.9,0,0,125,-36.0765
3.925,0,0,125,-35.9623
3.95,0,0,125,-35.8495
3.975,0,0,125,-35.7382
4,0,0,125,-35.6283
4.025,0,0,125,-35.5199
4.05,0,0,125,-35.413
4.075,0,0,125,-35.3077
4.1,0,0,125,-35.204
4.125,0,0,125,-35.102
4.15,0,0,125,-35.0017
4.175,0,0,125,-34.9032
4.2,0,0,125,-34.8064
4.225,0,0,125,-34.7115
4.25,0,0,125,-34.6185
4.275,0,0,125,-34.5274
4.3,0,0,125,-34.4384
4.325,0,0,125,-34.3513
4.35,0,0,125,-34.2664
4.375,0,0,125,-34.1836
4.4,0,0,125,-34.1031
4.425,0,0,125,-34.0248
4.45,0,0,125,-33.9488
4.475,0,0,125,-33.8753
4.5,0,0,125,-33.8042
4.525,0,0,125,-33.7356
4.55,0,0,125,-33.6696
4.575,0,0,125,-33.6064
4.6,0,0,125,-33.5458
4.625,0,0,125,-33.4881
4.65,0,0,125,-33.4332
4.675,0,0,125,-33.3814
4.7,0,0,125,-33.3326
4.725,0,0,125,-33.2869
4.75,0,0,125,-33.2446
4.775,0,0,125,-33.2055
4.8,0,0,125,-33.17
4.825,0,0,125,-33.1379
4.85,0,0,125,-33.1096
4.875,0,0,125,-33.085
4.9,0,0,125,-33.0643
4.925,0,0,125,-33.0475
4.95,0,0,125,-33.0349
4.975,0,0,125,-33.0264
5,0,0,125,-33.0222
