0,0,0,125,-69.711
0.025,0,0,125,-69.7091
0.05,0,0,125,-69.7053
0.075,0,0,125,-69.6997
0.1,0,0,125,-69.6923
0.125,0,0,125,-69.683
0.15,0,0,125,-69.6719
0.175,0,0,125,-69.6591
0.2,0,0,125,-69.6445
0.225,0,0,125,-69.6283
0.25,0,0,125,-69.6105
0.275,0,0,125,-69.591
0.3,0,0,125,-69.57
0.325,0,0,125,-69.5474
0.35,0,0,125,-69.5233
0.375,0,0,125,-69.4976
0.4,0,0,125,-69.4705
0.425,0,0,125,-69.4418
0.45,0,0,125,-69.4117
0.475,0,0,125,-69.3801
0.5,0,0,125,-69.3471
0.525,0,0,125,-69.3127
0.55,0,0,125,-69.2769
0.575,0,0,125,-69.2396
0.6,0,0,125,-69.2009
0.625,0,0,125,-69.1609
0.65,0,0,125,-69.1195
0.675,0,0,125,-69.0768
0.7,0,0,125,-69.0326
0.725,0,0,125,-68.9872
0.75,0,0,125,-68.9404
0.775,0,0,125,-68.8923
0.8,0,0,125,-68.8429
0.825,0,0,125,-68.7922
0.85,0,0,125,-68.7401
0.875,0,0,125,-68.6868
0.9,0,0,125,-68.6323
0.925,0,0,125,-68.5764
0.95,0,0,125,-68.5193
0.975,0,0,125,-68.4609
1,0,0,125,-68.4013
1.025,0,0,125,-68.3405
1.05,0,0,125,-68.2784
1.075,0,0,125,-68.2151
1.1,0,0,125,-68.1506
1.125,0,0,125,-68.0848
1.15,0,0,125,-68.0179
1.175,0,0,125,-67.9499
1.2,0,0,125,-67.8806
1.225,0,0,125,-67.8102
1.25,0,0,125,-67.7386
1.275,0,0,125,-67.6658
1.3,0,0,125,-67.592
1.325,0,0,125,-67.517
1.35,0,0,125,-67.4408
1.375,0,0,125,-67.3636
1.4,0,0,125,-67.2853
1.425,0,0,125,-67.2059
1.45,0,0,125,-67.1254
1.475,0,0,125,-67.0438
1.5,0,0,125,-66.9612
1.525,0,0,125,-66.8776
1.55,0,0,125,-66.7929
1.575,0,0,125,-66.7072
1.6,0,0,125,-66.6204
1.625,0,0,125,-66.5327
1.65,0,0,125,-66.444
1.675,0,0,125,-66.3544
1.7,0,0,125,-66.2637
1.725,0,0,125,-66.1722
1.75,0,0,125,-66.0796
1.775,0,0,125,-65.9862
1.8,0,0,125,-65.8919
1.825,0,0,125,-65.7966
1.85,0,0,125,-65.7005
1.875,0,0,125,-65.6036
1.9,0,0,125,-65.5057
1.925,0,0,125,-65.407
1.95,0,0,125,-65.3076
1.975,0,0,125,-65.2072
2,0,0,125,-65.1062
2.025,0,0,125,-65.0043
2.05,0,0,125,-64.9016
2.075,0,0,125,-64.7983
2.1,0,0,125,-64.6941
2.125,0,0,125,-64.5893
2.15,0,0,125,-64.4838
2.175,0,0,125,-64.3776
2.2,0,0,125,-64.2707
2.225,0,0,125,-64.1631
2.25,0,0,125,-64.055
2.275,0,0,125,-63.9462
2.3,0,0,125,-63.8367
2.325,0,0,125,-63.7268
2.35,0,0,125,-63.6162
2.375,0,0,125,-63.5051
2.4,0,0,125,-63.3935
2.425,0,0,125,-63.2813
2.45,0,0,125,-63.1687
2.475,0,0,125,-63.0556
2.5,0,0,125,-62.942
2.525,0,0,125,-62.828
2.55,0,0,125,-62.7135
2.575,0,0,125,-62.5987
2.6,0,0,125,-62.4834
2.625,0,0,125,-62.3678
2.65,0,0,125,-62.2519
2.675,0,0,125,-62.1356
2.7,0,0,125,-62.0191
2.725,0,0,125,-61.9022
2.75,0,0,125,-61.7851
2.775,0,0,125,-61.6678
2.8,0,0,125,-61.5502
2.825,0,0,125,-61.4324
2.85,0,0,125,-61.3145
2.875,0,0,125,-61.1964
2.9,0,0,125,-61.0781
2.925,0,0,125,-60.9598
2.95,0,0,125,-60.8414
2.975,0,0,125,-60.7228
3,0,0,125,-60.6043
3.025,0,0,125,-60.4858
3.05,0,0,125,-60.3672
3.075,0,0,125,-60.2487
3.1,0,0,125,-60.1302
3.125,0,0,125,-60.0119
3.15,0,0,125,-59.8936
3.175,0,0,125,-59.7755
3.2,0,0,125,-59.6575
3.225,0,0,125,-59.5397
3.25,0,0,125,-59.4222
3.275,0,0,125,-59.3049
3.3,0,0,125,-59.1878
3.325,0,0,125,-59.0711
3.35,0,0,125,-58.9547
3.375,0,0,125,-58.8386
3.4,0,0,125,-58.723
3.425,0,0,125,-58.6077
3.45,0,0,125,-58.4929
3.475,0,0,125,-58.3786
3.5,0,0,125,-58.2649
3.525,0,0,125,-58.1517
3.55,0,0,125,-58.039
3.575,0,0,125,-57.927
3.6,0,0,125,-57.8156
3.625,0,0,125,-57.705
3.65,0,0,125,-57.595
3.675,0,0,125,-57.4859
3.7,0,0,125,-57.3775
3.725,0,0,125,-57.2699
3.75,0,0,125,-57.1632
3.775,0,0,125,-57.0575
3.8,0,0,125,-56.9526
3.825,0,0,125,-56.8488
3.85,0,0,125,-56.746
3.875,0,0,125,-56.6443
3.9,0,0,125,-56.5437
3.925,0,0,125,-56.4443
3.95,0,0,125,-56.346
3.975,0,0,125,-56.249
4,0,0,125,-56.1533
4.025,0,0,125,-56.0589
4.05,0,0,125,-55.9659
4.075,0,0,125,-55.8743
4.1,0,0,125,-55.7841
4.125,0,0,125,-55.6955
4.15,0,0,125,-55.6084
4.175,0,0,125,-55.523
4.2,0,0,125,-55.4391
4.225,0,0,125,-55.357
4.25,0,0,125,-55.2766
4.275,0,0,125,-55.198
4.3,0,0,125,-55.1212
4.325,0,0,125,-55.0464
4.35,0,0,125,-54.9734
4.375,0,0,125,-54.9024
4.4,0,0,125,-54.8335
4.425,0,0,125,-54.7667
4.45,0,0,125,-54.7019
4.475,0,0,125,-54.6394
4.5,0,0,125,-54.5791
4.525,0,0,125,-54.5211
4.55,0,0,125,-54.4654
4.575,0,0,125,-54.4121
4.6,0,0,125,-54.3613
4.625,0,0,125,-54.313
4.65,0,0,125,-54.2672
4.675,0,0,125,-54.2241
4.7,0,0,125,-54.1836
4.725,0,0,125,-54.1459
4.75,0,0,125,-54.1109
4.775,0,0,125,-54.0788
4.8,0,0,125,-54.0497
4.825,0,0,125,-54.0235
4.85,0,0,125,-54.0004
4.875,0,0,125,-53.9804
4.9,0,0,125,-53.9636
4.925,0,0,125,-53.9501
4.95,0,0,125,-53.9399
4.975,0,0,125,-53.9331
5,0,0,125,-53.9297
