0,0,0,125,15.6786
0.025,0,0,125,15.7222
0.05,0,0,125,15.8095
0.075,0,0,125,15.9401
0.1,0,0,125,16.1135
0.125,0,0,125,16.3292
0.15,0,0,125,16.5861
0.175,0,0,125,16.8824
0.2,0,0,125,17.2167
0.225,0,0,125,17.5871
0.25,0,0,125,17.9921
0.275,0,0,125,18.4298
0.3,0,0,125,18.8982
0.325,0,0,125,19.3954
0.35,0,0,125,19.9195
0.375,0,0,125,20.4683
0.4,0,0,125,21.0397
0.425,0,0,125,21.6315
0.45,0,0,125,22.2417
0.475,0,0,125,22.8679
0.5,0,0,125,23.508
0.525,0,0,125,24.1597
0.55,0,0,125,24.8208
0.575,0,0,125,25.489
0.6,0,0,125,26.1621
0.625,0,0,125,26.8377
0.65,0,0,125,27.5136
0.675,0,0,125,28.1876
0.7,0,0,125,28.8572
0.725,0,0,125,29.5203
0.75,0,0,125,30.1744
0.775,0,0,125,30.8174
0.8,0,0,125,31.447
0.825,0,0,125,32.0609
0.85,0,0,125,32.657
0.875,0,0,125,33.2331
0.9,0,0,125,33.7873
0.925,0,0,125,34.3176
0.95,0,0,125,34.8222
0.975,0,0,125,35.2996
1,0,0,125,35.7481
1.025,0,0,125,36.1666
1.05,0,0,125,36.5537
1.075,0,0,125,36.9083
1.1,0,0,125,37.2291
1.125,0,0,125,37.5147
1.15,0,0,125,37.7627
1.175,0,0,125,37.9697
1.2,0,0,125,38.1298
1.225,0,0,125,38.2325
1.25,0,0,125,38.2591
1.275,0,0,125,38.1754
1.3,0,0,125,37.9165
1.325,0,0,125,37.3555
1.35,0,0,125,36.2348
1.375,0,0,125,34.0091
1.4,0,0,125,29.506
1.425,0,0,125,20.3965
1.45,0,0,125,3.92214
1.475,0,0,125,-17.0607
1.5,0,0,125,-35.4058
1.525,0,0,125,-49.0651
1.55,0,0,125,-58.6904
1.575,0,0,125,-65.3337
1.6,0,0,125,-69.8762
1.625,0,0,125,-72.9665
1.65,0,0,125,-75.0614
1.675,0,0,125,-76.4771
1.7,0,0,125,-77.4306
1.725,0,0,125,-78.0699
1.75,0,0,125,-78.496
1.775,0,0,125,-78.7773
1.8,0,0,125,-78.9603
1.825,0,0,125,-79.0766
1.85,0,0,125,-79.1476
1.875,0,0,125,-79.1877
1.9,0,0,125,-79.2069
1.925,0,0,125,-79.2117
1.95,0,0,125,-79.2067
1.975,0,0,125,-79.1949
2,0,0,125,-79.1784
2.025,0,0,125,-79.1587
2.05,0,0,125,-79.1366
2.075,0,0,125,-79.1128
2.1,0,0,125,-79.0878
2.125,0,0,125,-79.0618
2.15,0,0,125,-79.0351
2.175,0,0,125,-79.0078
2.2,0,0,125,-78.9799
2.225,0,0,125,-78.9516
2.25,0,0,125,-78.9229
2.275,0,0,125,-78.8938
2.3,0,0,125,-78.8644
2.325,0,0,125,-78.8347
2.35,0,0,125,-78.8046
2.375,0,0,125,-78.7742
2.4,0,0,125,-78.7435
2.425,0,0,125,-78.7125
2.45,0,0,125,-78.6813
2.475,0,0,125,-78.6498
2.5,0,0,125,-78.618
2.525,0,0,125,-78.5859
2.55,0,0,125,-78.5535
2.575,0,0,125,-78.5209
2.6,0,0,125,-78.4881
2.625,0,0,125,-78.455
2.65,0,0,125,-78.4217
2.675,0,0,125,-78.3882
2.7,0,0,125,-78.3545
2.725,0,0,125,-78.3205
2.75,0,0,125,-78.2863
2.775,0,0,125,-78.252
2.8,0,0,125,-78.2175
2.825,0,0,125,-78.1828
2.85,0,0,125,-78.1479
2.875,0,0,125,-78.1129
2.9,0,0,125,-78.0777
2.925,0,0,125,-78.0424
2.95,0,0,125,-78.0069
2.975,0,0,125,-77.9714
3,0,0,125,-77.9357
3.025,0,0,125,-77.9
3.05,0,0,125,-77.8641
3.075,0,0,125,-77.8282
3.1,0,0,125,-77.7922
3.125,0,0,125,-77.7562
3.15,0,0,125,-77.7201
3.175,0,0,125,-77.684
3.2,0,0,125,-77.6479
3.225,0,0,125,-77.6118
3.25,0,0,125,-77.5756
3.275,0,0,125,-77.5396
3.3,0,0,125,-77.5035
3.325,0,0,125,-77.4675
3.35,0,0,125,-77.4315
3.375,0,0,125,-77.3956
3.4,0,0,125,-77.3598
3.425,0,0,125,-77.3241
3.45,0,0,125,-77.2885
3.475,0,0,125,-77.253
3.5,0,0,125,-77.2177
3.525,0,0,125,-77.1825
3.55,0,0,125,-77.1475
3.575,0,0,125,-77.1127
3.6,0,0,125,-77.0781
3.625,0,0,125,-77.0437
3.65,0,0,125,-77.0095
3.675,0,0,125,-76.9755
3.7,0,0,125,-76.9418
3.725,0,0,125,-76.9083
3.75,0,0,125,-76.8751
3.775,0,0,125,-76.8422
3.8,0,0,125,-76.8097
3.825,0,0,125,-76.7774
3.85,0,0,125,-76.7455
3.875,0,0,125,-76.7139
3.9,0,0,125,-76.6826
3.925,0,0,125,-76.6518
3.95,0,0,125,-76.6213
3.975,0,0,125,-76.5913
4,0,0,125,-76.5616
4.025,0,0,125,-76.5324
4.05,0,0,125,-76.5037
4.075,0,0,125,-76.4753
4.1,0,0,125,-76.4475
4.125,0,0,125,-76.4202
4.15,0,0,125,-76.3933
4.175,0,0,125,-76.3669
4.2,0,0,125,-76.3411
4.225,0,0,125,-76.3158
4.25,0,0,125,-76.2911
4.275,0,0,125,-76.2669
4.3,0,0,125,-76.2433
4.325,0,0,125,-76.2203
4.35,0,0,125,-76.1979
4.375,0,0,125,-76.1761
4.4,0,0,125,-76.1549
4.425,0,0,125,-76.1344
4.45,0,0,125,-76.1146
4.475,0,0,125,-76.0954
4.5,0,0,125,-76.0769
4.525,0,0,125,-76.059
4.55,0,0,125,-76.042
4.575,0,0,125,-76.0256
4.6,0,0,125,-76.01
4.625,0,0,125,-75.9951
4.65,0,0,125,-75.981
4.675,0,0,125,-75.9677
4.7,0,0,125,-75.9552
4.725,0,0,125,-75.9435
4.75,0,0,125,-75.9327
4.775,0,0,125,-75.9228
4.8,0,0,125,-75.9138
4.825,0,0,125,-75.9056
4.85,0,0,125,-75.8984
4.875,0,0,125,-75.8922
4.9,0,0,125,-75.8869
4.925,0,0,125,-75.8827
4.95,0,0,125,-75.8795
4.975,0,0,125,-75.8773
5,0,0,125,-75.8763
