0,0,0,125,-14.7067
0.025,0,0,125,-14.7048
0.05,0,0,125,-14.701
0.075,0,0,125,-14.6953
0.1,0,0,125,-14.6877
0.125,0,0,125,-14.6784
0.15,0,0,125,-14.6675
0.175,0,0,125,-14.6551
0.2,0,0,125,-14.6415
0.225,0,0,125,-14.6269
0.25,0,0,125,-14.6113
0.275,0,0,125,-14.5948
0.3,0,0,125,-14.5775
0.325,0,0,125,-14.5596
0.35,0,0,125,-14.5411
0.375,0,0,125,-14.522
0.4,0,0,125,-14.5025
0.425,0,0,125,-14.4825
0.45,0,0,125,-14.4622
0.475,0,0,125,-14.4415
0.5,0,0,125,-14.4206
0.525,0,0,125,-14.3994
0.55,0,0,125,-14.378
0.575,0,0,125,-14.3564
0.6,0,0,125,-14.3346
0.625,0,0,125,-14.3127
0.65,0,0,125,-14.2907
0.675,0,0,125,-14.2685
0.7,0,0,125,-14.2463
0.725,0,0,125,-14.224
0.75,0,0,125,-14.2017
0.775,0,0,125,-14.1793
0.8,0,0,125,-14.1569
0.825,0,0,125,-14.1345
0.85,0,0,125,-14.112
0.875,0,0,125,-14.0895
0.9,0,0,125,-14.0671
0.925,0,0,125,-14.0446
0.95,0,0,125,-14.0222
0.975,0,0,125,-13.9997
1,0,0,125,-13.9773
1.025,0,0,125,-13.9549
1.05,0,0,125,-13.9325
1.075,0,0,125,-13.9102
1.1,0,0,125,-13.8878
1.125,0,0,125,-13.8655
1.15,0,0,125,-13.8433
1.175,0,0,125,-13.8211
1.2,0,0,125,-13.7989
1.225,0,0,125,-13.7767
1.25,0,0,125,-13.7546
1.275,0,0,125,-13.7325
1.3,0,0,125,-13.7104
1.325,0,0,125,-13.6884
1.35,0,0,125,-13.6664
1.375,0,0,125,-13.6445
1.4,0,0,125,-13.6226
1.425,0,0,125,-13.6007
1.45,0,0,125,-13.5789
1.475,0,0,125,-13.5571
1.5,0,0,125,-13.5354
1.525,0,0,125,-13.5137
1.55,0,0,125,-13.492
1.575,0,0,125,-13.4703
1.6,0,0,125,-13.4487
1.625,0,0,125,-13.4272
1.65,0,0,125,-13.4057
1.675,0,0,125,-13.3842
1.7,0,0,125,-13.3627
1.725,0,0,125,-13.3413
1.75,0,0,125,-13.3199
1.775,0,0,125,-13.2985
1.8,0,0,125,-13.2772
1.825,0,0,125,-13.2559
1.85,0,0,125,-13.2347
1.875,0,0,125,-13.2135
1.9,0,0,125,-13.1923
1.925,0,0,125,-13.1712
1.95,0,0,125,-13.1501
1.975,0,0,125,-13.129
2,0,0,125,-13.1079
2.025,0,0,125,-13.0869
2.05,0,0,125,-13.066
2.075,0,0,125,-13.045
2.1,0,0,125,-13.0241
2.125,0,0,125,-13.0032
2.15,0,0,125,-12.9824
2.175,0,0,125,-12.9616
2.2,0,0,125,-12.9408
2.225,0,0,125,-12.92
2.25,0,0,125,-12.8993
2.275,0,0,125,-12.8786
2.3,0,0,125,-12.8579
2.325,0,0,125,-12.8372
2.35,0,0,125,-12.8166
2.375,0,0,125,-12.796
2.4,0,0,125,-12.7755
2.425,0,0,125,-12.755
2.45,0,0,125,-12.7345
2.475,0,0,125,-12.714
2.5,0,0,125,-12.6935
2.525,0,0,125,-12.6731
2.55,0,0,125,-12.6527
2.575,0,0,125,-12.6324
2.6,0,0,125,-12.612
2.625,0,0,125,-12.5917
2.65,0,0,125,-12.5715
2.675,0,0,125,-12.5512
2.7,0,0,125,-12.531
2.725,0,0,125,-12.5108
2.75,0,0,125,-12.4906
2.775,0,0,125,-12.4705
2.8,0,0,125,-12.4504
2.825,0,0,125,-12.4303
2.85,0,0,125,-12.4102
2.875,0,0,125,-12.3902
2.9,0,0,125,-12.3702
2.925,0,0,125,-12.3502
2.95,0,0,125,-12.3302
2.975,0,0,125,-12.3103
3,0,0,125,-12.2903
3.025,0,0,125,-12.2704
3.05,0,0,125,-12.2506
3.075,0,0,125,-12.2307
3.1,0,0,125,-12.2109
3.125,0,0,125,-12.191
3.15,0,0,125,-12.1713
3.175,0,0,125,-12.1515
3.2,0,0,125,-12.1317
3.225,0,0,125,-12.112
3.25,0,0,125,-12.0923
3.275,0,0,125,-12.0726
3.3,0,0,125,-12.053
3.325,0,0,125,-12.0333
3.35,0,0,125,-12.0137
3.375,0,0,125,-11.9941
3.4,0,0,125,-11.9745
3.425,0,0,125,-11.955
3.45,0,0,125,-11.9354
3.475,0,0,125,-11.9159
3.5,0,0,125,-11.8964
3.525,0,0,125,-11.8769
3.55,0,0,125,-11.8575
3.575,0,0,125,-11.838
3.6,0,0,125,-11.8186
3.625,0,0,125,-11.7991
3.65,0,0,125,-11.7797
3.675,0,0,125,-11.7603
3.7,0,0,125,-11.741
3.725,0,0,125,-11.7216
3.75,0,0,125,-11.7023
3.775,0,0,125,-11.6829
3.8,0,0,125,-11.6636
3.825,0,0,125,-11.6443
3.85,0,0,125,-11.6251
3.875,0,0,125,-11.6058
3.9,0,0,125,-11.5865
3.925,0,0,125,-11.5673
3.95,0,0,125,-11.5481
3.975,0,0,125,-11.5289
4,0,0,125,-11.5097
4.025,0,0,125,-11.4906
4.05,0,0,125,-11.4714
4.075,0,0,125,-11.4523
4.1,0,0,125,-11.4332
4.125,0,0,125,-11.4141
4.15,0,0,125,-11.3951
4.175,0,0,125,-11.3761
4.2,0,0,125,-11.3571
4.225,0,0,125,-11.3382
4.25,0,0,125,-11.3193
4.275,0,0,125,-11.3004
4.3,0,0,125,-11.2817
4.325,0,0,125,-11.263
4.35,0,0,125,-11.2443
4.375,0,0,125,-11.2258
4.4,0,0,125,-11.2074
4.425,0,0,125,-11.1891
4.45,0,0,125,-11.1709
4.475,0,0,125,-11.1529
4.5,0,0,125,-11.1351
4.525,0,0,125,-11.1174
4.55,0,0,125,-11.1
4.575,0,0,125,-11.0829
4.6,0,0,125,-11.0661
4.625,0,0,125,-11.0496
4.65,0,0,125,-11.0335
4.675,0,0,125,-11.0178
4.7,0,0,125,-11.0027
4.725,0,0,125,-10.9881
4.75,0,0,125,-10.9741
4.775,0,0,125,-10.9609
4.8,0,0,125,-10.9485
4.825,0,0,125,-10.937
4.85,0,0,125,-10.9266
4.875,0,0,125,-10.9173
4.9,0,0,125,-10.9093
4.925,0,0,125,-10.9027
4.95,0,0,125,-10.8976
4.975,0,0,125,-10.8942
5,0,0,125,-10.8924
