0,0,0,125,-20.6697
0.025,0,0,125,-20.6657
0.05,0,0,125,-20.6577
0.075,0,0,125,-20.6457
0.1,0,0,125,-20.6299
0.125,0,0,125,-20.6104
0.15,0,0,125,-20.5874
0.175,0,0,125,-20.5614
0.2,0,0,125,-20.5327
0.225,0,0,125,-20.5016
0.25,0,0,125,-20.4683
0.275,0,0,125,-20.433
0.3,0,0,125,-20.3959
0.325,0,0,125,-20.3573
0.35,0,0,125,-20.3172
0.375,0,0,125,-20.2759
0.4,0,0,125,-20.2335
0.425,0,0,125,-20.1901
0.45,0,0,125,-20.1459
0.475,0,0,125,-20.1009
0.5,0,0,125,-20.0553
0.525,0,0,125,-20.0091
0.55,0,0,125,-19.9625
0.575,0,0,125,-19.9155
0.6,0,0,125,-19.8682
0.625,0,0,125,-19.8206
0.65,0,0,125,-19.7728
0.675,0,0,125,-19.725
0.7,0,0,125,-19.677
0.725,0,0,125,-19.629
0.75,0,0,125,-19.581
0.775,0,0,125,-19.533
0.8,0,0,125,-19.4851
0.825,0,0,125,-19.4373
0.85,0,0,125,-19.3896
0.875,0,0,125,-19.3421
0.9,0,0,125,-19.2947
0.925,0,0,125,-19.2475
0.95,0,0,125,-19.2005
0.975,0,0,125,-19.1538
1,0,0,125,-19.1072
1.025,0,0,125,-19.0609
1.05,0,0,125,-19.0148
1.075,0,0,125,-18.969
1.1,0,0,125,-18.9234
1.125,0,0,125,-18.878
1.15,0,0,125,-18.8329
1.175,0,0,125,-18.7881
1.2,0,0,125,-18.7435
1.225,0,0,125,-18.6992
1.25,0,0,125,-18.6551
1.275,0,0,125,-18.6113
1.3,0,0,125,-18.5677
1.325,0,0,125,-18.5244
1.35,0,0,125,-18.4813
1.375,0,0,125,-18.4385
1.4,0,0,125,-18.3958
1.425,0,0,125,-18.3534
1.45,0,0,125,-18.3113
1.475,0,0,125,-18.2693
1.5,0,0,125,-18.2276
1.525,0,0,125,-18.186
1.55,0,0,125,-18.1447
1.575,0,0,125,-18.1035
1.6,0,0,125,-18.0625
1.625,0,0,125,-18.0217
1.65,0,0,125,-17.9811
1.675,0,0,125,-17.9406
1.7,0,0,125,-17.9002
1.725,0,0,125,-17.8601
1.75,0,0,125,-17.82
1.775,0,0,125,-17.7801
1.8,0,0,125,-17.7403
1.825,0,0,125,-17.7006
1.85,0,0,125,-17.661
1.875,0,0,125,-17.6215
1.9,0,0,125,-17.5821
1.925,0,0,125,-17.5428
1.95,0,0,125,-17.5035
1.975,0,0,125,-17.4643
2,0,0,125,-17.4252
2.025,0,0,125,-17.3861
2.05,0,0,125,-17.3471
2.075,0,0,125,-17.3081
2.1,0,0,125,-17.2691
2.125,0,0,125,-17.2302
2.15,0,0,125,-17.1912
2.175,0,0,125,-17.1523
2.2,0,0,125,-17.1134
2.225,0,0,125,-17.0744
2.25,0,0,125,-17.0354
2.275,0,0,125,-16.9964
2.3,0,0,125,-16.9574
2.325,0,0,125,-16.9184
2.35,0,0,125,-16.8792
2.375,0,0,125,-16.8401
2.4,0,0,125,-16.8009
2.425,0,0,125,-16.7616
2.45,0,0,125,-16.7222
2.475,0,0,125,-16.6827
2.5,0,0,125,-16.6432
2.525,0,0,125,-16.6036
2.55,0,0,125,-16.5638
2.575,0,0,125,-16.524
2.6,0,0,125,-16.484
2.625,0,0,125,-16.444
2.65,0,0,125,-16.4038
2.675,0,0,125,-16.3634
2.7,0,0,125,-16.3229
2.725,0,0,125,-16.2823
2.75,0,0,125,-16.2415
2.775,0,0,125,-16.2006
2.8,0,0,125,-16.1595
2.825,0,0,125,-16.1182
2.85,0,0,125,-16.0767
2.875,0,0,125,-16.0351
2.9,0,0,125,-15.9933
2.925,0,0,125,-15.9512
2.95,0,0,125,-15.909
2.975,0,0,125,-15.8665
3,0,0,125,-15.8239
3.025,0,0,125,-15.781
3.05,0,0,125,-15.7379
3.075,0,0,125,-15.6945
3.1,0,0,125,-15.651
3.125,0,0,125,-15.6072
3.15,0,0,125,-15.5631
3.175,0,0,125,-15.5188
3.2,0,0,125,-15.4742
3.225,0,0,125,-15.4294
3.25,0,0,125,-15.3843
3.275,0,0,125,-15.339
3.3,0,0,125,-15.2934
3.325,0,0,125,-15.2476
3.35,0,0,125,-15.2014
3.375,0,0,125,-15.155
3.4,0,0,125,-15.1084
3.425,0,0,125,-15.0615
3.45,0,0,125,-15.0143
3.475,0,0,125,-14.9669
3.5,0,0,125,-14.9192
3.525,0,0,125,-14.8713
3.55,0,0,125,-14.8231
3.575,0,0,125,-14.7747
3.6,0,0,125,-14.726
3.625,0,0,125,-14.6771
3.65,0,0,125,-14.628
3.675,0,0,125,-14.5787
3.7,0,0,125,-14.5291
3.725,0,0,125,-14.4794
3.75,0,0,125,-14.4295
3.775,0,0,125,-14.3794
3.8,0,0,125,-14.3291
3.825,0,0,125,-14.2787
3.85,0,0,125,-14.2281
3.875,0,0,125,-14.1774
3.9,0,0,125,-14.1266
3.925,0,0,125,-14.0758
3.95,0,0,125,-14.0248
3.975,0,0,125,-13.9738
4,0,0,125,-13.9228
4.025,0,0,125,-13.8717
4.05,0,0,125,-13.8207
4.075,0,0,125,-13.7697
4.1,0,0,125,-13.7187
4.125,0,0,125,-13.6679
4.15,0,0,125,-13.6171
4.175,0,0,125,-13.5665
4.2,0,0,125,-13.5161
4.225,0,0,125,-13.4659
4.25,0,0,125,-13.4159
4.275,0,0,125,-13.3662
4.3,0,0,125,-13.3168
4.325,0,0,125,-13.2678
4.35,0,0,125,-13.2191
4.375,0,0,125,-13.1708
4.4,0,0,125,-13.1231
4.425,0,0,125,-13.0759
4.45,0,0,125,-13.0292
4.475,0,0,125,-12.9832
4.5,0,0,125,-12.9378
4.525,0,0,125,-12.8933
4.55,0,0,125,-12.8496
4.575,0,0,125,-12.8068
4.6,0,0,125,-12.7649
4.625,0,0,125,-12.7242
4.65,0,0,125,-12.6847
4.675,0,0,125,-12.6466
4.7,0,0,125,-12.6098
4.725,0,0,125,-12.5747
4.75,0,0,125,-12.5413
4.775,0,0,125,-12.5098
4.8,0,0,125,-12.4805
4.825,0,0,125,-12.4534
4.85,0,0,125,-12.429
4.875,0,0,125,-12.4073
4.9,0,0,125,-12.3887
4.925,0,0,125,-12.3734
4.95,0,0,125,-12.3616
4.975,0,0,125,-12.3537
5,0,0,125,-12.3497
