0,0,0,125,-28.9265
0.025,0,0,125,-28.9214
0.05,0,0,125,-28.9113
0.075,0,0,125,-28.8962
0.1,0,0,125,-28.8762
0.125,0,0,125,-28.8514
0.15,0,0,125,-28.8221
0.175,0,0,125,-28.7887
0.2,0,0,125,-28.7514
0.225,0,0,125,-28.7106
0.25,0,0,125,-28.6664
0.275,0,0,125,-28.6192
0.3,0,0,125,-28.5691
0.325,0,0,125,-28.5162
0.35,0,0,125,-28.4609
0.375,0,0,125,-28.4033
0.4,0,0,125,-28.3436
0.425,0,0,125,-28.2819
0.45,0,0,125,-28.2183
0.475,0,0,125,-28.1532
0.5,0,0,125,-28.0864
0.525,0,0,125,-28.0184
0.55,0,0,125,-27.949
0.575,0,0,125,-27.8785
0.6,0,0,125,-27.8071
0.625,0,0,125,-27.7346
0.65,0,0,125,-27.6614
0.675,0,0,125,-27.5875
0.7,0,0,125,-27.513
0.725,0,0,125,-27.438
0.75,0,0,125,-27.3625
0.775,0,0,125,-27.2867
0.8,0,0,125,-27.2107
0.825,0,0,125,-27.1344
0.85,0,0,125,-27.0579
0.875,0,0,125,-26.9814
0.9,0,0,125,-26.9049
0.925,0,0,125,-26.8285
0.95,0,0,125,-26.7521
0.975,0,0,125,-26.6759
1,0,0,125,-26.5999
1.025,0,0,125,-26.5241
1.05,0,0,125,-26.4485
1.075,0,0,125,-26.3733
1.1,0,0,125,-26.2985
1.125,0,0,125,-26.224
1.15,0,0,125,-26.1499
1.175,0,0,125,-26.0762
1.2,0,0,125,-26.003
1.225,0,0,125,-25.9303
1.25,0,0,125,-25.858
1.275,0,0,125,-25.7863
1.3,0,0,125,-25.7151
1.325,0,0,125,-25.6445
1.35,0,0,125,-25.5744
1.375,0,0,125,-25.5048
1.4,0,0,125,-25.4359
1.425,0,0,125,-25.3675
1.45,0,0,125,-25.2997
1.475,0,0,125,-25.2325
1.5,0,0,125,-25.1658
1.525,0,0,125,-25.0998
1.55,0,0,125,-25.0344
1.575,0,0,125,-24.9695
1.6,0,0,125,-24.9053
1.625,0,0,125,-24.8416
1.65,0,0,125,-24.7785
1.675,0,0,125,-24.716
1.7,0,0,125,-24.654
1.725,0,0,125,-24.5927
1.75,0,0,125,-24.5319
1.775,0,0,125,-24.4716
1.8,0,0,125,-24.4119
1.825,0,0,125,-24.3528
1.85,0,0,125,-24.2941
1.875,0,0,125,-24.236
1.9,0,0,125,-24.1785
1.925,0,0,125,-24.1214
1.95,0,0,125,-24.0648
1.975,0,0,125,-24.0087
2,0,0,125,-23.9531
2.025,0,0,125,-23.8979
2.05,0,0,125,-23.8432
2.075,0,0,125,-23.789
2.1,0,0,125,-23.7352
2.125,0,0,125,-23.6818
2.15,0,0,125,-23.6288
2.175,0,0,125,-23.5762
2.2,0,0,125,-23.524
2.225,0,0,125,-23.4722
2.25,0,0,125,-23.4208
2.275,0,0,125,-23.3698
2.3,0,0,125,-23.319
2.325,0,0,125,-23.2687
2.35,0,0,125,-23.2186
2.375,0,0,125,-23.1689
2.4,0,0,125,-23.1195
2.425,0,0,125,-23.0703
2.45,0,0,125,-23.0215
2.475,0,0,125,-22.9729
2.5,0,0,125,-22.9247
2.525,0,0,125,-22.8766
2.55,0,0,125,-22.8289
2.575,0,0,125,-22.7813
2.6,0,0,125,-22.734
2.625,0,0,125,-22.6869
2.65,0,0,125,-22.6401
2.675,0,0,125,-22.5934
2.7,0,0,125,-22.547
2.725,0,0,125,-22.5007
2.75,0,0,125,-22.4546
2.775,0,0,125,-22.4087
2.8,0,0,125,-22.3629
2.825,0,0,125,-22.3173
2.85,0,0,125,-22.2718
2.875,0,0,125,-22.2265
2.9,0,0,125,-22.1813
2.925,0,0,125,-22.1362
2.95,0,0,125,-22.0912
2.975,0,0,125,-22.0464
3,0,0,125,-22.0016
3.025,0,0,125,-21.9569
3.05,0,0,125,-21.9123
3.075,0,0,125,-21.8678
3.1,0,0,125,-21.8233
3.125,0,0,125,-21.7789
3.15,0,0,125,-21.7345
3.175,0,0,125,-21.6902
3.2,0,0,125,-21.6459
3.225,0,0,125,-21.6017
3.25,0,0,125,-21.5574
3.275,0,0,125,-21.5132
3.3,0,0,125,-21.469
3.325,0,0,125,-21.4248
3.35,0,0,125,-21.3806
3.375,0,0,125,-21.3364
3.4,0,0,125,-21.2922
3.425,0,0,125,-21.2479
3.45,0,0,125,-21.2037
3.475,0,0,125,-21.1594
3.5,0,0,125,-21.115
3.525,0,0,125,-21.0707
3.55,0,0,125,-21.0263
3.575,0,0,125,-20.9818
3.6,0,0,125,-20.9373
3.625,0,0,125,-20.8927
3.65,0,0,125,-20.8481
3.675,0,0,125,-20.8034
3.7,0,0,125,-20.7586
3.725,0,0,125,-20.7137
3.75,0,0,125,-20.6688
3.775,0,0,125,-20.6238
3.8,0,0,125,-20.5788
3.825,0,0,125,-20.5336
3.85,0,0,125,-20.4884
3.875,0,0,125,-20.4431
3.9,0,0,125,-20.3977
3.925,0,0,125,-20.3522
3.95,0,0,125,-20.3067
3.975,0,0,125,-20.2611
4,0,0,125,-20.2154
4.025,0,0,125,-20.1696
4.05,0,0,125,-20.1238
4.075,0,0,125,-20.078
4.1,0,0,125,-20.0321
4.125,0,0,125,-19.9863
4.15,0,0,125,-19.9404
4.175,0,0,125,-19.8945
4.2,0,0,125,-19.8487
4.225,0,0,125,-19.8029
4.25,0,0,125,-19.7571
4.275,0,0,125,-19.7115
4.3,0,0,125,-19.666
4.325,0,0,125,-19.6206
4.35,0,0,125,-19.5755
4.375,0,0,125,-19.5305
4.4,0,0,125,-19.4859
4.425,0,0,125,-19.4415
4.45,0,0,125,-19.3976
4.475,0,0,125,-19.354
4.5,0,0,125,-19.311
4.525,0,0,125,-19.2686
4.55,0,0,125,-19.2268
4.575,0,0,125,-19.1857
4.6,0,0,125,-19.1455
4.625,0,0,125,-19.1062
4.65,0,0,125,-19.068
4.675,0,0,125,-19.031
4.7,0,0,125,-18.9953
4.725,0,0,125,-18.9611
4.75,0,0,125,-18.9285
4.775,0,0,125,-18.8978
4.8,0,0,125,-18.8691
4.825,0,0,125,-18.8427
4.85,0,0,125,-18.8188
4.875,0,0,125,-18.7976
4.9,0,0,125,-18.7794
4.925,0,0,125,-18.7644
4.95,0,0,125,-18.753
4.975,0,0,125,-18.7452
5,0,0,125,-18.7413
