0,0,0,125,-21.5357
0.025,0,0,125,-21.5332
0.05,0,0,125,-21.5284
0.075,0,0,125,-21.5211
0.1,0,0,125,-21.5114
0.125,0,0,125,-21.4995
0.15,0,0,125,-21.4854
0.175,0,0,125,-21.4694
0.2,0,0,125,-21.4516
0.225,0,0,125,-21.4322
0.25,0,0,125,-21.4112
0.275,0,0,125,-21.3889
0.3,0,0,125,-21.3652
0.325,0,0,125,-21.3404
0.35,0,0,125,-21.3144
0.375,0,0,125,-21.2874
0.4,0,0,125,-21.2595
0.425,0,0,125,-21.2307
0.45,0,0,125,-21.201
0.475,0,0,125,-21.1706
0.5,0,0,125,-21.1395
0.525,0,0,125,-21.1078
0.55,0,0,125,-21.0755
0.575,0,0,125,-21.0426
0.6,0,0,125,-21.0093
0.625,0,0,125,-20.9755
0.65,0,0,125,-20.9412
0.675,0,0,125,-20.9067
0.7,0,0,125,-20.8717
0.725,0,0,125,-20.8365
0.75,0,0,125,-20.801
0.775,0,0,125,-20.7652
0.8,0,0,125,-20.7292
0.825,0,0,125,-20.6931
0.85,0,0,125,-20.6567
0.875,0,0,125,-20.6202
0.9,0,0,125,-20.5835
0.925,0,0,125,-20.5468
0.95,0,0,125,-20.5099
0.975,0,0,125,-20.473
1,0,0,125,-20.436
1.025,0,0,125,-20.399
1.05,0,0,125,-20.3619
1.075,0,0,125,-20.3248
1.1,0,0,125,-20.2877
1.125,0,0,125,-20.2506
1.15,0,0,125,-20.2135
1.175,0,0,125,-20.1764
1.2,0,0,125,-20.1393
1.225,0,0,125,-20.1023
1.25,0,0,125,-20.0654
1.275,0,0,125,-20.0284
1.3,0,0,125,-19.9916
1.325,0,0,125,-19.9548
1.35,0,0,125,-19.9181
1.375,0,0,125,-19.8814
1.4,0,0,125,-19.8448
1.425,0,0,125,-19.8084
1.45,0,0,125,-19.772
1.475,0,0,125,-19.7357
1.5,0,0,125,-19.6994
1.525,0,0,125,-19.6633
1.55,0,0,125,-19.6273
1.575,0,0,125,-19.5914
1.6,0,0,125,-19.5556
1.625,0,0,125,-19.5199
1.65,0,0,125,-19.4843
1.675,0,0,125,-19.4488
1.7,0,0,125,-19.4135
1.725,0,0,125,-19.3782
1.75,0,0,125,-19.343
1.775,0,0,125,-19.308
1.8,0,0,125,-19.2731
1.825,0,0,125,-19.2383
1.85,0,0,125,-19.2036
1.875,0,0,125,-19.169
1.9,0,0,125,-19.1346
1.925,0,0,125,-19.1002
1.95,0,0,125,-19.066
1.975,0,0,125,-19.0319
2,0,0,125,-18.998
2.025,0,0,125,-18.9641
2.05,0,0,125,-18.9304
2.075,0,0,125,-18.8967
2.1,0,0,125,-18.8632
2.125,0,0,125,-18.8299
2.15,0,0,125,-18.7966
2.175,0,0,125,-18.7634
2.2,0,0,125,-18.7304
2.225,0,0,125,-18.6975
2.25,0,0,125,-18.6647
2.275,0,0,125,-18.632
2.3,0,0,125,-18.5994
2.325,0,0,125,-18.567
2.35,0,0,125,-18.5346
2.375,0,0,125,-18.5024
2.4,0,0,125,-18.4702
2.425,0,0,125,-18.4382
2.45,0,0,125,-18.4063
2.475,0,0,125,-18.3745
2.5,0,0,125,-18.3428
2.525,0,0,125,-18.3112
2.55,0,0,125,-18.2797
2.575,0,0,125,-18.2483
2.6,0,0,125,-18.2171
2.625,0,0,125,-18.1859
2.65,0,0,125,-18.1548
2.675,0,0,125,-18.1239
2.7,0,0,125,-18.093
2.725,0,0,125,-18.0623
2.75,0,0,125,-18.0316
2.775,0,0,125,-18.0011
2.8,0,0,125,-17.9706
2.825,0,0,125,-17.9403
2.85,0,0,125,-17.91
2.875,0,0,125,-17.8798
2.9,0,0,125,-17.8497
2.925,0,0,125,-17.8197
2.95,0,0,125,-17.7899
2.975,0,0,125,-17.7601
3,0,0,125,-17.7304
3.025,0,0,125,-17.7008
3.05,0,0,125,-17.6713
3.075,0,0,125,-17.6418
3.1,0,0,125,-17.6125
3.125,0,0,125,-17.5833
3.15,0,0,125,-17.5541
3.175,0,0,125,-17.5251
3.2,0,0,125,-17.4961
3.225,0,0,125,-17.4672
3.25,0,0,125,-17.4384
3.275,0,0,125,-17.4097
3.3,0,0,125,-17.381
3.325,0,0,125,-17.3525
3.35,0,0,125,-17.324
3.375,0,0,125,-17.2956
3.4,0,0,125,-17.2673
3.425,0,0,125,-17.2391
3.45,0,0,125,-17.211
3.475,0,0,125,-17.1829
3.5,0,0,125,-17.1549
3.525,0,0,125,-17.1271
3.55,0,0,125,-17.0993
3.575,0,0,125,-17.0715
3.6,0,0,125,-17.0439
3.625,0,0,125,-17.0163
3.65,0,0,125,-16.9889
3.675,0,0,125,-16.9615
3.7,0,0,125,-16.9342
3.725,0,0,125,-16.9069
3.75,0,0,125,-16.8798
3.775,0,0,125,-16.8528
3.8,0,0,125,-16.8258
3.825,0,0,125,-16.7989
3.85,0,0,125,-16.7721
3.875,0,0,125,-16.7454
3.9,0,0,125,-16.7188
3.925,0,0,125,-16.6923
3.95,0,0,125,-16.6658
3.975,0,0,125,-16.6395
4,0,0,125,-16.6133
4.025,0,0,125,-16.5872
4.05,0,0,125,-16.5612
4.075,0,0,125,-16.5353
4.1,0,0,125,-16.5095
4.125,0,0,125,-16.4838
4.15,0,0,125,-16.4583
4.175,0,0,125,-16.4329
4.2,0,0,125,-16.4077
4.225,0,0,125,-16.3826
4.25,0,0,125,-16.3577
4.275,0,0,125,-16.3329
4.3,0,0,125,-16.3083
4.325,0,0,125,-16.284
4.35,0,0,125,-16.2598
4.375,0,0,125,-16.2359
4.4,0,0,125,-16.2122
4.425,0,0,125,-16.1888
4.45,0,0,125,-16.1657
4.475,0,0,125,-16.1429
4.5,0,0,125,-16.1205
4.525,0,0,125,-16.0984
4.55,0,0,125,-16.0768
4.575,0,0,125,-16.0556
4.6,0,0,125,-16.035
4.625,0,0,125,-16.0148
4.65,0,0,125,-15.9953
4.675,0,0,125,-15.9764
4.7,0,0,125,-15.9583
4.725,0,0,125,-15.9409
4.75,0,0,125,-15.9244
4.775,0,0,125,-15.9089
4.8,0,0,125,-15.8944
4.825,0,0,125,-15.8811
4.85,0,0,125,-15.8691
4.875,0,0,125,-15.8585
4.9,0,0,125,-15.8494
4.925,0,0,125,-15.8419
4.95,0,0,125,-15.8361
4.975,0,0,125,-15.8323
5,0,0,125,-15.8303
