0,0,0,125,-66.4461
0.025,0,0,125,-66.444
0.05,0,0,125,-66.4397
0.075,0,0,125,-66.4333
0.1,0,0,125,-66.4247
0.125,0,0,125,-66.4141
0.15,0,0,125,-66.4015
0.175,0,0,125,-66.3868
0.2,0,0,125,-66.3702
0.225,0,0,125,-66.3517
0.25,0,0,125,-66.3313
0.275,0,0,125,-66.3092
0.3,0,0,125,-66.2852
0.325,0,0,125,-66.2594
0.35,0,0,125,-66.2319
0.375,0,0,125,-66.2026
0.4,0,0,125,-66.1717
0.425,0,0,125,-66.1391
0.45,0,0,125,-66.1048
0.475,0,0,125,-66.0689
0.5,0,0,125,-66.0314
0.525,0,0,125,-65.9922
0.55,0,0,125,-65.9515
0.575,0,0,125,-65.9092
0.6,0,0,125,-65.8654
0.625,0,0,125,-65.82
0.65,0,0,125,-65.7731
0.675,0,0,125,-65.7247
0.7,0,0,125,-65.6748
0.725,0,0,125,-65.6234
0.75,0,0,125,-65.5705
0.775,0,0,125,-65.5162
0.8,0,0,125,-65.4604
0.825,0,0,125,-65.4032
0.85,0,0,125,-65.3446
0.875,0,0,125,-65.2846
0.9,0,0,125,-65.2231
0.925,0,0,125,-65.1604
0.95,0,0,125,-65.0962
0.975,0,0,125,-65.0306
1,0,0,125,-64.9637
1.025,0,0,125,-64.8955
1.05,0,0,125,-64.826
1.075,0,0,125,-64.7551
1.1,0,0,125,-64.683
1.125,0,0,125,-64.6095
1.15,0,0,125,-64.5348
1.175,0,0,125,-64.4588
1.2,0,0,125,-64.3816
1.225,0,0,125,-64.3031
1.25,0,0,125,-64.2235
1.275,0,0,125,-64.1426
1.3,0,0,125,-64.0604
1.325,0,0,125,-63.9772
1.35,0,0,125,-63.8927
1.375,0,0,125,-63.8071
1.4,0,0,125,-63.7203
1.425,0,0,125,-63.6324
1.45,0,0,125,-63.5434
1.475,0,0,125,-63.4533
1.5,0,0,125,-63.3621
1.525,0,0,125,-63.2698
1.55,0,0,125,-63.1764
1.575,0,0,125,-63.082
1.6,0,0,125,-62.9866
1.625,0,0,125,-62.8901
1.65,0,0,125,-62.7926
1.675,0,0,125,-62.6942
1.7,0,0,125,-62.5947
1.725,0,0,125,-62.4943
1.75,0,0,125,-62.3929
1.775,0,0,125,-62.2906
1.8,0,0,125,-62.1874
1.825,0,0,125,-62.0833
1.85,0,0,125,-61.9782
1.875,0,0,125,-61.8723
1.9,0,0,125,-61.7656
1.925,0,0,125,-61.658
1.95,0,0,125,-61.5495
1.975,0,0,125,-61.4403
2,0,0,125,-61.3302
2.025,0,0,125,-61.2194
2.05,0,0,125,-61.1078
2.075,0,0,125,-60.9954
2.1,0,0,125,-60.8823
2.125,0,0,125,-60.7685
2.15,0,0,125,-60.654
2.175,0,0,125,-60.5387
2.2,0,0,125,-60.4228
2.225,0,0,125,-60.3063
2.25,0,0,125,-60.1891
2.275,0,0,125,-60.0713
2.3,0,0,125,-59.9528
2.325,0,0,125,-59.8338
2.35,0,0,125,-59.7142
2.375,0,0,125,-59.594
2.4,0,0,125,-59.4733
2.425,0,0,125,-59.3521
2.45,0,0,125,-59.2303
2.475,0,0,125,-59.1081
2.5,0,0,125,-58.9854
2.525,0,0,125,-58.8622
2.55,0,0,125,-58.7386
2.575,0,0,125,-58.6145
2.6,0,0,125,-58.49
2.625,0,0,125,-58.3652
2.65,0,0,125,-58.24
2.675,0,0,125,-58.1144
2.7,0,0,125,-57.9885
2.725,0,0,125,-57.8623
2.75,0,0,125,-57.7358
2.775,0,0,125,-57.609
2.8,0,0,125,-57.4819
2.825,0,0,125,-57.3546
2.85,0,0,125,-57.2271
2.875,0,0,125,-57.0994
2.9,0,0,125,-56.9715
2.925,0,0,125,-56.8435
2.95,0,0,125,-56.7153
2.975,0,0,125,-56.587
3,0,0,125,-56.4586
3.025,0,0,125,-56.3302
3.05,0,0,125,-56.2017
3.075,0,0,125,-56.0732
3.1,0,0,125,-55.9447
3.125,0,0,125,-55.8162
3.15,0,0,125,-55.6877
3.175,0,0,125,-55.5594
3.2,0,0,125,-55.4311
3.225,0,0,125,-55.303
3.25,0,0,125,-55.175
3.275,0,0,125,-55.0473
3.3,0,0,125,-54.9197
3.325,0,0,125,-54.7924
3.35,0,0,125,-54.6654
3.375,0,0,125,-54.5386
3.4,0,0,125,-54.4122
3.425,0,0,125,-54.2862
3.45,0,0,125,-54.1606
3.475,0,0,125,-54.0354
3.5,0,0,125,-53.9107
3.525,0,0,125,-53.7865
3.55,0,0,125,-53.6628
3.575,0,0,125,-53.5397
3.6,0,0,125,-53.4172
3.625,0,0,125,-53.2954
3.65,0,0,125,-53.1742
3.675,0,0,125,-53.0538
3.7,0,0,125,-52.9342
3.725,0,0,125,-52.8153
3.75,0,0,125,-52.6974
3.775,0,0,125,-52.5803
3.8,0,0,125,-52.4642
3.825,0,0,125,-52.349
3.85,0,0,125,-52.2349
3.875,0,0,125,-52.1219
3.9,0,0,125,-52.01
3.925,0,0,125,-51.8993
3.95,0,0,125,-51.7898
3.975,0,0,125,-51.6816
4,0,0,125,-51.5748
4.025,0,0,125,-51.4693
4.05,0,0,125,-51.3652
4.075,0,0,125,-51.2627
4.1,0,0,125,-51.1617
4.125,0,0,125,-51.0622
4.15,0,0,125,-50.9644
4.175,0,0,125,-50.8684
4.2,0,0,125,-50.7741
4.225,0,0,125,-50.6816
4.25,0,0,125,-50.5909
4.275,0,0,125,-50.5023
4.3,0,0,125,-50.4156
4.325,0,0,125,-50.3309
4.35,0,0,125,-50.2484
4.375,0,0,125,-50.1681
4.4,0,0,125,-50.09
4.425,0,0,125,-50.0142
4.45,0,0,125,-49.9407
4.475,0,0,125,-49.8697
4.5,0,0,125,-49.8012
4.525,0,0,125,-49.7352
4.55,0,0,125,-49.6719
4.575,0,0,125,-49.6112
4.6,0,0,125,-49.5533
4.625,0,0,125,-49.4982
4.65,0,0,125,-49.446
4.675,0,0,125,-49.3968
4.7,0,0,125,-49.3506
4.725,0,0,125,-49.3075
4.75,0,0,125,-49.2675
4.775,0,0,125,-49.2309
4.8,0,0,125,-49.1975
4.825,0,0,125,-49.1676
4.85,0,0,125,-49.1411
4.875,0,0,125,-49.1183
4.9,0,0,125,-49.0991
4.925,0,0,125,-49.0836
4.95,0,0,125,-49.0719
4.975,0,0,125,-49.0641
5,0,0,125,-49.0602
