0,0,0,125,-55.4184
0.025,0,0,125,-55.4155
0.05,0,0,125,-55.4096
0.075,0,0,125,-55.4008
0.1,0,0,125,-55.3891
0.125,0,0,125,-55.3746
0.15,0,0,125,-55.3572
0.175,0,0,125,-55.3371
0.2,0,0,125,-55.3144
0.225,0,0,125,-55.2891
0.25,0,0,125,-55.2613
0.275,0,0,125,-55.231
0.3,0,0,125,-55.1983
0.325,0,0,125,-55.1632
0.35,0,0,125,-55.1257
0.375,0,0,125,-55.086
0.4,0,0,125,-55.044
0.425,0,0,125,-54.9997
0.45,0,0,125,-54.9533
0.475,0,0,125,-54.9047
0.5,0,0,125,-54.854
0.525,0,0,125,-54.8012
0.55,0,0,125,-54.7463
0.575,0,0,125,-54.6893
0.6,0,0,125,-54.6304
0.625,0,0,125,-54.5694
0.65,0,0,125,-54.5065
0.675,0,0,125,-54.4416
0.7,0,0,125,-54.3749
0.725,0,0,125,-54.3062
0.75,0,0,125,-54.2357
0.775,0,0,125,-54.1634
0.8,0,0,125,-54.0892
0.825,0,0,125,-54.0132
0.85,0,0,125,-53.9355
0.875,0,0,125,-53.856
0.9,0,0,125,-53.7748
0.925,0,0,125,-53.6918
0.95,0,0,125,-53.6072
0.975,0,0,125,-53.521
1,0,0,125,-53.4331
1.025,0,0,125,-53.3435
1.05,0,0,125,-53.2524
1.075,0,0,125,-53.1597
1.1,0,0,125,-53.0655
1.125,0,0,125,-52.9698
1.15,0,0,125,-52.8725
1.175,0,0,125,-52.7738
1.2,0,0,125,-52.6736
1.225,0,0,125,-52.5719
1.25,0,0,125,-52.4689
1.275,0,0,125,-52.3644
1.3,0,0,125,-52.2586
1.325,0,0,125,-52.1515
1.35,0,0,125,-52.043
1.375,0,0,125,-51.9333
1.4,0,0,125,-51.8222
1.425,0,0,125,-51.71
1.45,0,0,125,-51.5964
1.475,0,0,125,-51.4817
1.5,0,0,125,-51.3657
1.525,0,0,125,-51.2486
1.55,0,0,125,-51.1304
1.575,0,0,125,-51.011
1.6,0,0,125,-50.8906
1.625,0,0,125,-50.769
1.65,0,0,125,-50.6464
1.675,0,0,125,-50.5228
1.7,0,0,125,-50.3982
1.725,0,0,125,-50.2725
1.75,0,0,125,-50.1459
1.775,0,0,125,-50.0184
1.8,0,0,125,-49.8899
1.825,0,0,125,-49.7605
1.85,0,0,125,-49.6303
1.875,0,0,125,-49.4992
1.9,0,0,125,-49.3673
1.925,0,0,125,-49.2346
1.95,0,0,125,-49.101
1.975,0,0,125,-48.9667
2,0,0,125,-48.8317
2.025,0,0,125,-48.6959
2.05,0,0,125,-48.5595
2.075,0,0,125,-48.4223
2.1,0,0,125,-48.2845
2.125,0,0,125,-48.1461
2.15,0,0,125,-48.007
2.175,0,0,125,-47.8674
2.2,0,0,125,-47.7272
2.225,0,0,125,-47.5864
2.25,0,0,125,-47.4451
2.275,0,0,125,-47.3034
2.3,0,0,125,-47.1611
2.325,0,0,125,-47.0184
2.35,0,0,125,-46.8752
2.375,0,0,125,-46.7317
2.4,0,0,125,-46.5877
2.425,0,0,125,-46.4434
2.45,0,0,125,-46.2987
2.475,0,0,125,-46.1537
2.5,0,0,125,-46.0085
2.525,0,0,125,-45.8629
2.55,0,0,125,-45.7171
2.575,0,0,125,-45.571
2.6,0,0,125,-45.4247
2.625,0,0,125,-45.2783
2.65,0,0,125,-45.1317
2.675,0,0,125,-44.9849
2.7,0,0,125,-44.838
2.725,0,0,125,-44.6911
2.75,0,0,125,-44.544
2.775,0,0,125,-44.3969
2.8,0,0,125,-44.2498
2.825,0,0,125,-44.1027
2.85,0,0,125,-43.9556
2.875,0,0,125,-43.8086
2.9,0,0,125,-43.6616
2.925,0,0,125,-43.5147
2.95,0,0,125,-43.368
2.975,0,0,125,-43.2214
3,0,0,125,-43.075
3.025,0,0,125,-42.9287
3.05,0,0,125,-42.7827
3.075,0,0,125,-42.637
3.1,0,0,125,-42.4915
3.125,0,0,125,-42.3463
3.15,0,0,125,-42.2014
3.175,0,0,125,-42.0569
3.2,0,0,125,-41.9128
3.225,0,0,125,-41.7691
3.25,0,0,125,-41.6258
3.275,0,0,125,-41.483
3.3,0,0,125,-41.3407
3.325,0,0,125,-41.1989
3.35,0,0,125,-41.0576
3.375,0,0,125,-40.917
3.4,0,0,125,-40.7769
3.425,0,0,125,-40.6375
3.45,0,0,125,-40.4987
3.475,0,0,125,-40.3607
3.5,0,0,125,-40.2234
3.525,0,0,125,-40.0869
3.55,0,0,125,-39.9511
3.575,0,0,125,-39.8162
3.6,0,0,125,-39.6822
3.625,0,0,125,-39.549
3.65,0,0,125,-39.4168
3.675,0,0,125,-39.2856
3.7,0,0,125,-39.1553
3.725,0,0,125,-39.0261
3.75,0,0,125,-38.898
3.775,0,0,125,-38.771
3.8,0,0,125,-38.6452
3.825,0,0,125,-38.5205
3.85,0,0,125,-38.3971
3.875,0,0,125,-38.2749
3.9,0,0,125,-38.1541
3.925,0,0,125,-38.0346
3.95,0,0,125,-37.9166
3.975,0,0,125,-37.7999
4,0,0,125,-37.6848
4.025,0,0,125,-37.5712
4.05,0,0,125,-37.4591
4.075,0,0,125,-37.3487
4.1,0,0,125,-37.24
4.125,0,0,125,-37.133
4.15,0,0,125,-37.0277
4.175,0,0,125,-36.9243
4.2,0,0,125,-36.8227
4.225,0,0,125,-36.7231
4.25,0,0,125,-36.6255
4.275,0,0,125,-36.5299
4.3,0,0,125,-36.4364
4.325,0,0,125,-36.3451
4.35,0,0,125,-36.2559
4.375,0,0,125,-36.1691
4.4,0,0,125,-36.0846
4.425,0,0,125,-36.0025
4.45,0,0,125,-35.9229
4.475,0,0,125,-35.8458
4.5,0,0,125,-35.7713
4.525,0,0,125,-35.6995
4.55,0,0,125,-35.6304
4.575,0,0,125,-35.5641
4.6,0,0,125,-35.5008
4.625,0,0,125,-35.4404
4.65,0,0,125,-35.3831
4.675,0,0,125,-35.329
4.7,0,0,125,-35.2781
4.725,0,0,125,-35.2305
4.75,0,0,125,-35.1863
4.775,0,0,125,-35.1457
4.8,0,0,125,-35.1087
4.825,0,0,125,-35.0754
4.85,0,0,125,-35.0459
4.875,0,0,125,-35.0203
4.9,0,0,125,-34.9988
4.925,0,0,125,-34.9815
4.95,0,0,125,-34.9684
4.975,0,0,125,-34.9596
5,0,0,125,-34.9552
