0,0,0,125,-42.0355
0.025,0,0,125,-42.0302
0.05,0,0,125,-42.0194
0.075,0,0,125,-42.0033
0.1,0,0,125,-41.982
0.125,0,0,125,-41.9555
0.15,0,0,125,-41.924
0.175,0,0,125,-41.8878
0.2,0,0,125,-41.8471
0.225,0,0,125,-41.8022
0.25,0,0,125,-41.7531
0.275,0,0,125,-41.7002
0.3,0,0,125,-41.6434
0.325,0,0,125,-41.5831
0.35,0,0,125,-41.5193
0.375,0,0,125,-41.4521
0.4,0,0,125,-41.3818
0.425,0,0,125,-41.3084
0.45,0,0,125,-41.2321
0.475,0,0,125,-41.153
0.5,0,0,125,-41.0711
0.525,0,0,125,-40.9867
0.55,0,0,125,-40.8998
0.575,0,0,125,-40.8105
0.6,0,0,125,-40.719
0.625,0,0,125,-40.6253
0.65,0,0,125,-40.5296
0.675,0,0,125,-40.4319
0.7,0,0,125,-40.3323
0.725,0,0,125,-40.231
0.75,0,0,125,-40.128
0.775,0,0,125,-40.0233
0.8,0,0,125,-39.9172
0.825,0,0,125,-39.8097
0.85,0,0,125,-39.7008
0.875,0,0,125,-39.5906
0.9,0,0,125,-39.4793
0.925,0,0,125,-39.3669
0.95,0,0,125,-39.2535
0.975,0,0,125,-39.1391
1,0,0,125,-39.0238
1.025,0,0,125,-38.9078
1.05,0,0,125,-38.791
1.075,0,0,125,-38.6735
1.1,0,0,125,-38.5555
1.125,0,0,125,-38.4369
1.15,0,0,125,-38.3178
1.175,0,0,125,-38.1984
1.2,0,0,125,-38.0785
1.225,0,0,125,-37.9584
1.25,0,0,125,-37.8381
1.275,0,0,125,-37.7176
1.3,0,0,125,-37.5969
1.325,0,0,125,-37.4762
1.35,0,0,125,-37.3554
1.375,0,0,125,-37.2347
1.4,0,0,125,-37.114
1.425,0,0,125,-36.9935
1.45,0,0,125,-36.873
1.475,0,0,125,-36.7528
1.5,0,0,125,-36.6328
1.525,0,0,125,-36.5131
1.55,0,0,125,-36.3936
1.575,0,0,125,-36.2745
1.6,0,0,125,-36.1558
1.625,0,0,125,-36.0374
1.65,0,0,125,-35.9195
1.675,0,0,125,-35.802
1.7,0,0,125,-35.6849
1.725,0,0,125,-35.5684
1.75,0,0,125,-35.4524
1.775,0,0,125,-35.3369
1.8,0,0,125,-35.222
1.825,0,0,125,-35.1076
1.85,0,0,125,-34.9938
1.875,0,0,125,-34.8806
1.9,0,0,125,-34.768
1.925,0,0,125,-34.6561
1.95,0,0,125,-34.5447
1.975,0,0,125,-34.434
2,0,0,125,-34.324
2.025,0,0,125,-34.2145
2.05,0,0,125,-34.1058
2.075,0,0,125,-33.9977
2.1,0,0,125,-33.8902
2.125,0,0,125,-33.7835
2.15,0,0,125,-33.6773
2.175,0,0,125,-33.5719
2.2,0,0,125,-33.4671
2.225,0,0,125,-33.363
2.25,0,0,125,-33.2595
2.275,0,0,125,-33.1566
2.3,0,0,125,-33.0544
2.325,0,0,125,-32.9529
2.35,0,0,125,-32.8519
2.375,0,0,125,-32.7516
2.4,0,0,125,-32.6519
2.425,0,0,125,-32.5528
2.45,0,0,125,-32.4544
2.475,0,0,125,-32.3565
2.5,0,0,125,-32.2592
2.525,0,0,125,-32.1624
2.55,0,0,125,-32.0663
2.575,0,0,125,-31.9706
2.6,0,0,125,-31.8756
2.625,0,0,125,-31.781
2.65,0,0,125,-31.687
2.675,0,0,125,-31.5935
2.7,0,0,125,-31.5004
2.725,0,0,125,-31.4079
2.75,0,0,125,-31.3158
2.775,0,0,125,-31.2242
2.8,0,0,125,-31.133
2.825,0,0,125,-31.0422
2.85,0,0,125,-30.9519
2.875,0,0,125,-30.862
2.9,0,0,125,-30.7725
2.925,0,0,125,-30.6833
2.95,0,0,125,-30.5945
2.975,0,0,125,-30.5061
3,0,0,125,-30.418
3.025,0,0,125,-30.3302
3.05,0,0,125,-30.2427
3.075,0,0,125,-30.1556
3.1,0,0,125,-30.0687
3.125,0,0,125,-29.9821
3.15,0,0,125,-29.8958
3.175,0,0,125,-29.8098
3.2,0,0,125,-29.7239
3.225,0,0,125,-29.6384
3.25,0,0,125,-29.553
3.275,0,0,125,-29.4678
3.3,0,0,125,-29.3829
3.325,0,0,125,-29.2982
3.35,0,0,125,-29.2136
3.375,0,0,125,-29.1292
3.4,0,0,125,-29.045
3.425,0,0,125,-28.961
3.45,0,0,125,-28.8771
3.475,0,0,125,-28.7934
3.5,0,0,125,-28.7098
3.525,0,0,125,-28.6264
3.55,0,0,125,-28.5431
3.575,0,0,125,-28.46
3.6,0,0,125,-28.377
3.625,0,0,125,-28.2942
3.65,0,0,125,-28.2115
3.675,0,0,125,-28.1289
3.7,0,0,125,-28.0465
3.725,0,0,125,-27.9642
3.75,0,0,125,-27.8821
3.775,0,0,125,-27.8002
3.8,0,0,125,-27.7184
3.825,0,0,125,-27.6368
3.85,0,0,125,-27.5553
3.875,0,0,125,-27.4741
3.9,0,0,125,-27.3931
3.925,0,0,125,-27.3123
3.95,0,0,125,-27.2317
3.975,0,0,125,-27.1514
4,0,0,125,-27.0714
4.025,0,0,125,-26.9917
4.05,0,0,125,-26.9124
4.075,0,0,125,-26.8334
4.1,0,0,125,-26.7547
4.125,0,0,125,-26.6765
4.15,0,0,125,-26.5988
4.175,0,0,125,-26.5216
4.2,0,0,125,-26.4449
4.225,0,0,125,-26.3688
4.25,0,0,125,-26.2933
4.275,0,0,125,-26.2185
4.3,0,0,125,-26.1444
4.325,0,0,125,-26.0712
4.35,0,0,125,-25.9988
4.375,0,0,125,-25.9273
4.4,0,0,125,-25.8568
4.425,0,0,125,-25.7874
4.45,0,0,125,-25.7192
4.475,0,0,125,-25.6523
4.5,0,0,125,-25.5867
4.525,0,0,125,-25.5225
4.55,0,0,125,-25.4599
4.575,0,0,125,-25.399
4.6,0,0,125,-25.3399
4.625,0,0,125,-25.2827
4.65,0,0,125,-25.2277
4.675,0,0,125,-25.1748
4.7,0,0,125,-25.1244
4.725,0,0,125,-25.0766
4.75,0,0,125,-25.0315
4.775,0,0,125,-24.9894
4.8,0,0,125,-24.9505
4.825,0,0,125,-24.9149
4.85,0,0,125,-24.8831
4.875,0,0,125,-24.8551
4.9,0,0,125,-24.8313
4.925,0,0,125,-24.8118
4.95,0,0,125,-24.797
4.975,0,0,125,-24.787
5,0,0,125,-24.782
