0,0,0,125,-35.3014
0.025,0,0,125,-35.2959
0.05,0,0,125,-35.2849
0.075,0,0,125,-35.2684
0.1,0,0,125,-35.2465
0.125,0,0,125,-35.2194
0.15,0,0,125,-35.1873
0.175,0,0,125,-35.1504
0.2,0,0,125,-35.1091
0.225,0,0,125,-35.0637
0.25,0,0,125,-35.0142
0.275,0,0,125,-34.961
0.3,0,0,125,-34.9042
0.325,0,0,125,-34.844
0.35,0,0,125,-34.7806
0.375,0,0,125,-34.7142
0.4,0,0,125,-34.6449
0.425,0,0,125,-34.5729
0.45,0,0,125,-34.4984
0.475,0,0,125,-34.4214
0.5,0,0,125,-34.3422
0.525,0,0,125,-34.2608
0.55,0,0,125,-34.1774
0.575,0,0,125,-34.0922
0.6,0,0,125,-34.0052
0.625,0,0,125,-33.9166
0.65,0,0,125,-33.8264
0.675,0,0,125,-33.7349
0.7,0,0,125,-33.6421
0.725,0,0,125,-33.5481
0.75,0,0,125,-33.453
0.775,0,0,125,-33.3569
0.8,0,0,125,-33.2599
0.825,0,0,125,-33.1622
0.85,0,0,125,-33.0637
0.875,0,0,125,-32.9646
0.9,0,0,125,-32.8649
0.925,0,0,125,-32.7648
0.95,0,0,125,-32.6643
0.975,0,0,125,-32.5635
1,0,0,125,-32.4624
1.025,0,0,125,-32.3611
1.05,0,0,125,-32.2598
1.075,0,0,125,-32.1584
1.1,0,0,125,-32.0569
1.125,0,0,125,-31.9556
1.15,0,0,125,-31.8544
1.175,0,0,125,-31.7533
1.2,0,0,125,-31.6524
1.225,0,0,125,-31.5518
1.25,0,0,125,-31.4515
1.275,0,0,125,-31.3516
1.3,0,0,125,-31.252
1.325,0,0,125,-31.1528
1.35,0,0,125,-31.0541
1.375,0,0,125,-30.9559
1.4,0,0,125,-30.8582
1.425,0,0,125,-30.761
1.45,0,0,125,-30.6644
1.475,0,0,125,-30.5683
1.5,0,0,125,-30.4729
1.525,0,0,125,-30.3781
1.55,0,0,125,-30.2839
1.575,0,0,125,-30.1904
1.6,0,0,125,-30.0975
1.625,0,0,125,-30.0054
1.65,0,0,125,-29.9139
1.675,0,0,125,-29.8231
1.7,0,0,125,-29.733
1.725,0,0,125,-29.6437
1.75,0,0,125,-29.555
1.775,0,0,125,-29.4671
1.8,0,0,125,-29.3799
1.825,0,0,125,-29.2934
1.85,0,0,125,-29.2076
1.875,0,0,125,-29.1225
1.9,0,0,125,-29.0382
1.925,0,0,125,-28.9546
1.95,0,0,125,-28.8716
1.975,0,0,125,-28.7894
2,0,0,125,-28.7079
2.025,0,0,125,-28.6271
2.05,0,0,125,-28.5469
2.075,0,0,125,-28.4674
2.1,0,0,125,-28.3886
2.125,0,0,125,-28.3105
2.15,0,0,125,-28.233
2.175,0,0,125,-28.1561
2.2,0,0,125,-28.0798
2.225,0,0,125,-28.0042
2.25,0,0,125,-27.9292
2.275,0,0,125,-27.8548
2.3,0,0,125,-27.7809
2.325,0,0,125,-27.7076
2.35,0,0,125,-27.6349
2.375,0,0,125,-27.5628
2.4,0,0,125,-27.4911
2.425,0,0,125,-27.42
2.45,0,0,125,-27.3494
2.475,0,0,125,-27.2793
2.5,0,0,125,-27.2096
2.525,0,0,125,-27.1405
2.55,0,0,125,-27.0718
2.575,0,0,125,-27.0035
2.6,0,0,125,-26.9357
2.625,0,0,125,-26.8683
2.65,0,0,125,-26.8013
2.675,0,0,125,-26.7347
2.7,0,0,125,-26.6685
2.725,0,0,125,-26.6026
2.75,0,0,125,-26.5371
2.775,0,0,125,-26.472
2.8,0,0,125,-26.4071
2.825,0,0,125,-26.3426
2.85,0,0,125,-26.2784
2.875,0,0,125,-26.2145
2.9,0,0,125,-26.1508
2.925,0,0,125,-26.0874
2.95,0,0,125,-26.0243
2.975,0,0,125,-25.9614
3,0,0,125,-25.8987
3.025,0,0,125,-25.8363
3.05,0,0,125,-25.774
3.075,0,0,125,-25.712
3.1,0,0,125,-25.6501
3.125,0,0,125,-25.5884
3.15,0,0,125,-25.5269
3.175,0,0,125,-25.4655
3.2,0,0,125,-25.4042
3.225,0,0,125,-25.3431
3.25,0,0,125,-25.2821
3.275,0,0,125,-25.2212
3.3,0,0,125,-25.1604
3.325,0,0,125,-25.0997
3.35,0,0,125,-25.0391
3.375,0,0,125,-24.9785
3.4,0,0,125,-24.918
3.425,0,0,125,-24.8576
3.45,0,0,125,-24.7972
3.475,0,0,125,-24.7369
3.5,0,0,125,-24.6766
3.525,0,0,125,-24.6163
3.55,0,0,125,-24.5561
3.575,0,0,125,-24.4959
3.6,0,0,125,-24.4357
3.625,0,0,125,-24.3755
3.65,0,0,125,-24.3153
3.675,0,0,125,-24.2552
3.7,0,0,125,-24.195
3.725,0,0,125,-24.1348
3.75,0,0,125,-24.0747
3.775,0,0,125,-24.0145
3.8,0,0,125,-23.9544
3.825,0,0,125,-23.8942
3.85,0,0,125,-23.8341
3.875,0,0,125,-23.774
3.9,0,0,125,-23.7139
3.925,0,0,125,-23.6538
3.95,0,0,125,-23.5937
3.975,0,0,125,-23.5337
4,0,0,125,-23.4738
4.025,0,0,125,-23.4139
4.05,0,0,125,-23.3541
4.075,0,0,125,-23.2944
4.1,0,0,125,-23.2348
4.125,0,0,125,-23.1753
4.15,0,0,125,-23.1161
4.175,0,0,125,-23.057
4.2,0,0,125,-22.9981
4.225,0,0,125,-22.9395
4.25,0,0,125,-22.8811
4.275,0,0,125,-22.8231
4.3,0,0,125,-22.7654
4.325,0,0,125,-22.7082
4.35,0,0,125,-22.6514
4.375,0,0,125,-22.5951
4.4,0,0,125,-22.5394
4.425,0,0,125,-22.4842
4.45,0,0,125,-22.4298
4.475,0,0,125,-22.3762
4.5,0,0,125,-22.3234
4.525,0,0,125,-22.2716
4.55,0,0,125,-22.2207
4.575,0,0,125,-22.171
4.6,0,0,125,-22.1226
4.625,0,0,125,-22.0755
4.65,0,0,125,-22.03
4.675,0,0,125,-21.986
4.7,0,0,125,-21.9439
4.725,0,0,125,-21.9037
4.75,0,0,125,-21.8656
4.775,0,0,125,-21.8299
4.8,0,0,125,-21.7967
4.825,0,0,125,-21.7663
4.85,0,0,125,-21.7389
4.875,0,0,125,-21.7147
4.9,0,0,125,-21.694
4.925,0,0,125,-21.6771
4.95,0,0,125,-21.6642
4.975,0,0,125,-21.6554
5,0,0,125,-21.651
