0,0,0,125,-68.1138
0.025,0,0,125,-68.1118
0.05,0,0,125,-68.1077
0.075,0,0,125,-68.1017
0.1,0,0,125,-68.0937
0.125,0,0,125,-68.0837
0.15,0,0,125,-68.0718
0.175,0,0,125,-68.0581
0.2,0,0,125,-68.0425
0.225,0,0,125,-68.0251
0.25,0,0,125,-68.006
0.275,0,0,125,-67.9851
0.3,0,0,125,-67.9625
0.325,0,0,125,-67.9383
0.35,0,0,125,-67.9124
0.375,0,0,125,-67.8849
0.4,0,0,125,-67.8558
0.425,0,0,125,-67.8251
0.45,0,0,125,-67.7929
0.475,0,0,125,-67.7591
0.5,0,0,125,-67.7237
0.525,0,0,125,-67.6869
0.55,0,0,125,-67.6485
0.575,0,0,125,-67.6086
0.6,0,0,125,-67.5673
0.625,0,0,125,-67.5245
0.65,0,0,125,-67.4803
0.675,0,0,125,-67.4346
0.7,0,0,125,-67.3875
0.725,0,0,125,-67.339
0.75,0,0,125,-67.289
0.775,0,0,125,-67.2377
0.8,0,0,125,-67.185
0.825,0,0,125,-67.1309
0.85,0,0,125,-67.0755
0.875,0,0,125,-67.0187
0.9,0,0,125,-66.9605
0.925,0,0,125,-66.9011
0.95,0,0,125,-66.8403
0.975,0,0,125,-66.7782
1,0,0,125,-66.7148
1.025,0,0,125,-66.6502
1.05,0,0,125,-66.5842
1.075,0,0,125,-66.517
1.1,0,0,125,-66.4485
1.125,0,0,125,-66.3788
1.15,0,0,125,-66.3078
1.175,0,0,125,-66.2356
1.2,0,0,125,-66.1622
1.225,0,0,125,-66.0876
1.25,0,0,125,-66.0118
1.275,0,0,125,-65.9349
1.3,0,0,125,-65.8567
1.325,0,0,125,-65.7774
1.35,0,0,125,-65.697
1.375,0,0,125,-65.6154
1.4,0,0,125,-65.5327
1.425,0,0,125,-65.4488
1.45,0,0,125,-65.3639
1.475,0,0,125,-65.2779
1.5,0,0,125,-65.1909
1.525,0,0,125,-65.1027
1.55,0,0,125,-65.0135
1.575,0,0,125,-64.9233
1.6,0,0,125,-64.8321
1.625,0,0,125,-64.7398
1.65,0,0,125,-64.6465
1.675,0,0,125,-64.5523
1.7,0,0,125,-64.4571
1.725,0,0,125,-64.3609
1.75,0,0,125,-64.2638
1.775,0,0,125,-64.1658
1.8,0,0,125,-64.0669
1.825,0,0,125,-63.967
1.85,0,0,125,-63.8663
1.875,0,0,125,-63.7647
1.9,0,0,125,-63.6623
1.925,0,0,125,-63.559
1.95,0,0,125,-63.4549
1.975,0,0,125,-63.35
2,0,0,125,-63.2443
2.025,0,0,125,-63.1378
2.05,0,0,125,-63.0305
2.075,0,0,125,-62.9225
2.1,0,0,125,-62.8138
2.125,0,0,125,-62.7043
2.15,0,0,125,-62.5942
2.175,0,0,125,-62.4833
2.2,0,0,125,-62.3718
2.225,0,0,125,-62.2597
2.25,0,0,125,-62.1469
2.275,0,0,125,-62.0334
2.3,0,0,125,-61.9194
2.325,0,0,125,-61.8048
2.35,0,0,125,-61.6897
2.375,0,0,125,-61.5739
2.4,0,0,125,-61.4577
2.425,0,0,125,-61.3409
2.45,0,0,125,-61.2236
2.475,0,0,125,-61.1058
2.5,0,0,125,-60.9876
2.525,0,0,125,-60.8689
2.55,0,0,125,-60.7498
2.575,0,0,125,-60.6303
2.6,0,0,125,-60.5104
2.625,0,0,125,-60.3901
2.65,0,0,125,-60.2695
2.675,0,0,125,-60.1485
2.7,0,0,125,-60.0273
2.725,0,0,125,-59.9057
2.75,0,0,125,-59.7838
2.775,0,0,125,-59.6617
2.8,0,0,125,-59.5394
2.825,0,0,125,-59.4168
2.85,0,0,125,-59.2941
2.875,0,0,125,-59.1711
2.9,0,0,125,-59.048
2.925,0,0,125,-58.9248
2.95,0,0,125,-58.8015
2.975,0,0,125,-58.6781
3,0,0,125,-58.5546
3.025,0,0,125,-58.4311
3.05,0,0,125,-58.3075
3.075,0,0,125,-58.184
3.1,0,0,125,-58.0605
3.125,0,0,125,-57.9371
3.15,0,0,125,-57.8137
3.175,0,0,125,-57.6904
3.2,0,0,125,-57.5673
3.225,0,0,125,-57.4444
3.25,0,0,125,-57.3216
3.275,0,0,125,-57.199
3.3,0,0,125,-57.0767
3.325,0,0,125,-56.9547
3.35,0,0,125,-56.8329
3.375,0,0,125,-56.7115
3.4,0,0,125,-56.5905
3.425,0,0,125,-56.4698
3.45,0,0,125,-56.3496
3.475,0,0,125,-56.2298
3.5,0,0,125,-56.1106
3.525,0,0,125,-55.9918
3.55,0,0,125,-55.8736
3.575,0,0,125,-55.7561
3.6,0,0,125,-55.6391
3.625,0,0,125,-55.5228
3.65,0,0,125,-55.4073
3.675,0,0,125,-55.2924
3.7,0,0,125,-55.1784
3.725,0,0,125,-55.0652
3.75,0,0,125,-54.9528
3.775,0,0,125,-54.8414
3.8,0,0,125,-54.7309
3.825,0,0,125,-54.6213
3.85,0,0,125,-54.5129
3.875,0,0,125,-54.4055
3.9,0,0,125,-54.2992
3.925,0,0,125,-54.194
3.95,0,0,125,-54.0901
3.975,0,0,125,-53.9875
4,0,0,125,-53.8861
4.025,0,0,125,-53.7862
4.05,0,0,125,-53.6876
4.075,0,0,125,-53.5905
4.1,0,0,125,-53.4948
4.125,0,0,125,-53.4008
4.15,0,0,125,-53.3083
4.175,0,0,125,-53.2175
4.2,0,0,125,-53.1284
4.225,0,0,125,-53.041
4.25,0,0,125,-52.9555
4.275,0,0,125,-52.8718
4.3,0,0,125,-52.79
4.325,0,0,125,-52.7102
4.35,0,0,125,-52.6325
4.375,0,0,125,-52.5568
4.4,0,0,125,-52.4832
4.425,0,0,125,-52.4119
4.45,0,0,125,-52.3428
4.475,0,0,125,-52.2759
4.5,0,0,125,-52.2115
4.525,0,0,125,-52.1495
4.55,0,0,125,-52.09
4.575,0,0,125,-52.033
4.6,0,0,125,-51.9786
4.625,0,0,125,-51.9268
4.65,0,0,125,-51.8778
4.675,0,0,125,-51.8316
4.7,0,0,125,-51.7883
4.725,0,0,125,-51.7478
4.75,0,0,125,-51.7104
4.775,0,0,125,-51.676
4.8,0,0,125,-51.6447
4.825,0,0,125,-51.6167
4.85,0,0,125,-51.5919
4.875,0,0,125,-51.5705
4.9,0,0,125,-51.5525
4.925,0,0,125,-51.538
4.95,0,0,125,-51.527
4.975,0,0,125,-51.5197
5,0,0,125,-51.516
