0,0,0,125,-76.8105
0.025,0,0,125,-76.8095
0.05,0,0,125,-76.8074
0.075,0,0,125,-76.8044
0.1,0,0,125,-76.8003
0.125,0,0,125,-76.7952
0.15,0,0,125,-76.7891
0.175,0,0,125,-76.7821
0.2,0,0,125,-76.7742
0.225,0,0,125,-76.7653
0.25,0,0,125,-76.7556
0.275,0,0,125,-76.745
0.3,0,0,125,-76.7336
0.325,0,0,125,-76.7213
0.35,0,0,125,-76.7081
0.375,0,0,125,-76.6942
0.4,0,0,125,-76.6794
0.425,0,0,125,-76.6639
0.45,0,0,125,-76.6475
0.475,0,0,125,-76.6303
0.5,0,0,125,-76.6122
0.525,0,0,125,-76.5934
0.55,0,0,125,-76.5739
0.575,0,0,125,-76.5535
0.6,0,0,125,-76.5324
0.625,0,0,125,-76.5104
0.65,0,0,125,-76.4877
0.675,0,0,125,-76.4643
0.7,0,0,125,-76.44
0.725,0,0,125,-76.415
0.75,0,0,125,-76.3892
0.775,0,0,125,-76.3626
0.8,0,0,125,-76.3353
0.825,0,0,125,-76.3072
0.85,0,0,125,-76.2783
0.875,0,0,125,-76.2486
0.9,0,0,125,-76.2182
0.925,0,0,125,-76.1869
0.95,0,0,125,-76.1549
0.975,0,0,125,-76.1222
1,0,0,125,-76.0886
1.025,0,0,125,-76.0543
1.05,0,0,125,-76.0192
1.075,0,0,125,-75.9833
1.1,0,0,125,-75.9466
1.125,0,0,125,-75.9092
1.15,0,0,125,-75.8709
1.175,0,0,125,-75.8319
1.2,0,0,125,-75.7921
1.225,0,0,125,-75.7515
1.25,0,0,125,-75.7102
1.275,0,0,125,-75.668
1.3,0,0,125,-75.6251
1.325,0,0,125,-75.5814
1.35,0,0,125,-75.5368
1.375,0,0,125,-75.4916
1.4,0,0,125,-75.4455
1.425,0,0,125,-75.3986
1.45,0,0,125,-75.351
1.475,0,0,125,-75.3026
1.5,0,0,125,-75.2534
1.525,0,0,125,-75.2034
1.55,0,0,125,-75.1526
1.575,0,0,125,-75.1011
1.6,0,0,125,-75.0488
1.625,0,0,125,-74.9957
1.65,0,0,125,-74.9419
1.675,0,0,125,-74.8873
1.7,0,0,125,-74.8319
1.725,0,0,125,-74.7758
1.75,0,0,125,-74.7189
1.775,0,0,125,-74.6612
1.8,0,0,125,-74.6028
1.825,0,0,125,-74.5436
1.85,0,0,125,-74.4837
1.875,0,0,125,-74.4231
1.9,0,0,125,-74.3618
1.925,0,0,125,-74.2997
1.95,0,0,125,-74.2369
1.975,0,0,125,-74.1734
2,0,0,125,-74.1092
2.025,0,0,125,-74.0442
2.05,0,0,125,-73.9786
2.075,0,0,125,-73.9124
2.1,0,0,125,-73.8454
2.125,0,0,125,-73.7778
2.15,0,0,125,-73.7095
2.175,0,0,125,-73.6406
2.2,0,0,125,-73.571
2.225,0,0,125,-73.5008
2.25,0,0,125,-73.43
2.275,0,0,125,-73.3586
2.3,0,0,125,-73.2865
2.325,0,0,125,-73.214
2.35,0,0,125,-73.1408
2.375,0,0,125,-73.067
2.4,0,0,125,-72.9928
2.425,0,0,125,-72.918
2.45,0,0,125,-72.8426
2.475,0,0,125,-72.7668
2.5,0,0,125,-72.6905
2.525,0,0,125,-72.6137
2.55,0,0,125,-72.5364
2.575,0,0,125,-72.4587
2.6,0,0,125,-72.3806
2.625,0,0,125,-72.302
2.65,0,0,125,-72.2231
2.675,0,0,125,-72.1438
2.7,0,0,125,-72.0641
2.725,0,0,125,-71.9841
2.75,0,0,125,-71.9038
2.775,0,0,125,-71.8232
2.8,0,0,125,-71.7423
2.825,0,0,125,-71.6611
2.85,0,0,125,-71.5797
2.875,0,0,125,-71.498
2.9,0,0,125,-71.4162
2.925,0,0,125,-71.3342
2.95,0,0,125,-71.2521
2.975,0,0,125,-71.1698
3,0,0,125,-71.0875
3.025,0,0,125,-71.005
3.05,0,0,125,-70.9225
3.075,0,0,125,-70.8399
3.1,0,0,125,-70.7573
3.125,0,0,125,-70.6747
3.15,0,0,125,-70.5922
3.175,0,0,125,-70.5097
3.2,0,0,125,-70.4273
3.225,0,0,125,-70.3451
3.25,0,0,125,-70.2629
3.275,0,0,125,-70.181
3.3,0,0,125,-70.0992
3.325,0,0,125,-70.0177
3.35,0,0,125,-69.9364
3.375,0,0,125,-69.8553
3.4,0,0,125,-69.7746
3.425,0,0,125,-69.6943
3.45,0,0,125,-69.6142
3.475,0,0,125,-69.5346
3.5,0,0,125,-69.4554
3.525,0,0,125,-69.3766
3.55,0,0,125,-69.2983
3.575,0,0,125,-69.2205
3.6,0,0,125,-69.1432
3.625,0,0,125,-69.0665
3.65,0,0,125,-68.9903
3.675,0,0,125,-68.9148
3.7,0,0,125,-68.8399
3.725,0,0,125,-68.7657
3.75,0,0,125,-68.6922
3.775,0,0,125,-68.6194
3.8,0,0,125,-68.5473
3.825,0,0,125,-68.4761
3.85,0,0,125,-68.4057
3.875,0,0,125,-68.336
3.9,0,0,125,-68.2673
3.925,0,0,125,-68.1995
3.95,0,0,125,-68.1325
3.975,0,0,125,-68.0666
4,0,0,125,-68.0016
4.025,0,0,125,-67.9376
4.05,0,0,125,-67.8747
4.075,0,0,125,-67.8128
4.1,0,0,125,-67.752
4.125,0,0,125,-67.6924
4.15,0,0,125,-67.6338
4.175,0,0,125,-67.5765
4.2,0,0,125,-67.5203
4.225,0,0,125,-67.4654
4.25,0,0,125,-67.4117
4.275,0,0,125,-67.3593
4.3,0,0,125,-67.3082
4.325,0,0,125,-67.2585
4.35,0,0,125,-67.2101
4.375,0,0,125,-67.1631
4.4,0,0,125,-67.1175
4.425,0,0,125,-67.0733
4.45,0,0,125,-67.0306
4.475,0,0,125,-66.9894
4.5,0,0,125,-66.9498
4.525,0,0,125,-66.9117
4.55,0,0,125,-66.8751
4.575,0,0,125,-66.8402
4.6,0,0,125,-66.8069
4.625,0,0,125,-66.7753
4.65,0,0,125,-66.7454
4.675,0,0,125,-66.7172
4.7,0,0,125,-66.6908
4.725,0,0,125,-66.6662
4.75,0,0,125,-66.6434
4.775,0,0,125,-66.6225
4.8,0,0,125,-66.6036
4.825,0,0,125,-66.5866
4.85,0,0,125,-66.5715
4.875,0,0,125,-66.5586
4.9,0,0,125,-66.5476
4.925,0,0,125,-66.5389
4.95,0,0,125,-66.5322
4.975,0,0,125,-66.5278
5,0,0,125,-66.5256
