0,0,0,25,-8.37996
0.005,0,0,25,-8.37988
0.01,0,0,25,-8.37971
0.015,0,0,25,-8.37946
0.02,0,0,25,-8.37912
0.025,0,0,25,-8.37871
0.03,0,0,25,-8.37821
0.035,0,0,25,-8.37764
0.04,0,0,25,-8.37698
0.045,0,0,25,-8.37626
0.05,0,0,25,-8.37545
0.055,0,0,25,-8.37458
0.06,0,0,25,-8.37364
0.065,0,0,25,-8.37262
0.07,0,0,25,-8.37154
0.075,0,0,25,-8.37039
0.08,0,0,25,-8.36918
0.085,0,0,25,-8.3679
0.09,0,0,25,-8.36657
0.095,0,0,25,-8.36517
0.1,0,0,25,-8.36371
0.105,0,0,25,-8.3622
0.11,0,0,25,-8.36063
0.115,0,0,25,-8.35901
0.12,0,0,25,-8.35733
0.125,0,0,25,-8.3556
0.13,0,0,25,-8.35382
0.135,0,0,25,-8.35199
0.14,0,0,25,-8.35011
0.145,0,0,25,-8.34818
0.15,0,0,25,-8.34621
0.155,0,0,25,-8.3442
0.16,0,0,25,-8.34214
0.165,0,0,25,-8.34003
0.17,0,0,25,-8.33789
0.175,0,0,25,-8.33571
0.18,0,0,25,-8.33348
0.185,0,0,25,-8.33122
0.19,0,0,25,-8.32892
0.195,0,0,25,-8.32658
0.2,0,0,25,-8.32421
0.205,0,0,25,-8.3218
0.21,0,0,25,-8.31936
0.215,0,0,25,-8.31689
0.22,0,0,25,-8.31438
0.225,0,0,25,-8.31185
0.23,0,0,25,-8.30928
0.235,0,0,25,-8.30668
0.24,0,0,25,-8.30406
0.245,0,0,25,-8.3014
0.25,0,0,25,-8.29872
0.255,0,0,25,-8.29601
0.26,0,0,25,-8.29328
0.265,0,0,25,-8.29052
0.27,0,0,25,-8.28774
0.275,0,0,25,-8.28493
0.28,0,0,25,-8.2821
0.285,0,0,25,-8.27924
0.29,0,0,25,-8.27637
0.295,0,0,25,-8.27347
0.3,0,0,25,-8.27055
0.305,0,0,25,-8.26762
0.31,0,0,25,-8.26466
0.315,0,0,25,-8.26168
0.32,0,0,25,-8.25869
0.325,0,0,25,-8.25567
0.33,0,0,25,-8.25264
0.335,0,0,25,-8.24959
0.34,0,0,25,-8.24653
0.345,0,0,25,-8.24345
0.35,0,0,25,-8.24035
0.355,0,0,25,-8.23724
0.36,0,0,25,-8.23411
0.365,0,0,25,-8.23097
0.37,0,0,25,-8.22782
0.375,0,0,25,-8.22465
0.38,0,0,25,-8.22146
0.385,0,0,25,-8.21827
0.39,0,0,25,-8.21506
0.395,0,0,25,-8.21184
0.4,0,0,25,-8.20861
0.405,0,0,25,-8.20537
0.41,0,0,25,-8.20212
0.415,0,0,25,-8.19885
0.42,0,0,25,-8.19558
0.425,0,0,25,-8.19229
0.43,0,0,25,-8.189
0.435,0,0,25,-8.1857
0.44,0,0,25,-8.18238
0.445,0,0,25,-8.17906
0.45,0,0,25,-8.17573
0.455,0,0,25,-8.17239
0.46,0,0,25,-8.16905
0.465,0,0,25,-8.16569
0.47,0,0,25,-8.16233
0.475,0,0,25,-8.15896
0.48,0,0,25,-8.15559
0.485,0,0,25,-8.1522
0.49,0,0,25,-8.14882
0.495,0,0,25,-8.14542
0.5,0,0,25,-8.14202
0.505,0,0,25,-8.13861
0.51,0,0,25,-8.1352
0.515,0,0,25,-8.13178
0.52,0,0,25,-8.12835
0.525,0,0,25,-8.12492
0.53,0,0,25,-8.12149
0.535,0,0,25,-8.11805
0.54,0,0,25,-8.1146
0.545,0,0,25,-8.11116
0.55,0,0,25,-8.1077
0.555,0,0,25,-8.10425
0.56,0,0,25,-8.10079
0.565,0,0,25,-8.09732
0.57,0,0,25,-8.09385
0.575,0,0,25,-8.09038
0.58,0,0,25,-8.08691
0.585,0,0,25,-8.08343
0.59,0,0,25,-8.07994
0.595,0,0,25,-8.07646
0.6,0,0,25,-8.07297
0.605,0,0,25,-8.06948
0.61,0,0,25,-8.06599
0.615,0,0,25,-8.06249
0.62,0,0,25,-8.05899
0.625,0,0,25,-8.05549
0.63,0,0,25,-8.05199
0.635,0,0,25,-8.04849
0.64,0,0,25,-8.04498
0.645,0,0,25,-8.04147
0.65,0,0,25,-8.03796
0.655,0,0,25,-8.03445
0.66,0,0,25,-8.03093
0.665,0,0,25,-8.02742
0.67,0,0,25,-8.0239
0.675,0,0,25,-8.02038
0.68,0,0,25,-8.01687
0.685,0,0,25,-8.01334
0.69,0,0,25,-8.00982
0.695,0,0,25,-8.0063
0.7,0,0,25,-8.00278
0.705,0,0,25,-7.99925
0.71,0,0,25,-7.99573
0.715,0,0,25,-7.9922
0.72,0,0,25,-7.98867
0.725,0,0,25,-7.98514
0.73,0,0,25,-7.98161
0.735,0,0,25,-7.97809
0.74,0,0,25,-7.97456
0.745,0,0,25,-7.97103
0.75,0,0,25,-7.96749
0.755,0,0,25,-7.96396
0.76,0,0,25,-7.96043
0.765,0,0,25,-7.9569
0.77,0,0,25,-7.95337
0.775,0,0,25,-7.94984
0.78,0,0,25,-7.94631
0.785,0,0,25,-7.94277
0.79,0,0,25,-7.93924
0.795,0,0,25,-7.93571
0.8,0,0,25,-7.93218
0.805,0,0,25,-7.92864
0.81,0,0,25,-7.92511
0.815,0,0,25,-7.92158
0.82,0,0,25,-7.91805
0.825,0,0,25,-7.91452
0.83,0,0,25,-7.91099
0.835,0,0,25,-7.90745
0.84,0,0,25,-7.90392
0.845,0,0,25,-7.90039
0.85,0,0,25,-7.89686
0.855,0,0,25,-7.89333
0.86,0,0,25,-7.8898
0.865,0,0,25,-7.88627
0.87,0,0,25,-7.88275
0.875,0,0,25,-7.87922
0.88,0,0,25,-7.87569
0.885,0,0,25,-7.87216
0.89,0,0,25,-7.86863
0.895,0,0,25,-7.86511
0.9,0,0,25,-7.86158
0.905,0,0,25,-7.85806
0.91,0,0,25,-7.85453
0.915,0,0,25,-7.85101
0.92,0,0,25,-7.84748
0.925,0,0,25,-7.84396
0.93,0,0,25,-7.84044
0.935,0,0,25,-7.83692
0.94,0,0,25,-7.8334
0.945,0,0,25,-7.82988
0.95,0,0,25,-7.82636
0.955,0,0,25,-7.82284
0.96,0,0,25,-7.81932
0.965,0,0,25,-7.8158
0.97,0,0,25,-7.81229
0.975,0,0,25,-7.80877
0.98,0,0,25,-7.80525
0.985,0,0,25,-7.80174
0.99,0,0,25,-7.79823
0.995,0,0,25,-7.79471
1,0,0,25,-7.7912
1.005,0,0,25,-7.78769
1.01,0,0,25,-7.78418
1.015,0,0,25,-7.78067
1.02,0,0,25,-7.77716
1.025,0,0,25,-7.77365
1.03,0,0,25,-7.77014
1.035,0,0,25,-7.76663
1.04,0,0,25,-7.76313
1.045,0,0,25,-7.75962
1.05,0,0,25,-7.75612
1.055,0,0,25,-7.75261
1.06,0,0,25,-7.74911
1.065,0,0,25,-7.74561
1.07,0,0,25,-7.74211
1.075,0,0,25,-7.73861
1.08,0,0,25,-7.73511
1.085,0,0,25,-7.73161
1.09,0,0,25,-7.72811
1.095,0,0,25,-7.72461
1.1,0,0,25,-7.72112
1.105,0,0,25,-7.71762
1.11,0,0,25,-7.71413
1.115,0,0,25,-7.71063
1.12,0,0,25,-7.70714
1.125,0,0,25,-7.70365
1.13,0,0,25,-7.70016
1.135,0,0,25,-7.69666
1.14,0,0,25,-7.69317
1.145,0,0,25,-7.68969
1.15,0,0,25,-7.6862
1.155,0,0,25,-7.68271
1.16,0,0,25,-7.67922
1.165,0,0,25,-7.67574
1.17,0,0,25,-7.67225
1.175,0,0,25,-7.66877
1.18,0,0,25,-7.66528
1.185,0,0,25,-7.6618
1.19,0,0,25,-7.65832
1.195,0,0,25,-7.65484
1.2,0,0,25,-7.65136
1.205,0,0,25,-7.64788
1.21,0,0,25,-7.6444
1.215,0,0,25,-7.64092
1.22,0,0,25,-7.63745
1.225,0,0,25,-7.63397
1.23,0,0,25,-7.63049
1.235,0,0,25,-7.62702
1.24,0,0,25,-7.62355
1.245,0,0,25,-7.62007
1.25,0,0,25,-7.6166
1.255,0,0,25,-7.61313
1.26,0,0,25,-7.60966
1.265,0,0,25,-7.60619
1.27,0,0,25,-7.60272
1.275,0,0,25,-7.59925
1.28,0,0,25,-7.59578
1.285,0,0,25,-7.59231
1.29,0,0,25,-7.58885
1.295,0,0,25,-7.58538
1.3,0,0,25,-7.58192
1.305,0,0,25,-7.57845
1.31,0,0,25,-7.57499
1.315,0,0,25,-7.57153
1.32,0,0,25,-7.56807
1.325,0,0,25,-7.5646
1.33,0,0,25,-7.56114
1.335,0,0,25,-7.55768
1.34,0,0,25,-7.55422
1.345,0,0,25,-7.55077
1.35,0,0,25,-7.54731
1.355,0,0,25,-7.54385
1.36,0,0,25,-7.54039
1.365,0,0,25,-7.53694
1.37,0,0,25,-7.53348
1.375,0,0,25,-7.53003
1.38,0,0,25,-7.52658
1.385,0,0,25,-7.52312
1.39,0,0,25,-7.51967
1.395,0,0,25,-7.51622
1.4,0,0,25,-7.51277
1.405,0,0,25,-7.50932
1.41,0,0,25,-7.50587
1.415,0,0,25,-7.50242
1.42,0,0,25,-7.49897
1.425,0,0,25,-7.49552
1.43,0,0,25,-7.49207
1.435,0,0,25,-7.48863
1.44,0,0,25,-7.48518
1.445,0,0,25,-7.48174
1.45,0,0,25,-7.47829
1.455,0,0,25,-7.47485
1.46,0,0,25,-7.4714
1.465,0,0,25,-7.46796
1.47,0,0,25,-7.46452
1.475,0,0,25,-7.46107
1.48,0,0,25,-7.45763
1.485,0,0,25,-7.45419
1.49,0,0,25,-7.45075
1.495,0,0,25,-7.44731
1.5,0,0,25,-7.44387
1.505,0,0,25,-7.44044
1.51,0,0,25,-7.437
1.515,0,0,25,-7.43356
1.52,0,0,25,-7.43012
1.525,0,0,25,-7.42669
1.53,0,0,25,-7.42325
1.535,0,0,25,-7.41982
1.54,0,0,25,-7.41638
1.545,0,0,25,-7.41295
1.55,0,0,25,-7.40952
1.555,0,0,25,-7.40608
1.56,0,0,25,-7.40265
1.565,0,0,25,-7.39922
1.57,0,0,25,-7.39579
1.575,0,0,25,-7.39236
1.58,0,0,25,-7.38893
1.585,0,0,25,-7.3855
1.59,0,0,25,-7.38207
1.595,0,0,25,-7.37864
1.6,0,0,25,-7.37521
1.605,0,0,25,-7.37178
1.61,0,0,25,-7.36835
1.615,0,0,25,-7.36493
1.62,0,0,25,-7.3615
1.625,0,0,25,-7.35807
1.63,0,0,25,-7.35465
1.635,0,0,25,-7.35122
1.64,0,0,25,-7.3478
1.645,0,0,25,-7.34437
1.65,0,0,25,-7.34095
1.655,0,0,25,-7.33753
1.66,0,0,25,-7.3341
1.665,0,0,25,-7.33068
1.67,0,0,25,-7.32726
1.675,0,0,25,-7.32384
1.68,0,0,25,-7.32042
1.685,0,0,25,-7.317
1.69,0,0,25,-7.31358
1.695,0,0,25,-7.31016
1.7,0,0,25,-7.30674
1.705,0,0,25,-7.30332
1.71,0,0,25,-7.2999
1.715,0,0,25,-7.29648
1.72,0,0,25,-7.29306
1.725,0,0,25,-7.28965
1.73,0,0,25,-7.28623
1.735,0,0,25,-7.28281
1.74,0,0,25,-7.2794
1.745,0,0,25,-7.27598
1.75,0,0,25,-7.27257
1.755,0,0,25,-7.26915
1.76,0,0,25,-7.26574
1.765,0,0,25,-7.26232
1.77,0,0,25,-7.25891
1.775,0,0,25,-7.2555
1.78,0,0,25,-7.25208
1.785,0,0,25,-7.24867
1.79,0,0,25,-7.24526
1.795,0,0,25,-7.24185
1.8,0,0,25,-7.23843
1.805,0,0,25,-7.23502
1.81,0,0,25,-7.23161
1.815,0,0,25,-7.2282
1.82,0,0,25,-7.22479
1.825,0,0,25,-7.22138
1.83,0,0,25,-7.21797
1.835,0,0,25,-7.21456
1.84,0,0,25,-7.21115
1.845,0,0,25,-7.20774
1.85,0,0,25,-7.20434
1.855,0,0,25,-7.20093
1.86,0,0,25,-7.19752
1.865,0,0,25,-7.19411
1.87,0,0,25,-7.19071
1.875,0,0,25,-7.1873
1.88,0,0,25,-7.18389
1.885,0,0,25,-7.18049
1.89,0,0,25,-7.17708
1.895,0,0,25,-7.17368
1.9,0,0,25,-7.17027
1.905,0,0,25,-7.16687
1.91,0,0,25,-7.16346
1.915,0,0,25,-7.16006
1.92,0,0,25,-7.15665
1.925,0,0,25,-7.15325
1.93,0,0,25,-7.14985
1.935,0,0,25,-7.14644
1.94,0,0,25,-7.14304
1.945,0,0,25,-7.13964
1.95,0,0,25,-7.13623
1.955,0,0,25,-7.13283
1.96,0,0,25,-7.12943
1.965,0,0,25,-7.12603
1.97,0,0,25,-7.12263
1.975,0,0,25,-7.11923
1.98,0,0,25,-7.11582
1.985,0,0,25,-7.11242
1.99,0,0,25,-7.10902
1.995,0,0,25,-7.10562
2,0,0,25,-7.10222
2.005,0,0,25,-7.09882
2.01,0,0,25,-7.09542
2.015,0,0,25,-7.09203
2.02,0,0,25,-7.08863
2.025,0,0,25,-7.08523
2.03,0,0,25,-7.08183
2.035,0,0,25,-7.07843
2.04,0,0,25,-7.07503
2.045,0,0,25,-7.07164
2.05,0,0,25,-7.06824
2.055,0,0,25,-7.06484
2.06,0,0,25,-7.06144
2.065,0,0,25,-7.05805
2.07,0,0,25,-7.05465
2.075,0,0,25,-7.05125
2.08,0,0,25,-7.04786
2.085,0,0,25,-7.04446
2.09,0,0,25,-7.04106
2.095,0,0,25,-7.03767
2.1,0,0,25,-7.03427
2.105,0,0,25,-7.03088
2.11,0,0,25,-7.02748
2.115,0,0,25,-7.02409
2.12,0,0,25,-7.02069
2.125,0,0,25,-7.0173
2.13,0,0,25,-7.0139
2.135,0,0,25,-7.01051
2.14,0,0,25,-7.00711
2.145,0,0,25,-7.00372
2.15,0,0,25,-7.00033
2.155,0,0,25,-6.99693
2.16,0,0,25,-6.99354
2.165,0,0,25,-6.99015
2.17,0,0,25,-6.98675
2.175,0,0,25,-6.98336
2.18,0,0,25,-6.97997
2.185,0,0,25,-6.97658
2.19,0,0,25,-6.97318
2.195,0,0,25,-6.96979
2.2,0,0,25,-6.9664
2.205,0,0,25,-6.96301
2.21,0,0,25,-6.95961
2.215,0,0,25,-6.95622
2.22,0,0,25,-6.95283
2.225,0,0,25,-6.94944
2.23,0,0,25,-6.94605
2.235,0,0,25,-6.94266
2.24,0,0,25,-6.93927
2.245,0,0,25,-6.93587
2.25,0,0,25,-6.93248
2.255,0,0,25,-6.92909
2.26,0,0,25,-6.9257
2.265,0,0,25,-6.92231
2.27,0,0,25,-6.91892
2.275,0,0,25,-6.91553
2.28,0,0,25,-6.91214
2.285,0,0,25,-6.90875
2.29,0,0,25,-6.90536
2.295,0,0,25,-6.90197
2.3,0,0,25,-6.89858
2.305,0,0,25,-6.89519
2.31,0,0,25,-6.8918
2.315,0,0,25,-6.88841
2.32,0,0,25,-6.88502
2.325,0,0,25,-6.88163
2.33,0,0,25,-6.87824
2.335,0,0,25,-6.87485
2.34,0,0,25,-6.87146
2.345,0,0,25,-6.86808
2.35,0,0,25,-6.86469
2.355,0,0,25,-6.8613
2.36,0,0,25,-6.85791
2.365,0,0,25,-6.85452
2.37,0,0,25,-6.85113
2.375,0,0,25,-6.84774
2.38,0,0,25,-6.84435
2.385,0,0,25,-6.84097
2.39,0,0,25,-6.83758
2.395,0,0,25,-6.83419
2.4,0,0,25,-6.8308
2.405,0,0,25,-6.82741
2.41,0,0,25,-6.82402
2.415,0,0,25,-6.82064
2.42,0,0,25,-6.81725
2.425,0,0,25,-6.81386
2.43,0,0,25,-6.81047
2.435,0,0,25,-6.80708
2.44,0,0,25,-6.8037
2.445,0,0,25,-6.80031
2.45,0,0,25,-6.79692
2.455,0,0,25,-6.79353
2.46,0,0,25,-6.79014
2.465,0,0,25,-6.78676
2.47,0,0,25,-6.78337
2.475,0,0,25,-6.77998
2.48,0,0,25,-6.77659
2.485,0,0,25,-6.77321
2.49,0,0,25,-6.76982
2.495,0,0,25,-6.76643
2.5,0,0,25,-6.76304
2.505,0,0,25,-6.75966
2.51,0,0,25,-6.75627
2.515,0,0,25,-6.75288
2.52,0,0,25,-6.74949
2.525,0,0,25,-6.74611
2.53,0,0,25,-6.74272
2.535,0,0,25,-6.73933
2.54,0,0,25,-6.73594
2.545,0,0,25,-6.73256
2.55,0,0,25,-6.72917
2.555,0,0,25,-6.72578
2.56,0,0,25,-6.72239
2.565,0,0,25,-6.71901
2.57,0,0,25,-6.71562
2.575,0,0,25,-6.71223
2.58,0,0,25,-6.70884
2.585,0,0,25,-6.70546
2.59,0,0,25,-6.70207
2.595,0,0,25,-6.69868
2.6,0,0,25,-6.69529
2.605,0,0,25,-6.69191
2.61,0,0,25,-6.68852
2.615,0,0,25,-6.68513
2.62,0,0,25,-6.68174
2.625,0,0,25,-6.67836
2.63,0,0,25,-6.67497
2.635,0,0,25,-6.67158
2.64,0,0,25,-6.66819
2.645,0,0,25,-6.66481
2.65,0,0,25,-6.66142
2.655,0,0,25,-6.65803
2.66,0,0,25,-6.65464
2.665,0,0,25,-6.65125
2.67,0,0,25,-6.64787
2.675,0,0,25,-6.64448
2.68,0,0,25,-6.64109
2.685,0,0,25,-6.6377
2.69,0,0,25,-6.63431
2.695,0,0,25,-6.63093
2.7,0,0,25,-6.62754
2.705,0,0,25,-6.62415
2.71,0,0,25,-6.62076
2.715,0,0,25,-6.61737
2.72,0,0,25,-6.61398
2.725,0,0,25,-6.6106
2.73,0,0,25,-6.60721
2.735,0,0,25,-6.60382
2.74,0,0,25,-6.60043
2.745,0,0,25,-6.59704
2.75,0,0,25,-6.59365
2.755,0,0,25,-6.59026
2.76,0,0,25,-6.58687
2.765,0,0,25,-6.58349
2.77,0,0,25,-6.5801
2.775,0,0,25,-6.57671
2.78,0,0,25,-6.57332
2.785,0,0,25,-6.56993
2.79,0,0,25,-6.56654
2.795,0,0,25,-6.56315
2.8,0,0,25,-6.55976
2.805,0,0,25,-6.55637
2.81,0,0,25,-6.55298
2.815,0,0,25,-6.54959
2.82,0,0,25,-6.5462
2.825,0,0,25,-6.54281
2.83,0,0,25,-6.53942
2.835,0,0,25,-6.53603
2.84,0,0,25,-6.53264
2.845,0,0,25,-6.52925
2.85,0,0,25,-6.52586
2.855,0,0,25,-6.52247
2.86,0,0,25,-6.51908
2.865,0,0,25,-6.51569
2.87,0,0,25,-6.5123
2.875,0,0,25,-6.50891
2.88,0,0,25,-6.50551
2.885,0,0,25,-6.50212
2.89,0,0,25,-6.49873
2.895,0,0,25,-6.49534
2.9,0,0,25,-6.49195
2.905,0,0,25,-6.48856
2.91,0,0,25,-6.48517
2.915,0,0,25,-6.48177
2.92,0,0,25,-6.47838
2.925,0,0,25,-6.47499
2.93,0,0,25,-6.4716
2.935,0,0,25,-6.46821
2.94,0,0,25,-6.46481
2.945,0,0,25,-6.46142
2.95,0,0,25,-6.45803
2.955,0,0,25,-6.45464
2.96,0,0,25,-6.45124
2.965,0,0,25,-6.44785
2.97,0,0,25,-6.44446
2.975,0,0,25,-6.44106
2.98,0,0,25,-6.43767
2.985,0,0,25,-6.43428
2.99,0,0,25,-6.43088
2.995,0,0,25,-6.42749
3,0,0,25,-6.4241
3.005,0,0,25,-6.4207
3.01,0,0,25,-6.41731
3.015,0,0,25,-6.41391
3.02,0,0,25,-6.41052
3.025,0,0,25,-6.40713
3.03,0,0,25,-6.40373
3.035,0,0,25,-6.40034
3.04,0,0,25,-6.39694
3.045,0,0,25,-6.39355
3.05,0,0,25,-6.39015
3.055,0,0,25,-6.38676
3.06,0,0,25,-6.38336
3.065,0,0,25,-6.37997
3.07,0,0,25,-6.37657
3.075,0,0,25,-6.37317
3.08,0,0,25,-6.36978
3.085,0,0,25,-6.36638
3.09,0,0,25,-6.36299
3.095,0,0,25,-6.35959
3.1,0,0,25,-6.35619
3.105,0,0,25,-6.3528
3.11,0,0,25,-6.3494
3.115,0,0,25,-6.346
3.12,0,0,25,-6.34261
3.125,0,0,25,-6.33921
3.13,0,0,25,-6.33581
3.135,0,0,25,-6.33242
3.14,0,0,25,-6.32902
3.145,0,0,25,-6.32562
3.15,0,0,25,-6.32222
3.155,0,0,25,-6.31883
3.16,0,0,25,-6.31543
3.165,0,0,25,-6.31203
3.17,0,0,25,-6.30863
3.175,0,0,25,-6.30523
3.18,0,0,25,-6.30183
3.185,0,0,25,-6.29844
3.19,0,0,25,-6.29504
3.195,0,0,25,-6.29164
3.2,0,0,25,-6.28824
3.205,0,0,25,-6.28484
3.21,0,0,25,-6.28144
3.215,0,0,25,-6.27804
3.22,0,0,25,-6.27464
3.225,0,0,25,-6.27124
3.23,0,0,25,-6.26784
3.235,0,0,25,-6.26444
3.24,0,0,25,-6.26104
3.245,0,0,25,-6.25764
3.25,0,0,25,-6.25424
3.255,0,0,25,-6.25084
3.26,0,0,25,-6.24744
3.265,0,0,25,-6.24404
3.27,0,0,25,-6.24064
3.275,0,0,25,-6.23724
3.28,0,0,25,-6.23384
3.285,0,0,25,-6.23044
3.29,0,0,25,-6.22704
3.295,0,0,25,-6.22363
3.3,0,0,25,-6.22023
3.305,0,0,25,-6.21683
3.31,0,0,25,-6.21343
3.315,0,0,25,-6.21003
3.32,0,0,25,-6.20663
3.325,0,0,25,-6.20322
3.33,0,0,25,-6.19982
3.335,0,0,25,-6.19642
3.34,0,0,25,-6.19302
3.345,0,0,25,-6.18961
3.35,0,0,25,-6.18621
3.355,0,0,25,-6.18281
3.36,0,0,25,-6.17941
3.365,0,0,25,-6.176
3.37,0,0,25,-6.1726
3.375,0,0,25,-6.1692
3.38,0,0,25,-6.16579
3.385,0,0,25,-6.16239
3.39,0,0,25,-6.15899
3.395,0,0,25,-6.15558
3.4,0,0,25,-6.15218
3.405,0,0,25,-6.14878
3.41,0,0,25,-6.14537
3.415,0,0,25,-6.14197
3.42,0,0,25,-6.13856
3.425,0,0,25,-6.13516
3.43,0,0,25,-6.13175
3.435,0,0,25,-6.12835
3.44,0,0,25,-6.12495
3.445,0,0,25,-6.12154
3.45,0,0,25,-6.11814
3.455,0,0,25,-6.11473
3.46,0,0,25,-6.11133
3.465,0,0,25,-6.10792
3.47,0,0,25,-6.10452
3.475,0,0,25,-6.10111
3.48,0,0,25,-6.09771
3.485,0,0,25,-6.0943
3.49,0,0,25,-6.0909
3.495,0,0,25,-6.08749
3.5,0,0,25,-6.08409
3.505,0,0,25,-6.08068
3.51,0,0,25,-6.07727
3.515,0,0,25,-6.07387
3.52,0,0,25,-6.07046
3.525,0,0,25,-6.06706
3.53,0,0,25,-6.06365
3.535,0,0,25,-6.06025
3.54,0,0,25,-6.05684
3.545,0,0,25,-6.05343
3.55,0,0,25,-6.05003
3.555,0,0,25,-6.04662
3.56,0,0,25,-6.04322
3.565,0,0,25,-6.03981
3.57,0,0,25,-6.0364
3.575,0,0,25,-6.033
3.58,0,0,25,-6.02959
3.585,0,0,25,-6.02619
3.59,0,0,25,-6.02278
3.595,0,0,25,-6.01937
3.6,0,0,25,-6.01597
3.605,0,0,25,-6.01256
3.61,0,0,25,-6.00916
3.615,0,0,25,-6.00575
3.62,0,0,25,-6.00234
3.625,0,0,25,-5.99894
3.63,0,0,25,-5.99553
3.635,0,0,25,-5.99212
3.64,0,0,25,-5.98872
3.645,0,0,25,-5.98531
3.65,0,0,25,-5.98191
3.655,0,0,25,-5.9785
3.66,0,0,25,-5.97509
3.665,0,0,25,-5.97169
3.67,0,0,25,-5.96828
3.675,0,0,25,-5.96488
3.68,0,0,25,-5.96147
3.685,0,0,25,-5.95806
3.69,0,0,25,-5.95466
3.695,0,0,25,-5.95125
3.7,0,0,25,-5.94785
3.705,0,0,25,-5.94444
3.71,0,0,25,-5.94104
3.715,0,0,25,-5.93763
3.72,0,0,25,-5.93422
3.725,0,0,25,-5.93082
3.73,0,0,25,-5.92741
3.735,0,0,25,-5.92401
3.74,0,0,25,-5.9206
3.745,0,0,25,-5.9172
3.75,0,0,25,-5.91379
3.755,0,0,25,-5.91039
3.76,0,0,25,-5.90698
3.765,0,0,25,-5.90358
3.77,0,0,25,-5.90018
3.775,0,0,25,-5.89677
3.78,0,0,25,-5.89337
3.785,0,0,25,-5.88996
3.79,0,0,25,-5.88656
3.795,0,0,25,-5.88316
3.8,0,0,25,-5.87975
3.805,0,0,25,-5.87635
3.81,0,0,25,-5.87295
3.815,0,0,25,-5.86954
3.82,0,0,25,-5.86614
3.825,0,0,25,-5.86274
3.83,0,0,25,-5.85933
3.835,0,0,25,-5.85593
3.84,0,0,25,-5.85253
3.845,0,0,25,-5.84913
3.85,0,0,25,-5.84573
3.855,0,0,25,-5.84232
3.86,0,0,25,-5.83892
3.865,0,0,25,-5.83552
3.87,0,0,25,-5.83212
3.875,0,0,25,-5.82872
3.88,0,0,25,-5.82532
3.885,0,0,25,-5.82192
3.89,0,0,25,-5.81852
3.895,0,0,25,-5.81512
3.9,0,0,25,-5.81172
3.905,0,0,25,-5.80832
3.91,0,0,25,-5.80492
3.915,0,0,25,-5.80153
3.92,0,0,25,-5.79813
3.925,0,0,25,-5.79473
3.93,0,0,25,-5.79133
3.935,0,0,25,-5.78794
3.94,0,0,25,-5.78454
3.945,0,0,25,-5.78114
3.95,0,0,25,-5.77775
3.955,0,0,25,-5.77435
3.96,0,0,25,-5.77096
3.965,0,0,25,-5.76756
3.97,0,0,25,-5.76417
3.975,0,0,25,-5.76078
3.98,0,0,25,-5.75738
3.985,0,0,25,-5.75399
3.99,0,0,25,-5.7506
3.995,0,0,25,-5.74721
4,0,0,25,-5.74381
4.005,0,0,25,-5.74042
4.01,0,0,25,-5.73703
4.015,0,0,25,-5.73364
4.02,0,0,25,-5.73026
4.025,0,0,25,-5.72687
4.03,0,0,25,-5.72348
4.035,0,0,25,-5.72009
4.04,0,0,25,-5.71671
4.045,0,0,25,-5.71332
4.05,0,0,25,-5.70993
4.055,0,0,25,-5.70655
4.06,0,0,25,-5.70317
4.065,0,0,25,-5.69978
4.07,0,0,25,-5.6964
4.075,0,0,25,-5.69302
4.08,0,0,25,-5.68964
4.085,0,0,25,-5.68626
4.09,0,0,25,-5.68288
4.095,0,0,25,-5.6795
4.1,0,0,25,-5.67612
4.105,0,0,25,-5.67274
4.11,0,0,25,-5.66937
4.115,0,0,25,-5.66599
4.12,0,0,25,-5.66262
4.125,0,0,25,-5.65925
4.13,0,0,25,-5.65588
4.135,0,0,25,-5.6525
4.14,0,0,25,-5.64913
4.145,0,0,25,-5.64577
4.15,0,0,25,-5.6424
4.155,0,0,25,-5.63903
4.16,0,0,25,-5.63567
4.165,0,0,25,-5.6323
4.17,0,0,25,-5.62894
4.175,0,0,25,-5.62558
4.18,0,0,25,-5.62222
4.185,0,0,25,-5.61886
4.19,0,0,25,-5.6155
4.195,0,0,25,-5.61215
4.2,0,0,25,-5.60879
4.205,0,0,25,-5.60544
4.21,0,0,25,-5.60209
4.215,0,0,25,-5.59874
4.22,0,0,25,-5.59539
4.225,0,0,25,-5.59204
4.23,0,0,25,-5.5887
4.235,0,0,25,-5.58535
4.24,0,0,25,-5.58201
4.245,0,0,25,-5.57867
4.25,0,0,25,-5.57533
4.255,0,0,25,-5.572
4.26,0,0,25,-5.56866
4.265,0,0,25,-5.56533
4.27,0,0,25,-5.562
4.275,0,0,25,-5.55868
4.28,0,0,25,-5.55535
4.285,0,0,25,-5.55203
4.29,0,0,25,-5.54871
4.295,0,0,25,-5.54539
4.3,0,0,25,-5.54207
4.305,0,0,25,-5.53876
4.31,0,0,25,-5.53545
4.315,0,0,25,-5.53214
4.32,0,0,25,-5.52884
4.325,0,0,25,-5.52553
4.33,0,0,25,-5.52223
4.335,0,0,25,-5.51894
4.34,0,0,25,-5.51564
4.345,0,0,25,-5.51235
4.35,0,0,25,-5.50907
4.355,0,0,25,-5.50578
4.36,0,0,25,-5.5025
4.365,0,0,25,-5.49923
4.37,0,0,25,-5.49595
4.375,0,0,25,-5.49268
4.38,0,0,25,-5.48942
4.385,0,0,25,-5.48615
4.39,0,0,25,-5.4829
4.395,0,0,25,-5.47964
4.4,0,0,25,-5.47639
4.405,0,0,25,-5.47315
4.41,0,0,25,-5.46991
4.415,0,0,25,-5.46667
4.42,0,0,25,-5.46344
4.425,0,0,25,-5.46021
4.43,0,0,25,-5.45699
4.435,0,0,25,-5.45377
4.44,0,0,25,-5.45056
4.445,0,0,25,-5.44735
4.45,0,0,25,-5.44415
4.455,0,0,25,-5.44096
4.46,0,0,25,-5.43777
4.465,0,0,25,-5.43459
4.47,0,0,25,-5.43141
4.475,0,0,25,-5.42824
4.48,0,0,25,-5.42507
4.485,0,0,25,-5.42191
4.49,0,0,25,-5.41876
4.495,0,0,25,-5.41562
4.5,0,0,25,-5.41248
4.505,0,0,25,-5.40935
4.51,0,0,25,-5.40623
4.515,0,0,25,-5.40312
4.52,0,0,25,-5.40001
4.525,0,0,25,-5.39691
4.53,0,0,25,-5.39382
4.535,0,0,25,-5.39074
4.54,0,0,25,-5.38767
4.545,0,0,25,-5.3846
4.55,0,0,25,-5.38155
4.555,0,0,25,-5.3785
4.56,0,0,25,-5.37547
4.565,0,0,25,-5.37245
4.57,0,0,25,-5.36943
4.575,0,0,25,-5.36643
4.58,0,0,25,-5.36344
4.585,0,0,25,-5.36045
4.59,0,0,25,-5.35748
4.595,0,0,25,-5.35453
4.6,0,0,25,-5.35158
4.605,0,0,25,-5.34865
4.61,0,0,25,-5.34573
4.615,0,0,25,-5.34282
4.62,0,0,25,-5.33992
4.625,0,0,25,-5.33704
4.63,0,0,25,-5.33418
4.635,0,0,25,-5.33133
4.64,0,0,25,-5.32849
4.645,0,0,25,-5.32567
4.65,0,0,25,-5.32286
4.655,0,0,25,-5.32007
4.66,0,0,25,-5.3173
4.665,0,0,25,-5.31454
4.67,0,0,25,-5.3118
4.675,0,0,25,-5.30908
4.68,0,0,25,-5.30638
4.685,0,0,25,-5.3037
4.69,0,0,25,-5.30103
4.695,0,0,25,-5.29839
4.7,0,0,25,-5.29576
4.705,0,0,25,-5.29316
4.71,0,0,25,-5.29058
4.715,0,0,25,-5.28802
4.72,0,0,25,-5.28548
4.725,0,0,25,-5.28297
4.73,0,0,25,-5.28048
4.735,0,0,25,-5.27801
4.74,0,0,25,-5.27557
4.745,0,0,25,-5.27315
4.75,0,0,25,-5.27076
4.755,0,0,25,-5.2684
4.76,0,0,25,-5.26606
4.765,0,0,25,-5.26375
4.77,0,0,25,-5.26147
4.775,0,0,25,-5.25923
4.78,0,0,25,-5.25701
4.785,0,0,25,-5.25482
4.79,0,0,25,-5.25266
4.795,0,0,25,-5.25054
4.8,0,0,25,-5.24845
4.805,0,0,25,-5.24639
4.81,0,0,25,-5.24437
4.815,0,0,25,-5.24239
4.82,0,0,25,-5.24044
4.825,0,0,25,-5.23853
4.83,0,0,25,-5.23665
4.835,0,0,25,-5.23482
4.84,0,0,25,-5.23303
4.845,0,0,25,-5.23128
4.85,0,0,25,-5.22957
4.855,0,0,25,-5.2279
4.86,0,0,25,-5.22628
4.865,0,0,25,-5.2247
4.87,0,0,25,-5.22317
4.875,0,0,25,-5.22168
4.88,0,0,25,-5.22024
4.885,0,0,25,-5.21885
4.89,0,0,25,-5.21751
4.895,0,0,25,-5.21622
4.9,0,0,25,-5.21498
4.905,0,0,25,-5.2138
4.91,0,0,25,-5.21266
4.915,0,0,25,-5.21159
4.92,0,0,25,-5.21056
4.925,0,0,25,-5.20959
4.93,0,0,25,-5.20868
4.935,0,0,25,-5.20783
4.94,0,0,25,-5.20703
4.945,0,0,25,-5.20629
4.95,0,0,25,-5.20561
4.955,0,0,25,-5.20499
4.96,0,0,25,-5.20443
4.965,0,0,25,-5.20393
4.97,0,0,25,-5.2035
4.975,0,0,25,-5.20312
4.98,0,0,25,-5.20281
4.985,0,0,25,-5.20256
4.99,0,0,25,-5.20237
4.995,0,0,25,-5.20224
5,0,0,25,-5.20218
