0,0,0,125,-30.8247
0.025,0,0,125,-30.8194
0.05,0,0,125,-30.8089
0.075,0,0,125,-30.7932
0.1,0,0,125,-30.7724
0.125,0,0,125,-30.7467
0.15,0,0,125,-30.7162
0.175,0,0,125,-30.6814
0.2,0,0,125,-30.6425
0.225,0,0,125,-30.5998
0.25,0,0,125,-30.5535
0.275,0,0,125,-30.5039
0.3,0,0,125,-30.4512
0.325,0,0,125,-30.3955
0.35,0,0,125,-30.3371
0.375,0,0,125,-30.2761
0.4,0,0,125,-30.2127
0.425,0,0,125,-30.1472
0.45,0,0,125,-30.0795
0.475,0,0,125,-30.01
0.5,0,0,125,-29.9387
0.525,0,0,125,-29.8658
0.55,0,0,125,-29.7914
0.575,0,0,125,-29.7156
0.6,0,0,125,-29.6386
0.625,0,0,125,-29.5605
0.65,0,0,125,-29.4813
0.675,0,0,125,-29.4013
0.7,0,0,125,-29.3204
0.725,0,0,125,-29.2388
0.75,0,0,125,-29.1566
0.775,0,0,125,-29.0739
0.8,0,0,125,-28.9908
0.825,0,0,125,-28.9073
0.85,0,0,125,-28.8235
0.875,0,0,125,-28.7395
0.9,0,0,125,-28.6553
0.925,0,0,125,-28.5711
0.95,0,0,125,-28.4868
0.975,0,0,125,-28.4026
1,0,0,125,-28.3185
1.025,0,0,125,-28.2345
1.05,0,0,125,-28.1507
1.075,0,0,125,-28.0671
1.1,0,0,125,-27.9839
1.125,0,0,125,-27.9009
1.15,0,0,125,-27.8183
1.175,0,0,125,-27.7361
1.2,0,0,125,-27.6543
1.225,0,0,125,-27.573
1.25,0,0,125,-27.4922
1.275,0,0,125,-27.4118
1.3,0,0,125,-27.332
1.325,0,0,125,-27.2527
1.35,0,0,125,-27.1739
1.375,0,0,125,-27.0958
1.4,0,0,125,-27.0182
1.425,0,0,125,-26.9413
1.45,0,0,125,-26.8649
1.475,0,0,125,-26.7892
1.5,0,0,125,-26.7141
1.525,0,0,125,-26.6396
1.55,0,0,125,-26.5658
1.575,0,0,125,-26.4926
1.6,0,0,125,-26.4201
1.625,0,0,125,-26.3482
1.65,0,0,125,-26.277
1.675,0,0,125,-26.2064
1.7,0,0,125,-26.1364
1.725,0,0,125,-26.0671
1.75,0,0,125,-25.9984
1.775,0,0,125,-25.9303
1.8,0,0,125,-25.8629
1.825,0,0,125,-25.796
1.85,0,0,125,-25.7298
1.875,0,0,125,-25.6642
1.9,0,0,125,-25.5992
1.925,0,0,125,-25.5348
1.95,0,0,125,-25.4709
1.975,0,0,125,-25.4076
2,0,0,125,-25.3449
2.025,0,0,125,-25.2827
2.05,0,0,125,-25.221
2.075,0,0,125,-25.1599
2.1,0,0,125,-25.0993
2.125,0,0,125,-25.0392
2.15,0,0,125,-24.9796
2.175,0,0,125,-24.9205
2.2,0,0,125,-24.8618
2.225,0,0,125,-24.8036
2.25,0,0,125,-24.7459
2.275,0,0,125,-24.6886
2.3,0,0,125,-24.6317
2.325,0,0,125,-24.5752
2.35,0,0,125,-24.5192
2.375,0,0,125,-24.4635
2.4,0,0,125,-24.4082
2.425,0,0,125,-24.3533
2.45,0,0,125,-24.2987
2.475,0,0,125,-24.2445
2.5,0,0,125,-24.1906
2.525,0,0,125,-24.137
2.55,0,0,125,-24.0838
2.575,0,0,125,-24.0309
2.6,0,0,125,-23.9782
2.625,0,0,125,-23.9259
2.65,0,0,125,-23.8738
2.675,0,0,125,-23.8219
2.7,0,0,125,-23.7704
2.725,0,0,125,-23.719
2.75,0,0,125,-23.6679
2.775,0,0,125,-23.617
2.8,0,0,125,-23.5664
2.825,0,0,125,-23.5159
2.85,0,0,125,-23.4656
2.875,0,0,125,-23.4155
2.9,0,0,125,-23.3656
2.925,0,0,125,-23.3158
2.95,0,0,125,-23.2662
2.975,0,0,125,-23.2167
3,0,0,125,-23.1674
3.025,0,0,125,-23.1182
3.05,0,0,125,-23.0691
3.075,0,0,125,-23.0201
3.1,0,0,125,-22.9712
3.125,0,0,125,-22.9224
3.15,0,0,125,-22.8737
3.175,0,0,125,-22.825
3.2,0,0,125,-22.7764
3.225,0,0,125,-22.7279
3.25,0,0,125,-22.6794
3.275,0,0,125,-22.631
3.3,0,0,125,-22.5826
3.325,0,0,125,-22.5342
3.35,0,0,125,-22.4858
3.375,0,0,125,-22.4375
3.4,0,0,125,-22.3891
3.425,0,0,125,-22.3407
3.45,0,0,125,-22.2924
3.475,0,0,125,-22.244
3.5,0,0,125,-22.1956
3.525,0,0,125,-22.1472
3.55,0,0,125,-22.0988
3.575,0,0,125,-22.0503
3.6,0,0,125,-22.0018
3.625,0,0,125,-21.9532
3.65,0,0,125,-21.9046
3.675,0,0,125,-21.8559
3.7,0,0,125,-21.8072
3.725,0,0,125,-21.7584
3.75,0,0,125,-21.7096
3.775,0,0,125,-21.6607
3.8,0,0,125,-21.6117
3.825,0,0,125,-21.5627
3.85,0,0,125,-21.5136
3.875,0,0,125,-21.4644
3.9,0,0,125,-21.4152
3.925,0,0,125,-21.3659
3.95,0,0,125,-21.3166
3.975,0,0,125,-21.2672
4,0,0,125,-21.2178
4.025,0,0,125,-21.1683
4.05,0,0,125,-21.1188
4.075,0,0,125,-21.0693
4.1,0,0,125,-21.0198
4.125,0,0,125,-20.9703
4.15,0,0,125,-20.9209
4.175,0,0,125,-20.8715
4.2,0,0,125,-20.8221
4.225,0,0,125,-20.7729
4.25,0,0,125,-20.7238
4.275,0,0,125,-20.6748
4.3,0,0,125,-20.626
4.325,0,0,125,-20.5775
4.35,0,0,125,-20.5291
4.375,0,0,125,-20.4811
4.4,0,0,125,-20.4334
4.425,0,0,125,-20.3862
4.45,0,0,125,-20.3393
4.475,0,0,125,-20.293
4.5,0,0,125,-20.2473
4.525,0,0,125,-20.2023
4.55,0,0,125,-20.158
4.575,0,0,125,-20.1146
4.6,0,0,125,-20.0721
4.625,0,0,125,-20.0307
4.65,0,0,125,-19.9904
4.675,0,0,125,-19.9515
4.7,0,0,125,-19.914
4.725,0,0,125,-19.8781
4.75,0,0,125,-19.844
4.775,0,0,125,-19.8119
4.8,0,0,125,-19.782
4.825,0,0,125,-19.7544
4.85,0,0,125,-19.7295
4.875,0,0,125,-19.7075
4.9,0,0,125,-19.6886
4.925,0,0,125,-19.6731
4.95,0,0,125,-19.6612
4.975,0,0,125,-19.6532
5,0,0,125,-19.6491
