0,0,0,125,-11.4195
0.025,0,0,125,-11.4138
0.05,0,0,125,-11.4026
0.075,0,0,125,-11.3857
0.1,0,0,125,-11.3632
0.125,0,0,125,-11.3354
0.15,0,0,125,-11.3025
0.175,0,0,125,-11.2649
0.2,0,0,125,-11.2229
0.225,0,0,125,-11.1769
0.25,0,0,125,-11.1269
0.275,0,0,125,-11.0733
0.3,0,0,125,-11.0162
0.325,0,0,125,-10.9557
0.35,0,0,125,-10.8919
0.375,0,0,125,-10.8251
0.4,0,0,125,-10.7552
0.425,0,0,125,-10.6824
0.45,0,0,125,-10.6068
0.475,0,0,125,-10.5283
0.5,0,0,125,-10.4471
0.525,0,0,125,-10.3632
0.55,0,0,125,-10.2766
0.575,0,0,125,-10.1875
0.6,0,0,125,-10.0957
0.625,0,0,125,-10.0013
0.65,0,0,125,-9.90433
0.675,0,0,125,-9.8048
0.7,0,0,125,-9.70269
0.725,0,0,125,-9.59799
0.75,0,0,125,-9.49069
0.775,0,0,125,-9.38079
0.8,0,0,125,-9.26825
0.825,0,0,125,-9.15306
0.85,0,0,125,-9.03517
0.875,0,0,125,-8.91456
0.9,0,0,125,-8.79119
0.925,0,0,125,-8.66501
0.95,0,0,125,-8.53598
0.975,0,0,125,-8.40404
1,0,0,125,-8.26914
1.025,0,0,125,-8.13122
1.05,0,0,125,-7.99021
1.075,0,0,125,-7.84604
1.1,0,0,125,-7.69864
1.125,0,0,125,-7.54794
1.15,0,0,125,-7.39384
1.175,0,0,125,-7.23627
1.2,0,0,125,-7.07514
1.225,0,0,125,-6.91035
1.25,0,0,125,-6.7418
1.275,0,0,125,-6.56939
1.3,0,0,125,-6.39302
1.325,0,0,125,-6.21256
1.35,0,0,125,-6.02791
1.375,0,0,125,-5.83893
1.4,0,0,125,-5.64552
1.425,0,0,125,-5.44753
1.45,0,0,125,-5.24484
1.475,0,0,125,-5.0373
1.5,0,0,125,-4.82477
1.525,0,0,125,-4.60711
1.55,0,0,125,-4.38416
1.575,0,0,125,-4.15576
1.6,0,0,125,-3.92177
1.625,0,0,125,-3.68201
1.65,0,0,125,-3.43633
1.675,0,0,125,-3.18455
1.7,0,0,125,-2.9265
1.725,0,0,125,-2.662
1.75,0,0,125,-2.39089
1.775,0,0,125,-2.11297
1.8,0,0,125,-1.82808
1.825,0,0,125,-1.53602
1.85,0,0,125,-1.23662
1.875,0,0,125,-0.929688
1.9,0,0,125,-0.615046
1.925,0,0,125,-0.292511
1.95,0,0,125,0.0380961
1.975,0,0,125,0.376955
2,0,0,125,0.724242
2.025,0,0,125,1.08013
2.05,0,0,125,1.44478
2.075,0,0,125,1.81836
2.1,0,0,125,2.20103
2.125,0,0,125,2.59293
2.15,0,0,125,2.99422
2.175,0,0,125,3.40501
2.2,0,0,125,3.82545
2.225,0,0,125,4.25564
2.25,0,0,125,4.6957
2.275,0,0,125,5.1457
2.3,0,0,125,5.60574
2.325,0,0,125,6.07588
2.35,0,0,125,6.55618
2.375,0,0,125,7.04668
2.4,0,0,125,7.54739
2.425,0,0,125,8.05834
2.45,0,0,125,8.57949
2.475,0,0,125,9.11084
2.5,0,0,125,9.65234
2.525,0,0,125,10.2039
2.55,0,0,125,10.7655
2.575,0,0,125,11.337
2.6,0,0,125,11.9182
2.625,0,0,125,12.5091
2.65,0,0,125,13.1095
2.675,0,0,125,13.7191
2.7,0,0,125,14.3377
2.725,0,0,125,14.9652
2.75,0,0,125,15.6011
2.775,0,0,125,16.2453
2.8,0,0,125,16.8973
2.825,0,0,125,17.5568
2.85,0,0,125,18.2233
2.875,0,0,125,18.8965
2.9,0,0,125,19.5756
2.925,0,0,125,20.2603
2.95,0,0,125,20.9498
2.975,0,0,125,21.6435
3,0,0,125,22.3406
3.025,0,0,125,23.0403
3.05,0,0,125,23.7417
3.075,0,0,125,24.4438
3.1,0,0,125,25.1455
3.125,0,0,125,25.8457
3.15,0,0,125,26.5431
3.175,0,0,125,27.2364
3.2,0,0,125,27.9242
3.225,0,0,125,28.6049
3.25,0,0,125,29.277
3.275,0,0,125,29.9387
3.3,0,0,125,30.5883
3.325,0,0,125,31.224
3.35,0,0,125,31.8439
3.375,0,0,125,32.4462
3.4,0,0,125,33.029
3.425,0,0,125,33.5905
3.45,0,0,125,34.129
3.475,0,0,125,34.6427
3.5,0,0,125,35.1301
3.525,0,0,125,35.5898
3.55,0,0,125,36.0204
3.575,0,0,125,36.4208
3.6,0,0,125,36.79
3.625,0,0,125,37.1269
3.65,0,0,125,37.4304
3.675,0,0,125,37.699
3.7,0,0,125,37.9304
3.725,0,0,125,38.1208
3.75,0,0,125,38.2637
3.775,0,0,125,38.3471
3.8,0,0,125,38.3491
3.825,0,0,125,38.229
3.85,0,0,125,37.9074
3.875,0,0,125,37.2256
3.9,0,0,125,35.8516
3.925,0,0,125,33.0655
3.95,0,0,125,27.3087
3.975,0,0,125,15.7092
4,0,0,125,-3.56721
4.025,0,0,125,-24.5476
4.05,0,0,125,-41.4379
4.075,0,0,125,-53.6456
4.1,0,0,125,-62.1496
4.125,0,0,125,-67.9892
4.15,0,0,125,-71.9728
4.175,0,0,125,-74.6807
4.2,0,0,125,-76.5173
4.225,0,0,125,-77.7608
4.25,0,0,125,-78.6015
4.275,0,0,125,-79.1691
4.3,0,0,125,-79.5515
4.325,0,0,125,-79.8086
4.35,0,0,125,-79.9808
4.375,0,0,125,-80.0956
4.4,0,0,125,-80.1715
4.425,0,0,125,-80.2212
4.45,0,0,125,-80.2533
4.475,0,0,125,-80.2733
4.5,0,0,125,-80.2853
4.525,0,0,125,-80.292
4.55,0,0,125,-80.295
4.575,0,0,125,-80.2957
4.6,0,0,125,-80.2949
4.625,0,0,125,-80.293
4.65,0,0,125,-80.2906
4.675,0,0,125,-80.2878
4.7,0,0,125,-80.2848
4.725,0,0,125,-80.2819
4.75,0,0,125,-80.2789
4.775,0,0,125,-80.2761
4.8,0,0,125,-80.2735
4.825,0,0,125,-80.271
4.85,0,0,125,-80.2688
4.875,0,0,125,-80.2669
4.9,0,0,125,-80.2652
4.925,0,0,125,-80.2639
4.95,0,0,125,-80.2628
4.975,0,0,125,-80.2621
5,0,0,125,-80.2617
