0,0,0,125,-73.9379
0.025,0,0,125,-73.9365
0.05,0,0,125,-73.9337
0.075,0,0,125,-73.9294
0.1,0,0,125,-73.9237
0.125,0,0,125,-73.9167
0.15,0,0,125,-73.9082
0.175,0,0,125,-73.8985
0.2,0,0,125,-73.8875
0.225,0,0,125,-73.8751
0.25,0,0,125,-73.8616
0.275,0,0,125,-73.8468
0.3,0,0,125,-73.8309
0.325,0,0,125,-73.8137
0.35,0,0,125,-73.7954
0.375,0,0,125,-73.7759
0.4,0,0,125,-73.7552
0.425,0,0,125,-73.7334
0.45,0,0,125,-73.7105
0.475,0,0,125,-73.6865
0.5,0,0,125,-73.6613
0.525,0,0,125,-73.6351
0.55,0,0,125,-73.6077
0.575,0,0,125,-73.5792
0.6,0,0,125,-73.5497
0.625,0,0,125,-73.5191
0.65,0,0,125,-73.4874
0.675,0,0,125,-73.4547
0.7,0,0,125,-73.4209
0.725,0,0,125,-73.386
0.75,0,0,125,-73.35
0.775,0,0,125,-73.313
0.8,0,0,125,-73.275
0.825,0,0,125,-73.2359
0.85,0,0,125,-73.1957
0.875,0,0,125,-73.1545
0.9,0,0,125,-73.1122
0.925,0,0,125,-73.0689
0.95,0,0,125,-73.0246
0.975,0,0,125,-72.9792
1,0,0,125,-72.9328
1.025,0,0,125,-72.8854
1.05,0,0,125,-72.837
1.075,0,0,125,-72.7875
1.1,0,0,125,-72.737
1.125,0,0,125,-72.6855
1.15,0,0,125,-72.633
1.175,0,0,125,-72.5795
1.2,0,0,125,-72.5249
1.225,0,0,125,-72.4694
1.25,0,0,125,-72.4128
1.275,0,0,125,-72.3552
1.3,0,0,125,-72.2967
1.325,0,0,125,-72.2372
1.35,0,0,125,-72.1767
1.375,0,0,125,-72.1152
1.4,0,0,125,-72.0527
1.425,0,0,125,-71.9893
1.45,0,0,125,-71.9249
1.475,0,0,125,-71.8596
1.5,0,0,125,-71.7932
1.525,0,0,125,-71.726
1.55,0,0,125,-71.6578
1.575,0,0,125,-71.5886
1.6,0,0,125,-71.5186
1.625,0,0,125,-71.4476
1.65,0,0,125,-71.3757
1.675,0,0,125,-71.3028
1.7,0,0,125,-71.2291
1.725,0,0,125,-71.1545
1.75,0,0,125,-71.079
1.775,0,0,125,-71.0026
1.8,0,0,125,-70.9254
1.825,0,0,125,-70.8472
1.85,0,0,125,-70.7683
1.875,0,0,125,-70.6885
1.9,0,0,125,-70.6079
1.925,0,0,125,-70.5264
1.95,0,0,125,-70.4441
1.975,0,0,125,-70.3611
2,0,0,125,-70.2772
2.025,0,0,125,-70.1926
2.05,0,0,125,-70.1072
2.075,0,0,125,-70.021
2.1,0,0,125,-69.9342
2.125,0,0,125,-69.8465
2.15,0,0,125,-69.7582
2.175,0,0,125,-69.6692
2.2,0,0,125,-69.5795
2.225,0,0,125,-69.4891
2.25,0,0,125,-69.3981
2.275,0,0,125,-69.3064
2.3,0,0,125,-69.2141
2.325,0,0,125,-69.1212
2.35,0,0,125,-69.0277
2.375,0,0,125,-68.9336
2.4,0,0,125,-68.839
2.425,0,0,125,-68.7438
2.45,0,0,125,-68.6481
2.475,0,0,125,-68.5519
2.5,0,0,125,-68.4552
2.525,0,0,125,-68.358
2.55,0,0,125,-68.2604
2.575,0,0,125,-68.1623
2.6,0,0,125,-68.0639
2.625,0,0,125,-67.965
2.65,0,0,125,-67.8658
2.675,0,0,125,-67.7663
2.7,0,0,125,-67.6664
2.725,0,0,125,-67.5662
2.75,0,0,125,-67.4658
2.775,0,0,125,-67.3651
2.8,0,0,125,-67.2641
2.825,0,0,125,-67.1629
2.85,0,0,125,-67.0616
2.875,0,0,125,-66.9601
2.9,0,0,125,-66.8584
2.925,0,0,125,-66.7566
2.95,0,0,125,-66.6547
2.975,0,0,125,-66.5528
3,0,0,125,-66.4508
3.025,0,0,125,-66.3488
3.05,0,0,125,-66.2468
3.075,0,0,125,-66.1449
3.1,0,0,125,-66.043
3.125,0,0,125,-65.9412
3.15,0,0,125,-65.8395
3.175,0,0,125,-65.738
3.2,0,0,125,-65.6366
3.225,0,0,125,-65.5354
3.25,0,0,125,-65.4345
3.275,0,0,125,-65.3339
3.3,0,0,125,-65.2335
3.325,0,0,125,-65.1334
3.35,0,0,125,-65.0337
3.375,0,0,125,-64.9344
3.4,0,0,125,-64.8355
3.425,0,0,125,-64.737
3.45,0,0,125,-64.639
3.475,0,0,125,-64.5415
3.5,0,0,125,-64.4445
3.525,0,0,125,-64.348
3.55,0,0,125,-64.2522
3.575,0,0,125,-64.157
3.6,0,0,125,-64.0625
3.625,0,0,125,-63.9686
3.65,0,0,125,-63.8754
3.675,0,0,125,-63.783
3.7,0,0,125,-63.6914
3.725,0,0,125,-63.6006
3.75,0,0,125,-63.5107
3.775,0,0,125,-63.4216
3.8,0,0,125,-63.3335
3.825,0,0,125,-63.2463
3.85,0,0,125,-63.16
3.875,0,0,125,-63.0748
3.9,0,0,125,-62.9906
3.925,0,0,125,-62.9076
3.95,0,0,125,-62.8256
3.975,0,0,125,-62.7448
4,0,0,125,-62.6651
4.025,0,0,125,-62.5867
4.05,0,0,125,-62.5095
4.075,0,0,125,-62.4336
4.1,0,0,125,-62.359
4.125,0,0,125,-62.2858
4.15,0,0,125,-62.2139
4.175,0,0,125,-62.1435
4.2,0,0,125,-62.0745
4.225,0,0,125,-62.0069
4.25,0,0,125,-61.941
4.275,0,0,125,-61.8765
4.3,0,0,125,-61.8136
4.325,0,0,125,-61.7524
4.35,0,0,125,-61.6928
4.375,0,0,125,-61.6349
4.4,0,0,125,-61.5787
4.425,0,0,125,-61.5243
4.45,0,0,125,-61.4717
4.475,0,0,125,-61.4209
4.5,0,0,125,-61.3719
4.525,0,0,125,-61.3249
4.55,0,0,125,-61.2798
4.575,0,0,125,-61.2367
4.6,0,0,125,-61.1956
4.625,0,0,125,-61.1565
4.65,0,0,125,-61.1195
4.675,0,0,125,-61.0847
4.7,0,0,125,-61.0521
4.725,0,0,125,-61.0217
4.75,0,0,125,-60.9935
4.775,0,0,125,-60.9677
4.8,0,0,125,-60.9442
4.825,0,0,125,-60.9232
4.85,0,0,125,-60.9046
4.875,0,0,125,-60.8885
4.9,0,0,125,-60.875
4.925,0,0,125,-60.8641
4.95,0,0,125,-60.8559
4.975,0,0,125,-60.8504
5,0,0,125,-60.8477
