0,0,0,125,-44.9369
0.025,0,0,125,-44.9317
0.05,0,0,125,-44.9214
0.075,0,0,125,-44.906
0.1,0,0,125,-44.8855
0.125,0,0,125,-44.8601
0.15,0,0,125,-44.8299
0.175,0,0,125,-44.7951
0.2,0,0,125,-44.756
0.225,0,0,125,-44.7128
0.25,0,0,125,-44.6656
0.275,0,0,125,-44.6145
0.3,0,0,125,-44.5598
0.325,0,0,125,-44.5015
0.35,0,0,125,-44.4398
0.375,0,0,125,-44.3748
0.4,0,0,125,-44.3066
0.425,0,0,125,-44.2354
0.45,0,0,125,-44.1613
0.475,0,0,125,-44.0843
0.5,0,0,125,-44.0045
0.525,0,0,125,-43.9222
0.55,0,0,125,-43.8372
0.575,0,0,125,-43.7499
0.6,0,0,125,-43.6602
0.625,0,0,125,-43.5683
0.65,0,0,125,-43.4741
0.675,0,0,125,-43.3779
0.7,0,0,125,-43.2797
0.725,0,0,125,-43.1796
0.75,0,0,125,-43.0777
0.775,0,0,125,-42.9739
0.8,0,0,125,-42.8686
0.825,0,0,125,-42.7616
0.85,0,0,125,-42.6531
0.875,0,0,125,-42.5431
0.9,0,0,125,-42.4318
0.925,0,0,125,-42.3191
0.95,0,0,125,-42.2052
0.975,0,0,125,-42.0902
1,0,0,125,-41.974
1.025,0,0,125,-41.8568
1.05,0,0,125,-41.7387
1.075,0,0,125,-41.6196
1.1,0,0,125,-41.4997
1.125,0,0,125,-41.379
1.15,0,0,125,-41.2575
1.175,0,0,125,-41.1355
1.2,0,0,125,-41.0128
1.225,0,0,125,-40.8895
1.25,0,0,125,-40.7658
1.275,0,0,125,-40.6416
1.3,0,0,125,-40.5171
1.325,0,0,125,-40.3922
1.35,0,0,125,-40.267
1.375,0,0,125,-40.1416
1.4,0,0,125,-40.0159
1.425,0,0,125,-39.8902
1.45,0,0,125,-39.7643
1.475,0,0,125,-39.6384
1.5,0,0,125,-39.5124
1.525,0,0,125,-39.3865
1.55,0,0,125,-39.2606
1.575,0,0,125,-39.1349
1.6,0,0,125,-39.0092
1.625,0,0,125,-38.8837
1.65,0,0,125,-38.7584
1.675,0,0,125,-38.6334
1.7,0,0,125,-38.5086
1.725,0,0,125,-38.3841
1.75,0,0,125,-38.2598
1.775,0,0,125,-38.136
1.8,0,0,125,-38.0124
1.825,0,0,125,-37.8893
1.85,0,0,125,-37.7666
1.875,0,0,125,-37.6442
1.9,0,0,125,-37.5223
1.925,0,0,125,-37.4009
1.95,0,0,125,-37.28
1.975,0,0,125,-37.1595
2,0,0,125,-37.0395
2.025,0,0,125,-36.92
2.05,0,0,125,-36.8011
2.075,0,0,125,-36.6827
2.1,0,0,125,-36.5648
2.125,0,0,125,-36.4474
2.15,0,0,125,-36.3306
2.175,0,0,125,-36.2144
2.2,0,0,125,-36.0987
2.225,0,0,125,-35.9836
2.25,0,0,125,-35.869
2.275,0,0,125,-35.755
2.3,0,0,125,-35.6415
2.325,0,0,125,-35.5287
2.35,0,0,125,-35.4163
2.375,0,0,125,-35.3046
2.4,0,0,125,-35.1934
2.425,0,0,125,-35.0827
2.45,0,0,125,-34.9726
2.475,0,0,125,-34.863
2.5,0,0,125,-34.754
2.525,0,0,125,-34.6455
2.55,0,0,125,-34.5375
2.575,0,0,125,-34.43
2.6,0,0,125,-34.323
2.625,0,0,125,-34.2166
2.65,0,0,125,-34.1106
2.675,0,0,125,-34.0051
2.7,0,0,125,-33.9
2.725,0,0,125,-33.7955
2.75,0,0,125,-33.6913
2.775,0,0,125,-33.5877
2.8,0,0,125,-33.4844
2.825,0,0,125,-33.3816
2.85,0,0,125,-33.2792
2.875,0,0,125,-33.1772
2.9,0,0,125,-33.0755
2.925,0,0,125,-32.9743
2.95,0,0,125,-32.8734
2.975,0,0,125,-32.7728
3,0,0,125,-32.6726
3.025,0,0,125,-32.5728
3.05,0,0,125,-32.4732
3.075,0,0,125,-32.374
3.1,0,0,125,-32.275
3.125,0,0,125,-32.1764
3.15,0,0,125,-32.078
3.175,0,0,125,-31.9799
3.2,0,0,125,-31.8821
3.225,0,0,125,-31.7845
3.25,0,0,125,-31.6871
3.275,0,0,125,-31.59
3.3,0,0,125,-31.4931
3.325,0,0,125,-31.3964
3.35,0,0,125,-31.3
3.375,0,0,125,-31.2037
3.4,0,0,125,-31.1076
3.425,0,0,125,-31.0118
3.45,0,0,125,-30.9161
3.475,0,0,125,-30.8207
3.5,0,0,125,-30.7254
3.525,0,0,125,-30.6303
3.55,0,0,125,-30.5354
3.575,0,0,125,-30.4407
3.6,0,0,125,-30.3462
3.625,0,0,125,-30.2519
3.65,0,0,125,-30.1577
3.675,0,0,125,-30.0638
3.7,0,0,125,-29.9701
3.725,0,0,125,-29.8766
3.75,0,0,125,-29.7833
3.775,0,0,125,-29.6902
3.8,0,0,125,-29.5974
3.825,0,0,125,-29.5049
3.85,0,0,125,-29.4126
3.875,0,0,125,-29.3206
3.9,0,0,125,-29.2289
3.925,0,0,125,-29.1376
3.95,0,0,125,-29.0466
3.975,0,0,125,-28.956
4,0,0,125,-28.8657
4.025,0,0,125,-28.7759
4.05,0,0,125,-28.6866
4.075,0,0,125,-28.5978
4.1,0,0,125,-28.5094
4.125,0,0,125,-28.4217
4.15,0,0,125,-28.3346
4.175,0,0,125,-28.2481
4.2,0,0,125,-28.1624
4.225,0,0,125,-28.0774
4.25,0,0,125,-27.9932
4.275,0,0,125,-27.9099
4.3,0,0,125,-27.8276
4.325,0,0,125,-27.7462
4.35,0,0,125,-27.6659
4.375,0,0,125,-27.5868
4.4,0,0,125,-27.5089
4.425,0,0,125,-27.4323
4.45,0,0,125,-27.3572
4.475,0,0,125,-27.2835
4.5,0,0,125,-27.2115
4.525,0,0,125,-27.1411
4.55,0,0,125,-27.0727
4.575,0,0,125,-27.0061
4.6,0,0,125,-26.9417
4.625,0,0,125,-26.8795
4.65,0,0,125,-26.8197
4.675,0,0,125,-26.7625
4.7,0,0,125,-26.7079
4.725,0,0,125,-26.6563
4.75,0,0,125,-26.6077
4.775,0,0,125,-26.5624
4.8,0,0,125,-26.5207
4.825,0,0,125,-26.4826
4.85,0,0,125,-26.4486
4.875,0,0,125,-26.4187
4.9,0,0,125,-26.3933
4.925,0,0,125,-26.3726
4.95,0,0,125,-26.3569
4.975,0,0,125,-26.3463
5,0,0,125,-26.3409
