0,0,0,25,-0.801522
0.005,0,0,25,-0.801288
0.01,0,0,25,-0.800819
0.015,0,0,25,-0.800117
0.02,0,0,25,-0.799182
0.025,0,0,25,-0.798015
0.03,0,0,25,-0.796618
0.035,0,0,25,-0.794992
0.04,0,0,25,-0.793138
0.045,0,0,25,-0.791059
0.05,0,0,25,-0.788755
0.055,0,0,25,-0.786228
0.06,0,0,25,-0.78348
0.065,0,0,25,-0.780512
0.07,0,0,25,-0.777326
0.075,0,0,25,-0.773923
0.08,0,0,25,-0.770304
0.085,0,0,25,-0.766471
0.09,0,0,25,-0.762426
0.095,0,0,25,-0.758169
0.1,0,0,25,-0.753702
0.105,0,0,25,-0.749026
0.11,0,0,25,-0.744144
0.115,0,0,25,-0.739055
0.12,0,0,25,-0.733761
0.125,0,0,25,-0.728263
0.13,0,0,25,-0.722563
0.135,0,0,25,-0.716662
0.14,0,0,25,-0.710561
0.145,0,0,25,-0.70426
0.15,0,0,25,-0.697762
0.155,0,0,25,-0.691067
0.16,0,0,25,-0.684176
0.165,0,0,25,-0.67709
0.17,0,0,25,-0.66981
0.175,0,0,25,-0.662338
0.18,0,0,25,-0.654673
0.185,0,0,25,-0.646818
0.19,0,0,25,-0.638772
0.195,0,0,25,-0.630537
0.2,0,0,25,-0.622114
0.205,0,0,25,-0.613503
0.21,0,0,25,-0.604706
0.215,0,0,25,-0.595723
0.22,0,0,25,-0.586554
0.225,0,0,25,-0.577201
0.23,0,0,25,-0.567665
0.235,0,0,25,-0.557945
0.24,0,0,25,-0.548043
0.245,0,0,25,-0.53796
0.25,0,0,25,-0.527696
0.255,0,0,25,-0.517251
0.26,0,0,25,-0.506627
0.265,0,0,25,-0.495824
0.27,0,0,25,-0.484843
0.275,0,0,25,-0.473684
0.28,0,0,25,-0.462347
0.285,0,0,25,-0.450834
0.29,0,0,25,-0.439145
0.295,0,0,25,-0.42728
0.3,0,0,25,-0.41524
0.305,0,0,25,-0.403025
0.31,0,0,25,-0.390636
0.315,0,0,25,-0.378073
0.32,0,0,25,-0.365337
0.325,0,0,25,-0.352429
0.33,0,0,25,-0.339347
0.335,0,0,25,-0.326094
0.34,0,0,25,-0.31267
0.345,0,0,25,-0.299074
0.35,0,0,25,-0.285307
0.355,0,0,25,-0.27137
0.36,0,0,25,-0.257263
0.365,0,0,25,-0.242986
0.37,0,0,25,-0.228539
0.375,0,0,25,-0.213924
0.38,0,0,25,-0.199139
0.385,0,0,25,-0.184186
0.39,0,0,25,-0.169065
0.395,0,0,25,-0.153776
0.4,0,0,25,-0.13832
0.405,0,0,25,-0.122696
0.41,0,0,25,-0.106905
0.415,0,0,25,-0.0909468
0.42,0,0,25,-0.0748222
0.425,0,0,25,-0.0585311
0.43,0,0,25,-0.0420739
0.435,0,0,25,-0.0254506
0.44,0,0,25,-0.00866155
0.445,0,0,25,0.0082931
0.45,0,0,25,0.0254132
0.455,0,0,25,0.0426985
0.46,0,0,25,0.0601489
0.465,0,0,25,0.0777642
0.47,0,0,25,0.0955443
0.475,0,0,25,0.113489
0.48,0,0,25,0.131598
0.485,0,0,25,0.149872
0.49,0,0,25,0.168309
0.495,0,0,25,0.186911
0.5,0,0,25,0.205677
0.505,0,0,25,0.224606
0.51,0,0,25,0.2437
0.515,0,0,25,0.262957
0.52,0,0,25,0.282377
0.525,0,0,25,0.301961
0.53,0,0,25,0.321709
0.535,0,0,25,0.34162
0.54,0,0,25,0.361694
0.545,0,0,25,0.381932
0.55,0,0,25,0.402333
0.555,0,0,25,0.422896
0.56,0,0,25,0.443623
0.565,0,0,25,0.464513
0.57,0,0,25,0.485566
0.575,0,0,25,0.506783
0.58,0,0,25,0.528162
0.585,0,0,25,0.549704
0.59,0,0,25,0.571409
0.595,0,0,25,0.593277
0.6,0,0,25,0.615308
0.605,0,0,25,0.637502
0.61,0,0,25,0.659859
0.615,0,0,25,0.682379
0.62,0,0,25,0.705062
0.625,0,0,25,0.727908
0.63,0,0,25,0.750917
0.635,0,0,25,0.774089
0.64,0,0,25,0.797424
0.645,0,0,25,0.820923
0.65,0,0,25,0.844584
0.655,0,0,25,0.868409
0.66,0,0,25,0.892398
0.665,0,0,25,0.91655
0.67,0,0,25,0.940865
0.675,0,0,25,0.965343
0.68,0,0,25,0.989986
0.685,0,0,25,1.01479
0.69,0,0,25,1.03976
0.695,0,0,25,1.06489
0.7,0,0,25,1.09019
0.705,0,0,25,1.11565
0.71,0,0,25,1.14128
0.715,0,0,25,1.16707
0.72,0,0,25,1.19302
0.725,0,0,25,1.21914
0.73,0,0,25,1.24542
0.735,0,0,25,1.27187
0.74,0,0,25,1.29848
0.745,0,0,25,1.32526
0.75,0,0,25,1.3522
0.755,0,0,25,1.37931
0.76,0,0,25,1.40658
0.765,0,0,25,1.43402
0.77,0,0,25,1.46162
0.775,0,0,25,1.48939
0.78,0,0,25,1.51732
0.785,0,0,25,1.54542
0.79,0,0,25,1.57369
0.795,0,0,25,1.60212
0.8,0,0,25,1.63072
0.805,0,0,25,1.65948
0.81,0,0,25,1.68841
0.815,0,0,25,1.71751
0.82,0,0,25,1.74678
0.825,0,0,25,1.77621
0.83,0,0,25,1.80581
0.835,0,0,25,1.83558
0.84,0,0,25,1.86551
0.845,0,0,25,1.89561
0.85,0,0,25,1.92588
0.855,0,0,25,1.95632
0.86,0,0,25,1.98693
0.865,0,0,25,2.0177
0.87,0,0,25,2.04864
0.875,0,0,25,2.07976
0.88,0,0,25,2.11104
0.885,0,0,25,2.14249
0.89,0,0,25,2.17411
0.895,0,0,25,2.2059
0.9,0,0,25,2.23786
0.905,0,0,25,2.26999
0.91,0,0,25,2.30229
0.915,0,0,25,2.33476
0.92,0,0,25,2.3674
0.925,0,0,25,2.40021
0.93,0,0,25,2.43319
0.935,0,0,25,2.46634
0.94,0,0,25,2.49967
0.945,0,0,25,2.53317
0.95,0,0,25,2.56683
0.955,0,0,25,2.60068
0.96,0,0,25,2.63469
0.965,0,0,25,2.66888
0.97,0,0,25,2.70323
0.975,0,0,25,2.73777
0.98,0,0,25,2.77247
0.985,0,0,25,2.80735
0.99,0,0,25,2.8424
0.995,0,0,25,2.87763
1,0,0,25,2.91303
1.005,0,0,25,2.9486
1.01,0,0,25,2.98435
1.015,0,0,25,3.02028
1.02,0,0,25,3.05638
1.025,0,0,25,3.09265
1.03,0,0,25,3.1291
1.035,0,0,25,3.16573
1.04,0,0,25,3.20253
1.045,0,0,25,3.23951
1.05,0,0,25,3.27666
1.055,0,0,25,3.314
1.06,0,0,25,3.35151
1.065,0,0,25,3.38919
1.07,0,0,25,3.42706
1.075,0,0,25,3.4651
1.08,0,0,25,3.50332
1.085,0,0,25,3.54172
1.09,0,0,25,3.5803
1.095,0,0,25,3.61905
1.1,0,0,25,3.65799
1.105,0,0,25,3.6971
1.11,0,0,25,3.7364
1.115,0,0,25,3.77587
1.12,0,0,25,3.81553
1.125,0,0,25,3.85536
1.13,0,0,25,3.89538
1.135,0,0,25,3.93557
1.14,0,0,25,3.97595
1.145,0,0,25,4.01651
1.15,0,0,25,4.05725
1.155,0,0,25,4.09817
1.16,0,0,25,4.13928
1.165,0,0,25,4.18057
1.17,0,0,25,4.22204
1.175,0,0,25,4.26369
1.18,0,0,25,4.30553
1.185,0,0,25,4.34755
1.19,0,0,25,4.38975
1.195,0,0,25,4.43214
1.2,0,0,25,4.47472
1.205,0,0,25,4.51747
1.21,0,0,25,4.56041
1.215,0,0,25,4.60354
1.22,0,0,25,4.64686
1.225,0,0,25,4.69035
1.23,0,0,25,4.73404
1.235,0,0,25,4.77791
1.24,0,0,25,4.82197
1.245,0,0,25,4.86621
1.25,0,0,25,4.91064
1.255,0,0,25,4.95526
1.26,0,0,25,5.00006
1.265,0,0,25,5.04506
1.27,0,0,25,5.09024
1.275,0,0,25,5.13561
1.28,0,0,25,5.18116
1.285,0,0,25,5.22691
1.29,0,0,25,5.27285
1.295,0,0,25,5.31897
1.3,0,0,25,5.36529
1.305,0,0,25,5.41179
1.31,0,0,25,5.45848
1.315,0,0,25,5.50537
1.32,0,0,25,5.55244
1.325,0,0,25,5.59971
1.33,0,0,25,5.64717
1.335,0,0,25,5.69481
1.34,0,0,25,5.74265
1.345,0,0,25,5.79069
1.35,0,0,25,5.83891
1.355,0,0,25,5.88732
1.36,0,0,25,5.93593
1.365,0,0,25,5.98473
1.37,0,0,25,6.03372
1.375,0,0,25,6.08291
1.38,0,0,25,6.13229
1.385,0,0,25,6.18186
1.39,0,0,25,6.23163
1.395,0,0,25,6.28159
1.4,0,0,25,6.33175
1.405,0,0,25,6.3821
1.41,0,0,25,6.43264
1.415,0,0,25,6.48338
1.42,0,0,25,6.53432
1.425,0,0,25,6.58545
1.43,0,0,25,6.63677
1.435,0,0,25,6.68829
1.44,0,0,25,6.74001
1.445,0,0,25,6.79192
1.45,0,0,25,6.84403
1.455,0,0,25,6.89634
1.46,0,0,25,6.94884
1.465,0,0,25,7.00154
1.47,0,0,25,7.05444
1.475,0,0,25,7.10754
1.48,0,0,25,7.16083
1.485,0,0,25,7.21432
1.49,0,0,25,7.26801
1.495,0,0,25,7.32189
1.5,0,0,25,7.37598
1.505,0,0,25,7.43026
1.51,0,0,25,7.48474
1.515,0,0,25,7.53942
1.52,0,0,25,7.5943
1.525,0,0,25,7.64937
1.53,0,0,25,7.70465
1.535,0,0,25,7.76013
1.54,0,0,25,7.8158
1.545,0,0,25,7.87168
1.55,0,0,25,7.92776
1.555,0,0,25,7.98403
1.56,0,0,25,8.04051
1.565,0,0,25,8.09718
1.57,0,0,25,8.15406
1.575,0,0,25,8.21114
1.58,0,0,25,8.26841
1.585,0,0,25,8.32589
1.59,0,0,25,8.38357
1.595,0,0,25,8.44145
1.6,0,0,25,8.49953
1.605,0,0,25,8.55782
1.61,0,0,25,8.6163
1.615,0,0,25,8.67499
1.62,0,0,25,8.73387
1.625,0,0,25,8.79296
1.63,0,0,25,8.85225
1.635,0,0,25,8.91174
1.64,0,0,25,8.97144
1.645,0,0,25,9.03134
1.65,0,0,25,9.09143
1.655,0,0,25,9.15173
1.66,0,0,25,9.21224
1.665,0,0,25,9.27294
1.67,0,0,25,9.33385
1.675,0,0,25,9.39496
1.68,0,0,25,9.45627
1.685,0,0,25,9.51779
1.69,0,0,25,9.57951
1.695,0,0,25,9.64143
1.7,0,0,25,9.70355
1.705,0,0,25,9.76588
1.71,0,0,25,9.82841
1.715,0,0,25,9.89114
1.72,0,0,25,9.95407
1.725,0,0,25,10.0172
1.73,0,0,25,10.0805
1.735,0,0,25,10.1441
1.74,0,0,25,10.2078
1.745,0,0,25,10.2718
1.75,0,0,25,10.3359
1.755,0,0,25,10.4003
1.76,0,0,25,10.4648
1.765,0,0,25,10.5296
1.77,0,0,25,10.5946
1.775,0,0,25,10.6597
1.78,0,0,25,10.7251
1.785,0,0,25,10.7907
1.79,0,0,25,10.8565
1.795,0,0,25,10.9224
1.8,0,0,25,10.9886
1.805,0,0,25,11.055
1.81,0,0,25,11.1216
1.815,0,0,25,11.1884
1.82,0,0,25,11.2554
1.825,0,0,25,11.3225
1.83,0,0,25,11.3899
1.835,0,0,25,11.4575
1.84,0,0,25,11.5253
1.845,0,0,25,11.5933
1.85,0,0,25,11.6615
1.855,0,0,25,11.7299
1.86,0,0,25,11.7986
1.865,0,0,25,11.8674
1.87,0,0,25,11.9364
1.875,0,0,25,12.0056
1.88,0,0,25,12.075
1.885,0,0,25,12.1446
1.89,0,0,25,12.2144
1.895,0,0,25,12.2844
1.9,0,0,25,12.3547
1.905,0,0,25,12.4251
1.91,0,0,25,12.4957
1.915,0,0,25,12.5665
1.92,0,0,25,12.6375
1.925,0,0,25,12.7088
1.93,0,0,25,12.7802
1.935,0,0,25,12.8518
1.94,0,0,25,12.9236
1.945,0,0,25,12.9956
1.95,0,0,25,13.0679
1.955,0,0,25,13.1403
1.96,0,0,25,13.2129
1.965,0,0,25,13.2857
1.97,0,0,25,13.3587
1.975,0,0,25,13.4319
1.98,0,0,25,13.5053
1.985,0,0,25,13.5789
1.99,0,0,25,13.6528
1.995,0,0,25,13.7268
2,0,0,25,13.801
2.005,0,0,25,13.8754
2.01,0,0,25,13.95
2.015,0,0,25,14.0247
2.02,0,0,25,14.0997
2.025,0,0,25,14.1749
2.03,0,0,25,14.2503
2.035,0,0,25,14.3259
2.04,0,0,25,14.4016
2.045,0,0,25,14.4776
2.05,0,0,25,14.5538
2.055,0,0,25,14.6301
2.06,0,0,25,14.7067
2.065,0,0,25,14.7834
2.07,0,0,25,14.8603
2.075,0,0,25,14.9375
2.08,0,0,25,15.0148
2.085,0,0,25,15.0923
2.09,0,0,25,15.17
2.095,0,0,25,15.2479
2.1,0,0,25,15.326
2.105,0,0,25,15.4043
2.11,0,0,25,15.4827
2.115,0,0,25,15.5614
2.12,0,0,25,15.6403
2.125,0,0,25,15.7193
2.13,0,0,25,15.7985
2.135,0,0,25,15.878
2.14,0,0,25,15.9576
2.145,0,0,25,16.0374
2.15,0,0,25,16.1173
2.155,0,0,25,16.1975
2.16,0,0,25,16.2779
2.165,0,0,25,16.3584
2.17,0,0,25,16.4392
2.175,0,0,25,16.5201
2.18,0,0,25,16.6012
2.185,0,0,25,16.6825
2.19,0,0,25,16.7639
2.195,0,0,25,16.8456
2.2,0,0,25,16.9274
2.205,0,0,25,17.0095
2.21,0,0,25,17.0917
2.215,0,0,25,17.174
2.22,0,0,25,17.2566
2.225,0,0,25,17.3394
2.23,0,0,25,17.4223
2.235,0,0,25,17.5054
2.24,0,0,25,17.5887
2.245,0,0,25,17.6722
2.25,0,0,25,17.7558
2.255,0,0,25,17.8396
2.26,0,0,25,17.9236
2.265,0,0,25,18.0078
2.27,0,0,25,18.0921
2.275,0,0,25,18.1767
2.28,0,0,25,18.2614
2.285,0,0,25,18.3463
2.29,0,0,25,18.4313
2.295,0,0,25,18.5165
2.3,0,0,25,18.6019
2.305,0,0,25,18.6875
2.31,0,0,25,18.7732
2.315,0,0,25,18.8591
2.32,0,0,25,18.9452
2.325,0,0,25,19.0315
2.33,0,0,25,19.1179
2.335,0,0,25,19.2044
2.34,0,0,25,19.2912
2.345,0,0,25,19.3781
2.35,0,0,25,19.4652
2.355,0,0,25,19.5524
2.36,0,0,25,19.6398
2.365,0,0,25,19.7274
2.37,0,0,25,19.8151
2.375,0,0,25,19.903
2.38,0,0,25,19.9911
2.385,0,0,25,20.0793
2.39,0,0,25,20.1676
2.395,0,0,25,20.2562
2.4,0,0,25,20.3449
2.405,0,0,25,20.4337
2.41,0,0,25,20.5227
2.415,0,0,25,20.6118
2.42,0,0,25,20.7011
2.425,0,0,25,20.7906
2.43,0,0,25,20.8802
2.435,0,0,25,20.9699
2.44,0,0,25,21.0598
2.445,0,0,25,21.1499
2.45,0,0,25,21.2401
2.455,0,0,25,21.3304
2.46,0,0,25,21.4209
2.465,0,0,25,21.5115
2.47,0,0,25,21.6023
2.475,0,0,25,21.6932
2.48,0,0,25,21.7843
2.485,0,0,25,21.8755
2.49,0,0,25,21.9668
2.495,0,0,25,22.0582
2.5,0,0,25,22.1498
2.505,0,0,25,22.2416
2.51,0,0,25,22.3334
2.515,0,0,25,22.4254
2.52,0,0,25,22.5175
2.525,0,0,25,22.6098
2.53,0,0,25,22.7022
2.535,0,0,25,22.7947
2.54,0,0,25,22.8873
2.545,0,0,25,22.98
2.55,0,0,25,23.0729
2.555,0,0,25,23.1659
2.56,0,0,25,23.259
2.565,0,0,25,23.3522
2.57,0,0,25,23.4455
2.575,0,0,25,23.539
2.58,0,0,25,23.6325
2.585,0,0,25,23.7262
2.59,0,0,25,23.8199
2.595,0,0,25,23.9138
2.6,0,0,25,24.0078
2.605,0,0,25,24.1019
2.61,0,0,25,24.196
2.615,0,0,25,24.2903
2.62,0,0,25,24.3847
2.625,0,0,25,24.4791
2.63,0,0,25,24.5737
2.635,0,0,25,24.6683
2.64,0,0,25,24.763
2.645,0,0,25,24.8579
2.65,0,0,25,24.9527
2.655,0,0,25,25.0477
2.66,0,0,25,25.1428
2.665,0,0,25,25.2379
2.67,0,0,25,25.3331
2.675,0,0,25,25.4283
2.68,0,0,25,25.5237
2.685,0,0,25,25.6191
2.69,0,0,25,25.7145
2.695,0,0,25,25.8101
2.7,0,0,25,25.9056
2.705,0,0,25,26.0013
2.71,0,0,25,26.0969
2.715,0,0,25,26.1927
2.72,0,0,25,26.2884
2.725,0,0,25,26.3843
2.73,0,0,25,26.4801
2.735,0,0,25,26.576
2.74,0,0,25,26.6719
2.745,0,0,25,26.7679
2.75,0,0,25,26.8639
2.755,0,0,25,26.9599
2.76,0,0,25,27.0559
2.765,0,0,25,27.1519
2.77,0,0,25,27.248
2.775,0,0,25,27.3441
2.78,0,0,25,27.4401
2.785,0,0,25,27.5362
2.79,0,0,25,27.6323
2.795,0,0,25,27.7283
2.8,0,0,25,27.8244
2.805,0,0,25,27.9204
2.81,0,0,25,28.0164
2.815,0,0,25,28.1124
2.82,0,0,25,28.2084
2.825,0,0,25,28.3043
2.83,0,0,25,28.4002
2.835,0,0,25,28.4961
2.84,0,0,25,28.5919
2.845,0,0,25,28.6877
2.85,0,0,25,28.7834
2.855,0,0,25,28.8791
2.86,0,0,25,28.9747
2.865,0,0,25,29.0702
2.87,0,0,25,29.1657
2.875,0,0,25,29.2611
2.88,0,0,25,29.3564
2.885,0,0,25,29.4516
2.89,0,0,25,29.5467
2.895,0,0,25,29.6417
2.9,0,0,25,29.7367
2.905,0,0,25,29.8315
2.91,0,0,25,29.9262
2.915,0,0,25,30.0207
2.92,0,0,25,30.1152
2.925,0,0,25,30.2095
2.93,0,0,25,30.3037
2.935,0,0,25,30.3977
2.94,0,0,25,30.4916
2.945,0,0,25,30.5854
2.95,0,0,25,30.6789
2.955,0,0,25,30.7723
2.96,0,0,25,30.8656
2.965,0,0,25,30.9586
2.97,0,0,25,31.0515
2.975,0,0,25,31.1442
2.98,0,0,25,31.2366
2.985,0,0,25,31.3289
2.99,0,0,25,31.4209
2.995,0,0,25,31.5128
3,0,0,25,31.6044
3.005,0,0,25,31.6957
3.01,0,0,25,31.7868
3.015,0,0,25,31.8777
3.02,0,0,25,31.9683
3.025,0,0,25,32.0587
3.03,0,0,25,32.1487
3.035,0,0,25,32.2385
3.04,0,0,25,32.3281
3.045,0,0,25,32.4173
3.05,0,0,25,32.5062
3.055,0,0,25,32.5948
3.06,0,0,25,32.6831
3.065,0,0,25,32.7711
3.07,0,0,25,32.8587
3.075,0,0,25,32.946
3.08,0,0,25,33.0329
3.085,0,0,25,33.1195
3.09,0,0,25,33.2058
3.095,0,0,25,33.2916
3.1,0,0,25,33.3771
3.105,0,0,25,33.4622
3.11,0,0,25,33.5468
3.115,0,0,25,33.6311
3.12,0,0,25,33.715
3.125,0,0,25,33.7984
3.13,0,0,25,33.8814
3.135,0,0,25,33.964
3.14,0,0,25,34.0461
3.145,0,0,25,34.1278
3.15,0,0,25,34.209
3.155,0,0,25,34.2897
3.16,0,0,25,34.3699
3.165,0,0,25,34.4497
3.17,0,0,25,34.5289
3.175,0,0,25,34.6077
3.18,0,0,25,34.6859
3.185,0,0,25,34.7636
3.19,0,0,25,34.8408
3.195,0,0,25,34.9174
3.2,0,0,25,34.9935
3.205,0,0,25,35.0691
3.21,0,0,25,35.144
3.215,0,0,25,35.2184
3.22,0,0,25,35.2922
3.225,0,0,25,35.3654
3.23,0,0,25,35.438
3.235,0,0,25,35.51
3.24,0,0,25,35.5814
3.245,0,0,25,35.6522
3.25,0,0,25,35.7223
3.255,0,0,25,35.7918
3.26,0,0,25,35.8606
3.265,0,0,25,35.9288
3.27,0,0,25,35.9964
3.275,0,0,25,36.0632
3.28,0,0,25,36.1294
3.285,0,0,25,36.1949
3.29,0,0,25,36.2597
3.295,0,0,25,36.3237
3.3,0,0,25,36.3871
3.305,0,0,25,36.4498
3.31,0,0,25,36.5117
3.315,0,0,25,36.5729
3.32,0,0,25,36.6333
3.325,0,0,25,36.693
3.33,0,0,25,36.752
3.335,0,0,25,36.8102
3.34,0,0,25,36.8676
3.345,0,0,25,36.9242
3.35,0,0,25,36.98
3.355,0,0,25,37.0351
3.36,0,0,25,37.0893
3.365,0,0,25,37.1427
3.37,0,0,25,37.1954
3.375,0,0,25,37.2471
3.38,0,0,25,37.2981
3.385,0,0,25,37.3482
3.39,0,0,25,37.3974
3.395,0,0,25,37.4458
3.4,0,0,25,37.4933
3.405,0,0,25,37.5399
3.41,0,0,25,37.5856
3.415,0,0,25,37.6304
3.42,0,0,25,37.6744
3.425,0,0,25,37.7173
3.43,0,0,25,37.7594
3.435,0,0,25,37.8004
3.44,0,0,25,37.8405
3.445,0,0,25,37.8796
3.45,0,0,25,37.9177
3.455,0,0,25,37.9548
3.46,0,0,25,37.9909
3.465,0,0,25,38.0259
3.47,0,0,25,38.0598
3.475,0,0,25,38.0926
3.48,0,0,25,38.1242
3.485,0,0,25,38.1547
3.49,0,0,25,38.184
3.495,0,0,25,38.212
3.5,0,0,25,38.2388
3.505,0,0,25,38.2643
3.51,0,0,25,38.2884
3.515,0,0,25,38.311
3.52,0,0,25,38.3323
3.525,0,0,25,38.3519
3.53,0,0,25,38.37
3.535,0,0,25,38.3864
3.54,0,0,25,38.4011
3.545,0,0,25,38.4139
3.55,0,0,25,38.4247
3.555,0,0,25,38.4335
3.56,0,0,25,38.4401
3.565,0,0,25,38.4444
3.57,0,0,25,38.4461
3.575,0,0,25,38.4452
3.58,0,0,25,38.4415
3.585,0,0,25,38.4346
3.59,0,0,25,38.4244
3.595,0,0,25,38.4107
3.6,0,0,25,38.393
3.605,0,0,25,38.3711
3.61,0,0,25,38.3445
3.615,0,0,25,38.3129
3.62,0,0,25,38.2757
3.625,0,0,25,38.2325
3.63,0,0,25,38.1824
3.635,0,0,25,38.125
3.64,0,0,25,38.0592
3.645,0,0,25,37.9843
3.65,0,0,25,37.8992
3.655,0,0,25,37.8027
3.66,0,0,25,37.6934
3.665,0,0,25,37.5699
3.67,0,0,25,37.4303
3.675,0,0,25,37.2726
3.68,0,0,25,37.0945
3.685,0,0,25,36.8933
3.69,0,0,25,36.6659
3.695,0,0,25,36.4087
3.7,0,0,25,36.1177
3.705,0,0,25,35.7882
3.71,0,0,25,35.4145
3.715,0,0,25,34.9905
3.72,0,0,25,34.5087
3.725,0,0,25,33.9607
3.73,0,0,25,33.3369
3.735,0,0,25,32.626
3.74,0,0,25,31.8155
3.745,0,0,25,30.8909
3.75,0,0,25,29.8362
3.755,0,0,25,28.6337
3.76,0,0,25,27.2645
3.765,0,0,25,25.7087
3.77,0,0,25,23.9463
3.775,0,0,25,21.9587
3.78,0,0,25,19.7303
3.785,0,0,25,17.2504
3.79,0,0,25,14.5158
3.795,0,0,25,11.5332
3.8,0,0,25,8.3205
3.805,0,0,25,4.90755
3.81,0,0,25,1.33475
3.815,0,0,25,-2.34975
3.82,0,0,25,-6.09423
3.825,0,0,25,-9.84782
3.83,0,0,25,-13.5642
3.835,0,0,25,-17.2039
3.84,0,0,25,-20.7356
3.845,0,0,25,-24.1357
3.85,0,0,25,-27.3877
3.855,0,0,25,-30.481
3.86,0,0,25,-33.4102
3.865,0,0,25,-36.1736
3.87,0,0,25,-38.7724
3.875,0,0,25,-41.2101
3.88,0,0,25,-43.4916
3.885,0,0,25,-45.6231
3.89,0,0,25,-47.6114
3.895,0,0,25,-49.4638
3.9,0,0,25,-51.1876
3.905,0,0,25,-52.7902
3.91,0,0,25,-54.2789
3.915,0,0,25,-55.661
3.92,0,0,25,-56.9433
3.925,0,0,25,-58.1324
3.93,0,0,25,-59.2345
3.935,0,0,25,-60.2557
3.94,0,0,25,-61.2015
3.945,0,0,25,-62.0772
3.95,0,0,25,-62.8879
3.955,0,0,25,-63.6382
3.96,0,0,25,-64.3324
3.965,0,0,25,-64.9746
3.97,0,0,25,-65.5686
3.975,0,0,25,-66.118
3.98,0,0,25,-66.626
3.985,0,0,25,-67.0956
3.99,0,0,25,-67.5298
3.995,0,0,25,-67.9312
4,0,0,25,-68.3022
4.005,0,0,25,-68.6451
4.01,0,0,25,-68.9619
4.015,0,0,25,-69.2547
4.02,0,0,25,-69.5253
4.025,0,0,25,-69.7753
4.03,0,0,25,-70.0063
4.035,0,0,25,-70.2197
4.04,0,0,25,-70.4169
4.045,0,0,25,-70.599
4.05,0,0,25,-70.7673
4.055,0,0,25,-70.9227
4.06,0,0,25,-71.0663
4.065,0,0,25,-71.1989
4.07,0,0,25,-71.3214
4.075,0,0,25,-71.4346
4.08,0,0,25,-71.5391
4.085,0,0,25,-71.6356
4.09,0,0,25,-71.7248
4.095,0,0,25,-71.8071
4.1,0,0,25,-71.8832
4.105,0,0,25,-71.9534
4.11,0,0,25,-72.0183
4.115,0,0,25,-72.0782
4.12,0,0,25,-72.1335
4.125,0,0,25,-72.1846
4.13,0,0,25,-72.2318
4.135,0,0,25,-72.2754
4.14,0,0,25,-72.3156
4.145,0,0,25,-72.3528
4.15,0,0,25,-72.3871
4.155,0,0,25,-72.4188
4.16,0,0,25,-72.448
4.165,0,0,25,-72.4751
4.17,0,0,25,-72.5
4.175,0,0,25,-72.5231
4.18,0,0,25,-72.5444
4.185,0,0,25,-72.564
4.19,0,0,25,-72.5822
4.195,0,0,25,-72.5989
4.2,0,0,25,-72.6144
4.205,0,0,25,-72.6287
4.21,0,0,25,-72.6419
4.215,0,0,25,-72.6541
4.22,0,0,25,-72.6653
4.225,0,0,25,-72.6757
4.23,0,0,25,-72.6853
4.235,0,0,25,-72.6942
4.24,0,0,25,-72.7024
4.245,0,0,25,-72.7099
4.25,0,0,25,-72.7169
4.255,0,0,25,-72.7233
4.26,0,0,25,-72.7293
4.265,0,0,25,-72.7348
4.27,0,0,25,-72.7399
4.275,0,0,25,-72.7445
4.28,0,0,25,-72.7489
4.285,0,0,25,-72.7529
4.29,0,0,25,-72.7565
4.295,0,0,25,-72.76
4.3,0,0,25,-72.7631
4.305,0,0,25,-72.766
4.31,0,0,25,-72.7687
4.315,0,0,25,-72.7712
4.32,0,0,25,-72.7734
4.325,0,0,25,-72.7756
4.33,0,0,25,-72.7775
4.335,0,0,25,-72.7793
4.34,0,0,25,-72.781
4.345,0,0,25,-72.7825
4.35,0,0,25,-72.7839
4.355,0,0,25,-72.7852
4.36,0,0,25,-72.7864
4.365,0,0,25,-72.7876
4.37,0,0,25,-72.7886
4.375,0,0,25,-72.7895
4.38,0,0,25,-72.7904
4.385,0,0,25,-72.7912
4.39,0,0,25,-72.792
4.395,0,0,25,-72.7927
4.4,0,0,25,-72.7933
4.405,0,0,25,-72.7939
4.41,0,0,25,-72.7944
4.415,0,0,25,-72.7949
4.42,0,0,25,-72.7954
4.425,0,0,25,-72.7958
4.43,0,0,25,-72.7962
4.435,0,0,25,-72.7966
4.44,0,0,25,-72.7969
4.445,0,0,25,-72.7972
4.45,0,0,25,-72.7975
4.455,0,0,25,-72.7978
4.46,0,0,25,-72.798
4.465,0,0,25,-72.7983
4.47,0,0,25,-72.7985
4.475,0,0,25,-72.7987
4.48,0,0,25,-72.7988
4.485,0,0,25,-72.799
4.49,0,0,25,-72.7992
4.495,0,0,25,-72.7993
4.5,0,0,25,-72.7994
4.505,0,0,25,-72.7995
4.51,0,0,25,-72.7997
4.515,0,0,25,-72.7998
4.52,0,0,25,-72.7999
4.525,0,0,25,-72.7999
4.53,0,0,25,-72.8
4.535,0,0,25,-72.8001
4.54,0,0,25,-72.8002
4.545,0,0,25,-72.8002
4.55,0,0,25,-72.8003
4.555,0,0,25,-72.8003
4.56,0,0,25,-72.8004
4.565,0,0,25,-72.8004
4.57,0,0,25,-72.8005
4.575,0,0,25,-72.8005
4.58,0,0,25,-72.8006
4.585,0,0,25,-72.8006
4.59,0,0,25,-72.8006
4.595,0,0,25,-72.8006
4.6,0,0,25,-72.8007
4.605,0,0,25,-72.8007
4.61,0,0,25,-72.8007
4.615,0,0,25,-72.8007
4.62,0,0,25,-72.8008
4.625,0,0,25,-72.8008
4.63,0,0,25,-72.8008
4.635,0,0,25,-72.8008
4.64,0,0,25,-72.8008
4.645,0,0,25,-72.8008
4.65,0,0,25,-72.8008
4.655,0,0,25,-72.8009
4.66,0,0,25,-72.8009
4.665,0,0,25,-72.8009
4.67,0,0,25,-72.8009
4.675,0,0,25,-72.8009
4.68,0,0,25,-72.8009
4.685,0,0,25,-72.8009
4.69,0,0,25,-72.8009
4.695,0,0,25,-72.8009
4.7,0,0,25,-72.8009
4.705,0,0,25,-72.8009
4.71,0,0,25,-72.8009
4.715,0,0,25,-72.8009
4.72,0,0,25,-72.801
4.725,0,0,25,-72.801
4.73,0,0,25,-72.801
4.735,0,0,25,-72.801
4.74,0,0,25,-72.801
4.745,0,0,25,-72.801
4.75,0,0,25,-72.801
4.755,0,0,25,-72.801
4.76,0,0,25,-72.801
4.765,0,0,25,-72.801
4.77,0,0,25,-72.801
4.775,0,0,25,-72.801
4.78,0,0,25,-72.801
4.785,0,0,25,-72.801
4.79,0,0,25,-72.801
4.795,0,0,25,-72.801
4.8,0,0,25,-72.801
4.805,0,0,25,-72.801
4.81,0,0,25,-72.801
4.815,0,0,25,-72.801
4.82,0,0,25,-72.801
4.825,0,0,25,-72.801
4.83,0,0,25,-72.801
4.835,0,0,25,-72.801
4.84,0,0,25,-72.801
4.845,0,0,25,-72.801
4.85,0,0,25,-72.801
4.855,0,0,25,-72.801
4.86,0,0,25,-72.801
4.865,0,0,25,-72.801
4.87,0,0,25,-72.801
4.875,0,0,25,-72.801
4.88,0,0,25,-72.801
4.885,0,0,25,-72.801
4.89,0,0,25,-72.801
4.895,0,0,25,-72.801
4.9,0,0,25,-72.801
4.905,0,0,25,-72.801
4.91,0,0,25,-72.801
4.915,0,0,25,-72.801
4.92,0,0,25,-72.801
4.925,0,0,25,-72.801
4.93,0,0,25,-72.801
4.935,0,0,25,-72.801
4.94,0,0,25,-72.801
4.945,0,0,25,-72.801
4.95,0,0,25,-72.801
4.955,0,0,25,-72.801
4.96,0,0,25,-72.801
4.965,0,0,25,-72.801
4.97,0,0,25,-72.801
4.975,0,0,25,-72.801
4.98,0,0,25,-72.801
4.985,0,0,25,-72.801
4.99,0,0,25,-72.801
4.995,0,0,25,-72.801
5,0,0,25,-72.801
