0,0,0,125,-39.2228
0.025,0,0,125,-39.2173
0.05,0,0,125,-39.2063
0.075,0,0,125,-39.1898
0.1,0,0,125,-39.1679
0.125,0,0,125,-39.1408
0.15,0,0,125,-39.1086
0.175,0,0,125,-39.0716
0.2,0,0,125,-39.0301
0.225,0,0,125,-38.9843
0.25,0,0,125,-38.9343
0.275,0,0,125,-38.8805
0.3,0,0,125,-38.8229
0.325,0,0,125,-38.7616
0.35,0,0,125,-38.697
0.375,0,0,125,-38.6291
0.4,0,0,125,-38.5581
0.425,0,0,125,-38.4841
0.45,0,0,125,-38.4073
0.475,0,0,125,-38.3277
0.5,0,0,125,-38.2456
0.525,0,0,125,-38.161
0.55,0,0,125,-38.0741
0.575,0,0,125,-37.985
0.6,0,0,125,-37.8938
0.625,0,0,125,-37.8006
0.65,0,0,125,-37.7055
0.675,0,0,125,-37.6087
0.7,0,0,125,-37.5102
0.725,0,0,125,-37.4101
0.75,0,0,125,-37.3085
0.775,0,0,125,-37.2056
0.8,0,0,125,-37.1014
0.825,0,0,125,-36.9961
0.85,0,0,125,-36.8896
0.875,0,0,125,-36.7821
0.9,0,0,125,-36.6737
0.925,0,0,125,-36.5644
0.95,0,0,125,-36.4544
0.975,0,0,125,-36.3437
1,0,0,125,-36.2323
1.025,0,0,125,-36.1204
1.05,0,0,125,-36.0081
1.075,0,0,125,-35.8954
1.1,0,0,125,-35.7823
1.125,0,0,125,-35.6689
1.15,0,0,125,-35.5553
1.175,0,0,125,-35.4416
1.2,0,0,125,-35.3278
1.225,0,0,125,-35.2139
1.25,0,0,125,-35.1001
1.275,0,0,125,-34.9863
1.3,0,0,125,-34.8727
1.325,0,0,125,-34.7592
1.35,0,0,125,-34.6459
1.375,0,0,125,-34.5328
1.4,0,0,125,-34.4201
1.425,0,0,125,-34.3076
1.45,0,0,125,-34.1956
1.475,0,0,125,-34.0839
1.5,0,0,125,-33.9727
1.525,0,0,125,-33.8619
1.55,0,0,125,-33.7516
1.575,0,0,125,-33.6418
1.6,0,0,125,-33.5326
1.625,0,0,125,-33.4239
1.65,0,0,125,-33.3158
1.675,0,0,125,-33.2083
1.7,0,0,125,-33.1014
1.725,0,0,125,-32.9952
1.75,0,0,125,-32.8896
1.775,0,0,125,-32.7847
1.8,0,0,125,-32.6804
1.825,0,0,125,-32.5768
1.85,0,0,125,-32.4739
1.875,0,0,125,-32.3717
1.9,0,0,125,-32.2702
1.925,0,0,125,-32.1695
1.95,0,0,125,-32.0694
1.975,0,0,125,-31.97
2,0,0,125,-31.8714
2.025,0,0,125,-31.7735
2.05,0,0,125,-31.6763
2.075,0,0,125,-31.5797
2.1,0,0,125,-31.4839
2.125,0,0,125,-31.3888
2.15,0,0,125,-31.2944
2.175,0,0,125,-31.2007
2.2,0,0,125,-31.1077
2.225,0,0,125,-31.0154
2.25,0,0,125,-30.9237
2.275,0,0,125,-30.8327
2.3,0,0,125,-30.7423
2.325,0,0,125,-30.6526
2.35,0,0,125,-30.5636
2.375,0,0,125,-30.4751
2.4,0,0,125,-30.3873
2.425,0,0,125,-30.3
2.45,0,0,125,-30.2134
2.475,0,0,125,-30.1274
2.5,0,0,125,-30.0419
2.525,0,0,125,-29.9569
2.55,0,0,125,-29.8726
2.575,0,0,125,-29.7887
2.6,0,0,125,-29.7054
2.625,0,0,125,-29.6226
2.65,0,0,125,-29.5403
2.675,0,0,125,-29.4584
2.7,0,0,125,-29.377
2.725,0,0,125,-29.2961
2.75,0,0,125,-29.2156
2.775,0,0,125,-29.1356
2.8,0,0,125,-29.0559
2.825,0,0,125,-28.9767
2.85,0,0,125,-28.8978
2.875,0,0,125,-28.8193
2.9,0,0,125,-28.7412
2.925,0,0,125,-28.6634
2.95,0,0,125,-28.586
2.975,0,0,125,-28.5088
3,0,0,125,-28.432
3.025,0,0,125,-28.3555
3.05,0,0,125,-28.2792
3.075,0,0,125,-28.2032
3.1,0,0,125,-28.1275
3.125,0,0,125,-28.052
3.15,0,0,125,-27.9767
3.175,0,0,125,-27.9017
3.2,0,0,125,-27.8268
3.225,0,0,125,-27.7522
3.25,0,0,125,-27.6777
3.275,0,0,125,-27.6034
3.3,0,0,125,-27.5293
3.325,0,0,125,-27.4554
3.35,0,0,125,-27.3815
3.375,0,0,125,-27.3079
3.4,0,0,125,-27.2343
3.425,0,0,125,-27.1609
3.45,0,0,125,-27.0876
3.475,0,0,125,-27.0144
3.5,0,0,125,-26.9413
3.525,0,0,125,-26.8683
3.55,0,0,125,-26.7954
3.575,0,0,125,-26.7226
3.6,0,0,125,-26.6498
3.625,0,0,125,-26.5772
3.65,0,0,125,-26.5046
3.675,0,0,125,-26.4322
3.7,0,0,125,-26.3598
3.725,0,0,125,-26.2875
3.75,0,0,125,-26.2152
3.775,0,0,125,-26.1431
3.8,0,0,125,-26.071
3.825,0,0,125,-25.9991
3.85,0,0,125,-25.9273
3.875,0,0,125,-25.8555
3.9,0,0,125,-25.7839
3.925,0,0,125,-25.7125
3.95,0,0,125,-25.6411
3.975,0,0,125,-25.57
4,0,0,125,-25.499
4.025,0,0,125,-25.4282
4.05,0,0,125,-25.3576
4.075,0,0,125,-25.2873
4.1,0,0,125,-25.2172
4.125,0,0,125,-25.1474
4.15,0,0,125,-25.0779
4.175,0,0,125,-25.0088
4.2,0,0,125,-24.9401
4.225,0,0,125,-24.8719
4.25,0,0,125,-24.804
4.275,0,0,125,-24.7368
4.3,0,0,125,-24.67
4.325,0,0,125,-24.6039
4.35,0,0,125,-24.5385
4.375,0,0,125,-24.4738
4.4,0,0,125,-24.4099
4.425,0,0,125,-24.3469
4.45,0,0,125,-24.2848
4.475,0,0,125,-24.2238
4.5,0,0,125,-24.1639
4.525,0,0,125,-24.1052
4.55,0,0,125,-24.0479
4.575,0,0,125,-23.9919
4.6,0,0,125,-23.9376
4.625,0,0,125,-23.8849
4.65,0,0,125,-23.834
4.675,0,0,125,-23.7851
4.7,0,0,125,-23.7384
4.725,0,0,125,-23.6939
4.75,0,0,125,-23.652
4.775,0,0,125,-23.6127
4.8,0,0,125,-23.5763
4.825,0,0,125,-23.5431
4.85,0,0,125,-23.5132
4.875,0,0,125,-23.4869
4.9,0,0,125,-23.4644
4.925,0,0,125,-23.4461
4.95,0,0,125,-23.4321
4.975,0,0,125,-23.4227
5,0,0,125,-23.4179
