0,0,0,125,-58.005
0.025,0,0,125,-58.0023
0.05,0,0,125,-57.9968
0.075,0,0,125,-57.9886
0.1,0,0,125,-57.9777
0.125,0,0,125,-57.9641
0.15,0,0,125,-57.9479
0.175,0,0,125,-57.9291
0.2,0,0,125,-57.9079
0.225,0,0,125,-57.8843
0.25,0,0,125,-57.8583
0.275,0,0,125,-57.83
0.3,0,0,125,-57.7994
0.325,0,0,125,-57.7666
0.35,0,0,125,-57.7316
0.375,0,0,125,-57.6944
0.4,0,0,125,-57.6551
0.425,0,0,125,-57.6138
0.45,0,0,125,-57.5703
0.475,0,0,125,-57.5248
0.5,0,0,125,-57.4773
0.525,0,0,125,-57.4279
0.55,0,0,125,-57.3765
0.575,0,0,125,-57.3231
0.6,0,0,125,-57.2678
0.625,0,0,125,-57.2107
0.65,0,0,125,-57.1517
0.675,0,0,125,-57.0909
0.7,0,0,125,-57.0282
0.725,0,0,125,-56.9638
0.75,0,0,125,-56.8975
0.775,0,0,125,-56.8296
0.8,0,0,125,-56.7599
0.825,0,0,125,-56.6884
0.85,0,0,125,-56.6153
0.875,0,0,125,-56.5405
0.9,0,0,125,-56.4641
0.925,0,0,125,-56.386
0.95,0,0,125,-56.3063
0.975,0,0,125,-56.225
1,0,0,125,-56.1421
1.025,0,0,125,-56.0577
1.05,0,0,125,-55.9718
1.075,0,0,125,-55.8843
1.1,0,0,125,-55.7953
1.125,0,0,125,-55.7049
1.15,0,0,125,-55.6129
1.175,0,0,125,-55.5196
1.2,0,0,125,-55.4248
1.225,0,0,125,-55.3286
1.25,0,0,125,-55.2311
1.275,0,0,125,-55.1321
1.3,0,0,125,-55.0319
1.325,0,0,125,-54.9303
1.35,0,0,125,-54.8274
1.375,0,0,125,-54.7232
1.4,0,0,125,-54.6177
1.425,0,0,125,-54.511
1.45,0,0,125,-54.403
1.475,0,0,125,-54.2939
1.5,0,0,125,-54.1835
1.525,0,0,125,-54.072
1.55,0,0,125,-53.9593
1.575,0,0,125,-53.8455
1.6,0,0,125,-53.7306
1.625,0,0,125,-53.6146
1.65,0,0,125,-53.4975
1.675,0,0,125,-53.3793
1.7,0,0,125,-53.2601
1.725,0,0,125,-53.1399
1.75,0,0,125,-53.0187
1.775,0,0,125,-52.8965
1.8,0,0,125,-52.7734
1.825,0,0,125,-52.6493
1.85,0,0,125,-52.5243
1.875,0,0,125,-52.3983
1.9,0,0,125,-52.2715
1.925,0,0,125,-52.1438
1.95,0,0,125,-52.0153
1.975,0,0,125,-51.886
2,0,0,125,-51.7558
2.025,0,0,125,-51.6248
2.05,0,0,125,-51.4931
2.075,0,0,125,-51.3606
2.1,0,0,125,-51.2274
2.125,0,0,125,-51.0935
2.15,0,0,125,-50.9588
2.175,0,0,125,-50.8235
2.2,0,0,125,-50.6876
2.225,0,0,125,-50.551
2.25,0,0,125,-50.4137
2.275,0,0,125,-50.2759
2.3,0,0,125,-50.1375
2.325,0,0,125,-49.9985
2.35,0,0,125,-49.859
2.375,0,0,125,-49.719
2.4,0,0,125,-49.5785
2.425,0,0,125,-49.4375
2.45,0,0,125,-49.296
2.475,0,0,125,-49.1541
2.5,0,0,125,-49.0117
2.525,0,0,125,-48.869
2.55,0,0,125,-48.7259
2.575,0,0,125,-48.5824
2.6,0,0,125,-48.4385
2.625,0,0,125,-48.2944
2.65,0,0,125,-48.1499
2.675,0,0,125,-48.0052
2.7,0,0,125,-47.8602
2.725,0,0,125,-47.715
2.75,0,0,125,-47.5695
2.775,0,0,125,-47.4239
2.8,0,0,125,-47.2781
2.825,0,0,125,-47.1321
2.85,0,0,125,-46.9861
2.875,0,0,125,-46.8399
2.9,0,0,125,-46.6936
2.925,0,0,125,-46.5473
2.95,0,0,125,-46.401
2.975,0,0,125,-46.2546
3,0,0,125,-46.1083
3.025,0,0,125,-45.962
3.05,0,0,125,-45.8158
3.075,0,0,125,-45.6697
3.1,0,0,125,-45.5237
3.125,0,0,125,-45.3779
3.15,0,0,125,-45.2322
3.175,0,0,125,-45.0867
3.2,0,0,125,-44.9415
3.225,0,0,125,-44.7965
3.25,0,0,125,-44.6519
3.275,0,0,125,-44.5075
3.3,0,0,125,-44.3635
3.325,0,0,125,-44.2199
3.35,0,0,125,-44.0767
3.375,0,0,125,-43.9339
3.4,0,0,125,-43.7916
3.425,0,0,125,-43.6498
3.45,0,0,125,-43.5086
3.475,0,0,125,-43.368
3.5,0,0,125,-43.2279
3.525,0,0,125,-43.0885
3.55,0,0,125,-42.9499
3.575,0,0,125,-42.8119
3.6,0,0,125,-42.6747
3.625,0,0,125,-42.5383
3.65,0,0,125,-42.4027
3.675,0,0,125,-42.268
3.7,0,0,125,-42.1343
3.725,0,0,125,-42.0015
3.75,0,0,125,-41.8697
3.775,0,0,125,-41.7389
3.8,0,0,125,-41.6093
3.825,0,0,125,-41.4808
3.85,0,0,125,-41.3534
3.875,0,0,125,-41.2273
3.9,0,0,125,-41.1025
3.925,0,0,125,-40.979
3.95,0,0,125,-40.8569
3.975,0,0,125,-40.7363
4,0,0,125,-40.6171
4.025,0,0,125,-40.4994
4.05,0,0,125,-40.3834
4.075,0,0,125,-40.2689
4.1,0,0,125,-40.1562
4.125,0,0,125,-40.0452
4.15,0,0,125,-39.936
4.175,0,0,125,-39.8287
4.2,0,0,125,-39.7233
4.225,0,0,125,-39.6199
4.25,0,0,125,-39.5185
4.275,0,0,125,-39.4193
4.3,0,0,125,-39.3222
4.325,0,0,125,-39.2274
4.35,0,0,125,-39.1348
4.375,0,0,125,-39.0447
4.4,0,0,125,-38.9569
4.425,0,0,125,-38.8717
4.45,0,0,125,-38.7891
4.475,0,0,125,-38.7091
4.5,0,0,125,-38.6319
4.525,0,0,125,-38.5574
4.55,0,0,125,-38.4858
4.575,0,0,125,-38.4172
4.6,0,0,125,-38.3516
4.625,0,0,125,-38.2891
4.65,0,0,125,-38.2299
4.675,0,0,125,-38.1739
4.7,0,0,125,-38.1213
4.725,0,0,125,-38.0722
4.75,0,0,125,-38.0266
4.775,0,0,125,-37.9847
4.8,0,0,125,-37.9466
4.825,0,0,125,-37.9123
4.85,0,0,125,-37.8819
4.875,0,0,125,-37.8557
4.9,0,0,125,-37.8336
4.925,0,0,125,-37.8158
4.95,0,0,125,-37.8023
4.975,0,0,125,-37.7933
5,0,0,125,-37.7888
