0,0,0,125,-59.0371
0.025,0,0,125,-59.0335
0.05,0,0,125,-59.0264
0.075,0,0,125,-59.0156
0.1,0,0,125,-59.0014
0.125,0,0,125,-58.9837
0.15,0,0,125,-58.9626
0.175,0,0,125,-58.9384
0.2,0,0,125,-58.9111
0.225,0,0,125,-58.8808
0.25,0,0,125,-58.8477
0.275,0,0,125,-58.8119
0.3,0,0,125,-58.7734
0.325,0,0,125,-58.7323
0.35,0,0,125,-58.6887
0.375,0,0,125,-58.6427
0.4,0,0,125,-58.5943
0.425,0,0,125,-58.5436
0.45,0,0,125,-58.4906
0.475,0,0,125,-58.4355
0.5,0,0,125,-58.3783
0.525,0,0,125,-58.3189
0.55,0,0,125,-58.2576
0.575,0,0,125,-58.1942
0.6,0,0,125,-58.1289
0.625,0,0,125,-58.0618
0.65,0,0,125,-57.9927
0.675,0,0,125,-57.9219
0.7,0,0,125,-57.8493
0.725,0,0,125,-57.775
0.75,0,0,125,-57.699
0.775,0,0,125,-57.6213
0.8,0,0,125,-57.542
0.825,0,0,125,-57.4611
0.85,0,0,125,-57.3787
0.875,0,0,125,-57.2948
0.9,0,0,125,-57.2094
0.925,0,0,125,-57.1226
0.95,0,0,125,-57.0343
0.975,0,0,125,-56.9446
1,0,0,125,-56.8537
1.025,0,0,125,-56.7613
1.05,0,0,125,-56.6677
1.075,0,0,125,-56.5729
1.1,0,0,125,-56.4768
1.125,0,0,125,-56.3795
1.15,0,0,125,-56.281
1.175,0,0,125,-56.1814
1.2,0,0,125,-56.0807
1.225,0,0,125,-55.9789
1.25,0,0,125,-55.8761
1.275,0,0,125,-55.7722
1.3,0,0,125,-55.6673
1.325,0,0,125,-55.5614
1.35,0,0,125,-55.4546
1.375,0,0,125,-55.3469
1.4,0,0,125,-55.2383
1.425,0,0,125,-55.1288
1.45,0,0,125,-55.0185
1.475,0,0,125,-54.9073
1.5,0,0,125,-54.7954
1.525,0,0,125,-54.6827
1.55,0,0,125,-54.5692
1.575,0,0,125,-54.455
1.6,0,0,125,-54.3401
1.625,0,0,125,-54.2245
1.65,0,0,125,-54.1083
1.675,0,0,125,-53.9914
1.7,0,0,125,-53.8739
1.725,0,0,125,-53.7557
1.75,0,0,125,-53.637
1.775,0,0,125,-53.5177
1.8,0,0,125,-53.3979
1.825,0,0,125,-53.2776
1.85,0,0,125,-53.1567
1.875,0,0,125,-53.0354
1.9,0,0,125,-52.9135
1.925,0,0,125,-52.7912
1.95,0,0,125,-52.6685
1.975,0,0,125,-52.5453
2,0,0,125,-52.4217
2.025,0,0,125,-52.2977
2.05,0,0,125,-52.1733
2.075,0,0,125,-52.0486
2.1,0,0,125,-51.9234
2.125,0,0,125,-51.7979
2.15,0,0,125,-51.6721
2.175,0,0,125,-51.5459
2.2,0,0,125,-51.4194
2.225,0,0,125,-51.2926
2.25,0,0,125,-51.1655
2.275,0,0,125,-51.0381
2.3,0,0,125,-50.9103
2.325,0,0,125,-50.7823
2.35,0,0,125,-50.6541
2.375,0,0,125,-50.5255
2.4,0,0,125,-50.3967
2.425,0,0,125,-50.2677
2.45,0,0,125,-50.1383
2.475,0,0,125,-50.0088
2.5,0,0,125,-49.879
2.525,0,0,125,-49.7489
2.55,0,0,125,-49.6186
2.575,0,0,125,-49.4881
2.6,0,0,125,-49.3573
2.625,0,0,125,-49.2263
2.65,0,0,125,-49.0951
2.675,0,0,125,-48.9637
2.7,0,0,125,-48.8321
2.725,0,0,125,-48.7002
2.75,0,0,125,-48.5681
2.775,0,0,125,-48.4358
2.8,0,0,125,-48.3033
2.825,0,0,125,-48.1706
2.85,0,0,125,-48.0377
2.875,0,0,125,-47.9046
2.9,0,0,125,-47.7712
2.925,0,0,125,-47.6377
2.95,0,0,125,-47.5039
2.975,0,0,125,-47.37
3,0,0,125,-47.2358
3.025,0,0,125,-47.1015
3.05,0,0,125,-46.9669
3.075,0,0,125,-46.8322
3.1,0,0,125,-46.6972
3.125,0,0,125,-46.5621
3.15,0,0,125,-46.4268
3.175,0,0,125,-46.2914
3.2,0,0,125,-46.1557
3.225,0,0,125,-46.02
3.25,0,0,125,-45.884
3.275,0,0,125,-45.7479
3.3,0,0,125,-45.6117
3.325,0,0,125,-45.4753
3.35,0,0,125,-45.3389
3.375,0,0,125,-45.2023
3.4,0,0,125,-45.0656
3.425,0,0,125,-44.9289
3.45,0,0,125,-44.7921
3.475,0,0,125,-44.6552
3.5,0,0,125,-44.5184
3.525,0,0,125,-44.3816
3.55,0,0,125,-44.2447
3.575,0,0,125,-44.1079
3.6,0,0,125,-43.9712
3.625,0,0,125,-43.8346
3.65,0,0,125,-43.6981
3.675,0,0,125,-43.5617
3.7,0,0,125,-43.4256
3.725,0,0,125,-43.2897
3.75,0,0,125,-43.154
3.775,0,0,125,-43.0186
3.8,0,0,125,-42.8836
3.825,0,0,125,-42.7489
3.85,0,0,125,-42.6147
3.875,0,0,125,-42.4809
3.9,0,0,125,-42.3477
3.925,0,0,125,-42.2151
3.95,0,0,125,-42.0832
3.975,0,0,125,-41.9519
4,0,0,125,-41.8214
4.025,0,0,125,-41.6917
4.05,0,0,125,-41.5629
4.075,0,0,125,-41.4351
4.1,0,0,125,-41.3083
4.125,0,0,125,-41.1826
4.15,0,0,125,-41.0582
4.175,0,0,125,-40.935
4.2,0,0,125,-40.8133
4.225,0,0,125,-40.693
4.25,0,0,125,-40.5742
4.275,0,0,125,-40.4571
4.3,0,0,125,-40.3418
4.325,0,0,125,-40.2284
4.35,0,0,125,-40.1169
4.375,0,0,125,-40.0076
4.4,0,0,125,-39.9004
4.425,0,0,125,-39.7956
4.45,0,0,125,-39.6933
4.475,0,0,125,-39.5935
4.5,0,0,125,-39.4965
4.525,0,0,125,-39.4024
4.55,0,0,125,-39.3112
4.575,0,0,125,-39.2233
4.6,0,0,125,-39.1386
4.625,0,0,125,-39.0574
4.65,0,0,125,-38.9799
4.675,0,0,125,-38.9061
4.7,0,0,125,-38.8364
4.725,0,0,125,-38.7708
4.75,0,0,125,-38.7096
4.775,0,0,125,-38.6529
4.8,0,0,125,-38.601
4.825,0,0,125,-38.5541
4.85,0,0,125,-38.5124
4.875,0,0,125,-38.476
4.9,0,0,125,-38.4453
4.925,0,0,125,-38.4204
4.95,0,0,125,-38.4015
4.975,0,0,125,-38.3889
5,0,0,125,-38.3825
