0,0,0,125,-27.2373
0.025,0,0,125,-27.2342
0.05,0,0,125,-27.228
0.075,0,0,125,-27.2188
0.1,0,0,125,-27.2065
0.125,0,0,125,-27.1913
0.15,0,0,125,-27.1733
0.175,0,0,125,-27.1527
0.2,0,0,125,-27.1296
0.225,0,0,125,-27.1042
0.25,0,0,125,-27.0765
0.275,0,0,125,-27.0468
0.3,0,0,125,-27.0151
0.325,0,0,125,-26.9816
0.35,0,0,125,-26.9462
0.375,0,0,125,-26.9092
0.4,0,0,125,-26.8706
0.425,0,0,125,-26.8305
0.45,0,0,125,-26.789
0.475,0,0,125,-26.7461
0.5,0,0,125,-26.7019
0.525,0,0,125,-26.6565
0.55,0,0,125,-26.61
0.575,0,0,125,-26.5624
0.6,0,0,125,-26.5139
0.625,0,0,125,-26.4643
0.65,0,0,125,-26.4139
0.675,0,0,125,-26.3627
0.7,0,0,125,-26.3107
0.725,0,0,125,-26.2579
0.75,0,0,125,-26.2045
0.775,0,0,125,-26.1505
0.8,0,0,125,-26.0958
0.825,0,0,125,-26.0407
0.85,0,0,125,-25.985
0.875,0,0,125,-25.9289
0.9,0,0,125,-25.8724
0.925,0,0,125,-25.8155
0.95,0,0,125,-25.7583
0.975,0,0,125,-25.7007
1,0,0,125,-25.6429
1.025,0,0,125,-25.5848
1.05,0,0,125,-25.5266
1.075,0,0,125,-25.4681
1.1,0,0,125,-25.4095
1.125,0,0,125,-25.3507
1.15,0,0,125,-25.2919
1.175,0,0,125,-25.2329
1.2,0,0,125,-25.1739
1.225,0,0,125,-25.1149
1.25,0,0,125,-25.0559
1.275,0,0,125,-24.9968
1.3,0,0,125,-24.9378
1.325,0,0,125,-24.8788
1.35,0,0,125,-24.8199
1.375,0,0,125,-24.761
1.4,0,0,125,-24.7023
1.425,0,0,125,-24.6436
1.45,0,0,125,-24.5851
1.475,0,0,125,-24.5266
1.5,0,0,125,-24.4684
1.525,0,0,125,-24.4103
1.55,0,0,125,-24.3523
1.575,0,0,125,-24.2945
1.6,0,0,125,-24.2369
1.625,0,0,125,-24.1794
1.65,0,0,125,-24.1222
1.675,0,0,125,-24.0652
1.7,0,0,125,-24.0083
1.725,0,0,125,-23.9517
1.75,0,0,125,-23.8954
1.775,0,0,125,-23.8392
1.8,0,0,125,-23.7833
1.825,0,0,125,-23.7276
1.85,0,0,125,-23.6721
1.875,0,0,125,-23.6169
1.9,0,0,125,-23.562
1.925,0,0,125,-23.5073
1.95,0,0,125,-23.4528
1.975,0,0,125,-23.3986
2,0,0,125,-23.3447
2.025,0,0,125,-23.291
2.05,0,0,125,-23.2376
2.075,0,0,125,-23.1845
2.1,0,0,125,-23.1316
2.125,0,0,125,-23.0789
2.15,0,0,125,-23.0266
2.175,0,0,125,-22.9745
2.2,0,0,125,-22.9227
2.225,0,0,125,-22.8711
2.25,0,0,125,-22.8198
2.275,0,0,125,-22.7688
2.3,0,0,125,-22.718
2.325,0,0,125,-22.6675
2.35,0,0,125,-22.6173
2.375,0,0,125,-22.5674
2.4,0,0,125,-22.5177
2.425,0,0,125,-22.4682
2.45,0,0,125,-22.419
2.475,0,0,125,-22.3701
2.5,0,0,125,-22.3215
2.525,0,0,125,-22.273
2.55,0,0,125,-22.2249
2.575,0,0,125,-22.177
2.6,0,0,125,-22.1294
2.625,0,0,125,-22.082
2.65,0,0,125,-22.0348
2.675,0,0,125,-21.9879
2.7,0,0,125,-21.9413
2.725,0,0,125,-21.8949
2.75,0,0,125,-21.8487
2.775,0,0,125,-21.8028
2.8,0,0,125,-21.7571
2.825,0,0,125,-21.7117
2.85,0,0,125,-21.6665
2.875,0,0,125,-21.6215
2.9,0,0,125,-21.5768
2.925,0,0,125,-21.5323
2.95,0,0,125,-21.488
2.975,0,0,125,-21.444
3,0,0,125,-21.4002
3.025,0,0,125,-21.3566
3.05,0,0,125,-21.3132
3.075,0,0,125,-21.27
3.1,0,0,125,-21.2271
3.125,0,0,125,-21.1844
3.15,0,0,125,-21.1419
3.175,0,0,125,-21.0997
3.2,0,0,125,-21.0576
3.225,0,0,125,-21.0158
3.25,0,0,125,-20.9741
3.275,0,0,125,-20.9327
3.3,0,0,125,-20.8915
3.325,0,0,125,-20.8505
3.35,0,0,125,-20.8097
3.375,0,0,125,-20.7691
3.4,0,0,125,-20.7288
3.425,0,0,125,-20.6886
3.45,0,0,125,-20.6486
3.475,0,0,125,-20.6089
3.5,0,0,125,-20.5693
3.525,0,0,125,-20.53
3.55,0,0,125,-20.4909
3.575,0,0,125,-20.4519
3.6,0,0,125,-20.4132
3.625,0,0,125,-20.3747
3.65,0,0,125,-20.3364
3.675,0,0,125,-20.2982
3.7,0,0,125,-20.2603
3.725,0,0,125,-20.2226
3.75,0,0,125,-20.1852
3.775,0,0,125,-20.1479
3.8,0,0,125,-20.1108
3.825,0,0,125,-20.074
3.85,0,0,125,-20.0374
3.875,0,0,125,-20.001
3.9,0,0,125,-19.9648
3.925,0,0,125,-19.9288
3.95,0,0,125,-19.8931
3.975,0,0,125,-19.8577
4,0,0,125,-19.8224
4.025,0,0,125,-19.7874
4.05,0,0,125,-19.7527
4.075,0,0,125,-19.7183
4.1,0,0,125,-19.6841
4.125,0,0,125,-19.6502
4.15,0,0,125,-19.6165
4.175,0,0,125,-19.5832
4.2,0,0,125,-19.5502
4.225,0,0,125,-19.5175
4.25,0,0,125,-19.4851
4.275,0,0,125,-19.4531
4.3,0,0,125,-19.4215
4.325,0,0,125,-19.3903
4.35,0,0,125,-19.3594
4.375,0,0,125,-19.329
4.4,0,0,125,-19.299
4.425,0,0,125,-19.2696
4.45,0,0,125,-19.2406
4.475,0,0,125,-19.2121
4.5,0,0,125,-19.1843
4.525,0,0,125,-19.157
4.55,0,0,125,-19.1304
4.575,0,0,125,-19.1045
4.6,0,0,125,-19.0793
4.625,0,0,125,-19.0549
4.65,0,0,125,-19.0314
4.675,0,0,125,-19.0088
4.7,0,0,125,-18.9871
4.725,0,0,125,-18.9666
4.75,0,0,125,-18.9471
4.775,0,0,125,-18.9289
4.8,0,0,125,-18.9121
4.825,0,0,125,-18.8967
4.85,0,0,125,-18.8828
4.875,0,0,125,-18.8706
4.9,0,0,125,-18.8601
4.925,0,0,125,-18.8516
4.95,0,0,125,-18.8451
4.975,0,0,125,-18.8407
5,0,0,125,-18.8385
