0,0,0,25,-10.1024
0.005,0,0,25,-10.1023
0.01,0,0,25,-10.1021
0.015,0,0,25,-10.1018
0.02,0,0,25,-10.1015
0.025,0,0,25,-10.1011
0.03,0,0,25,-10.1006
0.035,0,0,25,-10.1
0.04,0,0,25,-10.0993
0.045,0,0,25,-10.0986
0.05,0,0,25,-10.0977
0.055,0,0,25,-10.0969
0.06,0,0,25,-10.0959
0.065,0,0,25,-10.0949
0.07,0,0,25,-10.0937
0.075,0,0,25,-10.0926
0.08,0,0,25,-10.0913
0.085,0,0,25,-10.09
0.09,0,0,25,-10.0886
0.095,0,0,25,-10.0872
0.1,0,0,25,-10.0857
0.105,0,0,25,-10.0842
0.11,0,0,25,-10.0826
0.115,0,0,25,-10.0809
0.12,0,0,25,-10.0792
0.125,0,0,25,-10.0774
0.13,0,0,25,-10.0756
0.135,0,0,25,-10.0737
0.14,0,0,25,-10.0718
0.145,0,0,25,-10.0698
0.15,0,0,25,-10.0678
0.155,0,0,25,-10.0657
0.16,0,0,25,-10.0636
0.165,0,0,25,-10.0614
0.17,0,0,25,-10.0592
0.175,0,0,25,-10.0569
0.18,0,0,25,-10.0547
0.185,0,0,25,-10.0523
0.19,0,0,25,-10.05
0.195,0,0,25,-10.0475
0.2,0,0,25,-10.0451
0.205,0,0,25,-10.0426
0.21,0,0,25,-10.0401
0.215,0,0,25,-10.0376
0.22,0,0,25,-10.035
0.225,0,0,25,-10.0323
0.23,0,0,25,-10.0297
0.235,0,0,25,-10.027
0.24,0,0,25,-10.0243
0.245,0,0,25,-10.0216
0.25,0,0,25,-10.0188
0.255,0,0,25,-10.016
0.26,0,0,25,-10.0132
0.265,0,0,25,-10.0103
0.27,0,0,25,-10.0074
0.275,0,0,25,-10.0045
0.28,0,0,25,-10.0016
0.285,0,0,25,-9.99866
0.29,0,0,25,-9.99568
0.295,0,0,25,-9.99268
0.3,0,0,25,-9.98966
0.305,0,0,25,-9.98662
0.31,0,0,25,-9.98356
0.315,0,0,25,-9.98047
0.32,0,0,25,-9.97737
0.325,0,0,25,-9.97425
0.33,0,0,25,-9.97111
0.335,0,0,25,-9.96795
0.34,0,0,25,-9.96477
0.345,0,0,25,-9.96157
0.35,0,0,25,-9.95836
0.355,0,0,25,-9.95513
0.36,0,0,25,-9.95189
0.365,0,0,25,-9.94863
0.37,0,0,25,-9.94535
0.375,0,0,25,-9.94206
0.38,0,0,25,-9.93876
0.385,0,0,25,-9.93544
0.39,0,0,25,-9.93211
0.395,0,0,25,-9.92876
0.4,0,0,25,-9.92541
0.405,0,0,25,-9.92204
0.41,0,0,25,-9.91865
0.415,0,0,25,-9.91526
0.42,0,0,25,-9.91186
0.425,0,0,25,-9.90844
0.43,0,0,25,-9.90502
0.435,0,0,25,-9.90158
0.44,0,0,25,-9.89813
0.445,0,0,25,-9.89468
0.45,0,0,25,-9.89121
0.455,0,0,25,-9.88774
0.46,0,0,25,-9.88425
0.465,0,0,25,-9.88076
0.47,0,0,25,-9.87726
0.475,0,0,25,-9.87375
0.48,0,0,25,-9.87023
0.485,0,0,25,-9.86671
0.49,0,0,25,-9.86318
0.495,0,0,25,-9.85964
0.5,0,0,25,-9.8561
0.505,0,0,25,-9.85254
0.51,0,0,25,-9.84899
0.515,0,0,25,-9.84542
0.52,0,0,25,-9.84185
0.525,0,0,25,-9.83828
0.53,0,0,25,-9.83469
0.535,0,0,25,-9.83111
0.54,0,0,25,-9.82752
0.545,0,0,25,-9.82392
0.55,0,0,25,-9.82032
0.555,0,0,25,-9.81671
0.56,0,0,25,-9.8131
0.565,0,0,25,-9.80948
0.57,0,0,25,-9.80586
0.575,0,0,25,-9.80224
0.58,0,0,25,-9.79861
0.585,0,0,25,-9.79498
0.59,0,0,25,-9.79134
0.595,0,0,25,-9.7877
0.6,0,0,25,-9.78406
0.605,0,0,25,-9.78042
0.61,0,0,25,-9.77677
0.615,0,0,25,-9.77312
0.62,0,0,25,-9.76946
0.625,0,0,25,-9.76581
0.63,0,0,25,-9.76215
0.635,0,0,25,-9.75849
0.64,0,0,25,-9.75482
0.645,0,0,25,-9.75116
0.65,0,0,25,-9.74749
0.655,0,0,25,-9.74382
0.66,0,0,25,-9.74015
0.665,0,0,25,-9.73647
0.67,0,0,25,-9.7328
0.675,0,0,25,-9.72912
0.68,0,0,25,-9.72544
0.685,0,0,25,-9.72176
0.69,0,0,25,-9.71808
0.695,0,0,25,-9.71439
0.7,0,0,25,-9.71071
0.705,0,0,25,-9.70702
0.71,0,0,25,-9.70334
0.715,0,0,25,-9.69965
0.72,0,0,25,-9.69596
0.725,0,0,25,-9.69227
0.73,0,0,25,-9.68858
0.735,0,0,25,-9.68489
0.74,0,0,25,-9.6812
0.745,0,0,25,-9.6775
0.75,0,0,25,-9.67381
0.755,0,0,25,-9.67012
0.76,0,0,25,-9.66642
0.765,0,0,25,-9.66273
0.77,0,0,25,-9.65904
0.775,0,0,25,-9.65534
0.78,0,0,25,-9.65164
0.785,0,0,25,-9.64795
0.79,0,0,25,-9.64425
0.795,0,0,25,-9.64056
0.8,0,0,25,-9.63686
0.805,0,0,25,-9.63317
0.81,0,0,25,-9.62947
0.815,0,0,25,-9.62577
0.82,0,0,25,-9.62208
0.825,0,0,25,-9.61838
0.83,0,0,25,-9.61469
0.835,0,0,25,-9.61099
0.84,0,0,25,-9.6073
0.845,0,0,25,-9.6036
0.85,0,0,25,-9.59991
0.855,0,0,25,-9.59622
0.86,0,0,25,-9.59252
0.865,0,0,25,-9.58883
0.87,0,0,25,-9.58514
0.875,0,0,25,-9.58144
0.88,0,0,25,-9.57775
0.885,0,0,25,-9.57406
0.89,0,0,25,-9.57037
0.895,0,0,25,-9.56668
0.9,0,0,25,-9.56299
0.905,0,0,25,-9.5593
0.91,0,0,25,-9.55561
0.915,0,0,25,-9.55192
0.92,0,0,25,-9.54824
0.925,0,0,25,-9.54455
0.93,0,0,25,-9.54086
0.935,0,0,25,-9.53718
0.94,0,0,25,-9.5335
0.945,0,0,25,-9.52981
0.95,0,0,25,-9.52613
0.955,0,0,25,-9.52245
0.96,0,0,25,-9.51877
0.965,0,0,25,-9.51508
0.97,0,0,25,-9.5114
0.975,0,0,25,-9.50773
0.98,0,0,25,-9.50405
0.985,0,0,25,-9.50037
0.99,0,0,25,-9.49669
0.995,0,0,25,-9.49302
1,0,0,25,-9.48934
1.005,0,0,25,-9.48567
1.01,0,0,25,-9.482
1.015,0,0,25,-9.47832
1.02,0,0,25,-9.47465
1.025,0,0,25,-9.47098
1.03,0,0,25,-9.46731
1.035,0,0,25,-9.46365
1.04,0,0,25,-9.45998
1.045,0,0,25,-9.45631
1.05,0,0,25,-9.45265
1.055,0,0,25,-9.44898
1.06,0,0,25,-9.44532
1.065,0,0,25,-9.44166
1.07,0,0,25,-9.43799
1.075,0,0,25,-9.43433
1.08,0,0,25,-9.43067
1.085,0,0,25,-9.42702
1.09,0,0,25,-9.42336
1.095,0,0,25,-9.4197
1.1,0,0,25,-9.41605
1.105,0,0,25,-9.41239
1.11,0,0,25,-9.40874
1.115,0,0,25,-9.40508
1.12,0,0,25,-9.40143
1.125,0,0,25,-9.39778
1.13,0,0,25,-9.39413
1.135,0,0,25,-9.39048
1.14,0,0,25,-9.38684
1.145,0,0,25,-9.38319
1.15,0,0,25,-9.37954
1.155,0,0,25,-9.3759
1.16,0,0,25,-9.37225
1.165,0,0,25,-9.36861
1.17,0,0,25,-9.36497
1.175,0,0,25,-9.36133
1.18,0,0,25,-9.35769
1.185,0,0,25,-9.35405
1.19,0,0,25,-9.35041
1.195,0,0,25,-9.34678
1.2,0,0,25,-9.34314
1.205,0,0,25,-9.33951
1.21,0,0,25,-9.33587
1.215,0,0,25,-9.33224
1.22,0,0,25,-9.32861
1.225,0,0,25,-9.32498
1.23,0,0,25,-9.32135
1.235,0,0,25,-9.31772
1.24,0,0,25,-9.31409
1.245,0,0,25,-9.31047
1.25,0,0,25,-9.30684
1.255,0,0,25,-9.30322
1.26,0,0,25,-9.2996
1.265,0,0,25,-9.29597
1.27,0,0,25,-9.29235
1.275,0,0,25,-9.28873
1.28,0,0,25,-9.28511
1.285,0,0,25,-9.28149
1.29,0,0,25,-9.27788
1.295,0,0,25,-9.27426
1.3,0,0,25,-9.27064
1.305,0,0,25,-9.26703
1.31,0,0,25,-9.26342
1.315,0,0,25,-9.2598
1.32,0,0,25,-9.25619
1.325,0,0,25,-9.25258
1.33,0,0,25,-9.24897
1.335,0,0,25,-9.24536
1.34,0,0,25,-9.24176
1.345,0,0,25,-9.23815
1.35,0,0,25,-9.23454
1.355,0,0,25,-9.23094
1.36,0,0,25,-9.22733
1.365,0,0,25,-9.22373
1.37,0,0,25,-9.22013
1.375,0,0,25,-9.21653
1.38,0,0,25,-9.21293
1.385,0,0,25,-9.20933
1.39,0,0,25,-9.20573
1.395,0,0,25,-9.20213
1.4,0,0,25,-9.19854
1.405,0,0,25,-9.19494
1.41,0,0,25,-9.19135
1.415,0,0,25,-9.18775
1.42,0,0,25,-9.18416
1.425,0,0,25,-9.18057
1.43,0,0,25,-9.17698
1.435,0,0,25,-9.17339
1.44,0,0,25,-9.1698
1.445,0,0,25,-9.16621
1.45,0,0,25,-9.16262
1.455,0,0,25,-9.15904
1.46,0,0,25,-9.15545
1.465,0,0,25,-9.15187
1.47,0,0,25,-9.14828
1.475,0,0,25,-9.1447
1.48,0,0,25,-9.14112
1.485,0,0,25,-9.13754
1.49,0,0,25,-9.13396
1.495,0,0,25,-9.13038
1.5,0,0,25,-9.1268
1.505,0,0,25,-9.12322
1.51,0,0,25,-9.11965
1.515,0,0,25,-9.11607
1.52,0,0,25,-9.1125
1.525,0,0,25,-9.10892
1.53,0,0,25,-9.10535
1.535,0,0,25,-9.10178
1.54,0,0,25,-9.09821
1.545,0,0,25,-9.09463
1.55,0,0,25,-9.09107
1.555,0,0,25,-9.0875
1.56,0,0,25,-9.08393
1.565,0,0,25,-9.08036
1.57,0,0,25,-9.07679
1.575,0,0,25,-9.07323
1.58,0,0,25,-9.06966
1.585,0,0,25,-9.0661
1.59,0,0,25,-9.06254
1.595,0,0,25,-9.05897
1.6,0,0,25,-9.05541
1.605,0,0,25,-9.05185
1.61,0,0,25,-9.04829
1.615,0,0,25,-9.04473
1.62,0,0,25,-9.04117
1.625,0,0,25,-9.03762
1.63,0,0,25,-9.03406
1.635,0,0,25,-9.0305
1.64,0,0,25,-9.02695
1.645,0,0,25,-9.02339
1.65,0,0,25,-9.01984
1.655,0,0,25,-9.01629
1.66,0,0,25,-9.01274
1.665,0,0,25,-9.00918
1.67,0,0,25,-9.00563
1.675,0,0,25,-9.00208
1.68,0,0,25,-8.99853
1.685,0,0,25,-8.99499
1.69,0,0,25,-8.99144
1.695,0,0,25,-8.98789
1.7,0,0,25,-8.98435
1.705,0,0,25,-8.9808
1.71,0,0,25,-8.97726
1.715,0,0,25,-8.97371
1.72,0,0,25,-8.97017
1.725,0,0,25,-8.96663
1.73,0,0,25,-8.96309
1.735,0,0,25,-8.95955
1.74,0,0,25,-8.95601
1.745,0,0,25,-8.95247
1.75,0,0,25,-8.94893
1.755,0,0,25,-8.94539
1.76,0,0,25,-8.94185
1.765,0,0,25,-8.93832
1.77,0,0,25,-8.93478
1.775,0,0,25,-8.93125
1.78,0,0,25,-8.92771
1.785,0,0,25,-8.92418
1.79,0,0,25,-8.92065
1.795,0,0,25,-8.91711
1.8,0,0,25,-8.91358
1.805,0,0,25,-8.91005
1.81,0,0,25,-8.90652
1.815,0,0,25,-8.90299
1.82,0,0,25,-8.89947
1.825,0,0,25,-8.89594
1.83,0,0,25,-8.89241
1.835,0,0,25,-8.88888
1.84,0,0,25,-8.88536
1.845,0,0,25,-8.88183
1.85,0,0,25,-8.87831
1.855,0,0,25,-8.87479
1.86,0,0,25,-8.87126
1.865,0,0,25,-8.86774
1.87,0,0,25,-8.86422
1.875,0,0,25,-8.8607
1.88,0,0,25,-8.85718
1.885,0,0,25,-8.85366
1.89,0,0,25,-8.85014
1.895,0,0,25,-8.84662
1.9,0,0,25,-8.84311
1.905,0,0,25,-8.83959
1.91,0,0,25,-8.83607
1.915,0,0,25,-8.83256
1.92,0,0,25,-8.82904
1.925,0,0,25,-8.82553
1.93,0,0,25,-8.82202
1.935,0,0,25,-8.8185
1.94,0,0,25,-8.81499
1.945,0,0,25,-8.81148
1.95,0,0,25,-8.80797
1.955,0,0,25,-8.80446
1.96,0,0,25,-8.80095
1.965,0,0,25,-8.79744
1.97,0,0,25,-8.79393
1.975,0,0,25,-8.79043
1.98,0,0,25,-8.78692
1.985,0,0,25,-8.78341
1.99,0,0,25,-8.77991
1.995,0,0,25,-8.7764
2,0,0,25,-8.7729
2.005,0,0,25,-8.76939
2.01,0,0,25,-8.76589
2.015,0,0,25,-8.76239
2.02,0,0,25,-8.75889
2.025,0,0,25,-8.75539
2.03,0,0,25,-8.75189
2.035,0,0,25,-8.74839
2.04,0,0,25,-8.74489
2.045,0,0,25,-8.74139
2.05,0,0,25,-8.73789
2.055,0,0,25,-8.7344
2.06,0,0,25,-8.7309
2.065,0,0,25,-8.7274
2.07,0,0,25,-8.72391
2.075,0,0,25,-8.72041
2.08,0,0,25,-8.71692
2.085,0,0,25,-8.71343
2.09,0,0,25,-8.70993
2.095,0,0,25,-8.70644
2.1,0,0,25,-8.70295
2.105,0,0,25,-8.69946
2.11,0,0,25,-8.69597
2.115,0,0,25,-8.69248
2.12,0,0,25,-8.68899
2.125,0,0,25,-8.6855
2.13,0,0,25,-8.68201
2.135,0,0,25,-8.67853
2.14,0,0,25,-8.67504
2.145,0,0,25,-8.67155
2.15,0,0,25,-8.66807
2.155,0,0,25,-8.66458
2.16,0,0,25,-8.6611
2.165,0,0,25,-8.65762
2.17,0,0,25,-8.65413
2.175,0,0,25,-8.65065
2.18,0,0,25,-8.64717
2.185,0,0,25,-8.64369
2.19,0,0,25,-8.64021
2.195,0,0,25,-8.63673
2.2,0,0,25,-8.63325
2.205,0,0,25,-8.62977
2.21,0,0,25,-8.62629
2.215,0,0,25,-8.62281
2.22,0,0,25,-8.61934
2.225,0,0,25,-8.61586
2.23,0,0,25,-8.61239
2.235,0,0,25,-8.60891
2.24,0,0,25,-8.60544
2.245,0,0,25,-8.60196
2.25,0,0,25,-8.59849
2.255,0,0,25,-8.59502
2.26,0,0,25,-8.59154
2.265,0,0,25,-8.58807
2.27,0,0,25,-8.5846
2.275,0,0,25,-8.58113
2.28,0,0,25,-8.57766
2.285,0,0,25,-8.57419
2.29,0,0,25,-8.57072
2.295,0,0,25,-8.56726
2.3,0,0,25,-8.56379
2.305,0,0,25,-8.56032
2.31,0,0,25,-8.55686
2.315,0,0,25,-8.55339
2.32,0,0,25,-8.54992
2.325,0,0,25,-8.54646
2.33,0,0,25,-8.543
2.335,0,0,25,-8.53953
2.34,0,0,25,-8.53607
2.345,0,0,25,-8.53261
2.35,0,0,25,-8.52915
2.355,0,0,25,-8.52569
2.36,0,0,25,-8.52222
2.365,0,0,25,-8.51877
2.37,0,0,25,-8.51531
2.375,0,0,25,-8.51185
2.38,0,0,25,-8.50839
2.385,0,0,25,-8.50493
2.39,0,0,25,-8.50147
2.395,0,0,25,-8.49802
2.4,0,0,25,-8.49456
2.405,0,0,25,-8.49111
2.41,0,0,25,-8.48765
2.415,0,0,25,-8.4842
2.42,0,0,25,-8.48074
2.425,0,0,25,-8.47729
2.43,0,0,25,-8.47384
2.435,0,0,25,-8.47039
2.44,0,0,25,-8.46694
2.445,0,0,25,-8.46348
2.45,0,0,25,-8.46003
2.455,0,0,25,-8.45658
2.46,0,0,25,-8.45314
2.465,0,0,25,-8.44969
2.47,0,0,25,-8.44624
2.475,0,0,25,-8.44279
2.48,0,0,25,-8.43934
2.485,0,0,25,-8.4359
2.49,0,0,25,-8.43245
2.495,0,0,25,-8.42901
2.5,0,0,25,-8.42556
2.505,0,0,25,-8.42212
2.51,0,0,25,-8.41867
2.515,0,0,25,-8.41523
2.52,0,0,25,-8.41179
2.525,0,0,25,-8.40835
2.53,0,0,25,-8.40491
2.535,0,0,25,-8.40146
2.54,0,0,25,-8.39802
2.545,0,0,25,-8.39459
2.55,0,0,25,-8.39115
2.555,0,0,25,-8.38771
2.56,0,0,25,-8.38427
2.565,0,0,25,-8.38083
2.57,0,0,25,-8.37739
2.575,0,0,25,-8.37396
2.58,0,0,25,-8.37052
2.585,0,0,25,-8.36709
2.59,0,0,25,-8.36365
2.595,0,0,25,-8.36022
2.6,0,0,25,-8.35678
2.605,0,0,25,-8.35335
2.61,0,0,25,-8.34992
2.615,0,0,25,-8.34649
2.62,0,0,25,-8.34306
2.625,0,0,25,-8.33962
2.63,0,0,25,-8.33619
2.635,0,0,25,-8.33276
2.64,0,0,25,-8.32934
2.645,0,0,25,-8.32591
2.65,0,0,25,-8.32248
2.655,0,0,25,-8.31905
2.66,0,0,25,-8.31562
2.665,0,0,25,-8.3122
2.67,0,0,25,-8.30877
2.675,0,0,25,-8.30534
2.68,0,0,25,-8.30192
2.685,0,0,25,-8.29849
2.69,0,0,25,-8.29507
2.695,0,0,25,-8.29165
2.7,0,0,25,-8.28822
2.705,0,0,25,-8.2848
2.71,0,0,25,-8.28138
2.715,0,0,25,-8.27796
2.72,0,0,25,-8.27454
2.725,0,0,25,-8.27112
2.73,0,0,25,-8.2677
2.735,0,0,25,-8.26428
2.74,0,0,25,-8.26086
2.745,0,0,25,-8.25744
2.75,0,0,25,-8.25402
2.755,0,0,25,-8.25061
2.76,0,0,25,-8.24719
2.765,0,0,25,-8.24377
2.77,0,0,25,-8.24036
2.775,0,0,25,-8.23694
2.78,0,0,25,-8.23353
2.785,0,0,25,-8.23012
2.79,0,0,25,-8.2267
2.795,0,0,25,-8.22329
2.8,0,0,25,-8.21988
2.805,0,0,25,-8.21646
2.81,0,0,25,-8.21305
2.815,0,0,25,-8.20964
2.82,0,0,25,-8.20623
2.825,0,0,25,-8.20282
2.83,0,0,25,-8.19941
2.835,0,0,25,-8.196
2.84,0,0,25,-8.19259
2.845,0,0,25,-8.18919
2.85,0,0,25,-8.18578
2.855,0,0,25,-8.18237
2.86,0,0,25,-8.17897
2.865,0,0,25,-8.17556
2.87,0,0,25,-8.17216
2.875,0,0,25,-8.16875
2.88,0,0,25,-8.16535
2.885,0,0,25,-8.16194
2.89,0,0,25,-8.15854
2.895,0,0,25,-8.15514
2.9,0,0,25,-8.15173
2.905,0,0,25,-8.14833
2.91,0,0,25,-8.14493
2.915,0,0,25,-8.14153
2.92,0,0,25,-8.13813
2.925,0,0,25,-8.13473
2.93,0,0,25,-8.13133
2.935,0,0,25,-8.12793
2.94,0,0,25,-8.12453
2.945,0,0,25,-8.12114
2.95,0,0,25,-8.11774
2.955,0,0,25,-8.11434
2.96,0,0,25,-8.11095
2.965,0,0,25,-8.10755
2.97,0,0,25,-8.10415
2.975,0,0,25,-8.10076
2.98,0,0,25,-8.09737
2.985,0,0,25,-8.09397
2.99,0,0,25,-8.09058
2.995,0,0,25,-8.08719
3,0,0,25,-8.08379
3.005,0,0,25,-8.0804
3.01,0,0,25,-8.07701
3.015,0,0,25,-8.07362
3.02,0,0,25,-8.07023
3.025,0,0,25,-8.06684
3.03,0,0,25,-8.06345
3.035,0,0,25,-8.06006
3.04,0,0,25,-8.05667
3.045,0,0,25,-8.05328
3.05,0,0,25,-8.04989
3.055,0,0,25,-8.04651
3.06,0,0,25,-8.04312
3.065,0,0,25,-8.03973
3.07,0,0,25,-8.03635
3.075,0,0,25,-8.03296
3.08,0,0,25,-8.02958
3.085,0,0,25,-8.02619
3.09,0,0,25,-8.02281
3.095,0,0,25,-8.01943
3.1,0,0,25,-8.01604
3.105,0,0,25,-8.01266
3.11,0,0,25,-8.00928
3.115,0,0,25,-8.0059
3.12,0,0,25,-8.00252
3.125,0,0,25,-7.99914
3.13,0,0,25,-7.99576
3.135,0,0,25,-7.99238
3.14,0,0,25,-7.989
3.145,0,0,25,-7.98562
3.15,0,0,25,-7.98224
3.155,0,0,25,-7.97886
3.16,0,0,25,-7.97548
3.165,0,0,25,-7.97211
3.17,0,0,25,-7.96873
3.175,0,0,25,-7.96535
3.18,0,0,25,-7.96198
3.185,0,0,25,-7.9586
3.19,0,0,25,-7.95523
3.195,0,0,25,-7.95185
3.2,0,0,25,-7.94848
3.205,0,0,25,-7.9451
3.21,0,0,25,-7.94173
3.215,0,0,25,-7.93836
3.22,0,0,25,-7.93499
3.225,0,0,25,-7.93161
3.23,0,0,25,-7.92824
3.235,0,0,25,-7.92487
3.24,0,0,25,-7.9215
3.245,0,0,25,-7.91813
3.25,0,0,25,-7.91476
3.255,0,0,25,-7.91139
3.26,0,0,25,-7.90802
3.265,0,0,25,-7.90465
3.27,0,0,25,-7.90129
3.275,0,0,25,-7.89792
3.28,0,0,25,-7.89455
3.285,0,0,25,-7.89118
3.29,0,0,25,-7.88782
3.295,0,0,25,-7.88445
3.3,0,0,25,-7.88108
3.305,0,0,25,-7.87772
3.31,0,0,25,-7.87435
3.315,0,0,25,-7.87099
3.32,0,0,25,-7.86763
3.325,0,0,25,-7.86426
3.33,0,0,25,-7.8609
3.335,0,0,25,-7.85754
3.34,0,0,25,-7.85417
3.345,0,0,25,-7.85081
3.35,0,0,25,-7.84745
3.355,0,0,25,-7.84409
3.36,0,0,25,-7.84073
3.365,0,0,25,-7.83737
3.37,0,0,25,-7.83401
3.375,0,0,25,-7.83065
3.38,0,0,25,-7.82729
3.385,0,0,25,-7.82393
3.39,0,0,25,-7.82057
3.395,0,0,25,-7.81721
3.4,0,0,25,-7.81385
3.405,0,0,25,-7.81049
3.41,0,0,25,-7.80713
3.415,0,0,25,-7.80378
3.42,0,0,25,-7.80042
3.425,0,0,25,-7.79706
3.43,0,0,25,-7.79371
3.435,0,0,25,-7.79035
3.44,0,0,25,-7.787
3.445,0,0,25,-7.78364
3.45,0,0,25,-7.78029
3.455,0,0,25,-7.77693
3.46,0,0,25,-7.77358
3.465,0,0,25,-7.77022
3.47,0,0,25,-7.76687
3.475,0,0,25,-7.76352
3.48,0,0,25,-7.76016
3.485,0,0,25,-7.75681
3.49,0,0,25,-7.75346
3.495,0,0,25,-7.75011
3.5,0,0,25,-7.74676
3.505,0,0,25,-7.7434
3.51,0,0,25,-7.74005
3.515,0,0,25,-7.7367
3.52,0,0,25,-7.73335
3.525,0,0,25,-7.73
3.53,0,0,25,-7.72665
3.535,0,0,25,-7.7233
3.54,0,0,25,-7.71995
3.545,0,0,25,-7.7166
3.55,0,0,25,-7.71326
3.555,0,0,25,-7.70991
3.56,0,0,25,-7.70656
3.565,0,0,25,-7.70321
3.57,0,0,25,-7.69986
3.575,0,0,25,-7.69651
3.58,0,0,25,-7.69317
3.585,0,0,25,-7.68982
3.59,0,0,25,-7.68647
3.595,0,0,25,-7.68313
3.6,0,0,25,-7.67978
3.605,0,0,25,-7.67644
3.61,0,0,25,-7.67309
3.615,0,0,25,-7.66974
3.62,0,0,25,-7.6664
3.625,0,0,25,-7.66305
3.63,0,0,25,-7.65971
3.635,0,0,25,-7.65637
3.64,0,0,25,-7.65302
3.645,0,0,25,-7.64968
3.65,0,0,25,-7.64633
3.655,0,0,25,-7.64299
3.66,0,0,25,-7.63965
3.665,0,0,25,-7.6363
3.67,0,0,25,-7.63296
3.675,0,0,25,-7.62962
3.68,0,0,25,-7.62627
3.685,0,0,25,-7.62293
3.69,0,0,25,-7.61959
3.695,0,0,25,-7.61625
3.7,0,0,25,-7.61291
3.705,0,0,25,-7.60956
3.71,0,0,25,-7.60622
3.715,0,0,25,-7.60288
3.72,0,0,25,-7.59954
3.725,0,0,25,-7.5962
3.73,0,0,25,-7.59286
3.735,0,0,25,-7.58952
3.74,0,0,25,-7.58618
3.745,0,0,25,-7.58284
3.75,0,0,25,-7.5795
3.755,0,0,25,-7.57616
3.76,0,0,25,-7.57282
3.765,0,0,25,-7.56948
3.77,0,0,25,-7.56614
3.775,0,0,25,-7.5628
3.78,0,0,25,-7.55946
3.785,0,0,25,-7.55612
3.79,0,0,25,-7.55278
3.795,0,0,25,-7.54945
3.8,0,0,25,-7.54611
3.805,0,0,25,-7.54277
3.81,0,0,25,-7.53943
3.815,0,0,25,-7.53609
3.82,0,0,25,-7.53276
3.825,0,0,25,-7.52942
3.83,0,0,25,-7.52608
3.835,0,0,25,-7.52274
3.84,0,0,25,-7.5194
3.845,0,0,25,-7.51607
3.85,0,0,25,-7.51273
3.855,0,0,25,-7.50939
3.86,0,0,25,-7.50606
3.865,0,0,25,-7.50272
3.87,0,0,25,-7.49938
3.875,0,0,25,-7.49605
3.88,0,0,25,-7.49271
3.885,0,0,25,-7.48937
3.89,0,0,25,-7.48604
3.895,0,0,25,-7.4827
3.9,0,0,25,-7.47937
3.905,0,0,25,-7.47603
3.91,0,0,25,-7.47269
3.915,0,0,25,-7.46936
3.92,0,0,25,-7.46602
3.925,0,0,25,-7.46269
3.93,0,0,25,-7.45935
3.935,0,0,25,-7.45602
3.94,0,0,25,-7.45268
3.945,0,0,25,-7.44935
3.95,0,0,25,-7.44601
3.955,0,0,25,-7.44268
3.96,0,0,25,-7.43934
3.965,0,0,25,-7.43601
3.97,0,0,25,-7.43268
3.975,0,0,25,-7.42934
3.98,0,0,25,-7.42601
3.985,0,0,25,-7.42268
3.99,0,0,25,-7.41934
3.995,0,0,25,-7.41601
4,0,0,25,-7.41268
4.005,0,0,25,-7.40934
4.01,0,0,25,-7.40601
4.015,0,0,25,-7.40268
4.02,0,0,25,-7.39934
4.025,0,0,25,-7.39601
4.03,0,0,25,-7.39268
4.035,0,0,25,-7.38935
4.04,0,0,25,-7.38602
4.045,0,0,25,-7.38269
4.05,0,0,25,-7.37935
4.055,0,0,25,-7.37602
4.06,0,0,25,-7.37269
4.065,0,0,25,-7.36936
4.07,0,0,25,-7.36603
4.075,0,0,25,-7.3627
4.08,0,0,25,-7.35937
4.085,0,0,25,-7.35604
4.09,0,0,25,-7.35271
4.095,0,0,25,-7.34939
4.1,0,0,25,-7.34606
4.105,0,0,25,-7.34273
4.11,0,0,25,-7.3394
4.115,0,0,25,-7.33608
4.12,0,0,25,-7.33275
4.125,0,0,25,-7.32942
4.13,0,0,25,-7.3261
4.135,0,0,25,-7.32277
4.14,0,0,25,-7.31945
4.145,0,0,25,-7.31612
4.15,0,0,25,-7.3128
4.155,0,0,25,-7.30947
4.16,0,0,25,-7.30615
4.165,0,0,25,-7.30283
4.17,0,0,25,-7.29951
4.175,0,0,25,-7.29619
4.18,0,0,25,-7.29287
4.185,0,0,25,-7.28955
4.19,0,0,25,-7.28623
4.195,0,0,25,-7.28291
4.2,0,0,25,-7.27959
4.205,0,0,25,-7.27628
4.21,0,0,25,-7.27296
4.215,0,0,25,-7.26965
4.22,0,0,25,-7.26633
4.225,0,0,25,-7.26302
4.23,0,0,25,-7.25971
4.235,0,0,25,-7.2564
4.24,0,0,25,-7.25309
4.245,0,0,25,-7.24978
4.25,0,0,25,-7.24647
4.255,0,0,25,-7.24317
4.26,0,0,25,-7.23986
4.265,0,0,25,-7.23656
4.27,0,0,25,-7.23326
4.275,0,0,25,-7.22996
4.28,0,0,25,-7.22666
4.285,0,0,25,-7.22336
4.29,0,0,25,-7.22006
4.295,0,0,25,-7.21677
4.3,0,0,25,-7.21347
4.305,0,0,25,-7.21018
4.31,0,0,25,-7.20689
4.315,0,0,25,-7.2036
4.32,0,0,25,-7.20032
4.325,0,0,25,-7.19703
4.33,0,0,25,-7.19375
4.335,0,0,25,-7.19047
4.34,0,0,25,-7.1872
4.345,0,0,25,-7.18392
4.35,0,0,25,-7.18065
4.355,0,0,25,-7.17738
4.36,0,0,25,-7.17411
4.365,0,0,25,-7.17084
4.37,0,0,25,-7.16758
4.375,0,0,25,-7.16432
4.38,0,0,25,-7.16107
4.385,0,0,25,-7.15781
4.39,0,0,25,-7.15456
4.395,0,0,25,-7.15131
4.4,0,0,25,-7.14807
4.405,0,0,25,-7.14483
4.41,0,0,25,-7.14159
4.415,0,0,25,-7.13836
4.42,0,0,25,-7.13513
4.425,0,0,25,-7.1319
4.43,0,0,25,-7.12868
4.435,0,0,25,-7.12546
4.44,0,0,25,-7.12225
4.445,0,0,25,-7.11904
4.45,0,0,25,-7.11584
4.455,0,0,25,-7.11264
4.46,0,0,25,-7.10945
4.465,0,0,25,-7.10626
4.47,0,0,25,-7.10307
4.475,0,0,25,-7.09989
4.48,0,0,25,-7.09672
4.485,0,0,25,-7.09355
4.49,0,0,25,-7.09039
4.495,0,0,25,-7.08724
4.5,0,0,25,-7.08409
4.505,0,0,25,-7.08095
4.51,0,0,25,-7.07781
4.515,0,0,25,-7.07468
4.52,0,0,25,-7.07156
4.525,0,0,25,-7.06844
4.53,0,0,25,-7.06534
4.535,0,0,25,-7.06224
4.54,0,0,25,-7.05915
4.545,0,0,25,-7.05606
4.55,0,0,25,-7.05299
4.555,0,0,25,-7.04992
4.56,0,0,25,-7.04687
4.565,0,0,25,-7.04382
4.57,0,0,25,-7.04078
4.575,0,0,25,-7.03776
4.58,0,0,25,-7.03474
4.585,0,0,25,-7.03173
4.59,0,0,25,-7.02873
4.595,0,0,25,-7.02575
4.6,0,0,25,-7.02278
4.605,0,0,25,-7.01981
4.61,0,0,25,-7.01686
4.615,0,0,25,-7.01393
4.62,0,0,25,-7.011
4.625,0,0,25,-7.00809
4.63,0,0,25,-7.00519
4.635,0,0,25,-7.00231
4.64,0,0,25,-6.99944
4.645,0,0,25,-6.99658
4.65,0,0,25,-6.99374
4.655,0,0,25,-6.99092
4.66,0,0,25,-6.98811
4.665,0,0,25,-6.98532
4.67,0,0,25,-6.98254
4.675,0,0,25,-6.97978
4.68,0,0,25,-6.97704
4.685,0,0,25,-6.97432
4.69,0,0,25,-6.97162
4.695,0,0,25,-6.96893
4.7,0,0,25,-6.96627
4.705,0,0,25,-6.96363
4.71,0,0,25,-6.96101
4.715,0,0,25,-6.9584
4.72,0,0,25,-6.95583
4.725,0,0,25,-6.95327
4.73,0,0,25,-6.95074
4.735,0,0,25,-6.94823
4.74,0,0,25,-6.94575
4.745,0,0,25,-6.94329
4.75,0,0,25,-6.94086
4.755,0,0,25,-6.93845
4.76,0,0,25,-6.93607
4.765,0,0,25,-6.93372
4.77,0,0,25,-6.9314
4.775,0,0,25,-6.92911
4.78,0,0,25,-6.92685
4.785,0,0,25,-6.92462
4.79,0,0,25,-6.92242
4.795,0,0,25,-6.92026
4.8,0,0,25,-6.91812
4.805,0,0,25,-6.91603
4.81,0,0,25,-6.91396
4.815,0,0,25,-6.91194
4.82,0,0,25,-6.90995
4.825,0,0,25,-6.908
4.83,0,0,25,-6.90609
4.835,0,0,25,-6.90421
4.84,0,0,25,-6.90238
4.845,0,0,25,-6.90059
4.85,0,0,25,-6.89884
4.855,0,0,25,-6.89714
4.86,0,0,25,-6.89548
4.865,0,0,25,-6.89387
4.87,0,0,25,-6.8923
4.875,0,0,25,-6.89078
4.88,0,0,25,-6.88931
4.885,0,0,25,-6.88789
4.89,0,0,25,-6.88652
4.895,0,0,25,-6.8852
4.9,0,0,25,-6.88393
4.905,0,0,25,-6.88272
4.91,0,0,25,-6.88155
4.915,0,0,25,-6.88045
4.92,0,0,25,-6.8794
4.925,0,0,25,-6.87841
4.93,0,0,25,-6.87747
4.935,0,0,25,-6.8766
4.94,0,0,25,-6.87578
4.945,0,0,25,-6.87503
4.95,0,0,25,-6.87433
4.955,0,0,25,-6.8737
4.96,0,0,25,-6.87312
4.965,0,0,25,-6.87261
4.97,0,0,25,-6.87216
4.975,0,0,25,-6.87178
4.98,0,0,25,-6.87146
4.985,0,0,25,-6.8712
4.99,0,0,25,-6.87101
4.995,0,0,25,-6.87088
5,0,0,25,-6.87082
