0,0,0,125,-78.1623
0.025,0,0,125,-78.1615
0.05,0,0,125,-78.1599
0.075,0,0,125,-78.1575
0.1,0,0,125,-78.1542
0.125,0,0,125,-78.1502
0.15,0,0,125,-78.1454
0.175,0,0,125,-78.1399
0.2,0,0,125,-78.1337
0.225,0,0,125,-78.1267
0.25,0,0,125,-78.1191
0.275,0,0,125,-78.1108
0.3,0,0,125,-78.1018
0.325,0,0,125,-78.0922
0.35,0,0,125,-78.082
0.375,0,0,125,-78.0711
0.4,0,0,125,-78.0596
0.425,0,0,125,-78.0474
0.45,0,0,125,-78.0347
0.475,0,0,125,-78.0213
0.5,0,0,125,-78.0073
0.525,0,0,125,-77.9927
0.55,0,0,125,-77.9775
0.575,0,0,125,-77.9617
0.6,0,0,125,-77.9453
0.625,0,0,125,-77.9283
0.65,0,0,125,-77.9107
0.675,0,0,125,-77.8924
0.7,0,0,125,-77.8736
0.725,0,0,125,-77.8542
0.75,0,0,125,-77.8342
0.775,0,0,125,-77.8135
0.8,0,0,125,-77.7923
0.825,0,0,125,-77.7705
0.85,0,0,125,-77.748
0.875,0,0,125,-77.725
0.9,0,0,125,-77.7013
0.925,0,0,125,-77.6771
0.95,0,0,125,-77.6522
0.975,0,0,125,-77.6267
1,0,0,125,-77.6006
1.025,0,0,125,-77.5738
1.05,0,0,125,-77.5465
1.075,0,0,125,-77.5185
1.1,0,0,125,-77.4899
1.125,0,0,125,-77.4607
1.15,0,0,125,-77.4308
1.175,0,0,125,-77.4003
1.2,0,0,125,-77.3692
1.225,0,0,125,-77.3375
1.25,0,0,125,-77.3051
1.275,0,0,125,-77.2721
1.3,0,0,125,-77.2385
1.325,0,0,125,-77.2042
1.35,0,0,125,-77.1693
1.375,0,0,125,-77.1337
1.4,0,0,125,-77.0975
1.425,0,0,125,-77.0607
1.45,0,0,125,-77.0232
1.475,0,0,125,-76.9851
1.5,0,0,125,-76.9463
1.525,0,0,125,-76.9069
1.55,0,0,125,-76.8669
1.575,0,0,125,-76.8262
1.6,0,0,125,-76.7848
1.625,0,0,125,-76.7429
1.65,0,0,125,-76.7002
1.675,0,0,125,-76.6569
1.7,0,0,125,-76.613
1.725,0,0,125,-76.5685
1.75,0,0,125,-76.5232
1.775,0,0,125,-76.4774
1.8,0,0,125,-76.4309
1.825,0,0,125,-76.3839
1.85,0,0,125,-76.3361
1.875,0,0,125,-76.2878
1.9,0,0,125,-76.2388
1.925,0,0,125,-76.1893
1.95,0,0,125,-76.139
1.975,0,0,125,-76.0882
2,0,0,125,-76.0368
2.025,0,0,125,-75.9847
2.05,0,0,125,-75.932
2.075,0,0,125,-75.8788
2.1,0,0,125,-75.825
2.125,0,0,125,-75.7706
2.15,0,0,125,-75.7156
2.175,0,0,125,-75.6601
2.2,0,0,125,-75.604
2.225,0,0,125,-75.5473
2.25,0,0,125,-75.4901
2.275,0,0,125,-75.4324
2.3,0,0,125,-75.3741
2.325,0,0,125,-75.3153
2.35,0,0,125,-75.256
2.375,0,0,125,-75.1962
2.4,0,0,125,-75.1359
2.425,0,0,125,-75.0751
2.45,0,0,125,-75.0139
2.475,0,0,125,-74.9522
2.5,0,0,125,-74.89
2.525,0,0,125,-74.8274
2.55,0,0,125,-74.7644
2.575,0,0,125,-74.7009
2.6,0,0,125,-74.6371
2.625,0,0,125,-74.5728
2.65,0,0,125,-74.5082
2.675,0,0,125,-74.4433
2.7,0,0,125,-74.378
2.725,0,0,125,-74.3123
2.75,0,0,125,-74.2464
2.775,0,0,125,-74.1801
2.8,0,0,125,-74.1136
2.825,0,0,125,-74.0468
2.85,0,0,125,-73.9798
2.875,0,0,125,-73.9126
2.9,0,0,125,-73.8451
2.925,0,0,125,-73.7774
2.95,0,0,125,-73.7096
2.975,0,0,125,-73.6416
3,0,0,125,-73.5735
3.025,0,0,125,-73.5053
3.05,0,0,125,-73.4369
3.075,0,0,125,-73.3685
3.1,0,0,125,-73.3001
3.125,0,0,125,-73.2316
3.15,0,0,125,-73.1631
3.175,0,0,125,-73.0946
3.2,0,0,125,-73.0262
3.225,0,0,125,-72.9578
3.25,0,0,125,-72.8895
3.275,0,0,125,-72.8213
3.3,0,0,125,-72.7532
3.325,0,0,125,-72.6853
3.35,0,0,125,-72.6176
3.375,0,0,125,-72.55
3.4,0,0,125,-72.4826
3.425,0,0,125,-72.4155
3.45,0,0,125,-72.3487
3.475,0,0,125,-72.2822
3.5,0,0,125,-72.2159
3.525,0,0,125,-72.15
3.55,0,0,125,-72.0845
3.575,0,0,125,-72.0194
3.6,0,0,125,-71.9547
3.625,0,0,125,-71.8904
3.65,0,0,125,-71.8266
3.675,0,0,125,-71.7633
3.7,0,0,125,-71.7005
3.725,0,0,125,-71.6382
3.75,0,0,125,-71.5765
3.775,0,0,125,-71.5154
3.8,0,0,125,-71.4549
3.825,0,0,125,-71.395
3.85,0,0,125,-71.3358
3.875,0,0,125,-71.2773
3.9,0,0,125,-71.2195
3.925,0,0,125,-71.1625
3.95,0,0,125,-71.1062
3.975,0,0,125,-71.0507
4,0,0,125,-70.996
4.025,0,0,125,-70.9421
4.05,0,0,125,-70.8891
4.075,0,0,125,-70.837
4.1,0,0,125,-70.7858
4.125,0,0,125,-70.7356
4.15,0,0,125,-70.6862
4.175,0,0,125,-70.6379
4.2,0,0,125,-70.5906
4.225,0,0,125,-70.5443
4.25,0,0,125,-70.499
4.275,0,0,125,-70.4548
4.3,0,0,125,-70.4117
4.325,0,0,125,-70.3697
4.35,0,0,125,-70.3289
4.375,0,0,125,-70.2892
4.4,0,0,125,-70.2507
4.425,0,0,125,-70.2134
4.45,0,0,125,-70.1774
4.475,0,0,125,-70.1426
4.5,0,0,125,-70.1091
4.525,0,0,125,-70.0769
4.55,0,0,125,-70.046
4.575,0,0,125,-70.0165
4.6,0,0,125,-69.9884
4.625,0,0,125,-69.9617
4.65,0,0,125,-69.9364
4.675,0,0,125,-69.9125
4.7,0,0,125,-69.8902
4.725,0,0,125,-69.8694
4.75,0,0,125,-69.8501
4.775,0,0,125,-69.8324
4.8,0,0,125,-69.8164
4.825,0,0,125,-69.802
4.85,0,0,125,-69.7892
4.875,0,0,125,-69.7782
4.9,0,0,125,-69.769
4.925,0,0,125,-69.7615
4.95,0,0,125,-69.7559
4.975,0,0,125,-69.7522
5,0,0,125,-69.7503
