0,0,0,125,-36.5604
0.025,0,0,125,-36.5549
0.05,0,0,125,-36.5438
0.075,0,0,125,-36.5273
0.1,0,0,125,-36.5053
0.125,0,0,125,-36.478
0.15,0,0,125,-36.4457
0.175,0,0,125,-36.4087
0.2,0,0,125,-36.3671
0.225,0,0,125,-36.3213
0.25,0,0,125,-36.2715
0.275,0,0,125,-36.2178
0.3,0,0,125,-36.1605
0.325,0,0,125,-36.0997
0.35,0,0,125,-36.0356
0.375,0,0,125,-35.9683
0.4,0,0,125,-35.8981
0.425,0,0,125,-35.8251
0.45,0,0,125,-35.7494
0.475,0,0,125,-35.6712
0.5,0,0,125,-35.5906
0.525,0,0,125,-35.5078
0.55,0,0,125,-35.4228
0.575,0,0,125,-35.3358
0.6,0,0,125,-35.247
0.625,0,0,125,-35.1564
0.65,0,0,125,-35.0642
0.675,0,0,125,-34.9704
0.7,0,0,125,-34.8753
0.725,0,0,125,-34.7788
0.75,0,0,125,-34.6811
0.775,0,0,125,-34.5822
0.8,0,0,125,-34.4824
0.825,0,0,125,-34.3816
0.85,0,0,125,-34.28
0.875,0,0,125,-34.1776
0.9,0,0,125,-34.0746
0.925,0,0,125,-33.971
0.95,0,0,125,-33.8668
0.975,0,0,125,-33.7623
1,0,0,125,-33.6573
1.025,0,0,125,-33.5521
1.05,0,0,125,-33.4467
1.075,0,0,125,-33.3411
1.1,0,0,125,-33.2354
1.125,0,0,125,-33.1296
1.15,0,0,125,-33.0239
1.175,0,0,125,-32.9183
1.2,0,0,125,-32.8128
1.225,0,0,125,-32.7074
1.25,0,0,125,-32.6023
1.275,0,0,125,-32.4974
1.3,0,0,125,-32.3929
1.325,0,0,125,-32.2887
1.35,0,0,125,-32.1849
1.375,0,0,125,-32.0815
1.4,0,0,125,-31.9785
1.425,0,0,125,-31.876
1.45,0,0,125,-31.7741
1.475,0,0,125,-31.6727
1.5,0,0,125,-31.5718
1.525,0,0,125,-31.4716
1.55,0,0,125,-31.3719
1.575,0,0,125,-31.2729
1.6,0,0,125,-31.1745
1.625,0,0,125,-31.0768
1.65,0,0,125,-30.9797
1.675,0,0,125,-30.8833
1.7,0,0,125,-30.7877
1.725,0,0,125,-30.6927
1.75,0,0,125,-30.5984
1.775,0,0,125,-30.5049
1.8,0,0,125,-30.412
1.825,0,0,125,-30.3199
1.85,0,0,125,-30.2285
1.875,0,0,125,-30.1379
1.9,0,0,125,-30.0479
1.925,0,0,125,-29.9587
1.95,0,0,125,-29.8702
1.975,0,0,125,-29.7824
2,0,0,125,-29.6954
2.025,0,0,125,-29.609
2.05,0,0,125,-29.5234
2.075,0,0,125,-29.4384
2.1,0,0,125,-29.3542
2.125,0,0,125,-29.2706
2.15,0,0,125,-29.1877
2.175,0,0,125,-29.1055
2.2,0,0,125,-29.0239
2.225,0,0,125,-28.943
2.25,0,0,125,-28.8627
2.275,0,0,125,-28.783
2.3,0,0,125,-28.704
2.325,0,0,125,-28.6255
2.35,0,0,125,-28.5477
2.375,0,0,125,-28.4704
2.4,0,0,125,-28.3937
2.425,0,0,125,-28.3175
2.45,0,0,125,-28.2419
2.475,0,0,125,-28.1668
2.5,0,0,125,-28.0923
2.525,0,0,125,-28.0182
2.55,0,0,125,-27.9446
2.575,0,0,125,-27.8716
2.6,0,0,125,-27.7989
2.625,0,0,125,-27.7268
2.65,0,0,125,-27.655
2.675,0,0,125,-27.5837
2.7,0,0,125,-27.5128
2.725,0,0,125,-27.4423
2.75,0,0,125,-27.3722
2.775,0,0,125,-27.3025
2.8,0,0,125,-27.2331
2.825,0,0,125,-27.1641
2.85,0,0,125,-27.0954
2.875,0,0,125,-27.027
2.9,0,0,125,-26.9589
2.925,0,0,125,-26.8911
2.95,0,0,125,-26.8236
2.975,0,0,125,-26.7564
3,0,0,125,-26.6894
3.025,0,0,125,-26.6227
3.05,0,0,125,-26.5562
3.075,0,0,125,-26.4899
3.1,0,0,125,-26.4238
3.125,0,0,125,-26.3579
3.15,0,0,125,-26.2922
3.175,0,0,125,-26.2267
3.2,0,0,125,-26.1613
3.225,0,0,125,-26.0961
3.25,0,0,125,-26.031
3.275,0,0,125,-25.966
3.3,0,0,125,-25.9012
3.325,0,0,125,-25.8365
3.35,0,0,125,-25.7718
3.375,0,0,125,-25.7073
3.4,0,0,125,-25.6429
3.425,0,0,125,-25.5785
3.45,0,0,125,-25.5142
3.475,0,0,125,-25.45
3.5,0,0,125,-25.3858
3.525,0,0,125,-25.3217
3.55,0,0,125,-25.2576
3.575,0,0,125,-25.1936
3.6,0,0,125,-25.1296
3.625,0,0,125,-25.0657
3.65,0,0,125,-25.0017
3.675,0,0,125,-24.9379
3.7,0,0,125,-24.874
3.725,0,0,125,-24.8102
3.75,0,0,125,-24.7463
3.775,0,0,125,-24.6825
3.8,0,0,125,-24.6188
3.825,0,0,125,-24.5551
3.85,0,0,125,-24.4914
3.875,0,0,125,-24.4277
3.9,0,0,125,-24.3641
3.925,0,0,125,-24.3006
3.95,0,0,125,-24.2371
3.975,0,0,125,-24.1737
4,0,0,125,-24.1104
4.025,0,0,125,-24.0472
4.05,0,0,125,-23.9841
4.075,0,0,125,-23.9212
4.1,0,0,125,-23.8584
4.125,0,0,125,-23.7958
4.15,0,0,125,-23.7334
4.175,0,0,125,-23.6713
4.2,0,0,125,-23.6094
4.225,0,0,125,-23.5479
4.25,0,0,125,-23.4866
4.275,0,0,125,-23.4258
4.3,0,0,125,-23.3653
4.325,0,0,125,-23.3054
4.35,0,0,125,-23.2459
4.375,0,0,125,-23.1871
4.4,0,0,125,-23.1288
4.425,0,0,125,-23.0713
4.45,0,0,125,-23.0145
4.475,0,0,125,-22.9586
4.5,0,0,125,-22.9037
4.525,0,0,125,-22.8497
4.55,0,0,125,-22.7969
4.575,0,0,125,-22.7453
4.6,0,0,125,-22.695
4.625,0,0,125,-22.6462
4.65,0,0,125,-22.599
4.675,0,0,125,-22.5536
4.7,0,0,125,-22.51
4.725,0,0,125,-22.4685
4.75,0,0,125,-22.4292
4.775,0,0,125,-22.3924
4.8,0,0,125,-22.3582
4.825,0,0,125,-22.3269
4.85,0,0,125,-22.2987
4.875,0,0,125,-22.2739
4.9,0,0,125,-22.2527
4.925,0,0,125,-22.2353
4.95,0,0,125,-22.2221
4.975,0,0,125,-22.2131
5,0,0,125,-22.2086
