0,0,0,125,-25.882
0.025,0,0,125,-25.879
0.05,0,0,125,-25.8731
0.075,0,0,125,-25.8644
0.1,0,0,125,-25.8527
0.125,0,0,125,-25.8383
0.15,0,0,125,-25.8213
0.175,0,0,125,-25.8017
0.2,0,0,125,-25.7799
0.225,0,0,125,-25.7559
0.25,0,0,125,-25.7299
0.275,0,0,125,-25.702
0.3,0,0,125,-25.6722
0.325,0,0,125,-25.6408
0.35,0,0,125,-25.6077
0.375,0,0,125,-25.5731
0.4,0,0,125,-25.5371
0.425,0,0,125,-25.4997
0.45,0,0,125,-25.4611
0.475,0,0,125,-25.4212
0.5,0,0,125,-25.3803
0.525,0,0,125,-25.3383
0.55,0,0,125,-25.2953
0.575,0,0,125,-25.2513
0.6,0,0,125,-25.2065
0.625,0,0,125,-25.1609
0.65,0,0,125,-25.1145
0.675,0,0,125,-25.0674
0.7,0,0,125,-25.0197
0.725,0,0,125,-24.9713
0.75,0,0,125,-24.9224
0.775,0,0,125,-24.873
0.8,0,0,125,-24.8231
0.825,0,0,125,-24.7727
0.85,0,0,125,-24.7219
0.875,0,0,125,-24.6708
0.9,0,0,125,-24.6194
0.925,0,0,125,-24.5676
0.95,0,0,125,-24.5156
0.975,0,0,125,-24.4633
1,0,0,125,-24.4109
1.025,0,0,125,-24.3582
1.05,0,0,125,-24.3054
1.075,0,0,125,-24.2525
1.1,0,0,125,-24.1995
1.125,0,0,125,-24.1463
1.15,0,0,125,-24.0932
1.175,0,0,125,-24.0399
1.2,0,0,125,-23.9867
1.225,0,0,125,-23.9334
1.25,0,0,125,-23.8802
1.275,0,0,125,-23.8269
1.3,0,0,125,-23.7737
1.325,0,0,125,-23.7206
1.35,0,0,125,-23.6676
1.375,0,0,125,-23.6146
1.4,0,0,125,-23.5617
1.425,0,0,125,-23.5089
1.45,0,0,125,-23.4563
1.475,0,0,125,-23.4037
1.5,0,0,125,-23.3513
1.525,0,0,125,-23.299
1.55,0,0,125,-23.2469
1.575,0,0,125,-23.195
1.6,0,0,125,-23.1432
1.625,0,0,125,-23.0916
1.65,0,0,125,-23.0402
1.675,0,0,125,-22.9889
1.7,0,0,125,-22.9378
1.725,0,0,125,-22.887
1.75,0,0,125,-22.8363
1.775,0,0,125,-22.7858
1.8,0,0,125,-22.7356
1.825,0,0,125,-22.6855
1.85,0,0,125,-22.6357
1.875,0,0,125,-22.586
1.9,0,0,125,-22.5366
1.925,0,0,125,-22.4874
1.95,0,0,125,-22.4384
1.975,0,0,125,-22.3897
2,0,0,125,-22.3412
2.025,0,0,125,-22.2928
2.05,0,0,125,-22.2448
2.075,0,0,125,-22.1969
2.1,0,0,125,-22.1493
2.125,0,0,125,-22.1018
2.15,0,0,125,-22.0547
2.175,0,0,125,-22.0077
2.2,0,0,125,-21.961
2.225,0,0,125,-21.9145
2.25,0,0,125,-21.8682
2.275,0,0,125,-21.8222
2.3,0,0,125,-21.7763
2.325,0,0,125,-21.7307
2.35,0,0,125,-21.6853
2.375,0,0,125,-21.6402
2.4,0,0,125,-21.5952
2.425,0,0,125,-21.5505
2.45,0,0,125,-21.506
2.475,0,0,125,-21.4617
2.5,0,0,125,-21.4177
2.525,0,0,125,-21.3738
2.55,0,0,125,-21.3302
2.575,0,0,125,-21.2868
2.6,0,0,125,-21.2436
2.625,0,0,125,-21.2006
2.65,0,0,125,-21.1578
2.675,0,0,125,-21.1152
2.7,0,0,125,-21.0728
2.725,0,0,125,-21.0306
2.75,0,0,125,-20.9887
2.775,0,0,125,-20.9469
2.8,0,0,125,-20.9053
2.825,0,0,125,-20.864
2.85,0,0,125,-20.8228
2.875,0,0,125,-20.7818
2.9,0,0,125,-20.741
2.925,0,0,125,-20.7004
2.95,0,0,125,-20.66
2.975,0,0,125,-20.6198
3,0,0,125,-20.5798
3.025,0,0,125,-20.54
3.05,0,0,125,-20.5003
3.075,0,0,125,-20.4609
3.1,0,0,125,-20.4216
3.125,0,0,125,-20.3825
3.15,0,0,125,-20.3436
3.175,0,0,125,-20.3048
3.2,0,0,125,-20.2663
3.225,0,0,125,-20.2279
3.25,0,0,125,-20.1897
3.275,0,0,125,-20.1517
3.3,0,0,125,-20.1138
3.325,0,0,125,-20.0762
3.35,0,0,125,-20.0387
3.375,0,0,125,-20.0013
3.4,0,0,125,-19.9642
3.425,0,0,125,-19.9272
3.45,0,0,125,-19.8903
3.475,0,0,125,-19.8537
3.5,0,0,125,-19.8172
3.525,0,0,125,-19.7809
3.55,0,0,125,-19.7448
3.575,0,0,125,-19.7088
3.6,0,0,125,-19.673
3.625,0,0,125,-19.6374
3.65,0,0,125,-19.6019
3.675,0,0,125,-19.5667
3.7,0,0,125,-19.5315
3.725,0,0,125,-19.4966
3.75,0,0,125,-19.4618
3.775,0,0,125,-19.4272
3.8,0,0,125,-19.3928
3.825,0,0,125,-19.3586
3.85,0,0,125,-19.3246
3.875,0,0,125,-19.2907
3.9,0,0,125,-19.257
3.925,0,0,125,-19.2235
3.95,0,0,125,-19.1902
3.975,0,0,125,-19.1572
4,0,0,125,-19.1243
4.025,0,0,125,-19.0916
4.05,0,0,125,-19.0591
4.075,0,0,125,-19.0269
4.1,0,0,125,-18.9949
4.125,0,0,125,-18.9631
4.15,0,0,125,-18.9316
4.175,0,0,125,-18.9003
4.2,0,0,125,-18.8693
4.225,0,0,125,-18.8386
4.25,0,0,125,-18.8081
4.275,0,0,125,-18.778
4.3,0,0,125,-18.7482
4.325,0,0,125,-18.7187
4.35,0,0,125,-18.6896
4.375,0,0,125,-18.6608
4.4,0,0,125,-18.6325
4.425,0,0,125,-18.6045
4.45,0,0,125,-18.577
4.475,0,0,125,-18.55
4.5,0,0,125,-18.5236
4.525,0,0,125,-18.4976
4.55,0,0,125,-18.4723
4.575,0,0,125,-18.4476
4.6,0,0,125,-18.4235
4.625,0,0,125,-18.4002
4.65,0,0,125,-18.3777
4.675,0,0,125,-18.356
4.7,0,0,125,-18.3353
4.725,0,0,125,-18.3156
4.75,0,0,125,-18.2969
4.775,0,0,125,-18.2794
4.8,0,0,125,-18.2631
4.825,0,0,125,-18.2482
4.85,0,0,125,-18.2348
4.875,0,0,125,-18.223
4.9,0,0,125,-18.2129
4.925,0,0,125,-18.2047
4.95,0,0,125,-18.1984
4.975,0,0,125,-18.1941
5,0,0,125,-18.192
