0,0,0,125,-2.13437
0.025,0,0,125,-2.11812
0.05,0,0,125,-2.08562
0.075,0,0,125,-2.03691
0.1,0,0,125,-1.97206
0.125,0,0,125,-1.89123
0.15,0,0,125,-1.7947
0.175,0,0,125,-1.68295
0.2,0,0,125,-1.55633
0.225,0,0,125,-1.41512
0.25,0,0,125,-1.25957
0.275,0,0,125,-1.08988
0.3,0,0,125,-0.906249
0.325,0,0,125,-0.708828
0.35,0,0,125,-0.497766
0.375,0,0,125,-0.273193
0.4,0,0,125,-0.035228
0.425,0,0,125,0.216025
0.45,0,0,125,0.48047
0.475,0,0,125,0.758019
0.5,0,0,125,1.04859
0.525,0,0,125,1.35211
0.55,0,0,125,1.66851
0.575,0,0,125,1.99772
0.6,0,0,125,2.33968
0.625,0,0,125,2.69432
0.65,0,0,125,3.06158
0.675,0,0,125,3.44139
0.7,0,0,125,3.8337
0.725,0,0,125,4.23842
0.75,0,0,125,4.65548
0.775,0,0,125,5.0848
0.8,0,0,125,5.52631
0.825,0,0,125,5.97991
0.85,0,0,125,6.4455
0.875,0,0,125,6.92297
0.9,0,0,125,7.41221
0.925,0,0,125,7.91309
0.95,0,0,125,8.42549
0.975,0,0,125,8.94924
1,0,0,125,9.4842
1.025,0,0,125,10.0302
1.05,0,0,125,10.587
1.075,0,0,125,11.1545
1.1,0,0,125,11.7324
1.125,0,0,125,12.3206
1.15,0,0,125,12.9187
1.175,0,0,125,13.5265
1.2,0,0,125,14.1437
1.225,0,0,125,14.77
1.25,0,0,125,15.405
1.275,0,0,125,16.0485
1.3,0,0,125,16.7
1.325,0,0,125,17.3591
1.35,0,0,125,18.0253
1.375,0,0,125,18.6982
1.4,0,0,125,19.3772
1.425,0,0,125,20.0617
1.45,0,0,125,20.7511
1.475,0,0,125,21.4448
1.5,0,0,125,22.1418
1.525,0,0,125,22.8415
1.55,0,0,125,23.543
1.575,0,0,125,24.2452
1.6,0,0,125,24.9471
1.625,0,0,125,25.6477
1.65,0,0,125,26.3456
1.675,0,0,125,27.0396
1.7,0,0,125,27.7283
1.725,0,0,125,28.4102
1.75,0,0,125,29.0837
1.775,0,0,125,29.7472
1.8,0,0,125,30.399
1.825,0,0,125,31.0372
1.85,0,0,125,31.6602
1.875,0,0,125,32.266
1.9,0,0,125,32.8529
1.925,0,0,125,33.4189
1.95,0,0,125,33.9624
1.975,0,0,125,34.4816
2,0,0,125,34.975
2.025,0,0,125,35.4411
2.05,0,0,125,35.8786
2.075,0,0,125,36.2862
2.1,0,0,125,36.6628
2.125,0,0,125,37.0073
2.15,0,0,125,37.3185
2.175,0,0,125,37.5949
2.2,0,0,125,37.8343
2.225,0,0,125,38.0329
2.25,0,0,125,38.1846
2.275,0,0,125,38.2782
2.3,0,0,125,38.294
2.325,0,0,125,38.195
2.35,0,0,125,37.9113
2.375,0,0,125,37.3045
2.4,0,0,125,36.0909
2.425,0,0,125,33.6657
2.45,0,0,125,28.7246
2.475,0,0,125,18.7373
2.5,0,0,125,1.17699
2.525,0,0,125,-19.8913
2.55,0,0,125,-37.6894
2.575,0,0,125,-50.7782
2.6,0,0,125,-59.9574
2.625,0,0,125,-66.2786
2.65,0,0,125,-70.5954
2.675,0,0,125,-73.5295
2.7,0,0,125,-75.5172
2.725,0,0,125,-76.8597
2.75,0,0,125,-77.7634
2.775,0,0,125,-78.3693
2.8,0,0,125,-78.773
2.825,0,0,125,-79.0396
2.85,0,0,125,-79.2133
2.875,0,0,125,-79.324
2.9,0,0,125,-79.392
2.925,0,0,125,-79.4311
2.95,0,0,125,-79.4506
2.975,0,0,125,-79.4568
3,0,0,125,-79.4539
3.025,0,0,125,-79.4449
3.05,0,0,125,-79.4317
3.075,0,0,125,-79.4157
3.1,0,0,125,-79.3978
3.125,0,0,125,-79.3785
3.15,0,0,125,-79.3583
3.175,0,0,125,-79.3376
3.2,0,0,125,-79.3164
3.225,0,0,125,-79.295
3.25,0,0,125,-79.2734
3.275,0,0,125,-79.2517
3.3,0,0,125,-79.2299
3.325,0,0,125,-79.208
3.35,0,0,125,-79.1862
3.375,0,0,125,-79.1644
3.4,0,0,125,-79.1426
3.425,0,0,125,-79.1208
3.45,0,0,125,-79.0991
3.475,0,0,125,-79.0775
3.5,0,0,125,-79.056
3.525,0,0,125,-79.0345
3.55,0,0,125,-79.0131
3.575,0,0,125,-78.9919
3.6,0,0,125,-78.9707
3.625,0,0,125,-78.9497
3.65,0,0,125,-78.9288
3.675,0,0,125,-78.9081
3.7,0,0,125,-78.8874
3.725,0,0,125,-78.867
3.75,0,0,125,-78.8467
3.775,0,0,125,-78.8266
3.8,0,0,125,-78.8067
3.825,0,0,125,-78.7869
3.85,0,0,125,-78.7674
3.875,0,0,125,-78.748
3.9,0,0,125,-78.7289
3.925,0,0,125,-78.71
3.95,0,0,125,-78.6913
3.975,0,0,125,-78.6729
4,0,0,125,-78.6547
4.025,0,0,125,-78.6367
4.05,0,0,125,-78.6191
4.075,0,0,125,-78.6017
4.1,0,0,125,-78.5846
4.125,0,0,125,-78.5678
4.15,0,0,125,-78.5512
4.175,0,0,125,-78.535
4.2,0,0,125,-78.5191
4.225,0,0,125,-78.5035
4.25,0,0,125,-78.4882
4.275,0,0,125,-78.4733
4.3,0,0,125,-78.4586
4.325,0,0,125,-78.4444
4.35,0,0,125,-78.4305
4.375,0,0,125,-78.417
4.4,0,0,125,-78.4038
4.425,0,0,125,-78.391
4.45,0,0,125,-78.3787
4.475,0,0,125,-78.3667
4.5,0,0,125,-78.3551
4.525,0,0,125,-78.344
4.55,0,0,125,-78.3332
4.575,0,0,125,-78.3229
4.6,0,0,125,-78.3131
4.625,0,0,125,-78.3037
4.65,0,0,125,-78.2948
4.675,0,0,125,-78.2864
4.7,0,0,125,-78.2784
4.725,0,0,125,-78.271
4.75,0,0,125,-78.2641
4.775,0,0,125,-78.2577
4.8,0,0,125,-78.2519
4.825,0,0,125,-78.2467
4.85,0,0,125,-78.242
4.875,0,0,125,-78.238
4.9,0,0,125,-78.2345
4.925,0,0,125,-78.2318
4.95,0,0,125,-78.2297
4.975,0,0,125,-78.2283
5,0,0,125,-78.2275
