0,0,0,125,-17.4432
0.025,0,0,125,-17.4393
0.05,0,0,125,-17.4317
0.075,0,0,125,-17.4202
0.1,0,0,125,-17.4051
0.125,0,0,125,-17.3864
0.15,0,0,125,-17.3644
0.175,0,0,125,-17.3395
0.2,0,0,125,-17.3121
0.225,0,0,125,-17.2825
0.25,0,0,125,-17.2508
0.275,0,0,125,-17.2173
0.3,0,0,125,-17.1822
0.325,0,0,125,-17.1456
0.35,0,0,125,-17.1077
0.375,0,0,125,-17.0687
0.4,0,0,125,-17.0286
0.425,0,0,125,-16.9876
0.45,0,0,125,-16.9458
0.475,0,0,125,-16.9033
0.5,0,0,125,-16.8601
0.525,0,0,125,-16.8164
0.55,0,0,125,-16.7722
0.575,0,0,125,-16.7275
0.6,0,0,125,-16.6825
0.625,0,0,125,-16.6372
0.65,0,0,125,-16.5915
0.675,0,0,125,-16.5456
0.7,0,0,125,-16.4995
0.725,0,0,125,-16.4532
0.75,0,0,125,-16.4068
0.775,0,0,125,-16.3602
0.8,0,0,125,-16.3135
0.825,0,0,125,-16.2667
0.85,0,0,125,-16.2198
0.875,0,0,125,-16.1729
0.9,0,0,125,-16.1258
0.925,0,0,125,-16.0787
0.95,0,0,125,-16.0316
0.975,0,0,125,-15.9844
1,0,0,125,-15.9372
1.025,0,0,125,-15.8899
1.05,0,0,125,-15.8426
1.075,0,0,125,-15.7952
1.1,0,0,125,-15.7478
1.125,0,0,125,-15.7004
1.15,0,0,125,-15.6528
1.175,0,0,125,-15.6053
1.2,0,0,125,-15.5577
1.225,0,0,125,-15.51
1.25,0,0,125,-15.4622
1.275,0,0,125,-15.4144
1.3,0,0,125,-15.3665
1.325,0,0,125,-15.3185
1.35,0,0,125,-15.2704
1.375,0,0,125,-15.2222
1.4,0,0,125,-15.1739
1.425,0,0,125,-15.1255
1.45,0,0,125,-15.077
1.475,0,0,125,-15.0283
1.5,0,0,125,-14.9794
1.525,0,0,125,-14.9304
1.55,0,0,125,-14.8813
1.575,0,0,125,-14.832
1.6,0,0,125,-14.7824
1.625,0,0,125,-14.7327
1.65,0,0,125,-14.6828
1.675,0,0,125,-14.6326
1.7,0,0,125,-14.5823
1.725,0,0,125,-14.5316
1.75,0,0,125,-14.4808
1.775,0,0,125,-14.4296
1.8,0,0,125,-14.3782
1.825,0,0,125,-14.3265
1.85,0,0,125,-14.2745
1.875,0,0,125,-14.2222
1.9,0,0,125,-14.1696
1.925,0,0,125,-14.1166
1.95,0,0,125,-14.0632
1.975,0,0,125,-14.0095
2,0,0,125,-13.9555
2.025,0,0,125,-13.901
2.05,0,0,125,-13.8461
2.075,0,0,125,-13.7908
2.1,0,0,125,-13.735
2.125,0,0,125,-13.6788
2.15,0,0,125,-13.6222
2.175,0,0,125,-13.565
2.2,0,0,125,-13.5074
2.225,0,0,125,-13.4492
2.25,0,0,125,-13.3905
2.275,0,0,125,-13.3312
2.3,0,0,125,-13.2714
2.325,0,0,125,-13.211
2.35,0,0,125,-13.15
2.375,0,0,125,-13.0884
2.4,0,0,125,-13.0261
2.425,0,0,125,-12.9632
2.45,0,0,125,-12.8996
2.475,0,0,125,-12.8353
2.5,0,0,125,-12.7703
2.525,0,0,125,-12.7045
2.55,0,0,125,-12.638
2.575,0,0,125,-12.5707
2.6,0,0,125,-12.5026
2.625,0,0,125,-12.4337
2.65,0,0,125,-12.3639
2.675,0,0,125,-12.2933
2.7,0,0,125,-12.2217
2.725,0,0,125,-12.1492
2.75,0,0,125,-12.0758
2.775,0,0,125,-12.0014
2.8,0,0,125,-11.9259
2.825,0,0,125,-11.8495
2.85,0,0,125,-11.772
2.875,0,0,125,-11.6933
2.9,0,0,125,-11.6136
2.925,0,0,125,-11.5327
2.95,0,0,125,-11.4506
2.975,0,0,125,-11.3672
3,0,0,125,-11.2826
3.025,0,0,125,-11.1967
3.05,0,0,125,-11.1095
3.075,0,0,125,-11.0209
3.1,0,0,125,-10.9309
3.125,0,0,125,-10.8394
3.15,0,0,125,-10.7464
3.175,0,0,125,-10.6519
3.2,0,0,125,-10.5557
3.225,0,0,125,-10.458
3.25,0,0,125,-10.3585
3.275,0,0,125,-10.2573
3.3,0,0,125,-10.1544
3.325,0,0,125,-10.0496
3.35,0,0,125,-9.94286
3.375,0,0,125,-9.83421
3.4,0,0,125,-9.72357
3.425,0,0,125,-9.61085
3.45,0,0,125,-9.49602
3.475,0,0,125,-9.379
3.5,0,0,125,-9.25972
3.525,0,0,125,-9.13813
3.55,0,0,125,-9.01416
3.575,0,0,125,-8.88773
3.6,0,0,125,-8.75877
3.625,0,0,125,-8.62721
3.65,0,0,125,-8.49299
3.675,0,0,125,-8.35601
3.7,0,0,125,-8.21621
3.725,0,0,125,-8.0735
3.75,0,0,125,-7.92782
3.775,0,0,125,-7.77908
3.8,0,0,125,-7.62721
3.825,0,0,125,-7.47213
3.85,0,0,125,-7.31376
3.875,0,0,125,-7.15205
3.9,0,0,125,-6.98691
3.925,0,0,125,-6.81829
3.95,0,0,125,-6.64613
3.975,0,0,125,-6.47037
4,0,0,125,-6.29098
4.025,0,0,125,-6.10792
4.05,0,0,125,-5.92117
4.075,0,0,125,-5.73073
4.1,0,0,125,-5.53661
4.125,0,0,125,-5.33882
4.15,0,0,125,-5.13742
4.175,0,0,125,-4.93248
4.2,0,0,125,-4.72409
4.225,0,0,125,-4.51238
4.25,0,0,125,-4.2975
4.275,0,0,125,-4.07964
4.3,0,0,125,-3.85904
4.325,0,0,125,-3.63596
4.35,0,0,125,-3.41071
4.375,0,0,125,-3.18366
4.4,0,0,125,-2.95523
4.425,0,0,125,-2.72586
4.45,0,0,125,-2.49609
4.475,0,0,125,-2.26649
4.5,0,0,125,-2.03769
4.525,0,0,125,-1.81037
4.55,0,0,125,-1.5853
4.575,0,0,125,-1.36326
4.6,0,0,125,-1.14512
4.625,0,0,125,-0.931791
4.65,0,0,125,-0.724219
4.675,0,0,125,-0.523404
4.7,0,0,125,-0.330379
4.725,0,0,125,-0.146205
4.75,0,0,125,0.0280372
4.775,0,0,125,0.191256
4.8,0,0,125,0.342355
4.825,0,0,125,0.480252
4.85,0,0,125,0.603881
4.875,0,0,125,0.712215
4.9,0,0,125,0.80428
4.925,0,0,125,0.879177
4.95,0,0,125,0.936118
4.975,0,0,125,0.974461
5,0,0,125,0.99375
