0,0,0,125,-18.2461
0.025,0,0,125,-18.2439
0.05,0,0,125,-18.2397
0.075,0,0,125,-18.2333
0.1,0,0,125,-18.2249
0.125,0,0,125,-18.2145
0.15,0,0,125,-18.2022
0.175,0,0,125,-18.1884
0.2,0,0,125,-18.173
0.225,0,0,125,-18.1564
0.25,0,0,125,-18.1385
0.275,0,0,125,-18.1196
0.3,0,0,125,-18.0997
0.325,0,0,125,-18.0788
0.35,0,0,125,-18.0572
0.375,0,0,125,-18.0348
0.4,0,0,125,-18.0117
0.425,0,0,125,-17.988
0.45,0,0,125,-17.9638
0.475,0,0,125,-17.9391
0.5,0,0,125,-17.9139
0.525,0,0,125,-17.8883
0.55,0,0,125,-17.8623
0.575,0,0,125,-17.836
0.6,0,0,125,-17.8095
0.625,0,0,125,-17.7826
0.65,0,0,125,-17.7555
0.675,0,0,125,-17.7283
0.7,0,0,125,-17.7008
0.725,0,0,125,-17.6732
0.75,0,0,125,-17.6454
0.775,0,0,125,-17.6175
0.8,0,0,125,-17.5895
0.825,0,0,125,-17.5614
0.85,0,0,125,-17.5333
0.875,0,0,125,-17.5051
0.9,0,0,125,-17.4768
0.925,0,0,125,-17.4485
0.95,0,0,125,-17.4202
0.975,0,0,125,-17.3919
1,0,0,125,-17.3635
1.025,0,0,125,-17.3352
1.05,0,0,125,-17.3068
1.075,0,0,125,-17.2785
1.1,0,0,125,-17.2502
1.125,0,0,125,-17.2219
1.15,0,0,125,-17.1937
1.175,0,0,125,-17.1654
1.2,0,0,125,-17.1373
1.225,0,0,125,-17.1091
1.25,0,0,125,-17.081
1.275,0,0,125,-17.0529
1.3,0,0,125,-17.0249
1.325,0,0,125,-16.997
1.35,0,0,125,-16.9691
1.375,0,0,125,-16.9412
1.4,0,0,125,-16.9134
1.425,0,0,125,-16.8857
1.45,0,0,125,-16.858
1.475,0,0,125,-16.8304
1.5,0,0,125,-16.8029
1.525,0,0,125,-16.7754
1.55,0,0,125,-16.7479
1.575,0,0,125,-16.7206
1.6,0,0,125,-16.6932
1.625,0,0,125,-16.666
1.65,0,0,125,-16.6388
1.675,0,0,125,-16.6117
1.7,0,0,125,-16.5847
1.725,0,0,125,-16.5577
1.75,0,0,125,-16.5308
1.775,0,0,125,-16.504
1.8,0,0,125,-16.4772
1.825,0,0,125,-16.4505
1.85,0,0,125,-16.4238
1.875,0,0,125,-16.3973
1.9,0,0,125,-16.3707
1.925,0,0,125,-16.3443
1.95,0,0,125,-16.3179
1.975,0,0,125,-16.2916
2,0,0,125,-16.2653
2.025,0,0,125,-16.2392
2.05,0,0,125,-16.213
2.075,0,0,125,-16.187
2.1,0,0,125,-16.161
2.125,0,0,125,-16.135
2.15,0,0,125,-16.1092
2.175,0,0,125,-16.0833
2.2,0,0,125,-16.0576
2.225,0,0,125,-16.0319
2.25,0,0,125,-16.0063
2.275,0,0,125,-15.9807
2.3,0,0,125,-15.9552
2.325,0,0,125,-15.9297
2.35,0,0,125,-15.9043
2.375,0,0,125,-15.879
2.4,0,0,125,-15.8537
2.425,0,0,125,-15.8285
2.45,0,0,125,-15.8034
2.475,0,0,125,-15.7783
2.5,0,0,125,-15.7532
2.525,0,0,125,-15.7283
2.55,0,0,125,-15.7033
2.575,0,0,125,-15.6785
2.6,0,0,125,-15.6536
2.625,0,0,125,-15.6289
2.65,0,0,125,-15.6042
2.675,0,0,125,-15.5795
2.7,0,0,125,-15.5549
2.725,0,0,125,-15.5304
2.75,0,0,125,-15.5059
2.775,0,0,125,-15.4814
2.8,0,0,125,-15.457
2.825,0,0,125,-15.4327
2.85,0,0,125,-15.4084
2.875,0,0,125,-15.3842
2.9,0,0,125,-15.36
2.925,0,0,125,-15.3359
2.95,0,0,125,-15.3118
2.975,0,0,125,-15.2877
3,0,0,125,-15.2638
3.025,0,0,125,-15.2398
3.05,0,0,125,-15.2159
3.075,0,0,125,-15.1921
3.1,0,0,125,-15.1683
3.125,0,0,125,-15.1445
3.15,0,0,125,-15.1208
3.175,0,0,125,-15.0972
3.2,0,0,125,-15.0736
3.225,0,0,125,-15.05
3.25,0,0,125,-15.0265
3.275,0,0,125,-15.003
3.3,0,0,125,-14.9796
3.325,0,0,125,-14.9562
3.35,0,0,125,-14.9329
3.375,0,0,125,-14.9095
3.4,0,0,125,-14.8863
3.425,0,0,125,-14.8631
3.45,0,0,125,-14.8399
3.475,0,0,125,-14.8168
3.5,0,0,125,-14.7937
3.525,0,0,125,-14.7706
3.55,0,0,125,-14.7476
3.575,0,0,125,-14.7246
3.6,0,0,125,-14.7017
3.625,0,0,125,-14.6788
3.65,0,0,125,-14.656
3.675,0,0,125,-14.6331
3.7,0,0,125,-14.6104
3.725,0,0,125,-14.5877
3.75,0,0,125,-14.565
3.775,0,0,125,-14.5423
3.8,0,0,125,-14.5197
3.825,0,0,125,-14.4972
3.85,0,0,125,-14.4746
3.875,0,0,125,-14.4522
3.9,0,0,125,-14.4297
3.925,0,0,125,-14.4073
3.95,0,0,125,-14.385
3.975,0,0,125,-14.3627
4,0,0,125,-14.3405
4.025,0,0,125,-14.3183
4.05,0,0,125,-14.2961
4.075,0,0,125,-14.274
4.1,0,0,125,-14.252
4.125,0,0,125,-14.2301
4.15,0,0,125,-14.2082
4.175,0,0,125,-14.1864
4.2,0,0,125,-14.1646
4.225,0,0,125,-14.143
4.25,0,0,125,-14.1214
4.275,0,0,125,-14.1
4.3,0,0,125,-14.0787
4.325,0,0,125,-14.0574
4.35,0,0,125,-14.0364
4.375,0,0,125,-14.0154
4.4,0,0,125,-13.9947
4.425,0,0,125,-13.9741
4.45,0,0,125,-13.9537
4.475,0,0,125,-13.9336
4.5,0,0,125,-13.9137
4.525,0,0,125,-13.8941
4.55,0,0,125,-13.8747
4.575,0,0,125,-13.8558
4.6,0,0,125,-13.8372
4.625,0,0,125,-13.8191
4.65,0,0,125,-13.8014
4.675,0,0,125,-13.7843
4.7,0,0,125,-13.7678
4.725,0,0,125,-13.7519
4.75,0,0,125,-13.7368
4.775,0,0,125,-13.7226
4.8,0,0,125,-13.7092
4.825,0,0,125,-13.6969
4.85,0,0,125,-13.6858
4.875,0,0,125,-13.6759
4.9,0,0,125,-13.6674
4.925,0,0,125,-13.6604
4.95,0,0,125,-13.655
4.975,0,0,125,-13.6513
5,0,0,125,-13.6495
