0,0,0,125,-54.2986
0.025,0,0,125,-54.2945
0.05,0,0,125,-54.2862
0.075,0,0,125,-54.2739
0.1,0,0,125,-54.2575
0.125,0,0,125,-54.2372
0.15,0,0,125,-54.213
0.175,0,0,125,-54.1851
0.2,0,0,125,-54.1537
0.225,0,0,125,-54.119
0.25,0,0,125,-54.0809
0.275,0,0,125,-54.0398
0.3,0,0,125,-53.9956
0.325,0,0,125,-53.9485
0.35,0,0,125,-53.8985
0.375,0,0,125,-53.8457
0.4,0,0,125,-53.7903
0.425,0,0,125,-53.7322
0.45,0,0,125,-53.6716
0.475,0,0,125,-53.6086
0.5,0,0,125,-53.5431
0.525,0,0,125,-53.4753
0.55,0,0,125,-53.4052
0.575,0,0,125,-53.3329
0.6,0,0,125,-53.2584
0.625,0,0,125,-53.1819
0.65,0,0,125,-53.1033
0.675,0,0,125,-53.0227
0.7,0,0,125,-52.9401
0.725,0,0,125,-52.8557
0.75,0,0,125,-52.7694
0.775,0,0,125,-52.6813
0.8,0,0,125,-52.5915
0.825,0,0,125,-52.4999
0.85,0,0,125,-52.4067
0.875,0,0,125,-52.3119
0.9,0,0,125,-52.2155
0.925,0,0,125,-52.1176
0.95,0,0,125,-52.0181
0.975,0,0,125,-51.9173
1,0,0,125,-51.815
1.025,0,0,125,-51.7114
1.05,0,0,125,-51.6065
1.075,0,0,125,-51.5003
1.1,0,0,125,-51.3929
1.125,0,0,125,-51.2842
1.15,0,0,125,-51.1744
1.175,0,0,125,-51.0635
1.2,0,0,125,-50.9515
1.225,0,0,125,-50.8384
1.25,0,0,125,-50.7243
1.275,0,0,125,-50.6093
1.3,0,0,125,-50.4933
1.325,0,0,125,-50.3764
1.35,0,0,125,-50.2586
1.375,0,0,125,-50.14
1.4,0,0,125,-50.0206
1.425,0,0,125,-49.9004
1.45,0,0,125,-49.7794
1.475,0,0,125,-49.6578
1.5,0,0,125,-49.5355
1.525,0,0,125,-49.4125
1.55,0,0,125,-49.289
1.575,0,0,125,-49.1648
1.6,0,0,125,-49.0401
1.625,0,0,125,-48.9149
1.65,0,0,125,-48.7891
1.675,0,0,125,-48.6629
1.7,0,0,125,-48.5363
1.725,0,0,125,-48.4092
1.75,0,0,125,-48.2817
1.775,0,0,125,-48.1538
1.8,0,0,125,-48.0256
1.825,0,0,125,-47.8971
1.85,0,0,125,-47.7682
1.875,0,0,125,-47.6391
1.9,0,0,125,-47.5097
1.925,0,0,125,-47.38
1.95,0,0,125,-47.2502
1.975,0,0,125,-47.1201
2,0,0,125,-46.9898
2.025,0,0,125,-46.8594
2.05,0,0,125,-46.7288
2.075,0,0,125,-46.598
2.1,0,0,125,-46.4672
2.125,0,0,125,-46.3362
2.15,0,0,125,-46.2051
2.175,0,0,125,-46.0739
2.2,0,0,125,-45.9426
2.225,0,0,125,-45.8113
2.25,0,0,125,-45.6799
2.275,0,0,125,-45.5485
2.3,0,0,125,-45.417
2.325,0,0,125,-45.2855
2.35,0,0,125,-45.1539
2.375,0,0,125,-45.0224
2.4,0,0,125,-44.8908
2.425,0,0,125,-44.7592
2.45,0,0,125,-44.6276
2.475,0,0,125,-44.4961
2.5,0,0,125,-44.3645
2.525,0,0,125,-44.233
2.55,0,0,125,-44.1015
2.575,0,0,125,-43.97
2.6,0,0,125,-43.8385
2.625,0,0,125,-43.707
2.65,0,0,125,-43.5756
2.675,0,0,125,-43.4442
2.7,0,0,125,-43.3128
2.725,0,0,125,-43.1814
2.75,0,0,125,-43.0501
2.775,0,0,125,-42.9187
2.8,0,0,125,-42.7875
2.825,0,0,125,-42.6562
2.85,0,0,125,-42.5249
2.875,0,0,125,-42.3937
2.9,0,0,125,-42.2625
2.925,0,0,125,-42.1313
2.95,0,0,125,-42.0002
2.975,0,0,125,-41.869
3,0,0,125,-41.7379
3.025,0,0,125,-41.6068
3.05,0,0,125,-41.4757
3.075,0,0,125,-41.3446
3.1,0,0,125,-41.2135
3.125,0,0,125,-41.0824
3.15,0,0,125,-40.9514
3.175,0,0,125,-40.8203
3.2,0,0,125,-40.6893
3.225,0,0,125,-40.5583
3.25,0,0,125,-40.4273
3.275,0,0,125,-40.2964
3.3,0,0,125,-40.1655
3.325,0,0,125,-40.0346
3.35,0,0,125,-39.9037
3.375,0,0,125,-39.7729
3.4,0,0,125,-39.6422
3.425,0,0,125,-39.5115
3.45,0,0,125,-39.3809
3.475,0,0,125,-39.2504
3.5,0,0,125,-39.12
3.525,0,0,125,-38.9897
3.55,0,0,125,-38.8595
3.575,0,0,125,-38.7294
3.6,0,0,125,-38.5995
3.625,0,0,125,-38.4698
3.65,0,0,125,-38.3404
3.675,0,0,125,-38.2111
3.7,0,0,125,-38.0821
3.725,0,0,125,-37.9533
3.75,0,0,125,-37.8249
3.775,0,0,125,-37.6967
3.8,0,0,125,-37.569
3.825,0,0,125,-37.4416
3.85,0,0,125,-37.3147
3.875,0,0,125,-37.1883
3.9,0,0,125,-37.0623
3.925,0,0,125,-36.937
3.95,0,0,125,-36.8122
3.975,0,0,125,-36.6881
4,0,0,125,-36.5647
4.025,0,0,125,-36.4421
4.05,0,0,125,-36.3203
4.075,0,0,125,-36.1994
4.1,0,0,125,-36.0794
4.125,0,0,125,-35.9604
4.15,0,0,125,-35.8425
4.175,0,0,125,-35.7258
4.2,0,0,125,-35.6104
4.225,0,0,125,-35.4962
4.25,0,0,125,-35.3835
4.275,0,0,125,-35.2722
4.3,0,0,125,-35.1626
4.325,0,0,125,-35.0546
4.35,0,0,125,-34.9484
4.375,0,0,125,-34.8442
4.4,0,0,125,-34.7419
4.425,0,0,125,-34.6417
4.45,0,0,125,-34.5438
4.475,0,0,125,-34.4482
4.5,0,0,125,-34.3551
4.525,0,0,125,-34.2647
4.55,0,0,125,-34.177
4.575,0,0,125,-34.0922
4.6,0,0,125,-34.0105
4.625,0,0,125,-33.9321
4.65,0,0,125,-33.857
4.675,0,0,125,-33.7855
4.7,0,0,125,-33.7177
4.725,0,0,125,-33.6539
4.75,0,0,125,-33.5942
4.775,0,0,125,-33.5389
4.8,0,0,125,-33.4881
4.825,0,0,125,-33.4421
4.85,0,0,125,-33.4011
4.875,0,0,125,-33.3653
4.9,0,0,125,-33.3351
4.925,0,0,125,-33.3105
4.95,0,0,125,-33.2919
4.975,0,0,125,-33.2794
5,0,0,125,-33.2731
