0,0,0,125,-16.992
0.025,0,0,125,-16.99
0.05,0,0,125,-16.9859
0.075,0,0,125,-16.9798
0.1,0,0,125,-16.9717
0.125,0,0,125,-16.9618
0.15,0,0,125,-16.9501
0.175,0,0,125,-16.9368
0.2,0,0,125,-16.9222
0.225,0,0,125,-16.9064
0.25,0,0,125,-16.8895
0.275,0,0,125,-16.8715
0.3,0,0,125,-16.8527
0.325,0,0,125,-16.8331
0.35,0,0,125,-16.8127
0.375,0,0,125,-16.7917
0.4,0,0,125,-16.7701
0.425,0,0,125,-16.7479
0.45,0,0,125,-16.7253
0.475,0,0,125,-16.7023
0.5,0,0,125,-16.6788
0.525,0,0,125,-16.655
0.55,0,0,125,-16.6309
0.575,0,0,125,-16.6066
0.6,0,0,125,-16.582
0.625,0,0,125,-16.5572
0.65,0,0,125,-16.5322
0.675,0,0,125,-16.507
0.7,0,0,125,-16.4818
0.725,0,0,125,-16.4563
0.75,0,0,125,-16.4308
0.775,0,0,125,-16.4052
0.8,0,0,125,-16.3796
0.825,0,0,125,-16.3538
0.85,0,0,125,-16.328
0.875,0,0,125,-16.3022
0.9,0,0,125,-16.2764
0.925,0,0,125,-16.2505
0.95,0,0,125,-16.2247
0.975,0,0,125,-16.1988
1,0,0,125,-16.1729
1.025,0,0,125,-16.1471
1.05,0,0,125,-16.1212
1.075,0,0,125,-16.0954
1.1,0,0,125,-16.0696
1.125,0,0,125,-16.0438
1.15,0,0,125,-16.018
1.175,0,0,125,-15.9923
1.2,0,0,125,-15.9667
1.225,0,0,125,-15.941
1.25,0,0,125,-15.9154
1.275,0,0,125,-15.8899
1.3,0,0,125,-15.8643
1.325,0,0,125,-15.8389
1.35,0,0,125,-15.8135
1.375,0,0,125,-15.7881
1.4,0,0,125,-15.7628
1.425,0,0,125,-15.7375
1.45,0,0,125,-15.7123
1.475,0,0,125,-15.6871
1.5,0,0,125,-15.662
1.525,0,0,125,-15.6369
1.55,0,0,125,-15.6119
1.575,0,0,125,-15.5869
1.6,0,0,125,-15.562
1.625,0,0,125,-15.5372
1.65,0,0,125,-15.5124
1.675,0,0,125,-15.4876
1.7,0,0,125,-15.4629
1.725,0,0,125,-15.4383
1.75,0,0,125,-15.4137
1.775,0,0,125,-15.3892
1.8,0,0,125,-15.3647
1.825,0,0,125,-15.3403
1.85,0,0,125,-15.3159
1.875,0,0,125,-15.2916
1.9,0,0,125,-15.2673
1.925,0,0,125,-15.2431
1.95,0,0,125,-15.2189
1.975,0,0,125,-15.1948
2,0,0,125,-15.1707
2.025,0,0,125,-15.1467
2.05,0,0,125,-15.1227
2.075,0,0,125,-15.0988
2.1,0,0,125,-15.0749
2.125,0,0,125,-15.0511
2.15,0,0,125,-15.0273
2.175,0,0,125,-15.0036
2.2,0,0,125,-14.9799
2.225,0,0,125,-14.9562
2.25,0,0,125,-14.9327
2.275,0,0,125,-14.9091
2.3,0,0,125,-14.8856
2.325,0,0,125,-14.8622
2.35,0,0,125,-14.8388
2.375,0,0,125,-14.8154
2.4,0,0,125,-14.7921
2.425,0,0,125,-14.7688
2.45,0,0,125,-14.7456
2.475,0,0,125,-14.7224
2.5,0,0,125,-14.6993
2.525,0,0,125,-14.6762
2.55,0,0,125,-14.6532
2.575,0,0,125,-14.6302
2.6,0,0,125,-14.6072
2.625,0,0,125,-14.5843
2.65,0,0,125,-14.5614
2.675,0,0,125,-14.5386
2.7,0,0,125,-14.5158
2.725,0,0,125,-14.4931
2.75,0,0,125,-14.4704
2.775,0,0,125,-14.4477
2.8,0,0,125,-14.4251
2.825,0,0,125,-14.4025
2.85,0,0,125,-14.3799
2.875,0,0,125,-14.3574
2.9,0,0,125,-14.3349
2.925,0,0,125,-14.3125
2.95,0,0,125,-14.2901
2.975,0,0,125,-14.2678
3,0,0,125,-14.2455
3.025,0,0,125,-14.2232
3.05,0,0,125,-14.201
3.075,0,0,125,-14.1788
3.1,0,0,125,-14.1566
3.125,0,0,125,-14.1345
3.15,0,0,125,-14.1124
3.175,0,0,125,-14.0903
3.2,0,0,125,-14.0683
3.225,0,0,125,-14.0463
3.25,0,0,125,-14.0243
3.275,0,0,125,-14.0024
3.3,0,0,125,-13.9805
3.325,0,0,125,-13.9587
3.35,0,0,125,-13.9369
3.375,0,0,125,-13.9151
3.4,0,0,125,-13.8933
3.425,0,0,125,-13.8716
3.45,0,0,125,-13.8499
3.475,0,0,125,-13.8283
3.5,0,0,125,-13.8066
3.525,0,0,125,-13.785
3.55,0,0,125,-13.7635
3.575,0,0,125,-13.7419
3.6,0,0,125,-13.7204
3.625,0,0,125,-13.6989
3.65,0,0,125,-13.6775
3.675,0,0,125,-13.6561
3.7,0,0,125,-13.6347
3.725,0,0,125,-13.6133
3.75,0,0,125,-13.592
3.775,0,0,125,-13.5707
3.8,0,0,125,-13.5494
3.825,0,0,125,-13.5282
3.85,0,0,125,-13.5069
3.875,0,0,125,-13.4858
3.9,0,0,125,-13.4646
3.925,0,0,125,-13.4435
3.95,0,0,125,-13.4224
3.975,0,0,125,-13.4013
4,0,0,125,-13.3803
4.025,0,0,125,-13.3594
4.05,0,0,125,-13.3384
4.075,0,0,125,-13.3175
4.1,0,0,125,-13.2967
4.125,0,0,125,-13.2759
4.15,0,0,125,-13.2551
4.175,0,0,125,-13.2344
4.2,0,0,125,-13.2138
4.225,0,0,125,-13.1932
4.25,0,0,125,-13.1727
4.275,0,0,125,-13.1523
4.3,0,0,125,-13.132
4.325,0,0,125,-13.1118
4.35,0,0,125,-13.0917
4.375,0,0,125,-13.0717
4.4,0,0,125,-13.0519
4.425,0,0,125,-13.0322
4.45,0,0,125,-13.0127
4.475,0,0,125,-12.9934
4.5,0,0,125,-12.9743
4.525,0,0,125,-12.9554
4.55,0,0,125,-12.9369
4.575,0,0,125,-12.9186
4.6,0,0,125,-12.9007
4.625,0,0,125,-12.8833
4.65,0,0,125,-12.8662
4.675,0,0,125,-12.8497
4.7,0,0,125,-12.8337
4.725,0,0,125,-12.8183
4.75,0,0,125,-12.8037
4.775,0,0,125,-12.7898
4.8,0,0,125,-12.7768
4.825,0,0,125,-12.7648
4.85,0,0,125,-12.754
4.875,0,0,125,-12.7443
4.9,0,0,125,-12.736
4.925,0,0,125,-12.7291
4.95,0,0,125,-12.7239
4.975,0,0,125,-12.7203
5,0,0,125,-12.7185
