0,0,0,125,-23.346
0.025,0,0,125,-23.3434
0.05,0,0,125,-23.3381
0.075,0,0,125,-23.3302
0.1,0,0,125,-23.3198
0.125,0,0,125,-23.3068
0.15,0,0,125,-23.2916
0.175,0,0,125,-23.2741
0.2,0,0,125,-23.2547
0.225,0,0,125,-23.2334
0.25,0,0,125,-23.2105
0.275,0,0,125,-23.1859
0.3,0,0,125,-23.1598
0.325,0,0,125,-23.1323
0.35,0,0,125,-23.1034
0.375,0,0,125,-23.0734
0.4,0,0,125,-23.0422
0.425,0,0,125,-23.01
0.45,0,0,125,-22.9767
0.475,0,0,125,-22.9426
0.5,0,0,125,-22.9075
0.525,0,0,125,-22.8717
0.55,0,0,125,-22.8352
0.575,0,0,125,-22.7979
0.6,0,0,125,-22.76
0.625,0,0,125,-22.7215
0.65,0,0,125,-22.6825
0.675,0,0,125,-22.643
0.7,0,0,125,-22.603
0.725,0,0,125,-22.5626
0.75,0,0,125,-22.5218
0.775,0,0,125,-22.4807
0.8,0,0,125,-22.4393
0.825,0,0,125,-22.3975
0.85,0,0,125,-22.3556
0.875,0,0,125,-22.3133
0.9,0,0,125,-22.2709
0.925,0,0,125,-22.2283
0.95,0,0,125,-22.1856
0.975,0,0,125,-22.1427
1,0,0,125,-22.0997
1.025,0,0,125,-22.0566
1.05,0,0,125,-22.0134
1.075,0,0,125,-21.9702
1.1,0,0,125,-21.927
1.125,0,0,125,-21.8837
1.15,0,0,125,-21.8404
1.175,0,0,125,-21.7971
1.2,0,0,125,-21.7538
1.225,0,0,125,-21.7106
1.25,0,0,125,-21.6674
1.275,0,0,125,-21.6242
1.3,0,0,125,-21.5811
1.325,0,0,125,-21.538
1.35,0,0,125,-21.4951
1.375,0,0,125,-21.4522
1.4,0,0,125,-21.4094
1.425,0,0,125,-21.3667
1.45,0,0,125,-21.3241
1.475,0,0,125,-21.2816
1.5,0,0,125,-21.2392
1.525,0,0,125,-21.197
1.55,0,0,125,-21.1549
1.575,0,0,125,-21.1128
1.6,0,0,125,-21.071
1.625,0,0,125,-21.0292
1.65,0,0,125,-20.9876
1.675,0,0,125,-20.9462
1.7,0,0,125,-20.9049
1.725,0,0,125,-20.8637
1.75,0,0,125,-20.8227
1.775,0,0,125,-20.7818
1.8,0,0,125,-20.7411
1.825,0,0,125,-20.7005
1.85,0,0,125,-20.6601
1.875,0,0,125,-20.6198
1.9,0,0,125,-20.5797
1.925,0,0,125,-20.5398
1.95,0,0,125,-20.5
1.975,0,0,125,-20.4603
2,0,0,125,-20.4209
2.025,0,0,125,-20.3815
2.05,0,0,125,-20.3424
2.075,0,0,125,-20.3034
2.1,0,0,125,-20.2645
2.125,0,0,125,-20.2259
2.15,0,0,125,-20.1873
2.175,0,0,125,-20.149
2.2,0,0,125,-20.1107
2.225,0,0,125,-20.0727
2.25,0,0,125,-20.0348
2.275,0,0,125,-19.9971
2.3,0,0,125,-19.9595
2.325,0,0,125,-19.922
2.35,0,0,125,-19.8848
2.375,0,0,125,-19.8477
2.4,0,0,125,-19.8107
2.425,0,0,125,-19.7739
2.45,0,0,125,-19.7372
2.475,0,0,125,-19.7007
2.5,0,0,125,-19.6643
2.525,0,0,125,-19.628
2.55,0,0,125,-19.592
2.575,0,0,125,-19.556
2.6,0,0,125,-19.5202
2.625,0,0,125,-19.4846
2.65,0,0,125,-19.449
2.675,0,0,125,-19.4137
2.7,0,0,125,-19.3785
2.725,0,0,125,-19.3434
2.75,0,0,125,-19.3084
2.775,0,0,125,-19.2736
2.8,0,0,125,-19.2389
2.825,0,0,125,-19.2044
2.85,0,0,125,-19.1699
2.875,0,0,125,-19.1357
2.9,0,0,125,-19.1015
2.925,0,0,125,-19.0675
2.95,0,0,125,-19.0336
2.975,0,0,125,-18.9998
3,0,0,125,-18.9662
3.025,0,0,125,-18.9327
3.05,0,0,125,-18.8993
3.075,0,0,125,-18.866
3.1,0,0,125,-18.8329
3.125,0,0,125,-18.7999
3.15,0,0,125,-18.767
3.175,0,0,125,-18.7342
3.2,0,0,125,-18.7016
3.225,0,0,125,-18.6691
3.25,0,0,125,-18.6366
3.275,0,0,125,-18.6043
3.3,0,0,125,-18.5722
3.325,0,0,125,-18.5401
3.35,0,0,125,-18.5082
3.375,0,0,125,-18.4764
3.4,0,0,125,-18.4447
3.425,0,0,125,-18.4131
3.45,0,0,125,-18.3816
3.475,0,0,125,-18.3502
3.5,0,0,125,-18.319
3.525,0,0,125,-18.2879
3.55,0,0,125,-18.2569
3.575,0,0,125,-18.2259
3.6,0,0,125,-18.1952
3.625,0,0,125,-18.1645
3.65,0,0,125,-18.1339
3.675,0,0,125,-18.1035
3.7,0,0,125,-18.0731
3.725,0,0,125,-18.0429
3.75,0,0,125,-18.0128
3.775,0,0,125,-17.9828
3.8,0,0,125,-17.953
3.825,0,0,125,-17.9232
3.85,0,0,125,-17.8936
3.875,0,0,125,-17.8641
3.9,0,0,125,-17.8347
3.925,0,0,125,-17.8055
3.95,0,0,125,-17.7764
3.975,0,0,125,-17.7474
4,0,0,125,-17.7186
4.025,0,0,125,-17.6899
4.05,0,0,125,-17.6613
4.075,0,0,125,-17.633
4.1,0,0,125,-17.6047
4.125,0,0,125,-17.5767
4.15,0,0,125,-17.5488
4.175,0,0,125,-17.5211
4.2,0,0,125,-17.4936
4.225,0,0,125,-17.4663
4.25,0,0,125,-17.4392
4.275,0,0,125,-17.4123
4.3,0,0,125,-17.3857
4.325,0,0,125,-17.3593
4.35,0,0,125,-17.3332
4.375,0,0,125,-17.3073
4.4,0,0,125,-17.2818
4.425,0,0,125,-17.2566
4.45,0,0,125,-17.2318
4.475,0,0,125,-17.2073
4.5,0,0,125,-17.1833
4.525,0,0,125,-17.1597
4.55,0,0,125,-17.1366
4.575,0,0,125,-17.114
4.6,0,0,125,-17.092
4.625,0,0,125,-17.0706
4.65,0,0,125,-17.0499
4.675,0,0,125,-17.0299
4.7,0,0,125,-17.0107
4.725,0,0,125,-16.9924
4.75,0,0,125,-16.9751
4.775,0,0,125,-16.9587
4.8,0,0,125,-16.9436
4.825,0,0,125,-16.9296
4.85,0,0,125,-16.9171
4.875,0,0,125,-16.906
4.9,0,0,125,-16.8965
4.925,0,0,125,-16.8887
4.95,0,0,125,-16.8827
4.975,0,0,125,-16.8787
5,0,0,125,-16.8767
