0,0,0,125,-15.5037
0.025,0,0,125,-15.5017
0.05,0,0,125,-15.4978
0.075,0,0,125,-15.492
0.1,0,0,125,-15.4843
0.125,0,0,125,-15.4747
0.15,0,0,125,-15.4636
0.175,0,0,125,-15.4509
0.2,0,0,125,-15.4371
0.225,0,0,125,-15.422
0.25,0,0,125,-15.406
0.275,0,0,125,-15.3891
0.3,0,0,125,-15.3714
0.325,0,0,125,-15.3529
0.35,0,0,125,-15.3338
0.375,0,0,125,-15.3141
0.4,0,0,125,-15.2939
0.425,0,0,125,-15.2733
0.45,0,0,125,-15.2523
0.475,0,0,125,-15.2309
0.5,0,0,125,-15.2091
0.525,0,0,125,-15.1871
0.55,0,0,125,-15.1649
0.575,0,0,125,-15.1424
0.6,0,0,125,-15.1198
0.625,0,0,125,-15.097
0.65,0,0,125,-15.074
0.675,0,0,125,-15.051
0.7,0,0,125,-15.0278
0.725,0,0,125,-15.0046
0.75,0,0,125,-14.9812
0.775,0,0,125,-14.9579
0.8,0,0,125,-14.9345
0.825,0,0,125,-14.911
0.85,0,0,125,-14.8875
0.875,0,0,125,-14.864
0.9,0,0,125,-14.8405
0.925,0,0,125,-14.817
0.95,0,0,125,-14.7935
0.975,0,0,125,-14.77
1,0,0,125,-14.7465
1.025,0,0,125,-14.7231
1.05,0,0,125,-14.6996
1.075,0,0,125,-14.6762
1.1,0,0,125,-14.6528
1.125,0,0,125,-14.6294
1.15,0,0,125,-14.6061
1.175,0,0,125,-14.5828
1.2,0,0,125,-14.5595
1.225,0,0,125,-14.5363
1.25,0,0,125,-14.5131
1.275,0,0,125,-14.49
1.3,0,0,125,-14.4668
1.325,0,0,125,-14.4438
1.35,0,0,125,-14.4207
1.375,0,0,125,-14.3978
1.4,0,0,125,-14.3748
1.425,0,0,125,-14.3519
1.45,0,0,125,-14.329
1.475,0,0,125,-14.3062
1.5,0,0,125,-14.2834
1.525,0,0,125,-14.2607
1.55,0,0,125,-14.238
1.575,0,0,125,-14.2153
1.6,0,0,125,-14.1927
1.625,0,0,125,-14.1702
1.65,0,0,125,-14.1476
1.675,0,0,125,-14.1251
1.7,0,0,125,-14.1027
1.725,0,0,125,-14.0803
1.75,0,0,125,-14.0579
1.775,0,0,125,-14.0356
1.8,0,0,125,-14.0133
1.825,0,0,125,-13.9911
1.85,0,0,125,-13.9688
1.875,0,0,125,-13.9467
1.9,0,0,125,-13.9246
1.925,0,0,125,-13.9025
1.95,0,0,125,-13.8804
1.975,0,0,125,-13.8584
2,0,0,125,-13.8364
2.025,0,0,125,-13.8145
2.05,0,0,125,-13.7926
2.075,0,0,125,-13.7708
2.1,0,0,125,-13.7489
2.125,0,0,125,-13.7271
2.15,0,0,125,-13.7054
2.175,0,0,125,-13.6837
2.2,0,0,125,-13.662
2.225,0,0,125,-13.6403
2.25,0,0,125,-13.6187
2.275,0,0,125,-13.5971
2.3,0,0,125,-13.5756
2.325,0,0,125,-13.5541
2.35,0,0,125,-13.5326
2.375,0,0,125,-13.5112
2.4,0,0,125,-13.4898
2.425,0,0,125,-13.4684
2.45,0,0,125,-13.4471
2.475,0,0,125,-13.4258
2.5,0,0,125,-13.4045
2.525,0,0,125,-13.3833
2.55,0,0,125,-13.3621
2.575,0,0,125,-13.3409
2.6,0,0,125,-13.3197
2.625,0,0,125,-13.2986
2.65,0,0,125,-13.2776
2.675,0,0,125,-13.2565
2.7,0,0,125,-13.2355
2.725,0,0,125,-13.2145
2.75,0,0,125,-13.1935
2.775,0,0,125,-13.1726
2.8,0,0,125,-13.1517
2.825,0,0,125,-13.1308
2.85,0,0,125,-13.11
2.875,0,0,125,-13.0892
2.9,0,0,125,-13.0684
2.925,0,0,125,-13.0476
2.95,0,0,125,-13.0269
2.975,0,0,125,-13.0062
3,0,0,125,-12.9856
3.025,0,0,125,-12.9649
3.05,0,0,125,-12.9443
3.075,0,0,125,-12.9237
3.1,0,0,125,-12.9032
3.125,0,0,125,-12.8826
3.15,0,0,125,-12.8621
3.175,0,0,125,-12.8417
3.2,0,0,125,-12.8212
3.225,0,0,125,-12.8008
3.25,0,0,125,-12.7804
3.275,0,0,125,-12.76
3.3,0,0,125,-12.7397
3.325,0,0,125,-12.7193
3.35,0,0,125,-12.699
3.375,0,0,125,-12.6787
3.4,0,0,125,-12.6585
3.425,0,0,125,-12.6382
3.45,0,0,125,-12.618
3.475,0,0,125,-12.5978
3.5,0,0,125,-12.5776
3.525,0,0,125,-12.5575
3.55,0,0,125,-12.5373
3.575,0,0,125,-12.5172
3.6,0,0,125,-12.4971
3.625,0,0,125,-12.4771
3.65,0,0,125,-12.457
3.675,0,0,125,-12.437
3.7,0,0,125,-12.417
3.725,0,0,125,-12.397
3.75,0,0,125,-12.3771
3.775,0,0,125,-12.3571
3.8,0,0,125,-12.3372
3.825,0,0,125,-12.3173
3.85,0,0,125,-12.2974
3.875,0,0,125,-12.2775
3.9,0,0,125,-12.2576
3.925,0,0,125,-12.2378
3.95,0,0,125,-12.218
3.975,0,0,125,-12.1982
4,0,0,125,-12.1784
4.025,0,0,125,-12.1587
4.05,0,0,125,-12.139
4.075,0,0,125,-12.1193
4.1,0,0,125,-12.0996
4.125,0,0,125,-12.08
4.15,0,0,125,-12.0604
4.175,0,0,125,-12.0409
4.2,0,0,125,-12.0214
4.225,0,0,125,-12.0019
4.25,0,0,125,-11.9825
4.275,0,0,125,-11.9632
4.3,0,0,125,-11.9439
4.325,0,0,125,-11.9247
4.35,0,0,125,-11.9056
4.375,0,0,125,-11.8866
4.4,0,0,125,-11.8677
4.425,0,0,125,-11.849
4.45,0,0,125,-11.8304
4.475,0,0,125,-11.812
4.5,0,0,125,-11.7937
4.525,0,0,125,-11.7757
4.55,0,0,125,-11.7579
4.575,0,0,125,-11.7404
4.6,0,0,125,-11.7232
4.625,0,0,125,-11.7064
4.65,0,0,125,-11.69
4.675,0,0,125,-11.6741
4.7,0,0,125,-11.6586
4.725,0,0,125,-11.6438
4.75,0,0,125,-11.6296
4.775,0,0,125,-11.6162
4.8,0,0,125,-11.6036
4.825,0,0,125,-11.592
4.85,0,0,125,-11.5814
4.875,0,0,125,-11.572
4.9,0,0,125,-11.5639
4.925,0,0,125,-11.5572
4.95,0,0,125,-11.552
4.975,0,0,125,-11.5486
5,0,0,125,-11.5468
