0,0,0,125,-59.2686
0.025,0,0,125,-59.2659
0.05,0,0,125,-59.2606
0.075,0,0,125,-59.2527
0.1,0,0,125,-59.2421
0.125,0,0,125,-59.229
0.15,0,0,125,-59.2133
0.175,0,0,125,-59.1952
0.2,0,0,125,-59.1747
0.225,0,0,125,-59.1519
0.25,0,0,125,-59.1268
0.275,0,0,125,-59.0994
0.3,0,0,125,-59.0698
0.325,0,0,125,-59.0381
0.35,0,0,125,-59.0042
0.375,0,0,125,-58.9683
0.4,0,0,125,-58.9303
0.425,0,0,125,-58.8903
0.45,0,0,125,-58.8482
0.475,0,0,125,-58.8042
0.5,0,0,125,-58.7583
0.525,0,0,125,-58.7104
0.55,0,0,125,-58.6606
0.575,0,0,125,-58.609
0.6,0,0,125,-58.5555
0.625,0,0,125,-58.5001
0.65,0,0,125,-58.443
0.675,0,0,125,-58.3841
0.7,0,0,125,-58.3234
0.725,0,0,125,-58.2609
0.75,0,0,125,-58.1967
0.775,0,0,125,-58.1309
0.8,0,0,125,-58.0633
0.825,0,0,125,-57.9941
0.85,0,0,125,-57.9232
0.875,0,0,125,-57.8506
0.9,0,0,125,-57.7765
0.925,0,0,125,-57.7008
0.95,0,0,125,-57.6234
0.975,0,0,125,-57.5446
1,0,0,125,-57.4641
1.025,0,0,125,-57.3822
1.05,0,0,125,-57.2988
1.075,0,0,125,-57.2138
1.1,0,0,125,-57.1274
1.125,0,0,125,-57.0396
1.15,0,0,125,-56.9503
1.175,0,0,125,-56.8596
1.2,0,0,125,-56.7675
1.225,0,0,125,-56.674
1.25,0,0,125,-56.5791
1.275,0,0,125,-56.4829
1.3,0,0,125,-56.3854
1.325,0,0,125,-56.2866
1.35,0,0,125,-56.1865
1.375,0,0,125,-56.0851
1.4,0,0,125,-55.9824
1.425,0,0,125,-55.8786
1.45,0,0,125,-55.7735
1.475,0,0,125,-55.6672
1.5,0,0,125,-55.5597
1.525,0,0,125,-55.451
1.55,0,0,125,-55.3412
1.575,0,0,125,-55.2303
1.6,0,0,125,-55.1182
1.625,0,0,125,-55.0051
1.65,0,0,125,-54.8909
1.675,0,0,125,-54.7756
1.7,0,0,125,-54.6593
1.725,0,0,125,-54.542
1.75,0,0,125,-54.4237
1.775,0,0,125,-54.3044
1.8,0,0,125,-54.1841
1.825,0,0,125,-54.0629
1.85,0,0,125,-53.9407
1.875,0,0,125,-53.8177
1.9,0,0,125,-53.6937
1.925,0,0,125,-53.5689
1.95,0,0,125,-53.4432
1.975,0,0,125,-53.3166
2,0,0,125,-53.1892
2.025,0,0,125,-53.0611
2.05,0,0,125,-52.9321
2.075,0,0,125,-52.8024
2.1,0,0,125,-52.6719
2.125,0,0,125,-52.5406
2.15,0,0,125,-52.4087
2.175,0,0,125,-52.2761
2.2,0,0,125,-52.1427
2.225,0,0,125,-52.0088
2.25,0,0,125,-51.8741
2.275,0,0,125,-51.7389
2.3,0,0,125,-51.603
2.325,0,0,125,-51.4665
2.35,0,0,125,-51.3295
2.375,0,0,125,-51.1919
2.4,0,0,125,-51.0538
2.425,0,0,125,-50.9152
2.45,0,0,125,-50.776
2.475,0,0,125,-50.6364
2.5,0,0,125,-50.4963
2.525,0,0,125,-50.3558
2.55,0,0,125,-50.2148
2.575,0,0,125,-50.0735
2.6,0,0,125,-49.9317
2.625,0,0,125,-49.7896
2.65,0,0,125,-49.6472
2.675,0,0,125,-49.5044
2.7,0,0,125,-49.3614
2.725,0,0,125,-49.218
2.75,0,0,125,-49.0744
2.775,0,0,125,-48.9305
2.8,0,0,125,-48.7864
2.825,0,0,125,-48.6422
2.85,0,0,125,-48.4977
2.875,0,0,125,-48.3531
2.9,0,0,125,-48.2084
2.925,0,0,125,-48.0635
2.95,0,0,125,-47.9186
2.975,0,0,125,-47.7736
3,0,0,125,-47.6285
3.025,0,0,125,-47.4835
3.05,0,0,125,-47.3385
3.075,0,0,125,-47.1935
3.1,0,0,125,-47.0485
3.125,0,0,125,-46.9037
3.15,0,0,125,-46.759
3.175,0,0,125,-46.6144
3.2,0,0,125,-46.47
3.225,0,0,125,-46.3258
3.25,0,0,125,-46.1818
3.275,0,0,125,-46.0381
3.3,0,0,125,-45.8947
3.325,0,0,125,-45.7516
3.35,0,0,125,-45.6089
3.375,0,0,125,-45.4666
3.4,0,0,125,-45.3246
3.425,0,0,125,-45.1832
3.45,0,0,125,-45.0422
3.475,0,0,125,-44.9018
3.5,0,0,125,-44.7619
3.525,0,0,125,-44.6226
3.55,0,0,125,-44.484
3.575,0,0,125,-44.346
3.6,0,0,125,-44.2087
3.625,0,0,125,-44.0722
3.65,0,0,125,-43.9365
3.675,0,0,125,-43.8016
3.7,0,0,125,-43.6676
3.725,0,0,125,-43.5346
3.75,0,0,125,-43.4025
3.775,0,0,125,-43.2714
3.8,0,0,125,-43.1413
3.825,0,0,125,-43.0124
3.85,0,0,125,-42.8846
3.875,0,0,125,-42.7581
3.9,0,0,125,-42.6328
3.925,0,0,125,-42.5087
3.95,0,0,125,-42.3861
3.975,0,0,125,-42.2649
4,0,0,125,-42.1451
4.025,0,0,125,-42.0268
4.05,0,0,125,-41.9101
4.075,0,0,125,-41.795
4.1,0,0,125,-41.6817
4.125,0,0,125,-41.57
4.15,0,0,125,-41.4602
4.175,0,0,125,-41.3522
4.2,0,0,125,-41.2462
4.225,0,0,125,-41.1422
4.25,0,0,125,-41.0402
4.275,0,0,125,-40.9403
4.3,0,0,125,-40.8426
4.325,0,0,125,-40.7472
4.35,0,0,125,-40.6541
4.375,0,0,125,-40.5634
4.4,0,0,125,-40.4751
4.425,0,0,125,-40.3894
4.45,0,0,125,-40.3063
4.475,0,0,125,-40.2258
4.5,0,0,125,-40.1481
4.525,0,0,125,-40.0732
4.55,0,0,125,-40.0012
4.575,0,0,125,-39.9322
4.6,0,0,125,-39.8662
4.625,0,0,125,-39.8035
4.65,0,0,125,-39.7439
4.675,0,0,125,-39.6877
4.7,0,0,125,-39.6348
4.725,0,0,125,-39.5855
4.75,0,0,125,-39.5398
4.775,0,0,125,-39.4977
4.8,0,0,125,-39.4595
4.825,0,0,125,-39.4251
4.85,0,0,125,-39.3947
4.875,0,0,125,-39.3684
4.9,0,0,125,-39.3462
4.925,0,0,125,-39.3284
4.95,0,0,125,-39.3149
4.975,0,0,125,-39.3059
5,0,0,125,-39.3014
