0,0,0,125,-22.2679
0.025,0,0,125,-22.2637
0.05,0,0,125,-22.2553
0.075,0,0,125,-22.2428
0.1,0,0,125,-22.2263
0.125,0,0,125,-22.2059
0.15,0,0,125,-22.1818
0.175,0,0,125,-22.1546
0.2,0,0,125,-22.1244
0.225,0,0,125,-22.0916
0.25,0,0,125,-22.0564
0.275,0,0,125,-22.0191
0.3,0,0,125,-21.9798
0.325,0,0,125,-21.9388
0.35,0,0,125,-21.8962
0.375,0,0,125,-21.8522
0.4,0,0,125,-21.807
0.425,0,0,125,-21.7606
0.45,0,0,125,-21.7133
0.475,0,0,125,-21.665
0.5,0,0,125,-21.6161
0.525,0,0,125,-21.5664
0.55,0,0,125,-21.5163
0.575,0,0,125,-21.4656
0.6,0,0,125,-21.4146
0.625,0,0,125,-21.3633
0.65,0,0,125,-21.3117
0.675,0,0,125,-21.26
0.7,0,0,125,-21.2081
0.725,0,0,125,-21.1562
0.75,0,0,125,-21.1042
0.775,0,0,125,-21.0523
0.8,0,0,125,-21.0004
0.825,0,0,125,-20.9487
0.85,0,0,125,-20.8971
0.875,0,0,125,-20.8456
0.9,0,0,125,-20.7944
0.925,0,0,125,-20.7434
0.95,0,0,125,-20.6926
0.975,0,0,125,-20.642
1,0,0,125,-20.5917
1.025,0,0,125,-20.5418
1.05,0,0,125,-20.4921
1.075,0,0,125,-20.4427
1.1,0,0,125,-20.3936
1.125,0,0,125,-20.3449
1.15,0,0,125,-20.2965
1.175,0,0,125,-20.2484
1.2,0,0,125,-20.2007
1.225,0,0,125,-20.1533
1.25,0,0,125,-20.1062
1.275,0,0,125,-20.0595
1.3,0,0,125,-20.0131
1.325,0,0,125,-19.9671
1.35,0,0,125,-19.9213
1.375,0,0,125,-19.876
1.4,0,0,125,-19.8309
1.425,0,0,125,-19.7862
1.45,0,0,125,-19.7418
1.475,0,0,125,-19.6977
1.5,0,0,125,-19.6539
1.525,0,0,125,-19.6104
1.55,0,0,125,-19.5672
1.575,0,0,125,-19.5243
1.6,0,0,125,-19.4817
1.625,0,0,125,-19.4394
1.65,0,0,125,-19.3973
1.675,0,0,125,-19.3555
1.7,0,0,125,-19.3139
1.725,0,0,125,-19.2726
1.75,0,0,125,-19.2315
1.775,0,0,125,-19.1907
1.8,0,0,125,-19.1501
1.825,0,0,125,-19.1096
1.85,0,0,125,-19.0694
1.875,0,0,125,-19.0294
1.9,0,0,125,-18.9896
1.925,0,0,125,-18.9499
1.95,0,0,125,-18.9105
1.975,0,0,125,-18.8712
2,0,0,125,-18.832
2.025,0,0,125,-18.793
2.05,0,0,125,-18.7542
2.075,0,0,125,-18.7154
2.1,0,0,125,-18.6768
2.125,0,0,125,-18.6383
2.15,0,0,125,-18.6
2.175,0,0,125,-18.5617
2.2,0,0,125,-18.5235
2.225,0,0,125,-18.4854
2.25,0,0,125,-18.4474
2.275,0,0,125,-18.4095
2.3,0,0,125,-18.3716
2.325,0,0,125,-18.3338
2.35,0,0,125,-18.296
2.375,0,0,125,-18.2583
2.4,0,0,125,-18.2206
2.425,0,0,125,-18.183
2.45,0,0,125,-18.1454
2.475,0,0,125,-18.1078
2.5,0,0,125,-18.0702
2.525,0,0,125,-18.0326
2.55,0,0,125,-17.995
2.575,0,0,125,-17.9575
2.6,0,0,125,-17.9199
2.625,0,0,125,-17.8823
2.65,0,0,125,-17.8447
2.675,0,0,125,-17.807
2.7,0,0,125,-17.7693
2.725,0,0,125,-17.7316
2.75,0,0,125,-17.6939
2.775,0,0,125,-17.6561
2.8,0,0,125,-17.6182
2.825,0,0,125,-17.5803
2.85,0,0,125,-17.5423
2.875,0,0,125,-17.5043
2.9,0,0,125,-17.4662
2.925,0,0,125,-17.428
2.95,0,0,125,-17.3898
2.975,0,0,125,-17.3514
3,0,0,125,-17.313
3.025,0,0,125,-17.2745
3.05,0,0,125,-17.2359
3.075,0,0,125,-17.1972
3.1,0,0,125,-17.1584
3.125,0,0,125,-17.1195
3.15,0,0,125,-17.0805
3.175,0,0,125,-17.0413
3.2,0,0,125,-17.0021
3.225,0,0,125,-16.9628
3.25,0,0,125,-16.9233
3.275,0,0,125,-16.8838
3.3,0,0,125,-16.8441
3.325,0,0,125,-16.8043
3.35,0,0,125,-16.7644
3.375,0,0,125,-16.7244
3.4,0,0,125,-16.6842
3.425,0,0,125,-16.644
3.45,0,0,125,-16.6036
3.475,0,0,125,-16.5631
3.5,0,0,125,-16.5225
3.525,0,0,125,-16.4819
3.55,0,0,125,-16.4411
3.575,0,0,125,-16.4002
3.6,0,0,125,-16.3592
3.625,0,0,125,-16.3181
3.65,0,0,125,-16.2769
3.675,0,0,125,-16.2356
3.7,0,0,125,-16.1942
3.725,0,0,125,-16.1527
3.75,0,0,125,-16.1112
3.775,0,0,125,-16.0696
3.8,0,0,125,-16.0279
3.825,0,0,125,-15.9862
3.85,0,0,125,-15.9443
3.875,0,0,125,-15.9025
3.9,0,0,125,-15.8606
3.925,0,0,125,-15.8186
3.95,0,0,125,-15.7766
3.975,0,0,125,-15.7346
4,0,0,125,-15.6926
4.025,0,0,125,-15.6505
4.05,0,0,125,-15.6085
4.075,0,0,125,-15.5664
4.1,0,0,125,-15.5244
4.125,0,0,125,-15.4825
4.15,0,0,125,-15.4405
4.175,0,0,125,-15.3987
4.2,0,0,125,-15.3569
4.225,0,0,125,-15.3152
4.25,0,0,125,-15.2737
4.275,0,0,125,-15.2323
4.3,0,0,125,-15.191
4.325,0,0,125,-15.1499
4.35,0,0,125,-15.109
4.375,0,0,125,-15.0684
4.4,0,0,125,-15.0281
4.425,0,0,125,-14.988
4.45,0,0,125,-14.9483
4.475,0,0,125,-14.909
4.5,0,0,125,-14.8702
4.525,0,0,125,-14.8319
4.55,0,0,125,-14.7941
4.575,0,0,125,-14.757
4.6,0,0,125,-14.7206
4.625,0,0,125,-14.685
4.65,0,0,125,-14.6503
4.675,0,0,125,-14.6166
4.7,0,0,125,-14.5841
4.725,0,0,125,-14.5529
4.75,0,0,125,-14.5231
4.775,0,0,125,-14.4949
4.8,0,0,125,-14.4685
4.825,0,0,125,-14.4442
4.85,0,0,125,-14.422
4.875,0,0,125,-14.4023
4.9,0,0,125,-14.3854
4.925,0,0,125,-14.3715
4.95,0,0,125,-14.3608
4.975,0,0,125,-14.3535
5,0,0,125,-14.3498
