0,0,0,125,-45.6685
0.025,0,0,125,-45.6634
0.05,0,0,125,-45.6533
0.075,0,0,125,-45.6381
0.1,0,0,125,-45.6179
0.125,0,0,125,-45.5928
0.15,0,0,125,-45.5629
0.175,0,0,125,-45.5286
0.2,0,0,125,-45.49
0.225,0,0,125,-45.4473
0.25,0,0,125,-45.4006
0.275,0,0,125,-45.3502
0.3,0,0,125,-45.2961
0.325,0,0,125,-45.2385
0.35,0,0,125,-45.1775
0.375,0,0,125,-45.1132
0.4,0,0,125,-45.0458
0.425,0,0,125,-44.9753
0.45,0,0,125,-44.9019
0.475,0,0,125,-44.8257
0.5,0,0,125,-44.7468
0.525,0,0,125,-44.6652
0.55,0,0,125,-44.581
0.575,0,0,125,-44.4944
0.6,0,0,125,-44.4055
0.625,0,0,125,-44.3143
0.65,0,0,125,-44.2209
0.675,0,0,125,-44.1254
0.7,0,0,125,-44.0279
0.725,0,0,125,-43.9285
0.75,0,0,125,-43.8272
0.775,0,0,125,-43.7241
0.8,0,0,125,-43.6193
0.825,0,0,125,-43.5128
0.85,0,0,125,-43.4048
0.875,0,0,125,-43.2953
0.9,0,0,125,-43.1844
0.925,0,0,125,-43.0722
0.95,0,0,125,-42.9586
0.975,0,0,125,-42.8439
1,0,0,125,-42.728
1.025,0,0,125,-42.611
1.05,0,0,125,-42.493
1.075,0,0,125,-42.374
1.1,0,0,125,-42.2541
1.125,0,0,125,-42.1334
1.15,0,0,125,-42.0119
1.175,0,0,125,-41.8897
1.2,0,0,125,-41.7668
1.225,0,0,125,-41.6433
1.25,0,0,125,-41.5193
1.275,0,0,125,-41.3947
1.3,0,0,125,-41.2697
1.325,0,0,125,-41.1443
1.35,0,0,125,-41.0186
1.375,0,0,125,-40.8926
1.4,0,0,125,-40.7662
1.425,0,0,125,-40.6397
1.45,0,0,125,-40.513
1.475,0,0,125,-40.3862
1.5,0,0,125,-40.2593
1.525,0,0,125,-40.1324
1.55,0,0,125,-40.0054
1.575,0,0,125,-39.8785
1.6,0,0,125,-39.7517
1.625,0,0,125,-39.6249
1.65,0,0,125,-39.4983
1.675,0,0,125,-39.3719
1.7,0,0,125,-39.2456
1.725,0,0,125,-39.1196
1.75,0,0,125,-38.9938
1.775,0,0,125,-38.8683
1.8,0,0,125,-38.7431
1.825,0,0,125,-38.6183
1.85,0,0,125,-38.4937
1.875,0,0,125,-38.3696
1.9,0,0,125,-38.2458
1.925,0,0,125,-38.1224
1.95,0,0,125,-37.9995
1.975,0,0,125,-37.877
2,0,0,125,-37.7549
2.025,0,0,125,-37.6333
2.05,0,0,125,-37.5122
2.075,0,0,125,-37.3915
2.1,0,0,125,-37.2714
2.125,0,0,125,-37.1517
2.15,0,0,125,-37.0326
2.175,0,0,125,-36.9139
2.2,0,0,125,-36.7958
2.225,0,0,125,-36.6782
2.25,0,0,125,-36.5612
2.275,0,0,125,-36.4447
2.3,0,0,125,-36.3287
2.325,0,0,125,-36.2132
2.35,0,0,125,-36.0983
2.375,0,0,125,-35.9838
2.4,0,0,125,-35.87
2.425,0,0,125,-35.7566
2.45,0,0,125,-35.6438
2.475,0,0,125,-35.5315
2.5,0,0,125,-35.4197
2.525,0,0,125,-35.3084
2.55,0,0,125,-35.1976
2.575,0,0,125,-35.0873
2.6,0,0,125,-34.9774
2.625,0,0,125,-34.8681
2.65,0,0,125,-34.7592
2.675,0,0,125,-34.6508
2.7,0,0,125,-34.5429
2.725,0,0,125,-34.4354
2.75,0,0,125,-34.3283
2.775,0,0,125,-34.2217
2.8,0,0,125,-34.1155
2.825,0,0,125,-34.0097
2.85,0,0,125,-33.9043
2.875,0,0,125,-33.7992
2.9,0,0,125,-33.6946
2.925,0,0,125,-33.5903
2.95,0,0,125,-33.4864
2.975,0,0,125,-33.3828
3,0,0,125,-33.2796
3.025,0,0,125,-33.1767
3.05,0,0,125,-33.074
3.075,0,0,125,-32.9718
3.1,0,0,125,-32.8698
3.125,0,0,125,-32.768
3.15,0,0,125,-32.6666
3.175,0,0,125,-32.5654
3.2,0,0,125,-32.4645
3.225,0,0,125,-32.3638
3.25,0,0,125,-32.2634
3.275,0,0,125,-32.1632
3.3,0,0,125,-32.0632
3.325,0,0,125,-31.9635
3.35,0,0,125,-31.864
3.375,0,0,125,-31.7646
3.4,0,0,125,-31.6655
3.425,0,0,125,-31.5666
3.45,0,0,125,-31.4679
3.475,0,0,125,-31.3694
3.5,0,0,125,-31.271
3.525,0,0,125,-31.1729
3.55,0,0,125,-31.075
3.575,0,0,125,-30.9773
3.6,0,0,125,-30.8797
3.625,0,0,125,-30.7824
3.65,0,0,125,-30.6853
3.675,0,0,125,-30.5884
3.7,0,0,125,-30.4917
3.725,0,0,125,-30.3952
3.75,0,0,125,-30.299
3.775,0,0,125,-30.203
3.8,0,0,125,-30.1073
3.825,0,0,125,-30.0119
3.85,0,0,125,-29.9168
3.875,0,0,125,-29.8219
3.9,0,0,125,-29.7274
3.925,0,0,125,-29.6333
3.95,0,0,125,-29.5395
3.975,0,0,125,-29.4462
4,0,0,125,-29.3533
4.025,0,0,125,-29.2608
4.05,0,0,125,-29.1688
4.075,0,0,125,-29.0774
4.1,0,0,125,-28.9865
4.125,0,0,125,-28.8962
4.15,0,0,125,-28.8066
4.175,0,0,125,-28.7177
4.2,0,0,125,-28.6296
4.225,0,0,125,-28.5423
4.25,0,0,125,-28.4558
4.275,0,0,125,-28.3702
4.3,0,0,125,-28.2857
4.325,0,0,125,-28.2022
4.35,0,0,125,-28.1198
4.375,0,0,125,-28.0387
4.4,0,0,125,-27.9588
4.425,0,0,125,-27.8803
4.45,0,0,125,-27.8033
4.475,0,0,125,-27.7279
4.5,0,0,125,-27.6542
4.525,0,0,125,-27.5822
4.55,0,0,125,-27.5122
4.575,0,0,125,-27.4442
4.6,0,0,125,-27.3783
4.625,0,0,125,-27.3148
4.65,0,0,125,-27.2538
4.675,0,0,125,-27.1954
4.7,0,0,125,-27.1397
4.725,0,0,125,-27.0871
4.75,0,0,125,-27.0376
4.775,0,0,125,-26.9915
4.8,0,0,125,-26.949
4.825,0,0,125,-26.9103
4.85,0,0,125,-26.8756
4.875,0,0,125,-26.8453
4.9,0,0,125,-26.8195
4.925,0,0,125,-26.7985
4.95,0,0,125,-26.7825
4.975,0,0,125,-26.7717
5,0,0,125,-26.7663
