0,0,0,125,-17.6942
0.025,0,0,125,-17.6904
0.05,0,0,125,-17.6827
0.075,0,0,125,-17.6713
0.1,0,0,125,-17.6561
0.125,0,0,125,-17.6375
0.15,0,0,125,-17.6155
0.175,0,0,125,-17.5907
0.2,0,0,125,-17.5633
0.225,0,0,125,-17.5337
0.25,0,0,125,-17.502
0.275,0,0,125,-17.4685
0.3,0,0,125,-17.4335
0.325,0,0,125,-17.3969
0.35,0,0,125,-17.3591
0.375,0,0,125,-17.3202
0.4,0,0,125,-17.2802
0.425,0,0,125,-17.2393
0.45,0,0,125,-17.1976
0.475,0,0,125,-17.1552
0.5,0,0,125,-17.1121
0.525,0,0,125,-17.0686
0.55,0,0,125,-17.0245
0.575,0,0,125,-16.9801
0.6,0,0,125,-16.9353
0.625,0,0,125,-16.8901
0.65,0,0,125,-16.8447
0.675,0,0,125,-16.7991
0.7,0,0,125,-16.7533
0.725,0,0,125,-16.7074
0.75,0,0,125,-16.6613
0.775,0,0,125,-16.6151
0.8,0,0,125,-16.5688
0.825,0,0,125,-16.5224
0.85,0,0,125,-16.476
0.875,0,0,125,-16.4295
0.9,0,0,125,-16.383
0.925,0,0,125,-16.3365
0.95,0,0,125,-16.2899
0.975,0,0,125,-16.2434
1,0,0,125,-16.1968
1.025,0,0,125,-16.1502
1.05,0,0,125,-16.1036
1.075,0,0,125,-16.0571
1.1,0,0,125,-16.0104
1.125,0,0,125,-15.9638
1.15,0,0,125,-15.9172
1.175,0,0,125,-15.8706
1.2,0,0,125,-15.8239
1.225,0,0,125,-15.7772
1.25,0,0,125,-15.7305
1.275,0,0,125,-15.6837
1.3,0,0,125,-15.6369
1.325,0,0,125,-15.5901
1.35,0,0,125,-15.5431
1.375,0,0,125,-15.4962
1.4,0,0,125,-15.4491
1.425,0,0,125,-15.402
1.45,0,0,125,-15.3548
1.475,0,0,125,-15.3075
1.5,0,0,125,-15.2601
1.525,0,0,125,-15.2126
1.55,0,0,125,-15.165
1.575,0,0,125,-15.1172
1.6,0,0,125,-15.0693
1.625,0,0,125,-15.0213
1.65,0,0,125,-14.9731
1.675,0,0,125,-14.9247
1.7,0,0,125,-14.8761
1.725,0,0,125,-14.8273
1.75,0,0,125,-14.7784
1.775,0,0,125,-14.7292
1.8,0,0,125,-14.6798
1.825,0,0,125,-14.6301
1.85,0,0,125,-14.5803
1.875,0,0,125,-14.5301
1.9,0,0,125,-14.4797
1.925,0,0,125,-14.429
1.95,0,0,125,-14.378
1.975,0,0,125,-14.3267
2,0,0,125,-14.2751
2.025,0,0,125,-14.2232
2.05,0,0,125,-14.1709
2.075,0,0,125,-14.1182
2.1,0,0,125,-14.0652
2.125,0,0,125,-14.0118
2.15,0,0,125,-13.958
2.175,0,0,125,-13.9038
2.2,0,0,125,-13.8491
2.225,0,0,125,-13.794
2.25,0,0,125,-13.7385
2.275,0,0,125,-13.6825
2.3,0,0,125,-13.626
2.325,0,0,125,-13.569
2.35,0,0,125,-13.5115
2.375,0,0,125,-13.4534
2.4,0,0,125,-13.3948
2.425,0,0,125,-13.3356
2.45,0,0,125,-13.2759
2.475,0,0,125,-13.2155
2.5,0,0,125,-13.1546
2.525,0,0,125,-13.093
2.55,0,0,125,-13.0307
2.575,0,0,125,-12.9678
2.6,0,0,125,-12.9042
2.625,0,0,125,-12.8398
2.65,0,0,125,-12.7748
2.675,0,0,125,-12.709
2.7,0,0,125,-12.6424
2.725,0,0,125,-12.575
2.75,0,0,125,-12.5068
2.775,0,0,125,-12.4377
2.8,0,0,125,-12.3678
2.825,0,0,125,-12.297
2.85,0,0,125,-12.2252
2.875,0,0,125,-12.1526
2.9,0,0,125,-12.0789
2.925,0,0,125,-12.0043
2.95,0,0,125,-11.9286
2.975,0,0,125,-11.8519
3,0,0,125,-11.7741
3.025,0,0,125,-11.6952
3.05,0,0,125,-11.6151
3.075,0,0,125,-11.5339
3.1,0,0,125,-11.4514
3.125,0,0,125,-11.3677
3.15,0,0,125,-11.2828
3.175,0,0,125,-11.1965
3.2,0,0,125,-11.1088
3.225,0,0,125,-11.0198
3.25,0,0,125,-10.9293
3.275,0,0,125,-10.8373
3.3,0,0,125,-10.7438
3.325,0,0,125,-10.6488
3.35,0,0,125,-10.5521
3.375,0,0,125,-10.4538
3.4,0,0,125,-10.3539
3.425,0,0,125,-10.2521
3.45,0,0,125,-10.1486
3.475,0,0,125,-10.0432
3.5,0,0,125,-9.93596
3.525,0,0,125,-9.82675
3.55,0,0,125,-9.71555
3.575,0,0,125,-9.60228
3.6,0,0,125,-9.48691
3.625,0,0,125,-9.36937
3.65,0,0,125,-9.24961
3.675,0,0,125,-9.12757
3.7,0,0,125,-9.00319
3.725,0,0,125,-8.87642
3.75,0,0,125,-8.74721
3.775,0,0,125,-8.6155
3.8,0,0,125,-8.48123
3.825,0,0,125,-8.34436
3.85,0,0,125,-8.20484
3.875,0,0,125,-8.06262
3.9,0,0,125,-7.91767
3.925,0,0,125,-7.76995
3.95,0,0,125,-7.61944
3.975,0,0,125,-7.46611
4,0,0,125,-7.30995
4.025,0,0,125,-7.15097
4.05,0,0,125,-6.98916
4.075,0,0,125,-6.82457
4.1,0,0,125,-6.65723
4.125,0,0,125,-6.48718
4.15,0,0,125,-6.31451
4.175,0,0,125,-6.1393
4.2,0,0,125,-5.96167
4.225,0,0,125,-5.78176
4.25,0,0,125,-5.59973
4.275,0,0,125,-5.41577
4.3,0,0,125,-5.2301
4.325,0,0,125,-5.04298
4.35,0,0,125,-4.85469
4.375,0,0,125,-4.66555
4.4,0,0,125,-4.47592
4.425,0,0,125,-4.2862
4.45,0,0,125,-4.09682
4.475,0,0,125,-3.90826
4.5,0,0,125,-3.72101
4.525,0,0,125,-3.53564
4.55,0,0,125,-3.35272
4.575,0,0,125,-3.17289
4.6,0,0,125,-2.9968
4.625,0,0,125,-2.82514
4.65,0,0,125,-2.65863
4.675,0,0,125,-2.49801
4.7,0,0,125,-2.34404
4.725,0,0,125,-2.19751
4.75,0,0,125,-2.05921
4.775,0,0,125,-1.92994
4.8,0,0,125,-1.81049
4.825,0,0,125,-1.70166
4.85,0,0,125,-1.60423
4.875,0,0,125,-1.51896
4.9,0,0,125,-1.44657
4.925,0,0,125,-1.38772
4.95,0,0,125,-1.34301
4.975,0,0,125,-1.31291
5,0,0,125,-1.29778
