0,0,0,25,-4.60311
0.005,0,0,25,-4.603
0.01,0,0,25,-4.60279
0.015,0,0,25,-4.60246
0.02,0,0,25,-4.60202
0.025,0,0,25,-4.60148
0.03,0,0,25,-4.60084
0.035,0,0,25,-4.60008
0.04,0,0,25,-4.59923
0.045,0,0,25,-4.59828
0.05,0,0,25,-4.59722
0.055,0,0,25,-4.59607
0.06,0,0,25,-4.59482
0.065,0,0,25,-4.59348
0.07,0,0,25,-4.59204
0.075,0,0,25,-4.59052
0.08,0,0,25,-4.5889
0.085,0,0,25,-4.58719
0.09,0,0,25,-4.5854
0.095,0,0,25,-4.58351
0.1,0,0,25,-4.58155
0.105,0,0,25,-4.5795
0.11,0,0,25,-4.57737
0.115,0,0,25,-4.57515
0.12,0,0,25,-4.57286
0.125,0,0,25,-4.57049
0.13,0,0,25,-4.56804
0.135,0,0,25,-4.56551
0.14,0,0,25,-4.56291
0.145,0,0,25,-4.56024
0.15,0,0,25,-4.55749
0.155,0,0,25,-4.55467
0.16,0,0,25,-4.55178
0.165,0,0,25,-4.54882
0.17,0,0,25,-4.5458
0.175,0,0,25,-4.5427
0.18,0,0,25,-4.53954
0.185,0,0,25,-4.53631
0.19,0,0,25,-4.53302
0.195,0,0,25,-4.52966
0.2,0,0,25,-4.52624
0.205,0,0,25,-4.52275
0.21,0,0,25,-4.51921
0.215,0,0,25,-4.5156
0.22,0,0,25,-4.51194
0.225,0,0,25,-4.50821
0.23,0,0,25,-4.50443
0.235,0,0,25,-4.50059
0.24,0,0,25,-4.49669
0.245,0,0,25,-4.49273
0.25,0,0,25,-4.48872
0.255,0,0,25,-4.48466
0.26,0,0,25,-4.48054
0.265,0,0,25,-4.47636
0.27,0,0,25,-4.47214
0.275,0,0,25,-4.46786
0.28,0,0,25,-4.46352
0.285,0,0,25,-4.45914
0.29,0,0,25,-4.45471
0.295,0,0,25,-4.45022
0.3,0,0,25,-4.44569
0.305,0,0,25,-4.4411
0.31,0,0,25,-4.43647
0.315,0,0,25,-4.43179
0.32,0,0,25,-4.42706
0.325,0,0,25,-4.42228
0.33,0,0,25,-4.41746
0.335,0,0,25,-4.41258
0.34,0,0,25,-4.40767
0.345,0,0,25,-4.4027
0.35,0,0,25,-4.39769
0.355,0,0,25,-4.39264
0.36,0,0,25,-4.38754
0.365,0,0,25,-4.3824
0.37,0,0,25,-4.37721
0.375,0,0,25,-4.37198
0.38,0,0,25,-4.36671
0.385,0,0,25,-4.36139
0.39,0,0,25,-4.35603
0.395,0,0,25,-4.35062
0.4,0,0,25,-4.34518
0.405,0,0,25,-4.33969
0.41,0,0,25,-4.33416
0.415,0,0,25,-4.32859
0.42,0,0,25,-4.32298
0.425,0,0,25,-4.31733
0.43,0,0,25,-4.31164
0.435,0,0,25,-4.3059
0.44,0,0,25,-4.30013
0.445,0,0,25,-4.29432
0.45,0,0,25,-4.28846
0.455,0,0,25,-4.28257
0.46,0,0,25,-4.27664
0.465,0,0,25,-4.27066
0.47,0,0,25,-4.26465
0.475,0,0,25,-4.2586
0.48,0,0,25,-4.25252
0.485,0,0,25,-4.24639
0.49,0,0,25,-4.24022
0.495,0,0,25,-4.23402
0.5,0,0,25,-4.22778
0.505,0,0,25,-4.2215
0.51,0,0,25,-4.21518
0.515,0,0,25,-4.20882
0.52,0,0,25,-4.20243
0.525,0,0,25,-4.196
0.53,0,0,25,-4.18953
0.535,0,0,25,-4.18303
0.54,0,0,25,-4.17649
0.545,0,0,25,-4.16991
0.55,0,0,25,-4.16329
0.555,0,0,25,-4.15664
0.56,0,0,25,-4.14995
0.565,0,0,25,-4.14322
0.57,0,0,25,-4.13645
0.575,0,0,25,-4.12965
0.58,0,0,25,-4.12282
0.585,0,0,25,-4.11594
0.59,0,0,25,-4.10903
0.595,0,0,25,-4.10209
0.6,0,0,25,-4.09511
0.605,0,0,25,-4.08809
0.61,0,0,25,-4.08103
0.615,0,0,25,-4.07394
0.62,0,0,25,-4.06681
0.625,0,0,25,-4.05965
0.63,0,0,25,-4.05245
0.635,0,0,25,-4.04521
0.64,0,0,25,-4.03794
0.645,0,0,25,-4.03063
0.65,0,0,25,-4.02329
0.655,0,0,25,-4.0159
0.66,0,0,25,-4.00849
0.665,0,0,25,-4.00103
0.67,0,0,25,-3.99355
0.675,0,0,25,-3.98602
0.68,0,0,25,-3.97846
0.685,0,0,25,-3.97086
0.69,0,0,25,-3.96323
0.695,0,0,25,-3.95556
0.7,0,0,25,-3.94785
0.705,0,0,25,-3.94011
0.71,0,0,25,-3.93233
0.715,0,0,25,-3.92452
0.72,0,0,25,-3.91667
0.725,0,0,25,-3.90878
0.73,0,0,25,-3.90086
0.735,0,0,25,-3.8929
0.74,0,0,25,-3.8849
0.745,0,0,25,-3.87687
0.75,0,0,25,-3.8688
0.755,0,0,25,-3.86069
0.76,0,0,25,-3.85255
0.765,0,0,25,-3.84437
0.77,0,0,25,-3.83616
0.775,0,0,25,-3.8279
0.78,0,0,25,-3.81961
0.785,0,0,25,-3.81129
0.79,0,0,25,-3.80293
0.795,0,0,25,-3.79453
0.8,0,0,25,-3.78609
0.805,0,0,25,-3.77761
0.81,0,0,25,-3.7691
0.815,0,0,25,-3.76056
0.82,0,0,25,-3.75197
0.825,0,0,25,-3.74335
0.83,0,0,25,-3.73469
0.835,0,0,25,-3.72599
0.84,0,0,25,-3.71725
0.845,0,0,25,-3.70848
0.85,0,0,25,-3.69967
0.855,0,0,25,-3.69082
0.86,0,0,25,-3.68193
0.865,0,0,25,-3.673
0.87,0,0,25,-3.66404
0.875,0,0,25,-3.65504
0.88,0,0,25,-3.646
0.885,0,0,25,-3.63692
0.89,0,0,25,-3.6278
0.895,0,0,25,-3.61865
0.9,0,0,25,-3.60945
0.905,0,0,25,-3.60022
0.91,0,0,25,-3.59095
0.915,0,0,25,-3.58164
0.92,0,0,25,-3.57229
0.925,0,0,25,-3.5629
0.93,0,0,25,-3.55347
0.935,0,0,25,-3.544
0.94,0,0,25,-3.53449
0.945,0,0,25,-3.52495
0.95,0,0,25,-3.51536
0.955,0,0,25,-3.50573
0.96,0,0,25,-3.49606
0.965,0,0,25,-3.48636
0.97,0,0,25,-3.47661
0.975,0,0,25,-3.46682
0.98,0,0,25,-3.45699
0.985,0,0,25,-3.44712
0.99,0,0,25,-3.43721
0.995,0,0,25,-3.42726
1,0,0,25,-3.41727
1.005,0,0,25,-3.40723
1.01,0,0,25,-3.39716
1.015,0,0,25,-3.38704
1.02,0,0,25,-3.37689
1.025,0,0,25,-3.36669
1.03,0,0,25,-3.35645
1.035,0,0,25,-3.34616
1.04,0,0,25,-3.33584
1.045,0,0,25,-3.32547
1.05,0,0,25,-3.31506
1.055,0,0,25,-3.30461
1.06,0,0,25,-3.29411
1.065,0,0,25,-3.28357
1.07,0,0,25,-3.27299
1.075,0,0,25,-3.26237
1.08,0,0,25,-3.2517
1.085,0,0,25,-3.24099
1.09,0,0,25,-3.23023
1.095,0,0,25,-3.21943
1.1,0,0,25,-3.20859
1.105,0,0,25,-3.1977
1.11,0,0,25,-3.18677
1.115,0,0,25,-3.1758
1.12,0,0,25,-3.16478
1.125,0,0,25,-3.15371
1.13,0,0,25,-3.1426
1.135,0,0,25,-3.13145
1.14,0,0,25,-3.12025
1.145,0,0,25,-3.109
1.15,0,0,25,-3.09771
1.155,0,0,25,-3.08638
1.16,0,0,25,-3.07499
1.165,0,0,25,-3.06356
1.17,0,0,25,-3.05209
1.175,0,0,25,-3.04057
1.18,0,0,25,-3.029
1.185,0,0,25,-3.01738
1.19,0,0,25,-3.00572
1.195,0,0,25,-2.99401
1.2,0,0,25,-2.98226
1.205,0,0,25,-2.97045
1.21,0,0,25,-2.9586
1.215,0,0,25,-2.9467
1.22,0,0,25,-2.93475
1.225,0,0,25,-2.92276
1.23,0,0,25,-2.91071
1.235,0,0,25,-2.89862
1.24,0,0,25,-2.88648
1.245,0,0,25,-2.87428
1.25,0,0,25,-2.86204
1.255,0,0,25,-2.84975
1.26,0,0,25,-2.83741
1.265,0,0,25,-2.82502
1.27,0,0,25,-2.81258
1.275,0,0,25,-2.80009
1.28,0,0,25,-2.78755
1.285,0,0,25,-2.77496
1.29,0,0,25,-2.76232
1.295,0,0,25,-2.74963
1.3,0,0,25,-2.73688
1.305,0,0,25,-2.72408
1.31,0,0,25,-2.71124
1.315,0,0,25,-2.69834
1.32,0,0,25,-2.68539
1.325,0,0,25,-2.67238
1.33,0,0,25,-2.65932
1.335,0,0,25,-2.64621
1.34,0,0,25,-2.63305
1.345,0,0,25,-2.61983
1.35,0,0,25,-2.60656
1.355,0,0,25,-2.59324
1.36,0,0,25,-2.57986
1.365,0,0,25,-2.56643
1.37,0,0,25,-2.55295
1.375,0,0,25,-2.5394
1.38,0,0,25,-2.52581
1.385,0,0,25,-2.51216
1.39,0,0,25,-2.49845
1.395,0,0,25,-2.48469
1.4,0,0,25,-2.47087
1.405,0,0,25,-2.457
1.41,0,0,25,-2.44307
1.415,0,0,25,-2.42908
1.42,0,0,25,-2.41504
1.425,0,0,25,-2.40094
1.43,0,0,25,-2.38678
1.435,0,0,25,-2.37257
1.44,0,0,25,-2.35829
1.445,0,0,25,-2.34396
1.45,0,0,25,-2.32957
1.455,0,0,25,-2.31513
1.46,0,0,25,-2.30062
1.465,0,0,25,-2.28605
1.47,0,0,25,-2.27143
1.475,0,0,25,-2.25674
1.48,0,0,25,-2.242
1.485,0,0,25,-2.2272
1.49,0,0,25,-2.21233
1.495,0,0,25,-2.19741
1.5,0,0,25,-2.18242
1.505,0,0,25,-2.16737
1.51,0,0,25,-2.15226
1.515,0,0,25,-2.13709
1.52,0,0,25,-2.12186
1.525,0,0,25,-2.10657
1.53,0,0,25,-2.09121
1.535,0,0,25,-2.07579
1.54,0,0,25,-2.06031
1.545,0,0,25,-2.04476
1.55,0,0,25,-2.02915
1.555,0,0,25,-2.01348
1.56,0,0,25,-1.99774
1.565,0,0,25,-1.98194
1.57,0,0,25,-1.96607
1.575,0,0,25,-1.95014
1.58,0,0,25,-1.93414
1.585,0,0,25,-1.91807
1.59,0,0,25,-1.90195
1.595,0,0,25,-1.88575
1.6,0,0,25,-1.86949
1.605,0,0,25,-1.85316
1.61,0,0,25,-1.83676
1.615,0,0,25,-1.8203
1.62,0,0,25,-1.80377
1.625,0,0,25,-1.78717
1.63,0,0,25,-1.7705
1.635,0,0,25,-1.75377
1.64,0,0,25,-1.73696
1.645,0,0,25,-1.72009
1.65,0,0,25,-1.70314
1.655,0,0,25,-1.68613
1.66,0,0,25,-1.66905
1.665,0,0,25,-1.65189
1.67,0,0,25,-1.63467
1.675,0,0,25,-1.61737
1.68,0,0,25,-1.6
1.685,0,0,25,-1.58256
1.69,0,0,25,-1.56505
1.695,0,0,25,-1.54747
1.7,0,0,25,-1.52981
1.705,0,0,25,-1.51208
1.71,0,0,25,-1.49428
1.715,0,0,25,-1.4764
1.72,0,0,25,-1.45845
1.725,0,0,25,-1.44043
1.73,0,0,25,-1.42233
1.735,0,0,25,-1.40415
1.74,0,0,25,-1.3859
1.745,0,0,25,-1.36758
1.75,0,0,25,-1.34917
1.755,0,0,25,-1.3307
1.76,0,0,25,-1.31214
1.765,0,0,25,-1.29351
1.77,0,0,25,-1.2748
1.775,0,0,25,-1.25601
1.78,0,0,25,-1.23715
1.785,0,0,25,-1.2182
1.79,0,0,25,-1.19918
1.795,0,0,25,-1.18008
1.8,0,0,25,-1.1609
1.805,0,0,25,-1.14164
1.81,0,0,25,-1.12229
1.815,0,0,25,-1.10287
1.82,0,0,25,-1.08337
1.825,0,0,25,-1.06378
1.83,0,0,25,-1.04412
1.835,0,0,25,-1.02437
1.84,0,0,25,-1.00454
1.845,0,0,25,-0.984625
1.85,0,0,25,-0.964628
1.855,0,0,25,-0.944548
1.86,0,0,25,-0.924384
1.865,0,0,25,-0.904135
1.87,0,0,25,-0.883802
1.875,0,0,25,-0.863384
1.88,0,0,25,-0.842881
1.885,0,0,25,-0.822291
1.89,0,0,25,-0.801616
1.895,0,0,25,-0.780854
1.9,0,0,25,-0.760005
1.905,0,0,25,-0.739069
1.91,0,0,25,-0.718045
1.915,0,0,25,-0.696933
1.92,0,0,25,-0.675733
1.925,0,0,25,-0.654443
1.93,0,0,25,-0.633065
1.935,0,0,25,-0.611596
1.94,0,0,25,-0.590038
1.945,0,0,25,-0.568389
1.95,0,0,25,-0.54665
1.955,0,0,25,-0.524819
1.96,0,0,25,-0.502896
1.965,0,0,25,-0.480882
1.97,0,0,25,-0.458775
1.975,0,0,25,-0.436575
1.98,0,0,25,-0.414282
1.985,0,0,25,-0.391895
1.99,0,0,25,-0.369415
1.995,0,0,25,-0.346839
2,0,0,25,-0.324169
2.005,0,0,25,-0.301404
2.01,0,0,25,-0.278542
2.015,0,0,25,-0.255585
2.02,0,0,25,-0.232531
2.025,0,0,25,-0.20938
2.03,0,0,25,-0.186132
2.035,0,0,25,-0.162786
2.04,0,0,25,-0.139342
2.045,0,0,25,-0.115799
2.05,0,0,25,-0.092157
2.055,0,0,25,-0.0684156
2.06,0,0,25,-0.0445742
2.065,0,0,25,-0.0206324
2.07,0,0,25,0.00341015
2.075,0,0,25,0.0275539
2.08,0,0,25,0.0517993
2.085,0,0,25,0.0761468
2.09,0,0,25,0.100597
2.095,0,0,25,0.12515
2.1,0,0,25,0.149806
2.105,0,0,25,0.174566
2.11,0,0,25,0.19943
2.115,0,0,25,0.2244
2.12,0,0,25,0.249474
2.125,0,0,25,0.274654
2.13,0,0,25,0.299939
2.135,0,0,25,0.325332
2.14,0,0,25,0.350831
2.145,0,0,25,0.376437
2.15,0,0,25,0.402152
2.155,0,0,25,0.427974
2.16,0,0,25,0.453906
2.165,0,0,25,0.479946
2.17,0,0,25,0.506096
2.175,0,0,25,0.532357
2.18,0,0,25,0.558727
2.185,0,0,25,0.585209
2.19,0,0,25,0.611802
2.195,0,0,25,0.638507
2.2,0,0,25,0.665324
2.205,0,0,25,0.692254
2.21,0,0,25,0.719298
2.215,0,0,25,0.746455
2.22,0,0,25,0.773726
2.225,0,0,25,0.801112
2.23,0,0,25,0.828613
2.235,0,0,25,0.85623
2.24,0,0,25,0.883962
2.245,0,0,25,0.911812
2.25,0,0,25,0.939778
2.255,0,0,25,0.967861
2.26,0,0,25,0.996063
2.265,0,0,25,1.02438
2.27,0,0,25,1.05282
2.275,0,0,25,1.08138
2.28,0,0,25,1.11006
2.285,0,0,25,1.13886
2.29,0,0,25,1.16777
2.295,0,0,25,1.19681
2.3,0,0,25,1.22598
2.305,0,0,25,1.25526
2.31,0,0,25,1.28467
2.315,0,0,25,1.3142
2.32,0,0,25,1.34385
2.325,0,0,25,1.37363
2.33,0,0,25,1.40353
2.335,0,0,25,1.43355
2.34,0,0,25,1.46371
2.345,0,0,25,1.49399
2.35,0,0,25,1.52439
2.355,0,0,25,1.55492
2.36,0,0,25,1.58558
2.365,0,0,25,1.61637
2.37,0,0,25,1.64728
2.375,0,0,25,1.67833
2.38,0,0,25,1.7095
2.385,0,0,25,1.74081
2.39,0,0,25,1.77224
2.395,0,0,25,1.8038
2.4,0,0,25,1.8355
2.405,0,0,25,1.86733
2.41,0,0,25,1.89929
2.415,0,0,25,1.93138
2.42,0,0,25,1.96361
2.425,0,0,25,1.99597
2.43,0,0,25,2.02846
2.435,0,0,25,2.06109
2.44,0,0,25,2.09385
2.445,0,0,25,2.12675
2.45,0,0,25,2.15979
2.455,0,0,25,2.19296
2.46,0,0,25,2.22627
2.465,0,0,25,2.25971
2.47,0,0,25,2.2933
2.475,0,0,25,2.32702
2.48,0,0,25,2.36088
2.485,0,0,25,2.39489
2.49,0,0,25,2.42903
2.495,0,0,25,2.46331
2.5,0,0,25,2.49773
2.505,0,0,25,2.5323
2.51,0,0,25,2.56701
2.515,0,0,25,2.60185
2.52,0,0,25,2.63685
2.525,0,0,25,2.67198
2.53,0,0,25,2.70726
2.535,0,0,25,2.74269
2.54,0,0,25,2.77825
2.545,0,0,25,2.81397
2.55,0,0,25,2.84983
2.555,0,0,25,2.88583
2.56,0,0,25,2.92199
2.565,0,0,25,2.95829
2.57,0,0,25,2.99474
2.575,0,0,25,3.03133
2.58,0,0,25,3.06808
2.585,0,0,25,3.10497
2.59,0,0,25,3.14201
2.595,0,0,25,3.17921
2.6,0,0,25,3.21655
2.605,0,0,25,3.25405
2.61,0,0,25,3.29169
2.615,0,0,25,3.32949
2.62,0,0,25,3.36744
2.625,0,0,25,3.40555
2.63,0,0,25,3.44381
2.635,0,0,25,3.48222
2.64,0,0,25,3.52078
2.645,0,0,25,3.55951
2.65,0,0,25,3.59838
2.655,0,0,25,3.63741
2.66,0,0,25,3.6766
2.665,0,0,25,3.71595
2.67,0,0,25,3.75545
2.675,0,0,25,3.79511
2.68,0,0,25,3.83493
2.685,0,0,25,3.8749
2.69,0,0,25,3.91504
2.695,0,0,25,3.95533
2.7,0,0,25,3.99579
2.705,0,0,25,4.0364
2.71,0,0,25,4.07718
2.715,0,0,25,4.11811
2.72,0,0,25,4.15921
2.725,0,0,25,4.20047
2.73,0,0,25,4.2419
2.735,0,0,25,4.28348
2.74,0,0,25,4.32523
2.745,0,0,25,4.36715
2.75,0,0,25,4.40923
2.755,0,0,25,4.45147
2.76,0,0,25,4.49388
2.765,0,0,25,4.53645
2.77,0,0,25,4.57919
2.775,0,0,25,4.6221
2.78,0,0,25,4.66517
2.785,0,0,25,4.70841
2.79,0,0,25,4.75182
2.795,0,0,25,4.79539
2.8,0,0,25,4.83914
2.805,0,0,25,4.88305
2.81,0,0,25,4.92714
2.815,0,0,25,4.97139
2.82,0,0,25,5.01581
2.825,0,0,25,5.06041
2.83,0,0,25,5.10517
2.835,0,0,25,5.15011
2.84,0,0,25,5.19522
2.845,0,0,25,5.2405
2.85,0,0,25,5.28595
2.855,0,0,25,5.33158
2.86,0,0,25,5.37738
2.865,0,0,25,5.42335
2.87,0,0,25,5.4695
2.875,0,0,25,5.51583
2.88,0,0,25,5.56232
2.885,0,0,25,5.609
2.89,0,0,25,5.65585
2.895,0,0,25,5.70287
2.9,0,0,25,5.75007
2.905,0,0,25,5.79745
2.91,0,0,25,5.84501
2.915,0,0,25,5.89274
2.92,0,0,25,5.94065
2.925,0,0,25,5.98874
2.93,0,0,25,6.03701
2.935,0,0,25,6.08546
2.94,0,0,25,6.13408
2.945,0,0,25,6.18289
2.95,0,0,25,6.23188
2.955,0,0,25,6.28104
2.96,0,0,25,6.33039
2.965,0,0,25,6.37992
2.97,0,0,25,6.42963
2.975,0,0,25,6.47952
2.98,0,0,25,6.5296
2.985,0,0,25,6.57985
2.99,0,0,25,6.63029
2.995,0,0,25,6.68091
3,0,0,25,6.73172
3.005,0,0,25,6.78271
3.01,0,0,25,6.83388
3.015,0,0,25,6.88523
3.02,0,0,25,6.93678
3.025,0,0,25,6.9885
3.03,0,0,25,7.04041
3.035,0,0,25,7.09251
3.04,0,0,25,7.14479
3.045,0,0,25,7.19726
3.05,0,0,25,7.24991
3.055,0,0,25,7.30275
3.06,0,0,25,7.35578
3.065,0,0,25,7.40899
3.07,0,0,25,7.46239
3.075,0,0,25,7.51598
3.08,0,0,25,7.56976
3.085,0,0,25,7.62372
3.09,0,0,25,7.67788
3.095,0,0,25,7.73222
3.1,0,0,25,7.78675
3.105,0,0,25,7.84147
3.11,0,0,25,7.89637
3.115,0,0,25,7.95147
3.12,0,0,25,8.00676
3.125,0,0,25,8.06224
3.13,0,0,25,8.1179
3.135,0,0,25,8.17376
3.14,0,0,25,8.22981
3.145,0,0,25,8.28605
3.15,0,0,25,8.34247
3.155,0,0,25,8.39909
3.16,0,0,25,8.45591
3.165,0,0,25,8.51291
3.17,0,0,25,8.5701
3.175,0,0,25,8.62749
3.18,0,0,25,8.68507
3.185,0,0,25,8.74284
3.19,0,0,25,8.8008
3.195,0,0,25,8.85895
3.2,0,0,25,8.9173
3.205,0,0,25,8.97584
3.21,0,0,25,9.03457
3.215,0,0,25,9.0935
3.22,0,0,25,9.15262
3.225,0,0,25,9.21193
3.23,0,0,25,9.27144
3.235,0,0,25,9.33114
3.24,0,0,25,9.39103
3.245,0,0,25,9.45112
3.25,0,0,25,9.5114
3.255,0,0,25,9.57187
3.26,0,0,25,9.63254
3.265,0,0,25,9.6934
3.27,0,0,25,9.75446
3.275,0,0,25,9.81571
3.28,0,0,25,9.87716
3.285,0,0,25,9.9388
3.29,0,0,25,10.0006
3.295,0,0,25,10.0627
3.3,0,0,25,10.1249
3.305,0,0,25,10.1873
3.31,0,0,25,10.2499
3.315,0,0,25,10.3127
3.32,0,0,25,10.3757
3.325,0,0,25,10.4389
3.33,0,0,25,10.5023
3.335,0,0,25,10.5659
3.34,0,0,25,10.6297
3.345,0,0,25,10.6937
3.35,0,0,25,10.7578
3.355,0,0,25,10.8222
3.36,0,0,25,10.8868
3.365,0,0,25,10.9515
3.37,0,0,25,11.0165
3.375,0,0,25,11.0816
3.38,0,0,25,11.147
3.385,0,0,25,11.2125
3.39,0,0,25,11.2783
3.395,0,0,25,11.3442
3.4,0,0,25,11.4103
3.405,0,0,25,11.4766
3.41,0,0,25,11.5431
3.415,0,0,25,11.6099
3.42,0,0,25,11.6768
3.425,0,0,25,11.7439
3.43,0,0,25,11.8111
3.435,0,0,25,11.8786
3.44,0,0,25,11.9463
3.445,0,0,25,12.0142
3.45,0,0,25,12.0823
3.455,0,0,25,12.1505
3.46,0,0,25,12.219
3.465,0,0,25,12.2876
3.47,0,0,25,12.3565
3.475,0,0,25,12.4255
3.48,0,0,25,12.4948
3.485,0,0,25,12.5642
3.49,0,0,25,12.6338
3.495,0,0,25,12.7036
3.5,0,0,25,12.7737
3.505,0,0,25,12.8439
3.51,0,0,25,12.9143
3.515,0,0,25,12.9848
3.52,0,0,25,13.0556
3.525,0,0,25,13.1266
3.53,0,0,25,13.1978
3.535,0,0,25,13.2691
3.54,0,0,25,13.3407
3.545,0,0,25,13.4124
3.55,0,0,25,13.4844
3.555,0,0,25,13.5565
3.56,0,0,25,13.6288
3.565,0,0,25,13.7013
3.57,0,0,25,13.774
3.575,0,0,25,13.8469
3.58,0,0,25,13.92
3.585,0,0,25,13.9933
3.59,0,0,25,14.0667
3.595,0,0,25,14.1404
3.6,0,0,25,14.2142
3.605,0,0,25,14.2883
3.61,0,0,25,14.3625
3.615,0,0,25,14.4369
3.62,0,0,25,14.5115
3.625,0,0,25,14.5863
3.63,0,0,25,14.6613
3.635,0,0,25,14.7364
3.64,0,0,25,14.8118
3.645,0,0,25,14.8873
3.65,0,0,25,14.9631
3.655,0,0,25,15.039
3.66,0,0,25,15.1151
3.665,0,0,25,15.1914
3.67,0,0,25,15.2678
3.675,0,0,25,15.3445
3.68,0,0,25,15.4213
3.685,0,0,25,15.4984
3.69,0,0,25,15.5756
3.695,0,0,25,15.653
3.7,0,0,25,15.7306
3.705,0,0,25,15.8083
3.71,0,0,25,15.8863
3.715,0,0,25,15.9644
3.72,0,0,25,16.0427
3.725,0,0,25,16.1212
3.73,0,0,25,16.1999
3.735,0,0,25,16.2788
3.74,0,0,25,16.3578
3.745,0,0,25,16.437
3.75,0,0,25,16.5164
3.755,0,0,25,16.596
3.76,0,0,25,16.6758
3.765,0,0,25,16.7557
3.77,0,0,25,16.8358
3.775,0,0,25,16.9161
3.78,0,0,25,16.9966
3.785,0,0,25,17.0773
3.79,0,0,25,17.1581
3.795,0,0,25,17.2391
3.8,0,0,25,17.3203
3.805,0,0,25,17.4016
3.81,0,0,25,17.4832
3.815,0,0,25,17.5649
3.82,0,0,25,17.6468
3.825,0,0,25,17.7288
3.83,0,0,25,17.8111
3.835,0,0,25,17.8935
3.84,0,0,25,17.976
3.845,0,0,25,18.0588
3.85,0,0,25,18.1417
3.855,0,0,25,18.2248
3.86,0,0,25,18.308
3.865,0,0,25,18.3914
3.87,0,0,25,18.475
3.875,0,0,25,18.5588
3.88,0,0,25,18.6427
3.885,0,0,25,18.7268
3.89,0,0,25,18.8111
3.895,0,0,25,18.8955
3.9,0,0,25,18.9801
3.905,0,0,25,19.0648
3.91,0,0,25,19.1497
3.915,0,0,25,19.2348
3.92,0,0,25,19.3201
3.925,0,0,25,19.4055
3.93,0,0,25,19.491
3.935,0,0,25,19.5768
3.94,0,0,25,19.6626
3.945,0,0,25,19.7487
3.95,0,0,25,19.8349
3.955,0,0,25,19.9212
3.96,0,0,25,20.0077
3.965,0,0,25,20.0944
3.97,0,0,25,20.1812
3.975,0,0,25,20.2682
3.98,0,0,25,20.3553
3.985,0,0,25,20.4426
3.99,0,0,25,20.53
3.995,0,0,25,20.6176
4,0,0,25,20.7053
4.005,0,0,25,20.7932
4.01,0,0,25,20.8813
4.015,0,0,25,20.9694
4.02,0,0,25,21.0577
4.025,0,0,25,21.1462
4.03,0,0,25,21.2348
4.035,0,0,25,21.3236
4.04,0,0,25,21.4125
4.045,0,0,25,21.5015
4.05,0,0,25,21.5907
4.055,0,0,25,21.68
4.06,0,0,25,21.7694
4.065,0,0,25,21.859
4.07,0,0,25,21.9487
4.075,0,0,25,22.0386
4.08,0,0,25,22.1286
4.085,0,0,25,22.2187
4.09,0,0,25,22.3089
4.095,0,0,25,22.3993
4.1,0,0,25,22.4898
4.105,0,0,25,22.5804
4.11,0,0,25,22.6712
4.115,0,0,25,22.7621
4.12,0,0,25,22.8531
4.125,0,0,25,22.9442
4.13,0,0,25,23.0355
4.135,0,0,25,23.1268
4.14,0,0,25,23.2183
4.145,0,0,25,23.3099
4.15,0,0,25,23.4017
4.155,0,0,25,23.4935
4.16,0,0,25,23.5854
4.165,0,0,25,23.6775
4.17,0,0,25,23.7696
4.175,0,0,25,23.8619
4.18,0,0,25,23.9543
4.185,0,0,25,24.0468
4.19,0,0,25,24.1393
4.195,0,0,25,24.232
4.2,0,0,25,24.3248
4.205,0,0,25,24.4177
4.21,0,0,25,24.5107
4.215,0,0,25,24.6037
4.22,0,0,25,24.6969
4.225,0,0,25,24.7901
4.23,0,0,25,24.8835
4.235,0,0,25,24.9769
4.24,0,0,25,25.0704
4.245,0,0,25,25.164
4.25,0,0,25,25.2576
4.255,0,0,25,25.3514
4.26,0,0,25,25.4452
4.265,0,0,25,25.5391
4.27,0,0,25,25.6331
4.275,0,0,25,25.7271
4.28,0,0,25,25.8212
4.285,0,0,25,25.9153
4.29,0,0,25,26.0096
4.295,0,0,25,26.1039
4.3,0,0,25,26.1982
4.305,0,0,25,26.2926
4.31,0,0,25,26.387
4.315,0,0,25,26.4815
4.32,0,0,25,26.5761
4.325,0,0,25,26.6706
4.33,0,0,25,26.7653
4.335,0,0,25,26.8599
4.34,0,0,25,26.9546
4.345,0,0,25,27.0493
4.35,0,0,25,27.1441
4.355,0,0,25,27.2389
4.36,0,0,25,27.3337
4.365,0,0,25,27.4285
4.37,0,0,25,27.5233
4.375,0,0,25,27.6182
4.38,0,0,25,27.713
4.385,0,0,25,27.8079
4.39,0,0,25,27.9028
4.395,0,0,25,27.9976
4.4,0,0,25,28.0925
4.405,0,0,25,28.1873
4.41,0,0,25,28.2822
4.415,0,0,25,28.377
4.42,0,0,25,28.4718
4.425,0,0,25,28.5665
4.43,0,0,25,28.6613
4.435,0,0,25,28.756
4.44,0,0,25,28.8506
4.445,0,0,25,28.9453
4.45,0,0,25,29.0398
4.455,0,0,25,29.1343
4.46,0,0,25,29.2288
4.465,0,0,25,29.3232
4.47,0,0,25,29.4175
4.475,0,0,25,29.5118
4.48,0,0,25,29.6059
4.485,0,0,25,29.7
4.49,0,0,25,29.794
4.495,0,0,25,29.8879
4.5,0,0,25,29.9817
4.505,0,0,25,30.0754
4.51,0,0,25,30.169
4.515,0,0,25,30.2625
4.52,0,0,25,30.3558
4.525,0,0,25,30.449
4.53,0,0,25,30.5421
4.535,0,0,25,30.635
4.54,0,0,25,30.7278
4.545,0,0,25,30.8204
4.55,0,0,25,30.9128
4.555,0,0,25,31.0051
4.56,0,0,25,31.0972
4.565,0,0,25,31.1891
4.57,0,0,25,31.2808
4.575,0,0,25,31.3723
4.58,0,0,25,31.4636
4.585,0,0,25,31.5546
4.59,0,0,25,31.6455
4.595,0,0,25,31.7361
4.6,0,0,25,31.8264
4.605,0,0,25,31.9165
4.61,0,0,25,32.0064
4.615,0,0,25,32.096
4.62,0,0,25,32.1852
4.625,0,0,25,32.2742
4.63,0,0,25,32.3629
4.635,0,0,25,32.4513
4.64,0,0,25,32.5394
4.645,0,0,25,32.6271
4.65,0,0,25,32.7145
4.655,0,0,25,32.8015
4.66,0,0,25,32.8882
4.665,0,0,25,32.9744
4.67,0,0,25,33.0603
4.675,0,0,25,33.1458
4.68,0,0,25,33.2309
4.685,0,0,25,33.3156
4.69,0,0,25,33.3998
4.695,0,0,25,33.4835
4.7,0,0,25,33.5668
4.705,0,0,25,33.6497
4.71,0,0,25,33.732
4.715,0,0,25,33.8138
4.72,0,0,25,33.8951
4.725,0,0,25,33.9759
4.73,0,0,25,34.0561
4.735,0,0,25,34.1357
4.74,0,0,25,34.2147
4.745,0,0,25,34.2932
4.75,0,0,25,34.371
4.755,0,0,25,34.4482
4.76,0,0,25,34.5247
4.765,0,0,25,34.6005
4.77,0,0,25,34.6757
4.775,0,0,25,34.7501
4.78,0,0,25,34.8238
4.785,0,0,25,34.8967
4.79,0,0,25,34.9688
4.795,0,0,25,35.0401
4.8,0,0,25,35.1106
4.805,0,0,25,35.1802
4.81,0,0,25,35.2489
4.815,0,0,25,35.3167
4.82,0,0,25,35.3836
4.825,0,0,25,35.4494
4.83,0,0,25,35.5143
4.835,0,0,25,35.5781
4.84,0,0,25,35.6408
4.845,0,0,25,35.7025
4.85,0,0,25,35.7629
4.855,0,0,25,35.8222
4.86,0,0,25,35.8803
4.865,0,0,25,35.937
4.87,0,0,25,35.9925
4.875,0,0,25,36.0466
4.88,0,0,25,36.0993
4.885,0,0,25,36.1505
4.89,0,0,25,36.2002
4.895,0,0,25,36.2484
4.9,0,0,25,36.2949
4.905,0,0,25,36.3398
4.91,0,0,25,36.3829
4.915,0,0,25,36.4242
4.92,0,0,25,36.4637
4.925,0,0,25,36.5013
4.93,0,0,25,36.5369
4.935,0,0,25,36.5705
4.94,0,0,25,36.602
4.945,0,0,25,36.6313
4.95,0,0,25,36.6584
4.955,0,0,25,36.6833
4.96,0,0,25,36.7059
4.965,0,0,25,36.726
4.97,0,0,25,36.7438
4.975,0,0,25,36.7591
4.98,0,0,25,36.7719
4.985,0,0,25,36.7822
4.99,0,0,25,36.79
4.995,0,0,25,36.7951
5,0,0,25,36.7977
